1 0 0 0 0 1 0 0 0 0 1 0
0.999989 -0.00298152 -0.00357624 0.00997287 0.00297363 0.999993 -0.00220868 -0.00570702 0.0035828 0.00219803 0.999991 0.668983
0.999965 -0.00180669 -0.00814823 0.00852967 0.00177459 0.999991 -0.00394555 -0.00592689 0.00815528 0.00393095 0.999959 1.40725
0.999929 -0.00212827 -0.0117176 -0.00883569 0.00206818 0.999985 -0.00513802 -0.0162717 0.0117284 0.00511342 0.999918 2.11503
0.999859 -0.000802209 -0.0167829 -0.0237232 0.000707726 0.999984 -0.0056349 -0.0231715 0.0167871 0.00562222 0.999843 2.87831
0.999781 -0.0020176 -0.0208306 -0.044696 0.00189346 0.99998 -0.00597727 -0.0323703 0.0208423 0.00593652 0.999765 3.63348
0.999668 -0.000350392 -0.0257481 -0.0653491 0.00016155 0.999973 -0.00733595 -0.0379852 0.02575 0.00732935 0.999642 4.43525
0.999517 0.00223912 -0.0310062 -0.0904799 -0.00248818 0.999965 -0.00799651 -0.0446334 0.0309872 0.0080698 0.999487 5.24675
0.999382 0.00275287 -0.0350551 -0.126315 -0.00298572 0.999974 -0.00659173 -0.0523211 0.035036 0.00669232 0.999364 6.04691
0.999233 0.0020479 -0.0391054 -0.168178 -0.00221189 0.999989 -0.00415081 -0.0571218 0.0390965 0.00423413 0.999226 6.88256
0.99909 0.00173032 -0.0426247 -0.204535 -0.00180678 0.999997 -0.0017552 -0.0629594 0.0426215 0.00183062 0.99909 7.72207
0.998976 0.00330188 -0.0451331 -0.253489 -0.00341743 0.999991 -0.00248331 -0.0705075 0.0451245 0.002635 0.998978 8.57473
0.998894 0.00276082 -0.0469443 -0.300762 -0.00289083 0.999992 -0.00270178 -0.0794823 0.0469365 0.0028345 0.998894 9.41724
0.998833 -0.000233927 -0.0483005 -0.345879 7.29579e-05 0.999994 -0.00333439 -0.0845775 0.048301 0.00332697 0.998827 10.277
0.99876 -0.000299789 -0.0497892 -0.397984 0.000158182 0.999996 -0.00284804 -0.0895278 0.0497898 0.00283663 0.998756 11.1397
0.998693 -0.00156199 -0.0510912 -0.44476 0.00139292 0.999993 -0.00334451 -0.09894 0.051096 0.00326898 0.998688 12.0127
0.998601 0.000421708 -0.0528771 -0.493386 -0.000718951 0.999984 -0.00560249 -0.110432 0.0528739 0.00563267 0.998585 12.884
0.998551 0.000639299 -0.0538043 -0.558802 -0.00109547 0.999964 -0.0084492 -0.116468 0.0537969 0.0084959 0.998516 13.7968
0.99845 0.00431233 -0.0554858 -0.616427 -0.00487939 0.999937 -0.0100884 -0.129202 0.0554388 0.0103435 0.998408 14.699
0.998394 0.00519002 -0.0564075 -0.675836 -0.00575246 0.999935 -0.00981322 -0.143012 0.0563529 0.010122 0.99836 15.617
0.998308 0.0038967 -0.0580139 -0.713662 -0.00437404 0.999957 -0.00810323 -0.163261 0.0579799 0.00834327 0.998283 16.5131
0.998214 0.0043795 -0.0595814 -0.766461 -0.00476482 0.999968 -0.00632647 -0.18042 0.0595518 0.00659906 0.998203 17.4495
0.998157 0.00358142 -0.0605693 -0.821636 -0.00395079 0.999974 -0.00597959 -0.197808 0.0605464 0.00620787 0.998146 18.3833
0.998086 0.0028009 -0.0617784 -0.874892 -0.00321424 0.999973 -0.00659242 -0.215154 0.0617582 0.00677837 0.998068 19.2944
0.998058 0.00136009 -0.0622698 -0.961062 -0.0018425 0.999968 -0.00769031 -0.220601 0.0622573 0.00779011 0.99803 20.2753
0.998044 0.00148894 -0.0625028 -1.02661 -0.0018827 0.999978 -0.00624146 -0.231695 0.0624922 0.00634692 0.998025 21.2196
0.998066 0.00265614 -0.062103 -1.09104 -0.00285551 0.999991 -0.00312176 -0.241198 0.0620942 0.00329306 0.998065 22.1651
0.99813 0.00338832 -0.0610268 -1.15694 -0.0033729 0.999994 0.000355823 -0.249062 0.0610276 -0.000149322 0.998136 23.1305
0.998248 0.00232702 -0.0591221 -1.218 -0.00214545 0.999992 0.00313439 -0.257099 0.059129 -0.00300206 0.998246 24.0915
0.998361 0.00267512 -0.0571592 -1.28005 -0.00245895 0.999989 0.00385187 -0.265445 0.0571689 -0.00370501 0.998358 25.0583
0.998462 0.00265618 -0.0553793 -1.3393 -0.00259884 0.999996 0.00110752 -0.274471 0.0553821 -0.0009619 0.998465 26.0292
0.998531 0.00338707 -0.0540695 -1.39828 -0.00358033 0.999987 -0.00347772 -0.28759 0.054057 0.00366619 0.998531 27.0015
0.998616 0.00216803 -0.052557 -1.44676 -0.00248948 0.999978 -0.00605149 -0.304034 0.0525428 0.00617395 0.998599 27.9593
0.998689 -0.000904218 -0.0511809 -1.49994 0.000653925 0.999987 -0.00490685 -0.318301 0.0511847 0.00486694 0.998677 28.9392
0.998671 -0.003243 -0.0514328 -1.54299 0.00325679 0.999994 0.000184283 -0.33095 0.0514319 -0.000351546 0.998676 29.9273
0.998621 -0.00767308 -0.0519253 -1.59291 0.00788091 0.999961 0.00379898 -0.342564 0.0518942 -0.00420296 0.998644 30.9306
0.998518 -0.0149739 -0.0523214 -1.64318 0.0151648 0.999879 0.00325316 -0.355049 0.0522664 -0.00404179 0.998625 31.9339
0.99841 -0.0177213 -0.0535138 -1.69185 0.0177359 0.999842 -0.000202168 -0.369374 0.053509 -0.000747271 0.998567 32.9356
0.998348 -0.0177288 -0.054657 -1.74981 0.0175434 0.999838 -0.00386952 -0.382157 0.0547168 0.00290426 0.998497 33.9463
0.998273 -0.0165117 -0.0563759 -1.81239 0.0162728 0.999856 -0.00469354 -0.393541 0.0564453 0.00376804 0.998398 34.9666
0.99821 -0.016881 -0.057379 -1.87127 0.0167085 0.999854 -0.00348435 -0.400239 0.0574295 0.00251939 0.998346 36.0187
0.998197 -0.0133703 -0.0585111 -1.93965 0.0133258 0.99991 -0.00115015 -0.40904 0.0585213 0.000368366 0.998286 37.0558
0.998148 -0.0130628 -0.0594029 -2.00878 0.0130757 0.999914 -0.000171759 -0.417123 0.0594001 -0.000605296 0.998234 38.0928
0.998118 -0.0115053 -0.0602293 -2.07649 0.0116518 0.99993 0.00208151 -0.424002 0.0602012 -0.00277937 0.998182 39.1295
0.998116 -0.0119181 -0.0601759 -2.12854 0.0122552 0.999911 0.00523665 -0.437473 0.0601082 -0.00596426 0.998174 40.1334
0.998137 -0.00642217 -0.0606752 -2.20834 0.00687928 0.999949 0.00732805 -0.438702 0.0606251 -0.00773181 0.99813 41.1921
0.998146 -0.00657917 -0.0605013 -2.2801 0.00698516 0.999954 0.00650144 -0.441209 0.0604558 -0.00691201 0.998147 42.2327
0.99816 -0.00634614 -0.0602963 -2.35414 0.00664067 0.999967 0.00468579 -0.446064 0.0602646 -0.00507758 0.998169 43.2882
0.99817 -0.0039955 -0.0603411 -2.41458 0.00414507 0.999988 0.00235399 -0.45258 0.060331 -0.0025998 0.998175 44.3054
0.998096 -0.00457913 -0.0615058 -2.47415 0.00473054 0.999986 0.00231627 -0.461321 0.0614944 -0.00260281 0.998104 45.3355
0.998015 -0.00652033 -0.06263 -2.54093 0.00674698 0.999971 0.00340811 -0.471167 0.062606 -0.00382392 0.998031 46.3646
0.997968 -0.00588268 -0.0634455 -2.60288 0.00616762 0.999971 0.0042962 -0.482924 0.0634185 -0.00467878 0.997976 47.3651
0.997975 -0.00339213 -0.0635161 -2.68145 0.00345642 0.999993 0.000902415 -0.4966 0.0635127 -0.00112013 0.99798 48.3882
0.997956 -0.00270568 -0.0638463 -2.7589 0.00250839 0.999991 -0.00317002 -0.512507 0.0638543 0.00300338 0.997954 49.3876
0.997834 -0.00254803 -0.065726 -2.80102 0.00227844 0.999988 -0.00417616 -0.529778 0.065736 0.00401736 0.997829 50.3892
0.997765 -0.00403701 -0.0666948 -2.84748 0.00400873 0.999991 -0.000557707 -0.547641 0.0666965 0.000289099 0.997773 51.3852
0.997688 -0.00640949 -0.0676519 -2.89704 0.00659991 0.999974 0.0025917 -0.561494 0.0676336 -0.0030322 0.997705 52.3869
0.997647 -0.00876192 -0.0679921 -2.96164 0.00900296 0.999954 0.00323957 -0.572311 0.0679606 -0.00384408 0.99768 53.3882
0.997622 -0.0119494 -0.0678826 -3.03481 0.0121147 0.999924 0.00202314 -0.582399 0.0678534 -0.0028407 0.997691 54.3975
0.997527 -0.0152591 -0.0686061 -3.09888 0.0153543 0.999881 0.000860264 -0.594223 0.0685849 -0.00191153 0.997643 55.394
0.997437 -0.0169817 -0.0695094 -3.16683 0.0171664 0.99985 0.00206095 -0.606067 0.0694641 -0.00324889 0.997579 56.3734
0.997293 -0.0203331 -0.0706626 -3.21962 0.0208087 0.999765 0.00600093 -0.615407 0.070524 -0.00745509 0.997482 57.3277
0.997208 -0.0215679 -0.0714899 -3.28473 0.0224157 0.999687 0.0110779 -0.620612 0.0712286 -0.0126495 0.997379 58.3191
0.99728 -0.0196834 -0.0710294 -3.37656 0.0206606 0.999701 0.0130483 -0.622181 0.0707514 -0.0144803 0.997388 59.2993
0.997023 -0.0194169 -0.0746163 -3.40555 0.0201939 0.999749 0.00967197 -0.637363 0.0744098 -0.01115 0.997165 60.2285
0.997029 -0.0178518 -0.0749198 -3.50303 0.0180378 0.999835 0.0018065 -0.638927 0.0748752 -0.00315252 0.997187 61.1972
0.997017 -0.0162051 -0.0754637 -3.58611 0.0160139 0.999866 -0.00313797 -0.646623 0.0755045 0.00192014 0.997143 62.1477
0.997007 -0.0116014 -0.0764362 -3.66724 0.0114557 0.999931 -0.00234343 -0.658059 0.0764582 0.00146078 0.997071 63.0876
0.99696 -0.00937781 -0.0773454 -3.75113 0.00937617 0.999955 -0.000384277 -0.667967 0.0773456 -0.000342097 0.997004 64.0253
0.99699 -0.00643034 -0.0772616 -3.83998 0.00654515 0.999977 0.00123284 -0.687937 0.077252 -0.00173482 0.99701 64.9168
0.996951 -0.00604928 -0.0777891 -3.93053 0.00615519 0.99998 0.00112181 -0.698461 0.0777808 -0.0015972 0.996969 65.8256
0.996827 -0.00466158 -0.0794606 -3.99884 0.00483875 0.999986 0.00203717 -0.712068 0.07945 -0.0024152 0.996835 66.6935
0.996733 -0.00386685 -0.0806753 -4.07821 0.00408215 0.999988 0.00250388 -0.724476 0.0806647 -0.00282503 0.996737 67.5658
0.996608 -0.00408911 -0.0821908 -4.14858 0.00434983 0.999986 0.00299339 -0.737494 0.0821774 -0.00334075 0.996612 68.4118
0.996492 -0.0043372 -0.0835752 -4.21895 0.00470624 0.999979 0.00421923 -0.749692 0.0835552 -0.00459776 0.996492 69.2498
0.996425 -0.00157366 -0.0844588 -4.30945 0.00214979 0.999974 0.00673088 -0.755114 0.0844461 -0.00688839 0.996404 70.0926
0.996368 -5.12667e-05 -0.0851511 -4.39792 0.000962245 0.999942 0.0106574 -0.760005 0.0851457 -0.0107006 0.99631 70.9176
0.996224 0.00281596 -0.0867741 -4.47675 -0.00175101 0.999922 0.0123464 -0.764853 0.0868021 -0.0121479 0.996151 71.7193
0.996112 0.00554934 -0.0879138 -4.54932 -0.00481848 0.999951 0.00852334 -0.778573 0.0879568 -0.00806659 0.996091 72.4797
0.996011 0.00539404 -0.0890625 -4.62879 -0.00528077 0.999984 0.0015074 -0.790428 0.0890693 -0.00103107 0.996024 73.2419
0.995884 0.00464807 -0.0905172 -4.68732 -0.00502437 0.999979 -0.00392972 -0.807695 0.0904971 0.00436834 0.995887 73.9521
0.99584 0.00560204 -0.0909454 -4.75945 -0.00609599 0.999968 -0.00515442 -0.815503 0.0909137 0.00568738 0.995842 74.6762
0.995724 0.00835683 -0.0919921 -4.81884 -0.00852831 0.999962 -0.0014712 -0.83164 0.0919764 0.00224945 0.995758 75.3606
0.995581 0.00842677 -0.0935239 -4.88397 -0.00839018 0.999964 0.000784407 -0.846638 0.0935272 3.74089e-06 0.995616 76.0491
0.995513 0.00513968 -0.094475 -4.94496 -0.00538651 0.999982 -0.00235788 -0.86222 0.0944612 0.0028562 0.995524 76.6992
0.995558 -0.00288463 -0.0940969 -5.0052 0.00220449 0.99997 -0.00733123 -0.880807 0.0941153 0.00709123 0.995535 77.3501
0.995641 -0.00682675 -0.0930117 -5.06465 0.00576887 0.999915 -0.0116378 -0.902157 0.0930833 0.0110505 0.995596 78.001
0.995891 -0.00443797 -0.0904413 -5.1107 0.00340733 0.999927 -0.0115468 -0.92084 0.090486 0.0111912 0.995834 78.6175
0.996197 0.000468422 -0.0871199 -5.15574 -0.00119864 0.999964 -0.00832969 -0.936657 0.0871129 0.00840245 0.996162 79.2378
0.996571 -0.00115899 -0.0827243 -5.19729 0.00073552 0.999986 -0.00514936 -0.949463 0.0827292 0.00507086 0.996559 79.8291
0.997002 -0.00495098 -0.0772048 -5.22883 0.00489178 0.999987 -0.000955972 -0.960271 0.0772086 0.000575439 0.997014 80.41
0.997565 -0.00927955 -0.0691207 -5.25402 0.00947073 0.999952 0.00243875 -0.972349 0.0690947 -0.00308744 0.997605 80.964
0.998243 -0.00561191 -0.0589814 -5.27361 0.00577612 0.999979 0.00261402 -0.984114 0.0589655 -0.00295011 0.998255 81.5188
0.999003 -0.000625538 -0.0446277 -5.28246 0.000742669 0.999996 0.00260808 -0.996333 0.0446259 -0.00263862 0.999 82.0422
0.999623 0.00447544 -0.0270744 -5.28123 -0.0043766 0.999983 0.00370901 -1.00714 0.0270906 -0.00358912 0.999626 82.5523
0.999981 0.0027373 -0.00549043 -5.25807 -0.00271171 0.999985 0.00466215 -1.01531 0.00550311 -0.00464717 0.999973 83.0661
0.999791 -0.000902337 0.0203732 -5.21793 0.000780192 0.999981 0.00600254 -1.02207 -0.0203783 -0.0059854 0.999774 83.5689
0.998768 -0.00209108 0.0495734 -5.16517 0.00169528 0.999966 0.00802501 -1.03139 -0.0495885 -0.00793108 0.998738 84.0306
0.996598 -0.00240615 0.082374 -5.09729 0.00158667 0.999948 0.0100123 -1.03989 -0.0823939 -0.00984753 0.996551 84.4915
0.992823 -0.00240413 0.119567 -5.00656 0.00110553 0.999939 0.010926 -1.04291 -0.119586 -0.0107154 0.992765 84.9693
0.986946 -0.0024115 0.161028 -4.89646 0.000590433 0.999935 0.0113559 -1.04581 -0.161045 -0.0111126 0.986884 85.4242
0.978541 -0.00254552 0.206033 -4.76545 0.000132238 0.999931 0.011726 -1.04856 -0.206049 -0.0114472 0.978474 85.8735
0.966911 -0.000492928 0.25511 -4.61712 -0.00218425 0.999945 0.0102108 -1.05415 -0.255101 -0.0104302 0.966857 86.3072
0.95122 0.000443277 0.30851 -4.44458 -0.00307875 0.999962 0.00805584 -1.06076 -0.308495 -0.00861271 0.951186 86.7318
0.93119 0.000274503 0.364532 -4.25412 -0.00287486 0.999974 0.00659078 -1.06685 -0.36452 -0.00718525 0.931167 87.1244
0.906869 0.000381687 0.421412 -4.03481 -0.00307814 0.999978 0.00571838 -1.07452 -0.421401 -0.00648298 0.90685 87.4935
0.877909 5.64374e-05 0.478827 -3.8023 -0.00259991 0.999985 0.00464896 -1.08148 -0.47882 -0.00532628 0.877896 87.8282
0.844513 -0.00160075 0.535531 -3.54862 -0.00019036 0.999994 0.00328926 -1.08827 -0.535533 -0.00287977 0.844508 88.1401
0.80757 -0.00193706 0.589768 -3.26875 0.000394582 0.999996 0.00274413 -1.09386 -0.589771 -0.00198336 0.807567 88.4487
0.767472 -0.00326661 0.641073 -2.98801 0.000595489 0.99999 0.00438259 -1.10121 -0.641081 -0.00298176 0.767466 88.7224
0.724612 -0.00390507 0.689146 -2.68384 -0.00152039 0.999972 0.00726502 -1.1072 -0.689155 -0.00631209 0.724585 88.9857
0.679101 -0.00498384 0.734027 -2.3625 -0.00169284 0.999963 0.00835565 -1.11194 -0.734042 -0.00691692 0.679068 89.232
0.632603 -0.00639036 0.774449 -2.02991 0.000909282 0.999971 0.00750851 -1.11429 -0.774475 -0.00404572 0.632591 89.443
0.585817 -0.00893977 0.810394 -1.6986 0.00579732 0.999959 0.00684019 -1.11753 -0.810422 0.00069101 0.585845 89.6169
0.540693 -0.00677834 0.841192 -1.33941 0.00338899 0.999977 0.00587948 -1.11882 -0.841212 -0.000328204 0.540704 89.7796
0.494939 -0.00376945 0.868919 -0.978471 -0.000669406 0.999988 0.00471933 -1.11707 -0.868927 -0.00291744 0.49493 89.9297
0.449955 -0.00151573 0.893049 -0.6277 -0.00143456 0.999996 0.00242004 -1.11596 -0.893049 -0.00237004 0.449951 90.0608
0.40757 -0.00409301 0.913164 -0.259401 0.00567065 0.999982 0.00195118 -1.11614 -0.913156 0.00438299 0.407585 90.179
0.368785 -0.0118066 0.929439 0.113278 0.0206332 0.999777 0.00451326 -1.11613 -0.929285 0.0175128 0.368946 90.2548
0.334865 -0.0156268 0.942136 0.498324 0.0248117 0.999662 0.00776208 -1.11421 -0.941938 0.0207767 0.33514 90.3363
0.302521 -0.0115233 0.953072 0.866214 0.0225456 0.999733 0.00493108 -1.11264 -0.952875 0.0199958 0.3027 90.4191
0.272438 -0.00348473 0.962166 1.25335 0.0117316 0.999931 0.000299711 -1.11404 -0.962101 0.0112061 0.27246 90.5176
0.244232 0.0011467 0.969716 1.64204 0.00754558 0.999967 -0.00308289 -1.11827 -0.969687 0.00807001 0.244215 90.6044
0.218418 0.00281073 0.975851 2.05412 0.00836395 0.999953 -0.0047522 -1.12974 -0.975818 0.00919993 0.218384 90.6824
0.195196 0.00434129 0.980754 2.45646 0.0155283 0.999851 -0.00751635 -1.13325 -0.98064 0.0166966 0.195099 90.7284
0.175511 0.0104036 0.984422 2.87559 0.0223544 0.999644 -0.01455 -1.13088 -0.984223 0.0245598 0.175216 90.7683
0.156624 0.0169228 0.987513 3.31228 0.0242407 0.999486 -0.0209727 -1.12929 -0.98736 0.0272229 0.156133 90.815
0.139556 0.0179355 0.990051 3.76393 0.0218345 0.999537 -0.0211851 -1.13406 -0.989973 0.0245738 0.139099 90.8677
0.124147 0.0137104 0.992169 4.2278 0.0201659 0.999663 -0.0163373 -1.14799 -0.992058 0.0220362 0.123828 90.9189
0.109537 0.0103578 0.993928 4.70592 0.0205936 0.999707 -0.0126876 -1.16219 -0.993769 0.0218583 0.109292 90.9662
0.0961979 0.00776325 0.995331 5.20677 0.0232747 0.999678 -0.0100466 -1.174 -0.995089 0.0241325 0.0959861 91.0075
0.0842072 0.00685781 0.996424 5.70839 0.026781 0.999599 -0.0091429 -1.18472 -0.996087 0.0274551 0.0839897 91.0413
0.0740253 0.00744382 0.997228 6.23109 0.0297721 0.99951 -0.00967087 -1.194 -0.996811 0.0304055 0.0737672 91.0681
0.0660791 0.00794444 0.997782 6.77354 0.0319893 0.999437 -0.0100761 -1.20228 -0.997301 0.0325842 0.0657876 91.0976
0.0606096 0.0082851 0.998127 7.3393 0.0336911 0.999379 -0.0103413 -1.20976 -0.997592 0.0342547 0.0602926 91.1274
0.055346 0.00940752 0.998422 7.91505 0.0351025 0.999319 -0.0113618 -1.21671 -0.997849 0.035676 0.0549779 91.1494
0.0496853 0.0101016 0.998713 8.49867 0.0356811 0.999292 -0.0118826 -1.22569 -0.998126 0.0362256 0.0492895 91.1665
0.0452351 0.0101829 0.998924 9.11563 0.0376711 0.999219 -0.0118918 -1.23651 -0.998265 0.0381684 0.044816 91.1907
0.0421496 0.0103407 0.999057 9.75319 0.0387894 0.999175 -0.0119784 -1.24556 -0.998357 0.0392577 0.0417135 91.2161
0.0388496 0.0101671 0.999193 10.403 0.0392387 0.999161 -0.0116924 -1.25474 -0.998473 0.0396612 0.038418 91.2421
0.0356759 0.00944359 0.999318 11.0862 0.0417721 0.999067 -0.0109325 -1.2664 -0.998489 0.0421336 0.035248 91.2835
0.0346915 0.00910819 0.999356 11.7767 0.0463862 0.998866 -0.010714 -1.27645 -0.99832 0.046728 0.0342295 91.3054
0.0357833 0.00851739 0.999323 12.4699 0.0503202 0.99868 -0.0103138 -1.28934 -0.998091 0.0506552 0.0353073 91.3222
0.0381781 0.00849069 0.999234 13.1924 0.0521327 0.998585 -0.010477 -1.29936 -0.997909 0.0524928 0.0376813 91.3479
0.0419259 0.00864822 0.999083 13.9403 0.054592 0.998449 -0.0109336 -1.30585 -0.997627 0.0550003 0.0413886 91.3812
0.0460042 0.00820639 0.998907 14.6938 0.0552474 0.998415 -0.0107467 -1.31671 -0.997411 0.0556814 0.0454777 91.418
0.0499072 0.00669368 0.998731 15.482 0.0567877 0.99834 -0.00952878 -1.32556 -0.997137 0.0571911 0.0494442 91.4612
0.0541441 0.00510683 0.99852 16.2908 0.0569917 0.998341 -0.00819626 -1.3373 -0.996904 0.0573511 0.0537631 91.5041
0.058295 0.00310923 0.998294 17.1202 0.0538442 0.998529 -0.00625417 -1.34771 -0.996845 0.0541169 0.0580417 91.5621
0.0620229 0.0019127 0.998072 17.9414 0.0531617 0.998572 -0.00521726 -1.3605 -0.996657 0.0533828 0.0618325 91.627
0.0659585 0.00282995 0.997818 18.7755 0.0506372 0.998698 -0.0061797 -1.37503 -0.996536 0.0509343 0.0657292 91.6948
0.0693462 0.00677795 0.997569 19.5773 0.0486338 0.998765 -0.0101669 -1.39295 -0.996405 0.0492206 0.0689307 91.7437
0.0710403 0.0118251 0.997403 20.4313 0.0431245 0.998958 -0.0149151 -1.41324 -0.99654 0.0440721 0.0704562 91.8152
0.0708172 0.0148404 0.997378 21.2814 0.0400406 0.999041 -0.0177082 -1.4354 -0.996684 0.0411896 0.0701549 91.8857
0.0710076 0.0143719 0.997372 22.1339 0.0380413 0.999129 -0.0171056 -1.45675 -0.996749 0.0391559 0.0703989 91.9554
0.071 0.01284 0.997393 22.9949 0.0351093 0.999265 -0.0153633 -1.47752 -0.996857 0.0361086 0.0704968 92.0278
0.0711507 0.0116341 0.997397 23.8307 0.0361836 0.999243 -0.0142368 -1.50107 -0.996808 0.0371024 0.0706758 92.082
0.0722271 0.0109274 0.997328 24.661 0.0339112 0.999335 -0.0134053 -1.52491 -0.99681 0.0347888 0.0718083 92.1343
0.0731793 0.0111698 0.997256 25.505 0.0324497 0.999381 -0.0135748 -1.54899 -0.99679 0.033354 0.0727714 92.1892
0.0742659 0.0116438 0.99717 26.3476 0.0297135 0.999462 -0.0138836 -1.57328 -0.996794 0.0306605 0.0738798 92.2452
0.0740072 0.01278 0.997175 27.1866 0.0270465 0.999524 -0.0148174 -1.59845 -0.99689 0.0280667 0.0736262 92.301
0.0727478 0.012146 0.997276 28.0167 0.0242556 0.999608 -0.0139438 -1.62332 -0.997054 0.0252038 0.0724246 92.3436
0.0696794 0.010838 0.99751 28.8549 0.0219544 0.999682 -0.0123952 -1.64372 -0.997326 0.0227634 0.0694191 92.3981
0.065684 0.00853266 0.997803 29.6817 0.0200997 0.999749 -0.00987243 -1.66456 -0.997637 0.020704 0.0654959 92.4432
0.0602722 0.00647367 0.99816 30.5099 0.0183944 0.999802 -0.00759502 -1.68324 -0.998011 0.0188184 0.060141 92.4842
0.0525931 0.00691235 0.998591 31.3389 0.0181881 0.999803 -0.00787865 -1.69881 -0.998449 0.0185768 0.0524569 92.5348
0.0443565 0.00777868 0.998985 32.1444 0.0185222 0.999791 -0.00860737 -1.71878 -0.998843 0.0188852 0.044203 92.5595
0.035376 0.00807994 0.999341 32.9504 0.0190613 0.99978 -0.00875824 -1.73738 -0.999191 0.0193585 0.0352141 92.5682
0.0261534 0.00710596 0.999632 33.765 0.0205765 0.999759 -0.0076452 -1.75375 -0.999445 0.0207688 0.0260008 92.5715
0.0156913 0.00627729 0.999856 34.5737 0.0193535 0.999791 -0.00658059 -1.772 -0.999688 0.019454 0.0155664 92.5786
0.00565663 0.00558351 0.999968 35.3741 0.0208957 0.999765 -0.00570058 -1.78715 -0.999764 0.0209273 0.0055385 92.5632
-0.00581714 0.00571695 0.999966 36.1819 0.0196169 0.999792 -0.00560182 -1.81284 -0.999789 0.0195837 -0.0059282 92.5697
-0.0173567 0.00622949 0.999829 36.9758 0.0196194 0.99979 -0.00588866 -1.83233 -0.999655 0.0195138 -0.0174754 92.5619
-0.0280945 0.00709261 0.999579 37.7585 0.0190097 0.999798 -0.00655986 -1.85329 -0.999423 0.0188174 -0.0282238 92.5423
-0.0385672 0.00827664 0.999221 38.5413 0.0199756 0.999772 -0.0075102 -1.86595 -0.999055 0.0196704 -0.0387238 92.5102
-0.0479125 0.00905582 0.99881 39.3123 0.0211458 0.999744 -0.00804993 -1.88234 -0.998626 0.0207349 -0.0480918 92.4653
-0.0568341 0.00960956 0.998337 40.0745 0.0219347 0.999724 -0.00837419 -1.89976 -0.998141 0.0214223 -0.0570293 92.4037
-0.0653769 0.0098675 0.997811 40.8244 0.0225515 0.99971 -0.00840869 -1.91929 -0.997604 0.0219524 -0.0655805 92.3332
-0.0739176 0.00939565 0.997219 41.5828 0.0237972 0.999687 -0.00765496 -1.93527 -0.996979 0.0231652 -0.0741182 92.2748
-0.080856 0.00821219 0.996691 42.2975 0.0259015 0.999646 -0.00613528 -1.95361 -0.996388 0.0253197 -0.0810401 92.1897
-0.0860943 0.00650812 0.996265 43.0344 0.0290563 0.99957 -0.00401873 -1.96827 -0.995862 0.0286018 -0.0862464 92.1176
-0.0898985 0.0048427 0.995939 43.7481 0.031887 0.999489 -0.00198167 -1.98275 -0.995439 0.0315793 -0.0900071 92.0405
-0.0933384 0.00386381 0.995626 44.4886 0.0340983 0.999418 -0.000681856 -1.99359 -0.995049 0.0338855 -0.0934159 91.9893
-0.0968595 0.00328475 0.995292 45.2242 0.0342528 0.999413 3.50559e-05 -2.00327 -0.994707 0.0340949 -0.0969152 91.9631
-0.0984783 0.0038504 0.995131 45.9203 0.0354476 0.999371 -0.000358901 -2.01391 -0.994506 0.0352396 -0.0985529 91.9129
-0.0983268 0.00499222 0.995141 46.6162 0.036298 0.99934 -0.00142679 -2.02525 -0.994491 0.0359813 -0.0984432 91.8624
-0.0952564 0.00681644 0.995429 47.3031 0.0373108 0.999298 -0.00327252 -2.03512 -0.994752 0.0368285 -0.0954439 91.7969
-0.0906929 0.00731947 0.995851 47.9344 0.0375946 0.999285 -0.00392094 -2.04941 -0.995168 0.037083 -0.0909033 91.7553
-0.0835481 0.00787712 0.996472 48.5378 0.0369804 0.999304 -0.00479892 -2.06727 -0.995816 0.036449 -0.0837814 91.7287
-0.0719014 0.00804776 0.997379 49.147 0.0360196 0.999336 -0.00546688 -2.07875 -0.99676 0.035532 -0.0721436 91.6847
-0.0583891 0.00816501 0.99826 49.7276 0.0354564 0.999352 -0.00610006 -2.09584 -0.997663 0.0350385 -0.0586408 91.6659
-0.0411823 0.00949583 0.999106 50.3011 0.0344012 0.999375 -0.0080804 -2.11256 -0.998558 0.0340376 -0.0414833 91.6565
-0.0194532 0.0120518 0.999738 50.8553 0.0330158 0.99939 -0.0114052 -2.12774 -0.999264 0.0327852 -0.0198393 91.6526
0.00514878 0.0147314 0.999878 51.3951 0.0310399 0.999407 -0.0148843 -2.14982 -0.999504 0.0311127 0.00468835 91.6728
0.0330513 0.0163247 0.99932 51.9233 0.0295959 0.999412 -0.017305 -2.16891 -0.999014 0.0301477 0.0325486 91.7166
0.0662642 0.0159198 0.997675 52.4507 0.0278304 0.999454 -0.0177967 -2.18262 -0.997413 0.0289449 0.0657848 91.7724
0.104352 0.01364 0.994446 52.9651 0.0272439 0.999491 -0.016568 -2.19568 -0.994166 0.0288215 0.103927 91.8461
0.146973 0.0099894 0.989089 53.4973 0.0252986 0.999584 -0.0138546 -2.21086 -0.988816 0.0270588 0.146659 91.9417
0.192623 0.00567502 0.981256 53.9987 0.0229694 0.999683 -0.0102905 -2.22848 -0.981003 0.0245211 0.192432 92.0596
0.241495 0.00239488 0.970398 54.4961 0.0187361 0.999799 -0.00713013 -2.24442 -0.97022 0.0199034 0.241402 92.2047
0.293229 0.000779402 0.956041 54.9923 0.015505 0.999864 -0.0055707 -2.25938 -0.955915 0.0164569 0.293177 92.3811
0.347851 0.00030113 0.937549 55.4627 0.014628 0.999876 -0.00574844 -2.27356 -0.937435 0.0157141 0.347803 92.5842
0.405617 0.000597125 0.914042 55.9076 0.0172641 0.999816 -0.00831431 -2.28784 -0.913879 0.0191525 0.405532 92.8113
0.464961 0.00388469 0.885322 56.3272 0.0182607 0.999735 -0.013977 -2.3029 -0.885142 0.0226654 0.464766 93.0675
0.523141 0.00708558 0.852216 56.7109 0.0198346 0.999593 -0.0204866 -2.31834 -0.852014 0.0276207 0.522787 93.3582
0.580168 0.0112025 0.814419 57.0656 0.0161207 0.999551 -0.025233 -2.33135 -0.814336 0.0277684 0.579726 93.6769
0.634954 0.0143173 0.772417 57.4185 0.0125846 0.999504 -0.0288716 -2.34088 -0.772446 0.0280526 0.634458 94.0294
0.686189 0.0154827 0.727258 57.7258 0.0111859 0.99943 -0.0318312 -2.35237 -0.727336 0.0299773 0.685625 94.3945
0.734987 0.0127033 0.677961 58.0315 0.0116055 0.999442 -0.0313088 -2.37722 -0.67798 0.0308796 0.73443 94.7649
0.779338 0.00923749 0.626535 58.3118 0.00970626 0.999593 -0.0268112 -2.39476 -0.626527 0.0269763 0.778931 95.1766
0.819852 0.00400803 0.572561 58.5402 0.00958856 0.999739 -0.0207282 -2.41265 -0.572494 0.0224841 0.819599 95.5815
0.855878 0.00142661 0.517175 58.7645 0.00752361 0.999856 -0.0152089 -2.42587 -0.517122 0.016908 0.855743 96.0204
0.885602 -0.00158846 0.464442 58.9228 0.00656454 0.999937 -0.00909737 -2.43794 -0.464398 0.0111055 0.885556 96.4532
0.910286 -0.000857871 0.413977 59.0779 0.00304268 0.999984 -0.00461826 -2.44636 -0.413966 0.00546352 0.910275 96.9174
0.929659 0.00170636 0.368416 59.208 -0.000863018 0.999996 -0.00245384 -2.45327 -0.368419 0.00196327 0.929657 97.3839
0.944391 0.00815607 0.328722 59.3222 -0.00831529 0.999965 -0.000921435 -2.45617 -0.328718 -0.00186324 0.944425 97.8674
0.955607 0.0127301 0.294366 59.4161 -0.0125671 0.999918 -0.00244541 -2.46162 -0.294372 -0.00136247 0.955689 98.336
0.964721 0.0143826 0.262877 59.5316 -0.0141415 0.999896 -0.00280895 -2.46175 -0.26289 -0.00100765 0.964824 98.8464
0.970534 0.00877872 0.240801 59.6435 -0.0082165 0.99996 -0.00333874 -2.46496 -0.24082 0.00126181 0.970568 99.3335
0.974309 0.00588804 0.225136 59.7504 -0.00534132 0.999981 -0.00303739 -2.47555 -0.225149 0.00175682 0.974321 99.812
0.977093 0.00976669 0.212587 59.8417 -0.00923373 0.999951 -0.0034997 -2.48014 -0.21261 0.00145655 0.977135 100.339
0.97924 0.01505 0.202142 59.9407 -0.0146889 0.999886 -0.0032864 -2.48152 -0.202168 0.000248927 0.97935 100.862
0.980232 0.0227911 0.196533 60.0229 -0.0223533 0.99974 -0.00444574 -2.48765 -0.196583 -3.53283e-05 0.980486 101.386
0.980631 0.0271063 0.193976 60.1108 -0.0258999 0.999626 -0.00875306 -2.48283 -0.194141 0.00355954 0.980966 101.914
0.980733 0.0280222 0.193329 60.212 -0.0262715 0.999587 -0.0116139 -2.49239 -0.193575 0.0063111 0.981064 102.457
0.980568 0.0260204 0.194443 60.345 -0.0235049 0.999607 -0.0152334 -2.50676 -0.194763 0.010367 0.980794 102.995
0.979988 0.0243869 0.197552 60.478 -0.0205234 0.999556 -0.0215812 -2.5185 -0.19799 0.0170949 0.980054 103.557
0.979357 0.0244892 0.200647 60.6144 -0.0196116 0.999462 -0.0262613 -2.52887 -0.201183 0.0217841 0.97931 104.129
0.97849 0.02924 0.204209 60.7352 -0.0244689 0.999365 -0.0258502 -2.5438 -0.204836 0.0202973 0.978585 104.698
0.977232 0.0322304 0.209709 60.8574 -0.0282803 0.999361 -0.0218085 -2.56007 -0.210278 0.0153813 0.97752 105.312
0.97668 0.0291694 0.212704 61.0259 -0.0259013 0.999499 -0.0181355 -2.56647 -0.213127 0.0122032 0.976947 105.932
0.976371 0.0245834 0.214692 61.1994 -0.0221873 0.999661 -0.0135637 -2.57197 -0.214953 0.00847974 0.976586 106.567
0.975405 0.0223644 0.21928 61.3263 -0.0208871 0.99974 -0.00905333 -2.58505 -0.219426 0.00425051 0.975619 107.207
0.974657 0.017917 0.222982 61.4569 -0.0164985 0.999829 -0.00822285 -2.59907 -0.223092 0.00433558 0.974787 107.838
0.974709 0.0139775 0.223036 61.6197 -0.0117394 0.999866 -0.0113575 -2.61505 -0.223165 0.00845191 0.974743 108.501
0.974795 0.0132289 0.222706 61.7638 -0.00951335 0.999796 -0.0177482 -2.63751 -0.222896 0.0151821 0.974723 109.153
0.974859 0.015306 0.222292 61.9033 -0.0101365 0.999651 -0.0243778 -2.65318 -0.222587 0.0215116 0.974674 109.827
0.975422 0.0188047 0.219536 62.0641 -0.0129269 0.999518 -0.0281795 -2.66461 -0.21996 0.024649 0.975196 110.538
0.975857 0.0182372 0.217642 62.2004 -0.0133298 0.999622 -0.0239951 -2.68091 -0.217998 0.0205147 0.975732 111.234
0.976269 0.0143586 0.216083 62.366 -0.0109728 0.999797 -0.0168605 -2.69355 -0.216281 0.0140893 0.976228 111.969
0.977002 0.0152386 0.212682 62.5298 -0.0131618 0.99985 -0.0111771 -2.71302 -0.212821 0.00812075 0.977056 112.699
0.977364 0.0189247 0.210714 62.6817 -0.0168443 0.999789 -0.0116639 -2.7323 -0.21089 0.00785052 0.977477 113.442
0.977627 0.0252922 0.208814 62.8242 -0.0224644 0.99962 -0.0159031 -2.7502 -0.209137 0.0108564 0.977825 114.192
0.978394 0.0270355 0.204969 62.9823 -0.0232039 0.999508 -0.0210745 -2.75982 -0.205438 0.0158631 0.97854 114.973
0.9793 0.0260626 0.200726 63.1403 -0.021661 0.999474 -0.0240938 -2.77787 -0.201249 0.0192471 0.97935 115.745
0.980144 0.0244485 0.196769 63.3006 -0.0203559 0.999532 -0.0227949 -2.79698 -0.197234 0.0183369 0.980184 116.54
0.981025 0.0207033 0.192771 63.469 -0.0169522 0.999633 -0.0210884 -2.81843 -0.193137 0.0174203 0.981016 117.349
0.981534 0.0194516 0.190293 63.6412 -0.016196 0.999694 -0.0186486 -2.83481 -0.190597 0.0152223 0.981549 118.177
0.981969 0.0161025 0.188351 63.8086 -0.0132046 0.999773 -0.0166306 -2.85353 -0.188576 0.0138437 0.98196 118.989
0.982184 0.0112084 0.187584 63.9746 -0.00844708 0.999843 -0.0155135 -2.8732 -0.187728 0.0136526 0.982125 119.805
0.982413 0.011863 0.186339 64.141 -0.00941115 0.999856 -0.0140374 -2.89428 -0.186479 0.0120368 0.982384 120.616
0.982278 0.0177765 0.186584 64.2916 -0.0150667 0.999759 -0.0159316 -2.91533 -0.186822 0.0128381 0.982309 121.473
0.981911 0.0236064 0.187862 64.4241 -0.0203173 0.999604 -0.0194147 -2.93274 -0.188246 0.0152466 0.982002 122.357
0.981436 0.0327868 0.188963 64.5692 -0.0293069 0.999345 -0.0211809 -2.95205 -0.189534 0.0152498 0.981755 123.207
0.980715 0.0388415 0.191542 64.7277 -0.0355311 0.999153 -0.0206887 -2.97536 -0.192183 0.013484 0.981265 124.057
0.979728 0.0417206 0.195934 64.8587 -0.0387216 0.999066 -0.0191136 -2.99636 -0.196549 0.0111393 0.98043 124.963
0.97982 0.0421057 0.195393 65.0773 -0.0389393 0.99904 -0.0200197 -3.02852 -0.196048 0.0120073 0.98052 125.756
0.979557 0.040452 0.197056 65.2514 -0.0366002 0.999061 -0.0231506 -3.04578 -0.197807 0.015465 0.980118 126.652
0.980082 0.0338503 0.195683 65.4778 -0.0302412 0.999312 -0.0214028 -3.08337 -0.196274 0.0150588 0.980432 127.461
0.980284 0.0270025 0.195736 65.663 -0.0229617 0.999473 -0.0228846 -3.11473 -0.196251 0.017939 0.980389 128.332
0.979961 0.0266232 0.197401 65.8343 -0.0224795 0.999477 -0.0232026 -3.13881 -0.197915 0.0183002 0.980047 129.236
0.979683 0.0290563 0.198432 66.0122 -0.0255366 0.999467 -0.0202743 -3.16884 -0.198916 0.0147951 0.979904 130.092
0.979499 0.0309669 0.19905 66.1857 -0.0286192 0.999482 -0.0146615 -3.19495 -0.199401 0.00866422 0.979878 130.943
0.979227 0.0347107 0.199772 66.352 -0.0332595 0.999389 -0.0106171 -3.22208 -0.200018 0.00375222 0.979784 131.787
0.979128 0.0334961 0.20046 66.5336 -0.0306878 0.999382 -0.0171011 -3.24861 -0.200909 0.0105924 0.979551 132.659
0.979334 0.0287085 0.200201 66.7101 -0.0228882 0.999246 -0.0313271 -3.28041 -0.20095 0.0260974 0.979253 133.495
0.979634 0.0257413 0.199133 66.8975 -0.0180368 0.999019 -0.0404081 -3.31034 -0.199978 0.0359934 0.979138 134.345
0.979988 0.0226164 0.197765 67.074 -0.0166602 0.999356 -0.0317301 -3.33836 -0.198355 0.0278003 0.979735 135.177
0.980391 0.0169474 0.196331 67.2543 -0.0150772 0.999824 -0.0110162 -3.37169 -0.196484 0.00784004 0.980475 136.058
0.980699 0.0139639 0.19502 67.4282 -0.0150374 0.999878 0.00402508 -3.4039 -0.19494 -0.00688004 0.98079 136.917
0.980688 0.0182068 0.194728 67.5773 -0.0181691 0.999832 -0.00198008 -3.41903 -0.194732 -0.00159624 0.980854 137.766
0.980739 0.0263059 0.193542 67.7206 -0.0232407 0.999565 -0.0180914 -3.43257 -0.193934 0.0132449 0.980924 138.607
0.980739 0.0259476 0.193587 67.8599 -0.021207 0.999422 -0.0265208 -3.44361 -0.194163 0.0219046 0.980724 139.444
0.981244 0.0218117 0.191526 68.0225 -0.0168659 0.99948 -0.0274158 -3.47541 -0.192025 0.0236713 0.981104 140.268
0.98176 0.0214037 0.188914 68.1778 -0.0167811 0.999519 -0.0260354 -3.51103 -0.189381 0.0223903 0.981647 141.116
0.982356 0.0210679 0.185824 68.3214 -0.0162433 0.99949 -0.0274477 -3.53657 -0.186308 0.023945 0.982199 141.961
0.983508 0.0208817 0.179652 68.4815 -0.0158901 0.999447 -0.0291791 -3.56767 -0.180162 0.0258431 0.983296 142.755
0.984071 0.0255223 0.175928 68.6259 -0.0206021 0.999344 -0.0297371 -3.59736 -0.176571 0.025639 0.983953 143.567
0.984301 0.0313859 0.173683 68.7582 -0.0265298 0.99919 -0.0302115 -3.62699 -0.174491 0.0251294 0.984337 144.398
0.98467 0.0323356 0.171401 68.895 -0.0278443 0.999203 -0.0285437 -3.65894 -0.172187 0.0233336 0.984787 145.199
0.985036 0.029833 0.169741 69.0375 -0.0261143 0.999367 -0.0240994 -3.68928 -0.170352 0.0193061 0.985193 146.023
0.985434 0.0282596 0.167692 69.1808 -0.0245398 0.999404 -0.024214 -3.72041 -0.168276 0.0197461 0.985541 146.85
0.985944 0.0263913 0.164976 69.3178 -0.0221996 0.999382 -0.0272012 -3.7531 -0.165592 0.0231564 0.985921 147.67
0.986941 0.0213051 0.159663 69.4557 -0.0165583 0.999381 -0.0310017 -3.78612 -0.160225 0.0279531 0.986684 148.474
0.988109 0.0181417 0.152674 69.5838 -0.0133305 0.999382 -0.0324777 -3.81217 -0.153169 0.0300562 0.987742 149.28
0.989251 0.0163595 0.145303 69.7136 -0.0125244 0.999548 -0.0272694 -3.84398 -0.145683 0.0251564 0.98901 150.094
0.990312 0.0139182 0.138154 69.8444 -0.0113891 0.999752 -0.0190804 -3.87159 -0.138385 0.0173221 0.990226 150.919
0.990915 0.0113015 0.134009 69.9571 -0.0100613 0.999899 -0.00992865 -3.8931 -0.134107 0.00849011 0.990929 151.744
0.991412 0.0181455 0.129509 70.0608 -0.0173181 0.99982 -0.00751195 -3.91366 -0.129622 0.00520455 0.991549 152.591
0.99198 0.0211028 0.124619 70.1561 -0.0197568 0.999731 -0.0120268 -3.93793 -0.124839 0.00946823 0.992131 153.432
0.992765 0.0215409 0.118122 70.23 -0.0190914 0.999578 -0.0218293 -3.96681 -0.118543 0.0194162 0.992758 154.237
0.993499 0.0182668 0.112358 70.309 -0.0153237 0.999517 -0.0270023 -3.99293 -0.112797 0.025105 0.9933 155.067
0.994237 0.0172179 0.10581 70.3861 -0.0145364 0.999553 -0.0260617 -4.01874 -0.106212 0.0243734 0.994044 155.893
0.994958 0.0239516 0.0973839 70.4625 -0.0218096 0.999496 -0.023002 -4.04591 -0.0978858 0.0207621 0.99498 156.723
0.995633 0.0292512 0.0886495 70.5339 -0.0271502 0.999322 -0.0248143 -4.07416 -0.0893152 0.0222991 0.995753 157.585
0.996561 0.0314648 0.0766473 70.6143 -0.029197 0.999106 -0.0305304 -4.10617 -0.0775394 0.0281875 0.99659 158.401
0.99727 0.0297146 0.0675878 70.6818 -0.0275501 0.999083 -0.0327355 -4.14075 -0.0684985 0.030784 0.997175 159.267
0.997799 0.0296843 0.0592789 70.7263 -0.0279308 0.999152 -0.0301919 -4.16951 -0.0601249 0.0284698 0.997784 160.108
0.998063 0.0329785 0.0527445 70.7356 -0.0317428 0.999204 -0.0240967 -4.19284 -0.0534971 0.0223758 0.998316 160.944
0.99829 0.0368274 0.045382 70.7505 -0.0359902 0.999168 -0.0191298 -4.21377 -0.0460487 0.0174637 0.998785 161.802
0.99861 0.0365118 0.0379865 70.7725 -0.0359096 0.999219 -0.0164171 -4.23386 -0.0385562 0.0150302 0.999142 162.644
0.998797 0.0375661 0.0314832 70.7984 -0.0371202 0.999202 -0.014631 -4.2548 -0.0320076 0.0134448 0.999396 163.498
0.998978 0.0364607 0.0266799 70.8231 -0.0360277 0.999213 -0.0165341 -4.28126 -0.0272617 0.015556 0.999506 164.338
0.998953 0.0404396 0.0213446 70.8394 -0.0399695 0.998957 -0.0220082 -4.30458 -0.0222123 0.021132 0.999529 165.192
0.998799 0.0458006 0.01739 70.8435 -0.045295 0.998567 -0.0284331 -4.3366 -0.0186672 0.0276113 0.999443 166.026
0.998829 0.0463332 0.0138559 70.8551 -0.0458955 0.998482 -0.03039 -4.3652 -0.0152429 0.0297185 0.999441 166.88
0.998783 0.04819 0.0104842 70.86 -0.0479184 0.998542 -0.0247746 -4.38947 -0.0116627 0.024242 0.999637 167.72
0.998711 0.0501609 0.00773854 70.8676 -0.0500443 0.998639 -0.0145959 -4.41162 -0.00846006 0.0141898 0.999862 168.577
0.998675 0.0512916 0.00401485 70.8692 -0.0512609 0.998656 -0.00742328 -4.43566 -0.00439012 0.00720762 0.999963 169.413
0.998863 0.0476557 -0.00066912 70.858 -0.0476602 0.998803 -0.0108968 -4.45653 0.000149115 0.0109163 0.999939 170.257
0.999367 0.0349757 -0.00648017 70.8668 -0.0351024 0.99917 -0.0205979 -4.48336 0.00575446 0.0208123 0.999766 171.069
0.999367 0.0328377 -0.0136257 70.8545 -0.0331741 0.999129 -0.0252404 -4.50268 0.0127851 0.0256764 0.999587 171.9
0.999116 0.0366127 -0.0205999 70.8281 -0.0371014 0.999025 -0.0238634 -4.53159 0.0197062 0.0246066 0.999502 172.729
0.999011 0.0349192 -0.0274824 70.7825 -0.0354216 0.999209 -0.0180095 -4.55374 0.0268319 0.0189651 0.999459 173.587
0.998943 0.029442 -0.0352833 70.7668 -0.029977 0.99944 -0.014733 -4.57391 0.03483 0.0157751 0.999267 174.41
0.998943 0.0210084 -0.0408655 70.7427 -0.0214672 0.999709 -0.0108191 -4.59336 0.0406265 0.0116849 0.999105 175.24
0.99877 0.0165995 -0.0467105 70.6853 -0.0171437 0.999788 -0.0112735 -4.60949 0.0465136 0.0120604 0.998843 176.129
0.998533 0.0130911 -0.0525259 70.6244 -0.0140805 0.999728 -0.0185109 -4.63228 0.0522694 0.0192233 0.998447 177.001
0.998181 0.00338284 -0.0601742 70.584 -0.00512087 0.999572 -0.028752 -4.65803 0.0600513 0.0290078 0.997772 177.839
0.997625 -0.00829103 -0.0683662 70.5801 0.00606469 0.999445 -0.0327077 -4.68509 0.0685995 0.0322154 0.997123 178.648
0.997215 -0.00511329 -0.0743904 70.4842 0.00321706 0.999666 -0.0255872 -4.7088 0.0744965 0.0252766 0.9969 179.556
0.996801 0.00496558 -0.0797606 70.3875 -0.00599675 0.9999 -0.0126935 -4.73002 0.0796897 0.0131312 0.996732 180.445
0.996405 0.0108114 -0.0840158 70.2993 -0.0113091 0.99992 -0.00545073 -4.75571 0.0839503 0.00638125 0.996448 181.294
0.996112 0.0101951 -0.0875026 70.2171 -0.0109606 0.999904 -0.00827128 -4.78056 0.08741 0.00919816 0.996129 182.143
0.99594 0.0113816 -0.0892908 70.1224 -0.0131175 0.999734 -0.0188782 -4.80484 0.0890524 0.0199728 0.995825 183.005
0.995464 0.0214726 -0.0926795 70.0255 -0.0241538 0.999317 -0.0279048 -4.83033 0.0920172 0.0300167 0.995304 183.872
0.995338 0.0192401 -0.094503 69.9306 -0.0223131 0.999251 -0.031569 -4.85868 0.093825 0.0335305 0.995023 184.732
0.995264 0.0140748 -0.0961747 69.8518 -0.0167644 0.999488 -0.027215 -4.88749 0.0957425 0.0286984 0.994991 185.568
0.995157 0.0141391 -0.0972667 69.784 -0.0160151 0.999698 -0.0185333 -4.91436 0.0969755 0.0200013 0.995085 186.439
0.99505 0.0156574 -0.0981222 69.7107 -0.0170389 0.999765 -0.0132566 -4.93915 0.0978918 0.0148629 0.995085 187.299
0.994865 0.0155316 -0.100007 69.6189 -0.0170465 0.999751 -0.0143109 -4.96324 0.0997604 0.0159422 0.994883 188.175
0.994689 0.0119623 -0.102224 69.5304 -0.0144153 0.999623 -0.0232908 -4.99561 0.101907 0.0246407 0.994487 189.035
0.994572 0.000913293 -0.104041 69.4421 -0.00450587 0.9994 -0.0343003 -5.03533 0.103947 0.0345829 0.99398 189.901
0.994221 -0.00963011 -0.106915 69.375 0.00558572 0.999258 -0.0380627 -5.07527 0.107203 0.0372455 0.993538 190.767
0.994113 -0.00718796 -0.108101 69.2543 0.00358192 0.99943 -0.0335148 -5.11073 0.10828 0.0329303 0.993574 191.688
0.993944 -0.00112529 -0.109878 69.1613 -0.00144223 0.999726 -0.0232843 -5.14386 0.109874 0.0233017 0.993671 192.54
0.993689 -0.000360879 -0.112166 69.0733 -0.0018969 0.999796 -0.0200211 -5.17744 0.11215 0.0201075 0.993486 193.395
0.993524 -0.00187822 -0.113602 68.9869 -0.000793226 0.999723 -0.0234655 -5.2119 0.113615 0.0234037 0.993248 194.245
0.993422 -0.00151475 -0.114497 68.9 -0.00180125 0.999581 -0.0288521 -5.25083 0.114492 0.0288685 0.993003 195.093
0.993409 0.00496814 -0.114506 68.776 -0.0083564 0.999539 -0.0291289 -5.28289 0.114309 0.0298937 0.992994 195.957
0.993305 0.00772612 -0.115258 68.6712 -0.0108425 0.99959 -0.026436 -5.31598 0.115007 0.0275087 0.992982 196.804
0.993121 0.0118219 -0.116486 68.5665 -0.0146428 0.999618 -0.0233904 -5.34891 0.116165 0.0249352 0.992916 197.653
0.993042 0.0153675 -0.116752 68.4603 -0.0179184 0.999621 -0.0208303 -5.3791 0.116388 0.0227773 0.992941 198.495
0.992886 0.017959 -0.117701 68.3563 -0.0206052 0.999559 -0.0213038 -5.40809 0.117267 0.0235774 0.992819 199.331
0.992872 0.0158095 -0.118126 68.2565 -0.0188555 0.999515 -0.0247132 -5.44575 0.117679 0.0267644 0.99269 200.14
0.992711 0.0177375 -0.119199 68.151 -0.0214737 0.999314 -0.0301325 -5.47433 0.118583 0.0324725 0.992412 200.966
