1 0 0 0 0 1 0 0 0 0 1 0
0.99903 -0.000274937 0.044045 0.0268154 0.000414576 0.999995 -0.00316126 -0.0104669 -0.0440439 0.00317646 0.999025 1.01338
0.995967 -0.00521662 0.0895699 0.112314 0.00602147 0.999944 -0.00871787 -0.0230218 -0.0895194 0.00922205 0.995942 2.06161
0.990838 -0.00494381 0.134968 0.242024 0.00676066 0.999893 -0.0130063 -0.0384709 -0.13489 0.0137996 0.990765 3.11331
0.983554 -0.00309911 0.180587 0.421964 0.00602895 0.999859 -0.0156774 -0.0652173 -0.180513 0.0165083 0.983434 4.11914
0.973881 -0.00557983 0.226991 0.643325 0.0094815 0.999826 -0.0161019 -0.0884814 -0.226862 0.0178336 0.973764 5.148
0.962524 -0.00662884 0.271116 0.93143 0.0117814 0.99978 -0.0173818 -0.122564 -0.270941 0.0199245 0.96239 6.1286
0.948944 -0.00922523 0.31531 1.24743 0.0164528 0.999659 -0.0202681 -0.149007 -0.315015 0.024421 0.948772 7.12406
0.933739 -0.0109292 0.357787 1.61205 0.0201024 0.999558 -0.0219293 -0.180773 -0.357389 0.0276686 0.933546 8.09704
0.916281 -0.0109712 0.400385 2.01239 0.021933 0.999499 -0.0228057 -0.215636 -0.399934 0.0296781 0.916063 9.02061
0.896328 -0.0111207 0.443253 2.45627 0.023023 0.999504 -0.0214798 -0.247364 -0.442794 0.029458 0.896139 9.95953
0.87404 -0.0111122 0.485727 2.95042 0.0241362 0.999497 -0.020566 -0.274445 -0.485254 0.0296991 0.873869 10.8992
0.849957 -0.0112615 0.526732 3.45325 0.0251049 0.999502 -0.0191411 -0.319522 -0.526254 0.0294927 0.849816 11.7149
0.824642 -0.0117564 0.565534 4.03081 0.0270548 0.99946 -0.0186735 -0.35884 -0.565008 0.0306994 0.824514 12.5469
0.797731 -0.0142031 0.602847 4.64231 0.0311074 0.999361 -0.0176186 -0.398219 -0.602211 0.0328078 0.797662 13.3284
0.769161 -0.0135368 0.638912 5.29743 0.0323485 0.999319 -0.0177702 -0.430006 -0.638236 0.034336 0.769074 14.1068
0.73851 -0.0166742 0.674036 5.98783 0.0372202 0.999178 -0.016063 -0.459814 -0.673214 0.0369505 0.738524 14.8535
0.706578 -0.0155744 0.707463 6.70342 0.0374432 0.99918 -0.0154 -0.489141 -0.706643 0.037371 0.706582 15.5606
0.672805 -0.0146087 0.739675 7.43067 0.0391159 0.999109 -0.0158471 -0.522084 -0.738785 0.0395951 0.672777 16.2142
0.637495 -0.0159432 0.77029 8.19916 0.0441528 0.998899 -0.0158662 -0.549449 -0.769189 0.044125 0.637497 16.848
0.6013 -0.0141578 0.798898 8.9991 0.0439703 0.998914 -0.0153923 -0.576797 -0.797813 0.0443831 0.60127 17.4482
0.563505 -0.012791 0.826014 9.83073 0.0470196 0.998756 -0.0166107 -0.601523 -0.824774 0.0481991 0.563405 18.0235
0.524452 -0.0118284 0.851358 10.6665 0.0516166 0.998506 -0.0179239 -0.638628 -0.849874 0.0533445 0.524279 18.5387
0.48381 -0.010835 0.875106 11.5281 0.0535123 0.998419 -0.017223 -0.66133 -0.873536 0.0551616 0.483624 19.0439
0.444773 -0.0120159 0.895563 12.4078 0.0594754 0.998099 -0.0161463 -0.676309 -0.893666 0.0604454 0.444642 19.4858
0.40766 -0.0123668 0.91305 13.3127 0.0639981 0.997837 -0.0150588 -0.695608 -0.910888 0.0645723 0.40757 19.8817
0.372357 -0.00984668 0.928037 14.2384 0.0662222 0.997677 -0.0159848 -0.715785 -0.925724 0.0674087 0.372144 20.2498
0.339268 -0.0104475 0.940632 15.1831 0.0674343 0.997636 -0.0132417 -0.73266 -0.938269 0.0679233 0.339171 20.5782
0.306154 -0.0115739 0.951912 16.1474 0.0701231 0.997484 -0.0104251 -0.747396 -0.949396 0.0699427 0.306196 20.8788
0.274323 -0.0111738 0.961573 17.144 0.0715967 0.997395 -0.00883544 -0.75599 -0.958969 0.0712692 0.274408 21.1476
0.242676 -0.0079073 0.970075 18.1617 0.0695044 0.997539 -0.00925619 -0.765359 -0.967614 0.0696707 0.242628 21.4047
0.212401 -0.00630128 0.977162 19.1578 0.0697433 0.997527 -0.00872715 -0.783915 -0.97469 0.0700042 0.212315 21.6083
0.182925 -0.0057255 0.98311 20.2193 0.0721106 0.997368 -0.00760892 -0.792814 -0.980479 0.0722846 0.182856 21.7864
0.153419 -0.00540854 0.988146 21.2818 0.0743003 0.997217 -0.00607766 -0.799135 -0.985364 0.074352 0.153394 21.932
0.123697 -0.0058776 0.992303 22.3403 0.0730883 0.99732 -0.00320364 -0.807817 -0.989625 0.072922 0.123796 22.0597
0.0950194 -0.00587931 0.995458 23.4089 0.0738116 0.997272 -0.00115551 -0.813662 -0.992735 0.0735862 0.0951942 22.1575
0.0685977 -0.00552388 0.997629 24.5003 0.0768087 0.997046 0.000239226 -0.818125 -0.994683 0.0766102 0.0688195 22.2227
0.0442405 -0.00457249 0.999011 25.6011 0.0814498 0.996677 0.000954867 -0.81902 -0.995695 0.0813269 0.0444661 22.2609
0.0224032 -0.00409643 0.999741 26.715 0.0854638 0.996339 0.00216733 -0.82403 -0.996089 0.0853931 0.0226715 22.2709
0.00328781 -0.0040782 0.999987 27.839 0.0913129 0.995815 0.00376096 -0.82697 -0.995817 0.0912993 0.00364663 22.252
-0.0129585 -0.00464375 0.999906 28.966 0.0958256 0.995381 0.00586461 -0.829854 -0.995314 0.0958925 -0.0124535 22.2097
-0.0266622 -0.00442264 0.999635 30.1035 0.0993885 0.995024 0.00705312 -0.832846 -0.994691 0.0995402 -0.0260898 22.1456
-0.0398024 -0.0048575 0.999196 31.2807 0.101835 0.994762 0.00889248 -0.826974 -0.994005 0.102107 -0.039099 22.0766
-0.0517445 -0.00575017 0.998644 32.4571 0.101773 0.994747 0.0110011 -0.818542 -0.993461 0.102204 -0.0508873 21.9936
-0.0623709 -0.00527869 0.998039 33.6326 0.101741 0.994743 0.0116194 -0.809491 -0.992854 0.102266 -0.0615058 21.8982
-0.071899 -0.00230858 0.99741 34.8076 0.102182 0.994719 0.0096682 -0.802881 -0.992164 0.102612 -0.0712832 21.7913
-0.0812478 0.00123863 0.996693 36.0297 0.102643 0.994693 0.00713106 -0.794318 -0.991394 0.102883 -0.0809435 21.6782
-0.0893424 0.00399971 0.995993 37.2436 0.10381 0.994583 0.00531787 -0.787942 -0.990576 0.103869 -0.0892734 21.5588
-0.0954897 0.00509471 0.995418 38.5112 0.103299 0.994639 0.00481866 -0.781009 -0.990056 0.103286 -0.0955038 21.4137
-0.0996528 0.00585863 0.995005 39.7801 0.103052 0.994666 0.0044643 -0.774671 -0.989671 0.102982 -0.0997248 21.2627
-0.103186 0.00751092 0.994634 41.0757 0.104003 0.994572 0.00327913 -0.768521 -0.98921 0.103783 -0.103407 21.1038
-0.105818 0.00956198 0.99434 42.3745 0.10342 0.994637 0.00144108 -0.764498 -0.988993 0.102987 -0.106239 20.9408
-0.108568 0.0106657 0.994032 43.723 0.103948 0.994582 0.000681552 -0.757882 -0.988639 0.103401 -0.109088 20.7711
-0.11043 0.00981328 0.993836 45.041 0.103615 0.994616 0.00169225 -0.76258 -0.988468 0.103163 -0.110852 20.6383
-0.111878 0.00788171 0.993691 46.3833 0.104508 0.994516 0.00387816 -0.771574 -0.988211 0.104283 -0.112088 20.5054
-0.113453 0.00635832 0.993523 47.8006 0.104405 0.994519 0.00555756 -0.775055 -0.988042 0.104359 -0.113495 20.3393
-0.115124 0.00703771 0.993327 49.2435 0.10721 0.994222 0.00538128 -0.773229 -0.987548 0.107114 -0.115213 20.1623
-0.116666 0.0065248 0.99315 50.6505 0.107028 0.994238 0.00604074 -0.782275 -0.987387 0.106999 -0.116692 20.0443
-0.117875 0.00733405 0.993002 52.0877 0.108353 0.994097 0.00552 -0.787285 -0.987099 0.108245 -0.117974 19.9148
-0.118395 0.00728118 0.99294 53.5641 0.107736 0.994164 0.00555592 -0.790273 -0.987104 0.107633 -0.118488 19.7712
-0.11775 0.008439 0.993008 55.0831 0.107444 0.994202 0.00429146 -0.792688 -0.987213 0.107198 -0.117974 19.6012
-0.116538 0.00837546 0.993151 56.6053 0.107892 0.994153 0.00427635 -0.793994 -0.987308 0.107652 -0.11676 19.443
-0.115211 0.00691558 0.993317 58.16 0.106656 0.994281 0.00544842 -0.797435 -0.987598 0.106571 -0.11529 19.2775
-0.115071 0.0074561 0.99333 59.6832 0.108074 0.99413 0.00505757 -0.81119 -0.98746 0.107935 -0.115201 19.1743
-0.114837 0.0078815 0.993353 61.287 0.107596 0.994184 0.00455049 -0.810636 -0.98754 0.107403 -0.115016 19.0246
-0.114492 0.00847649 0.993388 62.8906 0.108236 0.994117 0.0039919 -0.81107 -0.98751 0.107977 -0.114736 18.8754
-0.113227 0.00843345 0.993534 64.4967 0.107769 0.994168 0.00384291 -0.812246 -0.987707 0.107507 -0.113475 18.7274
-0.112405 0.00654896 0.993641 66.1306 0.108905 0.994035 0.00576831 -0.813089 -0.987676 0.108861 -0.112448 18.577
-0.111442 0.00475174 0.99376 67.8284 0.110185 0.993882 0.00760399 -0.805427 -0.987643 0.110344 -0.111284 18.3851
-0.110057 0.00599061 0.993908 69.5264 0.111437 0.993751 0.00634985 -0.800134 -0.987658 0.111457 -0.110036 18.1956
-0.108586 0.00780653 0.994057 71.1677 0.113389 0.99354 0.00458356 -0.807961 -0.987599 0.113213 -0.108769 18.0553
-0.107379 0.0072964 0.994192 72.9353 0.112004 0.993696 0.00480439 -0.803745 -0.987889 0.11187 -0.107519 17.8433
-0.108026 0.00703682 0.994123 74.5715 0.11284 0.993599 0.00522853 -0.830648 -0.987723 0.112741 -0.108128 17.7818
-0.108081 0.00584387 0.994125 76.2083 0.11312 0.99356 0.00645785 -0.857787 -0.987685 0.113153 -0.108046 17.7336
-0.108301 0.00614158 0.994099 77.8816 0.115604 0.993274 0.00645794 -0.888652 -0.987373 0.115621 -0.108283 17.6728
-0.108469 0.00615738 0.994081 79.5788 0.118093 0.992979 0.00673522 -0.924049 -0.98706 0.118125 -0.108435 17.6106
-0.109006 0.00736099 0.994014 81.2765 0.12018 0.992735 0.00582772 -0.961308 -0.986749 0.120095 -0.109099 17.5471
-0.110483 0.00760033 0.993849 83.1158 0.11969 0.992795 0.00571333 -0.978315 -0.986644 0.119585 -0.110597 17.3838
-0.112226 0.00764186 0.993654 84.9547 0.118751 0.992907 0.00577593 -0.995114 -0.986561 0.118646 -0.112337 17.2173
-0.113709 0.00708581 0.993489 86.7928 0.117151 0.993094 0.00632548 -1.01058 -0.986582 0.117108 -0.113754 17.0473
-0.114153 0.0055913 0.993448 88.6737 0.11555 0.993272 0.00768707 -1.01267 -0.98672 0.11567 -0.114031 16.8306
-0.114542 0.00534849 0.993404 90.5544 0.115789 0.993241 0.00800314 -1.01414 -0.986647 0.115942 -0.114387 16.6136
-0.113951 0.00410446 0.993478 92.4348 0.112965 0.993559 0.0088521 -1.01246 -0.987043 0.113237 -0.11368 16.3997
-0.114694 0.00503639 0.993388 94.3785 0.112548 0.993614 0.00795694 -0.997906 -0.987004 0.112716 -0.114529 16.151
-0.116767 0.00620099 0.99314 96.3249 0.111496 0.993741 0.00690421 -0.987649 -0.986881 0.111537 -0.116727 15.9289
-0.120184 0.00702866 0.992727 98.2704 0.111315 0.993764 0.00644026 -0.978262 -0.986491 0.111279 -0.120216 15.7001
-0.124348 0.00641885 0.992218 100.25 0.109516 0.993958 0.00729477 -0.969567 -0.986176 0.109571 -0.124299 15.4456
-0.128451 0.00594596 0.991698 102.218 0.107789 0.994141 0.00800093 -0.961229 -0.98584 0.107922 -0.128339 15.1902
-0.132 0.00707391 0.991225 104.186 0.106626 0.994274 0.00710352 -0.954808 -0.985498 0.106627 -0.131998 14.9277
-0.135562 0.00931298 0.990725 106.153 0.10753 0.994187 0.00536789 -0.951848 -0.984916 0.10726 -0.135775 14.6581
-0.139079 0.0115309 0.990214 108.116 0.107569 0.994191 0.0035313 -0.953901 -0.984421 0.107007 -0.139512 14.3841
-0.143393 0.0121061 0.989592 110.146 0.106101 0.99435 0.00320989 -0.952935 -0.983962 0.105457 -0.143867 14.0861
-0.147919 0.0123581 0.988923 112.148 0.104493 0.99452 0.00320156 -0.957151 -0.983464 0.103809 -0.148399 13.8108
-0.153533 0.0118067 0.988073 114.206 0.102422 0.994733 0.00402872 -0.960459 -0.982821 0.101819 -0.153933 13.5081
-0.159384 0.01132 0.987152 116.246 0.101513 0.994821 0.00498222 -0.967395 -0.981983 0.101003 -0.159708 13.209
-0.165349 0.0113121 0.98617 118.264 0.101508 0.994819 0.0056082 -0.97198 -0.980997 0.101031 -0.16564 12.9103
-0.170588 0.013006 0.985257 120.292 0.101966 0.994777 0.00452285 -0.977947 -0.980052 0.101234 -0.171023 12.5794
-0.174747 0.0138952 0.984516 122.323 0.1015 0.994827 0.00397512 -0.984864 -0.979367 0.100623 -0.175253 12.2154
-0.18011 0.0138144 0.98355 124.355 0.101718 0.994802 0.00465445 -0.98873 -0.978373 0.100883 -0.180579 11.8501
-0.185165 0.0139639 0.982608 126.384 0.100965 0.994878 0.00488783 -0.993667 -0.977507 0.100114 -0.185626 11.4748
-0.189037 0.0151028 0.981854 128.404 0.101074 0.99487 0.00415676 -0.998322 -0.976754 0.100025 -0.189594 11.0759
-0.193456 0.0159184 0.98098 130.482 0.100711 0.994909 0.00371653 -0.996457 -0.975926 0.0995143 -0.194074 10.6723
-0.197303 0.0152938 0.980223 132.614 0.101533 0.99482 0.00491537 -0.991408 -0.97507 0.100495 -0.197834 10.2239
-0.200813 0.0155441 0.979507 134.737 0.103571 0.994607 0.00544982 -0.985629 -0.974139 0.102543 -0.201339 9.77904
-0.203235 0.0169038 0.978984 136.859 0.105028 0.994458 0.00463263 -0.981664 -0.973481 0.103762 -0.203883 9.32873
-0.205241 0.0180338 0.978545 138.98 0.105335 0.994429 0.00376664 -0.979569 -0.973026 0.103848 -0.205998 8.87381
-0.207423 0.0181721 0.978083 141.125 0.104193 0.99455 0.00361828 -0.977415 -0.972686 0.10266 -0.208186 8.40197
-0.210105 0.018958 0.977495 143.268 0.102487 0.99473 0.00273659 -0.977278 -0.972292 0.100756 -0.210941 7.92414
-0.21272 0.0195988 0.976917 145.36 0.10085 0.994899 0.00200029 -0.985035 -0.971895 0.098948 -0.213611 7.46616
-0.215278 0.0191177 0.976366 147.467 0.0994246 0.995042 0.00243863 -0.993591 -0.971478 0.0975998 -0.216111 7.00357
-0.218792 0.0197538 0.975572 149.594 0.0993121 0.995054 0.00212456 -1.00498 -0.970704 0.0973509 -0.219672 6.53092
-0.223264 0.0190902 0.974571 151.781 0.097814 0.9952 0.00291385 -1.02038 -0.969838 0.0959773 -0.224059 6.04887
-0.225392 0.0178031 0.974106 153.863 0.0953845 0.995433 0.00387754 -1.03938 -0.969587 0.0937885 -0.226061 5.54931
-0.228135 0.0162322 0.973494 156.044 0.0939792 0.995559 0.0054236 -1.06086 -0.969083 0.0927254 -0.228648 5.03225
-0.230202 0.0152317 0.973024 158.211 0.0938129 0.995568 0.00661011 -1.07585 -0.96861 0.0928038 -0.230611 4.5081
-0.232831 0.0156531 0.972392 160.392 0.0942169 0.99553 0.00653383 -1.07887 -0.967942 0.0931369 -0.233265 3.98652
-0.234936 0.0170131 0.971862 162.587 0.0945137 0.995508 0.00542059 -1.08077 -0.967405 0.0931278 -0.235489 3.45089
-0.237531 0.0190833 0.971193 164.819 0.0943214 0.995535 0.00350722 -1.08225 -0.96679 0.0924373 -0.23827 2.91376
-0.239964 0.0200448 0.970575 167.045 0.0944817 0.995522 0.0027996 -1.08497 -0.966173 0.0923733 -0.240784 2.38082
-0.241137 0.0209242 0.970266 169.216 0.0943418 0.995538 0.00197721 -1.09557 -0.965895 0.0920134 -0.242034 1.81725
-0.242821 0.0200321 0.969865 171.445 0.0937856 0.995588 0.00291726 -1.11224 -0.965527 0.0916677 -0.243628 1.24649
-0.245406 0.019766 0.969219 173.674 0.0935142 0.995612 0.00337356 -1.12806 -0.964899 0.0914636 -0.246178 0.672883
-0.248168 0.020344 0.968504 175.883 0.0956779 0.995405 0.0036072 -1.14388 -0.96398 0.0935596 -0.248974 0.102306
-0.250032 0.0201246 0.968029 178.109 0.0974648 0.995228 0.00448413 -1.1538 -0.963319 0.0954698 -0.250801 -0.481012
-0.250835 0.0197733 0.967828 180.318 0.0983884 0.995134 0.00516849 -1.16433 -0.963017 0.0965195 -0.25156 -1.06722
-0.252096 0.0192036 0.967512 182.584 0.098273 0.995142 0.00585411 -1.17139 -0.962699 0.0965561 -0.252759 -1.66782
-0.253274 0.0189034 0.96721 184.849 0.0962704 0.995338 0.00575626 -1.17866 -0.962592 0.0945715 -0.253913 -2.27098
-0.25441 0.0203457 0.966883 187.138 0.0951061 0.995458 0.0040777 -1.18539 -0.962409 0.0929938 -0.255189 -2.88893
-0.255867 0.0223385 0.966454 189.427 0.0948088 0.995493 0.00209074 -1.19685 -0.962051 0.0921633 -0.256832 -3.51067
-0.257018 0.0235032 0.966121 191.714 0.0941287 0.995559 0.000821785 -1.21123 -0.961811 0.0911509 -0.258089 -4.13541
-0.258254 0.0242997 0.965772 194.013 0.0924474 0.995717 -0.000332002 -1.23049 -0.961643 0.0891973 -0.259395 -4.76989
-0.260345 0.0247835 0.965198 196.312 0.0935365 0.995615 -0.000334673 -1.2497 -0.960974 0.0901941 -0.261522 -5.40946
-0.262605 0.0252676 0.964573 198.606 0.0943322 0.99554 -0.000396853 -1.26916 -0.960281 0.090886 -0.263817 -6.05178
-0.264176 0.0246868 0.964159 200.9 0.0941231 0.99556 0.000298618 -1.28697 -0.959871 0.0908285 -0.265327 -6.69757
-0.265552 0.0249424 0.963774 203.192 0.0946136 0.995514 0.000305448 -1.30489 -0.959443 0.0912673 -0.26672 -7.34679
-0.266281 0.025276 0.963565 205.49 0.0936899 0.995601 -0.000225164 -1.32305 -0.959331 0.0902162 -0.267477 -8.00269
-0.266627 0.0254136 0.963465 207.786 0.0923933 0.995722 -0.000695775 -1.34241 -0.959361 0.0888322 -0.267834 -8.65937
-0.267355 0.0263851 0.963237 210.1 0.0925891 0.995703 -0.00157552 -1.36224 -0.95914 0.088764 -0.268649 -9.32641
-0.267808 0.0269026 0.963097 212.414 0.093118 0.995653 -0.00191876 -1.38287 -0.958962 0.0891677 -0.269149 -9.99465
-0.268753 0.0263971 0.962848 214.761 0.0940741 0.995564 -0.00103587 -1.40456 -0.958604 0.0903006 -0.270044 -10.6654
-0.270136 0.0260451 0.96247 217.09 0.0957901 0.995401 -5.08806e-05 -1.42638 -0.958045 0.0921813 -0.271388 -11.3351
-0.27145 0.0265427 0.962087 219.427 0.0964705 0.995335 -0.000241111 -1.44854 -0.957605 0.0927475 -0.272744 -12.008
-0.273269 0.027452 0.961546 221.833 0.09611 0.99537 -0.00110345 -1.4631 -0.957124 0.0921126 -0.274642 -12.6972
-0.275322 0.0278779 0.960948 224.188 0.0955123 0.995427 -0.00151293 -1.49007 -0.956596 0.0913658 -0.276725 -13.3628
-0.275607 0.0290194 0.960832 226.494 0.0953326 0.995441 -0.00271931 -1.52148 -0.956531 0.0908491 -0.277117 -14.0581
-0.276215 0.0298432 0.960633 228.809 0.0947905 0.99549 -0.00367056 -1.55297 -0.95641 0.0900449 -0.277798 -14.747
-0.27617 0.0301588 0.960636 231.125 0.0926097 0.995691 -0.00463532 -1.58687 -0.956637 0.087684 -0.277773 -15.4356
-0.27631 0.0308537 0.960573 233.44 0.0931091 0.995642 -0.00519715 -1.62206 -0.956548 0.088002 -0.277978 -16.1247
-0.277337 0.0308537 0.960277 235.807 0.0948286 0.995483 -0.00459751 -1.64585 -0.956081 0.0897867 -0.27901 -16.8017
-0.279634 0.0303509 0.959627 238.173 0.0946444 0.995503 -0.00390628 -1.66798 -0.95543 0.0897309 -0.281249 -17.4842
-0.283162 0.0303998 0.958591 240.549 0.0949363 0.995477 -0.00352598 -1.70111 -0.954362 0.0900065 -0.284766 -18.1674
-0.286929 0.0308647 0.957455 242.944 0.0932885 0.99563 -0.00413867 -1.73582 -0.953398 0.088132 -0.288555 -18.8602
-0.291434 0.0307247 0.956098 245.334 0.0921445 0.995738 -0.00391148 -1.76974 -0.952143 0.0869591 -0.293023 -19.5641
-0.295661 0.0302659 0.954814 247.722 0.0909798 0.995847 -0.00339441 -1.80211 -0.950951 0.0858652 -0.297186 -20.2791
-0.300064 0.0306566 0.953427 250.101 0.0901718 0.995919 -0.00364394 -1.83295 -0.949648 0.0848787 -0.301603 -21.0162
-0.305301 0.0301308 0.95178 252.44 0.0893188 0.995999 -0.00288006 -1.86384 -0.948058 0.0841325 -0.30677 -21.7365
-0.309663 0.0295587 0.950387 254.767 0.0877785 0.996137 -0.00238091 -1.89453 -0.946786 0.0826863 -0.311061 -22.469
-0.313361 0.0284994 0.949207 257.043 0.0867575 0.996229 -0.00127 -1.95105 -0.945663 0.0819528 -0.314651 -23.2236
-0.318374 0.0286279 0.947533 259.342 0.0865545 0.996246 -0.00101712 -1.99219 -0.944006 0.0816894 -0.319657 -23.9795
-0.321252 0.028393 0.946568 261.647 0.0861473 0.996282 -0.000647022 -2.02916 -0.943067 0.0813365 -0.322503 -24.745
-0.327475 0.0278856 0.944449 263.977 0.0856319 0.996327 0.000274322 -2.06359 -0.940972 0.0809647 -0.328659 -25.5105
-0.332252 0.0276221 0.942786 266.307 0.0839517 0.99647 0.000390942 -2.09464 -0.939447 0.0792784 -0.333398 -26.2876
-0.337042 0.0273053 0.941094 268.633 0.0840384 0.996462 0.00118557 -2.12376 -0.937732 0.0794876 -0.338144 -27.0767
-0.341622 0.0276088 0.939432 270.956 0.0848167 0.996395 0.00156048 -2.15129 -0.936003 0.0802126 -0.342732 -27.8785
-0.345461 0.0273959 0.938033 273.284 0.0847123 0.996403 0.00209739 -2.17705 -0.934602 0.0801875 -0.346539 -28.7024
-0.348425 0.029259 0.93688 275.623 0.0867416 0.99623 0.00114668 -2.19147 -0.933315 0.081666 -0.34965 -29.5682
-0.351176 0.0297349 0.935838 277.959 0.0873503 0.996177 0.00112639 -2.20594 -0.932226 0.0821412 -0.35243 -30.4409
-0.354425 0.0316872 0.934548 280.195 0.0878938 0.99613 -0.000441698 -2.21679 -0.930945 0.0819844 -0.355838 -31.176
-0.356938 0.0336471 0.933522 282.539 0.0891384 0.996017 -0.00181698 -2.22853 -0.929865 0.0825641 -0.358516 -32.0657
-0.35982 0.0340462 0.932401 284.894 0.0896091 0.995975 -0.00178685 -2.23022 -0.928709 0.0829086 -0.361422 -32.9813
-0.362015 0.0349785 0.931516 287.214 0.0898182 0.995955 -0.00249212 -2.24987 -0.927835 0.0827649 -0.363692 -33.8951
-0.364653 0.0347813 0.930494 289.552 0.0889318 0.996035 -0.00237946 -2.27006 -0.926887 0.0818828 -0.3663 -34.8173
-0.368717 0.036257 0.928834 291.92 0.0902322 0.995916 -0.00305619 -2.29233 -0.925152 0.0826839 -0.370483 -35.7353
-0.37317 0.0369367 0.927028 294.268 0.0893375 0.995994 -0.00372228 -2.31117 -0.923452 0.0814293 -0.374975 -36.6432
-0.375067 0.0371905 0.926252 296.615 0.0880686 0.996105 -0.00433365 -2.3315 -0.922805 0.0799482 -0.376881 -37.5559
-0.376362 0.0372625 0.925723 298.96 0.0888776 0.996035 -0.00395862 -2.35132 -0.9222 0.0807862 -0.378181 -38.4757
-0.377668 0.0374929 0.925182 301.296 0.0905098 0.99589 -0.00341134 -2.37754 -0.921507 0.0824496 -0.379509 -39.4039
-0.377529 0.0366081 0.925274 303.648 0.0909404 0.995854 -0.00229517 -2.40723 -0.921522 0.0832782 -0.379292 -40.3694
-0.377646 0.0356282 0.925264 306.081 0.0898034 0.995958 -0.00169713 -2.40994 -0.921585 0.0824509 -0.379319 -41.4321
-0.377972 0.0355359 0.925135 308.513 0.089745 0.995963 -0.00159038 -2.4124 -0.921457 0.0824251 -0.379636 -42.4956
-0.378925 0.0358194 0.924734 310.949 0.0909567 0.995854 -0.00130319 -2.41822 -0.920947 0.083617 -0.380611 -43.5164
-0.379438 0.0353214 0.924543 313.383 0.0904658 0.995899 -0.000919796 -2.42311 -0.920784 0.0832905 -0.381077 -44.5387
-0.379695 0.0365933 0.924388 315.818 0.0900199 0.995937 -0.00244969 -2.43314 -0.920722 0.0822831 -0.381447 -45.5561
-0.380561 0.0386727 0.923947 318.251 0.0890459 0.996015 -0.00501241 -2.44998 -0.920459 0.0803661 -0.382488 -46.5763
-0.382238 0.038683 0.923254 320.677 0.0876319 0.996138 -0.00545617 -2.46737 -0.9199 0.0788209 -0.384151 -47.5948
-0.384981 0.0377459 0.922153 323.102 0.0860269 0.996281 -0.00486553 -2.48327 -0.918907 0.0774567 -0.386796 -48.6203
-0.390316 0.0360977 0.919973 325.623 0.0836773 0.996486 -0.00359819 -2.49113 -0.916871 0.0755764 -0.391965 -49.6712
-0.393391 0.0352263 0.918696 328.056 0.0826893 0.996571 -0.00280428 -2.50825 -0.915645 0.0748631 -0.394955 -50.7228
-0.39573 0.0355274 0.91768 330.496 0.0831096 0.996536 -0.00274104 -2.52648 -0.914598 0.0751832 -0.397312 -51.7814
-0.398386 0.0360827 0.916508 332.968 0.0847422 0.9964 -0.00239241 -2.54539 -0.913295 0.0767137 -0.400009 -52.8736
-0.401087 0.0364525 0.915315 335.385 0.085355 0.996348 -0.00227755 -2.57088 -0.912055 0.0772131 -0.402733 -53.8737
-0.405386 0.0367457 0.913407 337.948 0.086218 0.996274 -0.00181432 -2.58662 -0.910071 0.0780165 -0.407044 -55.0068
-0.409162 0.0354081 0.911775 340.446 0.0861622 0.996281 -2.42522e-05 -2.60818 -0.908385 0.0785505 -0.410691 -56.1002
-0.412644 0.0345186 0.910238 342.941 0.085088 0.996373 0.000788472 -2.62777 -0.90691 0.0777756 -0.414085 -57.2026
-0.416781 0.0341058 0.908367 345.449 0.0840016 0.996465 0.00112848 -2.64834 -0.905117 0.0767745 -0.418173 -58.3284
-0.421885 0.0329352 0.906051 347.893 0.0831041 0.996538 0.00247135 -2.68159 -0.902833 0.0763392 -0.423161 -59.3652
-0.427511 0.0319786 0.903445 350.412 0.0833692 0.99651 0.00417764 -2.70734 -0.900158 0.0771054 -0.428684 -60.5059
-0.43302 0.0307016 0.900862 352.914 0.0832622 0.996509 0.00606054 -2.72647 -0.897531 0.077632 -0.434064 -61.6576
-0.437454 0.0293036 0.898763 355.383 0.0814846 0.996649 0.00716585 -2.74556 -0.895541 0.0763701 -0.438376 -62.8021
-0.441236 0.0279689 0.896955 357.858 0.0810764 0.996669 0.00880543 -2.75879 -0.893721 0.0766071 -0.442034 -63.9778
-0.445979 0.0268967 0.894639 360.328 0.0810435 0.996656 0.0104366 -2.76763 -0.891367 0.0771591 -0.446668 -65.0925
-0.450797 0.0262932 0.89224 362.858 0.0779775 0.996904 0.01002 -2.76414 -0.889214 0.0740915 -0.451451 -66.3073
-0.455977 0.0259091 0.889615 365.342 0.0742807 0.997196 0.00903057 -2.77151 -0.886887 0.0701988 -0.456623 -67.4636
-0.461013 0.0257809 0.887019 367.886 0.0707641 0.997462 0.00778753 -2.77206 -0.884568 0.0663592 -0.461667 -68.7335
-0.466508 0.0237064 0.8842 370.437 0.068139 0.997633 0.00920272 -2.76642 -0.881889 0.0645415 -0.467019 -70.0527
-0.470431 0.023107 0.882134 372.824 0.0689789 0.997561 0.010655 -2.77415 -0.879737 0.0658611 -0.470878 -71.1896
-0.474958 0.0234805 0.879695 375.342 0.0682494 0.997616 0.0102207 -2.76573 -0.877358 0.0648931 -0.475429 -72.5299
-0.479526 0.0230492 0.877226 377.771 0.0661113 0.997763 0.00992262 -2.76082 -0.875034 0.0627526 -0.479977 -73.788
-0.48561 0.0196364 0.873955 380.173 0.0632518 0.997916 0.012724 -2.7669 -0.871885 0.0614581 -0.48584 -74.9764
-0.492185 0.0181573 0.870302 382.566 0.0617019 0.997995 0.0140731 -2.76941 -0.868302 0.0606257 -0.492319 -76.1826
-0.499307 0.017588 0.866247 385.044 0.0594186 0.998135 0.0139832 -2.74691 -0.864386 0.0584531 -0.499421 -77.4889
-0.501836 0.0171994 0.864792 387.43 0.059185 0.998142 0.0144933 -2.74722 -0.862936 0.0584559 -0.501921 -78.8512
-0.50603 0.0163412 0.862362 389.87 0.0578765 0.99821 0.0150462 -2.72764 -0.860573 0.0575243 -0.50607 -80.2256
-0.509075 0.0159281 0.860575 392.257 0.0577721 0.998206 0.0156998 -2.71719 -0.858781 0.0577096 -0.509083 -81.6167
-0.512195 0.0148253 0.858741 394.638 0.0546685 0.998386 0.0153708 -2.70457 -0.857128 0.0548189 -0.512179 -83.0133
-0.512667 0.0139515 0.858474 396.911 0.0466647 0.998842 0.0116347 -2.69633 -0.857319 0.0460251 -0.512725 -84.4127
-0.515514 0.0172541 0.856708 399.328 0.0382181 0.999265 0.00287206 -2.70115 -0.856029 0.0342222 -0.515795 -85.8256
-0.51745 0.0267818 0.855294 401.667 0.0484467 0.998823 -0.0019661 -2.73222 -0.854341 0.0404187 -0.518139 -87.2386
-0.517892 0.0273334 0.855009 404.002 0.0563175 0.99841 0.00219465 -2.75566 -0.85359 0.0492886 -0.518609 -88.6479
-0.519584 0.017941 0.854231 406.346 0.0557115 0.998363 0.0129182 -2.75934 -0.852601 0.0543025 -0.519733 -90.0697
-0.52375 0.00747764 0.85184 408.726 0.049202 0.998557 0.0214861 -2.73207 -0.85045 0.0531655 -0.523363 -91.4717
-0.525157 0.00192907 0.851004 411.036 0.0445027 0.998691 0.0251989 -2.70908 -0.849841 0.0511052 -0.524556 -92.91
-0.529174 0.00116085 0.848513 413.411 0.0428474 0.99876 0.0253553 -2.67358 -0.847431 0.0497739 -0.528567 -94.321
-0.531566 0.00589684 0.846997 415.721 0.0484169 0.998552 0.0234339 -2.65128 -0.845632 0.0534656 -0.531082 -95.7498
-0.532767 0.0125322 0.84617 418.066 0.0535027 0.998388 0.0188999 -2.62315 -0.844569 0.0553416 -0.532579 -97.2411
-0.534486 0.0155161 0.845035 420.349 0.0553408 0.998328 0.0166724 -2.6164 -0.843364 0.055676 -0.534451 -98.683
-0.536505 0.0157054 0.843751 422.649 0.0557161 0.998304 0.0168453 -2.60512 -0.842056 0.056048 -0.536471 -100.147
-0.538771 0.0154107 0.842312 424.959 0.0574455 0.998177 0.0184817 -2.58598 -0.840492 0.0583444 -0.538674 -101.622
-0.539829 0.0144982 0.841651 427.215 0.0584346 0.998085 0.0202866 -2.57085 -0.839745 0.0601327 -0.539642 -103.081
-0.540773 0.0155566 0.841025 429.551 0.0597398 0.998014 0.0199518 -2.53721 -0.839045 0.061032 -0.540629 -104.592
-0.540994 0.0159533 0.840876 431.844 0.0603352 0.99798 0.0198839 -2.51423 -0.83886 0.0614914 -0.540864 -106.079
-0.542363 0.0169059 0.839975 434.131 0.0618926 0.997885 0.0198792 -2.49554 -0.837862 0.0627699 -0.542262 -107.551
-0.543433 0.0161413 0.839297 436.431 0.063661 0.997728 0.0220315 -2.4735 -0.837035 0.0654031 -0.543227 -109.03
-0.545173 0.0146969 0.838195 438.712 0.065422 0.997543 0.0250604 -2.45277 -0.835767 0.0684986 -0.544795 -110.483
-0.546334 0.014051 0.83745 440.987 0.0677433 0.997325 0.0274608 -2.4194 -0.834823 0.0717343 -0.545825 -111.956
-0.546382 0.0153365 0.837396 443.207 0.0687302 0.997281 0.0265802 -2.40038 -0.834711 0.0720772 -0.545951 -113.422
-0.547556 0.0164388 0.836608 445.476 0.0663034 0.997516 0.0237948 -2.37448 -0.834138 0.0684988 -0.547286 -114.906
-0.547989 0.0159475 0.836334 447.746 0.0637843 0.997704 0.0227686 -2.35003 -0.834051 0.0658219 -0.547748 -116.392
-0.546791 0.0162301 0.837112 450.049 0.0647684 0.997636 0.0229634 -2.30725 -0.834761 0.0667745 -0.54655 -117.946
-0.553993 0.0147747 0.83239 452.334 0.0625914 0.997752 0.0239475 -2.30674 -0.830165 0.0653672 -0.553673 -119.283
-0.559425 0.0139928 0.828763 454.677 0.0594019 0.997963 0.0232474 -2.2702 -0.82675 0.0622352 -0.559117 -120.76
-0.563939 0.0139746 0.825699 456.945 0.0585164 0.99802 0.0230747 -2.24336 -0.823741 0.0613296 -0.56364 -122.207
-0.568626 0.0128236 0.822496 459.201 0.0590056 0.997938 0.0252341 -2.21741 -0.820477 0.0628806 -0.568211 -123.67
-0.573208 0.0112236 0.819334 461.495 0.0610373 0.997713 0.0290347 -2.17772 -0.817134 0.0666528 -0.572582 -125.166
-0.572973 0.0102899 0.81951 463.76 0.0662336 0.997232 0.0337868 -2.11555 -0.816894 0.073638 -0.572069 -126.745
-0.573168 0.00855905 0.819394 466.061 0.0685893 0.996937 0.0375647 -2.03764 -0.816563 0.0777325 -0.572 -128.322
-0.572741 0.00632553 0.819712 468.293 0.0625872 0.997389 0.0360337 -1.98012 -0.817344 0.0719414 -0.571642 -129.843
-0.572547 0.00672055 0.819844 470.519 0.0554879 0.997991 0.0305697 -1.92797 -0.817992 0.062994 -0.57177 -131.373
-0.572896 0.00510604 0.819613 472.702 0.0501694 0.998324 0.0288482 -1.88872 -0.818092 0.0576464 -0.572192 -132.789
-0.571666 0.00499564 0.820471 474.959 0.0476589 0.998495 0.0271269 -1.83498 -0.819101 0.0546102 -0.571044 -134.317
-0.569195 0.00563342 0.822183 477.175 0.0509635 0.998295 0.0284418 -1.80782 -0.820622 0.0580902 -0.568513 -135.851
-0.565409 0.00451234 0.824798 479.432 0.0494565 0.998371 0.0284411 -1.74735 -0.823327 0.0568725 -0.564712 -137.415
-0.562743 0.0059922 0.82661 481.657 0.0478507 0.998533 0.0253375 -1.70872 -0.825246 0.0538123 -0.562205 -138.936
-0.556182 0.00180196 0.831059 483.882 0.0431255 0.998713 0.026696 -1.68203 -0.829941 0.0506876 -0.555544 -140.542
-0.556275 -0.00366336 0.83099 486.164 0.0347465 0.999013 0.0276638 -1.64743 -0.830272 0.0442626 -0.555599 -142.021
-0.555642 -0.0059973 0.8314 488.428 0.028178 0.999263 0.0260401 -1.60548 -0.830945 0.0378961 -0.555064 -143.518
-0.554699 -0.00613326 0.832029 490.69 0.026555 0.999333 0.0250703 -1.56677 -0.831628 0.0360009 -0.554166 -145.01
-0.554431 -0.00396008 0.83222 492.945 0.0323029 0.999132 0.0262747 -1.53363 -0.831603 0.0414506 -0.553823 -146.507
-0.552492 -0.00576765 0.833498 495.234 0.0341246 0.998981 0.0295325 -1.49692 -0.83282 0.0447592 -0.551733 -148.028
-0.547331 -0.0079215 0.836879 497.545 0.0331334 0.998966 0.0311254 -1.43464 -0.836261 0.0447645 -0.546503 -149.616
-0.543455 -0.00613743 0.839416 499.66 0.0345501 0.998962 0.0296724 -1.38375 -0.838727 0.0451274 -0.54268 -151.134
-0.534885 -0.00513935 0.844909 501.803 0.0349613 0.99899 0.0282094 -1.34364 -0.844202 0.0446279 -0.534166 -152.626
-0.532396 -0.00296839 0.84649 504.076 0.0367403 0.99897 0.0266107 -1.30142 -0.845698 0.0452677 -0.53174 -154.088
-0.53104 -0.00393557 0.847338 506.434 0.0374824 0.998901 0.0281303 -1.26836 -0.846518 0.0466985 -0.53031 -155.551
-0.532314 -0.00464 0.846534 508.696 0.0405552 0.998697 0.0309758 -1.25767 -0.845575 0.0508202 -0.531433 -156.904
-0.531255 -0.0044014 0.847201 511.054 0.0405152 0.99871 0.0305944 -1.1834 -0.846243 0.0505779 -0.530392 -158.403
-0.528563 -0.00520512 0.848878 513.455 0.0387578 0.99879 0.0302573 -1.12806 -0.848009 0.0488935 -0.527723 -159.865
-0.526547 -0.00522574 0.85013 515.762 0.0412833 0.998644 0.0317084 -1.08079 -0.849144 0.0517921 -0.525617 -161.338
-0.52324 -0.00584655 0.852165 518.114 0.039992 0.998706 0.0314075 -1.00182 -0.851247 0.0505134 -0.52233 -162.817
-0.520806 -0.00416773 0.853665 520.481 0.0396052 0.998793 0.0290387 -0.932696 -0.852756 0.0489331 -0.520013 -164.282
-0.522226 0.00411692 0.852797 522.843 0.0481826 0.998533 0.0246851 -0.877185 -0.851445 0.0539811 -0.521659 -165.755
-0.520481 0.00399056 0.853864 525.192 0.0483572 0.998521 0.02481 -0.825473 -0.852503 0.0542035 -0.519906 -167.222
-0.518476 0.00419272 0.855082 527.469 0.0512817 0.99834 0.0261993 -0.794001 -0.853554 0.0574337 -0.517831 -168.653
-0.514153 0.00311637 0.857693 529.668 0.0481337 0.998522 0.0252262 -0.752795 -0.856347 0.0542541 -0.513544 -169.952
-0.513766 0.00374196 0.857922 532.011 0.0490967 0.998479 0.0250465 -0.70559 -0.856525 0.0549892 -0.51317 -171.371
-0.513775 0.00457001 0.857913 534.343 0.0497271 0.998463 0.0244611 -0.668302 -0.856483 0.055229 -0.513213 -172.754
-0.510602 0.00497566 0.859803 536.684 0.0501431 0.998453 0.0239999 -0.620171 -0.858354 0.0553675 -0.510063 -174.214
-0.509499 0.00331396 0.860465 538.991 0.049463 0.998451 0.0254427 -0.585691 -0.859049 0.0555242 -0.508875 -175.582
-0.508192 0.00293383 0.861239 541.215 0.0514762 0.998309 0.0269738 -0.545812 -0.859705 0.0580411 -0.507484 -176.975
-0.503946 0.00686182 0.863708 543.473 0.0561586 0.998112 0.0248371 -0.497714 -0.861908 0.0610211 -0.503381 -178.371
-0.502612 0.0068188 0.864486 545.86 0.0548832 0.998203 0.0240355 -0.451914 -0.862769 0.0595262 -0.502083 -179.775
-0.502172 0.00747924 0.864736 548.313 0.0537214 0.9983 0.0225628 -0.411689 -0.863098 0.0577851 -0.501721 -181.139
-0.502243 0.00953063 0.864674 550.611 0.0566247 0.998155 0.0218884 -0.378267 -0.862871 0.0599552 -0.501857 -182.482
-0.501189 0.0102644 0.865277 552.955 0.0582763 0.998059 0.0219154 -0.341675 -0.863374 0.0614089 -0.500815 -183.867
-0.502474 0.00968792 0.864538 555.334 0.0556729 0.998224 0.0211714 -0.315951 -0.862799 0.0587694 -0.502122 -185.191
-0.502903 0.0108834 0.864275 557.648 0.05734 0.998138 0.0207957 -0.299311 -0.86244 0.0600157 -0.50259 -186.542
-0.49694 0.0103527 0.867724 559.997 0.059067 0.998013 0.0219201 -0.266873 -0.865773 0.0621467 -0.496564 -188.027
-0.491909 0.00979608 0.870592 562.328 0.0604252 0.997909 0.0229132 -0.23603 -0.868548 0.0638768 -0.491473 -189.437
-0.495923 0.0084482 0.868326 564.775 0.0586896 0.997992 0.0238093 -0.200582 -0.866382 0.0627692 -0.495423 -190.703
-0.495359 0.00996332 0.868631 567.141 0.0599137 0.997944 0.0227207 -0.165817 -0.866621 0.0632978 -0.494938 -192.062
-0.49488 0.0119398 0.86888 569.458 0.0644133 0.997658 0.0229778 -0.14621 -0.866572 0.0673386 -0.49449 -193.414
-0.492749 0.0124519 0.870083 571.827 0.0661923 0.997536 0.0232103 -0.106229 -0.867651 0.0690296 -0.492359 -194.802
-0.489876 0.0119737 0.87171 574.201 0.0663705 0.997515 0.0235965 -0.0649603 -0.869263 0.0694152 -0.489453 -196.182
-0.489778 0.0118861 0.871766 576.546 0.0670489 0.997459 0.0240697 -0.0403315 -0.869266 0.0702398 -0.489331 -197.5
-0.490185 0.0119263 0.871537 578.918 0.0659365 0.997548 0.0234344 -0.0105634 -0.869122 0.0689532 -0.48977 -198.79
-0.492141 0.0114863 0.87044 581.31 0.0665188 0.997485 0.0244465 0.01912 -0.867971 0.0699317 -0.491668 -200.119
-0.49323 0.0100794 0.869841 583.672 0.0669007 0.99741 0.0263773 0.0555054 -0.867324 0.071203 -0.492627 -201.438
-0.493599 0.0089649 0.869644 586.038 0.0660985 0.997441 0.0272344 0.0988742 -0.867175 0.070925 -0.492929 -202.766
-0.494629 0.011387 0.86903 588.385 0.0672809 0.997415 0.0252253 0.132397 -0.866497 0.0709462 -0.494117 -204.101
-0.500259 0.0137671 0.865767 590.81 0.065749 0.99759 0.0221279 0.174208 -0.863377 0.0679929 -0.499959 -205.39
-0.503042 0.0146546 0.864138 593.16 0.0628694 0.997827 0.0196764 0.228657 -0.861973 0.0642258 -0.502871 -206.666
-0.50401 0.0134881 0.863593 595.369 0.06574 0.997576 0.0227864 0.246392 -0.861193 0.0682571 -0.503676 -207.975
-0.504419 0.0119901 0.863376 597.725 0.0667039 0.997456 0.0251189 0.273556 -0.86088 0.0702609 -0.503936 -209.316
-0.506363 0.0179067 0.862135 600.06 0.0750815 0.996902 0.0233921 0.299844 -0.859046 0.0765752 -0.506139 -210.727
-0.507942 0.0191133 0.861179 602.424 0.0743629 0.996994 0.0217332 0.339511 -0.858176 0.075079 -0.507837 -212.076
-0.509716 0.0204012 0.860101 604.779 0.075791 0.996896 0.0212696 0.362289 -0.856999 0.0760294 -0.509681 -213.439
-0.51058 0.0198767 0.859601 607.14 0.0759339 0.996868 0.0220519 0.387265 -0.856472 0.0765321 -0.510491 -214.81
-0.510987 0.0175695 0.859409 609.513 0.0742882 0.996952 0.0237888 0.420806 -0.856373 0.0759996 -0.510735 -216.184
-0.512508 0.0172903 0.858508 611.834 0.0758575 0.996799 0.0252096 0.431809 -0.855326 0.0780444 -0.51218 -217.527
-0.507684 0.0172134 0.861372 614.153 0.07356 0.997015 0.0234314 0.500474 -0.858398 0.0752582 -0.507435 -218.976
-0.503614 0.0188217 0.863724 616.455 0.0755177 0.996894 0.0223086 0.548462 -0.860623 0.0764613 -0.503472 -220.395
-0.499598 0.0181911 0.866066 618.82 0.075005 0.996932 0.0223274 0.59275 -0.863005 0.076114 -0.499431 -221.813
-0.49569 0.0183614 0.868306 621.13 0.0775406 0.996719 0.0231887 0.61185 -0.865032 0.0788233 -0.495487 -223.225
-0.493419 0.0180021 0.869605 623.465 0.0782098 0.996653 0.0237445 0.638759 -0.866269 0.0797277 -0.493176 -224.599
-0.494146 0.018547 0.869181 625.877 0.0780454 0.996681 0.0231025 0.662649 -0.86587 0.0792516 -0.493954 -225.928
-0.495457 0.0192916 0.868418 628.296 0.0786644 0.996641 0.0227402 0.681927 -0.865064 0.0795804 -0.495311 -227.233
-0.488564 0.0208549 0.872279 630.652 0.0825397 0.996335 0.0224096 0.714376 -0.868616 0.0829462 -0.488495 -228.7
-0.489308 0.0196792 0.871889 633.054 0.0820123 0.996353 0.0235372 0.73576 -0.868247 0.0830225 -0.489137 -229.999
-0.489931 0.0194166 0.871545 635.374 0.082956 0.996253 0.0244381 0.766878 -0.867806 0.0842729 -0.489706 -231.268
-0.492085 0.025636 0.87017 637.648 0.0909016 0.995614 0.0220736 0.738314 -0.865789 0.0899618 -0.492258 -232.434
-0.494662 0.0222868 0.8688 639.928 0.0854109 0.996078 0.023078 0.752668 -0.864879 0.0856208 -0.494626 -233.602
-0.496197 0.0217721 0.867937 642.28 0.0850324 0.996097 0.0236257 0.772473 -0.864036 0.0855257 -0.496113 -234.899
-0.497411 0.0210543 0.86726 644.624 0.0845798 0.996119 0.0243275 0.79329 -0.863383 0.0854534 -0.497261 -236.194
-0.497617 0.0204647 0.867156 646.985 0.0838349 0.996175 0.024599 0.82373 -0.863337 0.0849387 -0.497429 -237.524
-0.497356 0.0197128 0.867323 649.338 0.0832368 0.996213 0.0250888 0.859477 -0.863545 0.0846713 -0.497113 -238.868
-0.498204 0.0196378 0.866838 651.634 0.0827682 0.996254 0.0250003 0.884742 -0.863101 0.0842018 -0.497963 -240.172
-0.499328 0.0211092 0.866156 653.945 0.0840589 0.996167 0.0241811 0.905608 -0.862327 0.0848825 -0.499189 -241.488
-0.497268 0.0218916 0.867321 656.322 0.0843281 0.996167 0.0232048 0.959935 -0.86349 0.0846785 -0.497209 -242.893
-0.494338 0.0215931 0.869002 658.705 0.0849089 0.99611 0.0235495 1.01419 -0.865114 0.0854274 -0.494249 -244.287
-0.491295 0.0208182 0.870745 661.018 0.0842848 0.996158 0.0237388 1.05888 -0.866906 0.0850533 -0.491163 -245.665
-0.490422 0.0219542 0.871209 663.361 0.0836246 0.996254 0.0219686 1.09056 -0.867465 0.0836284 -0.490421 -246.99
-0.490592 0.0241041 0.871056 665.703 0.0844341 0.996228 0.0199867 1.11687 -0.86729 0.0833522 -0.490777 -248.316
-0.49322 0.0254762 0.869532 668.046 0.0842244 0.996273 0.0185845 1.12828 -0.865819 0.082402 -0.493527 -249.562
-0.49391 0.0255615 0.869137 670.394 0.0854007 0.99616 0.019234 1.14252 -0.865309 0.0837247 -0.494197 -250.89
-0.493855 0.0246227 0.869196 672.759 0.0860214 0.996078 0.0206581 1.15875 -0.86528 0.0849716 -0.494036 -252.229
-0.496087 0.024178 0.867936 675.177 0.0848173 0.99618 0.0207286 1.18911 -0.864121 0.0838992 -0.496243 -253.505
-0.497643 0.0259448 0.866994 677.529 0.0897674 0.995725 0.0217281 1.21802 -0.862725 0.0886406 -0.497844 -254.916
-0.496627 0.0266407 0.867555 679.868 0.0904371 0.995676 0.0211952 1.24535 -0.86324 0.0889852 -0.496889 -256.273
-0.49799 0.0267042 0.866772 682.272 0.0890115 0.99582 0.0204602 1.26569 -0.862603 0.0873416 -0.498286 -257.584
-0.498547 0.0263201 0.866463 684.611 0.0896605 0.995743 0.0213418 1.27988 -0.862214 0.0883274 -0.498785 -258.914
-0.498758 0.0258641 0.866356 686.957 0.089807 0.995716 0.0219755 1.29958 -0.862077 0.0887653 -0.498944 -260.247
-0.49975 0.0261715 0.865775 689.284 0.0909932 0.995598 0.0224279 1.32141 -0.861378 0.0899879 -0.499932 -261.573
-0.504163 0.0260628 0.863216 691.648 0.0888445 0.995806 0.0218236 1.34405 -0.859027 0.0876946 -0.504364 -262.821
-0.50484 0.027873 0.862763 694.034 0.0893821 0.995793 0.0201305 1.37785 -0.858574 0.0872783 -0.505207 -264.203
-0.508397 0.0279641 0.860669 696.407 0.0885234 0.995874 0.0199337 1.40019 -0.856561 0.0863236 -0.508775 -265.493
-0.508312 0.0284945 0.860702 698.741 0.0886643 0.995872 0.0193937 1.44068 -0.856597 0.0861715 -0.50874 -266.852
-0.50973 0.0284047 0.859865 701.037 0.0890448 0.995828 0.0198899 1.44793 -0.855714 0.086705 -0.510133 -268.15
-0.508149 0.0298185 0.860753 703.351 0.089499 0.995817 0.0183386 1.47175 -0.856607 0.0863552 -0.508693 -269.563
-0.510143 0.0318035 0.859502 705.709 0.0911132 0.995691 0.0172359 1.48852 -0.855251 0.0871047 -0.510843 -270.901
-0.511431 0.0314647 0.858748 708.013 0.0914271 0.995649 0.017969 1.48858 -0.854448 0.0877028 -0.512083 -272.218
-0.510957 0.0318036 0.859018 710.274 0.0939407 0.995395 0.0190246 1.50861 -0.854459 0.0904175 -0.511592 -273.587
-0.510891 0.0310641 0.859084 712.605 0.0932056 0.995457 0.0194333 1.52792 -0.854579 0.0899998 -0.511465 -274.952
-0.510427 0.0305256 0.859379 714.888 0.0922937 0.995541 0.0194555 1.54041 -0.854955 0.089246 -0.510968 -276.307
