1 0 0 0 0 1 0 0 0 0 1 0
1 -0.000316022 0.000311163 -0.0411531 0.000315035 0.999995 0.00316743 -0.0439145 -0.000312162 -0.00316734 0.999995 1.60831
0.999999 -0.000660982 -0.000988149 -0.0497621 0.000664938 0.999992 0.00400935 -0.0616946 0.000985491 -0.00401 0.999991 3.19414
0.999997 0.000350058 -0.00247101 -0.0533794 -0.000340277 0.999992 0.00395739 -0.0780915 0.00247238 -0.00395654 0.999989 4.76997
0.999992 0.00050359 -0.00399566 -0.060455 -0.000488341 0.999993 0.00381634 -0.0935598 0.00399756 -0.00381436 0.999985 6.34883
0.999985 0.000684466 -0.00547417 -0.0716935 -0.000662579 0.999992 0.00399893 -0.103557 0.00547686 -0.00399524 0.999977 7.92192
0.999975 -0.000346332 -0.00710673 -0.0881155 0.000375403 0.999991 0.0040898 -0.11443 0.00710525 -0.00409237 0.999966 9.45151
0.999967 -0.00210374 -0.00778451 -0.116289 0.00212874 0.999993 0.00320532 -0.128357 0.00777771 -0.00322179 0.999965 10.9889
0.999969 -0.00359523 -0.006974 -0.174574 0.00361868 0.999988 0.00335202 -0.140375 0.00696187 -0.00337715 0.99997 12.5262
0.999974 -0.00361562 -0.00619746 -0.219774 0.00363583 0.999988 0.00325249 -0.156001 0.00618563 -0.00327494 0.999976 14.0372
0.999977 -0.00297006 -0.00602221 -0.255534 0.00298938 0.99999 0.00320143 -0.170499 0.00601264 -0.00321936 0.999977 15.5687
0.999981 -0.00188825 -0.00585616 -0.289878 0.00191091 0.999991 0.00386671 -0.184502 0.0058488 -0.00387782 0.999975 17.135
0.999985 -0.000523952 -0.00548864 -0.323516 0.00054957 0.999989 0.004667 -0.197174 0.00548613 -0.00466994 0.999974 18.701
0.999983 0.000124352 -0.00572713 -0.340265 -9.32199e-05 0.999985 0.0054359 -0.205406 0.00572772 -0.00543528 0.999969 20.2401
0.999982 0.00013602 -0.00598922 -0.352675 -0.000103993 0.999986 0.00534749 -0.21561 0.00598986 -0.00534677 0.999968 21.7726
0.99998 0.000936885 -0.00625343 -0.365228 -0.000902594 0.999985 0.00548411 -0.224267 0.00625847 -0.00547835 0.999965 23.2965
0.999979 0.00162464 -0.00627514 -0.377136 -0.00158817 0.999982 0.00581237 -0.23103 0.00628447 -0.00580228 0.999963 24.8049
0.999983 0.00215904 -0.00535395 -0.400391 -0.00212041 0.999972 0.00721041 -0.248152 0.00536937 -0.00719894 0.99996 26.2758
0.999985 0.00228471 -0.00494881 -0.41851 -0.00225583 0.99998 0.00583396 -0.258268 0.00496205 -0.00582271 0.999971 27.7688
0.999987 0.00291768 -0.00420475 -0.441037 -0.00290344 0.99999 0.00338732 -0.25909 0.0042146 -0.00337507 0.999985 29.2822
0.999991 0.00127797 -0.00403223 -0.453041 -0.00126455 0.999994 0.00333105 -0.278108 0.00403646 -0.00332592 0.999986 30.7372
0.99999 0.000243938 -0.00434338 -0.45645 -0.000216667 0.99998 0.0062784 -0.297851 0.00434482 -0.0062774 0.999971 32.1975
0.999988 -0.00117983 -0.00469502 -0.460801 0.00121653 0.999969 0.00782145 -0.317085 0.00468565 -0.00782707 0.999958 33.6466
0.999985 -0.0019852 -0.00500716 -0.46836 0.00202115 0.999972 0.00718682 -0.333773 0.00499275 -0.00719683 0.999962 35.0672
0.999986 -0.00242966 -0.00469646 -0.475694 0.0024567 0.99998 0.0057612 -0.351128 0.00468237 -0.00577265 0.999972 36.5027
0.99999 -0.00202287 -0.00407443 -0.48872 0.00204357 0.999985 0.00508296 -0.364108 0.00406409 -0.00509123 0.999979 37.9295
0.999994 -0.00112615 -0.0033507 -0.500429 0.00113986 0.999991 0.00409444 -0.376431 0.00334606 -0.00409823 0.999986 39.3426
0.999998 -0.000515936 -0.00177269 -0.515847 0.000525031 0.999987 0.00513466 -0.391332 0.00177001 -0.00513558 0.999985 40.7204
1 -5.54096e-05 -0.000275358 -0.524939 5.7336e-05 0.999975 0.00700545 -0.404116 0.000274961 -0.00700547 0.999975 42.073
0.999999 -0.000487768 0.00114014 -0.526331 0.00047862 0.999968 0.00800884 -0.417489 -0.00114401 -0.00800829 0.999967 43.4065
0.999995 -0.000402277 0.0030288 -0.519271 0.000376854 0.999965 0.00838952 -0.421612 -0.00303207 -0.00838833 0.99996 44.7841
0.999979 -0.00105878 0.00631067 -0.512305 0.00101016 0.99997 0.00770206 -0.433154 -0.00631863 -0.00769553 0.99995 46.1082
0.999951 -0.00192998 0.00972322 -0.498743 0.00187304 0.999981 0.00586135 -0.444267 -0.00973435 -0.00584285 0.999936 47.4287
0.999912 -0.00165711 0.0131747 -0.489952 0.00160174 0.99999 0.00421203 -0.4594 -0.0131815 -0.00419055 0.999904 48.6955
0.999848 -0.00162303 0.0173462 -0.475589 0.00154072 0.999987 0.0047571 -0.473564 -0.0173537 -0.00472965 0.999838 49.9624
0.999751 -0.00130049 0.0222744 -0.444298 0.0011987 0.999989 0.00458233 -0.487804 -0.0222802 -0.00455448 0.999741 51.2226
0.999594 0.000363592 0.0284957 -0.410574 -0.000463488 0.999994 0.00349907 -0.497344 -0.0284943 -0.00351085 0.999588 52.4796
0.999351 0.00192739 0.0359832 -0.373794 -0.00204684 0.999992 0.00328297 -0.506681 -0.0359766 -0.00335448 0.999347 53.7155
0.999029 0.00266208 0.043967 -0.321313 -0.00284537 0.999987 0.00410673 -0.518811 -0.0439555 -0.00422784 0.999025 54.9318
0.998524 0.00446969 0.0541365 -0.256368 -0.00473158 0.999978 0.00471024 -0.530197 -0.0541143 -0.00495943 0.998522 56.1475
0.997728 0.00654666 0.0670471 -0.18174 -0.00687302 0.999966 0.00463808 -0.54166 -0.0670144 -0.00508836 0.997739 57.3425
0.996587 0.00873179 0.0820848 -0.106164 -0.00918755 0.999944 0.00517616 -0.556862 -0.082035 -0.00591265 0.996612 58.4888
0.995149 0.0106268 0.0977993 0.00805228 -0.0112933 0.999917 0.00626384 -0.562657 -0.0977246 -0.00733793 0.995186 59.6657
0.993244 0.01071 0.115554 0.130803 -0.0115927 0.999908 0.00696986 -0.573621 -0.115468 -0.00826235 0.993277 60.7991
0.990846 0.0104368 0.134594 0.276386 -0.0113533 0.999917 0.00604373 -0.5809 -0.13452 -0.00751649 0.990882 61.9382
0.987922 0.0095943 0.154653 0.439687 -0.0105278 0.999931 0.0052184 -0.594908 -0.154592 -0.00678353 0.987955 63.0224
0.984457 0.00669969 0.175496 0.6262 -0.00772883 0.999957 0.00518137 -0.608913 -0.175454 -0.00645721 0.984467 64.1029
0.980303 0.00167843 0.197494 0.835408 -0.00319319 0.999968 0.00735168 -0.621975 -0.197476 -0.0078375 0.980277 65.1737
0.975358 -0.003912 0.220596 1.07331 0.00199485 0.999958 0.00891289 -0.633785 -0.220621 -0.00825319 0.975325 66.2312
0.969679 -0.00845622 0.244236 1.33697 0.00655535 0.999942 0.00859474 -0.646003 -0.244294 -0.00673309 0.969678 67.2827
0.962899 -0.0136847 0.269515 1.62479 0.0122628 0.999901 0.00695888 -0.651272 -0.269584 -0.00339569 0.962971 68.3367
0.955223 -0.0171445 0.29539 1.93496 0.0154895 0.999848 0.00794203 -0.663189 -0.295481 -0.00301097 0.955344 69.3243
0.946339 -0.0196516 0.322578 2.27374 0.0172854 0.999799 0.0101986 -0.663922 -0.322713 -0.00407541 0.946488 70.3341
0.936421 -0.023687 0.350078 2.62717 0.0203528 0.999706 0.0132007 -0.671742 -0.350287 -0.00523638 0.936628 71.2739
0.925371 -0.0266 0.378128 3.01462 0.0234438 0.999641 0.0129488 -0.676992 -0.378337 -0.00311771 0.925663 72.2069
0.913148 -0.0257942 0.406811 3.42906 0.0241161 0.999666 0.00925253 -0.681764 -0.406914 0.00136177 0.913466 73.1271
0.900081 -0.02702 0.434883 3.86943 0.028075 0.999598 0.0039996 -0.687488 -0.434816 0.00860939 0.900478 74.0105
0.885807 -0.0291416 0.463137 4.33147 0.0319812 0.999487 0.00172196 -0.696959 -0.46295 0.0132863 0.886285 74.8707
0.869955 -0.0295919 0.492242 4.82249 0.0312538 0.9995 0.00485063 -0.700257 -0.492139 0.0111646 0.870445 75.7301
0.852298 -0.0286012 0.522274 5.34552 0.0272485 0.999576 0.0102728 -0.700649 -0.522346 0.0054757 0.852716 76.5692
0.832139 -0.0290991 0.553804 5.85309 0.025415 0.999574 0.0143334 -0.717354 -0.553985 0.0021476 0.832524 77.357
0.810607 -0.0230596 0.585136 6.41063 0.0215062 0.999723 0.00960478 -0.721125 -0.585195 0.00479834 0.810879 78.1499
0.788417 -0.0161055 0.614931 7.00957 0.0184692 0.999826 0.0025065 -0.72141 -0.614864 0.00938109 0.788577 78.9262
0.765675 -0.0138051 0.643079 7.62659 0.0176445 0.999844 0.000455648 -0.724563 -0.642985 0.0109979 0.7658 79.6671
0.742088 -0.0162609 0.670106 8.26108 0.0185753 0.999821 0.00369109 -0.735391 -0.670045 0.00970834 0.742257 80.3654
0.717821 -0.0169083 0.696022 8.91613 0.019243 0.999805 0.00444234 -0.750332 -0.695961 0.0102048 0.718007 81.0098
0.692328 -0.0150443 0.721427 9.59473 0.0198113 0.999802 0.00183721 -0.764464 -0.721311 0.0130205 0.692489 81.651
0.666099 -0.0130237 0.745749 10.309 0.0200354 0.999799 -0.000435162 -0.773058 -0.745594 0.0152313 0.666226 82.279
0.639025 -0.0106975 0.769112 11.031 0.0182738 0.999832 -0.00127637 -0.783755 -0.768969 0.0148702 0.639113 82.8754
0.610889 -0.00925315 0.791662 11.7836 0.0182613 0.99983 -0.00240518 -0.793963 -0.791506 0.0159261 0.610955 83.4529
0.582103 -0.00293863 0.81311 12.5564 0.0169406 0.99982 -0.00851434 -0.810366 -0.812939 0.0187308 0.582048 84.0029
0.552042 0.00572779 0.833797 13.3285 0.0162504 0.999713 -0.0176267 -0.834693 -0.833658 0.0232802 0.55179 84.5122
0.520988 0.0139621 0.85345 14.1304 0.0153487 0.999551 -0.0257219 -0.855533 -0.853426 0.0265002 0.52054 85.0025
0.489132 0.0189809 0.872003 14.9494 0.0128827 0.999497 -0.0289824 -0.879268 -0.872115 0.02541 0.488641 85.4627
0.456588 0.0188852 0.889478 15.8068 0.0107545 0.999584 -0.0267435 -0.903736 -0.889613 0.0217767 0.456195 85.9082
0.423338 0.0180501 0.905792 16.6824 0.00594711 0.999725 -0.0227014 -0.926188 -0.905952 0.0149972 0.423114 86.3247
0.389086 0.0198062 0.920989 17.5535 0.00165044 0.999752 -0.0221973 -0.948182 -0.9212 0.0101567 0.388957 86.6899
0.353856 0.02301 0.935017 18.4422 -0.00567189 0.999732 -0.0224561 -0.972398 -0.935283 0.0026429 0.353891 87.0317
0.318865 0.0250406 0.947469 19.3863 -0.0103887 0.999683 -0.0229243 -0.995759 -0.947743 -0.00253321 0.319024 87.3355
0.283533 0.0248105 0.958641 20.3309 -0.0131344 0.999672 -0.0219878 -1.01938 -0.958873 -0.00635688 0.283766 87.6004
0.247816 0.0246497 0.968493 21.286 -0.0138341 0.999664 -0.0219032 -1.04321 -0.968709 -0.00797026 0.248074 87.8319
0.212251 0.0243543 0.976912 22.2537 -0.0130456 0.999671 -0.0220873 -1.06847 -0.977128 -0.00805634 0.212499 88.0325
0.177036 0.0231832 0.983931 23.2093 -0.0107304 0.999709 -0.0216242 -1.09662 -0.984146 -0.00672969 0.177233 88.1956
0.142441 0.0223072 0.989552 24.1775 -0.00230704 0.999751 -0.022205 -1.12786 -0.989801 0.000879984 0.142457 88.323
0.109096 0.0257687 0.993697 25.1609 0.000353156 0.999663 -0.0259622 -1.16029 -0.994031 0.0031833 0.10905 88.418
0.0770971 0.0305764 0.996555 26.1696 0.00182726 0.999524 -0.0308089 -1.19364 -0.997022 0.00419625 0.0770043 88.4824
0.0481653 0.0342894 0.998251 27.1488 0.00890609 0.999356 -0.0347571 -1.2348 -0.9988 0.0105646 0.0478287 88.5212
0.0228584 0.0326244 0.999206 28.1315 0.0108599 0.9994 -0.0328792 -1.27466 -0.99968 0.0116028 0.0224902 88.5368
0.000872519 0.0296919 0.999559 29.1583 0.0127916 0.999477 -0.0297006 -1.31078 -0.999918 0.0128118 0.000492059 88.5285
-0.0182786 0.0274741 0.999455 30.1787 0.013088 0.999543 -0.0272372 -1.345 -0.999747 0.012583 -0.01863 88.5129
-0.0344254 0.0304423 0.998943 31.2049 0.0148618 0.999441 -0.0299453 -1.38479 -0.999297 0.0138152 -0.0348588 88.468
-0.0489461 0.0346399 0.9982 32.2173 0.0179107 0.999268 -0.0337987 -1.42527 -0.998641 0.0162242 -0.0495309 88.4134
-0.0604877 0.0398689 0.997372 33.2409 0.0222673 0.999007 -0.0385838 -1.46669 -0.997921 0.019875 -0.0613156 88.3394
-0.0690635 0.0435927 0.996659 34.2767 0.0279454 0.998737 -0.0417471 -1.50886 -0.997221 0.0249688 -0.0701947 88.2505
-0.0753667 0.0488792 0.995957 35.2766 0.0317875 0.998408 -0.046594 -1.56328 -0.996649 0.0281473 -0.0768007 88.1768
-0.0789423 0.0536663 0.995433 36.3023 0.0339048 0.998116 -0.0511222 -1.61761 -0.996303 0.0297143 -0.0806133 88.0885
-0.0817084 0.0579239 0.994971 37.3274 0.0359775 0.99783 -0.0551358 -1.67601 -0.996007 0.0312915 -0.0836153 87.9972
-0.0843796 0.0609913 0.994565 38.3615 0.036143 0.997655 -0.0581144 -1.73735 -0.995778 0.0310429 -0.0863864 87.9045
-0.0870373 0.0646889 0.994102 39.3793 0.0370221 0.99741 -0.0616628 -1.80413 -0.995517 0.0314368 -0.089207 87.812
-0.089393 0.0684643 0.99364 40.4168 0.0383379 0.997131 -0.0652558 -1.87449 -0.995258 0.0322607 -0.0917616 87.719
-0.0919634 0.0700545 0.993295 41.4539 0.0407057 0.996952 -0.0665438 -1.94599 -0.99493 0.0343131 -0.094535 87.6232
-0.0943218 0.0691906 0.993134 42.4922 0.0407724 0.997013 -0.0655885 -2.01731 -0.994706 0.034306 -0.0968614 87.5256
-0.0971963 0.0691955 0.992857 43.5529 0.0399377 0.997048 -0.0655779 -2.08714 -0.994464 0.0332785 -0.0996731 87.4339
-0.0999034 0.0708655 0.99247 44.6138 0.0396803 0.99695 -0.0671912 -2.15674 -0.994205 0.0326689 -0.102411 87.3382
-0.101576 0.0730499 0.992142 45.6807 0.0387758 0.996833 -0.0694254 -2.23623 -0.994072 0.0314191 -0.104087 87.2148
-0.10356 0.0753137 0.991768 46.7471 0.0372063 0.996724 -0.0718051 -2.31831 -0.993927 0.0294639 -0.106023 87.0893
-0.105266 0.078829 0.991315 47.813 0.0349929 0.996529 -0.0755279 -2.40451 -0.993828 0.0267384 -0.107659 86.9622
-0.107724 0.0827204 0.990733 48.8638 0.0318612 0.996308 -0.0797215 -2.49713 -0.99367 0.022978 -0.109962 86.8609
-0.110194 0.0853192 0.990241 49.9702 0.0290964 0.996158 -0.0825912 -2.58141 -0.993484 0.0197114 -0.112254 86.7302
-0.112876 0.0841499 0.990039 51.0632 0.026838 0.996302 -0.0816224 -2.66781 -0.993246 0.0173574 -0.114717 86.6025
-0.115568 0.0802357 0.990054 52.168 0.0233998 0.996675 -0.0780409 -2.75328 -0.993024 0.014148 -0.117061 86.4692
-0.117994 0.0790047 0.989866 53.2657 0.0234638 0.996773 -0.0767591 -2.83931 -0.992737 0.0141689 -0.119467 86.3408
-0.119793 0.0796212 0.989601 54.3622 0.0222113 0.996744 -0.0775073 -2.92604 -0.99255 0.0126955 -0.121172 86.2068
-0.120739 0.0825905 0.989242 55.466 0.0237154 0.996488 -0.080301 -3.01461 -0.992401 0.0137648 -0.122274 86.0653
-0.120925 0.0854548 0.988976 56.5688 0.024455 0.996242 -0.0830924 -3.10681 -0.99236 0.0141375 -0.122561 85.9239
-0.120925 0.0864038 0.988894 57.6715 0.0231974 0.996178 -0.0842036 -3.20033 -0.99239 0.0127574 -0.122468 85.7827
-0.120728 0.0852404 0.989019 58.7871 0.0201146 0.996312 -0.0834136 -3.29681 -0.992482 0.00982338 -0.121997 85.6501
-0.121113 0.0848278 0.989007 59.8976 0.0163054 0.996377 -0.0834632 -3.39474 -0.992505 0.00601771 -0.122058 85.5178
-0.120933 0.0860862 0.988921 61.0391 0.0125279 0.996285 -0.0851953 -3.4919 -0.992582 0.00208613 -0.121562 85.3713
-0.121412 0.0862526 0.988847 62.1482 0.00830704 0.996271 -0.0858802 -3.59319 -0.992567 -0.00221253 -0.121676 85.2446
-0.121598 0.0857527 0.988868 63.2831 0.00499843 0.996301 -0.0857827 -3.69318 -0.992567 -0.0054882 -0.121577 85.103
-0.121962 0.0807791 0.989242 64.4104 0.00517685 0.996721 -0.0807516 -3.78914 -0.992521 -0.00472744 -0.12198 84.9666
-0.122617 0.072619 0.989794 65.5328 0.00793799 0.997359 -0.0721907 -3.87835 -0.992422 -0.000994841 -0.12287 84.8336
-0.122726 0.0674643 0.990145 66.6715 0.0130546 0.99771 -0.0663617 -3.9645 -0.992355 0.00478163 -0.123326 84.6894
-0.122582 0.0697814 0.990002 67.7874 0.0212982 0.99748 -0.0676714 -4.05021 -0.99223 0.01279 -0.123759 84.5524
-0.121446 0.0753488 0.989734 68.9309 0.0271444 0.996994 -0.0725708 -4.13469 -0.992227 0.0180523 -0.123126 84.3984
-0.120465 0.0809971 0.989408 70.0753 0.0307599 0.996492 -0.0778319 -4.22539 -0.992241 0.021058 -0.122534 84.247
-0.11965 0.0853534 0.98914 71.2186 0.0315801 0.996121 -0.0821357 -4.32239 -0.992314 0.0214096 -0.121882 84.1005
-0.119761 0.0825889 0.989361 72.3739 0.0285459 0.996408 -0.0797217 -4.41775 -0.992392 0.0186947 -0.121688 83.9639
-0.120761 0.0785477 0.989569 73.5049 0.0273749 0.996749 -0.0757769 -4.513 -0.992304 0.0179385 -0.122519 83.8571
-0.120127 0.0766374 0.989796 74.6989 0.0246249 0.996939 -0.0742019 -4.60168 -0.992453 0.0154599 -0.121647 83.6949
-0.120023 0.0773486 0.989753 75.8579 0.022475 0.996916 -0.0751829 -4.69337 -0.992517 0.013221 -0.121392 83.5592
-0.119908 0.0824941 0.989351 77.0264 0.0233938 0.9965 -0.0802548 -4.78961 -0.992509 0.0135215 -0.121418 83.417
-0.119885 0.0850679 0.989136 78.1866 0.0225804 0.996298 -0.0829471 -4.88862 -0.992531 0.0123909 -0.121362 83.2898
-0.119371 0.0840905 0.989282 79.386 0.0223137 0.996382 -0.0820015 -4.98413 -0.992599 0.012286 -0.120816 83.1328
-0.119849 0.0777161 0.989745 80.547 0.022982 0.996881 -0.0754935 -5.08104 -0.992526 0.0136985 -0.121262 83.0173
-0.120685 0.0763672 0.989749 81.7355 0.0218118 0.997 -0.074267 -5.17432 -0.992451 0.0126253 -0.121989 82.8799
-0.120808 0.0792842 0.989504 82.9238 0.0193032 0.996804 -0.0775123 -5.2719 -0.992488 0.00973647 -0.121953 82.7426
-0.120834 0.0823222 0.989253 84.1287 0.0188243 0.996566 -0.0806314 -5.37042 -0.992494 0.00887897 -0.121969 82.5958
-0.120931 0.0818834 0.989278 85.3358 0.0179034 0.99661 -0.0803017 -5.46944 -0.992499 0.00800052 -0.121987 82.4481
-0.120725 0.0786741 0.989563 86.5407 0.01744 0.996868 -0.0771272 -5.56853 -0.992533 0.00794679 -0.121719 82.3035
-0.11989 0.0777706 0.989736 87.7538 0.0180818 0.996932 -0.0761458 -5.66737 -0.992622 0.00876709 -0.120928 82.1567
-0.11864 0.0783953 0.989837 88.9838 0.0197911 0.996867 -0.0765798 -5.76581 -0.99274 0.0105045 -0.11982 82.0057
-0.117942 0.0788212 0.989887 90.2013 0.0222452 0.996804 -0.0767216 -5.86354 -0.992771 0.0129715 -0.119319 81.8627
-0.117324 0.0784838 0.989987 91.4144 0.0218998 0.996834 -0.0764312 -5.96324 -0.992852 0.0127133 -0.118671 81.7268
-0.116511 0.0792273 0.990024 92.64 0.0232084 0.996758 -0.0770349 -6.06414 -0.992918 0.0140015 -0.117972 81.5886
-0.115742 0.0775741 0.990245 93.8663 0.0234353 0.996881 -0.0753548 -6.16393 -0.993003 0.014485 -0.1172 81.45
-0.114756 0.0767984 0.99042 95.1157 0.0217081 0.996962 -0.0747905 -6.26245 -0.993156 0.0129175 -0.116075 81.3093
-0.113752 0.0762904 0.990575 96.3379 0.0230068 0.996982 -0.0741418 -6.36198 -0.993243 0.0143562 -0.115164 81.1742
-0.112027 0.0771769 0.990703 97.5931 0.02127 0.996937 -0.0752573 -6.46176 -0.993477 0.0126414 -0.113326 81.0318
-0.110573 0.0795164 0.990682 98.8286 0.0217697 0.996748 -0.0775736 -6.5652 -0.993629 0.0129893 -0.111945 80.8943
-0.10951 0.0782674 0.990899 100.084 0.0196187 0.996871 -0.0765709 -6.6686 -0.993792 0.0110549 -0.110703 80.761
-0.110452 0.0772571 0.990874 101.343 0.015513 0.996986 -0.0760045 -6.7692 -0.99376 0.00697654 -0.111318 80.6522
-0.110717 0.0782131 0.990769 102.599 0.012663 0.996928 -0.0772843 -6.87243 -0.993771 0.00398942 -0.111368 80.5225
-0.110958 0.077514 0.990797 103.856 0.0104009 0.996989 -0.0768336 -6.97631 -0.99377 0.00177994 -0.11143 80.3825
-0.112052 0.0750659 0.990863 105.118 0.00815988 0.997178 -0.0746216 -7.07758 -0.993668 -0.000276156 -0.112348 80.2437
-0.114058 0.0735931 0.990744 106.41 0.00607328 0.997285 -0.0733798 -7.18119 -0.993455 -0.00235249 -0.114195 80.1161
-0.115398 0.0731913 0.990619 107.705 0.00424602 0.997308 -0.073191 -7.28059 -0.99331 -0.00423993 -0.115399 79.9731
-0.117328 0.0734401 0.990374 108.985 0.00439214 0.99729 -0.0734327 -7.38439 -0.993083 -0.00426588 -0.117333 79.8288
-0.119477 0.0722618 0.990203 110.281 0.00418077 0.997375 -0.0722807 -7.48306 -0.992828 -0.00449609 -0.119466 79.6754
-0.121833 0.0674159 0.990258 111.529 0.00171085 0.997703 -0.0677122 -7.58582 -0.992549 -0.00655539 -0.121668 79.516
-0.12524 0.0674678 0.989829 112.799 0.00143014 0.997696 -0.067823 -7.68371 -0.992125 -0.00707856 -0.125048 79.3482
-0.129857 0.0730068 0.988841 114.064 -0.00349176 0.997245 -0.0740858 -7.78732 -0.991526 -0.0130734 -0.129245 79.1796
-0.13633 0.0759904 0.987744 115.326 -0.00248773 0.997024 -0.0770476 -7.89395 -0.99066 -0.0129612 -0.135736 79.0039
-0.145448 0.0719183 0.986748 116.615 -0.000786598 0.997345 -0.0728066 -7.99718 -0.989365 -0.0113658 -0.145006 78.8152
-0.155229 0.0700103 0.985394 117.867 0.00132709 0.997499 -0.0706613 -8.09963 -0.987877 -0.00966097 -0.154934 78.6063
-0.168054 0.0710134 0.983216 119.08 0.00143646 0.997418 -0.0717936 -8.20142 -0.985776 -0.0106529 -0.167723 78.4087
-0.182001 0.071304 0.980709 120.307 0.00347072 0.997407 -0.071874 -8.30212 -0.983292 -0.0096774 -0.181777 78.1881
-0.196772 0.0691191 0.978009 121.533 0.00396913 0.997559 -0.0697022 -8.40528 -0.980441 -0.00983363 -0.196567 77.9545
-0.211695 0.0719156 0.974686 122.775 0.00844254 0.997386 -0.0717568 -8.50402 -0.977299 -0.00696175 -0.211749 77.6734
-0.226329 0.0751842 0.971144 123.969 0.00972988 0.997141 -0.0749292 -8.61071 -0.974002 -0.00750959 -0.226414 77.3905
-0.240726 0.0788389 0.967385 125.148 0.00998228 0.996843 -0.0787556 -8.71899 -0.970541 -0.00930185 -0.240754 77.0882
-0.256424 0.0767981 0.963508 126.361 0.00699207 0.996959 -0.0776036 -8.82537 -0.966539 -0.0131625 -0.256181 76.7709
-0.272576 0.0709923 0.959511 127.575 0.00165082 0.997306 -0.0733198 -8.93273 -0.962132 -0.0184013 -0.27196 76.4466
-0.287824 0.066845 0.955347 128.771 -0.00203882 0.997515 -0.0704097 -9.03794 -0.957681 -0.0222134 -0.286973 76.0939
-0.30262 0.0680544 0.950678 129.952 -0.00361505 0.997358 -0.0725467 -9.14148 -0.953104 -0.0253909 -0.301575 75.7266
-0.316656 0.0700499 0.94595 131.131 -0.00346282 0.997177 -0.0750026 -9.24301 -0.948534 -0.0270257 -0.31552 75.3367
-0.330407 0.0724055 0.941057 132.304 -0.00147725 0.997012 -0.0772294 -9.34703 -0.943837 -0.0269073 -0.329313 74.9298
-0.344068 0.0725286 0.936139 133.472 0.000807817 0.997034 -0.0769496 -9.44844 -0.938944 -0.0257197 -0.343107 74.4971
-0.358154 0.070612 0.930988 134.612 0.00072189 0.997156 -0.0753529 -9.55425 -0.933662 -0.0263158 -0.357186 74.069
-0.372162 0.0694016 0.925569 135.759 0.000763176 0.997222 -0.0744676 -9.65718 -0.928167 -0.0270077 -0.371182 73.6053
-0.386434 0.0707529 0.919599 136.902 -0.000467521 0.997037 -0.0769074 -9.75993 -0.922316 -0.0301496 -0.385256 73.1228
-0.401038 0.073009 0.913147 138.016 0.000684914 0.996842 -0.0793999 -9.8634 -0.91606 -0.031217 -0.399822 72.6397
-0.415536 0.0746902 0.906505 139.112 0.00196119 0.996693 -0.0812222 -9.97069 -0.909574 -0.0319729 -0.414309 72.1465
-0.429791 0.0773292 0.89961 140.215 0.00474733 0.996505 -0.0833901 -10.08 -0.902915 -0.0315696 -0.428657 71.6208
-0.444239 0.0806774 0.892268 141.323 0.0046726 0.996132 -0.0877423 -10.1927 -0.895896 -0.0348093 -0.442898 71.071
-0.458855 0.0829666 0.884628 142.43 0.00611275 0.995901 -0.0902319 -10.3068 -0.888489 -0.0359959 -0.457482 70.4957
-0.473838 0.0804771 0.876927 143.521 0.00482748 0.996037 -0.0887997 -10.4196 -0.880598 -0.0378433 -0.472349 69.9102
-0.489472 0.0763932 0.868666 144.6 0.00224541 0.996262 -0.0863492 -10.5313 -0.872015 -0.0403151 -0.487815 69.3077
-0.505197 0.0766283 0.859595 145.683 0.0021845 0.99616 -0.0875185 -10.6444 -0.863001 -0.0423363 -0.503425 68.6772
-0.520748 0.0758481 0.850334 146.785 0.0010048 0.996099 -0.0882348 -10.7571 -0.853709 -0.0450937 -0.518793 68.0164
-0.535924 0.0747984 0.840946 147.805 0.000873701 0.996116 -0.0880433 -10.8766 -0.844265 -0.0464498 -0.533908 67.3563
-0.551114 0.0743249 0.831113 148.855 -0.000173146 0.996014 -0.0891866 -10.996 -0.834429 -0.0492959 -0.548905 66.6652
-0.566071 0.0738105 0.821045 149.907 -0.000198296 0.995971 -0.0896728 -11.1146 -0.824356 -0.050924 -0.563776 65.9474
-0.580973 0.0713609 0.810788 150.952 -0.00036777 0.996125 -0.0879367 -11.231 -0.813922 -0.0513871 -0.578696 65.2065
-0.595302 0.0683383 0.800591 151.975 0.000240909 0.996391 -0.0848727 -11.3458 -0.803502 -0.050332 -0.59317 64.4469
-0.609765 0.0667753 0.789764 152.963 0.00113043 0.996516 -0.0833836 -11.4616 -0.792581 -0.0499516 -0.607717 63.6924
-0.623689 0.0654792 0.778925 153.975 0.000669219 0.996529 -0.0832359 -11.5728 -0.781672 -0.051392 -0.621568 62.882
-0.637638 0.0669011 0.767426 154.979 -0.000177296 0.996208 -0.0869928 -11.6869 -0.770336 -0.0556059 -0.635208 62.0391
-0.652146 0.0664257 0.755177 155.965 -0.00232875 0.995973 -0.0896172 -11.8004 -0.758089 -0.0602022 -0.649366 61.1884
-0.66743 0.0638464 0.74193 156.924 -0.00355919 0.996032 -0.0889148 -11.9162 -0.744664 -0.0619851 -0.664555 60.3329
-0.683248 0.0570681 0.727952 157.873 -0.00646974 0.996428 -0.0841879 -12.0322 -0.730157 -0.0622309 -0.680439 59.45
-0.698983 0.0554274 0.712987 158.778 -0.00621992 0.996482 -0.0835641 -12.1517 -0.715111 -0.0628446 -0.69618 58.5484
-0.716329 0.0521965 0.695807 159.694 -0.00816748 0.996502 -0.0831617 -12.2697 -0.697714 -0.0652542 -0.713398 57.6287
-0.733627 0.0486791 0.677806 160.592 -0.0107096 0.996478 -0.0831572 -12.3875 -0.679467 -0.0682654 -0.730523 56.6766
-0.750247 0.0469138 0.659491 161.467 -0.0100385 0.996555 -0.0823114 -12.5041 -0.661081 -0.0683742 -0.747193 55.702
-0.765738 0.0493715 0.641255 162.291 -0.00725369 0.996322 -0.0853706 -12.6259 -0.643112 -0.070023 -0.762564 54.7132
-0.78064 0.0489278 0.623062 163.117 -0.0035304 0.996569 -0.0826818 -12.7442 -0.62497 -0.0667444 -0.777789 53.6765
-0.794981 0.0508034 0.604503 163.909 0.00115279 0.996611 -0.0822408 -12.865 -0.606633 -0.064683 -0.792346 52.6335
-0.809102 0.0520186 0.585361 164.678 0.00310929 0.996439 -0.0842516 -12.9864 -0.587659 -0.0663481 -0.806383 51.5619
-0.823187 0.0538293 0.565213 165.411 0.00456919 0.996091 -0.0882103 -13.1097 -0.567752 -0.070031 -0.820215 50.5238
-0.836026 0.0549264 0.545933 166.128 0.00826356 0.996124 -0.0875656 -13.2364 -0.548627 -0.0686958 -0.83324 49.4278
-0.84785 0.0535635 0.527523 166.819 0.0102085 0.996348 -0.0847596 -13.3602 -0.530137 -0.0664783 -0.845302 48.3182
-0.858404 0.0557101 0.509939 167.483 0.0135544 0.996201 -0.0860167 -13.4849 -0.512794 -0.0669252 -0.855898 47.1962
-0.868156 0.0588625 0.492788 168.126 0.0168687 0.995867 -0.0892364 -13.6074 -0.496005 -0.0691584 -0.865561 46.0725
-0.877612 0.0568104 0.475993 168.754 0.0153873 0.995779 -0.0904773 -13.7321 -0.479124 -0.0720797 -0.874782 44.9464
-0.886246 0.0541207 0.460043 169.367 0.0143336 0.995879 -0.0895452 -13.8566 -0.462993 -0.072765 -0.88337 43.7973
-0.893766 0.0520375 0.445504 169.96 0.0133423 0.995891 -0.0895588 -13.9812 -0.448334 -0.0741006 -0.890789 42.6383
-0.900691 0.0501536 0.431556 170.544 0.0129016 0.995963 -0.0888202 -14.108 -0.434269 -0.0744318 -0.897703 41.4595
-0.907263 0.0473708 0.417886 171.109 0.0115331 0.996064 -0.0878726 -14.2335 -0.420405 -0.074904 -0.904239 40.2719
-0.913274 0.0427015 0.405102 171.658 0.0093116 0.996418 -0.0840395 -14.3538 -0.40724 -0.0729789 -0.910401 39.0759
-0.918814 0.0393448 0.392725 172.215 0.00815719 0.996699 -0.080769 -14.4697 -0.394607 -0.0710082 -0.916102 37.8534
-0.923378 0.0402008 0.381781 172.732 0.0114623 0.996945 -0.0772536 -14.5836 -0.383721 -0.0669582 -0.921018 36.6433
-0.92688 0.043815 0.37279 173.242 0.0153901 0.996764 -0.0788873 -14.7006 -0.375041 -0.0673818 -0.924556 35.4212
-0.92842 0.0492027 0.368259 173.66 0.0212502 0.996601 -0.0795809 -14.8266 -0.370923 -0.066059 -0.926311 34.2188
-0.929546 0.052793 0.364906 174.121 0.024639 0.996377 -0.0813872 -14.9479 -0.367881 -0.0666623 -0.92748 32.9494
-0.931349 0.0500823 0.360668 174.592 0.0225756 0.996532 -0.0800816 -15.0647 -0.363428 -0.0664416 -0.92925 31.7243
-0.933238 0.0425231 0.356734 175.071 0.0162431 0.996948 -0.0763447 -15.1782 -0.358892 -0.0654533 -0.931081 30.4886
-0.935094 0.0365364 0.352511 175.544 0.0109137 0.997168 -0.0744025 -15.2893 -0.354231 -0.0657261 -0.932845 29.2505
-0.93675 0.0303075 0.348684 176.013 0.00423985 0.997152 -0.0752818 -15.4017 -0.349973 -0.0690418 -0.934212 28.0106
-0.937837 0.028343 0.345917 176.468 0.00150657 0.996982 -0.077604 -15.5144 -0.347073 -0.0722587 -0.93505 26.7716
-0.938566 0.0291084 0.343869 176.915 0.00168616 0.99681 -0.0797774 -15.6303 -0.345095 -0.0742965 -0.935622 25.5618
-0.938866 0.0298076 0.342988 177.376 0.00190404 0.996678 -0.0814051 -15.7491 -0.344276 -0.0757755 -0.935806 24.3232
-0.938836 0.0326935 0.342808 177.83 0.00444431 0.99655 -0.0828691 -15.868 -0.344335 -0.0762769 -0.935743 23.0952
-0.938461 0.0343394 0.343673 178.279 0.00556239 0.996418 -0.0843719 -15.9878 -0.34534 -0.0772681 -0.935291 21.884
-0.938087 0.0355094 0.344574 178.737 0.00606325 0.996262 -0.086161 -16.1111 -0.346346 -0.0787373 -0.934797 20.6577
-0.937421 0.0369837 0.346229 179.194 0.00755452 0.996268 -0.0859661 -16.2321 -0.348116 -0.0779708 -0.934203 19.4315
-0.936194 0.0374827 0.349477 179.65 0.007832 0.996274 -0.0858733 -16.3544 -0.351395 -0.077657 -0.933001 18.1844
-0.934797 0.0365374 0.353297 180.112 0.00649622 0.996286 -0.085846 -16.4771 -0.355122 -0.0779535 -0.931564 16.9679
-0.933258 0.0352535 0.357471 180.586 0.00564347 0.996487 -0.0835391 -16.5981 -0.359161 -0.0759462 -0.93018 15.7614
-0.931188 0.033278 0.363016 181.069 0.00408677 0.996714 -0.0808866 -16.7154 -0.364515 -0.0738371 -0.928265 14.5452
-0.928616 0.0311393 0.369732 181.552 0.00232159 0.996939 -0.0781325 -16.8298 -0.371034 -0.0716967 -0.925847 13.3423
-0.925714 0.0338422 0.376706 182.054 0.00474686 0.996949 -0.0778983 -16.9423 -0.378193 -0.0703234 -0.923052 12.1229
-0.922234 0.0344303 0.385096 182.554 0.00465455 0.996943 -0.077987 -17.0565 -0.386604 -0.0701298 -0.919575 10.9227
-0.918046 0.0377618 0.394671 183.077 0.00634975 0.996726 -0.0805959 -17.1669 -0.396423 -0.0714847 -0.915281 9.70954
-0.91347 0.0396168 0.404972 183.604 0.00777099 0.996765 -0.0799812 -17.2764 -0.406831 -0.0699134 -0.910824 8.51712
-0.908179 0.0417481 0.416495 184.147 0.0082772 0.996609 -0.0818481 -17.3887 -0.418501 -0.0708853 -0.905446 7.33176
-0.901846 0.044388 0.429772 184.715 0.00927989 0.996468 -0.0834447 -17.5005 -0.431959 -0.071266 -0.899073 6.13037
-0.895475 0.0469693 0.442626 185.291 0.0106737 0.996396 -0.0841385 -17.6135 -0.444984 -0.0706195 -0.89275 4.96188
-0.888616 0.0468759 0.45625 185.893 0.0104269 0.99657 -0.0820814 -17.7254 -0.458533 -0.0681816 -0.886058 3.77854
-0.881444 0.0499803 0.469636 186.506 0.0122338 0.996466 -0.0830863 -17.8421 -0.47213 -0.0674904 -0.878942 2.61356
-0.873887 0.0527865 0.483254 187.136 0.0146494 0.996494 -0.0823573 -17.9579 -0.485908 -0.0648916 -0.871598 1.45828
-0.866009 0.0551795 0.496973 187.78 0.0173848 0.996613 -0.0803608 -18.0763 -0.499725 -0.0609534 -0.864037 0.325307
-0.857889 0.0567957 0.510686 188.467 0.0195924 0.996764 -0.0779419 -18.1959 -0.513461 -0.0568599 -0.856227 -0.807524
-0.849249 0.0596081 0.524616 189.149 0.0227327 0.996812 -0.0764604 -18.3105 -0.527502 -0.0530079 -0.847898 -1.91175
-0.839597 0.0632024 0.539521 189.841 0.0265932 0.996799 -0.0753862 -18.4192 -0.542559 -0.0489464 -0.838591 -2.98737
-0.829088 0.0643042 0.555407 190.523 0.026876 0.996798 -0.0752884 -18.5383 -0.558471 -0.0474936 -0.828163 -4.01893
-0.817681 0.0672093 0.571734 191.25 0.030103 0.996794 -0.0741238 -18.6511 -0.574884 -0.0433986 -0.817083 -5.06097
-0.805661 0.0683021 0.588425 192.013 0.0312501 0.996847 -0.072923 -18.763 -0.591551 -0.0403629 -0.805257 -6.11089
-0.792341 0.0703112 0.606013 192.799 0.0319506 0.996755 -0.0738719 -18.873 -0.609241 -0.0391692 -0.792017 -7.16577
-0.779726 0.073024 0.621847 193.578 0.0337015 0.99663 -0.0747772 -18.9705 -0.625213 -0.0373485 -0.77956 -8.13166
-0.766691 0.0743913 0.637692 194.377 0.0353959 0.99665 -0.0737102 -19.0688 -0.64104 -0.0339412 -0.766757 -9.07761
-0.752292 0.0763544 0.65439 195.181 0.0369023 0.996585 -0.0738586 -19.1667 -0.657795 -0.0314147 -0.752542 -10.0012
-0.736345 0.0787825 0.672004 196.047 0.0374454 0.99642 -0.0757849 -19.2691 -0.675569 -0.0306403 -0.736659 -10.9149
-0.716839 0.081628 0.692444 196.872 0.0376068 0.996203 -0.0785047 -19.3789 -0.696224 -0.0302345 -0.717188 -11.8283
-0.698659 0.0825503 0.710676 197.742 0.0370193 0.996161 -0.0793182 -19.4891 -0.714496 -0.0291076 -0.699033 -12.6908
-0.678997 0.0825556 0.729484 198.627 0.0355668 0.996188 -0.0796333 -19.5986 -0.733279 -0.0281253 -0.679346 -13.5322
-0.658935 0.0823086 0.747682 199.534 0.0334545 0.996217 -0.080185 -19.7073 -0.751455 -0.0278233 -0.659197 -14.3308
-0.638597 0.0822318 0.765135 200.457 0.0311851 0.996222 -0.0810399 -19.8252 -0.768909 -0.0278909 -0.638749 -15.1031
-0.618006 0.0825653 0.781825 201.419 0.0283707 0.996163 -0.0827745 -19.9255 -0.785661 -0.0289742 -0.617978 -15.8532
-0.596536 0.0829468 0.798289 202.392 0.0268088 0.996148 -0.0834723 -20.0305 -0.802139 -0.0283929 -0.596463 -16.5828
-0.572852 0.0832963 0.815415 203.364 0.0264046 0.996181 -0.083212 -20.1397 -0.819233 -0.0261374 -0.572865 -17.2871
-0.549147 0.0839583 0.831497 204.36 0.025724 0.996166 -0.0835965 -20.2517 -0.835329 -0.0245173 -0.549203 -17.9356
-0.522223 0.0871202 0.848347 205.376 0.0273537 0.995966 -0.0854416 -20.3668 -0.85237 -0.021414 -0.5225 -18.5936
-0.495249 0.087653 0.864318 206.406 0.0266826 0.995961 -0.0857144 -20.4816 -0.868341 -0.0193876 -0.495588 -19.1927
-0.467046 0.0864778 0.879994 207.474 0.0248178 0.996095 -0.0847154 -20.6007 -0.883885 -0.0177264 -0.467369 -19.7822
-0.438248 0.0843831 0.894884 208.55 0.0234993 0.996318 -0.0824396 -20.7165 -0.898547 -0.0150998 -0.438618 -20.3323
-0.407836 0.0857139 0.909023 209.626 0.0233484 0.996236 -0.0834621 -20.8288 -0.912757 -0.0128145 -0.408303 -20.8314
-0.377331 0.085731 0.922102 210.731 0.0206498 0.996236 -0.0841735 -20.9467 -0.925848 -0.0127199 -0.377681 -21.2942
-0.345535 0.087035 0.934361 211.843 0.0219929 0.996166 -0.084659 -21.0639 -0.938148 -0.00870322 -0.346125 -21.7142
-0.313724 0.0873193 0.945491 212.98 0.0234348 0.99617 -0.0842239 -21.178 -0.949225 -0.00426557 -0.314569 -22.0953
-0.280135 0.0869489 0.956014 214.146 0.0219233 0.996208 -0.0841805 -21.2883 -0.95971 -0.00262283 -0.28098 -22.4649
-0.246318 0.085911 0.965374 215.289 0.0229769 0.9963 -0.0828006 -21.3993 -0.968917 0.00178619 -0.247381 -22.764
-0.211396 0.0838991 0.973793 216.465 0.0220466 0.996464 -0.0810664 -21.5099 -0.977152 0.00433181 -0.212498 -23.0381
-0.176146 0.0826976 0.980884 217.641 0.0221246 0.996545 -0.0800449 -21.6183 -0.984115 0.00760222 -0.177367 -23.2681
-0.14082 0.0823076 0.986608 218.837 0.0218086 0.996553 -0.0800246 -21.7236 -0.989795 0.0102477 -0.14213 -23.4556
-0.105426 0.0821207 0.99103 220.022 0.0215295 0.996538 -0.0802868 -21.8264 -0.994194 0.0128722 -0.106829 -23.592
-0.0695485 0.0822765 0.99418 221.214 0.0206197 0.996497 -0.0810259 -21.9292 -0.997365 0.0148645 -0.0710016 -23.6903
-0.034248 0.082939 0.995966 222.421 0.0179901 0.996439 -0.0823598 -22.0337 -0.999251 0.015097 -0.0356183 -23.7472
0.000755928 0.082614 0.996581 223.624 0.0162756 0.996447 -0.0826153 -22.1378 -0.999867 0.0162825 -0.000591464 -23.7643
0.0348235 0.0821502 0.996011 224.828 0.0136153 0.996483 -0.0826652 -22.2434 -0.999301 0.0164398 0.0335825 -23.739
0.0683589 0.0827695 0.994221 226.027 0.0113612 0.996422 -0.0837339 -22.3499 -0.997596 0.0170196 0.067174 -23.6722
0.102035 0.082639 0.991342 227.241 0.0115325 0.996377 -0.0842457 -22.4593 -0.994714 0.0200288 0.100713 -23.5754
0.134061 0.0804923 0.987698 228.417 0.011384 0.996504 -0.0827551 -22.5671 -0.990908 0.0223383 0.132676 -23.4254
0.164316 0.0793302 0.983212 229.581 0.0119708 0.996526 -0.082405 -22.6723 -0.986335 0.0253105 0.162796 -23.2272
0.195437 0.0786879 0.977554 230.809 0.0123501 0.996498 -0.082682 -22.7946 -0.980639 0.0282321 0.193781 -23.0161
0.226115 0.0774254 0.971018 231.999 0.0140352 0.996472 -0.0827233 -22.916 -0.973999 0.0323336 0.224231 -22.7629
0.255995 0.0758387 0.963698 233.151 0.0161684 0.996441 -0.0827104 -23.0292 -0.966543 0.0367551 0.253858 -22.4646
0.286044 0.0736543 0.955381 234.32 0.0179964 0.996451 -0.0822088 -23.1442 -0.958047 0.0407089 0.283704 -22.1327
0.316167 0.07186 0.945978 235.484 0.0194019 0.996428 -0.0821769 -23.2573 -0.948505 0.0443355 0.313643 -21.7668
0.345525 0.0709251 0.935725 236.625 0.0214174 0.996283 -0.0834238 -23.3675 -0.938165 0.048866 0.342722 -21.3621
0.373711 0.0698721 0.924909 237.735 0.0218498 0.996218 -0.0840876 -23.4759 -0.927288 0.0516337 0.370772 -20.9198
0.40138 0.0681018 0.913376 238.852 0.0214804 0.996257 -0.083721 -23.5866 -0.91566 0.0532238 0.398415 -20.4406
0.42838 0.0671515 0.9011 239.945 0.0206459 0.996246 -0.0840569 -23.6985 -0.903363 0.0546124 0.425386 -19.9214
0.456199 0.0680493 0.887272 241.045 0.0210857 0.995964 -0.0872269 -23.8105 -0.889628 0.0585017 0.452923 -19.3659
0.483893 0.0686479 0.87243 242.127 0.0219335 0.995653 -0.0905092 -23.9274 -0.874852 0.0629324 0.480284 -18.7871
0.510968 0.0665401 0.85702 243.191 0.0227731 0.995601 -0.0908774 -24.0446 -0.859298 0.0659527 0.507205 -18.1747
0.536443 0.0635656 0.841539 244.204 0.0229139 0.995694 -0.0898163 -24.1687 -0.843626 0.0674644 0.532677 -17.5248
0.560607 0.0611947 0.825817 245.218 0.0218541 0.995824 -0.0886282 -24.2901 -0.827794 0.0677333 0.556929 -16.8343
0.582659 0.0614179 0.810393 246.226 0.019427 0.995802 -0.0894374 -24.4126 -0.812485 0.0678552 0.57902 -16.0941
0.602664 0.061014 0.795659 247.223 0.0177422 0.9958 -0.0898002 -24.5347 -0.797798 0.0682362 0.599051 -15.3249
0.621513 0.0593601 0.781151 248.198 0.0165912 0.995903 -0.0888798 -24.6566 -0.783228 0.0682005 0.617983 -14.5456
0.639347 0.0568305 0.766815 249.161 0.0159 0.996073 -0.0870783 -24.7754 -0.768754 0.0678658 0.635934 -13.7455
0.656515 0.0532868 0.752429 250.145 0.0168218 0.996218 -0.0852294 -24.8966 -0.754126 0.0686117 0.653136 -12.9099
0.672655 0.0505542 0.738227 251.083 0.0172856 0.996316 -0.0839786 -25.0115 -0.739754 0.0692496 0.669304 -12.0717
0.688121 0.0480669 0.724002 251.986 0.0184882 0.996317 -0.0837179 -25.1277 -0.725361 0.0709937 0.684698 -11.2346
0.703155 0.0472478 0.709465 252.891 0.0178707 0.996299 -0.0840616 -25.244 -0.710812 0.0717871 0.699709 -10.3603
0.717659 0.0457509 0.69489 253.767 0.0180152 0.996285 -0.0841999 -25.3576 -0.696162 0.0729456 0.714169 -9.46082
0.732344 0.0432146 0.679562 254.65 0.0173351 0.996476 -0.0820493 -25.4689 -0.680714 0.0718688 0.729015 -8.54502
0.746401 0.0406181 0.664256 255.514 0.0172248 0.996621 -0.0802966 -25.578 -0.665274 0.0713753 0.74318 -7.61078
0.760554 0.0388022 0.648114 256.384 0.0170352 0.996675 -0.0796611 -25.6889 -0.649051 0.0716276 0.757365 -6.63213
0.773812 0.0376427 0.632296 257.199 0.0177374 0.996552 -0.0810352 -25.8093 -0.633168 0.0739214 0.770477 -5.65748
0.785782 0.0363868 0.617432 257.999 0.0177312 0.996531 -0.081294 -25.9285 -0.61825 0.0748274 0.782412 -4.65058
0.796896 0.0353451 0.603081 258.783 0.0168926 0.996591 -0.0807294 -26.0457 -0.60388 0.0745207 0.793584 -3.62279
0.806224 0.0329733 0.590691 259.483 0.0168143 0.996764 -0.0785906 -26.1579 -0.591372 0.0732939 0.803061 -2.58674
0.81501 0.0303945 0.57865 260.177 0.0178972 0.996825 -0.0775675 -26.27 -0.579171 0.0735747 0.811879 -1.53017
0.823719 0.0302632 0.56619 260.894 0.0171442 0.996787 -0.0782211 -26.3779 -0.566739 0.0741393 0.820555 -0.440286
0.831919 0.0277644 0.554202 261.603 0.0204032 0.99654 -0.0805521 -26.4843 -0.554522 0.0783205 0.828475 0.643751
0.839617 0.0261719 0.542548 262.297 0.0207054 0.996569 -0.0801158 -26.5901 -0.542785 0.0785005 0.836195 1.73735
0.846663 0.0222677 0.531663 262.982 0.0235749 0.996572 -0.0792821 -26.7043 -0.531607 0.0796594 0.843237 2.82342
0.852726 0.0203109 0.521963 263.653 0.0248533 0.996533 -0.0793803 -26.816 -0.521767 0.0806624 0.849266 3.94469
0.857715 0.0187839 0.513783 264.327 0.0253331 0.996573 -0.0787262 -26.9272 -0.513502 0.0805405 0.8543 5.07987
0.861123 0.0180925 0.508074 264.993 0.0245776 0.996715 -0.0771492 -27.0388 -0.507802 0.0789224 0.857851 6.23262
0.86371 0.0169719 0.503704 265.661 0.0245882 0.996822 -0.0757491 -27.1518 -0.50339 0.0778107 0.860549 7.39347
0.865912 0.016702 0.499918 266.316 0.024459 0.996831 -0.0756693 -27.2616 -0.499599 0.0777506 0.86276 8.54229
0.867954 0.0159505 0.496388 266.97 0.024533 0.996885 -0.0749299 -27.3746 -0.496039 0.0772139 0.86486 9.68377
0.869752 0.0140306 0.493289 267.619 0.0251875 0.997029 -0.0727685 -27.4878 -0.492846 0.0757155 0.866816 10.8307
0.871642 0.01248 0.489984 268.274 0.0263103 0.997042 -0.0721988 -27.5959 -0.489437 0.0758233 0.868736 11.9938
0.873619 0.0120964 0.48646 268.925 0.0266477 0.997 -0.0726474 -27.7046 -0.485881 0.0764294 0.870677 13.1596
0.875464 0.0103917 0.483171 269.573 0.0278142 0.997027 -0.0718403 -27.8132 -0.482482 0.0763328 0.872573 14.3368
0.877228 0.0114229 0.479937 270.218 0.026374 0.997059 -0.0719371 -27.9209 -0.479349 0.0757634 0.874348 15.5208
0.878982 0.0120724 0.476702 270.859 0.0253613 0.997079 -0.0720143 -28.0288 -0.47618 0.0753892 0.87611 16.7072
0.880607 0.0126755 0.473678 271.496 0.0242748 0.997121 -0.0718116 -28.1363 -0.473226 0.0747365 0.877765 17.8958
0.881551 0.0143518 0.471871 272.13 0.0223327 0.997149 -0.0720502 -28.2443 -0.471561 0.0740543 0.878718 19.0858
0.882131 0.0169214 0.4707 272.768 0.019167 0.997235 -0.0717706 -28.3543 -0.470615 0.0723332 0.879369 20.3063
0.88245 0.0167703 0.470108 273.393 0.0190865 0.997263 -0.0714033 -28.4737 -0.47002 0.0719827 0.879715 21.4849
0.883044 0.0190654 0.468904 274.039 0.0169512 0.997225 -0.0724693 -28.5831 -0.468985 0.0719422 0.880271 22.7049
0.883664 0.0199765 0.467696 274.676 0.0165602 0.997128 -0.0738787 -28.6958 -0.46783 0.0730293 0.880796 23.9082
