1 0 0 0 0 1 0 0 0 0 1 0
0.999999 -0.00101596 -0.00127495 0.0100924 0.00101416 0.999999 -0.00141027 -0.0386978 0.00127638 0.00140898 0.999998 0.960115
0.999991 -0.00394719 -0.00175733 0.0268178 0.0039433 0.99999 -0.00221267 -0.037887 0.00176604 0.00220572 0.999996 1.91874
0.999981 -0.00581313 -0.00220957 0.0313412 0.00581694 0.999982 0.00172331 -0.0343468 0.00219951 -0.00173613 0.999996 2.8898
0.999955 -0.00814685 -0.00484399 0.0578924 0.00818421 0.999937 0.00774417 -0.032974 0.00478059 -0.00778347 0.999958 3.8548
0.999909 -0.0117579 -0.00657814 0.055572 0.0118088 0.9999 0.00775839 -0.0271856 0.00648626 -0.00783537 0.999948 4.8257
0.999866 -0.0144506 -0.0077392 0.0485912 0.0144885 0.999883 0.00485971 -0.0176709 0.00766807 -0.00497119 0.999958 5.80417
0.999842 -0.0151468 -0.00932915 0.0492407 0.0151614 0.999884 0.00148972 -0.0154131 0.00930551 -0.00163093 0.999955 6.75222
0.999832 -0.0148174 -0.0108167 0.0429296 0.0148281 0.99989 0.00090859 -0.0107662 0.0108021 -0.00106883 0.999941 7.71252
0.999811 -0.01463 -0.0128141 0.0386673 0.0146636 0.999889 0.00253397 -0.00391574 0.0127757 -0.00272139 0.999915 8.66641
0.99979 -0.0143153 -0.0146353 0.033259 0.0143905 0.999884 0.00504313 0.00421801 0.0145614 -0.00525269 0.99988 9.62071
0.999763 -0.0144686 -0.0162341 0.022289 0.0145745 0.999873 0.00642456 0.0102187 0.0161391 -0.00665964 0.999848 10.5779
0.999722 -0.0159073 -0.0174045 0.0145591 0.0160364 0.999845 0.00730124 0.0146711 0.0172856 -0.00757832 0.999822 11.5139
0.999696 -0.0160101 -0.0187189 0.00092959 0.0161504 0.999842 0.00737159 0.0195586 0.0185979 -0.00767167 0.999798 12.4519
0.999671 -0.0164185 -0.0196833 -0.0148408 0.0165417 0.999844 0.00611314 0.0236255 0.0195799 -0.00643673 0.999788 13.3839
0.999627 -0.0169382 -0.0214267 -0.0334927 0.0170294 0.999847 0.00408152 0.0302731 0.0213543 -0.00444488 0.999762 14.3338
0.999561 -0.01824 -0.0233491 -0.0490979 0.0183093 0.999828 0.00275973 0.0344327 0.0232948 -0.00318602 0.999724 15.2672
0.999512 -0.0179898 -0.0255512 -0.066877 0.0180476 0.999835 0.00203481 0.0379857 0.0255104 -0.00249496 0.999672 16.2003
0.99948 -0.016688 -0.02758 -0.090283 0.0167261 0.999859 0.00115085 0.0395014 0.0275569 -0.00161156 0.999619 17.1157
0.999441 -0.0152962 -0.0297152 -0.115054 0.0153375 0.999882 0.00116307 0.0395452 0.0296939 -0.00161818 0.999558 18.0219
0.999372 -0.0157882 -0.0317344 -0.139956 0.0158624 0.999872 0.00208907 0.0404525 0.0316974 -0.00259114 0.999494 18.9309
0.999325 -0.0152269 -0.0334209 -0.173194 0.0153546 0.999876 0.00356557 0.0409479 0.0333625 -0.00407633 0.999435 19.8476
0.999276 -0.0150715 -0.0349329 -0.210362 0.0152369 0.999874 0.00447428 0.0392339 0.0348611 -0.00500332 0.99938 20.7464
0.999209 -0.0160718 -0.0363839 -0.248863 0.0162496 0.999857 0.00459536 0.0384801 0.0363048 -0.00518295 0.999327 21.6411
0.999151 -0.0162809 -0.0378423 -0.290016 0.0164589 0.999855 0.00439651 0.0388686 0.0377652 -0.00501562 0.999274 22.5444
0.999149 -0.0159151 -0.0380542 -0.347756 0.01611 0.999858 0.004822 0.0417467 0.0379721 -0.00543096 0.999264 23.4127
0.999127 -0.0155125 -0.0387914 -0.392767 0.0157871 0.999852 0.00678324 0.0463058 0.0386805 -0.00738972 0.999224 24.293
0.999082 -0.0165407 -0.0395214 -0.428555 0.0169196 0.999814 0.00927015 0.0542241 0.0393607 -0.00993033 0.999176 25.1676
0.99906 -0.0166158 -0.0400382 -0.467207 0.0170521 0.999798 0.0105802 0.0624231 0.0398543 -0.011253 0.999142 26.0277
0.998991 -0.0165033 -0.0417629 -0.490862 0.0169127 0.999812 0.00946827 0.0692523 0.0415988 -0.010165 0.999083 26.8922
0.998932 -0.0151583 -0.0436391 -0.516296 0.0154827 0.999855 0.00710591 0.0724752 0.043525 -0.00777398 0.999022 27.7297
0.998892 -0.0148702 -0.0446609 -0.552059 0.0151261 0.999871 0.00539659 0.0790685 0.0445749 -0.00606615 0.998988 28.5543
0.998843 -0.0139889 -0.046003 -0.586846 0.0142349 0.999886 0.00502478 0.0853199 0.0459274 -0.00567382 0.998929 29.3825
0.998782 -0.0141519 -0.0472678 -0.626725 0.0143719 0.999887 0.00431677 0.0892059 0.0472014 -0.00499084 0.998873 30.1851
0.998698 -0.0137405 -0.0491301 -0.668833 0.0139246 0.999897 0.00340631 0.0912644 0.0490782 -0.00408598 0.998787 30.9828
0.99863 -0.0132571 -0.050627 -0.718412 0.0134495 0.999903 0.00346293 0.0935124 0.0505762 -0.00413909 0.998712 31.7642
0.998524 -0.0128925 -0.0527591 -0.758255 0.0131512 0.999903 0.00456056 0.100726 0.0526951 -0.00524768 0.998597 32.5602
0.998434 -0.0128832 -0.0544368 -0.811223 0.0132744 0.999889 0.00683025 0.103765 0.0543428 -0.00754217 0.998494 33.3171
0.99835 -0.0116973 -0.0562161 -0.861084 0.0121815 0.999892 0.00827812 0.109325 0.0561131 -0.00894926 0.998384 34.0839
0.998271 -0.0101423 -0.057898 -0.911247 0.0106582 0.999906 0.00860793 0.114544 0.0578052 -0.00921014 0.998285 34.8426
0.998192 -0.00740285 -0.0596466 -0.961966 0.00788877 0.999938 0.00791512 0.120634 0.0595843 -0.00837134 0.998188 35.6002
0.99811 -0.00539051 -0.0612232 -1.01685 0.00583583 0.999958 0.00709715 0.128501 0.0611824 -0.00744102 0.998099 36.326
0.998045 -0.00473285 -0.0623204 -1.07395 0.00524594 0.999954 0.00807202 0.137481 0.0622793 -0.00838317 0.998024 37.0451
0.998015 -0.00311402 -0.0629048 -1.13137 0.00373381 0.999946 0.0097376 0.147737 0.062871 -0.00995314 0.997972 37.7642
0.998063 0.000154963 -0.0622092 -1.19486 0.000463147 0.999951 0.00992139 0.156831 0.0622076 -0.00993099 0.998014 38.4639
0.998139 0.00344455 -0.0608862 -1.24679 -0.0029899 0.999967 0.00755673 0.164632 0.0609102 -0.00736062 0.998116 39.1572
0.998226 0.00493688 -0.0593339 -1.28789 -0.00468097 0.999979 0.00445118 0.169935 0.0593546 -0.00416555 0.998228 39.8413
0.998365 0.00529302 -0.0569208 -1.32919 -0.00515634 0.999983 0.0025477 0.176758 0.0569333 -0.00225003 0.998375 40.5181
0.998496 0.00636013 -0.0544596 -1.35423 -0.00619616 0.999976 0.00317895 0.186527 0.0544785 -0.00283672 0.998511 41.2022
0.998608 0.0111831 -0.0515552 -1.38789 -0.0109035 0.999924 0.00570222 0.191552 0.051615 -0.00513215 0.998654 41.8595
0.998751 0.0155032 -0.0474996 -1.431 -0.0150852 0.999844 0.00914622 0.19231 0.047634 -0.00841826 0.998829 42.4855
0.998858 0.0207457 -0.0430345 -1.46485 -0.020336 0.999744 0.00993588 0.19955 0.0432295 -0.00904939 0.999024 43.1123
0.999002 0.024263 -0.037497 -1.49353 -0.0238922 0.999662 0.0103045 0.20515 0.0377343 -0.00939834 0.999244 43.7188
0.999128 0.0281098 -0.0308728 -1.5275 -0.0277387 0.999539 0.0123827 0.210863 0.0312066 -0.0115155 0.999447 44.2929
0.99917 0.0329315 -0.0239556 -1.55347 -0.0326142 0.999377 0.0135158 0.217981 0.0243857 -0.0127233 0.999622 44.8568
0.999207 0.0364297 -0.0160856 -1.5799 -0.0362231 0.99926 0.0129527 0.225504 0.0165455 -0.0123597 0.999787 45.4008
0.999183 0.0394781 -0.00869935 -1.58671 -0.0393628 0.99914 0.0130507 0.228589 0.00920705 -0.0126976 0.999877 45.9307
0.999039 0.0438056 -0.00124538 -1.58994 -0.0437866 0.998962 0.0125541 0.235916 0.001794 -0.0124875 0.99992 46.4522
0.998829 0.0479741 0.00631796 -1.591 -0.0480341 0.998798 0.00972491 0.242872 -0.00584385 -0.010017 0.999933 46.9409
0.998672 0.0495373 0.014125 -1.58143 -0.0496353 0.998745 0.00667219 0.249421 -0.0137768 -0.00736444 0.999878 47.4171
0.998515 0.0498805 0.0219149 -1.56939 -0.0500347 0.998726 0.00654355 0.2514 -0.0215606 -0.00763034 0.999738 47.8521
0.998347 0.049116 0.0298558 -1.55329 -0.0493714 0.99875 0.00787703 0.253341 -0.0294316 -0.00933803 0.999523 48.265
0.998002 0.050746 0.037646 -1.53392 -0.0511043 0.998656 0.00861593 0.257742 -0.0371582 -0.0105226 0.999254 48.6634
0.997454 0.0541362 0.0464184 -1.52009 -0.054602 0.998469 0.00882608 0.261442 -0.0458695 -0.0113381 0.998883 49.0287
0.996749 0.0587503 0.0551397 -1.50441 -0.0592875 0.998208 0.00815473 0.263844 -0.0545618 -0.0113973 0.998445 49.3683
0.995992 0.062253 0.0642231 -1.48879 -0.062902 0.997987 0.00813015 0.270338 -0.0635877 -0.0121373 0.997902 49.7047
0.995382 0.0615853 0.0736342 -1.4601 -0.0623938 0.998013 0.00872871 0.269907 -0.0729504 -0.0132827 0.997247 49.9902
0.994608 0.0603985 0.0842986 -1.42829 -0.0611989 0.998102 0.00694068 0.268879 -0.0837194 -0.0120622 0.996416 50.2753
0.993616 0.0589825 0.0961696 -1.39303 -0.0594976 0.998225 0.00249478 0.266492 -0.0958518 -0.00820072 0.995362 50.56
0.992206 0.0597628 0.109341 -1.35371 -0.0599761 0.998199 -0.0013397 0.263204 -0.109224 -0.00522857 0.994003 50.8312
0.990295 0.0612702 0.124746 -1.31001 -0.061322 0.998112 -0.00342797 0.259542 -0.124721 -0.00425498 0.992183 51.1019
0.988026 0.0627389 0.140957 -1.26269 -0.0627267 0.998021 -0.00453415 0.256148 -0.140962 -0.00436191 0.990005 51.3703
0.98545 0.0630555 0.157837 -1.21038 -0.0629731 0.998 -0.00552815 0.25215 -0.15787 -0.00449179 0.98745 51.6321
0.982449 0.0622213 0.175848 -1.15206 -0.0620185 0.998053 -0.00665411 0.247895 -0.175919 -0.00436848 0.984395 51.8811
0.978836 0.0613247 0.195243 -1.087 -0.0611601 0.998104 -0.00687686 0.244382 -0.195295 -0.00520978 0.980731 52.1321
0.974573 0.0615209 0.215457 -1.01591 -0.0612188 0.998092 -0.00808177 0.239297 -0.215543 -0.00531375 0.97648 52.3662
0.969552 0.0635266 0.236502 -0.935391 -0.0628334 0.997969 -0.0104746 0.242 -0.236687 -0.00470456 0.971574 52.6322
0.963623 0.064811 0.259289 -0.850193 -0.0637566 0.997888 -0.0124833 0.237525 -0.25955 -0.00450224 0.965719 52.8763
0.9566 0.0660154 0.283828 -0.753342 -0.064762 0.997805 -0.0138082 0.238332 -0.284117 -0.00517237 0.958776 53.1415
0.948349 0.0689769 0.309639 -0.649224 -0.0676965 0.997595 -0.0148916 0.238727 -0.309922 -0.0068391 0.950738 53.4037
0.938882 0.0709683 0.336844 -0.527208 -0.0696293 0.997444 -0.0160702 0.234517 -0.337124 -0.0083662 0.941423 53.6714
0.928095 0.0715184 0.365409 -0.400855 -0.0700202 0.997395 -0.0173684 0.226013 -0.365699 -0.00946647 0.930685 53.9253
0.915799 0.0695673 0.395566 -0.261622 -0.0673857 0.997538 -0.0194258 0.218076 -0.395943 -0.00886537 0.918232 54.1755
0.901469 0.0665271 0.4277 -0.0931294 -0.0631652 0.997759 -0.0220634 0.207225 -0.428209 -0.00712626 0.903651 54.4252
0.884727 0.0656709 0.461459 0.0848718 -0.0604537 0.99783 -0.0260985 0.195259 -0.462171 -0.00480687 0.886778 54.6683
0.865919 0.067228 0.495646 0.272487 -0.059708 0.997734 -0.0310167 0.182636 -0.496608 -0.00273607 0.867971 54.9066
0.844791 0.0688896 0.530643 0.47014 -0.0591323 0.997623 -0.0353749 0.171276 -0.531818 -0.00149366 0.846857 55.1432
0.820986 0.0715051 0.566452 0.677815 -0.0600648 0.997438 -0.0388549 0.158773 -0.567779 -0.00212451 0.823178 55.371
0.794239 0.0751247 0.602943 0.903231 -0.0627476 0.997163 -0.0415874 0.142699 -0.604356 -0.00480285 0.7967 55.6152
0.765042 0.0792753 0.639082 1.15606 -0.0663058 0.996817 -0.0442762 0.124797 -0.640558 -0.00850168 0.767863 55.8637
0.732639 0.0803682 0.675856 1.4208 -0.0662384 0.99671 -0.0467184 0.106174 -0.677386 -0.0105399 0.735552 56.0995
0.696338 0.0778376 0.71348 1.66071 -0.0627137 0.996898 -0.0475503 0.0897262 -0.714968 -0.0116339 0.69906 56.3153
0.657277 0.0763515 0.749771 1.95809 -0.0598975 0.997 -0.0490191 0.0709544 -0.751265 -0.0126902 0.659879 56.5545
0.615112 0.0757514 0.784792 2.28336 -0.0579204 0.997026 -0.0508396 0.0507098 -0.786309 -0.0141835 0.61767 56.7855
0.569037 0.0753841 0.818849 2.63676 -0.0544627 0.997058 -0.0539427 0.0334751 -0.820506 -0.0139013 0.571469 57.0116
0.520718 0.0745348 0.850469 3.04322 -0.051472 0.99711 -0.0558715 0.01792 -0.852176 -0.0146821 0.52305 57.2407
0.472003 0.0728915 0.878578 3.4553 -0.0499828 0.997186 -0.0558792 -0.000188824 -0.880179 -0.0175386 0.474318 57.4407
0.422299 0.0706246 0.903701 3.93748 -0.0498748 0.99726 -0.0546298 -0.0288562 -0.905083 -0.0220018 0.424665 57.6497
0.372264 0.0702255 0.925466 4.41226 -0.0528861 0.997118 -0.0543893 -0.0531566 -0.926619 -0.0286971 0.374905 57.8269
0.32274 0.0708187 0.943835 4.91473 -0.0512523 0.997042 -0.0572854 -0.0706606 -0.945099 -0.0298854 0.325415 57.9912
0.2766 0.0675351 0.958609 5.38202 -0.040343 0.997464 -0.0586317 -0.0964818 -0.960138 -0.0224556 0.278624 58.0655
0.233642 0.0613658 0.970384 5.86638 -0.0270029 0.998031 -0.0566125 -0.126262 -0.971948 -0.0129762 0.234839 58.1108
0.19223 0.0601179 0.979507 6.38518 -0.0179075 0.998171 -0.057749 -0.153504 -0.981187 -0.00643941 0.192955 58.1605
0.15399 0.0618611 0.986134 6.95054 -0.0147655 0.998071 -0.0603042 -0.172409 -0.987962 -0.00527451 0.154606 58.2323
0.122299 0.0624068 0.990529 7.4706 -0.00574861 0.998049 -0.0621708 -0.205825 -0.992477 0.00190928 0.12242 58.2403
0.0939227 0.0606441 0.993731 8.02057 0.00186783 0.998131 -0.0610891 -0.238948 -0.995578 0.00759378 0.093634 58.2487
0.0691433 0.0588835 0.995868 8.60867 0.009204 0.998177 -0.059659 -0.266956 -0.997564 0.013291 0.0684754 58.2659
0.0494816 0.0579637 0.997092 9.19808 0.013753 0.998181 -0.0587095 -0.293049 -0.99868 0.0166181 0.0485945 58.2729
0.0338458 0.0596006 0.997648 9.79556 0.0165449 0.99805 -0.0601858 -0.322166 -0.99929 0.0185431 0.0327939 58.2729
0.0218332 0.0589496 0.998022 10.3824 0.0174858 0.998085 -0.0593358 -0.359604 -0.999609 0.0187467 0.0207608 58.2418
0.00993113 0.0599181 0.998154 11.0331 0.0184721 0.998022 -0.0600939 -0.388528 -0.99978 0.0190348 0.00880484 58.2555
0.000795119 0.0629019 0.99802 11.6762 0.0232794 0.997748 -0.0629033 -0.419021 -0.999729 0.0232833 -0.000670823 58.2508
-0.00532395 0.0646318 0.997895 12.3082 0.0275861 0.997539 -0.0644616 -0.454592 -0.999605 0.0271849 -0.00709363 58.229
-0.00949176 0.0638248 0.997916 12.9438 0.0280502 0.997585 -0.0635368 -0.489534 -0.999561 0.0273886 -0.011259 58.2066
-0.0129084 0.061498 0.998024 13.6267 0.0255326 0.997802 -0.061154 -0.516163 -0.999591 0.0246927 -0.01445 58.2008
-0.0154158 0.0549056 0.998373 14.3126 0.023452 0.998236 -0.054536 -0.542846 -0.999606 0.0225731 -0.0166761 58.1915
-0.0169522 0.049464 0.998632 14.9955 0.0245718 0.998495 -0.04904 -0.573325 -0.999554 0.0237069 -0.018142 58.1835
-0.0172346 0.0469799 0.998747 15.7185 0.0273587 0.998544 -0.0464982 -0.603501 -0.999477 0.0265231 -0.0184947 58.1641
-0.0169532 0.0492928 0.998641 16.4322 0.0306257 0.998341 -0.048758 -0.63612 -0.999387 0.0297574 -0.0184346 58.1462
-0.0157656 0.0562212 0.998294 17.1664 0.0317854 0.997941 -0.0556994 -0.672438 -0.99937 0.030853 -0.01752 58.1246
-0.0133316 0.0636861 0.997881 17.8976 0.0327018 0.997464 -0.0632225 -0.710605 -0.999376 0.0317896 -0.0153803 58.109
-0.0133301 0.0642358 0.997846 18.6103 0.0337459 0.997395 -0.0637559 -0.74709 -0.999342 0.0328234 -0.0154629 58.1454
-0.0125792 0.0601607 0.99811 19.3717 0.0327888 0.997676 -0.0597213 -0.781119 -0.999383 0.0319755 -0.0145224 58.1604
-0.01249 0.0540509 0.99846 20.1216 0.0321677 0.998043 -0.0536258 -0.819301 -0.999404 0.0314484 -0.0142041 58.2019
-0.00960902 0.0527106 0.998564 20.9082 0.0299623 0.998176 -0.0524018 -0.85469 -0.999505 0.0294158 -0.0111707 58.1953
-0.00763549 0.0577701 0.998301 21.6321 0.0380188 0.997625 -0.0574401 -0.898371 -0.999248 0.0375156 -0.00981354 58.2015
-0.00488362 0.0631513 0.997992 22.3708 0.0400003 0.997217 -0.0629065 -0.93907 -0.999188 0.0396128 -0.00739593 58.2027
-0.00269682 0.0635356 0.997976 23.1308 0.0341891 0.997402 -0.0634066 -0.98119 -0.999412 0.0339489 -0.00486188 58.216
0.000222954 0.0602395 0.998184 23.9025 0.0298876 0.997738 -0.0602192 -1.01944 -0.999553 0.0298467 -0.0015778 58.2353
0.00429397 0.0570027 0.998365 24.6657 0.0344363 0.997773 -0.057117 -1.05833 -0.999398 0.0346253 0.00232161 58.2452
0.00916481 0.0575674 0.9983 25.377 0.0389792 0.997562 -0.0578827 -1.10988 -0.999198 0.0394434 0.00689869 58.1921
0.0125809 0.0621268 0.997989 26.1507 0.0388825 0.997283 -0.0625729 -1.15072 -0.999165 0.0395915 0.0101312 58.1947
0.0159788 0.0630654 0.997882 26.9379 0.0354109 0.997347 -0.0635986 -1.18857 -0.999245 0.0363521 0.0137034 58.2268
0.0192638 0.0627258 0.997845 27.725 0.0350924 0.997373 -0.0633736 -1.22884 -0.999198 0.0362376 0.0170122 58.2604
0.0234919 0.0595821 0.997947 28.4693 0.0393065 0.997395 -0.0604744 -1.2725 -0.998951 0.0406464 0.0210889 58.2529
0.0277877 0.0601435 0.997803 29.2234 0.0440546 0.997145 -0.0613306 -1.3166 -0.998643 0.045662 0.0250589 58.2439
0.0317701 0.0609297 0.997636 30.0243 0.0469069 0.996949 -0.0623814 -1.36068 -0.998394 0.0487779 0.0288153 58.2642
0.0346303 0.061082 0.997532 30.8075 0.0472081 0.996916 -0.0626831 -1.40006 -0.998285 0.0492623 0.0316401 58.2913
0.03807 0.0599507 0.997475 31.5921 0.0486177 0.996905 -0.0617719 -1.43878 -0.998092 0.0508465 0.0350377 58.3213
0.0415129 0.0592713 0.997378 32.3772 0.0506782 0.996829 -0.061348 -1.47873 -0.997852 0.0530921 0.0383776 58.3557
0.0438996 0.0598918 0.997239 33.1899 0.0489445 0.996874 -0.0620244 -1.52047 -0.997836 0.0515322 0.0408311 58.414
0.0467512 0.0616683 0.997001 33.9569 0.0462973 0.996886 -0.0638321 -1.56264 -0.997833 0.0491427 0.0437507 58.4579
0.0491742 0.0617864 0.996877 34.7238 0.0482169 0.996774 -0.0641584 -1.60505 -0.997625 0.0512213 0.0460366 58.5032
0.0523247 0.0615905 0.996729 35.4547 0.0460671 0.996885 -0.0640184 -1.64598 -0.997567 0.0492662 0.0493246 58.5221
0.056365 0.0621738 0.996472 36.2381 0.044505 0.996911 -0.0647184 -1.68548 -0.997418 0.0479958 0.053424 58.5392
0.0607922 0.0626026 0.996185 37.0218 0.0414541 0.997012 -0.0651842 -1.72595 -0.997289 0.0452587 0.0580156 58.5631
0.065229 0.0648165 0.995763 37.8068 0.0400565 0.996914 -0.0675153 -1.77003 -0.997066 0.0442907 0.0624315 58.5985
0.0682938 0.0683192 0.995323 38.63 0.0389982 0.996707 -0.07109 -1.82122 -0.996903 0.0436708 0.0654048 58.6752
0.0721107 0.0706087 0.994894 39.3723 0.0390451 0.996526 -0.0735545 -1.87023 -0.996632 0.0441498 0.0691034 58.706
0.0743386 0.0727054 0.994579 40.1774 0.0328932 0.996617 -0.0753129 -1.92606 -0.99669 0.0383135 0.0716958 58.7904
0.076693 0.0718234 0.994464 40.9643 0.0292205 0.996812 -0.0742463 -1.98004 -0.996626 0.034753 0.0743499 58.86
0.079678 0.0724261 0.994186 41.7305 0.0313101 0.996683 -0.0751172 -2.035 -0.996329 0.0371132 0.0771462 58.9158
0.0836151 0.0735181 0.993782 42.5408 0.0307577 0.996609 -0.0763151 -2.09174 -0.996023 0.0369476 0.0810705 58.9885
0.0868846 0.0741021 0.993458 43.3589 0.026969 0.996689 -0.0767017 -2.15068 -0.995853 0.0334567 0.0845987 59.0785
0.0902254 0.0721195 0.993307 44.1567 0.0259357 0.996866 -0.0747338 -2.20564 -0.995583 0.032505 0.0880723 59.1616
0.0951927 0.0719976 0.992852 44.9512 0.0264827 0.996845 -0.0748262 -2.26506 -0.995106 0.0334163 0.0929858 59.2258
0.100662 0.0752973 0.992067 45.7597 0.0232365 0.996682 -0.0780052 -2.32706 -0.994649 0.0309044 0.0985785 59.3065
0.105321 0.0837049 0.990909 46.58 0.0214794 0.996027 -0.0864201 -2.39122 -0.994206 0.030386 0.103105 59.4293
0.112506 0.0881693 0.989731 47.3756 0.0200882 0.99565 -0.09098 -2.45731 -0.993448 0.0301177 0.110245 59.5155
0.118562 0.0912859 0.988742 48.2151 0.0154997 0.995474 -0.093766 -2.52397 -0.992825 0.0264423 0.11661 59.6532
0.124617 0.0899298 0.988121 49.0456 0.0113794 0.995689 -0.0920536 -2.59347 -0.992139 0.0227157 0.123057 59.7863
0.131822 0.0879578 0.987363 49.8685 0.0116594 0.995849 -0.0902703 -2.66557 -0.991205 0.0234117 0.130249 59.9052
0.13876 0.0844874 0.986715 50.6907 0.0111664 0.996157 -0.0868661 -2.73466 -0.990263 0.0230717 0.137284 60.0299
0.145722 0.079107 0.986158 51.513 0.00912972 0.996648 -0.0812975 -2.79914 -0.989283 0.0208502 0.144511 60.1594
0.1525 0.0719755 0.985679 52.3425 0.00679462 0.997245 -0.0738712 -2.85759 -0.98828 0.0179627 0.151591 60.3002
0.159889 0.0693046 0.984699 53.1763 0.00718199 0.997424 -0.0713664 -2.92031 -0.987109 0.0184828 0.158979 60.4454
0.167354 0.0709806 0.983338 53.9744 0.00669664 0.9973 -0.073128 -2.98365 -0.985874 0.0188234 0.166427 60.5701
0.17333 0.0770191 0.981848 54.8065 0.00717923 0.996812 -0.0794603 -3.05075 -0.984837 0.0208218 0.172225 60.7312
0.178752 0.0801856 0.980621 55.6376 0.00548576 0.996577 -0.0824902 -3.12003 -0.983879 0.0201247 0.1777 60.897
0.184221 0.0829898 0.979375 56.4372 0.00400846 0.996357 -0.0851828 -3.18849 -0.982876 0.0196182 0.183217 61.0481
0.190506 0.0824317 0.978219 57.2226 0.00190607 0.996435 -0.0843379 -3.25223 -0.981684 0.0179314 0.18967 61.1918
0.196575 0.079461 0.977264 57.9916 0.00592825 0.996596 -0.0822253 -3.31274 -0.98047 0.0219569 0.195435 61.3258
0.202163 0.0729139 0.976634 58.7725 0.00684451 0.997095 -0.0758582 -3.36883 -0.979328 0.0220203 0.201077 61.4745
0.205628 0.0666531 0.976358 59.5582 0.00530449 0.997587 -0.0692195 -3.42778 -0.978616 0.0194125 0.204778 61.6504
0.20982 0.0633025 0.975689 60.334 0.00170374 0.997877 -0.0651084 -3.4834 -0.977738 0.0153234 0.209267 61.8223
0.213659 0.0634653 0.974844 61.0637 -4.26293e-05 0.997888 -0.0649562 -3.53395 -0.976908 0.0138369 0.213211 61.9742
0.217679 0.0657142 0.973805 61.8161 -0.00182161 0.997756 -0.0669232 -3.5806 -0.976018 0.0127939 0.217311 62.123
0.218942 0.070033 0.973221 62.5384 -0.00611754 0.9975 -0.0704038 -3.6326 -0.975718 0.00946064 0.218823 62.3005
0.221302 0.0741603 0.972381 63.2361 -0.00732002 0.997203 -0.0743873 -3.68452 -0.975177 0.00934422 0.221226 62.4578
0.224762 0.0794048 0.971173 63.94 -0.00783336 0.996789 -0.0796863 -3.73786 -0.974382 0.0103029 0.224662 62.6048
0.226634 0.0812595 0.970584 64.6303 -0.00696548 0.996623 -0.0818131 -3.79166 -0.973955 0.0117811 0.226435 62.7628
0.227954 0.0813047 0.970271 65.3303 -0.00956869 0.996646 -0.0812667 -3.84411 -0.973624 0.0092409 0.227968 62.9404
0.228453 0.0784056 0.970392 65.9807 -0.00945598 0.996883 -0.0783198 -3.89883 -0.973509 0.0087164 0.228482 63.0886
0.22898 0.0759328 0.970465 66.6542 -0.00916297 0.997077 -0.075853 -3.9509 -0.973388 0.00847647 0.229006 63.2551
0.229156 0.0744226 0.97054 67.3015 -0.00758689 0.997179 -0.0746739 -3.99957 -0.97336 0.00974859 0.229074 63.397
0.228526 0.0734314 0.970764 67.9567 -0.00729372 0.997252 -0.073718 -4.04756 -0.97351 0.009766 0.228434 63.5442
0.228192 0.0742598 0.97078 68.5875 -0.0081618 0.997198 -0.074362 -4.09504 -0.973582 0.0090455 0.228158 63.6708
0.226404 0.0772986 0.970961 69.2292 -0.00867261 0.996966 -0.0773466 -4.14129 -0.973995 0.0090908 0.226387 63.8278
0.224554 0.0810094 0.971088 69.8334 -0.00671425 0.996643 -0.0815886 -4.19069 -0.974438 0.0118009 0.224344 63.9548
0.223162 0.0812785 0.971387 70.4494 -0.00423656 0.996589 -0.0824139 -4.23887 -0.974772 0.0142763 0.222745 64.0927
0.221449 0.079918 0.971892 71.0538 -0.00470555 0.996712 -0.0808868 -4.28466 -0.97516 0.013339 0.221097 64.2264
0.219589 0.077098 0.972541 71.6463 -0.00487063 0.996947 -0.077933 -4.3296 -0.97558 0.0123764 0.219295 64.3524
0.217901 0.0732206 0.97322 72.2318 -0.0039871 0.99724 -0.074135 -4.37536 -0.975962 0.0122738 0.217591 64.4772
0.216459 0.0717507 0.973651 72.7964 0.000243406 0.997292 -0.0735469 -4.42286 -0.976291 0.0161569 0.215856 64.5872
0.215173 0.072325 0.973894 73.3572 0.00447762 0.99717 -0.0750428 -4.46996 -0.976565 0.0205079 0.21424 64.6951
0.212921 0.0733692 0.974311 73.9073 0.00937164 0.996977 -0.077124 -4.51382 -0.977024 0.0255522 0.21159 64.8017
0.211637 0.074846 0.974478 74.4561 0.00890704 0.996874 -0.0785005 -4.55741 -0.977308 0.0252933 0.210309 64.9067
0.210306 0.0776057 0.97455 75.0069 0.00826519 0.996667 -0.0811505 -4.59811 -0.9776 0.0251213 0.208964 65.0226
0.208799 0.0760041 0.975001 75.558 0.0103676 0.996747 -0.0799195 -4.63847 -0.977903 0.0267955 0.207332 65.1372
0.20893 0.0739765 0.975128 76.1165 0.0168968 0.996713 -0.0792341 -4.68013 -0.977784 0.0330309 0.206994 65.255
0.210914 0.0715613 0.974881 76.6611 0.0224554 0.996699 -0.0780209 -4.71761 -0.977246 0.0383471 0.208611 65.3495
0.212728 0.0704869 0.974566 77.2178 0.0258659 0.996639 -0.0777294 -4.75625 -0.976769 0.0417433 0.21019 65.4594
0.216295 0.069757 0.973833 77.7876 0.0242333 0.996753 -0.0767811 -4.79716 -0.976027 0.0402065 0.213902 65.5883
0.221521 0.070392 0.972611 78.3683 0.0231977 0.996728 -0.0774209 -4.8388 -0.974879 0.0397127 0.219164 65.733
0.227941 0.0692475 0.971209 78.9334 0.0243107 0.996752 -0.0767743 -4.87994 -0.973371 0.0411108 0.225518 65.858
0.235191 0.0692382 0.96948 79.5315 0.0226914 0.996796 -0.0766938 -4.92238 -0.971684 0.0400366 0.232866 66.0291
0.243383 0.0665886 0.967642 80.1075 0.0238906 0.996926 -0.0746127 -4.96302 -0.969636 0.041277 0.241044 66.1743
0.252171 0.0663949 0.965402 80.6996 0.0205466 0.997051 -0.0739383 -5.00654 -0.967464 0.0384808 0.250063 66.3406
0.261756 0.0660166 0.962873 81.274 0.0196037 0.997088 -0.0736916 -5.04718 -0.964934 0.0381652 0.2597 66.4848
0.271303 0.069743 0.959964 81.8844 0.0144284 0.996964 -0.0765088 -5.09046 -0.962386 0.0346077 0.269473 66.6743
0.280276 0.0720189 0.957214 82.4682 0.0111358 0.99687 -0.0782631 -5.12984 -0.959854 0.0325946 0.278597 66.8453
0.290292 0.0746393 0.954023 83.171 0.00775787 0.996737 -0.0803416 -5.17626 -0.956906 0.0307237 0.288766 67.1576
0.300499 0.0764028 0.950717 83.76 0.00671858 0.996592 -0.082213 -5.21873 -0.953758 0.0310924 0.298962 67.323
0.310199 0.0771568 0.947535 84.4011 0.00367212 0.996596 -0.0823539 -5.26731 -0.950664 0.0290256 0.30886 67.551
0.320184 0.0775874 0.944173 85.0278 0.002886 0.996556 -0.0828706 -5.31366 -0.947351 0.0292587 0.318857 67.7634
0.330296 0.0784022 0.940616 85.6873 -0.000986189 0.996572 -0.08272 -5.36011 -0.943877 0.0263944 0.329241 68.0151
0.340186 0.0735111 0.93748 86.3655 -1.93123e-05 0.99694 -0.0781664 -5.40512 -0.940358 0.026573 0.339146 68.2898
0.351767 0.0663524 0.933733 86.9994 0.00366589 0.997379 -0.0722562 -5.44726 -0.93608 0.0288403 0.350602 68.4631
0.362615 0.061679 0.929896 87.6841 0.00588593 0.997636 -0.0684673 -5.49417 -0.93192 0.0303006 0.361395 68.7264
0.372578 0.0580992 0.92618 88.407 0.00558616 0.99788 -0.0648439 -5.54197 -0.927984 0.0293332 0.371463 69.0521
0.381967 0.0551446 0.922529 89.0983 0.0122334 0.997829 -0.0647107 -5.58187 -0.924095 0.036003 0.380463 69.3221
0.390442 0.0496465 0.919288 89.8069 0.0191099 0.997893 -0.0620079 -5.61513 -0.920429 0.041778 0.388671 69.6079
0.397027 0.0396629 0.916949 90.5271 0.0295003 0.997998 -0.0559418 -5.65327 -0.917332 0.0492607 0.395062 69.9041
0.404248 0.0349839 0.91398 91.2691 0.0356001 0.997909 -0.0539421 -5.68761 -0.913956 0.0543437 0.402158 70.2177
0.410622 0.0343158 0.91116 91.978 0.0382183 0.997766 -0.0548008 -5.73729 -0.911004 0.0573253 0.408393 70.5364
0.417688 0.0410814 0.907661 92.7467 0.0401703 0.997165 -0.063618 -5.77062 -0.907702 0.0630335 0.414854 70.9152
0.423854 0.0450942 0.904607 93.4493 0.0440737 0.99655 -0.0703281 -5.81497 -0.904657 0.0696782 0.420404 71.2521
0.428261 0.0476425 0.902398 94.1538 0.0419041 0.996488 -0.0724968 -5.86338 -0.902683 0.0688617 0.424761 71.5981
0.432447 0.0494927 0.9003 94.8566 0.0350958 0.996812 -0.0716561 -5.91113 -0.900976 0.0625842 0.429332 71.948
0.435756 0.0533524 0.898482 95.5661 0.0284762 0.996925 -0.0730085 -5.96748 -0.899614 0.0573992 0.432896 72.3282
0.438836 0.0565569 0.896785 96.2626 0.027389 0.996711 -0.0762614 -6.02944 -0.898149 0.0580283 0.435844 72.6959
0.442204 0.0607952 0.894851 97.0111 0.023838 0.996551 -0.0794844 -6.10128 -0.896597 0.0564799 0.43923 73.13
0.445356 0.0639248 0.893068 97.7081 0.0206555 0.996449 -0.081625 -6.1627 -0.895115 0.054799 0.442454 73.5075
0.449282 0.0625922 0.891194 98.3675 0.0193124 0.996629 -0.0797332 -6.21924 -0.893181 0.0530338 0.446559 73.8377
0.453427 0.0594533 0.889308 99.0292 0.0206249 0.996805 -0.0771557 -6.27271 -0.891054 0.0533264 0.450752 74.1717
0.457054 0.0569374 0.887614 99.6892 0.0204569 0.997012 -0.0744885 -6.32426 -0.889203 0.0522031 0.454524 74.5083
0.461161 0.0560238 0.885546 100.348 0.0197549 0.997109 -0.0733693 -6.37505 -0.887096 0.0513289 0.458721 74.8483
0.465344 0.0577035 0.883247 100.994 0.0179693 0.997051 -0.0746056 -6.42524 -0.884947 0.0505886 0.462935 75.1837
0.468029 0.0581991 0.881794 101.599 0.0189673 0.996937 -0.0758658 -6.47447 -0.883509 0.0522327 0.465492 75.4957
0.470252 0.056384 0.880729 102.227 0.0212358 0.996945 -0.0751625 -6.52226 -0.882276 0.0540483 0.467618 75.834
0.47248 0.0550128 0.879622 102.837 0.0235687 0.996904 -0.0750073 -6.57083 -0.881025 0.0561711 0.469721 76.1482
0.474906 0.0550325 0.878314 103.444 0.022403 0.996963 -0.0745799 -6.61924 -0.879751 0.0550953 0.472231 76.4728
0.477284 0.0543314 0.877068 104.025 0.0241814 0.996896 -0.0749134 -6.66423 -0.878416 0.0569637 0.474489 76.772
0.480564 0.0559984 0.87517 104.603 0.0238045 0.996758 -0.0768495 -6.71028 -0.876636 0.0577641 0.477674 77.0745
0.48392 0.0557869 0.873332 105.173 0.0271453 0.996528 -0.0786978 -6.75634 -0.87469 0.0617903 0.480726 77.3722
0.487381 0.0548505 0.871465 105.747 0.0292714 0.996437 -0.0790868 -6.80522 -0.872698 0.0640544 0.48404 77.6924
0.490995 0.0529646 0.86955 106.3 0.0325925 0.996334 -0.0790904 -6.84987 -0.870552 0.0671738 0.487469 77.9923
0.495024 0.0519379 0.867325 106.836 0.0342823 0.996267 -0.0792257 -6.89232 -0.868202 0.0689525 0.491396 78.2725
0.498462 0.0513748 0.865387 107.382 0.0356204 0.996185 -0.079657 -6.93956 -0.866179 0.0705315 0.494731 78.6014
0.502825 0.0503389 0.862921 107.888 0.0365774 0.996169 -0.0794257 -6.97973 -0.863613 0.0715006 0.499058 78.8507
0.506682 0.0498286 0.860692 108.415 0.0381033 0.996058 -0.0800965 -7.02632 -0.86129 0.0733786 0.502786 79.1559
0.511023 0.051193 0.858041 108.933 0.0375172 0.995945 -0.0817647 -7.07407 -0.858748 0.0739749 0.50703 79.4627
0.515558 0.0513675 0.855313 109.447 0.039438 0.99572 -0.0835719 -7.12228 -0.855946 0.0768181 0.511326 79.7716
0.520745 0.0546874 0.851958 109.944 0.0372318 0.995541 -0.0866613 -7.17067 -0.852899 0.0768484 0.516388 80.0656
0.526694 0.0605039 0.847899 110.439 0.0336361 0.995199 -0.0919086 -7.22157 -0.849389 0.0769277 0.52213 80.3713
0.532911 0.0675451 0.843471 110.931 0.028188 0.994838 -0.0974759 -7.27438 -0.845701 0.0757217 0.528256 80.6905
0.539213 0.073763 0.838933 111.414 0.0228857 0.994505 -0.102151 -7.32837 -0.841858 0.0742807 0.534562 81.0086
0.545778 0.0781816 0.834274 111.906 0.0190385 0.994223 -0.105626 -7.38643 -0.837713 0.0735315 0.541137 81.3414
0.551396 0.0785736 0.830535 112.403 0.0147186 0.994483 -0.103856 -7.4429 -0.834113 0.0694899 0.547198 81.6846
0.55701 0.0778956 0.826844 112.909 0.00825774 0.995023 -0.0993022 -7.50004 -0.830464 0.0621402 0.553594 82.0502
0.562814 0.0758446 0.823096 113.411 0.0021314 0.995645 -0.0932015 -7.55356 -0.82658 0.0542094 0.560201 82.4132
0.568355 0.0742822 0.819423 113.921 -0.00385413 0.996145 -0.0876291 -7.60681 -0.822774 0.0466463 0.566451 82.8069
0.574695 0.0722828 0.815169 114.42 -0.00602698 0.996438 -0.0841072 -7.65582 -0.818345 0.043423 0.573084 83.1474
0.581192 0.0758717 0.810222 114.936 -0.0110682 0.996289 -0.085356 -7.7056 -0.813691 0.0406405 0.579874 83.5271
0.58726 0.079814 0.805454 115.46 -0.0150616 0.996031 -0.0877171 -7.75765 -0.809258 0.0393813 0.586131 83.9345
0.593812 0.083058 0.800305 115.98 -0.0180689 0.995783 -0.0899383 -7.81176 -0.8044 0.0389458 0.592809 84.3088
0.600331 0.0850969 0.795212 116.519 -0.0202447 0.995621 -0.0912595 -7.86416 -0.799495 0.0386871 0.599425 84.722
0.606822 0.0859122 0.790181 117.062 -0.023058 0.995625 -0.0905415 -7.917 -0.794503 0.0367226 0.606148 85.148
0.612683 0.0880243 0.785412 117.618 -0.0287909 0.995604 -0.0891222 -7.97168 -0.789804 0.0319908 0.612524 85.6272
0.621473 0.0857901 0.778724 118.175 -0.0293428 0.995837 -0.0862913 -8.03251 -0.782885 0.0307777 0.621403 86.0092
0.628673 0.0839682 0.773123 118.75 -0.0297778 0.996023 -0.083963 -8.087 -0.777099 0.0297634 0.628674 86.497
0.636264 0.0838934 0.766896 119.325 -0.029966 0.996007 -0.0840948 -8.13929 -0.770888 0.0305257 0.636238 86.9811
0.64418 0.0861761 0.760004 119.902 -0.0342518 0.995886 -0.0838905 -8.19057 -0.764106 0.028009 0.644481 87.4822
0.652909 0.0867374 0.752454 120.485 -0.0350361 0.995816 -0.0843893 -8.24465 -0.756625 0.0287355 0.653216 87.969
0.659843 0.0876141 0.746278 121.067 -0.0367544 0.995753 -0.0844053 -8.29287 -0.750503 0.0282654 0.660261 88.492
0.664967 0.0868981 0.7418 121.653 -0.0366262 0.995807 -0.0838211 -8.34229 -0.745973 0.028569 0.665362 89.026
0.668697 0.0856481 0.738586 122.255 -0.0352269 0.995877 -0.0835905 -8.39375 -0.7427 0.0298786 0.668957 89.5811
0.672862 0.0830031 0.735096 122.863 -0.0317548 0.99601 -0.0833975 -8.45292 -0.739085 0.0327722 0.672813 90.1217
0.676147 0.0791135 0.732506 123.488 -0.0262083 0.996171 -0.0833984 -8.51041 -0.7363 0.0371919 0.675632 90.7101
0.680107 0.0723629 0.729533 124.108 -0.0183354 0.996484 -0.0817487 -8.57609 -0.732883 0.0422216 0.679043 91.269
0.68406 0.0662641 0.72641 124.736 -0.0126652 0.996793 -0.0790021 -8.64093 -0.729315 0.0448421 0.682706 91.8469
0.687607 0.0605696 0.723552 125.368 -0.00715292 0.997031 -0.0766652 -8.70445 -0.726047 0.04754 0.685999 92.4313
0.691392 0.0590204 0.720065 125.997 -0.00700515 0.997158 -0.0750061 -8.76656 -0.722445 0.0468145 0.689841 93.0191
0.693632 0.0604647 0.717787 126.615 -0.00780685 0.997043 -0.0764442 -8.82899 -0.720287 0.0474205 0.692053 93.6441
0.696578 0.0649045 0.71454 127.243 -0.0131925 0.99689 -0.0776904 -8.89066 -0.71736 0.0446909 0.695267 94.2885
0.69912 0.0686551 0.711701 127.884 -0.0195882 0.996844 -0.0769197 -8.9523 -0.714736 0.0398351 0.698258 94.9604
0.702262 0.0656467 0.708885 128.515 -0.0198517 0.997157 -0.072676 -9.01113 -0.711641 0.036965 0.701569 95.572
0.706038 0.0633057 0.705338 129.157 -0.0233142 0.997534 -0.0661935 -9.06804 -0.707789 0.0302907 0.705773 96.2133
0.709498 0.0580648 0.702311 129.795 -0.0227628 0.997967 -0.0595129 -9.11987 -0.704339 0.0262377 0.709378 96.8568
0.713759 0.053995 0.698307 130.434 -0.0205847 0.99821 -0.0561439 -9.16977 -0.700088 0.0256988 0.713593 97.5179
0.718341 0.0504998 0.693855 131.071 -0.0146538 0.998238 -0.0574821 -9.2179 -0.695536 0.0311242 0.717816 98.1508
0.723165 0.0470168 0.689073 131.703 -0.00451131 0.99798 -0.0633596 -9.27105 -0.69066 0.0427109 0.721917 98.7869
0.728099 0.0480969 0.683782 132.35 0.00121316 0.997443 -0.0714512 -9.32631 -0.68547 0.0528531 0.726179 99.4839
0.733373 0.0480811 0.678124 132.994 0.00428172 0.997149 -0.0753314 -9.38522 -0.679813 0.0581495 0.731076 100.188
0.738963 0.0436378 0.672331 133.628 0.00684508 0.997362 -0.0722575 -9.44208 -0.67371 0.0579978 0.736715 100.875
0.744501 0.0380251 0.666537 134.284 0.0115778 0.997491 -0.0698376 -9.50438 -0.66752 0.0597112 0.742193 101.637
0.749897 0.034141 0.660673 134.898 0.0164269 0.997398 -0.0701869 -9.5632 -0.66135 0.0634857 0.747385 102.245
0.754333 0.0356562 0.655523 135.537 0.0186059 0.996961 -0.0756386 -9.63295 -0.656228 0.0692533 0.751378 103.019
0.758011 0.0365217 0.651218 136.155 0.0181723 0.99686 -0.0770583 -9.69639 -0.651988 0.0702452 0.754968 103.72
0.76109 0.0335697 0.647776 136.779 0.0206466 0.9969 -0.0759204 -9.76204 -0.648317 0.0711567 0.758038 104.445
0.763869 0.027729 0.644775 137.404 0.0244011 0.997121 -0.0717899 -9.82375 -0.644909 0.0705714 0.760994 105.133
0.765619 0.0235922 0.642862 138.036 0.0273806 0.997226 -0.0692058 -9.8862 -0.642711 0.0705872 0.762849 105.86
0.766657 0.0189492 0.641777 138.664 0.0308838 0.997318 -0.06634 -9.94533 -0.641314 0.0706806 0.764016 106.576
0.767135 0.017913 0.641236 139.291 0.0311349 0.997392 -0.0651101 -10.0056 -0.64073 0.069913 0.764576 107.331
0.767328 0.0183378 0.640992 139.911 0.0298778 0.997482 -0.0643029 -10.0645 -0.640558 0.0684929 0.764848 108.067
0.767297 0.0199037 0.640982 140.532 0.0288714 0.997432 -0.0655329 -10.1246 -0.640641 0.0687893 0.764753 108.803
0.766635 0.0238829 0.641638 141.148 0.0247585 0.997465 -0.0667088 -10.1846 -0.641605 0.0670273 0.7641 109.523
0.765253 0.027535 0.64314 141.766 0.0213996 0.997444 -0.0681667 -10.2462 -0.643373 0.0659278 0.762708 110.241
0.763815 0.030534 0.644712 142.392 0.0171358 0.997568 -0.0675468 -10.3082 -0.645207 0.062641 0.761435 110.987
0.762131 0.0320684 0.646628 143.018 0.0149396 0.997635 -0.0670839 -10.3681 -0.64725 0.060787 0.759849 111.707
0.760724 0.0312048 0.648325 143.647 0.0145729 0.99777 -0.0651234 -10.425 -0.648912 0.0589889 0.758573 112.408
0.759113 0.0301885 0.650258 144.282 0.0134696 0.997981 -0.0620559 -10.4802 -0.650819 0.0558662 0.757174 113.133
0.757144 0.025917 0.652733 144.913 0.0178692 0.998016 -0.0603539 -10.5354 -0.653003 0.0573604 0.755179 113.827
0.75541 0.0293154 0.654596 145.541 0.0178353 0.997708 -0.0652634 -10.594 -0.655009 0.0609756 0.753156 114.5
0.752641 0.0390843 0.65727 146.162 0.0125547 0.997203 -0.0736745 -10.6566 -0.658311 0.0637023 0.750045 115.209
0.750102 0.0453567 0.659765 146.808 0.0102416 0.996728 -0.0801656 -10.7171 -0.661242 0.0668895 0.747183 115.941
0.746226 0.0442503 0.66422 147.392 0.00871436 0.997053 -0.0762138 -10.7806 -0.665635 0.062661 0.743641 116.625
0.743652 0.0426128 0.667207 148.073 0.00621569 0.997482 -0.0706343 -10.8442 -0.668538 0.0566745 0.741515 117.362
0.740611 0.0409517 0.670684 148.711 0.00445861 0.997819 -0.0658498 -10.9063 -0.671918 0.0517594 0.738814 118.065
0.737704 0.0405866 0.673902 149.352 0.00513917 0.997824 -0.0657207 -10.9687 -0.675104 0.0519457 0.735891 118.764
0.735325 0.0386152 0.676613 149.991 0.00723938 0.99787 -0.0648172 -11.0275 -0.677675 0.05256 0.733479 119.432
0.732998 0.0370576 0.67922 150.638 0.0115638 0.997691 -0.0669124 -11.0875 -0.680131 0.0569011 0.730878 120.1
0.729379 0.0358435 0.68317 151.264 0.0153026 0.997521 -0.0686739 -11.1482 -0.683938 0.0605436 0.727023 120.762
0.725594 0.0357641 0.687192 151.902 0.0185887 0.997264 -0.0715287 -11.2095 -0.687871 0.0646749 0.722945 121.428
0.721883 0.0359507 0.691081 152.543 0.0184373 0.997295 -0.0711393 -11.2702 -0.691769 0.0640959 0.719267 122.091
0.717384 0.0376349 0.69566 153.181 0.0162331 0.997365 -0.0706969 -11.3348 -0.696488 0.0620095 0.714883 122.777
0.712683 0.0365705 0.700532 153.808 0.0179097 0.997365 -0.0702866 -11.3892 -0.701257 0.0626384 0.710151 123.377
0.70737 0.0393168 0.705749 154.46 0.015413 0.997356 -0.0710102 -11.4473 -0.706675 0.0611082 0.704893 124.018
0.701656 0.0460258 0.711027 155.13 0.012104 0.996997 -0.0764814 -11.5094 -0.712412 0.0622699 0.698992 124.704
0.696406 0.0511569 0.715822 155.797 0.00999062 0.996667 -0.0809474 -11.5686 -0.717578 0.0635237 0.693574 125.346
0.690956 0.0531459 0.72094 156.479 0.01068 0.996434 -0.0836904 -11.6296 -0.722817 0.0655261 0.687925 125.987
0.685043 0.0472586 0.726967 157.166 0.0112854 0.997085 -0.0754527 -11.6846 -0.728414 0.0598925 0.682513 126.617
0.6787 0.0436454 0.733117 157.862 0.00621004 0.997855 -0.0651553 -11.7404 -0.734388 0.0487736 0.676974 127.265
0.672199 0.0387769 0.739354 158.562 0.00732128 0.99823 -0.0590103 -11.7951 -0.740334 0.0450797 0.670725 127.883
0.665048 0.040124 0.745721 159.284 0.00276378 0.998416 -0.056185 -11.8463 -0.746795 0.0394268 0.663884 128.572
0.657117 0.0413365 0.752654 159.992 0.00433525 0.998271 -0.0586109 -11.8951 -0.753776 0.0417771 0.655801 129.186
0.650881 0.0405038 0.758098 160.706 0.0101648 0.99802 -0.0620494 -11.9557 -0.759111 0.0480927 0.649181 129.76
0.644221 0.0480447 0.763328 161.445 0.0114895 0.997304 -0.072468 -12.0175 -0.764752 0.0554557 0.641932 130.377
0.637201 0.0488115 0.76915 162.209 0.0156324 0.996968 -0.0762197 -12.0697 -0.770538 0.060591 0.634506 131.006
0.630053 0.0450063 0.775246 162.946 0.0182363 0.997185 -0.0727116 -12.1317 -0.776337 0.0599498 0.627459 131.611
0.623276 0.0390295 0.781027 163.709 0.0226345 0.997434 -0.0679065 -12.193 -0.781674 0.0600027 0.620793 132.198
0.61679 0.0379698 0.786211 164.474 0.0234782 0.997503 -0.0665928 -12.2543 -0.786777 0.0595326 0.614358 132.784
0.609563 0.0396603 0.791744 165.203 0.0219856 0.997517 -0.0668946 -12.3149 -0.792432 0.0581835 0.607178 133.358
0.602738 0.0373383 0.797065 165.963 0.0267582 0.997396 -0.0669572 -12.3731 -0.79749 0.0616857 0.600169 133.969
0.597018 0.0312518 0.801619 166.722 0.0319753 0.997519 -0.0627031 -12.4318 -0.80159 0.0630668 0.594537 134.556
0.591908 0.0283534 0.805506 167.449 0.0326994 0.997713 -0.0591472 -12.4924 -0.805341 0.0613493 0.589628 135.088
0.587575 0.0272531 0.808711 168.208 0.0311936 0.997926 -0.0562934 -12.5525 -0.808568 0.0583031 0.585506 135.655
0.583128 0.0293183 0.811851 168.977 0.0308603 0.997827 -0.0582004 -12.6076 -0.811793 0.0589922 0.580956 136.224
0.579567 0.0311722 0.814328 169.64 0.0325555 0.997584 -0.0613571 -12.6573 -0.814274 0.0620714 0.577152 136.64
0.576762 0.036512 0.816096 170.36 0.0321017 0.997215 -0.0673024 -12.7125 -0.816281 0.0650155 0.573983 137.136
0.573501 0.0391987 0.818266 171.115 0.0300663 0.997174 -0.0688417 -12.7679 -0.818652 0.064083 0.570702 137.699
0.570774 0.0345813 0.820378 171.83 0.0308923 0.9975 -0.0635406 -12.8176 -0.820525 0.0616107 0.568279 138.195
0.568403 0.0265234 0.822322 172.561 0.0348294 0.997808 -0.0562581 -12.8633 -0.822012 0.0606183 0.566233 138.707
