1 0 0 0 0 1 0 0 0 0 1 0
0.999997 0.00155914 0.00172058 -0.0495957 -0.00155993 0.999999 0.000458149 -0.0231236 -0.00171986 -0.000460832 0.999998 1.35795
0.999996 0.00041465 0.00270375 -0.0839562 -0.000415847 1 0.00044207 -0.0456116 -0.00270357 -0.000443193 0.999996 2.70075
0.999993 -0.00104057 0.00354908 -0.103896 0.0010426 0.999999 -0.000570001 -0.0691435 -0.00354849 0.000573697 0.999994 4.03358
0.999991 -0.0010869 0.0042282 -0.109312 0.00108907 0.999999 -0.000509943 -0.0892867 -0.00422764 0.000514543 0.999991 5.41211
0.999988 -0.00184779 0.00463479 -0.113737 0.00184764 0.999998 3.63371e-05 -0.108267 -0.00463485 -2.7773e-05 0.999989 6.76836
0.999981 -0.00322854 0.00532591 -0.117162 0.00322332 0.999994 0.000989193 -0.125959 -0.00532907 -0.000972006 0.999985 8.12491
0.999983 -0.00258552 0.00520786 -0.105872 0.00257931 0.999996 0.00119771 -0.138791 -0.00521094 -0.00118426 0.999986 9.52013
0.999984 -0.00142485 0.00553478 -0.115308 0.00142911 0.999999 -0.000764462 -0.15895 -0.00553368 0.000772359 0.999984 10.8889
0.999984 0.00123385 0.00554373 -0.103164 -0.0012169 0.999995 -0.00305949 -0.17949 -0.00554747 0.0030527 0.99998 12.2886
0.99996 0.00501026 0.00737184 -0.14295 -0.00498136 0.99998 -0.00393364 -0.206075 -0.0073914 0.00389676 0.999965 13.6301
0.999929 0.00771051 0.00909196 -0.180602 -0.00767387 0.999962 -0.00405832 -0.232352 -0.0091229 0.00398826 0.99995 14.9731
0.999906 0.00877734 0.0105491 -0.203899 -0.00874148 0.999956 -0.0034413 -0.255985 -0.0105789 0.00334876 0.999938 16.3299
0.999903 0.0064198 0.0123375 -0.216545 -0.00640744 0.999979 -0.00104184 -0.275773 -0.0123439 0.000962683 0.999923 17.7154
0.999895 0.0026308 0.0142391 -0.234477 -0.00263793 0.999997 0.000482017 -0.295374 -0.0142378 -0.000519528 0.999899 19.0819
0.99988 0.00048685 0.0155124 -0.240079 -0.000457556 0.999998 -0.00189201 -0.318068 -0.0155133 0.00188468 0.999878 20.4613
0.999842 -0.000317972 0.0178041 -0.268085 0.000391051 0.999992 -0.00410131 -0.340409 -0.0178027 0.00410762 0.999833 21.8138
0.999798 0.00197978 0.0200028 -0.277426 -0.00186559 0.999982 -0.00572553 -0.368654 -0.0200137 0.00568706 0.999784 23.204
0.999732 0.00472138 0.0226473 -0.288409 -0.00463455 0.999982 -0.00388527 -0.393008 -0.0226652 0.00377927 0.999736 24.5912
0.999683 0.00482259 0.0246959 -0.281657 -0.00481304 0.999988 -0.000446144 -0.417744 -0.0246977 0.000327141 0.999695 26.0003
0.99964 0.00265519 0.0266956 -0.279055 -0.00269653 0.999995 0.00151237 -0.437813 -0.0266914 -0.00158381 0.999642 27.3865
0.999613 -0.000849782 0.027803 -0.274659 0.00085428 1 -0.000149883 -0.460471 -0.0278029 0.000173578 0.999613 28.7696
0.999577 -0.00141197 0.0290454 -0.264209 0.00148637 0.999996 -0.00254025 -0.485691 -0.0290417 0.00258235 0.999575 30.1594
0.999503 -0.00159773 0.0314916 -0.269883 0.00175709 0.999986 -0.00503331 -0.513592 -0.0314831 0.00508614 0.999491 31.5334
0.999431 0.00207197 0.0336799 -0.265276 -0.00186969 0.99998 -0.00603629 -0.539455 -0.0336918 0.00596988 0.999414 32.9255
0.9994 0.00332545 0.0344757 -0.231806 -0.00303867 0.999961 -0.00836759 -0.567919 -0.0345021 0.00825781 0.999371 34.3333
0.999386 0.00421692 0.0347847 -0.188687 -0.0039346 0.999959 -0.00818086 -0.594546 -0.0348178 0.00803897 0.999361 35.7605
0.999372 0.00468849 0.0351199 -0.149825 -0.00442855 0.999962 -0.00747567 -0.619527 -0.0351536 0.00731545 0.999355 37.182
0.999372 0.00603207 0.0349272 -0.109395 -0.00581676 0.999964 -0.0062628 -0.645973 -0.0349637 0.0060557 0.99937 38.6234
0.999335 0.00906922 0.0353302 -0.0697971 -0.00884748 0.99994 -0.00642738 -0.671596 -0.0353863 0.00611052 0.999355 40.0701
0.999293 0.0115088 0.035794 -0.0295768 -0.0112622 0.999912 -0.00708265 -0.698206 -0.0358724 0.00667452 0.999334 41.5167
0.999242 0.0139862 0.0363165 0.0113394 -0.0137382 0.999881 -0.00706869 -0.72476 -0.0364111 0.00656441 0.999315 42.9633
0.999212 0.0147748 0.0368306 0.0505884 -0.0145172 0.999869 -0.00725134 -0.753961 -0.0369329 0.00671095 0.999295 44.4208
0.999218 0.0139871 0.0369808 0.0932908 -0.0137149 0.999877 -0.00760314 -0.784289 -0.0370826 0.00709001 0.999287 45.883
0.999245 0.0131705 0.0365649 0.141103 -0.0128805 0.999884 -0.00815559 -0.814105 -0.0366681 0.00767846 0.999298 47.3401
0.999265 0.0128352 0.0361344 0.180562 -0.0125505 0.999889 -0.00809424 -0.847028 -0.0362343 0.00763478 0.999314 48.7763
0.999302 0.0132148 0.0349412 0.237312 -0.0129649 0.999889 -0.00736966 -0.872716 -0.0350347 0.00691151 0.999362 50.2479
0.999334 0.0137691 0.0337852 0.28984 -0.0134995 0.999876 -0.0081967 -0.901955 -0.0338939 0.00773516 0.999395 51.7221
0.999362 0.0144143 0.0326918 0.333703 -0.0141611 0.999868 -0.00796256 -0.934744 -0.0328022 0.00749453 0.999434 53.1914
0.999375 0.0147566 0.0321254 0.36603 -0.0145286 0.999868 -0.00731737 -0.96688 -0.0322291 0.00684606 0.999457 54.6387
0.999393 0.013596 0.0320662 0.402624 -0.0133813 0.999887 -0.00689939 -0.994039 -0.0321563 0.00646612 0.999462 56.1015
0.999373 0.0125994 0.03309 0.420426 -0.0123643 0.999897 -0.00730062 -1.0202 -0.0331785 0.00688691 0.999426 57.5449
0.999416 0.0103192 0.0325753 0.470193 -0.0100543 0.999915 -0.00828699 -1.05184 -0.0326581 0.00795463 0.999435 59.0142
0.999389 0.00991189 0.0335139 0.495794 -0.00962063 0.999915 -0.0088409 -1.07852 -0.0335986 0.00851307 0.999399 60.4679
0.999333 0.00924406 0.0353151 0.519783 -0.00893462 0.999921 -0.00890999 -1.10543 -0.0353946 0.00858852 0.999336 61.9159
0.999313 0.00840137 0.036102 0.566882 -0.00807619 0.999926 -0.00914397 -1.12962 -0.0361761 0.00884612 0.999306 63.3914
0.999316 0.00678457 0.0363502 0.626604 -0.00641938 0.999928 -0.0101539 -1.1614 -0.0364164 0.00991362 0.999287 64.8619
0.999307 0.00493313 0.0368954 0.676914 -0.00452316 0.999927 -0.0111873 -1.19966 -0.0369479 0.0110126 0.999256 66.3184
0.99927 0.0056035 0.0377716 0.725489 -0.00516315 0.999918 -0.0117459 -1.2409 -0.0378343 0.0115423 0.999217 67.7657
0.999217 0.00694318 0.0389393 0.771638 -0.00648281 0.999908 -0.0119366 -1.28313 -0.0390186 0.0116748 0.99917 69.2167
0.999131 0.00991774 0.040477 0.809452 -0.00949891 0.9999 -0.0105268 -1.32989 -0.0405773 0.0101332 0.999125 70.6419
0.999035 0.0129844 0.0419478 0.847461 -0.0126143 0.999879 -0.00907447 -1.37262 -0.0420605 0.00853657 0.999079 72.0718
0.998905 0.0167542 0.0436719 0.885166 -0.0163967 0.999829 -0.0085326 -1.4193 -0.0438073 0.00780718 0.999009 73.4887
0.998784 0.021077 0.0445661 0.932726 -0.0206956 0.999745 -0.00900396 -1.45382 -0.0447445 0.00807069 0.998966 74.9524
0.998675 0.0240477 0.0454862 0.979306 -0.0236317 0.999674 -0.00966124 -1.49064 -0.0457036 0.00857353 0.998918 76.4104
0.998596 0.0258514 0.0462297 1.03171 -0.0254143 0.999627 -0.0100188 -1.52872 -0.0464714 0.00882986 0.998881 77.8653
0.998568 0.0261252 0.0466857 1.08471 -0.0256935 0.999622 -0.00982471 -1.56625 -0.0469247 0.00861112 0.998861 79.3179
0.998561 0.0254368 0.0472042 1.14019 -0.0249836 0.999636 -0.0101671 -1.61316 -0.0474456 0.00897312 0.998833 80.7536
0.998591 0.0237629 0.0474407 1.203 -0.0232733 0.999671 -0.0108466 -1.66019 -0.0476828 0.00972717 0.998815 82.1644
0.998605 0.0233763 0.0473511 1.2653 -0.022892 0.99968 -0.0107439 -1.70543 -0.0475871 0.00964497 0.99882 83.5758
0.998616 0.0228248 0.0473824 1.3286 -0.0223488 0.999695 -0.010552 -1.74695 -0.0476087 0.00947845 0.998821 84.9994
0.998645 0.0225745 0.0468939 1.39096 -0.0220885 0.999697 -0.0108569 -1.78888 -0.0471247 0.00980636 0.998841 86.4243
0.99867 0.0226128 0.0463358 1.45247 -0.0221478 0.9997 -0.0105238 -1.83032 -0.0465598 0.00948353 0.99887 87.8493
0.998746 0.0215391 0.0451803 1.50757 -0.0211126 0.999728 -0.00989652 -1.86456 -0.0453811 0.00893024 0.99893 89.3088
0.998838 0.0193127 0.0441583 1.56122 -0.0189175 0.999778 -0.00935009 -1.89807 -0.044329 0.00850385 0.998981 90.7683
0.998926 0.0171424 0.0430321 1.61515 -0.0167634 0.999818 -0.0091531 -1.93137 -0.0431812 0.00842191 0.999032 92.2252
0.998992 0.0149441 0.0423216 1.6736 -0.014554 0.999849 -0.00951094 -1.96488 -0.0424573 0.00888541 0.999059 93.6619
0.999032 0.0136704 0.0417966 1.73133 -0.0132464 0.999858 -0.0104038 -1.99984 -0.0419329 0.00984005 0.999072 95.0985
0.999054 0.0127047 0.041589 1.78882 -0.012251 0.999863 -0.0111457 -2.03586 -0.0417248 0.0106256 0.999073 96.5352
0.999048 0.0134685 0.0414886 1.84861 -0.0129825 0.999844 -0.0119593 -2.07419 -0.0416431 0.0114093 0.999067 97.9607
0.999024 0.0129137 0.0422249 1.88987 -0.0123988 0.999846 -0.0124314 -2.11888 -0.0423789 0.0118958 0.999031 99.343
0.998981 0.0137249 0.0429902 1.93216 -0.0131803 0.99983 -0.0129262 -2.16449 -0.0431602 0.0123464 0.998992 100.728
0.998911 0.0147986 0.044234 1.97287 -0.0142599 0.999821 -0.0124699 -2.20912 -0.0444106 0.0118256 0.998943 102.107
0.998878 0.0152487 0.0448243 2.02439 -0.01477 0.999831 -0.0109928 -2.25053 -0.0449843 0.0103185 0.998934 103.478
0.998855 0.0164468 0.0449207 2.07745 -0.016025 0.999824 -0.00973539 -2.29366 -0.0450728 0.00900439 0.998943 104.843
0.998848 0.0153608 0.0454506 2.13065 -0.0148786 0.99983 -0.0109292 -2.33436 -0.0456107 0.0102404 0.998907 106.218
0.998837 0.0148975 0.0458632 2.18666 -0.0143121 0.999812 -0.0130678 -2.37613 -0.0460493 0.0123962 0.998862 107.594
0.99885 0.0139159 0.0458688 2.24292 -0.013277 0.999811 -0.014203 -2.41965 -0.0460577 0.0135776 0.998846 108.949
0.998853 0.0117115 0.0464235 2.29903 -0.0111117 0.999852 -0.0131579 -2.4622 -0.0465707 0.0126269 0.998835 110.303
0.998834 0.00921775 0.0473872 2.35697 -0.00868902 0.999898 -0.0113513 -2.50282 -0.0474869 0.0109263 0.998812 111.666
0.998798 0.00761894 0.0484124 2.42145 -0.00709645 0.999915 -0.0109551 -2.5388 -0.0484917 0.0105984 0.998767 113.04
0.998759 0.00699499 0.0493112 2.48204 -0.00637753 0.9999 -0.0126678 -2.57728 -0.0493948 0.0123376 0.998703 114.393
0.998687 0.00935201 0.0503568 2.53922 -0.00860086 0.999849 -0.0151127 -2.61983 -0.0504904 0.0146597 0.998617 115.744
0.998544 0.0116336 0.0526752 2.57896 -0.0107263 0.99979 -0.0174749 -2.65971 -0.0528674 0.0168844 0.998459 117.091
0.998378 0.0151828 0.0548705 2.62707 -0.0142238 0.99974 -0.017825 -2.70218 -0.0551268 0.0170156 0.998334 118.427
0.998272 0.016479 0.056404 2.69667 -0.0155883 0.999748 -0.0161948 -2.74263 -0.0566566 0.0152876 0.998277 119.808
0.998169 0.016585 0.0581597 2.75709 -0.0157818 0.999774 -0.0142433 -2.78426 -0.0583827 0.0132994 0.998206 121.153
0.998098 0.0159024 0.0595655 2.82527 -0.0151053 0.999791 -0.0138076 -2.82577 -0.0597725 0.0128816 0.998129 122.509
0.997998 0.0164892 0.0610659 2.89979 -0.0156246 0.999771 -0.0146089 -2.86531 -0.0612928 0.0136255 0.998027 123.871
0.997856 0.0185033 0.062782 2.97527 -0.0175771 0.999729 -0.0152735 -2.90578 -0.0630475 0.0141372 0.99791 125.231
0.99771 0.0202966 0.0645169 3.04626 -0.0193266 0.999691 -0.0156234 -2.94835 -0.064814 0.0143407 0.997794 126.606
0.997576 0.0212004 0.0662756 3.11973 -0.0201268 0.999656 -0.0168248 -2.99262 -0.0666094 0.0154501 0.99766 127.981
0.997449 0.0223524 0.0677867 3.19527 -0.0212057 0.999621 -0.0175891 -3.03789 -0.0681541 0.0161068 0.997545 129.356
0.997365 0.0214457 0.0692998 3.27356 -0.0202565 0.999636 -0.0178183 -3.08325 -0.0696567 0.0163675 0.997437 130.729
0.997248 0.0211288 0.0710663 3.35134 -0.0199854 0.99966 -0.0167615 -3.1328 -0.0713962 0.0152951 0.997331 132.08
0.997138 0.0194994 0.0730476 3.4314 -0.0183975 0.999707 -0.0157271 -3.18098 -0.0733328 0.0143382 0.997204 133.433
0.997051 0.0186368 0.0744408 3.51338 -0.0175451 0.999729 -0.0152922 -3.22868 -0.0747055 0.013941 0.997108 134.785
0.996993 0.0165524 0.0756969 3.59684 -0.0154469 0.999766 -0.0151662 -3.27549 -0.0759301 0.0139513 0.997015 136.141
0.996934 0.0149313 0.0768114 3.68215 -0.0138646 0.9998 -0.0144023 -3.32194 -0.0770111 0.0132932 0.996942 137.497
0.996934 0.0136876 0.0770422 3.76135 -0.0125511 0.999806 -0.0152162 -3.35791 -0.0772355 0.0142026 0.996912 138.905
0.996959 0.0126605 0.0768908 3.85078 -0.0115148 0.999816 -0.0153253 -3.40555 -0.0770707 0.0143933 0.996922 140.255
0.996988 0.0112644 0.0767284 3.93556 -0.0101791 0.999843 -0.0145219 -3.4468 -0.0768798 0.0136971 0.996946 141.648
0.997014 0.00956827 0.0766262 4.02097 -0.00848434 0.99986 -0.0144586 -3.48922 -0.0767537 0.0137653 0.996955 143.028
0.997021 0.00942157 0.0765525 4.1028 -0.0083298 0.999859 -0.0145685 -3.53307 -0.0766789 0.0138874 0.996959 144.388
0.997077 0.00894393 0.0758737 4.19617 -0.00781298 0.999854 -0.0151894 -3.57672 -0.0759984 0.0145522 0.997002 145.775
0.997111 0.00876388 0.0754471 4.28643 -0.00760407 0.999849 -0.0156459 -3.62073 -0.0755728 0.015027 0.997027 147.164
0.997173 0.00646329 0.0748529 4.38163 -0.00512228 0.999823 -0.0180932 -3.66659 -0.0749566 0.0176587 0.99703 148.563
0.99723 0.000978451 0.0743735 4.47626 0.00040126 0.999828 -0.0185337 -3.71278 -0.0743788 0.0185122 0.997058 149.962
0.997225 -0.0069365 0.0741181 4.57333 0.00813478 0.999841 -0.0158773 -3.76743 -0.0739961 0.0164362 0.997123 151.314
0.997141 -0.0130844 0.074422 4.65627 0.0142381 0.999787 -0.0149915 -3.80423 -0.0742099 0.0160083 0.997114 152.701
0.997099 -0.0159965 0.0744118 4.75163 0.0174267 0.999675 -0.0186114 -3.84575 -0.0740898 0.0198541 0.997054 154.091
0.99703 -0.0147315 0.0755834 4.83826 0.0164293 0.999626 -0.02189 -3.89353 -0.0752326 0.0230668 0.996899 155.469
0.996974 -0.0111402 0.0769233 4.93391 0.0130331 0.999624 -0.0241502 -3.94422 -0.0766252 0.0250797 0.996744 156.849
0.996874 -0.0107353 0.078268 5.03599 0.0126809 0.999622 -0.0244037 -3.99369 -0.0779764 0.02532 0.996634 158.232
0.996613 -0.0138855 0.0810443 5.09733 0.0156506 0.999653 -0.0211853 -4.04319 -0.0807219 0.022382 0.996485 159.565
0.99657 -0.0189423 0.0805569 5.2471 0.0205396 0.999608 -0.0190462 -4.08864 -0.0801644 0.0206354 0.996568 160.982
0.996547 -0.0227652 0.079842 5.3889 0.0242768 0.999543 -0.0180133 -4.13421 -0.0793954 0.0198894 0.996645 162.374
0.996439 -0.0240301 0.0808211 5.47669 0.0255857 0.999506 -0.0182659 -4.18051 -0.0803422 0.0202687 0.996561 163.722
0.996334 -0.0218713 0.0827066 5.57147 0.0234412 0.999562 -0.0180586 -4.22269 -0.0822754 0.0199311 0.99641 165.088
0.996195 -0.0174608 0.0853841 5.64712 0.0191475 0.999637 -0.0189747 -4.27203 -0.0850217 0.0205374 0.996167 166.441
0.996017 -0.0135133 0.0881287 5.72457 0.0154335 0.999658 -0.0211438 -4.32237 -0.0878127 0.0224197 0.995885 167.783
0.995921 -0.0102128 0.0896404 5.82939 0.0122332 0.999683 -0.0220176 -4.37155 -0.089387 0.0230244 0.995731 169.172
0.995782 -0.00813961 0.0913816 5.92571 0.0101097 0.999726 -0.0211166 -4.4218 -0.0911847 0.0219514 0.995592 170.542
0.995762 -0.00616627 0.091753 6.03746 0.00818057 0.999734 -0.0215935 -4.47433 -0.0915954 0.0222526 0.995547 171.935
0.995657 -0.00386382 0.0930133 6.13142 0.00612731 0.999692 -0.0240618 -4.52922 -0.0928916 0.0245272 0.995374 173.297
0.995619 -0.000192857 0.0934954 6.24079 0.00269693 0.999641 -0.0266572 -4.58638 -0.0934566 0.0267925 0.995263 174.682
0.995548 0.00527203 0.0940992 6.35051 -0.00264436 0.999604 -0.0280273 -4.64541 -0.0942096 0.0276537 0.995168 176.069
0.995366 0.00997669 0.0956363 6.44589 -0.00741465 0.999605 -0.0271074 -4.70218 -0.0958689 0.0262727 0.995047 177.439
0.995206 0.0126295 0.0969795 6.5587 -0.0102042 0.999624 -0.0254635 -4.75434 -0.0972645 0.0243518 0.99496 178.853
0.994965 0.0135379 0.0992954 6.65013 -0.0112559 0.999661 -0.0235063 -4.80659 -0.0995799 0.0222703 0.99478 180.212
0.994985 0.0106635 0.0994494 6.77513 -0.0084175 0.999701 -0.0229763 -4.85621 -0.0996645 0.0220239 0.994777 181.615
0.995077 0.00868894 0.0987202 6.9002 -0.00643105 0.999711 -0.0231668 -4.90729 -0.0988929 0.0224179 0.994845 183.021
0.995196 0.0091944 0.0974651 7.02446 -0.00654294 0.999601 -0.027489 -4.96514 -0.0976789 0.0267193 0.994859 184.426
0.995259 0.0112408 0.0965989 7.1479 -0.00822016 0.999467 -0.0316113 -5.02771 -0.0969027 0.0306674 0.994821 185.834
0.995186 0.015873 0.0967022 7.26259 -0.0128072 0.999399 -0.0322422 -5.09266 -0.0971557 0.0308485 0.994791 187.247
0.99507 0.0189474 0.0973442 7.37862 -0.0159687 0.999383 -0.0312881 -5.15916 -0.0978769 0.0295794 0.994758 188.656
0.994929 0.0206643 0.0984323 7.49629 -0.0179902 0.999447 -0.0279771 -5.22083 -0.0989559 0.0260644 0.99475 190.064
0.994797 0.0210354 0.0996735 7.61587 -0.0185133 0.999487 -0.0261616 -5.28091 -0.100173 0.0241802 0.994676 191.471
0.994703 0.0206728 0.100685 7.737 -0.0182119 0.999515 -0.0252998 -5.33985 -0.101159 0.0233322 0.994596 192.879
0.994647 0.0189491 0.101577 7.86195 -0.0165389 0.999563 -0.0245176 -5.40101 -0.101997 0.0227064 0.994525 194.313
0.994617 0.0163707 0.102318 8.00072 -0.0139883 0.999616 -0.0239584 -5.46173 -0.10267 0.0223981 0.994463 195.763
0.994578 0.0137647 0.103076 8.14067 -0.011363 0.999651 -0.0238519 -5.52233 -0.103369 0.0225513 0.994387 197.213
0.994532 0.0107479 0.103876 8.2923 -0.00841078 0.999703 -0.0229107 -5.57697 -0.104091 0.0219118 0.994326 198.68
0.994435 0.00617226 0.105167 8.41875 -0.00391479 0.999758 -0.0216586 -5.62966 -0.105275 0.0211263 0.994218 200.098
0.994375 0.00376231 0.105848 8.5649 -0.00143164 0.999756 -0.0220865 -5.68161 -0.105905 0.0218107 0.994137 201.547
0.994296 0.00644342 0.106455 8.70425 -0.00364696 0.999644 -0.0264427 -5.74063 -0.106588 0.0259037 0.993965 202.994
0.994161 0.0140289 0.106987 8.84422 -0.0107327 0.999452 -0.0313224 -5.80698 -0.107368 0.0299913 0.993767 204.44
0.993764 0.0231076 0.109076 8.97111 -0.0197711 0.999306 -0.0315723 -5.87065 -0.109729 0.0292189 0.993532 205.896
0.993371 0.0306049 0.110798 9.1068 -0.0276451 0.999222 -0.0281523 -5.93002 -0.111573 0.0249026 0.993444 207.367
0.993136 0.0317279 0.112577 9.24092 -0.02893 0.999233 -0.0264005 -5.98615 -0.113328 0.0229624 0.993292 208.816
0.993248 0.0299042 0.112089 9.40756 -0.0271404 0.999291 -0.0261031 -6.04299 -0.11279 0.0228847 0.993355 210.296
0.993228 0.0271166 0.11297 9.52238 -0.0242531 0.999351 -0.0266455 -6.1014 -0.113619 0.0237252 0.993241 211.732
0.99325 0.025381 0.113175 9.66914 -0.0224246 0.999376 -0.0273196 -6.16302 -0.113798 0.0245973 0.993199 213.209
0.992981 0.025861 0.115409 9.77668 -0.0228045 0.999356 -0.0277263 -6.23069 -0.116051 0.0248998 0.992931 214.667
0.992612 0.0270199 0.118284 9.88552 -0.0239299 0.999337 -0.0274665 -6.29727 -0.118948 0.0244331 0.992599 216.114
0.992491 0.0278782 0.119097 10.0421 -0.0248762 0.999336 -0.0266196 -6.36066 -0.11976 0.023457 0.992525 217.591
0.992459 0.027545 0.119437 10.2073 -0.0244716 0.999333 -0.0271236 -6.42462 -0.120105 0.0239963 0.992471 219.072
0.992476 0.0271029 0.119398 10.3782 -0.0238988 0.999317 -0.0281865 -6.48609 -0.12008 0.025121 0.992446 220.56
0.992456 0.0263659 0.119731 10.5338 -0.0231024 0.999325 -0.0285635 -6.55025 -0.120404 0.025582 0.992395 222.024
0.99254 0.0268296 0.118928 10.7263 -0.0235776 0.999311 -0.0286681 -6.61885 -0.119615 0.0256502 0.992489 223.574
0.992617 0.0273162 0.118169 10.9176 -0.0240644 0.999294 -0.0288584 -6.68775 -0.118874 0.0258016 0.992574 225.124
0.99264 0.0272087 0.118006 11.0778 -0.0239699 0.999299 -0.0287795 -6.76044 -0.118706 0.0257391 0.992595 226.593
0.992671 0.0283129 0.117486 11.2578 -0.0249967 0.99925 -0.0296048 -6.81978 -0.118236 0.0264511 0.992633 228.116
0.992736 0.0281805 0.116961 11.4387 -0.0248212 0.99924 -0.0300801 -6.88237 -0.11772 0.0269585 0.99268 229.634
0.992711 0.0289663 0.116987 11.5967 -0.0255629 0.999209 -0.0304887 -6.94083 -0.117778 0.0272759 0.992665 231.131
0.992702 0.0286503 0.11714 11.7547 -0.0251734 0.999201 -0.0310552 -7.00016 -0.117936 0.0278797 0.992629 232.627
0.992631 0.0281355 0.11786 11.9127 -0.0245301 0.999189 -0.0319307 -7.06042 -0.118663 0.0288043 0.992516 234.128
0.992613 0.0275876 0.118146 12.0843 -0.0239397 0.999196 -0.0321847 -7.12551 -0.118939 0.0291186 0.992474 235.651
0.992581 0.0269059 0.11857 12.2597 -0.0232477 0.999214 -0.0321291 -7.1901 -0.119341 0.0291343 0.992425 237.18
0.992558 0.0273708 0.118649 12.4371 -0.0236915 0.999198 -0.0323109 -7.25647 -0.119438 0.0292595 0.99241 238.714
0.992521 0.0281523 0.118779 12.6199 -0.0243878 0.999157 -0.0330292 -7.32606 -0.119609 0.0298854 0.992371 240.243
0.992413 0.0293037 0.119398 12.799 -0.0254064 0.999098 -0.0340335 -7.40033 -0.120288 0.0307418 0.992263 241.763
0.992261 0.03049 0.120363 12.9796 -0.0266238 0.999081 -0.0335999 -7.47391 -0.121277 0.0301354 0.992161 243.282
0.992093 0.0303617 0.121769 13.1623 -0.0266865 0.999142 -0.0316998 -7.54452 -0.122627 0.0281996 0.992052 244.801
0.991895 0.030301 0.12339 13.3478 -0.0265933 0.999148 -0.031586 -7.61504 -0.124242 0.0280486 0.991855 246.32
0.991725 0.0309711 0.124581 13.5274 -0.027008 0.999078 -0.0333761 -7.68707 -0.1255 0.0297353 0.991648 247.863
0.991524 0.0317993 0.12597 13.7093 -0.0275878 0.999006 -0.0350375 -7.76166 -0.126959 0.0312653 0.991415 249.405
0.991414 0.0325893 0.126627 13.8914 -0.0283848 0.998989 -0.0348679 -7.83705 -0.127635 0.0309743 0.991337 250.953
0.991391 0.0321943 0.126913 14.0742 -0.0280726 0.999024 -0.0341329 -7.91141 -0.127888 0.0302763 0.991326 252.501
0.991344 0.0325486 0.127187 14.2576 -0.0284293 0.999016 -0.0340706 -7.98581 -0.12817 0.0301598 0.991293 254.049
0.991291 0.0330621 0.127471 14.4445 -0.0289088 0.998994 -0.0342972 -8.0627 -0.128476 0.0303135 0.991249 255.574
0.991195 0.0347159 0.127777 14.6331 -0.0305568 0.998943 -0.0343675 -8.13808 -0.128835 0.0301604 0.991207 257.138
0.991007 0.0359028 0.1289 14.8059 -0.0317052 0.998903 -0.0344713 -8.21538 -0.129997 0.0300745 0.991058 258.67
0.990845 0.0361731 0.130063 14.9811 -0.0319621 0.9989 -0.0343198 -8.29271 -0.131161 0.0298485 0.990911 260.203
0.99073 0.0347673 0.131319 15.1625 -0.0305076 0.998946 -0.0343122 -8.36863 -0.132373 0.0299879 0.990746 261.739
0.990661 0.0328344 0.132329 15.3514 -0.0286039 0.999022 -0.033745 -8.44464 -0.133308 0.0296448 0.990631 263.294
0.990521 0.0307324 0.133874 15.5429 -0.0264717 0.999089 -0.0334917 -8.52031 -0.134781 0.0296304 0.990432 264.849
0.990396 0.0294666 0.13508 15.7342 -0.0250086 0.99909 -0.0345825 -8.59601 -0.135975 0.0308723 0.990231 266.393
0.990445 0.0288754 0.134843 15.9416 -0.0242661 0.999069 -0.0357027 -8.67996 -0.135749 0.0320895 0.990223 267.973
0.990145 0.0270057 0.13741 16.0883 -0.0224982 0.999161 -0.0342516 -8.75308 -0.13822 0.0308226 0.989921 269.479
0.98972 0.0252597 0.140765 16.241 -0.0207991 0.999237 -0.0330706 -8.82743 -0.141493 0.0298029 0.98949 270.979
0.989897 0.0241138 0.139716 16.4844 -0.0195875 0.999241 -0.0336818 -8.90982 -0.140422 0.0306048 0.989618 272.597
0.990282 0.0227293 0.137202 16.765 -0.0182138 0.999254 -0.0340776 -9.00276 -0.137874 0.0312474 0.989956 274.243
0.989904 0.0231857 0.139829 16.9316 -0.0185495 0.999238 -0.0343686 -9.08496 -0.14052 0.0314278 0.989578 275.722
0.989875 0.0245281 0.139799 17.164 -0.0199359 0.999218 -0.034155 -9.1674 -0.140528 0.0310222 0.98959 277.314
0.98973 0.0260701 0.140545 17.3757 -0.021408 0.999173 -0.0345822 -9.24946 -0.14133 0.0312183 0.98947 278.861
0.989578 0.026616 0.14151 17.5908 -0.0219232 0.999161 -0.0346189 -9.33349 -0.142312 0.0311558 0.989331 280.415
0.989407 0.0262319 0.142774 17.8014 -0.0215009 0.999171 -0.0345792 -9.41628 -0.143563 0.0311431 0.989151 281.963
0.989183 0.0267571 0.144221 18.0074 -0.0218555 0.999133 -0.0354646 -9.49755 -0.145045 0.031929 0.988909 283.526
0.989053 0.0254802 0.145342 18.2173 -0.0204449 0.999142 -0.0360342 -9.57349 -0.146135 0.0326683 0.988724 285.121
0.988804 0.0247295 0.14715 18.438 -0.019662 0.999166 -0.0357929 -9.65974 -0.147912 0.032499 0.988466 286.664
0.988768 0.0230957 0.14766 18.6675 -0.0181689 0.999236 -0.0346283 -9.74391 -0.148347 0.0315566 0.988431 288.262
0.988768 0.0218676 0.147849 18.8964 -0.0169477 0.999263 -0.0344545 -9.82483 -0.148493 0.0315618 0.988409 289.85
0.988787 0.0209328 0.147854 19.1234 -0.015664 0.999204 -0.0367101 -9.91066 -0.148504 0.0339825 0.988327 291.421
0.988889 0.019504 0.147363 19.353 -0.013924 0.99915 -0.0388031 -9.99398 -0.147994 0.0363201 0.98832 293.012
0.988982 0.0197701 0.146704 19.5786 -0.0141917 0.99914 -0.0389742 -10.0796 -0.147348 0.0364628 0.988412 294.583
0.989069 0.0184794 0.146283 19.8039 -0.0128924 0.999155 -0.0390493 -10.1651 -0.146881 0.0367365 0.988471 296.155
0.98913 0.0186585 0.145852 20.0268 -0.0129856 0.999126 -0.0397509 -10.2527 -0.146466 0.0374248 0.988507 297.726
0.98912 0.0186846 0.145912 20.2498 -0.0129682 0.999115 -0.0400299 -10.3406 -0.146531 0.0377022 0.988486 299.297
0.989144 0.0185637 0.145768 20.4749 -0.0129244 0.999135 -0.0395391 -10.4303 -0.146376 0.0372259 0.988528 300.907
0.989251 0.018313 0.145074 20.6988 -0.0127212 0.999144 -0.0393791 -10.5199 -0.145671 0.0371103 0.988636 302.518
0.989398 0.0175408 0.144163 20.9336 -0.0121284 0.999192 -0.0383375 -10.6032 -0.144719 0.0361826 0.98881 304.147
0.989426 0.0192731 0.143745 21.1599 -0.0140608 0.99921 -0.0371888 -10.6887 -0.144348 0.0347745 0.988915 305.746
0.989423 0.0195265 0.143735 21.415 -0.0142508 0.99919 -0.0376426 -10.7687 -0.144354 0.0351961 0.988899 307.421
0.989273 0.0199078 0.144713 21.6428 -0.0145216 0.999166 -0.0381815 -10.8501 -0.145353 0.0356704 0.988736 309.02
0.989347 0.0185215 0.144387 21.8984 -0.0130443 0.999163 -0.0387894 -10.9297 -0.144984 0.0364928 0.98876 310.661
0.989393 0.0166971 0.144295 22.1357 -0.0110087 0.999134 -0.0401308 -11.0126 -0.14484 0.0381166 0.98872 312.279
0.989429 0.0157912 0.144154 22.3748 -0.00978069 0.999057 -0.0423089 -11.1 -0.144686 0.0404517 0.988649 313.893
0.989541 0.0153504 0.14343 22.6154 -0.00918913 0.999011 -0.0435209 -11.1897 -0.143956 0.0417477 0.988702 315.516
0.989864 0.0163765 0.141065 22.8432 -0.0101708 0.998953 -0.0446009 -11.2846 -0.141648 0.0427141 0.988994 317.148
0.990204 0.0171911 0.138561 23.0789 -0.0111793 0.998967 -0.04405 -11.3821 -0.139175 0.0420695 0.989373 318.807
0.990324 0.0177451 0.137631 23.3131 -0.0121809 0.999078 -0.041166 -11.4746 -0.138235 0.0390913 0.989627 320.467
0.990336 0.0159274 0.137764 23.55 -0.0107327 0.999206 -0.0383683 -11.5649 -0.138266 0.036519 0.989721 322.137
0.990307 0.0153118 0.138046 23.7677 -0.0101671 0.99923 -0.0378962 -11.6518 -0.13852 0.0361254 0.9897 323.792
0.990261 0.01419 0.13849 23.9862 -0.00884172 0.999194 -0.0391579 -11.741 -0.138934 0.0375521 0.989588 325.446
0.990182 0.0134015 0.139135 24.2162 -0.00797722 0.999189 -0.03947 -11.8295 -0.139551 0.0379726 0.989486 327.126
0.990074 0.0136318 0.139881 24.4302 -0.00821053 0.999196 -0.0392605 -11.9227 -0.140304 0.0377223 0.989389 328.765
0.990067 0.0135651 0.139937 24.6828 -0.00808194 0.99918 -0.0396773 -12.0106 -0.14036 0.0381522 0.989364 330.466
0.990053 0.015502 0.139835 24.9212 -0.00987853 0.999118 -0.0408197 -12.1043 -0.140344 0.0390323 0.989332 332.124
0.98997 0.0162971 0.140328 25.1522 -0.0105549 0.99908 -0.041567 -12.1984 -0.140876 0.0396689 0.989231 333.771
0.989913 0.0146984 0.140907 25.3815 -0.00917807 0.999168 -0.0397476 -12.2971 -0.141374 0.0380534 0.989224 335.413
0.989866 0.0137869 0.141325 25.5993 -0.00829566 0.999191 -0.039371 -12.3865 -0.141754 0.0377997 0.989179 337.029
0.989807 0.0128101 0.141834 25.8167 -0.00708451 0.999143 -0.0407995 -12.4796 -0.142235 0.0393789 0.989048 338.655
0.989683 0.0138128 0.142602 26.0318 -0.00804853 0.99913 -0.0409201 -12.5733 -0.143043 0.0393502 0.988933 340.277
0.989614 0.0157351 0.14288 26.2473 -0.00969816 0.999035 -0.04285 -12.6708 -0.143416 0.0410193 0.988811 341.899
0.989636 0.0178333 0.14248 26.4743 -0.0113937 0.998882 -0.0458848 -12.7715 -0.143139 0.0437859 0.988733 343.552
0.989721 0.0184598 0.14181 26.7099 -0.0121176 0.998893 -0.0454573 -12.8706 -0.142492 0.0432717 0.988849 345.222
0.989872 0.0179274 0.140823 26.9326 -0.0121345 0.999049 -0.0418873 -12.9752 -0.14144 0.0397543 0.989147 346.824
0.990017 0.0184329 0.139729 27.1529 -0.0131266 0.999161 -0.0388026 -13.075 -0.140327 0.0365811 0.989428 348.428
0.990291 0.0182748 0.1378 27.3914 -0.0129101 0.999128 -0.0397245 -13.1732 -0.138406 0.0375598 0.989662 350.068
0.990483 0.0171086 0.136563 27.603 -0.0115563 0.999078 -0.0413474 -13.2619 -0.137144 0.0393758 0.989767 351.663
0.990693 0.0153739 0.135238 27.8127 -0.010009 0.999139 -0.0402608 -13.353 -0.135741 0.0385325 0.989994 353.267
0.990798 0.0140682 0.134608 28.0265 -0.00876285 0.999165 -0.0399252 -13.448 -0.135057 0.0383783 0.990093 354.896
0.990788 0.013836 0.134702 28.2373 -0.00844815 0.999145 -0.0404876 -13.5454 -0.135147 0.0389767 0.990058 356.518
0.990774 0.0135254 0.134843 28.4485 -0.00800873 0.999112 -0.0413707 -13.6442 -0.135283 0.0399091 0.990002 358.14
0.990749 0.012903 0.135082 28.66 -0.00738154 0.99912 -0.0412961 -13.7428 -0.135496 0.039917 0.989972 359.762
0.99071 0.0122141 0.135436 28.8721 -0.00665653 0.99912 -0.0414118 -13.8406 -0.135823 0.0401256 0.989919 361.378
0.990673 0.0116089 0.135755 29.0847 -0.00596887 0.999105 -0.0418788 -13.9391 -0.136119 0.040678 0.989856 362.995
0.990647 0.0112753 0.135977 29.2977 -0.00555845 0.999088 -0.0423494 -14.0385 -0.13633 0.0411975 0.989806 364.611
0.99061 0.0104148 0.13631 29.5107 -0.00471623 0.999104 -0.0420624 -14.1369 -0.136626 0.0410246 0.989772 366.222
0.990576 0.0102621 0.136568 29.7265 -0.00447931 0.999083 -0.0425836 -14.236 -0.13688 0.0415706 0.989714 367.835
0.990568 0.00889083 0.136728 29.9395 -0.00292002 0.999036 -0.0438076 -14.3337 -0.136986 0.0429952 0.989638 369.432
0.990544 0.00721573 0.136998 30.1548 -0.00144927 0.999111 -0.0421445 -14.4292 -0.137181 0.0415475 0.989673 371.038
0.990522 0.00563115 0.13723 30.3696 5.36741e-05 0.999144 -0.0413864 -14.5229 -0.137346 0.0410015 0.989673 372.661
0.990438 0.00520356 0.137853 30.5839 0.000664791 0.999097 -0.0424892 -14.6178 -0.13795 0.0421746 0.98954 374.277
0.990303 0.00643813 0.138768 30.795 -0.000455063 0.999071 -0.043104 -14.7124 -0.138917 0.0426229 0.989385 375.892
0.990149 0.00811277 0.139773 31.0037 -0.00217923 0.999092 -0.0425519 -14.8046 -0.139991 0.0418282 0.989268 377.507
0.990005 0.0091953 0.140722 31.2158 -0.0033041 0.999111 -0.0420405 -14.8953 -0.140983 0.0411554 0.989155 379.131
0.989834 0.00973646 0.141886 31.4255 -0.00373069 0.999089 -0.0425326 -14.9878 -0.142171 0.0415709 0.988968 380.738
0.989727 0.00988934 0.142615 31.6368 -0.0036899 0.99904 -0.0436687 -15.0827 -0.14291 0.0426939 0.988813 382.343
0.989576 0.0106878 0.143608 31.8496 -0.00437427 0.999013 -0.0442074 -15.1785 -0.143939 0.0431184 0.988646 383.947
0.989367 0.011267 0.144992 32.07 -0.00478038 0.998976 -0.0450082 -15.268 -0.145351 0.0438366 0.988408 385.569
0.989202 0.0128134 0.14599 32.292 -0.00622591 0.998946 -0.0454905 -15.3582 -0.146419 0.0440904 0.988239 387.191
0.988996 0.0144208 0.147226 32.516 -0.00774772 0.998921 -0.0457987 -15.4489 -0.147727 0.0441541 0.988041 388.812
0.98892 0.0152657 0.147653 32.7571 -0.00846374 0.998879 -0.0465861 -15.5505 -0.148198 0.0448203 0.98794 390.455
0.988872 0.0165729 0.147834 32.9984 -0.00967448 0.998836 -0.0472607 -15.6533 -0.148445 0.0453046 0.987881 392.091
0.988902 0.0166349 0.147624 33.2403 -0.00972165 0.998828 -0.0474288 -15.756 -0.14824 0.0454673 0.987905 393.72
0.988894 0.0176664 0.147558 33.4766 -0.0108786 0.998851 -0.0466819 -15.8574 -0.148214 0.0445583 0.98795 395.35
0.988865 0.019018 0.147588 33.7127 -0.0122548 0.998839 -0.0465993 -15.9585 -0.148303 0.0442717 0.987949 396.984
0.988853 0.0189545 0.147672 33.9489 -0.0121028 0.998814 -0.0471594 -16.061 -0.148391 0.0448466 0.98791 398.617
0.988885 0.0185615 0.147513 34.1904 -0.0117215 0.998822 -0.0471039 -16.1643 -0.148214 0.0448513 0.987937 400.251
