1 0 0 0 0 1 0 0 0 0 1 0
0.999998 -0.00156309 0.00131407 -0.0693729 0.00156396 0.999999 -0.000658243 -0.0149443 -0.00131304 0.000660297 0.999999 0.562031
0.999997 -0.00146299 0.00191591 -0.105218 0.00146718 0.999997 -0.00218932 -0.0305889 -0.0019127 0.00219212 0.999996 1.10137
0.999998 -0.00208787 0.000304362 -0.114245 0.00208894 0.999991 -0.00356973 -0.0415057 -0.000296906 0.00357036 0.999994 1.67168
0.999991 -0.00415956 -0.00123252 -0.124143 0.00415304 0.999978 -0.00524336 -0.0533844 0.00125431 0.00523819 0.999986 2.24216
0.999977 -0.00637982 -0.00237199 -0.131978 0.00636257 0.999954 -0.0072107 -0.0665985 0.00241789 0.00719544 0.999971 2.80724
0.999966 -0.00760084 -0.00330496 -0.140358 0.00757479 0.999941 -0.0078249 -0.0800844 0.00336424 0.00779959 0.999964 3.37249
0.999962 -0.00767371 -0.00406985 -0.149076 0.00764435 0.999945 -0.00718241 -0.0931306 0.00412474 0.00715103 0.999966 3.93774
0.999955 -0.00834091 -0.00458078 -0.157541 0.00830654 0.999938 -0.00747179 -0.107725 0.00464282 0.0074334 0.999962 4.50671
0.99996 -0.00737281 -0.00498847 -0.171765 0.00732104 0.99992 -0.0103184 -0.124651 0.00506415 0.0102814 0.999934 5.09535
0.999969 -0.00545078 -0.00575066 -0.190007 0.00536914 0.999886 -0.0141177 -0.142951 0.00582696 0.0140864 0.999884 5.70106
0.999973 -0.00416029 -0.00605434 -0.258227 0.00405256 0.999835 -0.0176983 -0.163335 0.00612697 0.0176733 0.999825 6.39807
0.999978 -0.0022837 -0.00620175 -0.309408 0.0021748 0.999844 -0.0175095 -0.181985 0.00624077 0.0174957 0.999828 7.07122
0.999982 0.000247982 -0.00600097 -0.359281 -0.000312399 0.999942 -0.0107354 -0.19537 0.00599796 0.0107371 0.999925 7.74354
0.999985 0.000663071 -0.00545205 -0.373953 -0.000666608 1 -0.000646461 -0.198211 0.00545162 0.000650082 0.999985 8.37545
0.999985 0.00128548 -0.00529725 -0.375637 -0.00125641 0.999984 0.00548788 -0.199125 0.00530422 -0.00548115 0.999971 9.01203
0.999976 0.00330644 -0.00600254 -0.3971 -0.00328125 0.999986 0.00420193 -0.208015 0.00601635 -0.00418214 0.999973 9.70913
0.999963 0.00568242 -0.00647981 -0.410284 -0.00570091 0.99998 -0.00283749 -0.218445 0.00646356 0.00287432 0.999975 10.4001
0.999961 0.00575055 -0.00667443 -0.42329 -0.00580475 0.99995 -0.00812976 -0.23234 0.00662735 0.00816819 0.999945 11.0911
0.99997 0.00377025 -0.00678161 -0.447293 -0.00381261 0.999973 -0.00624289 -0.242112 0.00675789 0.00626855 0.999958 11.8403
0.999969 0.00262907 -0.00745622 -0.43177 -0.0026089 0.999993 0.00271456 -0.245964 0.0074633 -0.00269502 0.999969 12.5817
0.999963 0.00178613 -0.0084179 -0.428976 -0.0017022 0.999949 0.00996676 -0.247324 0.00843527 -0.00995207 0.999915 13.3684
0.999956 0.000845028 -0.00928771 -0.43001 -0.00073101 0.999924 0.0122731 -0.248263 0.00929739 -0.0122658 0.999882 14.1645
0.999953 -0.00108375 -0.00958076 -0.429738 0.00119239 0.999935 0.0113415 -0.250355 0.00956784 -0.0113524 0.99989 14.9634
0.999954 -0.0016691 -0.00946825 -0.428215 0.00175478 0.999958 0.00904797 -0.250665 0.00945275 -0.00906417 0.999914 15.7853
0.999955 0.000795674 -0.00943475 -0.431914 -0.000740896 0.999983 0.00580839 -0.252571 0.00943921 -0.00580115 0.999939 16.6359
0.999965 -0.00228738 -0.00804166 -0.445655 0.00228875 0.999997 0.00016147 -0.256316 0.00804127 -0.000179875 0.999968 17.4973
0.999957 -0.00519894 -0.00763602 -0.445085 0.00515249 0.999968 -0.00608947 -0.266786 0.00766744 0.00604986 0.999952 18.3846
0.999967 -0.00416714 -0.00701165 -0.44829 0.00408811 0.999928 -0.011248 -0.281006 0.00705802 0.011219 0.999912 19.3046
0.99997 -0.00298007 -0.00719989 -0.453094 0.00289308 0.999923 -0.0120608 -0.296323 0.00723528 0.0120396 0.999901 20.2295
0.999968 -0.00268426 -0.00748817 -0.457213 0.00259648 0.999928 -0.0117078 -0.314465 0.00751906 0.011688 0.999904 21.1487
0.999971 -0.00102996 -0.00757586 -0.465532 0.000930887 0.999914 -0.0130691 -0.337074 0.00758867 0.0130616 0.999886 22.0925
0.999969 0.00188006 -0.00763043 -0.475057 -0.00199477 0.999885 -0.0150529 -0.361923 0.00760125 0.0150677 0.999858 23.0472
0.999951 0.00565293 -0.00807091 -0.483959 -0.00578017 0.999858 -0.0158289 -0.386907 0.00798028 0.0158748 0.999842 24.0219
0.999944 0.00720225 -0.00781165 -0.502733 -0.00732542 0.999848 -0.015854 -0.413248 0.00769627 0.0159104 0.999844 24.9926
0.999938 0.00806278 -0.00765319 -0.521623 -0.00818455 0.999839 -0.0160147 -0.440779 0.00752283 0.0160764 0.999843 25.9653
0.999938 0.00808931 -0.00768576 -0.532521 -0.00821051 0.999841 -0.015871 -0.469848 0.00755615 0.0159331 0.999845 26.9585
0.999928 0.00908935 -0.00789979 -0.548482 -0.00920476 0.99985 -0.0146974 -0.499813 0.00776502 0.014769 0.999861 27.9629
0.99992 0.00957434 -0.00831058 -0.561029 -0.00967967 0.999872 -0.0127275 -0.527564 0.00818767 0.0128069 0.999884 28.9722
0.99991 0.00996018 -0.0090478 -0.56917 -0.0100649 0.999882 -0.0116014 -0.553838 0.00893119 0.0116914 0.999892 29.9988
0.999907 0.0096994 -0.00955887 -0.577939 -0.00982062 0.999871 -0.0127174 -0.581548 0.00943428 0.0128101 0.999873 31.0255
0.999889 0.0107185 -0.0103211 -0.586374 -0.0108584 0.999849 -0.0135979 -0.608637 0.0101738 0.0137085 0.999854 32.0737
0.999883 0.0101787 -0.0114006 -0.594285 -0.010324 0.999866 -0.0127634 -0.634589 0.0112692 0.0128796 0.999854 33.1259
0.999892 0.00955892 -0.0111431 -0.624543 -0.00967256 0.999902 -0.0101888 -0.66093 0.0110447 0.0102955 0.999886 34.166
0.999885 0.0101489 -0.0112993 -0.647751 -0.010225 0.999926 -0.00669582 -0.68388 0.0112305 0.00681059 0.999914 35.2295
0.99989 0.0102909 -0.0107257 -0.686133 -0.0103383 0.999937 -0.00437222 -0.707714 0.01068 0.00448263 0.999933 36.2931
0.999902 0.0103883 -0.00941642 -0.737181 -0.0104254 0.999938 -0.00389786 -0.72937 0.00937535 0.00399566 0.999948 37.3449
0.999905 0.010011 -0.0095238 -0.760051 -0.0100622 0.999935 -0.00534801 -0.750236 0.00946965 0.00544333 0.99994 38.4419
0.999898 0.0104716 -0.0096907 -0.784378 -0.010529 0.999928 -0.00589025 -0.770642 0.00962832 0.00599169 0.999936 39.5395
0.999897 0.0101225 -0.010232 -0.803544 -0.0101724 0.999937 -0.00483475 -0.792637 0.0101824 0.00493834 0.999936 40.6259
0.999891 0.0101435 -0.0107467 -0.826801 -0.0101754 0.999944 -0.00291851 -0.814234 0.0107165 0.00302755 0.999938 41.7045
0.999885 0.0104608 -0.0109832 -0.850722 -0.0104686 0.999945 -0.000656021 -0.833537 0.0109757 0.000770932 0.999939 42.789
0.999868 0.0116754 -0.0113355 -0.874583 -0.0116866 0.999932 -0.000921139 -0.854333 0.011324 0.0010535 0.999935 43.875
0.999847 0.0128449 -0.0118925 -0.888181 -0.0129022 0.999906 -0.004752 -0.877271 0.0118303 0.00490471 0.999918 44.9848
0.999828 0.0141396 -0.0120404 -0.907255 -0.0142416 0.999863 -0.00842651 -0.906829 0.0119196 0.00859653 0.999892 46.0833
0.99983 0.014508 -0.0113818 -0.93945 -0.0146062 0.999857 -0.00859417 -0.93561 0.0112555 0.00875896 0.999898 47.1575
0.999841 0.0152129 -0.00932339 -0.98962 -0.015268 0.999867 -0.00586885 -0.962748 0.00923286 0.00601027 0.999939 48.2371
0.999841 0.016085 -0.00774539 -1.02647 -0.0161163 0.999863 -0.00399252 -0.986966 0.00768011 0.00411671 0.999962 49.3271
0.999876 0.0146696 -0.00572828 -1.0682 -0.0146864 0.999888 -0.00289713 -1.00965 0.00568515 0.0029809 0.999979 50.4076
0.999887 0.0145262 -0.00386853 -1.10126 -0.0145411 0.999887 -0.00385775 -1.03159 0.00381206 0.00391358 0.999985 51.5065
0.999898 0.0138536 -0.00356573 -1.0971 -0.013873 0.999889 -0.0054927 -1.0581 0.00348924 0.00554161 0.999978 52.569
0.999899 0.0138325 -0.00321499 -1.11361 -0.013857 0.999874 -0.00773981 -1.08045 0.00310753 0.00778358 0.999965 53.6871
0.999911 0.0129701 -0.00321805 -1.10818 -0.0130024 0.999863 -0.010255 -1.11224 0.0030846 0.010296 0.999942 54.7501
0.999927 0.0113868 -0.00398697 -1.09381 -0.0114393 0.999845 -0.0133994 -1.14709 0.00383378 0.0134441 0.999902 55.8189
0.999941 0.00960698 -0.00501991 -1.08246 -0.00968166 0.99984 -0.0150712 -1.17975 0.00487432 0.0151189 0.999874 56.9184
0.999953 0.00782237 -0.00568515 -1.08005 -0.00789498 0.999886 -0.012863 -1.21142 0.00558389 0.0129072 0.999901 58.0322
0.999958 0.00616354 -0.00675645 -1.06134 -0.00620962 0.999958 -0.0068197 -1.24385 0.00671414 0.00686137 0.999954 59.1133
0.99996 0.0046225 -0.00767721 -1.05083 -0.00462801 0.999989 -0.000699631 -1.27206 0.0076739 0.000735138 0.99997 60.2009
0.999968 0.00300759 -0.00745393 -1.06916 -0.00300821 0.999996 -7.12355e-05 -1.29267 0.00745369 9.36605e-05 0.999972 61.323
0.999974 -0.000193771 -0.00715498 -1.08279 0.000173448 0.999996 -0.00284078 -1.31799 0.0071555 0.00283947 0.99997 62.4191
0.999977 -0.00149841 -0.006571 -1.10032 0.00146089 0.999983 -0.00571069 -1.34551 0.00657945 0.00570096 0.999962 63.4972
0.999976 0.000382888 -0.00698331 -1.11411 -0.00044871 0.999956 -0.00942636 -1.37573 0.00697939 0.00942927 0.999931 64.619
0.999979 0.000421714 -0.00653562 -1.13544 -0.000509171 0.999911 -0.0133855 -1.41002 0.00652939 0.0133885 0.999889 65.7132
0.999983 0.00350884 -0.00470505 -1.17069 -0.00357344 0.999899 -0.0137919 -1.44322 0.00465618 0.0138084 0.999894 66.7992
0.999969 0.00743015 -0.00281008 -1.20683 -0.00745872 0.99992 -0.0102964 -1.47302 0.00273335 0.010317 0.999943 67.9241
0.99996 0.00868519 -0.00225984 -1.22218 -0.00870259 0.999932 -0.00780643 -1.50826 0.00219189 0.00782578 0.999967 69.0072
0.999967 0.00765887 -0.00264948 -1.21848 -0.00767602 0.99995 -0.00652307 -1.53984 0.0025994 0.00654319 0.999975 70.0953
0.999983 0.00542167 -0.00237742 -1.22878 -0.00543496 0.99997 -0.0056178 -1.56525 0.0023469 0.00563062 0.999981 71.1934
0.999989 0.00436934 -0.00196667 -1.24271 -0.00437776 0.999982 -0.00429586 -1.59183 0.00194787 0.00430442 0.999989 72.287
0.999995 0.002646 -0.00205323 -1.25078 -0.00265028 0.999995 -0.00208354 -1.61736 0.00204771 0.00208897 0.999996 73.3857
0.999997 0.00153248 -0.00182125 -1.2731 -0.0015333 0.999999 -0.000449325 -1.64089 0.00182056 0.000452119 0.999998 74.4851
0.999999 0.000716731 -0.00134738 -1.29398 -0.000718824 0.999999 -0.00155221 -1.6678 0.00134627 0.00155318 0.999998 75.5646
0.999995 0.000830333 -0.00313912 -1.28387 -0.000847748 0.999985 -0.00554996 -1.68682 0.00313446 0.00555259 0.999979 76.6874
0.99999 0.000977392 -0.00442101 -1.28381 -0.00101144 0.99997 -0.0077054 -1.71144 0.00441335 0.00770979 0.99996 77.7611
0.999982 0.00274385 -0.00547489 -1.29228 -0.00277662 0.999979 -0.00598699 -1.73941 0.00545834 0.00600208 0.999967 78.844
0.999974 0.0036083 -0.0062556 -1.30254 -0.00361912 0.999992 -0.00171883 -1.76312 0.00624935 0.00174142 0.999979 79.9286
0.999966 0.00499099 -0.00663699 -1.32408 -0.00497584 0.999985 0.00229774 -1.78549 0.00664836 -0.00226463 0.999975 81.0188
0.999958 0.00592881 -0.00700208 -1.34538 -0.00590799 0.999978 0.00299023 -1.80707 0.00701965 -0.00294873 0.999971 82.1096
0.999958 0.00568283 -0.00731306 -1.36699 -0.00567436 0.999984 0.00117839 -1.83076 0.00731963 -0.00113684 0.999972 83.2011
0.999962 0.00551092 -0.00675934 -1.40811 -0.00550849 0.999985 0.000378121 -1.84847 0.00676133 -0.00034087 0.999977 84.2407
0.999967 0.00478662 -0.00662894 -1.43602 -0.00478539 0.999989 0.000202392 -1.87095 0.00662983 -0.00017066 0.999978 85.2968
0.999972 0.00367031 -0.00651816 -1.4667 -0.00366635 0.999994 0.000618415 -1.8944 0.00652038 -0.000594496 0.999978 86.3451
0.99998 0.00225609 -0.0059223 -1.50173 -0.0022431 0.999996 0.00219954 -1.91716 0.00592723 -0.00218621 0.99998 87.3772
0.999974 0.00236158 -0.00680858 -1.50745 -0.00232771 0.999985 0.00497858 -1.93999 0.00682023 -0.0049626 0.999964 88.3922
0.999973 0.0012807 -0.00723271 -1.52929 -0.0012371 0.999982 0.00602944 -1.96114 0.0072403 -0.00602032 0.999956 89.3882
0.999965 0.000317683 -0.00841204 -1.55919 -0.000265274 0.999981 0.00623086 -1.97686 0.00841386 -0.0062284 0.999945 90.3423
0.999928 -0.000609599 -0.0119764 -1.56962 0.000673742 0.999986 0.00535263 -1.99558 0.011973 -0.00536031 0.999914 91.3017
0.999888 -0.000603322 -0.0150058 -1.59577 0.000672011 0.99999 0.00457299 -2.01403 0.0150028 -0.00458255 0.999877 92.2263
0.999843 -0.000793349 -0.0177174 -1.62381 0.000881076 0.999988 0.00494428 -2.03256 0.0177133 -0.0049591 0.999831 93.1266
0.999786 8.9758e-06 -0.0206901 -1.65044 0.000117713 0.999982 0.00612198 -2.04974 0.0206898 -0.0061231 0.999767 94.0182
0.999749 0.000884151 -0.0223995 -1.6973 -0.00072191 0.999974 0.00725018 -2.06677 0.0224053 -0.00723218 0.999723 94.8691
0.999679 0.00179644 -0.0252748 -1.72022 -0.00157339 0.99996 0.00884209 -2.08414 0.0252896 -0.00879947 0.999641 95.6784
0.999623 0.00343096 -0.0272529 -1.76276 -0.00317325 0.99995 0.00949393 -2.09478 0.0272841 -0.00940386 0.999583 96.4828
0.999535 0.00524179 -0.0300597 -1.78903 -0.00493782 0.999936 0.0101774 -2.11236 0.0301112 -0.0100242 0.999496 97.2538
0.999429 0.00714172 -0.033023 -1.81991 -0.00684816 0.999937 0.00899425 -2.12668 0.0330851 -0.00876296 0.999414 98.0067
0.999327 0.0083313 -0.0357206 -1.85209 -0.00814416 0.999953 0.00538146 -2.14212 0.0357637 -0.00508692 0.999347 98.7237
0.999201 0.0108745 -0.0384718 -1.88261 -0.010812 0.99994 0.00183312 -2.15739 0.0384894 -0.00141569 0.999258 99.4045
0.999093 0.0126725 -0.0406561 -1.91685 -0.0127245 0.999919 -0.00101938 -2.1662 0.0406398 0.00153578 0.999173 100.081
0.999007 0.0147784 -0.0420391 -1.93836 -0.0148852 0.999887 -0.00222841 -2.17679 0.0420014 0.00285196 0.999113 100.74
0.998981 0.0171682 -0.0417402 -1.95853 -0.017269 0.999849 -0.00205681 -2.18884 0.0416986 0.00277553 0.999126 101.361
0.998997 0.0209744 -0.0395601 -1.9711 -0.0210195 0.999779 -0.000725736 -2.2022 0.0395361 0.00155655 0.999217 101.965
0.999106 0.0235981 -0.0350838 -1.97178 -0.0235899 0.999722 0.000646827 -2.21606 0.0350892 0.000181379 0.999384 102.546
0.999285 0.024506 -0.0287818 -1.95863 -0.0244454 0.999699 0.00245882 -2.2283 0.0288334 -0.00175347 0.999583 103.103
0.999498 0.0244372 -0.0201921 -1.94074 -0.024346 0.999693 0.00474862 -2.23748 0.0203019 -0.00425463 0.999785 103.634
0.999657 0.0241139 -0.010247 -1.8993 -0.024057 0.999695 0.00563593 -2.24495 0.0103798 -0.00538747 0.999932 104.165
0.999725 0.0234269 0.00118452 -1.84779 -0.023433 0.999711 0.00538773 -2.25121 -0.00105796 -0.00541399 0.999985 104.659
0.999642 0.0237812 0.0122685 -1.7541 -0.0238304 0.999709 0.00388567 -2.25284 -0.0121725 -0.00417664 0.999917 105.121
0.999395 0.0230347 0.0260778 -1.64508 -0.0230391 0.999735 -0.000134236 -2.25173 -0.026074 -0.000466648 0.99966 105.593
0.998808 0.0230118 0.0430451 -1.53483 -0.0227972 0.999726 -0.00546991 -2.25211 -0.0431591 0.00448209 0.999058 106.01
0.997749 0.0213628 0.0635615 -1.41904 -0.0207135 0.999727 -0.0108559 -2.25475 -0.063776 0.00951493 0.997919 106.421
0.99635 0.0200275 0.0829818 -1.2225 -0.0187868 0.9997 -0.0157059 -2.24165 -0.0832715 0.0140896 0.996427 106.859
0.994322 0.0180428 0.104871 -1.01706 -0.0161019 0.999684 -0.0193246 -2.22515 -0.105186 0.0175263 0.994298 107.262
0.990668 0.0160689 0.135347 -0.897711 -0.0131786 0.999667 -0.0222232 -2.22853 -0.135659 0.0202321 0.990549 107.66
0.985454 0.0141338 0.169353 -0.766026 -0.0100753 0.999642 -0.0248001 -2.23351 -0.169643 0.0227331 0.985243 108.055
0.978351 0.0113714 0.206637 -0.619721 -0.00610558 0.999641 -0.0261032 -2.24182 -0.20686 0.0242765 0.978069 108.459
0.969248 0.010124 0.245878 -0.462949 -0.00334003 0.999603 -0.0279923 -2.249 -0.246063 0.0263103 0.968896 108.852
0.957944 0.0116334 0.28672 -0.305296 -0.00316367 0.999546 -0.0299855 -2.25769 -0.286938 0.0278174 0.957545 109.219
0.943793 0.0144522 0.330222 -0.138563 -0.00429817 0.999496 -0.0314588 -2.2656 -0.33051 0.0282712 0.943379 109.568
0.927237 0.0147685 0.374185 0.0408061 -0.00337083 0.999511 -0.0310963 -2.27325 -0.374461 0.0275723 0.926833 109.899
0.908178 0.0145684 0.418331 0.235183 -0.00186329 0.999525 -0.0307635 -2.28089 -0.418581 0.0271592 0.907773 110.22
0.885903 0.0134637 0.463676 0.42795 0.00134626 0.9995 -0.0315945 -2.29665 -0.463869 0.0286138 0.885441 110.523
0.861172 0.0137937 0.508127 0.633811 0.00389968 0.999423 -0.0337397 -2.31659 -0.508299 0.0310372 0.860621 110.828
0.83404 0.0156606 0.551482 0.850998 0.00567384 0.999301 -0.0369583 -2.33764 -0.551675 0.0339537 0.833367 111.114
0.803935 0.0201965 0.594374 1.08444 0.00513582 0.99915 -0.0408972 -2.36071 -0.594695 0.0359312 0.803148 111.391
0.770684 0.0262159 0.636678 1.33399 0.00247333 0.999023 -0.0441298 -2.38212 -0.637212 0.0355848 0.769866 111.655
0.734784 0.0305896 0.677611 1.60957 0.0007209 0.998947 -0.0458775 -2.40482 -0.678301 0.0341985 0.733988 111.9
0.69708 0.0305268 0.716343 1.9085 0.00331651 0.998946 -0.0457971 -2.4303 -0.716985 0.0343 0.696244 112.123
0.657569 0.0278569 0.752879 2.23008 0.00762525 0.999019 -0.0436241 -2.45328 -0.753356 0.0344267 0.656711 112.334
0.615217 0.0257873 0.787935 2.55961 0.0093067 0.999158 -0.0399667 -2.47378 -0.788302 0.0319213 0.614459 112.524
0.570707 0.0243121 0.820794 2.90311 0.0108767 0.99925 -0.0371607 -2.48723 -0.821082 0.0301354 0.570014 112.701
0.524238 0.0217015 0.851295 3.25933 0.0139392 0.999323 -0.034059 -2.49955 -0.851458 0.0297214 0.52358 112.861
0.475399 0.0178556 0.879589 3.62784 0.0182269 0.99938 -0.0301385 -2.51098 -0.879582 0.0303599 0.474778 112.992
0.424738 0.0182354 0.905133 4.00242 0.0170159 0.99946 -0.0281205 -2.52554 -0.905157 0.0273454 0.424198 113.128
0.374626 0.0232534 0.926884 4.39215 0.014426 0.999418 -0.0309038 -2.53907 -0.927064 0.0249486 0.374072 113.25
0.325311 0.0283863 0.945181 4.79935 0.0150247 0.999268 -0.0351819 -2.5477 -0.945488 0.0256461 0.324647 113.352
0.279591 0.030513 0.959634 5.20224 0.0175473 0.999166 -0.0368824 -2.5608 -0.959959 0.027151 0.278823 113.43
0.238865 0.0301326 0.970585 5.63759 0.0259795 0.998963 -0.0374073 -2.57431 -0.970705 0.0341506 0.237835 113.5
0.204148 0.0298882 0.978484 6.07516 0.034853 0.998678 -0.0377767 -2.58751 -0.978319 0.0418151 0.202836 113.555
0.173875 0.0312191 0.984273 6.53908 0.0398815 0.998454 -0.0387141 -2.60072 -0.98396 0.0459857 0.172361 113.613
0.146261 0.0298274 0.988796 7.017 0.0390013 0.998595 -0.035892 -2.61721 -0.988477 0.0438139 0.144892 113.668
0.121193 0.0264609 0.992276 7.51478 0.0337906 0.998955 -0.0307661 -2.63568 -0.992054 0.0372582 0.120173 113.721
0.0972542 0.0228574 0.994997 8.01974 0.029137 0.999242 -0.0258029 -2.65352 -0.994833 0.0315006 0.0965148 113.764
0.0746627 0.0203264 0.997002 8.53612 0.0331854 0.999188 -0.0228562 -2.67778 -0.996656 0.0347924 0.0739277 113.786
0.0537826 0.0208557 0.998335 9.07618 0.0415352 0.99887 -0.0231045 -2.69721 -0.997688 0.0427086 0.0528558 113.803
0.0367961 0.0230231 0.999057 9.64511 0.0470439 0.998586 -0.0247449 -2.71862 -0.998215 0.0479101 0.0356612 113.803
0.0226344 0.0282524 0.999344 10.2185 0.0473405 0.998449 -0.0292993 -2.73705 -0.998622 0.0479726 0.021262 113.805
0.011252 0.0330336 0.999391 10.8185 0.0442463 0.998459 -0.033501 -2.7534 -0.998957 0.0445963 0.00977323 113.82
0.00482744 0.0327636 0.999451 11.4247 0.0470672 0.998348 -0.0329548 -2.7741 -0.99888 0.0472005 0.00327756 113.814
0.00232367 0.0295156 0.999562 12.0448 0.0527713 0.998168 -0.0295971 -2.80188 -0.998604 0.0528169 0.000762035 113.798
0.00266756 0.027689 0.999613 12.7133 0.0545543 0.998124 -0.0277934 -2.82875 -0.998507 0.0546074 0.00115219 113.8
0.00462256 0.027331 0.999616 13.3932 0.0533492 0.998196 -0.0275389 -2.85531 -0.998565 0.053456 0.00315633 113.805
0.00599252 0.0276088 0.999601 14.1167 0.0497957 0.99837 -0.0278734 -2.8822 -0.998741 0.0499429 0.00460814 113.825
0.00695464 0.0290573 0.999553 14.8293 0.0483432 0.998399 -0.0293601 -2.9045 -0.998807 0.0485258 0.00553898 113.838
0.00811345 0.0297969 0.999523 15.5467 0.0479971 0.998392 -0.0301528 -2.93368 -0.998814 0.0482188 0.00667043 113.842
0.00890326 0.0292997 0.999531 16.2962 0.0476795 0.998421 -0.0296919 -2.96375 -0.998823 0.0479215 0.00749241 113.853
0.00937629 0.027941 0.999565 17.0517 0.0465803 0.998512 -0.0283485 -2.99383 -0.998871 0.0468259 0.00806104 113.866
0.0095334 0.0266364 0.9996 17.8299 0.0475897 0.9985 -0.027061 -3.02509 -0.998821 0.0478286 0.00825168 113.881
0.00901872 0.0246505 0.999655 18.6064 0.0482087 0.998523 -0.0250575 -3.05063 -0.998797 0.048418 0.00781723 113.887
0.00788762 0.0233875 0.999695 19.3869 0.0458363 0.998667 -0.0237251 -3.07515 -0.998918 0.0460094 0.0068053 113.894
0.00687203 0.0226348 0.99972 20.1822 0.0447779 0.998734 -0.0229203 -3.09965 -0.998973 0.0449229 0.00584999 113.9
0.00531681 0.0202891 0.99978 20.9929 0.0473735 0.998666 -0.0205184 -3.12384 -0.998863 0.0474722 0.00434875 113.908
0.00391406 0.0188661 0.999814 21.8167 0.0486724 0.998633 -0.0190344 -3.15069 -0.998807 0.0487379 0.00299064 113.916
0.00206698 0.0181213 0.999834 22.6621 0.0458946 0.99878 -0.0181971 -3.17953 -0.998944 0.0459245 0.00123298 113.929
0.00129711 0.0227692 0.99974 23.4905 0.0434463 0.998795 -0.022804 -3.20905 -0.999055 0.0434646 0.000306511 113.934
0.000469711 0.0273104 0.999627 24.3074 0.045167 0.998606 -0.0273037 -3.23841 -0.998979 0.045163 -0.000764278 113.933
-0.000748683 0.0291449 0.999575 25.1381 0.0454717 0.998542 -0.0290807 -3.26946 -0.998965 0.0454306 -0.00207266 113.932
-0.00217769 0.0272371 0.999627 25.9916 0.0421398 0.998743 -0.0271212 -3.3019 -0.999109 0.042065 -0.00332252 113.937
-0.00359391 0.0233308 0.999721 26.8562 0.0392731 0.998959 -0.0231719 -3.3357 -0.999222 0.0391789 -0.00450625 113.949
-0.00355708 0.0182141 0.999828 27.6882 0.0376673 0.999127 -0.0180673 -3.36652 -0.999284 0.0375965 -0.00423986 113.933
-0.00362303 0.0126721 0.999913 28.5345 0.0343788 0.99933 -0.0125401 -3.39392 -0.999402 0.0343303 -0.00405606 113.93
-0.0034177 0.0118191 0.999924 29.3885 0.0315857 0.999432 -0.0117054 -3.42162 -0.999495 0.0315433 -0.00378888 113.935
-0.00199041 0.018614 0.999825 30.2321 0.0349758 0.999216 -0.018533 -3.45446 -0.999386 0.0349328 -0.0026397 113.93
-0.000978051 0.029397 0.999567 31.0794 0.0371455 0.998879 -0.0293404 -3.49047 -0.999309 0.0371007 -0.00206872 113.935
-0.00108004 0.0342744 0.999412 31.9152 0.0390649 0.998651 -0.0342061 -3.52622 -0.999236 0.039005 -0.00241732 113.945
0.0017382 0.0290801 0.999576 32.7677 0.0414103 0.998717 -0.0291271 -3.55887 -0.999141 0.0414434 0.000531947 113.932
0.00297481 0.021705 0.99976 33.5976 0.0456897 0.998717 -0.0218183 -3.58896 -0.998951 0.0457437 0.0019795 113.926
0.00414667 0.0190587 0.99981 34.4278 0.0470264 0.998708 -0.0192328 -3.61868 -0.998885 0.0470972 0.00324524 113.921
0.00411282 0.0198452 0.999795 35.2666 0.046557 0.998715 -0.0200153 -3.64992 -0.998907 0.0466298 0.00318379 113.93
0.00365839 0.0210308 0.999772 36.0759 0.0432859 0.998838 -0.0211695 -3.67979 -0.999056 0.0433535 0.002744 113.93
0.00193414 0.0214157 0.999769 36.8971 0.0418961 0.998891 -0.021478 -3.70774 -0.99912 0.0419279 0.00103496 113.936
4.77848e-05 0.0212242 0.999775 37.7108 0.0422561 0.998881 -0.0212072 -3.74429 -0.999107 0.0422476 -0.000848923 113.936
-0.00192626 0.0216224 0.999764 38.5199 0.0412404 0.998917 -0.0215246 -3.77784 -0.999147 0.0411892 -0.0028157 113.936
-0.00425946 0.0220417 0.999748 39.3452 0.0394593 0.998982 -0.0218567 -3.81071 -0.999212 0.0393563 -0.00512467 113.945
-0.00609186 0.0211266 0.999758 40.1586 0.0373835 0.999082 -0.0208845 -3.84468 -0.999282 0.0372473 -0.00687586 113.943
-0.00800959 0.0199738 0.999768 40.9543 0.0380858 0.999081 -0.019655 -3.87851 -0.999242 0.0379196 -0.00876275 113.937
-0.00970233 0.0200396 0.999752 41.749 0.0378427 0.99909 -0.0196591 -3.91181 -0.999236 0.0376426 -0.0104517 113.931
-0.0113455 0.0209786 0.999716 42.5375 0.037468 0.999086 -0.0205402 -3.94475 -0.999233 0.0372244 -0.012121 113.923
-0.0120164 0.0210618 0.999706 43.3162 0.0375395 0.999082 -0.0205974 -3.97769 -0.999223 0.0372809 -0.0127958 113.912
-0.0130471 0.0198364 0.999718 44.1001 0.0398214 0.99902 -0.0193028 -4.01036 -0.999121 0.0395583 -0.013824 113.901
-0.0141864 0.0189506 0.99972 44.869 0.0404932 0.999011 -0.0183626 -4.04435 -0.999079 0.0402214 -0.0149395 113.889
-0.0155325 0.0183098 0.999712 45.6482 0.0388452 0.999088 -0.0176948 -4.07844 -0.999124 0.0385591 -0.0162294 113.884
-0.0163701 0.0172511 0.999717 46.4026 0.0367499 0.999186 -0.0166402 -4.11025 -0.99919 0.0364671 -0.0169906 113.872
-0.0171325 0.0160127 0.999725 47.1456 0.0356884 0.999244 -0.0153934 -4.13897 -0.999216 0.0354149 -0.0176908 113.866
-0.0172102 0.0156858 0.999729 47.8655 0.0362292 0.99923 -0.0150543 -4.16708 -0.999195 0.0359603 -0.0177651 113.851
-0.0166098 0.0183283 0.999694 48.5757 0.0367523 0.999167 -0.017708 -4.19422 -0.999186 0.0364469 -0.0172694 113.836
-0.0165445 0.0210926 0.999641 49.2769 0.0367214 0.999115 -0.0204738 -4.22224 -0.999188 0.0363695 -0.0173042 113.828
-0.016366 0.022827 0.999605 49.986 0.0350839 0.999137 -0.0222419 -4.25003 -0.99925 0.0347061 -0.0171526 113.821
-0.0162662 0.0237009 0.999587 50.6863 0.0354092 0.999105 -0.0231132 -4.27973 -0.99924 0.0350186 -0.0170906 113.81
-0.0161175 0.0234095 0.999596 51.3962 0.0366002 0.999069 -0.022807 -4.30923 -0.9992 0.0362178 -0.0169591 113.803
-0.0159131 0.0229359 0.99961 52.0812 0.0372575 0.999056 -0.0223301 -4.33793 -0.999179 0.0368876 -0.0167525 113.786
-0.0158995 0.0232273 0.999604 52.7692 0.0334688 0.999182 -0.0226851 -4.36566 -0.999313 0.0330949 -0.0166637 113.78
-0.0158202 0.0235893 0.999597 53.4652 0.031 0.999252 -0.0230905 -4.39658 -0.999394 0.0306222 -0.0165394 113.783
-0.0152532 0.0221097 0.999639 54.1449 0.0326735 0.999232 -0.0216021 -4.42735 -0.999349 0.0323322 -0.0159637 113.767
-0.0156658 0.0214378 0.999648 54.8189 0.0325837 0.99925 -0.0209186 -4.45279 -0.999346 0.0322445 -0.0163524 113.75
-0.0188709 0.0210873 0.9996 55.504 0.0295493 0.999352 -0.0205243 -4.47994 -0.999385 0.0291502 -0.0194816 113.741
-0.024306 0.0207342 0.99949 56.1834 0.0257826 0.999465 -0.0201068 -4.50925 -0.999372 0.0252808 -0.0248273 113.737
-0.0303019 0.0243124 0.999245 56.8462 0.0291069 0.999301 -0.0234311 -4.5368 -0.999116 0.0283749 -0.0309882 113.717
-0.0368027 0.0269388 0.99896 57.5185 0.0312894 0.999177 -0.0257919 -4.56551 -0.998832 0.0303076 -0.0376152 113.689
-0.0435183 0.0285201 0.998646 58.1969 0.0306694 0.999159 -0.0271983 -4.59396 -0.998581 0.0294443 -0.0443562 113.655
-0.0493115 0.0277189 0.998399 58.8898 0.0270652 0.999284 -0.0264067 -4.62413 -0.998416 0.0257197 -0.0500263 113.621
-0.0545976 0.0265038 0.998157 59.5761 0.0267872 0.999326 -0.0250697 -4.65321 -0.998149 0.0253691 -0.0552706 113.584
-0.0591337 0.0270205 0.997884 60.2856 0.0243483 0.999375 -0.025618 -4.68159 -0.997952 0.0227819 -0.0597545 113.549
-0.0629284 0.0262394 0.997673 60.9912 0.0222203 0.999443 -0.0248844 -4.71011 -0.99777 0.0206026 -0.0634762 113.509
-0.0652116 0.0232156 0.997601 61.6934 0.022684 0.999505 -0.0217771 -4.73236 -0.997613 0.0212095 -0.0657058 113.462
-0.066591 0.0204435 0.997571 62.4061 0.0247948 0.999515 -0.0188282 -4.75327 -0.997472 0.0234808 -0.0670654 113.41
-0.0673673 0.0180135 0.997566 63.1178 0.0246615 0.999561 -0.0163841 -4.77618 -0.997423 0.0234978 -0.0677818 113.358
-0.068394 0.0180219 0.997496 63.8677 0.0236409 0.999585 -0.0164387 -4.79394 -0.997378 0.0224574 -0.0687914 113.315
-0.0679368 0.0219855 0.997447 64.5945 0.0254539 0.99947 -0.0202964 -4.81499 -0.997364 0.0240101 -0.0684602 113.259
-0.0678224 0.025952 0.99736 65.3417 0.0312771 0.999225 -0.0238736 -4.84092 -0.997206 0.0295754 -0.0685814 113.204
-0.0680428 0.0306961 0.99721 66.0836 0.0390347 0.998843 -0.0280829 -4.86976 -0.996918 0.037015 -0.0691621 113.143
-0.0687908 0.0318994 0.997121 66.8512 0.0398189 0.99878 -0.0292054 -4.89778 -0.996835 0.0376952 -0.0699769 113.096
-0.0690512 0.0299473 0.997163 67.6049 0.0380165 0.998902 -0.027367 -4.92685 -0.996888 0.0360189 -0.0701137 113.049
-0.0684369 0.0251491 0.997338 68.3541 0.0383044 0.999011 -0.0225629 -4.9582 -0.996919 0.0366583 -0.0693324 112.995
-0.0682746 0.0231505 0.997398 69.1201 0.0405383 0.998969 -0.0204121 -4.98829 -0.996842 0.0390392 -0.0691426 112.944
-0.069081 0.0227529 0.997352 69.8725 0.0408935 0.998964 -0.0199572 -5.02001 -0.996772 0.0394065 -0.0699397 112.894
-0.070504 0.0235747 0.997233 70.6232 0.0394165 0.999005 -0.0208299 -5.05081 -0.996732 0.0378388 -0.0713629 112.846
-0.0725149 0.024124 0.997076 71.3906 0.0386347 0.999025 -0.0213614 -5.08153 -0.996618 0.0369727 -0.073376 112.798
-0.0745876 0.0242427 0.99692 72.1323 0.0394613 0.998993 -0.0213407 -5.11159 -0.996433 0.037748 -0.0754689 112.743
-0.0758327 0.0243307 0.996824 72.8782 0.0407739 0.998941 -0.0212806 -5.13927 -0.996286 0.0390306 -0.0767443 112.68
-0.0778254 0.0239606 0.996679 73.6418 0.0403705 0.998967 -0.0208633 -5.16969 -0.996148 0.0386127 -0.0787121 112.624
-0.0793104 0.0244159 0.996551 74.3905 0.038177 0.999041 -0.0214386 -5.19833 -0.996118 0.0363451 -0.0801663 112.567
-0.0804071 0.0259385 0.996425 75.1384 0.0383256 0.999002 -0.0229129 -5.22802 -0.996024 0.0363462 -0.0813208 112.509
-0.0811832 0.0262369 0.996354 75.9009 0.0370171 0.999043 -0.0232916 -5.25871 -0.996011 0.0349912 -0.0820765 112.454
-0.0826814 0.0266491 0.99622 76.6716 0.0364224 0.999055 -0.0237021 -5.2869 -0.995909 0.034325 -0.0835737 112.397
-0.0837506 0.0249229 0.996175 77.4518 0.0369058 0.999079 -0.0218928 -5.31766 -0.995802 0.0349311 -0.0845931 112.334
-0.0846623 0.022634 0.996153 78.2415 0.0346967 0.999202 -0.0197544 -5.34613 -0.995805 0.0328907 -0.0853799 112.271
-0.0865115 0.0206482 0.996037 79.0373 0.031688 0.999336 -0.0179643 -5.37345 -0.995746 0.0300083 -0.0871081 112.212
-0.0880092 0.0201856 0.995915 79.8356 0.0332853 0.999295 -0.0173127 -5.39856 -0.995562 0.0316257 -0.0886188 112.134
-0.0895204 0.0210023 0.995763 80.6252 0.0345833 0.99924 -0.0179666 -5.42361 -0.995383 0.0328284 -0.0901785 112.057
-0.09123 0.0225452 0.995575 81.4276 0.034164 0.999226 -0.0194973 -5.44782 -0.995243 0.032234 -0.0919293 111.978
-0.0929085 0.0263682 0.995325 82.2662 0.0356892 0.999095 -0.0231367 -5.47296 -0.995034 0.0333728 -0.0937653 111.912
-0.0932185 0.0303163 0.995184 83.066 0.0378084 0.998923 -0.0268887 -5.50368 -0.994927 0.0351198 -0.0942641 111.831
-0.0940385 0.034391 0.994974 83.8933 0.0390038 0.998763 -0.0308356 -5.53497 -0.994803 0.0359081 -0.0952633 111.752
-0.0935142 0.0356099 0.994981 84.7311 0.0412825 0.998639 -0.0318609 -5.56862 -0.994761 0.0380958 -0.0948568 111.672
-0.0928605 0.03527 0.995054 85.5574 0.0454952 0.998478 -0.0311457 -5.60146 -0.994638 0.042378 -0.0943236 111.585
-0.0927396 0.0334445 0.995129 86.4077 0.0460677 0.998509 -0.0292649 -5.63711 -0.994623 0.0431292 -0.0941418 111.51
-0.0912223 0.0318178 0.995322 87.2455 0.0458099 0.998565 -0.027723 -5.67587 -0.994775 0.0430667 -0.0925487 111.427
-0.0893481 0.0294682 0.995564 88.0921 0.0449033 0.998664 -0.02553 -5.71177 -0.994987 0.0424231 -0.0905518 111.354
-0.0874498 0.0263306 0.995821 88.9452 0.0452936 0.998721 -0.0224298 -5.74572 -0.995138 0.0431428 -0.0885304 111.277
-0.0856436 0.0231249 0.996057 89.7982 0.0460455 0.998754 -0.0192284 -5.77749 -0.99526 0.0442172 -0.0866015 111.2
-0.0840027 0.0230004 0.9962 90.6627 0.0442785 0.998832 -0.0193274 -5.81183 -0.99548 0.0424867 -0.0849228 111.134
-0.0821266 0.0270349 0.996255 91.5202 0.0453657 0.998697 -0.0233614 -5.84935 -0.995588 0.0432773 -0.0832458 111.06
-0.0792031 0.0328349 0.996318 92.3572 0.0459305 0.998515 -0.029256 -5.88834 -0.995799 0.0434442 -0.0805934 110.976
-0.0779512 0.0363942 0.996293 93.251 0.04397 0.998486 -0.033034 -5.92452 -0.995986 0.041232 -0.0794332 110.928
-0.0765257 0.0339218 0.99649 94.1225 0.0425402 0.998621 -0.0307274 -5.96173 -0.996158 0.0400395 -0.0778631 110.868
-0.0756232 0.0315554 0.996637 95.0108 0.0435036 0.998651 -0.0283182 -6.00032 -0.996186 0.0412158 -0.0768938 110.808
-0.0747923 0.029931 0.99675 95.8812 0.044597 0.998649 -0.0266417 -6.03953 -0.9962 0.0424594 -0.0760259 110.741
-0.0736438 0.0296357 0.996844 96.7518 0.0440398 0.998679 -0.0264367 -6.07832 -0.99631 0.0419539 -0.0748515 110.676
-0.0729525 0.0295634 0.996897 97.6318 0.0434837 0.998704 -0.0264349 -6.11753 -0.996386 0.0414203 -0.0741433 110.615
-0.0711986 0.0278665 0.997073 98.4878 0.0471799 0.998584 -0.0245397 -6.15264 -0.996345 0.0452946 -0.0724124 110.537
-0.0692262 0.0272202 0.997229 99.3541 0.0499266 0.998469 -0.0237882 -6.18702 -0.99635 0.0481416 -0.070479 110.462
-0.0680746 0.0285242 0.997272 100.218 0.0517687 0.998345 -0.0250211 -6.22189 -0.996335 0.0499242 -0.0694384 110.397
-0.066766 0.0309 0.99729 101.07 0.0530596 0.998215 -0.0273765 -6.25603 -0.996356 0.051088 -0.0682862 110.333
-0.0661551 0.0328307 0.997269 101.94 0.0505457 0.998285 -0.0295111 -6.28845 -0.996527 0.0484553 -0.0677009 110.286
-0.0659618 0.0289388 0.997402 102.821 0.0458438 0.998611 -0.0259421 -6.32407 -0.996767 0.0440135 -0.0671967 110.242
-0.0660921 0.0270418 0.997447 103.69 0.0408113 0.998869 -0.0243761 -6.36492 -0.996977 0.0390961 -0.0671208 110.197
-0.0674541 0.0278589 0.997333 104.537 0.0370379 0.99899 -0.0254001 -6.40035 -0.997034 0.0352258 -0.0684176 110.151
-0.0686655 0.0328497 0.997099 105.396 0.0338469 0.998958 -0.0305801 -6.43501 -0.997064 0.0316489 -0.0697057 110.1
-0.0696776 0.0357182 0.99693 106.233 0.0332314 0.998887 -0.0334657 -6.47157 -0.997015 0.0307976 -0.0707868 110.05
-0.0695939 0.0367123 0.996899 107.086 0.0339636 0.99883 -0.0344124 -6.50489 -0.996996 0.0314635 -0.0707591 109.987
-0.0703469 0.0366152 0.99685 107.919 0.0354137 0.998787 -0.0341872 -6.54328 -0.996893 0.0328972 -0.0715581 109.936
-0.0707284 0.0379461 0.996773 108.777 0.0363772 0.998709 -0.0354385 -6.57773 -0.996831 0.0337533 -0.0720173 109.876
-0.0709062 0.0413692 0.996625 109.595 0.0373643 0.998548 -0.0387907 -6.62224 -0.996782 0.0344877 -0.0723488 109.814
-0.0720297 0.0425849 0.996493 110.419 0.0370422 0.998512 -0.0399937 -6.67011 -0.996713 0.0340316 -0.0734998 109.766
-0.0731405 0.0430613 0.996391 111.242 0.0363063 0.998519 -0.0404883 -6.71307 -0.99666 0.0332139 -0.0745954 109.711
-0.0750851 0.0422945 0.99628 112.041 0.0347189 0.998605 -0.0397766 -6.75701 -0.996571 0.0316032 -0.0764486 109.648
-0.0779115 0.0437804 0.995998 112.839 0.034963 0.99854 -0.0411572 -6.80226 -0.996346 0.0316164 -0.0793282 109.583
-0.0808708 0.0466549 0.995632 113.641 0.0348468 0.998425 -0.0439553 -6.84935 -0.996114 0.0311399 -0.082369 109.518
-0.0837091 0.0479346 0.995336 114.439 0.0337334 0.998406 -0.0452454 -6.89687 -0.995918 0.0297887 -0.0851925 109.45
-0.0864154 0.0480578 0.995099 115.227 0.0346264 0.998377 -0.0452091 -6.94576 -0.995656 0.0305499 -0.087939 109.377
-0.0886259 0.0467282 0.994968 116.007 0.036313 0.998386 -0.0436542 -6.99434 -0.995402 0.0322614 -0.0901795 109.298
-0.0907866 0.0475498 0.994734 116.788 0.0380279 0.998296 -0.0442494 -7.04374 -0.995143 0.0338104 -0.0924399 109.22
-0.0924178 0.0522281 0.994349 117.574 0.0336085 0.998217 -0.0493076 -7.09462 -0.995152 0.0288617 -0.0940081 109.155
-0.0938528 0.0591836 0.993825 118.344 0.0312976 0.997913 -0.0564714 -7.15063 -0.995093 0.0258043 -0.095509 109.085
-0.09509 0.0619086 0.993541 119.091 0.036338 0.997614 -0.0586846 -7.20115 -0.994804 0.0305231 -0.0971126 108.984
-0.0978388 0.06011 0.993385 119.873 0.0385791 0.997652 -0.0565685 -7.2512 -0.994453 0.0327893 -0.0999279 108.906
-0.100892 0.0525516 0.993508 120.652 0.0372698 0.998102 -0.0490098 -7.30768 -0.994198 0.0320832 -0.102659 108.829
-0.102807 0.0504023 0.993423 121.431 0.0362861 0.99824 -0.0468915 -7.36282 -0.994038 0.0312267 -0.104455 108.751
-0.104069 0.0535996 0.993125 122.201 0.0362905 0.998086 -0.0500645 -7.41155 -0.993906 0.0308308 -0.105814 108.668
-0.106292 0.0571346 0.992692 122.963 0.0342099 0.997966 -0.0537751 -7.46204 -0.993745 0.0282441 -0.10803 108.587
-0.108409 0.059207 0.992341 123.734 0.033105 0.997885 -0.0559212 -7.52684 -0.993554 0.0267891 -0.11014 108.505
-0.110121 0.0632817 0.991901 124.472 0.0370466 0.997538 -0.0595285 -7.58539 -0.993226 0.0301913 -0.112194 108.415
-0.112087 0.0677064 0.991389 125.214 0.0369924 0.997268 -0.0639256 -7.64198 -0.993008 0.0295087 -0.114285 108.329
-0.115066 0.0700329 0.990886 125.97 0.0358191 0.997155 -0.0663166 -7.69697 -0.99271 0.0278619 -0.117246 108.249
-0.117264 0.0677359 0.990788 126.725 0.0368475 0.99728 -0.0638188 -7.75328 -0.992416 0.0290244 -0.119441 108.162
-0.12085 0.0641845 0.990593 127.448 0.0413601 0.997366 -0.0595775 -7.8109 -0.991807 0.0337711 -0.123186 108.054
-0.126365 0.0628033 0.989994 128.201 0.0441202 0.997361 -0.0576391 -7.86771 -0.991001 0.0363952 -0.128802 107.956
-0.132089 0.0616073 0.989321 128.945 0.0429575 0.997484 -0.0563802 -7.92433 -0.990305 0.0350516 -0.134403 107.85
-0.140015 0.0618212 0.988217 129.685 0.0423681 0.997508 -0.0563995 -7.98079 -0.989241 0.0339721 -0.142285 107.738
-0.150287 0.0621178 0.986689 130.412 0.0418778 0.997527 -0.0564216 -8.03674 -0.987754 0.0328409 -0.152517 107.618
-0.161856 0.0629015 0.984808 131.132 0.0427024 0.997477 -0.0566926 -8.09136 -0.985889 0.0328776 -0.164133 107.487
-0.174166 0.0637072 0.982653 131.85 0.0440051 0.997411 -0.0568646 -8.14442 -0.983731 0.0333379 -0.176518 107.349
-0.185346 0.0636577 0.980609 132.563 0.0473229 0.997319 -0.0557979 -8.19577 -0.981532 0.0360634 -0.187862 107.191
-0.196263 0.0636263 0.978485 133.296 0.0504623 0.997225 -0.0547233 -8.24808 -0.97925 0.0386365 -0.198929 107.032
-0.205942 0.0634363 0.976506 133.994 0.0547267 0.997081 -0.0532312 -8.29799 -0.977031 0.0424784 -0.208812 106.864
-0.214337 0.0639182 0.974666 134.706 0.060757 0.996796 -0.0520085 -8.34699 -0.974867 0.0480705 -0.217533 106.688
-0.221518 0.0638483 0.973064 135.414 0.0658679 0.996554 -0.0503949 -8.39525 -0.972928 0.0529303 -0.22496 106.507
-0.227237 0.0639937 0.971735 136.14 0.0663065 0.996539 -0.0501217 -8.44486 -0.971578 0.0530428 -0.230694 106.326
-0.231328 0.0617275 0.970915 136.872 0.0701124 0.996447 -0.0466459 -8.4917 -0.970345 0.0572827 -0.234834 106.142
-0.232711 0.0587085 0.970772 137.549 0.0765619 0.996183 -0.0418921 -8.53586 -0.969526 0.0645754 -0.236318 105.954
-0.232923 0.0570133 0.970822 138.233 0.0832625 0.995783 -0.0385026 -8.57776 -0.968923 0.071865 -0.236688 105.765
-0.232627 0.0552124 0.970998 138.906 0.0859777 0.995645 -0.0360158 -8.6208 -0.968757 0.0751059 -0.236361 105.577
-0.231291 0.0602592 0.971017 139.591 0.0881705 0.99527 -0.0407626 -8.66539 -0.96888 0.076187 -0.23551 105.398
-0.230073 0.0633152 0.971111 140.263 0.0879506 0.99515 -0.0440454 -8.7083 -0.969189 0.0752762 -0.234525 105.238
-0.229107 0.063194 0.971348 140.943 0.090015 0.994989 -0.0435007 -8.74834 -0.969229 0.0774696 -0.233647 105.074
-0.227208 0.0614391 0.971906 141.613 0.0912219 0.994962 -0.0415712 -8.78893 -0.969563 0.0792138 -0.231667 104.912
-0.224975 0.0589344 0.97258 142.275 0.0932456 0.994889 -0.0387169 -8.8293 -0.969891 0.0819785 -0.229321 104.748
-0.223239 0.0593263 0.972957 142.958 0.0937573 0.994824 -0.0391476 -8.87283 -0.970243 0.0824825 -0.227646 104.594
-0.219924 0.061498 0.973577 143.601 0.0950356 0.994613 -0.041359 -8.91328 -0.970875 0.0834287 -0.224583 104.433
-0.215206 0.0629639 0.974537 144.261 0.0963081 0.994422 -0.0429812 -8.95476 -0.971807 0.0846061 -0.220069 104.285
-0.209195 0.0617546 0.975922 144.889 0.0975615 0.994342 -0.0420073 -8.99543 -0.972993 0.0864247 -0.214036 104.134
-0.202914 0.0600629 0.977353 145.528 0.0994051 0.994223 -0.0404616 -9.03459 -0.974136 0.0889436 -0.207712 103.99
-0.197496 0.05804 0.978584 146.164 0.0997055 0.994257 -0.0388472 -9.07425 -0.975218 0.0898981 -0.202148 103.853
-0.192644 0.0571084 0.979605 146.796 0.100161 0.994234 -0.0382641 -9.11233 -0.976142 0.0907472 -0.197253 103.72
-0.188272 0.0556742 0.980538 147.437 0.1014 0.994157 -0.0369778 -9.14827 -0.976867 0.0924648 -0.192817 103.598
-0.184213 0.0541169 0.981395 148.057 0.104443 0.993907 -0.0352024 -9.18165 -0.97732 0.0960153 -0.188742 103.475
-0.179993 0.0524026 0.982271 148.666 0.106535 0.993744 -0.0334931 -9.21367 -0.97788 0.0986177 -0.184449 103.35
-0.176447 0.0511069 0.982982 149.276 0.104967 0.993932 -0.0328346 -9.24882 -0.978696 0.0973872 -0.18074 103.238
-0.172286 0.0521225 0.983667 149.895 0.102125 0.994162 -0.0347918 -9.28698 -0.979737 0.0944626 -0.176603 103.134
-0.167386 0.0554983 0.984328 150.494 0.10311 0.993923 -0.0385054 -9.322 -0.980483 0.0950491 -0.172091 103.031
-0.161176 0.058726 0.985177 151.087 0.10466 0.993615 -0.0421066 -9.35468 -0.981359 0.0963224 -0.166292 102.925
-0.15358 0.0596984 0.986331 151.678 0.103798 0.993625 -0.0439777 -9.38786 -0.982668 0.095625 -0.158797 102.824
-0.14439 0.0582711 0.987803 152.266 0.100498 0.993965 -0.0439446 -9.42405 -0.984403 0.0929267 -0.149375 102.738
-0.133477 0.0564621 0.989442 152.865 0.0996681 0.994078 -0.0432813 -9.46222 -0.986026 0.0928388 -0.138314 102.668
