1 0 0 0 0 1 0 0 0 0 1 0
0.999999 0.00109858 0.000386536 0.0187578 -0.00109842 0.999999 -0.00042007 -0.0510314 -0.000386997 0.000419645 1 1.19024
0.999997 0.00156903 0.00161381 0.0167949 -0.0015696 0.999999 0.000353548 -0.0750781 -0.00161325 -0.00035608 0.999999 2.42946
0.999997 0.00102027 0.00237641 0.0147675 -0.00102218 0.999999 0.000805282 -0.0991472 -0.00237558 -0.000807708 0.999997 3.64307
0.999995 0.000891938 0.00286866 0.0144014 -0.00089459 0.999999 0.000923006 -0.119517 -0.00286783 -0.000925569 0.999995 4.8774
0.999994 0.000587355 0.00343404 0.0140296 -0.000590774 0.999999 0.000994503 -0.140858 -0.00343346 -0.000996526 0.999994 6.09476
0.999992 0.00104156 0.00376243 0.0142387 -0.00104179 0.999999 5.71703e-05 -0.162719 -0.00376237 -6.10897e-05 0.999993 7.30572
0.999993 0.000923975 0.00367396 0.023694 -0.000922534 0.999999 -0.000394073 -0.182726 -0.00367432 0.000390681 0.999993 8.51069
0.999995 0.000771703 0.00305447 0.0303322 -0.000774926 0.999999 0.00105405 -0.20234 -0.00305365 -0.00105641 0.999995 9.71522
0.999998 0.000535014 0.00173824 0.0261894 -0.000538415 0.999998 0.0019564 -0.219473 -0.00173719 -0.00195733 0.999997 10.9409
1 -0.000422113 -0.000794071 0.0156162 0.000423298 0.999999 0.00149335 -0.24078 0.000793439 -0.00149369 0.999999 12.1742
0.999996 0.000132804 -0.0027958 -0.00291437 -0.000129621 0.999999 0.00113868 -0.261365 0.00279595 -0.00113832 0.999995 13.3908
0.999992 0.000183238 -0.00406494 -0.0229557 -0.000179094 0.999999 0.00101972 -0.283026 0.00406512 -0.00101899 0.999991 14.6128
0.999987 0.00168743 -0.00483968 -0.0436893 -0.00168319 0.999998 0.000880018 -0.304764 0.00484115 -0.000871861 0.999988 15.8378
0.999985 0.00123783 -0.00532842 -0.0682406 -0.00123312 0.999999 0.000887333 -0.327713 0.00532951 -0.00088075 0.999985 17.0537
0.999983 0.000781814 -0.0058296 -0.0877422 -0.0007725 0.999998 0.00159986 -0.352742 0.00583084 -0.00159533 0.999982 18.2818
0.99998 0.000159073 -0.00637098 -0.103457 -0.000146722 0.999998 0.00193915 -0.376052 0.00637127 -0.00193818 0.999978 19.5152
0.999976 0.000466223 -0.00690003 -0.12528 -0.000457474 0.999999 0.0012695 -0.401582 0.00690062 -0.00126631 0.999975 20.7359
0.999973 -2.84326e-05 -0.0073952 -0.147396 3.29862e-05 1 0.00061565 -0.428207 0.00739518 -0.000615877 0.999972 21.9577
0.999966 0.000531158 -0.00821981 -0.170862 -0.000519954 0.999999 0.00136516 -0.453665 0.00822052 -0.00136084 0.999965 23.179
0.99996 -8.10678e-05 -0.00889731 -0.195182 9.30511e-05 0.999999 0.00134645 -0.479133 0.00889719 -0.00134722 0.99996 24.4002
0.999954 -0.000326474 -0.00963662 -0.22321 0.000335541 0.999999 0.000939371 -0.505878 0.00963631 -0.000942562 0.999953 25.6212
0.999948 2.87768e-05 -0.0102364 -0.252086 -1.03318e-05 0.999998 0.00180195 -0.529244 0.0102365 -0.00180175 0.999946 26.8528
0.999933 -0.00108311 -0.0115015 -0.25933 0.00112454 0.999993 0.00359575 -0.546814 0.0114975 -0.00360845 0.999927 28.0995
0.99992 -0.00145568 -0.0125982 -0.285981 0.00150231 0.999992 0.00369205 -0.566869 0.0125927 -0.00371068 0.999914 29.2883
0.999906 -0.00178658 -0.0136318 -0.304885 0.00182456 0.999994 0.00277477 -0.584782 0.0136268 -0.00279938 0.999903 30.5069
0.999887 -0.00249335 -0.0148424 -0.324906 0.00252105 0.999995 0.00184806 -0.604748 0.0148378 -0.00188527 0.999888 31.7215
0.999868 -0.00208091 -0.0161316 -0.346478 0.00211049 0.999996 0.00181682 -0.624694 0.0161278 -0.00185062 0.999868 32.9361
0.999853 -0.00226098 -0.0170235 -0.371601 0.00229777 0.999995 0.00214213 -0.641741 0.0170186 -0.00218093 0.999853 34.1616
0.999829 -0.00261984 -0.0182894 -0.390542 0.00266152 0.999994 0.00225484 -0.656188 0.0182833 -0.00230313 0.99983 35.4046
0.999801 -0.00358404 -0.019629 -0.407533 0.00362418 0.999991 0.00200946 -0.672886 0.0196217 -0.00208019 0.999805 36.6351
0.999775 -0.00408422 -0.0208239 -0.426071 0.00412023 0.99999 0.00168674 -0.689941 0.0208168 -0.00177216 0.999782 37.8651
0.999752 -0.00510254 -0.0216985 -0.446427 0.00514712 0.999985 0.00199946 -0.707307 0.021688 -0.00211065 0.999762 39.0971
0.999736 -0.00481437 -0.0224704 -0.467773 0.00488436 0.999983 0.00306097 -0.72334 0.0224553 -0.00316991 0.999743 40.3292
0.999717 -0.0044085 -0.0233754 -0.490239 0.00449533 0.999983 0.0036635 -0.738677 0.0233589 -0.00376755 0.99972 41.5613
0.999703 -0.00374643 -0.0240941 -0.521631 0.00381861 0.999988 0.00295059 -0.753156 0.0240828 -0.00304172 0.999705 42.7909
0.999695 -0.00276571 -0.0245533 -0.55382 0.0028325 0.999992 0.00268568 -0.767997 0.0245457 -0.00275441 0.999695 44.0201
0.999695 -0.000106506 -0.0247201 -0.586256 0.000208719 0.999991 0.00413227 -0.781029 0.0247195 -0.00413617 0.999686 45.2494
0.999718 -0.00010814 -0.0237538 -0.617385 0.00026874 0.999977 0.00675797 -0.790864 0.0237526 -0.00676244 0.999695 46.4787
0.999745 0.000605618 -0.0225755 -0.647363 -0.00039812 0.999958 0.00919462 -0.797929 0.0225801 -0.00918329 0.999703 47.7081
0.999773 0.00117585 -0.0212939 -0.680508 -0.000916008 0.999925 0.0122085 -0.803071 0.0213067 -0.0121862 0.999699 48.9489
0.999799 0.000676019 -0.0200533 -0.714194 -0.00040855 0.999911 0.013339 -0.809368 0.0200605 -0.0133281 0.99971 50.1843
0.999825 -0.00101648 -0.0186913 -0.740996 0.00124113 0.999927 0.0120114 -0.815545 0.0186778 -0.0120325 0.999753 51.4181
0.999845 -0.000283218 -0.0176151 -0.771381 0.00046728 0.999945 0.0104459 -0.824418 0.0176112 -0.0104525 0.99979 52.6453
0.999877 7.08766e-07 -0.0157059 -0.835756 0.000157217 0.99995 0.0100539 -0.834529 0.0157052 -0.0100552 0.999826 53.8386
0.999898 -0.000528378 -0.014265 -0.88703 0.000668528 0.999952 0.00982171 -0.853411 0.0142592 -0.00983024 0.99985 55.0644
0.999898 -0.00130158 -0.0141948 -0.928091 0.00143208 0.999957 0.00918662 -0.870256 0.0141822 -0.00920601 0.999857 56.2871
0.999888 -0.000955387 -0.0149521 -0.969372 0.00110198 0.999951 0.00979889 -0.883336 0.014942 -0.00981426 0.99984 57.5304
0.999863 -0.00137456 -0.0164805 -0.99587 0.00155892 0.999936 0.0111787 -0.897049 0.016464 -0.0112028 0.999802 58.7488
0.999842 -0.00213891 -0.0176481 -1.02588 0.00234368 0.99993 0.0115903 -0.908673 0.0176221 -0.0116299 0.999777 59.9798
0.999828 -0.00105937 -0.0185131 -1.05898 0.00127429 0.999932 0.0116009 -0.919966 0.0184995 -0.0116225 0.999761 61.214
0.999813 -0.00100919 -0.0193062 -1.09202 0.00123429 0.999931 0.011651 -0.933352 0.0192931 -0.0116726 0.999746 62.4189
0.999806 -0.00193793 -0.0196166 -1.12187 0.00215825 0.999935 0.0112167 -0.943115 0.0195936 -0.0112569 0.999745 63.6439
0.999786 -0.00280043 -0.0204993 -1.14385 0.00300851 0.999944 0.0101265 -0.95021 0.0204698 -0.010186 0.999739 64.8712
0.999773 -0.0028679 -0.0211253 -1.17508 0.00310735 0.999931 0.0113108 -0.960122 0.0210914 -0.0113739 0.999713 66.0862
0.999783 -0.00305994 -0.0206162 -1.22977 0.00332595 0.999912 0.0128808 -0.973248 0.0205749 -0.0129466 0.999704 67.2897
0.999786 -0.0025452 -0.0205214 -1.26685 0.00277314 0.999935 0.0110865 -0.978976 0.0204919 -0.0111411 0.999728 68.5078
0.999779 -0.0011319 -0.0210114 -1.29317 0.00133505 0.999952 0.00965703 -0.984155 0.0209995 -0.00968294 0.999732 69.7311
0.999768 0.00126102 -0.0214803 -1.32646 -0.00105449 0.999953 0.00962349 -0.989043 0.0214914 -0.0095986 0.999723 70.9428
0.999767 0.00339346 -0.0213158 -1.36517 -0.00319318 0.999951 0.00942297 -0.996104 0.0213467 -0.00935271 0.999728 72.1524
0.999766 0.00530277 -0.0209685 -1.40319 -0.00509944 0.99994 0.00973855 -1.00305 0.0210189 -0.00962934 0.999733 73.3712
0.999806 0.00617471 -0.0187303 -1.45399 -0.00597414 0.999924 0.0107455 -1.01339 0.0187953 -0.0106315 0.999767 74.58
0.999837 0.00802334 -0.0161713 -1.49626 -0.00783801 0.999903 0.0114918 -1.02374 0.016262 -0.0113632 0.999803 75.7832
0.999897 0.00655326 -0.0127295 -1.53388 -0.00643378 0.999935 0.00940469 -1.03659 0.0127903 -0.00932183 0.999875 76.9867
0.999939 0.00381064 -0.0103468 -1.54415 -0.0037677 0.999984 0.00416592 -1.04563 0.0103625 -0.00412668 0.999938 78.1998
0.999953 0.00529168 -0.0080887 -1.5579 -0.00526365 0.99998 0.00348327 -1.05688 0.00810698 -0.00344053 0.999961 79.3932
0.999973 0.00545084 -0.00497117 -1.56928 -0.00541873 0.999965 0.00644988 -1.06676 0.00500616 -0.00642276 0.999967 80.5893
0.999974 0.00719566 -0.000846589 -1.58469 -0.00718932 0.999948 0.00726598 -1.07808 0.000898832 -0.0072597 0.999973 81.7718
0.999969 0.00741714 0.00284339 -1.5803 -0.00743276 0.999957 0.00551978 -1.09282 -0.00280233 -0.00554074 0.999981 82.9745
0.99996 0.00663657 0.00596689 -1.5742 -0.00665292 0.999974 0.00272451 -1.11257 -0.00594865 -0.0027641 0.999978 84.1558
0.999939 0.0060656 0.00921692 -1.56178 -0.00605362 0.999981 -0.00132628 -1.12793 -0.00922478 0.00127041 0.999957 85.3438
0.999908 0.00534151 0.0124385 -1.54414 -0.00531189 0.999983 -0.00241388 -1.14907 -0.0124511 0.00234759 0.99992 86.5349
0.999872 0.00448174 0.015376 -1.52243 -0.0044653 0.999989 -0.001103 -1.16797 -0.0153808 0.0010342 0.999881 87.7193
0.999813 0.00556415 0.0185415 -1.49892 -0.00554388 0.999984 -0.00114425 -1.18721 -0.0185476 0.00104124 0.999827 88.9024
0.999754 0.00503708 0.0216079 -1.47049 -0.00496248 0.999982 -0.0035046 -1.20798 -0.0216252 0.00339651 0.99976 90.0892
0.999705 0.00446897 0.0238679 -1.43745 -0.00433473 0.999975 -0.00567302 -1.23738 -0.0238926 0.00556788 0.999699 91.2429
0.999629 0.00441497 0.0268924 -1.40548 -0.00425547 0.999973 -0.00598536 -1.2578 -0.0269181 0.00586869 0.99962 92.4404
0.999574 0.00278745 0.029058 -1.37113 -0.00266078 0.999987 -0.00439697 -1.29107 -0.0290699 0.00431778 0.999568 93.5919
0.999509 0.00212256 0.0312627 -1.32641 -0.00202537 0.999993 -0.00314033 -1.31195 -0.0312692 0.00307547 0.999506 94.7823
0.999423 0.00135572 0.0339288 -1.29406 -0.00130131 0.999998 -0.00162586 -1.33126 -0.0339309 0.00158077 0.999423 95.9588
0.99929 -3.53513e-05 0.0376688 -1.28066 7.68692e-05 0.999999 -0.00110079 -1.34762 -0.0376687 0.0011029 0.99929 97.1182
0.999256 -0.000887022 0.0385587 -1.22423 0.00100778 0.999995 -0.00311245 -1.37718 -0.0385557 0.00314899 0.999251 98.282
0.999231 -0.00267154 0.0391231 -1.16168 0.00292775 0.999975 -0.00649317 -1.40502 -0.0391048 0.00660272 0.999213 99.4612
0.999232 -0.00233904 0.0391051 -1.0953 0.00269516 0.999955 -0.00905637 -1.43619 -0.0390822 0.00915482 0.999194 100.63
0.999203 -0.00242685 0.0398345 -1.03568 0.00282073 0.999948 -0.00983488 -1.46543 -0.0398086 0.0099394 0.999158 101.813
0.999229 -0.00206133 0.0391973 -0.976085 0.00242428 0.999955 -0.00921437 -1.49346 -0.0391765 0.0093023 0.999189 103.004
0.999306 -0.00216713 0.0371844 -0.919412 0.00244775 0.999969 -0.0075029 -1.51909 -0.037167 0.00758871 0.99928 104.196
0.999366 -0.00210174 0.0355501 -0.855721 0.00232212 0.999978 -0.00615893 -1.53896 -0.0355363 0.00623758 0.999349 105.47
0.999446 -0.00129778 0.0332662 -0.808664 0.00148459 0.999983 -0.00559157 -1.55998 -0.0332584 0.00563786 0.999431 106.716
0.999539 -0.000654732 0.0303525 -0.761422 0.00081256 0.999986 -0.00518785 -1.58085 -0.0303487 0.00521013 0.999526 107.971
0.999644 0.000326931 0.0266987 -0.718817 -0.000180522 0.999985 -0.00548605 -1.60214 -0.0267001 0.00547927 0.999628 109.227
0.999743 0.00244317 0.0225229 -0.702406 -0.00230627 0.999979 -0.00610206 -1.62379 -0.0225373 0.00604855 0.999727 110.454
0.999827 0.00339345 0.0182725 -0.691425 -0.00328511 0.999977 -0.00595605 -1.64519 -0.0182923 0.00589499 0.999815 111.681
0.999891 0.00465312 0.0140432 -0.687753 -0.00458052 0.999976 -0.0051969 -1.66741 -0.0140671 0.00513201 0.999888 112.916
0.999937 0.00468556 0.0102024 -0.714083 -0.00464104 0.99998 -0.00438317 -1.69593 -0.0102227 0.00433555 0.999938 114.131
0.999955 0.0054824 0.00778346 -0.776288 -0.00544991 0.999976 -0.00418913 -1.71337 -0.00780626 0.00414652 0.999961 115.325
0.999972 0.00635997 0.00408149 -0.819395 -0.00634158 0.99997 -0.0045037 -1.73267 -0.00411002 0.00447769 0.999981 116.554
0.999972 0.00721169 0.00220398 -0.914085 -0.00720146 0.999963 -0.00461516 -1.75594 -0.00223721 0.00459915 0.999987 117.742
0.999974 0.00721593 -0.000387539 -0.997621 -0.00721775 0.999962 -0.00493196 -1.78113 0.000351915 0.00493463 0.999987 118.952
0.999966 0.00790307 -0.00258497 -1.07908 -0.00791756 0.999953 -0.00564113 -1.80703 0.00254024 0.0056614 0.99998 120.162
0.999938 0.00950011 -0.00575026 -1.10986 -0.00953325 0.999938 -0.00576339 -1.8291 0.00569513 0.00581786 0.999966 121.419
0.999904 0.0118212 -0.0072435 -1.14504 -0.0118651 0.999911 -0.00604824 -1.85378 0.00717133 0.0061336 0.999955 122.658
0.999884 0.0132157 -0.00763041 -1.17998 -0.0132653 0.999891 -0.00649108 -1.87974 0.00754377 0.00659154 0.999949 123.911
0.999852 0.0152588 -0.00793401 -1.22012 -0.01531 0.999862 -0.00642249 -1.9059 0.00783489 0.00654301 0.999947 125.161
0.999837 0.0162396 -0.00786907 -1.26103 -0.0162846 0.999851 -0.00568014 -1.93106 0.00777563 0.00580736 0.999952 126.412
0.999848 0.0161982 -0.00649987 -1.32199 -0.0162324 0.999854 -0.00524982 -1.95878 0.00641387 0.00535453 0.999965 127.667
0.999775 0.0203642 -0.00603743 -1.37778 -0.020384 0.999787 -0.00323408 -1.98443 0.00597026 0.00335642 0.999976 128.922
0.999747 0.0214299 -0.00680263 -1.39769 -0.0214297 0.99977 9.9577e-05 -2.00966 0.00680318 4.62299e-05 0.999976 130.159
0.999762 0.0198918 -0.00897075 -1.39581 -0.0198965 0.999802 -0.000430272 -2.03024 0.00896039 0.000608659 0.999959 131.426
0.999746 0.0198563 -0.0106542 -1.40469 -0.0198802 0.9998 -0.00213876 -2.04663 0.0106096 0.00235003 0.999941 132.715
0.999784 0.0166517 -0.0124252 -1.41577 -0.0166736 0.99986 -0.00165982 -2.06239 0.0123958 0.00186663 0.999921 134.004
0.999788 0.0143433 -0.0147681 -1.42383 -0.0143488 0.999897 -0.000265469 -2.08039 0.0147627 0.00047732 0.999891 135.303
0.999813 0.0109908 -0.0159177 -1.4377 -0.0109715 0.999939 0.00129735 -2.09772 0.015931 -0.00112246 0.999872 136.591
0.999799 0.00898163 -0.0179558 -1.44181 -0.008948 0.999958 0.00195294 -2.11655 0.0179726 -0.00179188 0.999836 137.884
0.99983 0.00474071 -0.0178237 -1.46544 -0.00473846 0.999989 0.000168948 -2.1375 0.0178243 -8.44586e-05 0.999841 139.192
0.99983 0.00188577 -0.0183275 -1.48659 -0.00190569 0.999998 -0.00106921 -2.15723 0.0183254 0.00110396 0.999831 140.488
0.999844 0.000299491 -0.0176944 -1.52108 -0.000329242 0.999999 -0.001678 -2.17778 0.0176938 0.00168357 0.999842 141.787
0.999853 0.000164935 -0.0171475 -1.55452 -0.00018978 0.999999 -0.00144683 -2.19978 0.0171472 0.00144988 0.999852 143.069
0.999846 0.000468701 -0.017558 -1.56752 -0.000470067 1 -7.32106e-05 -2.21559 0.017558 8.1456e-05 0.999845 144.385
0.999833 0.00307528 -0.0180003 -1.58116 -0.00305798 0.999995 0.000989026 -2.23021 0.0180032 -0.000933813 0.999837 145.701
0.999827 0.00286551 -0.0184035 -1.59584 -0.00288736 0.999995 -0.00116006 -2.2485 0.0184001 0.001213 0.99983 147.022
0.999827 0.00346189 -0.0182642 -1.62266 -0.00352151 0.999989 -0.00323256 -2.27105 0.0182528 0.00329632 0.999828 148.339
0.999833 0.00359748 -0.0179418 -1.65567 -0.00370343 0.999976 -0.00587475 -2.2984 0.0179202 0.00594021 0.999821 149.651
0.999854 0.00257762 -0.0168998 -1.70987 -0.00274622 0.999947 -0.00996017 -2.33333 0.0168732 0.0100051 0.999807 150.927
0.999878 0.00262362 -0.0153895 -1.7682 -0.0028292 0.999907 -0.0133519 -2.37326 0.015353 0.0133939 0.999792 152.22
0.999935 0.00245688 -0.0111095 -1.87537 -0.00260976 0.999902 -0.0137666 -2.42469 0.0110745 0.0137947 0.999843 153.504
0.999947 0.00247439 -0.0100373 -1.93084 -0.00260771 0.999908 -0.0132909 -2.47246 0.0100034 0.0133164 0.999861 154.776
0.999947 0.00299831 -0.00990273 -1.9641 -0.00312415 0.999914 -0.0127163 -2.51598 0.00986373 0.0127466 0.99987 156.084
0.999943 0.00398286 -0.0099548 -1.98625 -0.00409717 0.999926 -0.011489 -2.55801 0.00990828 0.0115291 0.999884 157.368
0.999934 0.00419198 -0.0106678 -2.00316 -0.00431 0.99993 -0.0110639 -2.59472 0.0106206 0.0111091 0.999881 158.658
0.999923 0.00429803 -0.01164 -2.02044 -0.00443089 0.999925 -0.0114121 -2.63168 0.01159 0.0114628 0.999867 159.948
0.999904 0.00471874 -0.013045 -2.0364 -0.00486558 0.999925 -0.0112472 -2.66863 0.0129909 0.0113096 0.999851 161.241
0.999891 0.00415261 -0.0141981 -2.05349 -0.00429693 0.999939 -0.0101488 -2.70441 0.014155 0.0102087 0.999847 162.535
0.999872 0.00488224 -0.0152523 -2.07228 -0.00503294 0.999939 -0.00985747 -2.73999 0.0152032 0.00993297 0.999835 163.828
0.999856 0.0052241 -0.0161685 -2.10058 -0.00540192 0.999925 -0.0109733 -2.77504 0.01611 0.0110591 0.999809 165.109
0.999837 0.00546179 -0.0172093 -2.13033 -0.00567461 0.999908 -0.0123416 -2.81195 0.0171403 0.0124373 0.999775 166.39
0.999829 0.00638428 -0.0173798 -2.18483 -0.00659626 0.999904 -0.0121666 -2.85205 0.0173004 0.0122792 0.999774 167.653
0.999813 0.00591092 -0.0184031 -2.20548 -0.00615654 0.999892 -0.0133183 -2.88824 0.0183223 0.0134291 0.999741 168.98
0.999798 0.00641497 -0.0190809 -2.24813 -0.00669046 0.999874 -0.0144091 -2.9279 0.018986 0.0145338 0.999714 170.269
0.999783 0.00673394 -0.0196968 -2.29086 -0.00701452 0.999875 -0.0142102 -2.96799 0.0195986 0.0143453 0.999704 171.565
0.999823 0.00726343 -0.017369 -2.40457 -0.00748598 0.99989 -0.0127821 -3.00962 0.0172742 0.0129098 0.999767 172.832
0.999844 0.00703859 -0.0162375 -2.47798 -0.00723837 0.999899 -0.0122771 -3.0532 0.0161495 0.0123927 0.999792 174.126
0.999839 0.00778998 -0.0161716 -2.52544 -0.00798221 0.999898 -0.0118558 -3.09155 0.0160775 0.011983 0.999798 175.418
0.999836 0.0086325 -0.0159286 -2.57855 -0.00881688 0.999895 -0.0115411 -3.12881 0.0158272 0.0116797 0.999806 176.7
0.99984 0.00908214 -0.0154506 -2.63052 -0.00927617 0.999879 -0.012533 -3.16575 0.0153349 0.0126743 0.999802 177.997
0.999832 0.0102617 -0.0151895 -2.68232 -0.0104609 0.99986 -0.0130908 -3.20276 0.015053 0.0132475 0.999798 179.286
0.999841 0.0102283 -0.0146276 -2.73249 -0.010419 0.999861 -0.0130203 -3.23981 0.0144923 0.0131707 0.999808 180.577
0.999865 0.0102968 -0.0127893 -2.7956 -0.0104753 0.999848 -0.0139682 -3.28223 0.0126435 0.0141003 0.99982 181.873
0.999895 0.00900011 -0.01138 -2.84401 -0.00917383 0.999841 -0.0153057 -3.32665 0.0112404 0.0154084 0.999818 183.175
0.999908 0.00579871 -0.0122844 -2.85994 -0.00598478 0.999867 -0.0151648 -3.37058 0.0121949 0.0152369 0.999809 184.456
0.999898 0.00608594 -0.012965 -2.87062 -0.00623547 0.999914 -0.0115244 -3.41127 0.0128938 0.011604 0.999849 185.776
0.999903 0.00525642 -0.0128752 -2.89249 -0.00535135 0.999959 -0.00734961 -3.44956 0.012836 0.00741781 0.99989 187.065
0.999908 0.00636481 -0.0119951 -2.92826 -0.0064598 0.999948 -0.0078967 -3.48652 0.0119442 0.00797347 0.999896 188.334
0.999901 0.00808261 -0.0115051 -2.95145 -0.00821048 0.999905 -0.0111102 -3.51886 0.0114141 0.0112035 0.999872 189.62
0.999901 0.00835221 -0.0113017 -2.98047 -0.00850084 0.999878 -0.0131672 -3.55466 0.0111904 0.013262 0.999849 190.881
0.9999 0.00890671 -0.0109505 -3.00805 -0.00904976 0.999874 -0.0130829 -3.59023 0.0108326 0.0131807 0.999854 192.144
0.999909 0.00872243 -0.0102644 -3.03729 -0.00884746 0.999887 -0.0121982 -3.62765 0.0101568 0.0122879 0.999872 193.404
0.999919 0.00893656 -0.0090758 -3.07608 -0.00902952 0.999907 -0.010253 -3.66663 0.00898331 0.0103341 0.999906 194.652
0.999922 0.0082961 -0.00930049 -3.07885 -0.00838369 0.999921 -0.00941864 -3.7057 0.00922159 0.00949589 0.999912 195.938
0.999931 0.00799028 -0.00863582 -3.08624 -0.00807646 0.999918 -0.00999117 -3.74463 0.00855526 0.0100602 0.999912 197.202
0.999952 0.0067314 -0.00716879 -3.10362 -0.00681135 0.999914 -0.0111872 -3.78657 0.00709286 0.0112355 0.999911 198.458
0.999962 0.00675547 -0.0054853 -3.1207 -0.00682337 0.999899 -0.0124564 -3.82732 0.00540058 0.0124934 0.999907 199.707
0.999977 0.00570568 -0.00367092 -3.13738 -0.00575292 0.999899 -0.0129879 -3.86791 0.00359643 0.0130087 0.999908 200.949
0.999979 0.00614842 -0.00211736 -3.15238 -0.00617392 0.999906 -0.0122514 -3.90738 0.00204182 0.0122642 0.999922 202.189
0.999983 0.00582271 -7.45198e-05 -3.16876 -0.00582317 0.999929 -0.01043 -3.94551 1.37719e-05 0.0104303 0.999945 203.422
0.999978 0.00657122 0.000953905 -3.17325 -0.00656131 0.999928 -0.0100479 -3.98171 -0.00101987 0.0100414 0.999948 204.651
0.999974 0.00708211 0.00153426 -3.17748 -0.00706643 0.999925 -0.0100008 -4.01566 -0.00160498 0.00998966 0.999948 205.879
0.999969 0.00754062 0.0021866 -3.18148 -0.00751824 0.999921 -0.0100735 -4.04973 -0.00226239 0.0100568 0.999946 207.109
0.999966 0.00745874 0.00355352 -3.206 -0.00742369 0.999925 -0.0097795 -4.08876 -0.00362621 0.0097528 0.999945 208.311
0.999959 0.00751014 0.00508571 -3.23336 -0.00745937 0.999923 -0.00992962 -4.12895 -0.00515989 0.00989129 0.999937 209.508
0.999957 0.00717057 0.00597983 -3.24038 -0.00711173 0.999927 -0.00980501 -4.16833 -0.00604971 0.00976206 0.999933 210.711
0.999958 0.00623145 0.00680635 -3.24332 -0.00616448 0.999933 -0.00981738 -4.20654 -0.00686708 0.00977501 0.999928 211.903
0.99996 0.00616727 0.00651155 -3.23455 -0.00610854 0.999941 -0.00900137 -4.24357 -0.00656668 0.00896125 0.999938 213.087
0.999967 0.00572652 0.00580714 -3.22653 -0.00567996 0.999952 -0.00800445 -4.28012 -0.0058527 0.00797121 0.99995 214.263
0.999968 0.005957 0.00534202 -3.22857 -0.00591535 0.999953 -0.00778026 -4.3195 -0.00538812 0.00774842 0.999955 215.411
0.999966 0.00657309 0.00507007 -3.23099 -0.00652987 0.999943 -0.0084947 -4.35649 -0.00512562 0.00846131 0.99995 216.531
0.999962 0.0066614 0.00573688 -3.24833 -0.00660934 0.999938 -0.00904716 -4.39281 -0.0057968 0.0090089 0.999942 217.637
0.999965 0.00644725 0.00530953 -3.25444 -0.0063994 0.99994 -0.00898014 -4.43016 -0.00536711 0.00894585 0.999945 218.714
0.999974 0.00599968 0.00397349 -3.25421 -0.00596398 0.999943 -0.00893543 -4.46312 -0.00402688 0.0089115 0.999952 219.799
0.999984 0.00542219 0.00194144 -3.25423 -0.00540588 0.999951 -0.00830976 -4.49317 -0.00198641 0.00829914 0.999963 220.864
0.999989 0.00459047 -0.00060314 -3.25866 -0.00459442 0.999967 -0.00671867 -4.52342 0.000572266 0.00672138 0.999977 221.909
0.999983 0.00483081 -0.00324031 -3.25738 -0.00484739 0.999976 -0.00512784 -4.55332 0.00321544 0.00514347 0.999981 222.989
0.999962 0.00491912 -0.00716116 -3.24843 -0.0049551 0.999976 -0.00501575 -4.5836 0.00713629 0.00505106 0.999961 224.017
0.999922 0.00525034 -0.0113137 -3.22899 -0.00531315 0.999971 -0.00552785 -4.61094 0.0112843 0.00558754 0.99992 225.085
0.999865 0.00535223 -0.0155668 -3.22577 -0.00543585 0.999972 -0.00533466 -4.63822 0.0155377 0.00541857 0.999864 226.085
0.999806 0.00616024 -0.0187031 -3.25113 -0.00624855 0.99997 -0.00466664 -4.66746 0.0186738 0.00478262 0.999814 227.028
0.999742 0.00672413 -0.0217151 -3.27531 -0.00683214 0.999965 -0.00490332 -4.69457 0.0216813 0.00505043 0.999752 227.981
0.999681 0.00628304 -0.0244874 -3.30445 -0.00641822 0.999965 -0.0054456 -4.72233 0.0244523 0.00560104 0.999685 228.912
0.999627 0.00630304 -0.0265815 -3.35489 -0.00646225 0.999962 -0.00590787 -4.74973 0.0265432 0.00607745 0.999628 229.794
0.999572 0.00756911 -0.0282564 -3.40757 -0.00774236 0.999952 -0.00602703 -4.77677 0.0282094 0.00624324 0.999582 230.664
0.999498 0.00830643 -0.0305809 -3.44986 -0.00852153 0.99994 -0.00690996 -4.80004 0.0305216 0.00716709 0.999508 231.509
0.999425 0.0104255 -0.0322556 -3.49285 -0.0106524 0.99992 -0.00687207 -4.82398 0.0321813 0.00721173 0.999455 232.348
0.999448 0.0113291 -0.0312509 -3.55032 -0.0115345 0.999914 -0.00639818 -4.84758 0.0311757 0.00675512 0.99949 233.145
0.999461 0.0112704 -0.0308296 -3.58315 -0.0114452 0.99992 -0.00549814 -4.87075 0.0307651 0.00584804 0.999509 233.942
0.999511 0.0117916 -0.0289785 -3.63094 -0.0119359 0.999918 -0.00481119 -4.89282 0.0289193 0.00515474 0.999568 234.701
0.999547 0.0120269 -0.0276059 -3.66791 -0.0121783 0.999912 -0.00532163 -4.91322 0.0275394 0.00565543 0.999604 235.458
0.999565 0.0128267 -0.0265614 -3.70324 -0.0130277 0.999888 -0.00740719 -4.93314 0.0264634 0.00775001 0.999619 236.199
0.999596 0.0130564 -0.0252719 -3.73002 -0.0133021 0.999866 -0.00957814 -4.95403 0.0251434 0.00991044 0.999634 236.951
0.999633 0.0133645 -0.0235583 -3.75933 -0.0136226 0.999849 -0.0108291 -4.97681 0.02341 0.011146 0.999663 237.686
0.999665 0.0139727 -0.0217808 -3.78589 -0.0142227 0.999835 -0.0113669 -4.9987 0.0216183 0.0116728 0.999697 238.427
0.999712 0.0135939 -0.0197941 -3.80617 -0.0138238 0.999839 -0.011522 -5.02067 0.0196342 0.0117923 0.999737 239.165
0.99974 0.0136814 -0.0182651 -3.81975 -0.0138999 0.999833 -0.0118947 -5.0394 0.0180993 0.0121455 0.999762 239.889
0.999751 0.0138098 -0.017534 -3.81589 -0.0140268 0.999826 -0.0123146 -5.06004 0.0173609 0.0125575 0.99977 240.617
0.999761 0.0136261 -0.0171349 -3.80168 -0.0138401 0.999827 -0.0124292 -5.08927 0.0169625 0.0126633 0.999775 241.346
0.999753 0.0142037 -0.017083 -3.77447 -0.0143996 0.999832 -0.0114028 -5.12262 0.0169182 0.011646 0.999788 242.059
0.99978 0.0132074 -0.0163079 -3.75196 -0.0133678 0.999864 -0.00976142 -5.15691 0.0161767 0.00997728 0.999819 242.772
0.999819 0.0126923 -0.014227 -3.74922 -0.0127983 0.999891 -0.00738034 -5.20508 0.0141317 0.00756108 0.999871 243.481
0.999866 0.0122748 -0.0108741 -3.76514 -0.0123505 0.9999 -0.00692002 -5.2305 0.010788 0.0070534 0.999916 244.182
0.999897 0.0119912 -0.00797107 -3.77285 -0.0120497 0.999901 -0.007342 -5.24903 0.00788222 0.00743729 0.999941 244.874
0.999917 0.0115733 -0.00572083 -3.76709 -0.011615 0.999906 -0.00731924 -5.27092 0.00563557 0.00738508 0.999956 245.599
0.999921 0.0122541 -0.00303077 -3.77101 -0.012279 0.99989 -0.00833621 -5.2891 0.00292827 0.00837277 0.99996 246.293
0.999926 0.012147 -0.000588611 -3.76559 -0.0121518 0.999887 -0.00886622 -5.30903 0.000480834 0.00887273 0.99996 247.016
0.999926 0.0120829 0.00161733 -3.75931 -0.0120694 0.999895 -0.00810724 -5.3266 -0.00171513 0.00808712 0.999965 247.731
0.999921 0.0119199 0.00400412 -3.75779 -0.0118912 0.999905 -0.00710688 -5.34895 -0.00408845 0.00705871 0.999966 248.448
0.999919 0.0110436 0.00637402 -3.75309 -0.0109994 0.999916 -0.00693035 -5.37017 -0.00645002 0.00685968 0.999955 249.171
0.999894 0.011381 0.0091597 -3.75337 -0.0112995 0.999897 -0.00889806 -5.38521 -0.00926002 0.00879361 0.999918 249.887
0.999863 0.0115971 0.0118155 -3.75623 -0.0114634 0.999871 -0.0113191 -5.40316 -0.0119452 0.0111821 0.999865 250.606
0.999862 0.0105686 0.0128423 -3.74548 -0.0104014 0.999862 -0.0130242 -5.41978 -0.0129781 0.0128888 0.999832 251.338
0.999854 0.0110506 0.0130773 -3.73587 -0.0108737 0.99985 -0.0135206 -5.43697 -0.0132247 0.0133764 0.999822 252.068
0.999861 0.0105716 0.0129369 -3.72352 -0.0103922 0.999851 -0.013856 -5.45895 -0.0130814 0.0137196 0.99982 252.809
0.999849 0.0116443 0.0129591 -3.71404 -0.0114606 0.999835 -0.014159 -5.47948 -0.0131218 0.0140084 0.999815 253.56
0.99983 0.0140016 0.0120491 -3.70148 -0.0138074 0.999776 -0.0160507 -5.4901 -0.0122711 0.0158816 0.999798 254.313
0.999837 0.0134167 0.0121075 -3.69061 -0.0131957 0.999749 -0.0181566 -5.51327 -0.012348 0.0179938 0.999761 255.071
0.999871 0.0103037 0.0123371 -3.67708 -0.010055 0.999749 -0.0200544 -5.54404 -0.0125406 0.0199278 0.999722 255.821
0.999894 0.00663999 0.0129804 -3.66747 -0.00636806 0.999762 -0.02088 -5.56884 -0.0131159 0.0207951 0.999697 256.581
0.999876 0.00892302 0.0130264 -3.65257 -0.00870344 0.999821 -0.0168174 -5.59043 -0.0131742 0.0167019 0.999773 257.388
0.999839 0.0126133 0.0128071 -3.63379 -0.0124709 0.999861 -0.0111349 -5.60749 -0.0129458 0.0109734 0.999855 258.204
0.999839 0.011999 0.0133929 -3.62312 -0.0118982 0.999901 -0.00758536 -5.63081 -0.0134826 0.0074248 0.999881 259.008
0.999824 0.0105427 0.0155558 -3.61616 -0.0103931 0.9999 -0.00966228 -5.65518 -0.0156561 0.00949891 0.999832 259.8
0.99974 0.0116457 0.0196251 -3.60538 -0.0113344 0.99981 -0.0158986 -5.67363 -0.0198065 0.0156721 0.99968 260.61
0.999632 0.01375 0.023391 -3.5939 -0.0132928 0.99972 -0.0195903 -5.69547 -0.0236538 0.0192722 0.999534 261.421
0.99952 0.0156258 0.0267436 -3.57733 -0.0151121 0.9997 -0.0193055 -5.72168 -0.0270372 0.0188921 0.999455 262.252
0.999424 0.0142532 0.0308185 -3.56419 -0.0137422 0.999766 -0.0167293 -5.75117 -0.0310498 0.0162962 0.999384 263.105
0.999348 0.01125 0.0343118 -3.54212 -0.010785 0.999848 -0.0137055 -5.77647 -0.0344607 0.0133265 0.999317 263.951
0.999271 0.00877669 0.0371512 -3.51013 -0.00833042 0.999892 -0.0121504 -5.80167 -0.0372538 0.011832 0.999235 264.803
0.999141 0.00904254 0.0404498 -3.48671 -0.00857759 0.999896 -0.0116534 -5.82699 -0.0405509 0.0112964 0.999113 265.643
0.998958 0.0113793 0.0442111 -3.47692 -0.0107881 0.99985 -0.0135884 -5.85625 -0.0443591 0.0130972 0.998929 266.506
0.998815 0.0135263 0.0467544 -3.45186 -0.0128113 0.999797 -0.0155587 -5.87799 -0.0469553 0.0149413 0.998785 267.345
0.998676 0.0143238 0.0494033 -3.4163 -0.0135582 0.999784 -0.015797 -5.89878 -0.0496188 0.0151063 0.998653 268.192
0.99851 0.0157527 0.0522477 -3.37555 -0.0150354 0.999788 -0.0140935 -5.92073 -0.0524586 0.013287 0.998534 269.042
0.99828 0.0178555 0.0558349 -3.34197 -0.0171674 0.999771 -0.0127806 -5.94212 -0.0560503 0.0118001 0.998358 269.89
0.998098 0.0186735 0.0587471 -3.30653 -0.0179386 0.999755 -0.0130119 -5.96581 -0.0589756 0.0119333 0.998188 270.727
0.99788 0.0199125 0.0619605 -3.26754 -0.0190898 0.999722 -0.0138418 -5.97997 -0.0622189 0.0126297 0.997982 271.582
0.997839 0.0183416 0.0630913 -3.18953 -0.0174752 0.999746 -0.0142566 -6.00725 -0.0633367 0.0131232 0.997905 272.452
0.997795 0.0153168 0.0645825 -3.13361 -0.0144675 0.999803 -0.0135988 -6.03238 -0.064778 0.0126345 0.997819 273.298
0.997735 0.0143612 0.0657121 -3.08327 -0.0134765 0.999813 -0.0138869 -6.05419 -0.0658992 0.0129699 0.997741 274.161
0.997611 0.0135027 0.0677503 -3.05773 -0.0125996 0.999827 -0.0137398 -6.08152 -0.067924 0.0128533 0.997607 275.004
0.997481 0.014351 0.0694621 -3.01949 -0.0134455 0.999819 -0.0134869 -6.10518 -0.069643 0.012519 0.997493 275.873
0.997409 0.0152217 0.0703096 -2.97872 -0.014348 0.999814 -0.0129152 -6.12858 -0.070493 0.0118729 0.997441 276.74
0.997321 0.0163943 0.0712925 -2.94375 -0.0155365 0.999801 -0.01257 -6.15036 -0.0714843 0.0114287 0.997376 277.597
0.997486 0.016362 0.0689418 -2.87345 -0.0154574 0.999788 -0.0136342 -6.1721 -0.0691502 0.0125343 0.997527 278.452
0.997552 0.0167452 0.0678888 -2.82688 -0.0157822 0.999768 -0.0146968 -6.19639 -0.0681191 0.0135894 0.997584 279.321
0.997663 0.0191702 0.0655858 -2.75794 -0.0181443 0.999705 -0.0162012 -6.20772 -0.0658769 0.0149733 0.997715 280.212
0.997712 0.0209331 0.0642869 -2.71422 -0.0198649 0.999655 -0.0172109 -6.22674 -0.0646249 0.0158945 0.997782 281.076
0.997727 0.0239917 0.062965 -2.67807 -0.0229134 0.99958 -0.0177928 -6.24527 -0.0633653 0.0163097 0.997856 281.929
0.997791 0.0248364 0.0616147 -2.64299 -0.023777 0.999558 -0.017868 -6.26386 -0.0620312 0.0163636 0.997939 282.782
0.997972 0.0247206 0.0586601 -2.59432 -0.0237888 0.999581 -0.0165297 -6.29154 -0.0590441 0.0151008 0.99814 283.641
0.998233 0.0235502 0.0545448 -2.55322 -0.0227986 0.999637 -0.0143612 -6.31699 -0.0548632 0.0130923 0.998407 284.49
0.998508 0.0227571 0.0496291 -2.51321 -0.0221381 0.999671 -0.012989 -6.34039 -0.0499084 0.0118709 0.998683 285.339
0.998739 0.022432 0.044909 -2.484 -0.0219332 0.999693 -0.0115703 -6.36803 -0.0451547 0.0105707 0.998923 286.166
0.998927 0.0227033 0.040357 -2.45816 -0.0222796 0.999693 -0.0109181 -6.39074 -0.0405925 0.0100073 0.999125 287.005
0.999148 0.0220311 0.0348935 -2.4225 -0.0216772 0.999711 -0.0104873 -6.41319 -0.0351144 0.00972198 0.999335 287.828
0.999327 0.020463 0.0304382 -2.40541 -0.0201603 0.999745 -0.0102184 -6.4389 -0.0306395 0.00959789 0.999484 288.629
0.999463 0.020059 0.0259107 -2.38117 -0.0197931 0.99975 -0.0104804 -6.46252 -0.0261144 0.00996189 0.999609 289.433
0.999553 0.0202401 0.0219726 -2.36849 -0.0200159 0.999746 -0.0103797 -6.48826 -0.0221771 0.00993527 0.999704 290.208
0.999625 0.0201124 0.0185587 -2.36411 -0.0199246 0.99975 -0.0102474 -6.51351 -0.0187601 0.00987378 0.999775 290.969
0.999692 0.0199642 0.0147394 -2.36095 -0.0198135 0.999751 -0.0103044 -6.53406 -0.0149415 0.0100092 0.999838 291.702
0.999752 0.0195414 0.0106513 -2.36202 -0.0194229 0.99975 -0.0111197 -6.55576 -0.010866 0.0109101 0.999881 292.422
0.999763 0.0210317 0.00561785 -2.36319 -0.0209586 0.999699 -0.0127697 -6.57762 -0.00588475 0.0126489 0.999902 293.124
0.999746 0.0225285 -0.000218655 -2.38477 -0.0225293 0.999644 -0.0143307 -6.60718 -0.000104296 0.014332 0.999897 293.789
0.999685 0.0237009 -0.00825915 -2.40983 -0.0238289 0.999592 -0.0157585 -6.6343 0.00788226 0.0159504 0.999841 294.439
0.999557 0.0233624 -0.0184519 -2.44131 -0.0236656 0.999586 -0.0163883 -6.66044 0.0180613 0.0168177 0.999695 295.087
0.99926 0.0232273 -0.0306377 -2.50986 -0.0237325 0.999587 -0.0162272 -6.68701 0.0302481 0.0169423 0.999398 295.677
0.998623 0.0242961 -0.0464865 -2.58797 -0.02502 0.999574 -0.0150549 -6.7128 0.0461009 0.0161973 0.998805 296.266
0.997478 0.026661 -0.0657818 -2.6773 -0.0276117 0.999527 -0.0135853 -6.73764 0.0653884 0.0153673 0.997741 296.858
0.995728 0.0279661 -0.0879956 -2.77987 -0.0292147 0.99949 -0.0129332 -6.76206 0.0875889 0.0154487 0.996036 297.447
0.993201 0.0290705 -0.112725 -2.89707 -0.0306287 0.999458 -0.012115 -6.78589 0.112312 0.0154853 0.993552 298.034
0.989704 0.0302043 -0.139907 -3.03038 -0.032039 0.999428 -0.0108789 -6.80891 0.139499 0.0152494 0.990104 298.617
0.984963 0.0315963 -0.169849 -3.18138 -0.0335302 0.999402 -0.00852916 -6.83041 0.169477 0.014096 0.985433 299.196
0.97874 0.031449 -0.202681 -3.35171 -0.0332752 0.999431 -0.00560787 -6.85015 0.202389 0.0122329 0.979228 299.77
0.970595 0.031561 -0.238639 -3.51304 -0.0331713 0.999447 -0.00273375 -6.86604 0.23842 0.0105693 0.971104 300.3
0.960563 0.0330315 -0.276092 -3.6948 -0.0341057 0.999419 0.000911584 -6.87988 0.275961 0.00854069 0.96113 300.824
0.948445 0.0347981 -0.315026 -3.89782 -0.0351333 0.999373 0.00461655 -6.89165 0.314989 0.00668939 0.949071 301.34
0.934307 0.0358235 -0.354666 -4.12185 -0.035297 0.999346 0.00795623 -6.9016 0.354718 0.00508512 0.934959 301.846
0.917725 0.0357206 -0.395607 -4.34799 -0.0341825 0.999356 0.0109389 -6.90922 0.395743 0.00348398 0.918354 302.321
0.898429 0.0355421 -0.437679 -4.59593 -0.0328577 0.999367 0.0137071 -6.91542 0.437888 0.00206629 0.899026 302.785
0.876163 0.0350675 -0.480738 -4.86606 -0.0311792 0.999385 0.0160751 -6.92041 0.481005 0.000904596 0.876717 303.236
0.850983 0.0342681 -0.524073 -5.1585 -0.0286774 0.999413 0.0187837 -6.92401 0.524408 -0.000955524 0.851465 303.674
0.822576 0.0348283 -0.567588 -5.47327 -0.0271877 0.999391 0.0219228 -6.92599 0.568004 -0.00260167 0.823021 304.095
0.790918 0.0364676 -0.610835 -5.81022 -0.0274908 0.999333 0.024066 -6.92691 0.611304 -0.00224178 0.791392 304.499
0.756097 0.0357899 -0.65348 -6.16402 -0.0249905 0.999355 0.0258181 -6.92747 0.653982 -0.00319021 0.756503 304.877
0.717409 0.0347867 -0.695783 -6.51084 -0.0200461 0.999371 0.0292958 -6.92638 0.696363 -0.00706923 0.717654 305.2
0.674313 0.0340678 -0.737659 -6.87651 -0.0130994 0.999331 0.0341783 -6.92308 0.738329 -0.0133839 0.674307 305.502
0.62862 0.0341675 -0.776962 -7.30793 -0.00834377 0.999274 0.0371931 -6.89134 0.777667 -0.0168975 0.628448 305.722
0.579474 0.0373681 -0.814133 -7.72169 -0.00794405 0.999161 0.0402064 -6.86828 0.814951 -0.016831 0.579284 305.898
0.528571 0.043132 -0.847793 -8.16705 -0.0112056 0.998976 0.0438372 -6.84028 0.848815 -0.013671 0.528512 306.037
0.475681 0.0466818 -0.878378 -8.60433 -0.0128494 0.998854 0.0461261 -6.81102 0.879523 -0.0106546 0.475735 306.142
0.421156 0.0484439 -0.905694 -9.04731 -0.0123012 0.998787 0.0477031 -6.78126 0.906904 -0.00894926 0.42124 306.221
0.36617 0.0498344 -0.929213 -9.49731 -0.00926959 0.998711 0.0499089 -6.7505 0.930501 -0.00966165 0.36616 306.273
0.310681 0.0522957 -0.949075 -9.94943 -0.00600788 0.998574 0.0530565 -6.71865 0.950495 -0.0107817 0.310552 306.297
0.254225 0.0554269 -0.965556 -10.4185 -0.00300543 0.998398 0.0565208 -6.68319 0.96714 -0.011467 0.253984 306.299
0.194476 0.0578428 -0.9792 -10.8162 7.62481e-05 0.99826 0.0589838 -6.65575 0.980907 -0.0115455 0.194133 306.292
0.132208 0.0615005 -0.989312 -11.25 0.00144931 0.998061 0.0622381 -6.62571 0.99122 -0.00966212 0.131862 306.264
0.0690664 0.0664624 -0.995396 -11.6951 0.00405466 0.997752 0.0669011 -6.59231 0.997603 -0.00865656 0.0686417 306.21
0.00375187 0.0729051 -0.997332 -12.1245 0.00704461 0.997313 0.0729302 -6.56259 0.999967 -0.00729939 0.00322834 306.142
-0.0632552 0.0793057 -0.994841 -12.6105 0.0110036 0.996833 0.0787649 -6.52275 0.997936 -0.00596448 -0.0639272 306.06
-0.130062 0.0851461 -0.987843 -13.0575 0.0148198 0.996362 0.0839292 -6.48733 0.991394 -0.00372369 -0.13085 305.952
-0.196437 0.0912411 -0.976262 -13.5118 0.0206425 0.995826 0.088916 -6.45572 0.980298 -0.00268599 -0.1975 305.819
-0.261142 0.0953615 -0.960579 -13.9711 0.026274 0.995443 0.0916799 -6.41875 0.964942 -0.00129677 -0.262457 305.65
-0.324215 0.0979872 -0.940895 -14.4327 0.0316653 0.995188 0.0927302 -6.38196 0.945453 0.000270781 -0.325757 305.46
-0.383769 0.099281 -0.918077 -14.8834 0.0368936 0.995059 0.0921839 -6.34863 0.922691 0.00150625 -0.385535 305.222
-0.440163 0.100128 -0.892318 -15.3397 0.0413151 0.99497 0.0912671 -6.31297 0.896966 0.00330623 -0.442085 304.951
-0.493064 0.100603 -0.864157 -15.8261 0.0453575 0.994914 0.0899452 -6.26198 0.868809 0.00515279 -0.495119 304.645
-0.540735 0.100817 -0.83513 -16.2897 0.048731 0.99488 0.0885488 -6.21332 0.83978 0.00718478 -0.542879 304.311
-0.582773 0.101784 -0.806236 -16.775 0.0518511 0.994761 0.0881051 -6.15908 0.810978 0.00954107 -0.584997 303.932
-0.620602 0.105064 -0.777055 -17.2458 0.0576356 0.994415 0.0884216 -6.10197 0.782004 0.0100886 -0.62319 303.516
-0.657965 0.11105 -0.744816 -17.7128 0.0664448 0.993771 0.0894718 -6.04303 0.750111 0.00938019 -0.661244 303.072
-0.694626 0.115656 -0.710013 -18.19 0.0732645 0.993234 0.0901132 -5.97902 0.71563 0.0105762 -0.698399 302.588
-0.728462 0.115908 -0.67521 -18.6425 0.0760605 0.993175 0.0884311 -5.91369 0.68085 0.0130619 -0.732305 302.06
-0.759474 0.112454 -0.640745 -19.0825 0.0769103 0.99356 0.0832138 -5.85219 0.645975 0.0139189 -0.763231 301.486
-0.787033 0.109837 -0.607055 -19.4758 0.079039 0.993867 0.0773531 -5.80955 0.611827 0.0128985 -0.790886 300.89
-0.812895 0.105611 -0.572755 -19.8879 0.078993 0.994328 0.0712326 -5.76502 0.577028 0.0126611 -0.816625 300.237
-0.836831 0.103054 -0.537675 -20.3122 0.0803031 0.994607 0.0656493 -5.70997 0.54154 0.0117604 -0.840592 299.544
-0.858707 0.1013 -0.502356 -20.6948 0.0802697 0.994757 0.063383 -5.66287 0.506142 0.0141034 -0.862334 298.84
-0.87915 0.0978577 -0.466391 -21.0703 0.0785618 0.995061 0.0606933 -5.61981 0.470026 0.016718 -0.882494 298.063
-0.897453 0.0979964 -0.430087 -21.4084 0.0808501 0.995037 0.0580138 -5.57619 0.433637 0.0172921 -0.900921 297.269
-0.91444 0.0998643 -0.392207 -21.7317 0.0844611 0.994831 0.056382 -5.53181 0.39581 0.0184317 -0.918147 296.457
-0.929251 0.103722 -0.354592 -22.026 0.0900874 0.994426 0.0547957 -5.48921 0.358298 0.0189748 -0.933414 295.61
-0.942431 0.105032 -0.317478 -22.301 0.092258 0.994213 0.0550509 -5.44681 0.321422 0.0225919 -0.946666 294.718
-0.953673 0.108131 -0.280743 -22.5556 0.0966188 0.993825 0.0545721 -5.4063 0.28491 0.0249189 -0.95823 293.779
-0.96328 0.107533 -0.246026 -22.7482 0.0975589 0.993849 0.0524119 -5.36464 0.250148 0.0264853 -0.967844 292.86
-0.971559 0.105956 -0.211771 -22.9621 0.0980765 0.99405 0.0474004 -5.32245 0.215532 0.0252825 -0.976168 291.845
-0.978301 0.104337 -0.179 -23.1354 0.0982495 0.994252 0.0425675 -5.28004 0.182412 0.0240572 -0.982927 290.797
-0.983584 0.103427 -0.147869 -23.2731 0.0984728 0.994318 0.0404631 -5.24041 0.151213 0.0252378 -0.988178 289.758
-0.987854 0.101904 -0.117307 -23.392 0.097938 0.994425 0.0391077 -5.20828 0.120638 0.0271438 -0.992324 288.708
-0.990875 0.10136 -0.0888414 -23.4794 0.0984701 0.994477 0.0363443 -5.1747 0.0920342 0.0272645 -0.995381 287.586
-0.99294 0.100699 -0.0626992 -23.5376 0.0986727 0.994518 0.0346234 -5.14635 0.0658416 0.0281923 -0.997431 286.466
-0.994448 0.0981979 -0.0378158 -23.5721 0.0969097 0.994695 0.0345193 -5.11316 0.0410046 0.030663 -0.998687 285.294
-0.995222 0.0965514 -0.0145327 -23.5843 0.096008 0.994789 0.0343421 -5.08239 0.0177724 0.0327828 -0.999303 284.101
-0.995555 0.0939821 0.00625193 -23.5764 0.0941356 0.995041 0.032154 -5.05152 -0.00319926 0.0325996 -0.999462 282.869
-0.995761 0.0892272 0.0223475 -23.533 0.089859 0.995531 0.0290651 -5.02752 -0.0196545 0.03095 -0.999327 281.656
