1 0 0 0 0 1 0 0 0 0 1 0
0.999983 -0.00186084 -0.00553704 -0.0251254 0.00187509 0.999995 0.00257008 -0.0606387 0.00553223 -0.00258042 0.999981 0.116074
0.999926 -0.00134282 -0.0120781 -0.0394517 0.00137774 0.999995 0.0028828 -0.0678362 0.0120742 -0.00289922 0.999923 0.200214
0.999806 -0.00108484 -0.0196427 -0.050297 0.0011306 0.999997 0.00231893 -0.071032 0.0196401 -0.00234069 0.999804 0.297324
0.999576 -0.000445995 -0.0291269 -0.0578584 0.000473436 0.999999 0.000935246 -0.0720812 0.0291265 -0.000948639 0.999575 0.394307
0.999171 -0.000440497 -0.0406975 -0.0714104 0.000418186 1 -0.00055671 -0.0734192 0.0406977 0.000539229 0.999171 0.506325
0.998513 -0.000553646 -0.0545148 -0.0855928 0.000468193 0.999999 -0.00158028 -0.0737653 0.0545156 0.00155241 0.998512 0.624464
0.997494 -0.000599805 -0.0707434 -0.10996 0.000489473 0.999999 -0.00157694 -0.0743287 0.0707443 0.00153836 0.997493 0.753877
0.996039 -0.00201388 -0.0888928 -0.143964 0.00187159 0.999997 -0.00168404 -0.0772691 0.088896 0.001511 0.99604 0.888041
0.994073 -0.00303386 -0.108675 -0.178874 0.00283453 0.999994 -0.00198855 -0.0788955 0.108681 0.00166872 0.994075 1.0394
0.991426 -0.00323 -0.130627 -0.228595 0.00293196 0.999993 -0.00247384 -0.0813198 0.130634 0.00206963 0.991428 1.20175
0.988052 0.000709713 -0.154118 -0.294613 -0.00132287 0.999992 -0.00387595 -0.0868609 0.154114 0.00403352 0.988045 1.36811
0.983835 0.00515906 -0.179002 -0.36563 -0.00623026 0.999966 -0.00542269 -0.0930775 0.178968 0.00645026 0.983834 1.53291
0.978657 0.00817778 -0.205336 -0.442615 -0.00967964 0.999933 -0.00631068 -0.0990694 0.205271 0.00816358 0.978671 1.69689
0.972278 0.00940858 -0.233639 -0.535898 -0.0112156 0.999916 -0.00640669 -0.105458 0.233559 0.00884948 0.972302 1.87754
0.964612 0.0118231 -0.263408 -0.631657 -0.0138547 0.999887 -0.00585667 -0.110706 0.263309 0.00929886 0.964667 2.05285
0.955531 0.0142524 -0.294546 -0.736494 -0.0164105 0.999853 -0.00485653 -0.113758 0.294434 0.00947422 0.955625 2.23625
0.94466 0.0166923 -0.327626 -0.845539 -0.0189941 0.999812 -0.00382698 -0.116541 0.3275 0.00983816 0.9448 2.41987
0.932521 0.0192539 -0.360603 -0.960386 -0.0219528 0.999753 -0.00338955 -0.119545 0.360448 0.0110771 0.932713 2.60208
0.918982 0.0223094 -0.393668 -1.0817 -0.0253998 0.999674 -0.00264139 -0.121822 0.393481 0.0124265 0.919249 2.78255
0.903219 0.0231193 -0.428558 -1.2103 -0.026495 0.999647 -0.00191247 -0.12173 0.428362 0.013082 0.903512 2.97122
0.885094 0.0189142 -0.465027 -1.34309 -0.0227223 0.999738 -0.00258516 -0.122077 0.464857 0.0128546 0.885293 3.16116
0.864129 0.0137067 -0.503084 -1.47565 -0.0177383 0.999837 -0.00322746 -0.122008 0.502958 0.0117128 0.864231 3.3367
0.839215 0.0150431 -0.543591 -1.63607 -0.0181499 0.999835 -0.00035149 -0.12256 0.543497 0.0101611 0.83935 3.52846
0.810002 0.0204201 -0.586071 -1.81259 -0.0228878 0.999733 0.00320014 -0.123836 0.58598 0.0108218 0.810253 3.70783
0.777303 0.0231025 -0.628702 -2.00709 -0.0258029 0.999655 0.00483201 -0.123715 0.628597 0.0124664 0.777631 3.88937
0.74121 0.0225332 -0.670896 -2.21682 -0.0253641 0.999663 0.00555296 -0.124507 0.670794 0.0129008 0.741531 4.06509
0.701647 0.0185367 -0.712284 -2.43302 -0.0196078 0.999785 0.00670375 -0.125687 0.712255 0.00926267 0.70186 4.2234
0.659399 0.015005 -0.751644 -2.67848 -0.0143845 0.999869 0.00734116 -0.125646 0.751656 0.00597124 0.659529 4.38116
0.614895 0.0145488 -0.788475 -2.94542 -0.0117472 0.999888 0.0092886 -0.124191 0.788521 0.00355087 0.614997 4.5325
0.567309 0.015197 -0.823365 -3.22886 -0.00908891 0.999884 0.0121926 -0.12207 0.823455 0.000566498 0.567381 4.66969
0.516312 0.015658 -0.856258 -3.52197 -0.00734139 0.999877 0.0138575 -0.116081 0.856369 -0.000868691 0.516363 4.79595
0.463483 0.0167962 -0.885947 -3.83882 -0.00641128 0.999857 0.0156017 -0.106825 0.886082 -0.0015511 0.463525 4.91158
0.408858 0.0184741 -0.912411 -4.16568 -0.00516631 0.999826 0.017929 -0.0957144 0.912583 -0.00261663 0.408883 5.01248
0.35262 0.0204027 -0.935544 -4.51319 -0.00429067 0.999787 0.0201865 -0.0907861 0.935757 -0.00310406 0.352633 5.10729
0.299055 0.0225328 -0.95397 -4.87316 -0.00231511 0.999735 0.0228881 -0.0762666 0.954233 -0.00463625 0.299028 5.15109
0.24793 0.0237809 -0.968486 -5.24893 0.00087534 0.999692 0.0247713 -0.0632085 0.968777 -0.0069893 0.247833 5.17067
0.198926 0.024116 -0.979718 -5.63853 0.00183292 0.999686 0.0249797 -0.0576092 0.980013 -0.00676487 0.19882 5.18476
0.15195 0.0252351 -0.988066 -6.05724 -0.00132067 0.999678 0.0253286 -0.0517254 0.988387 -0.00254376 0.151934 5.19962
0.109469 0.0256181 -0.99366 -6.48141 -0.00391648 0.999671 0.0253416 -0.0415911 0.993982 0.00111752 0.109534 5.20827
0.0712919 0.0241763 -0.997163 -6.93088 -0.00574469 0.999699 0.0238271 -0.0307844 0.997439 0.00402972 0.0714095 5.2092
0.036563 0.0216347 -0.999097 -7.39711 -0.00487305 0.999757 0.0214707 -0.0224636 0.999319 0.00408362 0.0366596 5.20211
0.00470234 0.0188772 -0.999811 -7.87781 -0.00464685 0.999811 0.0188553 -0.0179889 0.999978 0.00455731 0.00478925 5.1865
-0.0224087 0.0169154 -0.999606 -8.37061 -0.00530873 0.99984 0.0170384 -0.0129165 0.999735 0.00568845 -0.0223152 5.15956
-0.0436898 0.0146382 -0.998938 -8.88994 -0.00606398 0.99987 0.0149171 -0.00370819 0.999027 0.00670926 -0.0435953 5.12277
-0.0602217 0.0137831 -0.99809 -9.41353 -0.00578591 0.999883 0.014157 0.00513449 0.998168 0.00662742 -0.0601348 5.07963
-0.0732986 0.0141748 -0.997209 -9.96109 -0.00486883 0.999882 0.0145707 0.0139232 0.997298 0.00592326 -0.0732209 5.03012
-0.082722 0.0151059 -0.996458 -10.5226 -0.00602231 0.999859 0.0156574 0.0179791 0.996554 0.0072962 -0.0826193 4.96881
-0.089584 0.0166891 -0.99584 -11.0998 -0.00766627 0.999818 0.0174455 0.0140467 0.99595 0.00919721 -0.0894397 4.90767
-0.0943532 0.0177993 -0.99538 -11.7008 -0.00768712 0.999797 0.0186069 0.0176423 0.995509 0.00940723 -0.0941972 4.84733
-0.0961093 0.0185047 -0.995199 -12.3013 -0.0056998 0.9998 0.0191407 0.0239654 0.995354 0.00751204 -0.0959846 4.79179
-0.0953763 0.0204559 -0.995231 -12.9437 -0.00329759 0.999777 0.0208653 0.0355566 0.995436 0.00527192 -0.0952874 4.7327
-0.0942215 0.0228401 -0.995289 -13.5914 -0.00367813 0.999722 0.02329 0.0420593 0.995544 0.00585523 -0.0941112 4.67216
-0.0927987 0.0227419 -0.995425 -14.2469 -0.00587011 0.999709 0.023387 0.0472159 0.995667 0.00801354 -0.0926381 4.60783
-0.0914378 0.0202096 -0.995606 -14.931 -0.00773699 0.999749 0.0210043 0.0563822 0.995781 0.00962357 -0.0912585 4.54065
-0.0905852 0.020385 -0.99568 -15.606 -0.00787417 0.999744 0.0211846 0.062429 0.995857 0.00975917 -0.0904015 4.48699
-0.0892762 0.0230568 -0.99574 -16.3108 -0.00736732 0.999689 0.0238088 0.0744975 0.99598 0.0094615 -0.0890785 4.4301
-0.0878888 0.0262837 -0.995784 -17.0418 -0.00811685 0.9996 0.0271008 0.0878813 0.996097 0.0104645 -0.0876402 4.36649
-0.0862996 0.0280235 -0.995875 -17.7733 -0.00799743 0.999552 0.0288201 0.102989 0.996237 0.0104516 -0.0860368 4.30282
-0.0843346 0.027229 -0.996065 -18.5353 -0.0100347 0.999552 0.028174 0.118078 0.996387 0.0123712 -0.0840235 4.22786
-0.0827889 0.0242011 -0.996273 -19.2925 -0.0125473 0.9996 0.0253246 0.130704 0.996488 0.0145972 -0.082452 4.1587
-0.0814023 0.0233942 -0.996407 -20.0713 -0.0136896 0.999604 0.0245876 0.148573 0.996587 0.0156419 -0.0810497 4.08969
-0.0795734 0.0253698 -0.996506 -20.8488 -0.0115415 0.999585 0.0263699 0.165568 0.996762 0.0135995 -0.0792476 4.01771
-0.0790144 0.0273472 -0.996498 -21.6504 -0.00930901 0.99956 0.0281694 0.176618 0.99683 0.0115022 -0.0787249 3.95906
-0.0779178 0.0288869 -0.996541 -22.4708 -0.0084155 0.999525 0.0296314 0.189642 0.996924 0.0106952 -0.0776377 3.89338
-0.0775674 0.0242807 -0.996691 -23.2795 -0.00865711 0.999649 0.0250266 0.198711 0.996949 0.0105697 -0.0773299 3.82761
-0.0765893 0.0172298 -0.996914 -24.0911 -0.00754327 0.999812 0.0178594 0.207021 0.997034 0.00888784 -0.0764448 3.74989
-0.0760761 0.0124533 -0.997024 -24.9223 -0.00529371 0.999903 0.0128932 0.218353 0.997088 0.00625882 -0.0760027 3.67618
-0.0751714 0.0132803 -0.997082 -25.7429 -0.00410569 0.999898 0.0136274 0.222001 0.997162 0.00511811 -0.0751092 3.58859
-0.0751124 0.0205046 -0.996964 -26.5943 -0.00464627 0.99977 0.0209124 0.225416 0.997164 0.00620295 -0.0749998 3.51793
-0.0753538 0.0275003 -0.996778 -27.4453 -0.00573818 0.999591 0.0280117 0.235005 0.99714 0.00783049 -0.0751651 3.44738
-0.07588 0.0328468 -0.996576 -28.2753 -0.00740545 0.999411 0.0335041 0.242373 0.99709 0.00992239 -0.075592 3.38477
-0.0761638 0.0330924 -0.996546 -29.1335 -0.00882679 0.999387 0.0338613 0.255361 0.997056 0.0113753 -0.075825 3.30904
-0.0766182 0.0296726 -0.996619 -29.9803 -0.00899604 0.999496 0.0304499 0.266495 0.99702 0.0112986 -0.0763125 3.23898
-0.0781553 0.0269114 -0.996578 -30.8284 -0.00868001 0.999579 0.0276732 0.280436 0.996903 0.0108131 -0.0778887 3.18345
-0.0785538 0.027968 -0.996517 -31.6745 -0.0100689 0.999533 0.0288463 0.293253 0.996859 0.0122999 -0.0782355 3.11508
-0.0785899 0.0299704 -0.996456 -32.519 -0.0105508 0.999467 0.0308931 0.305987 0.996851 0.0129413 -0.0782317 3.04625
-0.0787116 0.0281197 -0.996501 -33.3594 -0.0110117 0.999516 0.0290746 0.316387 0.996837 0.0132617 -0.0783639 2.9776
-0.0786816 0.0230179 -0.996634 -34.1978 -0.0117175 0.999643 0.0240125 0.322555 0.996831 0.0135674 -0.0783838 2.90972
-0.0784006 0.0191936 -0.996737 -35.0375 -0.0132528 0.999706 0.0202933 0.324787 0.996834 0.0148005 -0.0781231 2.83313
-0.0781714 0.0200709 -0.996738 -35.8669 -0.0126292 0.999697 0.021121 0.326299 0.99686 0.0142391 -0.0778942 2.77109
-0.078102 0.0225541 -0.99669 -36.7038 -0.0114444 0.999658 0.0235181 0.328653 0.99688 0.0132434 -0.0778171 2.71509
-0.0793799 0.027391 -0.996468 -37.5282 -0.011157 0.999535 0.0283642 0.334667 0.996782 0.0133691 -0.0790374 2.68289
-0.0793044 0.0330345 -0.996303 -38.3891 -0.0104411 0.999368 0.0339672 0.343646 0.996796 0.0130963 -0.0789094 2.61795
-0.0805777 0.036077 -0.996095 -39.2262 -0.01084 0.999254 0.0370683 0.353914 0.996689 0.0137846 -0.0801264 2.56684
-0.0808891 0.0360604 -0.996071 -40.079 -0.0106355 0.999257 0.0370395 0.36578 0.996666 0.0135898 -0.0804454 2.49881
-0.0817721 0.0320936 -0.996134 -40.8849 -0.0107281 0.999395 0.0330793 0.372671 0.996593 0.0133916 -0.0813783 2.4516
-0.0818723 0.0280773 -0.996247 -41.7327 -0.0119433 0.999503 0.0291506 0.381123 0.996571 0.0142851 -0.0814963 2.37728
-0.0838693 0.0255582 -0.996149 -42.543 -0.0158104 0.999511 0.0269756 0.385673 0.996351 0.0180119 -0.0834242 2.34242
-0.0862343 0.0237373 -0.995992 -43.3917 -0.0188204 0.999498 0.0254504 0.395587 0.996097 0.0209397 -0.0857443 2.28614
-0.0884625 0.0215486 -0.995846 -44.2177 -0.0162642 0.999601 0.0230746 0.40363 0.995947 0.0182379 -0.0880767 2.23903
-0.0910539 0.0178597 -0.995686 -45.0485 -0.0128326 0.999735 0.0191058 0.408548 0.995763 0.0145169 -0.0908005 2.18716
-0.0922758 0.0166148 -0.995595 -45.8814 -0.0084406 0.999811 0.0174675 0.410703 0.995698 0.0100152 -0.0921181 2.11768
-0.0950072 0.0199059 -0.995278 -46.7143 -0.00796723 0.999752 0.020756 0.416104 0.995445 0.00990158 -0.0948251 2.04582
-0.0973445 0.0256268 -0.994921 -47.5392 -0.00540484 0.99964 0.0262772 0.424186 0.995236 0.00793533 -0.0971709 1.97275
-0.100904 0.0294164 -0.994461 -48.363 -0.00329993 0.999547 0.0299016 0.428393 0.994891 0.00629885 -0.100761 1.91214
-0.102411 0.0286906 -0.994328 -49.1967 -0.00343324 0.999567 0.0291954 0.433604 0.994736 0.00640372 -0.102269 1.82127
-0.103311 0.0248373 -0.994339 -49.9965 -0.0068062 0.999647 0.025677 0.43635 0.994626 0.0094204 -0.103106 1.72539
-0.104576 0.0215607 -0.994283 -50.8033 -0.011347 0.999674 0.022871 0.439621 0.994452 0.0136739 -0.104297 1.62694
-0.106574 0.0201376 -0.994101 -51.617 -0.0153935 0.999641 0.0219001 0.444856 0.994186 0.0176367 -0.106225 1.53409
-0.10771 0.0210138 -0.99396 -52.4285 -0.0171776 0.999588 0.0229942 0.448942 0.994034 0.0195506 -0.107304 1.43669
-0.108861 0.0226312 -0.993799 -53.2189 -0.0166775 0.999558 0.0245892 0.45151 0.993917 0.0192509 -0.108435 1.34582
-0.10974 0.0221422 -0.993714 -54.0076 -0.0184101 0.999535 0.024305 0.455759 0.99379 0.0209616 -0.109281 1.24916
-0.109399 0.0220634 -0.993753 -54.7837 -0.0193497 0.999516 0.0243215 0.456904 0.993809 0.0218896 -0.108919 1.14099
-0.109171 0.0237363 -0.993739 -55.562 -0.0180615 0.999502 0.0258582 0.463016 0.993859 0.0207714 -0.108688 1.03991
-0.10899 0.0271374 -0.993672 -56.3359 -0.0169914 0.99943 0.0291584 0.462957 0.993897 0.0200618 -0.108467 0.943441
-0.109679 0.0315359 -0.993467 -57.1188 -0.0165759 0.999299 0.033551 0.467835 0.993829 0.0201474 -0.10908 0.855299
-0.110324 0.0334729 -0.993332 -57.8963 -0.0160291 0.999242 0.0354524 0.479665 0.993766 0.0198335 -0.109704 0.762809
-0.110847 0.0334096 -0.993276 -58.6448 -0.0156242 0.999252 0.0353542 0.489715 0.993714 0.0194381 -0.110242 0.67353
-0.111601 0.0314613 -0.993255 -59.3943 -0.0148355 0.999334 0.0333208 0.49806 0.993642 0.018454 -0.11106 0.590223
-0.111998 0.0278649 -0.993318 -60.1339 -0.0144421 0.999455 0.0296655 0.507442 0.993603 0.0176681 -0.111534 0.501031
-0.112371 0.0250332 -0.993351 -60.8604 -0.0147822 0.999529 0.0268611 0.51358 0.993556 0.0177024 -0.111948 0.419705
-0.111675 0.0227249 -0.993485 -61.5907 -0.0149898 0.999586 0.0245494 0.520348 0.993632 0.0176337 -0.111288 0.333307
-0.109747 0.0218282 -0.99372 -62.2948 -0.0172308 0.999566 0.0238596 0.52449 0.99381 0.0197411 -0.109323 0.252403
-0.106121 0.0227654 -0.994093 -62.9858 -0.017403 0.999542 0.024748 0.527116 0.994201 0.0199265 -0.105676 0.175097
-0.10072 0.0242997 -0.994618 -63.6566 -0.0167032 0.999519 0.0261109 0.529198 0.994774 0.0192432 -0.100266 0.111498
-0.0938782 0.0257201 -0.995251 -64.3159 -0.0155032 0.999507 0.0272924 0.532933 0.995463 0.0179918 -0.0934332 0.052812
-0.0855796 0.0269139 -0.995968 -64.9563 -0.0161547 0.999466 0.0283966 0.536239 0.9962 0.0185197 -0.0850992 0.00124601
-0.0738784 0.0283845 -0.996863 -65.5981 -0.017839 0.999397 0.0297787 0.54437 0.997107 0.0199831 -0.0733276 -0.051575
-0.0597566 0.0299009 -0.997765 -66.2133 -0.0209168 0.999294 0.0311995 0.549531 0.997993 0.0227345 -0.059089 -0.080375
-0.0420647 0.0309267 -0.998636 -66.7981 -0.0222757 0.999243 0.0318838 0.556889 0.998866 0.0235865 -0.0413439 -0.0903428
-0.0202284 0.0316082 -0.999296 -67.3761 -0.0230286 0.99922 0.032072 0.564136 0.99953 0.0236611 -0.0194847 -0.0903952
0.00468636 0.0318428 -0.999482 -67.9227 -0.0224479 0.999244 0.03173 0.569513 0.999737 0.0222876 0.0053976 -0.0642063
0.0334108 0.0313277 -0.998951 -68.4726 -0.0206213 0.999317 0.0306495 0.576761 0.999229 0.0195757 0.034034 -0.015898
0.0660267 0.0313007 -0.997327 -68.9909 -0.0190103 0.999365 0.0301061 0.580983 0.997636 0.0169717 0.0665798 0.0733749
0.102067 0.0316416 -0.994274 -69.4712 -0.0180347 0.999388 0.029953 0.582414 0.994614 0.0148742 0.102575 0.181143
0.141718 0.0314679 -0.989407 -69.9686 -0.0175549 0.999417 0.0292718 0.586178 0.989751 0.0132206 0.142188 0.305012
0.186832 0.0321804 -0.981865 -70.4461 -0.016322 0.999426 0.0296502 0.592599 0.982256 0.0104864 0.18725 0.431622
0.235426 0.0306376 -0.971409 -70.8987 -0.0128518 0.999513 0.0284093 0.596605 0.971807 0.00579612 0.235705 0.576232
0.286371 0.0257128 -0.957774 -71.343 -0.00494969 0.999666 0.0253575 0.599376 0.958106 -0.00252097 0.286403 0.744681
0.33822 0.0205688 -0.940842 -71.7825 0.000616522 0.999755 0.0220784 0.600222 0.941066 -0.00804741 0.338125 0.943295
0.390535 0.0160963 -0.920447 -72.1886 0.00632731 0.999776 0.0201682 0.599796 0.920566 -0.0137003 0.390346 1.16445
0.441752 0.0158331 -0.896998 -72.5944 0.00650288 0.999761 0.0208496 0.602971 0.897113 -0.0150434 0.441543 1.40991
0.490036 0.0145815 -0.87158 -72.985 0.00867989 0.999728 0.0216056 0.606555 0.871658 -0.0181528 0.489777 1.67708
0.535709 0.0104866 -0.844338 -73.3337 0.0166362 0.999597 0.0229701 0.607751 0.844238 -0.0263518 0.535318 1.95355
0.580017 0.00387419 -0.814596 -73.646 0.0275085 0.999324 0.0243397 0.608757 0.814139 -0.0365257 0.579518 2.24797
0.622535 -0.00130592 -0.782591 -73.9613 0.0294827 0.999327 0.0217853 0.610751 0.782036 -0.036635 0.622155 2.56619
0.664309 -0.00621687 -0.747432 -74.2747 0.026646 0.999526 0.015369 0.613499 0.746982 -0.0301258 0.66416 2.89079
0.705424 -0.0130086 -0.708667 -74.5575 0.0232904 0.999716 0.00483262 0.61296 0.708403 -0.0199141 0.705527 3.23305
0.745542 -0.0162464 -0.66626 -74.8414 0.0192442 0.99981 -0.00284561 0.613846 0.66618 -0.0107001 0.745714 3.60307
0.783556 -0.0172686 -0.621082 -75.1089 0.0177828 0.999827 -0.00536441 0.614061 0.621067 -0.00684125 0.783727 4.00022
0.818803 -0.0191764 -0.573755 -75.36 0.0184407 0.999804 -0.00709943 0.616571 0.573778 -0.0047674 0.818996 4.41964
0.850718 -0.018338 -0.525303 -75.6225 0.0159241 0.999831 -0.00911457 0.618976 0.525381 -0.00061101 0.850866 4.88506
0.877485 -0.0170869 -0.4793 -75.8253 0.0154543 0.999853 -0.00735124 0.608524 0.479355 -0.000956607 0.87762 5.35937
0.899669 -0.011419 -0.436423 -76.0331 0.00971782 0.999933 -0.00613033 0.602099 0.436464 0.00127421 0.89972 5.86365
0.918243 -0.00750161 -0.395948 -76.2343 0.00498059 0.999959 -0.0073946 0.596948 0.395987 0.00481801 0.918243 6.38726
0.932779 -0.00238409 -0.360441 -76.4195 0.000342263 0.999983 -0.0057284 0.592253 0.360449 0.00521999 0.932764 6.91885
0.943808 -0.00123809 -0.330493 -76.6092 2.7979e-05 0.999992 -0.00366614 0.583157 0.330495 0.0034509 0.943801 7.48682
0.951963 -0.00213087 -0.306205 -76.7909 0.00154591 0.999996 -0.00215273 0.576533 0.306208 0.00157598 0.951963 8.07756
0.95834 -0.0019109 -0.285625 -76.9391 0.00201788 0.999997 8.04027e-05 0.568471 0.285624 -0.000653389 0.958341 8.65503
0.96334 0.000768459 -0.268285 -77.0841 -7.74608e-06 0.999995 0.00283666 0.56111 0.268285 -0.00273056 0.963335 9.261
0.967349 0.00547092 -0.253391 -77.2522 -0.00450324 0.999979 0.00439887 0.558818 0.253409 -0.00311415 0.967354 9.90117
0.970684 0.00871798 -0.240203 -77.4139 -0.00760942 0.999955 0.00554232 0.55615 0.240241 -0.00355202 0.970706 10.5485
0.973707 0.00742066 -0.227684 -77.5447 -0.00633123 0.999964 0.00551497 0.548326 0.227717 -0.00392842 0.973719 11.1967
0.976676 0.0076857 -0.214584 -77.6691 -0.00668431 0.999962 0.00539202 0.540764 0.214617 -0.00383189 0.97669 11.861
0.979673 0.00808845 -0.20044 -77.8044 -0.00696415 0.999955 0.00631377 0.536643 0.200482 -0.00478952 0.979685 12.5602
0.982314 0.00945851 -0.187001 -77.9165 -0.00829585 0.99994 0.00699914 0.530755 0.187056 -0.00532401 0.982334 13.2559
0.984475 0.00905651 -0.175289 -78.0317 -0.00840786 0.999954 0.00444289 0.524156 0.175321 -0.00290009 0.984507 13.9828
0.986329 0.00942063 -0.16452 -78.1638 -0.0096474 0.999952 -0.000579213 0.515616 0.164507 0.00215851 0.986373 14.7397
0.987791 0.00738598 -0.155608 -78.2577 -0.00847976 0.999943 -0.00636628 0.503255 0.155551 0.00760809 0.987798 15.4678
0.98896 0.00731207 -0.148003 -78.3527 -0.00835328 0.999944 -0.00641452 0.494254 0.147947 0.00758004 0.988966 16.2137
0.989889 0.00881473 -0.14157 -78.4621 -0.00895183 0.999959 -0.000331336 0.486833 0.141561 0.00159531 0.989928 16.9848
0.990492 0.0132693 -0.136928 -78.5642 -0.012382 0.999896 0.00732963 0.479843 0.13701 -0.00556449 0.990554 17.7504
0.991036 0.0138638 -0.132876 -78.674 -0.012533 0.999862 0.0108467 0.473935 0.133008 -0.00908409 0.991073 18.5345
0.991446 0.0128003 -0.129888 -78.7612 -0.0116025 0.999882 0.00997426 0.464076 0.130001 -0.00838189 0.991478 19.2909
0.991797 0.0125793 -0.127202 -78.8588 -0.0114881 0.99989 0.00930898 0.455581 0.127305 -0.00777129 0.991833 20.0659
0.992102 0.0112643 -0.124929 -78.9421 -0.00989024 0.999883 0.0116135 0.448011 0.125045 -0.0102862 0.992097 20.8306
0.992336 0.00959739 -0.123195 -79.027 -0.00791727 0.999868 0.0141204 0.441044 0.123314 -0.0130368 0.992282 21.6033
0.992629 0.00739505 -0.120966 -79.1052 -0.00553417 0.99986 0.0157125 0.434634 0.121065 -0.0149272 0.992532 22.3678
0.992832 0.00660711 -0.119335 -79.184 -0.00516067 0.999908 0.0124261 0.425244 0.119406 -0.0117212 0.992776 23.1348
0.992958 0.00900565 -0.118123 -79.2832 -0.00847284 0.99995 0.00501228 0.42088 0.118162 -0.00397612 0.992986 23.9094
0.993138 0.00926743 -0.116583 -79.3784 -0.00962127 0.99995 -0.00247245 0.410019 0.116553 0.00357718 0.993178 24.6729
0.993209 0.0100619 -0.115912 -79.4661 -0.0109815 0.999912 -0.00729719 0.407698 0.115828 0.00852055 0.993232 25.4385
0.99332 0.0108409 -0.114881 -79.5401 -0.0116093 0.999913 -0.00602199 0.397309 0.114806 0.00731548 0.993361 26.1872
0.993405 0.0135926 -0.113852 -79.6201 -0.0139603 0.999899 -0.002433 0.385901 0.113807 0.00400639 0.993494 26.9621
0.993477 0.0167181 -0.112805 -79.7053 -0.0165431 0.999859 0.00248728 0.371753 0.112831 -0.000604883 0.993614 27.7448
0.993696 0.0139236 -0.111241 -79.7842 -0.0135427 0.999899 0.00417917 0.362479 0.111287 -0.00264631 0.993784 28.5214
0.993696 0.0108082 -0.111591 -79.8517 -0.0104507 0.999937 0.00378821 0.35072 0.111625 -0.0025981 0.993747 29.2716
0.993728 0.00897731 -0.111465 -79.9291 -0.00858646 0.999954 0.00398622 0.33529 0.111496 -0.00300411 0.99376 30.042
0.993777 0.00903566 -0.11102 -80.0146 -0.00885262 0.999958 0.00214174 0.328782 0.111035 -0.00114557 0.993816 30.8153
0.993788 0.00738798 -0.111052 -80.0933 -0.0073494 0.999972 0.000756974 0.319398 0.111054 6.3917e-05 0.993814 31.5787
0.993891 0.00612368 -0.110199 -80.1852 -0.00606193 0.99998 0.000895675 0.30859 0.110202 -0.000222159 0.993909 32.3508
0.993953 0.00954824 -0.109391 -80.2798 -0.00940047 0.999953 0.00186672 0.299483 0.109404 -0.000827084 0.993997 33.1239
0.993917 0.00907694 -0.10976 -80.3703 -0.00902731 0.999958 0.000949328 0.289944 0.109764 4.73083e-05 0.993957 33.9047
0.993825 0.00896475 -0.110596 -80.4762 -0.00894187 0.999959 0.000703127 0.280013 0.110597 0.000290174 0.993865 34.6611
0.993695 0.007746 -0.111848 -80.5803 -0.00769643 0.999969 0.000875203 0.270454 0.111851 -8.82702e-06 0.993725 35.4416
0.993337 0.00904334 -0.114892 -80.6843 -0.00902053 0.999958 0.000718659 0.262032 0.114894 0.000322543 0.993377 36.2427
0.992926 0.0131968 -0.118 -80.7826 -0.0132504 0.999911 0.000330293 0.247644 0.117994 0.00123562 0.993013 37.0294
0.992579 0.0131645 -0.120889 -80.8848 -0.0137806 0.999895 -0.00426122 0.231054 0.12082 0.00589554 0.992657 37.8255
0.992255 0.0142555 -0.123398 -80.9883 -0.0153007 0.999854 -0.00752625 0.213266 0.123273 0.00935607 0.992329 38.6247
0.99187 0.0130891 -0.126583 -81.0724 -0.0143463 0.999856 -0.00902523 0.198183 0.126447 0.0107679 0.991915 39.4427
0.991592 0.0129583 -0.12876 -81.1997 -0.0140217 0.999874 -0.00735553 0.17852 0.128648 0.00909913 0.991648 40.2971
0.991223 0.0114351 -0.131706 -81.3042 -0.0124307 0.999899 -0.00673916 0.16205 0.131615 0.00831723 0.991266 41.1373
0.991009 0.010968 -0.133349 -81.4268 -0.0117596 0.999917 -0.0051498 0.14951 0.133281 0.00667165 0.991056 41.9819
0.990882 0.0107794 -0.134302 -81.551 -0.0111085 0.999936 -0.00170159 0.137786 0.134275 0.003178 0.990939 42.8306
0.990799 0.0104564 -0.134944 -81.6746 -0.0101895 0.999944 0.00266874 0.129337 0.134964 -0.00126916 0.99085 43.6791
0.99078 0.010887 -0.135044 -81.7814 -0.010328 0.999934 0.0048393 0.11503 0.135087 -0.00339992 0.990828 44.5325
0.990934 0.0138278 -0.133645 -81.9034 -0.0133151 0.999899 0.00472992 0.109498 0.133696 -0.00290753 0.991018 45.4183
0.991171 0.0139162 -0.131866 -82.0198 -0.0135893 0.999901 0.00337893 0.101476 0.1319 -0.00155711 0.991262 46.2774
0.991452 0.0117233 -0.129952 -82.1421 -0.0117051 0.99993 0.00090407 0.0920665 0.129953 0.000624779 0.99152 47.1526
0.991763 0.00798757 -0.127845 -82.2561 -0.00815069 0.999966 -0.000752578 0.0790896 0.127835 0.00178843 0.991794 48.0201
0.992024 0.00671597 -0.125875 -82.3698 -0.00689103 0.999975 -0.000955131 0.0656369 0.125865 0.00181495 0.992046 48.8946
0.992163 0.00483726 -0.124862 -82.4831 -0.00468312 0.999987 0.00152822 0.0506007 0.124867 -0.000931474 0.992173 49.7844
0.992335 0.00254138 -0.123556 -82.5984 -0.00205254 0.999989 0.0040838 0.0333795 0.123564 -0.00379887 0.992329 50.6511
0.992462 0.00227655 -0.122538 -82.7094 -0.00176488 0.999988 0.00428425 0.0199386 0.122546 -0.00403566 0.992455 51.5261
0.992588 0.00322999 -0.121492 -82.8247 -0.00309007 0.999994 0.00134028 0.00181209 0.121495 -0.000954907 0.992592 52.4053
0.992688 0.00543546 -0.120595 -82.9431 -0.0059727 0.999973 -0.00409367 -0.0206995 0.120569 0.00478404 0.992694 53.2725
0.992785 0.00687963 -0.119714 -83.0349 -0.00803872 0.999925 -0.00920175 -0.0440695 0.119642 0.0100977 0.992766 54.0909
0.992767 0.0109772 -0.119563 -83.1449 -0.012828 0.999809 -0.0147206 -0.0713106 0.119378 0.0161479 0.992718 54.969
0.992867 0.0109414 -0.118726 -83.2498 -0.0128799 0.999795 -0.0155718 -0.0969885 0.118531 0.0169899 0.992805 55.8244
0.992917 0.00801514 -0.118542 -83.357 -0.00924864 0.999908 -0.00985882 -0.116434 0.118452 0.0108854 0.9929 56.6949
0.992948 0.00837218 -0.118256 -83.4835 -0.00855929 0.999962 -0.00107422 -0.138699 0.118242 0.00207885 0.992983 57.5727
0.992736 0.00769393 -0.120071 -83.5649 -0.00696856 0.999954 0.00646014 -0.159404 0.120115 -0.00557648 0.992745 58.3895
0.992331 0.00553707 -0.12349 -83.6551 -0.00499259 0.999976 0.00471833 -0.179045 0.123513 -0.00406559 0.992335 59.2288
0.991962 0.00067456 -0.126541 -83.7449 -0.000467059 0.999998 0.00166974 -0.199943 0.126541 -0.00159719 0.99196 60.0672
0.991306 -0.00082784 -0.13158 -83.8186 0.000885939 0.999999 0.000383297 -0.218046 0.131579 -0.000496513 0.991306 60.8969
0.990914 0.00116144 -0.134496 -83.9381 -0.00147752 0.999996 -0.00225 -0.233805 0.134492 0.0024283 0.990912 61.7322
0.990371 0.00237566 -0.138421 -84.0595 -0.00318156 0.999978 -0.00560093 -0.252842 0.138404 0.00598742 0.990358 62.5685
0.989605 0.00271796 -0.143789 -84.1646 -0.00405091 0.999951 -0.008978 -0.273327 0.143758 0.00946718 0.989568 63.3811
0.989134 0.0044092 -0.146953 -84.2975 -0.0063749 0.999896 -0.0129079 -0.295949 0.14688 0.0137045 0.98906 64.2008
0.988558 0.0089412 -0.150578 -84.4235 -0.0110244 0.999854 -0.0130054 -0.320462 0.150439 0.0145167 0.988513 64.9985
0.987848 0.0123334 -0.154937 -84.5523 -0.0142325 0.999836 -0.0111538 -0.342548 0.154774 0.0132234 0.987862 65.8056
0.987062 0.0157713 -0.159565 -84.6895 -0.0168917 0.99984 -0.00566768 -0.360506 0.15945 0.00828971 0.987171 66.6237
0.986408 0.0166877 -0.163466 -84.8296 -0.0169502 0.999855 -0.000211386 -0.380015 0.163439 0.00297932 0.986549 67.4087
0.985523 0.0160055 -0.168786 -84.9705 -0.0156911 0.999871 0.00319662 -0.394875 0.168815 -0.000501879 0.985648 68.2216
0.98436 0.0152511 -0.175509 -85.1146 -0.014802 0.999882 0.00386801 -0.404219 0.175548 -0.00120962 0.98447 69.0056
0.983262 0.0132902 -0.181714 -85.2597 -0.012188 0.999899 0.00718086 -0.412296 0.181791 -0.00484591 0.983325 69.7911
0.98185 0.0135606 -0.189178 -85.4106 -0.0125495 0.999899 0.00654188 -0.421589 0.189248 -0.00404903 0.981921 70.59
0.98061 0.0177252 -0.195171 -85.575 -0.0170074 0.99984 0.00535277 -0.429992 0.195235 -0.00192959 0.980755 71.3575
0.979462 0.0191788 -0.200718 -85.7471 -0.0193096 0.999812 0.00130607 -0.438189 0.200706 0.00259658 0.979648 72.1212
0.978104 0.0174179 -0.207389 -85.8996 -0.0181667 0.999833 -0.00170646 -0.448654 0.207325 0.0054367 0.978257 72.8769
0.976841 0.0185783 -0.213161 -86.0688 -0.0196841 0.999801 -0.00306642 -0.463061 0.213062 0.00719132 0.977012 73.6441
0.975753 0.0207982 -0.217887 -86.2531 -0.0209032 0.999779 0.00182333 -0.471744 0.217877 0.00277542 0.975972 74.4135
0.974427 0.021736 -0.223655 -86.4392 -0.0210324 0.999762 0.00552806 -0.479526 0.223721 -0.000682679 0.974653 75.1692
0.97302 0.0210417 -0.229761 -86.6219 -0.0198993 0.999774 0.00728833 -0.491818 0.229862 -0.0025196 0.97322 75.9146
0.971364 0.0189395 -0.236843 -86.8128 -0.0186031 0.999819 0.00365506 -0.507298 0.23687 0.000855653 0.971541 76.6663
0.969395 0.0165883 -0.24495 -87.0109 -0.0179919 0.999831 -0.00349362 -0.516659 0.24485 0.00779383 0.96953 77.4061
0.96713 0.0137489 -0.253914 -87.2143 -0.0156937 0.99986 -0.00563496 -0.529508 0.253801 0.00943461 0.967211 78.1478
0.964813 0.0136868 -0.262585 -87.4465 -0.0150145 0.999882 -0.00305029 -0.544133 0.262512 0.00688555 0.964904 78.8642
0.962048 0.0139368 -0.272528 -87.683 -0.0136349 0.999902 0.00300196 -0.554587 0.272542 0.000827863 0.962144 79.5836
0.958938 0.0161525 -0.283158 -87.9221 -0.0137084 0.999849 0.0106111 -0.564823 0.283286 -0.00629369 0.959015 80.296
0.955621 0.0165341 -0.294139 -88.1564 -0.0128842 0.999813 0.0143424 -0.579487 0.294321 -0.00991617 0.955655 81.0216
0.951923 0.0190571 -0.305747 -88.3991 -0.0168603 0.999809 0.00982434 -0.592435 0.305875 -0.00419701 0.952062 81.7471
0.948023 0.0178071 -0.317705 -88.646 -0.0184837 0.999828 0.000884863 -0.603571 0.317666 0.00503349 0.948189 82.4492
0.943733 0.0147333 -0.330383 -88.8946 -0.0170131 0.999846 -0.00400948 -0.611416 0.330273 0.00940473 0.943839 83.1571
0.939347 0.0139882 -0.342685 -89.1435 -0.0146244 0.999892 0.000727527 -0.617299 0.342658 0.0043282 0.93945 83.8477
0.935058 0.015858 -0.354143 -89.4173 -0.0140339 0.999871 0.00771867 -0.626214 0.354219 -0.00224737 0.93516 84.5576
0.930432 0.0159342 -0.36612 -89.6987 -0.0121556 0.999845 0.0126239 -0.631882 0.366265 -0.00729525 0.930482 85.2619
0.925736 0.0134302 -0.377933 -90.0116 -0.0101276 0.99989 0.0107251 -0.639828 0.378035 -0.0061011 0.925771 85.9716
0.921293 0.0113689 -0.388705 -90.316 -0.00964615 0.999932 0.00638345 -0.650771 0.388751 -0.0021315 0.92134 86.6584
0.917732 0.00678722 -0.397144 -90.6205 -0.00753939 0.99997 -0.000332529 -0.664784 0.39713 0.00329942 0.917756 87.3402
0.914629 0.00255409 -0.404288 -90.9477 -0.00548302 0.999965 -0.00608691 -0.677265 0.404259 0.00778401 0.914612 88.0404
0.91116 0.00244474 -0.412048 -91.2428 -0.00635596 0.999946 -0.00812193 -0.693476 0.412006 0.0100194 0.911126 88.7198
0.90769 0.00710218 -0.419584 -91.5863 -0.0116836 0.999896 -0.0083501 -0.70799 0.419481 0.0124816 0.907678 89.4142
0.904035 0.0068984 -0.427405 -91.899 -0.0105987 0.999923 -0.00627889 -0.724156 0.427329 0.0102063 0.904039 90.0878
0.900261 0.00815803 -0.435275 -92.2329 -0.00905168 0.999958 2.0375e-05 -0.734398 0.435257 0.00392165 0.900298 90.7796
0.897063 0.0097914 -0.441796 -92.572 -0.00708886 0.999944 0.00776773 -0.738964 0.441848 -0.0038363 0.897082 91.4698
0.894236 0.0189413 -0.447197 -92.9551 -0.0141264 0.9998 0.0140994 -0.744415 0.447375 -0.00629084 0.894324 92.1675
0.891118 0.0255935 -0.453051 -93.3024 -0.023018 0.999671 0.0111984 -0.753885 0.453189 0.000449295 0.891414 92.8298
0.888448 0.0217088 -0.458466 -93.666 -0.0225396 0.999738 0.0036599 -0.762922 0.458425 0.00708202 0.888705 93.5108
0.886073 0.014072 -0.463334 -94.0108 -0.0177626 0.999835 -0.00360282 -0.775722 0.463207 0.0114224 0.886176 94.184
0.883964 0.0145511 -0.467331 -94.3752 -0.0186423 0.999817 -0.00413108 -0.787635 0.467185 0.0123639 0.884073 94.8689
0.881397 0.0202421 -0.471945 -94.7604 -0.0225354 0.999745 0.000793363 -0.797389 0.471841 0.0099362 0.881628 95.5602
0.878331 0.0227053 -0.477515 -95.1115 -0.0231243 0.999719 0.00500119 -0.811928 0.477494 0.00664952 0.87861 96.229
0.875701 0.019177 -0.482475 -95.487 -0.0201462 0.999791 0.00317323 -0.830655 0.482435 0.00694123 0.875904 96.9063
0.87295 0.017471 -0.487498 -95.8698 -0.0216949 0.999759 -0.0030188 -0.847411 0.487328 0.0132115 0.873119 97.5847
0.870403 0.0141808 -0.492138 -96.2668 -0.0216991 0.999718 -0.0095707 -0.859375 0.491863 0.0190094 0.870465 98.2609
0.867913 0.0143338 -0.496512 -96.6619 -0.0228587 0.999676 -0.0110977 -0.873447 0.496192 0.0209814 0.867959 98.9306
0.865084 0.0168245 -0.501347 -97.0372 -0.0235249 0.999697 -0.00704411 -0.88794 0.501077 0.0178879 0.865218 99.6043
0.862298 0.0179748 -0.506083 -97.4315 -0.0239003 0.9997 -0.00521592 -0.904045 0.505838 0.0165932 0.862469 100.28
0.859043 0.0182701 -0.511579 -97.8139 -0.0241122 0.999697 -0.00478673 -0.91921 0.511337 0.0164473 0.859223 100.948
0.856267 0.0161902 -0.516282 -98.2104 -0.0222733 0.999735 -0.0055899 -0.938597 0.516055 0.0162858 0.856401 101.611
0.853552 0.0142672 -0.520815 -98.6102 -0.020525 0.999769 -0.00625001 -0.958437 0.520605 0.0160244 0.853647 102.272
0.851024 0.0137765 -0.524949 -99.0135 -0.0197705 0.999786 -0.00581307 -0.976446 0.524757 0.0153256 0.851114 102.921
0.848797 0.0150028 -0.528508 -99.4474 -0.0210397 0.999763 -0.00540986 -0.99406 0.528302 0.0157116 0.848911 103.577
0.846018 0.0149696 -0.532945 -99.8447 -0.0211757 0.999759 -0.00553346 -1.01287 0.532734 0.0159669 0.846132 104.212
0.842857 0.0113877 -0.538019 -100.255 -0.0197097 0.999757 -0.00971596 -1.03122 0.537778 0.0187934 0.842877 104.865
0.840098 0.00744883 -0.542385 -100.655 -0.0180127 0.999736 -0.0141697 -1.05484 0.542137 0.0216738 0.840011 105.488
0.837577 0.00554224 -0.546293 -101.063 -0.0176065 0.999702 -0.016852 -1.07552 0.546037 0.0237332 0.837425 106.112
0.835239 0.00734943 -0.549839 -101.466 -0.0174509 0.99976 -0.0131455 -1.09589 0.549611 0.0205748 0.835167 106.727
0.832931 0.011292 -0.553263 -101.872 -0.0166121 0.99985 -0.00460233 -1.10974 0.553129 0.0130243 0.832994 107.341
0.830867 0.0129543 -0.556322 -102.271 -0.0126018 0.999909 0.00446289 -1.1229 0.556329 0.00330261 0.830955 107.955
0.829436 0.0126625 -0.55846 -102.696 -0.00908004 0.999915 0.00918626 -1.14043 0.55853 -0.00254856 0.829481 108.551
0.827884 0.00987864 -0.560814 -103.112 -0.0061315 0.999943 0.00856253 -1.15332 0.560867 -0.00365014 0.827898 109.138
0.825916 0.00795836 -0.563739 -103.518 -0.00607601 0.999967 0.00521499 -1.16792 0.563762 -0.000881863 0.825937 109.715
0.824136 0.00600683 -0.566362 -103.904 -0.00568884 0.99998 0.00232784 -1.1783 0.566365 0.00130348 0.824154 110.265
0.822409 0.00407422 -0.568883 -104.269 -0.00438111 0.999989 0.000828243 -1.18425 0.568881 0.00181119 0.822418 110.793
0.820574 0.00235871 -0.571537 -104.623 -0.00262599 0.999995 0.000356847 -1.19518 0.571536 0.00120803 0.820576 111.316
0.818917 0.00300433 -0.573905 -104.98 -0.00280199 0.999994 0.00123676 -1.20833 0.573906 0.000595271 0.818921 111.821
0.817455 0.00325636 -0.575985 -105.316 -0.00203445 0.999993 0.00276627 -1.22136 0.57599 -0.00108949 0.817456 112.296
0.816155 0.00220137 -0.577831 -105.66 -0.000432094 0.999994 0.00319949 -1.23072 0.577835 -0.00236161 0.81615 112.761
0.815031 0.000353187 -0.579419 -105.987 0.00171791 0.999993 0.00302615 -1.23809 0.579416 -0.0034618 0.815025 113.202
0.814065 -0.000742385 -0.580775 -106.298 0.00224034 0.999995 0.00186212 -1.24911 0.580771 -0.00281702 0.814062 113.616
0.81268 -0.00100795 -0.582711 -106.598 0.000102396 0.999998 -0.00158683 -1.26115 0.582712 0.00122991 0.812678 114.02
0.81113 -0.00375422 -0.584855 -106.895 0.000624203 0.999983 -0.00555312 -1.27492 0.584867 0.00413923 0.811119 114.41
0.808736 -0.00752687 -0.588125 -107.17 0.00384803 0.999963 -0.00750602 -1.2889 0.58816 0.00380726 0.808735 114.78
0.806017 -0.0111486 -0.591789 -107.441 0.00863704 0.999937 -0.00707383 -1.30117 0.59183 0.000590324 0.806062 115.138
0.802422 -0.0100258 -0.596675 -107.705 0.0083163 0.999949 -0.00561784 -1.31126 0.596701 -0.000454256 0.802463 115.48
0.798128 -0.00648309 -0.602455 -107.96 0.00517363 0.999978 -0.00390678 -1.31998 0.602468 1.22201e-06 0.798143 115.81
0.794258 -0.000195437 -0.607583 -108.207 0.000638319 0.999999 0.000512888 -1.32866 0.607582 -0.000795198 0.794256 116.108
0.79009 0.00524566 -0.61297 -108.436 -0.00100227 0.999972 0.00726577 -1.33626 0.612992 -0.00512625 0.790073 116.387
0.784772 0.00725736 -0.619744 -108.646 -0.000277019 0.999934 0.0113588 -1.34605 0.619786 -0.00874239 0.784722 116.648
0.77878 0.00498028 -0.627279 -108.849 0.00378981 0.999912 0.012644 -1.35472 0.627287 -0.0122242 0.778692 116.901
0.771186 0.00351762 -0.636602 -109.051 0.00686006 0.99988 0.0138354 -1.36255 0.636574 -0.0150368 0.771069 117.141
0.761661 0.0024243 -0.647973 -109.242 0.00964421 0.999839 0.0150772 -1.37015 0.647905 -0.0177329 0.761515 117.36
0.750344 0.0032682 -0.661041 -109.431 0.00979045 0.999822 0.0160563 -1.37783 0.660976 -0.0185197 0.750178 117.564
0.736834 0.00501034 -0.676057 -109.612 0.00788977 0.99984 0.0160091 -1.38735 0.676029 -0.01713 0.736676 117.745
0.721905 0.00399005 -0.691982 -109.79 0.00755634 0.999877 0.0136486 -1.39793 0.691952 -0.0150818 0.721786 117.905
0.705963 0.00171146 -0.708249 -109.967 0.00652522 0.999938 0.00892058 -1.40743 0.70822 -0.0109191 0.705907 118.059
0.689714 -0.00157131 -0.724082 -110.129 0.00662435 0.999968 0.00414003 -1.4196 0.724052 -0.00765201 0.689703 118.193
0.673599 -0.00110319 -0.739097 -110.307 0.00226214 0.999996 0.000569157 -1.42577 0.739094 -0.00205533 0.673599 118.322
0.656849 0.00235732 -0.75402 -110.499 -0.0053176 0.999984 -0.00150594 -1.42576 0.754004 0.00499875 0.656851 118.459
0.638699 0.00410809 -0.769447 -110.687 -0.00808389 0.999965 -0.00137132 -1.42603 0.769415 0.00709599 0.63871 118.586
0.618791 0.00296091 -0.785552 -110.854 -0.00516586 0.999985 -0.000299981 -1.42696 0.78554 0.00424367 0.618797 118.701
0.597366 0.00227912 -0.801967 -111.031 -0.00240836 0.999995 0.00104806 -1.42724 0.801966 0.00130534 0.597368 118.819
0.573884 0.00396672 -0.818928 -111.213 -0.00266117 0.999991 0.00297896 -1.4251 0.818933 0.00046973 0.573889 118.922
0.548802 0.00832377 -0.835912 -111.412 -0.0065555 0.999961 0.00565352 -1.42115 0.835927 0.00237716 0.548835 119.017
0.523312 0.0121082 -0.852056 -111.606 -0.00902329 0.99992 0.00866759 -1.41726 0.852094 0.0031525 0.523379 119.101
0.498007 0.014668 -0.86705 -111.808 -0.011341 0.99988 0.0104013 -1.41166 0.8671 0.00465336 0.498113 119.165
0.472108 0.0176584 -0.881365 -112.003 -0.0150094 0.999814 0.0119918 -1.41273 0.881414 0.00756736 0.472284 119.219
0.444959 0.0214128 -0.895296 -112.218 -0.0197493 0.999704 0.0140947 -1.40653 0.895334 0.0114099 0.44525 119.284
0.416827 0.0240778 -0.908668 -112.426 -0.0227604 0.999611 0.0160469 -1.40511 0.908701 0.0139929 0.417212 119.337
0.385277 0.0227312 -0.922522 -112.632 -0.0219049 0.999639 0.0154833 -1.40006 0.922541 0.0142424 0.385635 119.407
0.351192 0.0194512 -0.936103 -112.854 -0.0218929 0.99968 0.012559 -1.40051 0.936048 0.0160834 0.351505 119.474
0.315904 0.0157456 -0.948662 -113.081 -0.0217793 0.999718 0.00934059 -1.4086 0.948542 0.0177105 0.316157 119.517
0.274348 0.0123452 -0.961552 -113.33 -0.0216763 0.999742 0.00665098 -1.39498 0.961387 0.0190182 0.274544 119.578
0.231905 0.0110071 -0.972677 -113.606 -0.0214917 0.999749 0.00618953 -1.38893 0.972502 0.0194691 0.232082 119.614
0.186208 0.00834812 -0.982476 -113.901 -0.0210306 0.999767 0.0045092 -1.37709 0.982286 0.0198224 0.18634 119.651
0.138544 0.00548828 -0.990342 -114.199 -0.0206881 0.999781 0.00264651 -1.37224 0.990141 0.0201216 0.138626 119.658
0.0886309 0.0035411 -0.996059 -114.522 -0.0207333 0.999782 0.00170952 -1.3681 0.995849 0.0205001 0.0886845 119.657
0.0373252 0.00308676 -0.999299 -114.854 -0.020293 0.99979 0.00233037 -1.36458 0.999097 0.0201918 0.0373795 119.643
-0.0153291 0.00452074 -0.999873 -115.207 -0.0197121 0.999793 0.00482265 -1.3631 0.999688 0.0197835 -0.0152374 119.605
-0.0690061 0.00683406 -0.997594 -115.575 -0.01682 0.999825 0.0080129 -1.35964 0.997475 0.0173324 -0.0688797 119.552
-0.12246 0.00866392 -0.992437 -115.933 -0.0139551 0.999847 0.0104507 -1.35526 0.992375 0.0151294 -0.122321 119.474
-0.175669 0.0101928 -0.984397 -116.291 -0.0105777 0.999868 0.0122406 -1.34966 0.984393 0.012563 -0.175539 119.374
-0.228841 0.0114076 -0.973398 -116.689 -0.0086522 0.999867 0.013752 -1.34068 0.973426 0.0115691 -0.228712 119.258
-0.279713 0.0127526 -0.96 -117.088 -0.00729837 0.999853 0.0154085 -1.33543 0.960056 0.0113164 -0.27958 119.109
-0.328423 0.0141886 -0.944425 -117.482 -0.00453014 0.999851 0.0165967 -1.33259 0.94452 0.00972911 -0.32831 118.938
-0.375558 0.0158798 -0.926664 -117.896 -0.000231038 0.99985 0.0172277 -1.32837 0.926799 0.00668411 -0.375499 118.737
-0.420729 0.0175445 -0.907018 -118.303 0.0040114 0.999838 0.0174793 -1.32625 0.907178 0.00371562 -0.420732 118.514
-0.463278 0.0186813 -0.886017 -118.717 0.00741829 0.999823 0.0172021 -1.31303 0.886182 0.00139662 -0.463335 118.256
-0.503152 0.0198191 -0.863972 -119.131 0.0100322 0.999802 0.0170926 -1.30684 0.86414 -6.73335e-05 -0.503252 117.97
-0.539757 0.0206092 -0.84157 -119.545 0.0115961 0.999786 0.0170465 -1.30329 0.841741 -0.000557939 -0.539882 117.66
-0.571923 0.0206915 -0.820047 -119.979 0.0118974 0.999785 0.0169291 -1.29371 0.820221 -7.42179e-05 -0.572047 117.32
-0.598742 0.0202408 -0.800687 -120.418 0.0112845 0.999793 0.0168358 -1.29102 0.800863 0.00104497 -0.598847 116.957
