1 0 0 0 0 1 0 0 0 0 1 0
0.999993 0.00353864 -0.00110388 0.0234236 -0.00353723 0.999993 0.00127035 -0.00868143 0.00110837 -0.00126644 0.999999 0.765258
0.99998 0.00627361 -0.000974284 0.0128522 -0.00627195 0.999979 0.00169989 -0.02878 0.000984928 -0.00169374 0.999998 1.52904
0.99997 0.00761268 -0.00122321 0.00603947 -0.00761089 0.99997 0.00145936 -0.0452061 0.00123428 -0.00145001 0.999998 2.26753
0.999955 0.00928946 -0.00202988 0.00257003 -0.00928709 0.999956 0.001171 -0.0591971 0.00204067 -0.00115209 0.999997 3.01096
0.999953 0.00945773 -0.002176 -0.000998862 -0.00945583 0.999955 0.000880691 -0.0734339 0.00218423 -0.000860074 0.999997 3.75441
0.999954 0.00934301 -0.00215866 -0.00459176 -0.00933935 0.999955 0.00169973 -0.0870018 0.00217444 -0.00167949 0.999996 4.49787
0.999947 0.0101459 -0.0018714 -0.00254045 -0.0101375 0.999939 0.00444505 -0.0997873 0.00191639 -0.00442584 0.999988 5.20216
0.999951 0.00984068 -0.000527566 -0.00462303 -0.0098359 0.999916 0.00839478 -0.110753 0.000610132 -0.00838918 0.999965 5.8763
0.999958 0.00915559 0.000755076 -0.00222373 -0.00916389 0.999888 0.0118488 -0.122979 -0.000646509 -0.0118552 0.99993 6.50282
0.999956 0.00838703 0.00412002 -0.0515882 -0.00844872 0.999849 0.0151924 -0.153541 -0.00399198 -0.0152266 0.999876 7.06951
0.999941 0.00895189 0.00618222 -0.0701779 -0.00904442 0.999845 0.0151061 -0.164517 -0.00604603 -0.0151612 0.999867 7.66824
0.999927 0.00983664 0.00701733 -0.0628067 -0.00992332 0.999874 0.0124261 -0.172593 -0.00689421 -0.0124949 0.999898 8.26089
0.999921 0.00984194 0.00782406 -0.0541349 -0.00991644 0.999905 0.00954136 -0.178833 -0.00772941 -0.00961819 0.999924 8.79653
0.999924 0.00819825 0.00927024 -0.0448872 -0.00827396 0.999932 0.00815903 -0.185998 -0.00920272 -0.00823511 0.999924 9.31545
0.999921 0.00429149 0.0118439 -0.0533863 -0.00436201 0.999973 0.00593524 -0.198185 -0.0118181 -0.00598643 0.999912 9.78555
0.999894 0.00242601 0.0143582 -0.0608972 -0.00249774 0.999984 0.00498009 -0.210673 -0.0143459 -0.00501542 0.999884 10.2261
0.99984 0.00668581 0.0165824 -0.0608916 -0.0067347 0.999973 0.00289463 -0.22136 -0.0165626 -0.00300585 0.999858 10.6522
0.99975 0.0111638 0.0193717 -0.0516334 -0.0112048 0.999935 0.0020059 -0.227935 -0.019348 -0.00222246 0.99981 11.0559
0.99968 0.0116275 0.022456 -0.0359231 -0.0116971 0.999927 0.00297395 -0.234612 -0.0224198 -0.00323567 0.999743 11.4225
0.999646 0.00747993 0.0255351 -0.0226517 -0.00757199 0.999965 0.00351043 -0.241639 -0.025508 -0.00370254 0.999668 11.7418
0.999594 0.00285024 0.0283552 -0.0112107 -0.00294716 0.99999 0.00337713 -0.247354 -0.0283453 -0.00345933 0.999592 12.0325
0.999524 -0.000865359 0.0308493 0.00266234 0.000716071 0.999988 0.00485008 -0.256511 -0.0308531 -0.00482568 0.999512 12.298
0.999435 -0.00114452 0.0335964 0.00999716 0.000939497 0.999981 0.00611785 -0.264623 -0.0336028 -0.00608283 0.999417 12.5324
0.999376 -0.000485962 0.0353071 0.0247227 0.000299019 0.999986 0.00529994 -0.270847 -0.0353091 -0.00528607 0.999362 12.7485
0.999291 0.000439244 0.0376521 0.0279082 -0.000581389 0.999993 0.00376441 -0.275059 -0.0376502 -0.00378364 0.999284 12.9372
0.999192 0.00271109 0.0400952 0.0355068 -0.0028301 0.999992 0.00291164 -0.279496 -0.040087 -0.00302276 0.999191 13.1204
0.999119 0.0055095 0.0416147 0.0413353 -0.00561427 0.999981 0.00240123 -0.288309 -0.0416007 -0.00263275 0.999131 13.2853
0.999051 0.00674268 0.0430405 0.0494909 -0.0067928 0.999976 0.0010184 -0.294391 -0.0430326 -0.0013098 0.999073 13.4561
0.998974 0.00587663 0.0449068 0.0586033 -0.00585518 0.999983 -0.000609163 -0.300234 -0.0449096 0.000345599 0.998991 13.6028
0.998911 0.00449341 0.0464329 0.0674714 -0.00441188 0.999989 -0.00185798 -0.305628 -0.0464407 0.0016511 0.998919 13.7483
0.998857 0.00370248 0.0476526 0.0785138 -0.00356206 0.999989 -0.00303123 -0.307136 -0.0476633 0.00285803 0.998859 13.8959
0.998781 0.00445199 0.0491615 0.0865872 -0.00423902 0.999981 -0.0044355 -0.309664 -0.0491803 0.00422169 0.998781 14.0292
0.998722 0.00540534 0.05024 0.095869 -0.00508671 0.999966 -0.00646766 -0.312349 -0.0502733 0.00620384 0.998716 14.1614
0.99867 0.00568065 0.0512352 0.0990701 -0.00525122 0.99995 -0.0085121 -0.316848 -0.051281 0.00823173 0.99865 14.2785
0.998642 0.00487795 0.0518702 0.109317 -0.00431443 0.999931 -0.0109704 -0.318336 -0.0519201 0.0107317 0.998593 14.4074
0.998676 0.00422235 0.0512639 0.118644 -0.00356155 0.99991 -0.0129747 -0.32019 -0.051314 0.0127749 0.998601 14.5368
0.998791 0.00364435 0.0490155 0.127604 -0.00294737 0.999894 -0.0142841 -0.322149 -0.0490624 0.0141224 0.998696 14.6662
0.99894 0.0038272 0.0458754 0.133191 -0.00312519 0.999877 -0.0153645 -0.324731 -0.0459286 0.0152049 0.998829 14.7916
0.999129 0.00424675 0.0414937 0.138102 -0.00355854 0.999855 -0.0166456 -0.327409 -0.0415584 0.0164834 0.999 14.9172
0.999354 0.00450864 0.0356516 0.137938 -0.00387513 0.999834 -0.0178186 -0.330282 -0.035726 0.0176689 0.999205 15.0369
0.999574 0.00439518 0.0288411 0.138656 -0.00385928 0.99982 -0.0186103 -0.331834 -0.0289177 0.0184911 0.999411 15.1643
0.999759 0.0043446 0.0215002 0.137735 -0.0039278 0.999804 -0.01939 -0.333736 -0.0215803 0.0193008 0.999581 15.2941
0.999905 0.0042576 0.0130689 0.134704 -0.00399075 0.999785 -0.0203769 -0.336203 -0.0131528 0.0203228 0.999707 15.4267
0.99999 0.00313384 0.0030614 0.125943 -0.00306675 0.99976 -0.0216774 -0.336813 -0.00312858 0.0216678 0.99976 15.5732
0.99995 0.0015901 -0.0098869 0.114778 -0.00182013 0.999727 -0.0233014 -0.340177 0.00984716 0.0233182 0.999679 15.7144
0.99966 0.000960744 -0.0260442 0.0940602 -0.00161356 0.999685 -0.0250566 -0.346236 0.0260119 0.0250901 0.999346 15.8695
0.998988 0.00133427 -0.0449547 0.0574172 -0.00250139 0.999661 -0.0259161 -0.353073 0.0449049 0.0260023 0.998653 16.0405
0.997787 0.00225599 -0.0664509 0.016451 -0.00396457 0.999665 -0.0255913 -0.356998 0.0663709 0.0257981 0.997461 16.2249
0.99599 0.00313553 -0.0894011 -0.0446721 -0.00532632 0.999691 -0.0242772 -0.361234 0.0892973 0.024656 0.995699 16.4248
0.993324 0.00427405 -0.115272 -0.111751 -0.00695458 0.999715 -0.0228619 -0.365375 0.115141 0.0235109 0.99307 16.6332
0.989445 0.0049618 -0.144822 -0.195693 -0.0080653 0.99975 -0.0208505 -0.36977 0.144682 0.0217984 0.989238 16.8747
0.984104 0.00509458 -0.177516 -0.273525 -0.00831485 0.999814 -0.0174015 -0.376777 0.177395 0.0186009 0.983964 17.1049
0.976826 0.00594099 -0.213953 -0.360098 -0.00901977 0.99987 -0.0134167 -0.382119 0.213845 0.0150355 0.976752 17.338
0.967342 0.00762749 -0.253357 -0.469742 -0.0100164 0.999917 -0.00814045 -0.385947 0.253274 0.0104123 0.967338 17.5957
0.95562 0.0114012 -0.29438 -0.611372 -0.0129566 0.999911 -0.00333391 -0.386492 0.294316 0.0070001 0.955682 17.8707
0.941703 0.0154537 -0.33609 -0.780797 -0.016086 0.99987 0.000903102 -0.388256 0.33606 0.00455587 0.941829 18.1569
0.925317 0.0184792 -0.378743 -0.930752 -0.0171399 0.999829 0.00690765 -0.399967 0.378806 9.98266e-05 0.925476 18.4217
0.906303 0.0223066 -0.422037 -1.10107 -0.017821 0.999735 0.0145709 -0.405884 0.422251 -0.00568453 0.906461 18.6974
0.884739 0.0268339 -0.465312 -1.30219 -0.0190827 0.99959 0.0213614 -0.40867 0.465694 -0.0100199 0.884889 18.9829
0.860083 0.0315461 -0.509177 -1.52354 -0.0214254 0.999439 0.0257294 -0.401432 0.509703 -0.0112201 0.860277 19.2674
0.832414 0.0346133 -0.553071 -1.7596 -0.0224147 0.999334 0.0288062 -0.394275 0.553699 -0.0115818 0.832636 19.5429
0.801803 0.0382027 -0.596366 -2.01728 -0.0249855 0.999225 0.030417 -0.385703 0.597066 -0.00948797 0.802136 19.8138
0.768381 0.0408311 -0.638688 -2.30983 -0.0253919 0.999122 0.0333254 -0.375138 0.639488 -0.00938911 0.768743 20.0904
0.731324 0.0446201 -0.680568 -2.62681 -0.026487 0.998963 0.0370326 -0.356041 0.681515 -0.00905662 0.731748 20.3771
0.692469 0.0455806 -0.720006 -2.95222 -0.0244135 0.998911 0.0397571 -0.337977 0.721034 -0.00995267 0.692828 20.6403
0.651329 0.0451505 -0.757451 -3.3197 -0.0216309 0.998927 0.0409443 -0.319393 0.758487 -0.0102839 0.651607 20.9204
0.608398 0.043781 -0.792423 -3.69181 -0.0165628 0.99896 0.0424757 -0.301245 0.793459 -0.0127174 0.608491 21.1725
0.563589 0.0436548 -0.8249 -4.09076 -0.0122597 0.998935 0.0444888 -0.282381 0.825964 -0.0149604 0.563524 21.4104
0.516475 0.0448374 -0.855127 -4.53129 -0.0101325 0.998878 0.046255 -0.260044 0.856242 -0.015225 0.51635 21.645
0.466368 0.0443758 -0.883476 -4.99709 -0.00892342 0.998926 0.0454642 -0.237723 0.884545 -0.0133194 0.466264 21.8554
0.414085 0.0429335 -0.909225 -5.48571 -0.00369399 0.998958 0.0454883 -0.21425 0.91023 -0.0154774 0.413813 22.0409
0.361019 0.0420934 -0.931607 -5.99007 0.000991473 0.998963 0.045521 -0.193153 0.932558 -0.0173576 0.360603 22.1913
0.306995 0.0411454 -0.950821 -6.54754 0.00341833 0.999011 0.0443344 -0.16644 0.951705 -0.0168607 0.306551 22.3424
0.25349 0.0466409 -0.966212 -7.11255 0.00399399 0.998778 0.0492607 -0.134242 0.96733 -0.0163462 0.252994 22.4554
0.202226 0.0511685 -0.978001 -7.71032 0.00603295 0.99855 0.053491 -0.099445 0.97932 -0.0167175 0.201624 22.5462
0.154762 0.052227 -0.98657 -8.32096 0.0105047 0.998458 0.0545042 -0.0690201 0.987896 -0.0187988 0.153975 22.6035
0.111104 0.0532766 -0.992379 -8.95248 0.0120497 0.998417 0.0549497 -0.0429503 0.993736 -0.018063 0.110287 22.6378
0.0708455 0.0514083 -0.996161 -9.61546 0.011771 0.998559 0.0523691 -0.0115785 0.997418 -0.0154359 0.0701383 22.6579
0.0344746 0.0473497 -0.998283 -10.3005 0.00912703 0.998821 0.0476904 0.0241605 0.999364 -0.0107555 0.0340018 22.6667
0.00573844 0.0470579 -0.998875 -10.9957 0.00687782 0.998867 0.047097 0.0622162 0.99996 -0.00714035 0.00540832 22.65
-0.0147008 0.0507103 -0.998605 -11.698 0.00524369 0.998703 0.0506381 0.0958618 0.999878 -0.00449196 -0.0149476 22.6106
-0.0272963 0.056626 -0.998022 -12.4335 0.00638777 0.998384 0.0564718 0.130229 0.999607 -0.00483368 -0.0276138 22.5729
-0.0354352 0.059055 -0.997625 -13.193 0.00562437 0.998249 0.0588921 0.167085 0.999356 -0.00352416 -0.0357053 22.5387
-0.0397218 0.0561608 -0.997631 -13.982 0.00707819 0.99841 0.0559228 0.203951 0.999186 -0.00484006 -0.0400562 22.5118
-0.0387307 0.0523046 -0.997879 -14.7802 0.0143298 0.998556 0.0517839 0.241505 0.999147 -0.0122938 -0.0394243 22.4835
-0.0342071 0.0508423 -0.99812 -15.5865 0.025973 0.998413 0.0499671 0.279667 0.999077 -0.024215 -0.0354733 22.4626
-0.0293343 0.0509089 -0.998272 -16.4325 0.0261554 0.9984 0.0501468 0.318468 0.999227 -0.0246392 -0.0306189 22.4496
-0.0250342 0.0495207 -0.998459 -17.3116 0.0248141 0.998496 0.0489003 0.352317 0.999379 -0.0235517 -0.0262253 22.4392
-0.0218356 0.0430511 -0.998834 -18.1682 0.0280817 0.998705 0.0424317 0.386125 0.999367 -0.0271224 -0.0230162 22.4216
-0.0205847 0.0321181 -0.999272 -19.0782 0.0258186 0.999168 0.0315828 0.422043 0.999455 -0.0251497 -0.0213968 22.4168
-0.021319 0.0236247 -0.999493 -20.0208 0.0187012 0.999556 0.0232272 0.452116 0.999598 -0.0181965 -0.0217513 22.4109
-0.024261 0.0205084 -0.999495 -20.9826 0.0132436 0.999709 0.0201913 0.479141 0.999618 -0.0127471 -0.0245255 22.4066
-0.0264352 0.0263383 -0.999303 -21.9817 0.00381278 0.999649 0.0262465 0.502519 0.999643 -0.0031163 -0.0265263 22.3284
-0.0317714 0.0340832 -0.998913 -22.9212 -0.00116469 0.999417 0.0341374 0.522903 0.999494 0.00224801 -0.0317132 22.2967
-0.0379911 0.0435786 -0.998327 -23.9299 -0.0023227 0.999042 0.0436982 0.555107 0.999275 0.00397895 -0.0378534 22.2775
-0.0414323 0.0531576 -0.997726 -24.9514 -0.00329092 0.998571 0.0533393 0.597491 0.999136 0.0054934 -0.0411981 22.2555
-0.0442333 0.0602268 -0.997204 -25.9555 -0.000946918 0.998178 0.0603276 0.644053 0.999021 0.00361275 -0.0440957 22.2394
-0.0475208 0.0609242 -0.99701 -27.0211 0.000654936 0.99814 0.0609621 0.700806 0.99887 0.00224398 -0.0474723 22.2062
-0.0525897 0.0576975 -0.996947 -28.016 0.000473129 0.998331 0.0577526 0.746564 0.998616 0.0025655 -0.0525292 22.2079
-0.0585202 0.0524543 -0.996907 -29.1261 0.000844221 0.998621 0.0524949 0.806197 0.998286 0.00223039 -0.0584837 22.1864
-0.0640406 0.0473126 -0.996825 -30.159 0.00154128 0.998879 0.0473111 0.843003 0.997946 0.00149344 -0.0640417 22.1277
-0.0694969 0.0425617 -0.996673 -31.1938 0.00208082 0.999094 0.04252 0.876351 0.99758 0.000881095 -0.0695224 22.0485
-0.0743401 0.0401635 -0.996423 -32.245 0.000372784 0.99919 0.0402472 0.916397 0.997233 0.00262052 -0.0742948 21.933
-0.0801567 0.0427005 -0.995867 -33.2888 0.000119976 0.999083 0.0428287 0.943192 0.996782 0.00331352 -0.0800882 21.8304
-0.0859956 0.0473019 -0.995171 -34.3672 -0.00140389 0.998866 0.0475988 0.978694 0.996294 0.00549039 -0.0858316 21.7212
-0.0919775 0.0502129 -0.994494 -35.4318 -0.00424494 0.998699 0.0508178 1.0117 0.995752 0.00889565 -0.0916446 21.6098
-0.0968216 0.0522423 -0.993929 -36.546 -0.00746927 0.998555 0.053213 1.05952 0.995274 0.0125761 -0.0962915 21.4925
-0.0992308 0.0532558 -0.993638 -37.6567 -0.0120925 0.998429 0.0547202 1.10759 0.994991 0.0174455 -0.0984308 21.3648
-0.10101 0.0542589 -0.993404 -38.7507 -0.0160673 0.998293 0.0561596 1.15332 0.994756 0.021634 -0.0999659 21.2408
-0.102548 0.0537663 -0.993273 -39.8538 -0.0176509 0.998283 0.0558598 1.19834 0.994571 0.0232605 -0.101423 21.1152
-0.103921 0.0531101 -0.993166 -40.9288 -0.0182043 0.998304 0.0552897 1.23738 0.994419 0.0238256 -0.102778 20.9856
-0.105481 0.0524635 -0.993036 -42.0447 -0.0194969 0.998306 0.0548129 1.28255 0.99423 0.0251428 -0.10428 20.8677
-0.106969 0.0515696 -0.992923 -43.1475 -0.0217219 0.998294 0.0541887 1.32491 0.994025 0.0273647 -0.105667 20.744
-0.108369 0.0491341 -0.992895 -44.2393 -0.0260348 0.998295 0.0522428 1.36299 0.99377 0.0315113 -0.106905 20.6181
-0.108381 0.0439847 -0.993135 -45.38 -0.0320119 0.998348 0.047709 1.41107 0.993594 0.0369628 -0.106793 20.4778
-0.107463 0.0430718 -0.993275 -46.4943 -0.0335289 0.998336 0.0469187 1.45575 0.993643 0.0383455 -0.10584 20.336
-0.105622 0.0468931 -0.993299 -47.6051 -0.0348154 0.998101 0.0508218 1.50027 0.993797 0.03995 -0.103788 20.1935
-0.104143 0.0499407 -0.993307 -48.7593 -0.0349619 0.997937 0.0538391 1.54629 0.993947 0.0403349 -0.102183 20.0726
-0.103148 0.0497507 -0.99342 -49.8708 -0.0329966 0.998027 0.0534074 1.58669 0.994118 0.0382884 -0.101303 19.9534
-0.10096 0.0490134 -0.993682 -51.013 -0.0328922 0.998075 0.052572 1.63032 0.994346 0.0379921 -0.0991532 19.8368
-0.0973868 0.0494343 -0.994017 -52.1529 -0.0372701 0.997884 0.053278 1.67392 0.994548 0.0422357 -0.0953383 19.7204
-0.092206 0.0501957 -0.994473 -53.3171 -0.0419971 0.997644 0.0542496 1.72077 0.994854 0.0467672 -0.0898807 19.6101
-0.0866332 0.0497694 -0.994996 -54.4834 -0.0457217 0.9975 0.0538756 1.76737 0.99519 0.0501604 -0.0841411 19.5066
-0.0813055 0.0489338 -0.995487 -55.6323 -0.0473468 0.997477 0.0528986 1.81029 0.995564 0.051434 -0.0787834 19.4098
-0.0759139 0.0482186 -0.995947 -56.7645 -0.0469914 0.997547 0.0518779 1.8516 0.996006 0.0507392 -0.0734618 19.3179
-0.0710315 0.0479522 -0.99632 -57.9284 -0.0450797 0.997669 0.051231 1.89488 0.996455 0.0485528 -0.0687042 19.2391
-0.0661927 0.0485742 -0.996623 -59.0926 -0.0441364 0.997694 0.0515578 1.93859 0.99683 0.0474002 -0.0638962 19.1661
-0.0609661 0.0501654 -0.996878 -60.2484 -0.0430922 0.997673 0.0528407 1.9805 0.997209 0.0461791 -0.0586624 19.0937
-0.0558912 0.0513683 -0.997114 -61.4197 -0.0437688 0.997589 0.0538461 2.02547 0.997477 0.046652 -0.0535082 19.0275
-0.0509983 0.0505182 -0.99742 -62.5896 -0.04321 0.997673 0.0527403 2.06879 0.997763 0.0457882 -0.0486966 18.9679
-0.0470029 0.0460529 -0.997832 -63.7761 -0.0433874 0.9979 0.0480998 2.11054 0.997952 0.0455541 -0.044906 18.9209
-0.0427014 0.0407725 -0.998255 -64.9554 -0.0431579 0.998159 0.0426146 2.14859 0.998155 0.0449023 -0.0408631 18.866
-0.0388862 0.0400193 -0.998441 -66.121 -0.0432052 0.998196 0.0416921 2.18563 0.998309 0.0447591 -0.0370869 18.8057
-0.0358789 0.042389 -0.998456 -67.321 -0.0425558 0.998129 0.0439043 2.21888 0.998449 0.0440653 -0.0340078 18.7606
-0.0318428 0.0420597 -0.998607 -68.4697 -0.0431294 0.998126 0.0434147 2.25289 0.998562 0.0444518 -0.029969 18.6617
-0.0291119 0.0417478 -0.998703 -69.653 -0.0451277 0.998054 0.0430361 2.29067 0.998557 0.046322 -0.0271712 18.5809
-0.0265836 0.0424166 -0.998746 -70.8365 -0.0464173 0.997969 0.0436191 2.32929 0.998568 0.0475187 -0.0245607 18.5031
-0.0237949 0.041794 -0.998842 -71.9989 -0.0471947 0.997965 0.0428815 2.36407 0.998602 0.0481605 -0.0217739 18.4326
-0.0216825 0.0396135 -0.998979 -73.2232 -0.0477946 0.998031 0.0406133 2.39923 0.998622 0.0486264 -0.0197465 18.3823
-0.02023 0.0384895 -0.999054 -74.4327 -0.0462114 0.998155 0.0393906 2.42965 0.998726 0.0469645 -0.0184139 18.3419
-0.0194056 0.0383411 -0.999076 -75.6264 -0.0430652 0.998305 0.039148 2.45849 0.998883 0.043785 -0.0177215 18.3093
-0.0188596 0.0388123 -0.999068 -76.8239 -0.0409947 0.998376 0.0395592 2.48918 0.998981 0.0417026 -0.0172378 18.2795
-0.0177766 0.0412121 -0.998992 -78.0064 -0.0412811 0.998268 0.0419168 2.52059 0.998989 0.0419847 -0.0160445 18.2349
-0.016468 0.04425 -0.998884 -79.1983 -0.0443446 0.998005 0.0449421 2.5554 0.99888 0.0450352 -0.0144728 18.1918
-0.0158798 0.0440943 -0.9989 -80.397 -0.0465996 0.997909 0.0447913 2.58883 0.998787 0.0472596 -0.0137918 18.1647
-0.015525 0.0418776 -0.999001 -81.6071 -0.0478785 0.997945 0.0425773 2.62345 0.998732 0.0484917 -0.013488 18.1403
-0.0150382 0.0394293 -0.999109 -82.8146 -0.0478224 0.99805 0.0401073 2.6546 0.998742 0.048383 -0.0131232 18.1171
-0.0145768 0.0385493 -0.99915 -84.0226 -0.0457896 0.998182 0.03918 2.685 0.998844 0.0463218 -0.012785 18.092
-0.013993 0.0400448 -0.999099 -85.2156 -0.0443667 0.998189 0.0406296 2.71249 0.998917 0.0448953 -0.0121909 18.0662
-0.0140577 0.0425919 -0.998993 -86.4271 -0.0436954 0.998112 0.0431692 2.74445 0.998946 0.0442583 -0.01217 18.0505
-0.0141079 0.0447322 -0.998899 -87.6294 -0.0441802 0.997995 0.0453156 2.77692 0.998924 0.0447709 -0.0121033 18.0396
-0.0145506 0.0448513 -0.998887 -88.821 -0.0453949 0.997934 0.0454697 2.80875 0.998863 0.046006 -0.0124845 18.027
-0.0144956 0.0427401 -0.99898 -90.0129 -0.044943 0.998048 0.0433523 2.83852 0.998884 0.0455256 -0.0125464 18.009
-0.0150393 0.0413414 -0.999031 -91.1905 -0.04313 0.998188 0.0419557 2.86725 0.998956 0.0437192 -0.0132289 17.9979
-0.0159825 0.0421021 -0.998985 -92.3892 -0.0413847 0.998229 0.0427322 2.90001 0.999015 0.0420257 -0.0142118 17.9911
-0.0168264 0.0446796 -0.998859 -93.5919 -0.0388472 0.998217 0.0453053 2.93559 0.999103 0.0395652 -0.0150607 17.9837
-0.0175732 0.0471124 -0.998734 -94.7702 -0.0376259 0.99815 0.0477469 2.96794 0.999137 0.0384174 -0.015768 17.9665
-0.0179216 0.0488495 -0.998645 -95.9671 -0.0382807 0.99804 0.0495068 3.00404 0.999106 0.039116 -0.0160165 17.9493
-0.0183285 0.0507795 -0.998541 -97.1392 -0.0405397 0.99785 0.0514885 3.03702 0.999009 0.0414243 -0.0162305 17.9255
-0.019118 0.0503851 -0.998546 -98.3322 -0.0422813 0.997795 0.0511567 3.06842 0.998922 0.0431978 -0.0169454 17.9124
-0.0194459 0.0466968 -0.998719 -99.5172 -0.0446868 0.99787 0.0475272 3.1015 0.998811 0.0455537 -0.0173177 17.8881
-0.0191631 0.0449026 -0.998807 -100.693 -0.0464811 0.997871 0.0457522 3.13771 0.998735 0.0473024 -0.0170351 17.8542
-0.0189626 0.0431058 -0.99889 -101.856 -0.0468642 0.997933 0.0439541 3.17046 0.998721 0.0476456 -0.0169033 17.8216
-0.018813 0.0434508 -0.998878 -103.037 -0.0455095 0.997982 0.044269 3.20711 0.998786 0.0462913 -0.0167975 17.7973
-0.018959 0.0453638 -0.99879 -104.211 -0.045359 0.997902 0.0461844 3.24375 0.99879 0.0461798 -0.0168615 17.7713
-0.0195076 0.0471883 -0.998695 -105.423 -0.0437149 0.99789 0.0480041 3.2868 0.998853 0.0445943 -0.0174036 17.7535
-0.0209875 0.0460306 -0.998719 -106.602 -0.046823 0.997798 0.046972 3.32619 0.998682 0.0477488 -0.018786 17.7323
-0.0215713 0.0469798 -0.998662 -107.806 -0.0507332 0.997557 0.0480236 3.3701 0.998479 0.0517013 -0.0191351 17.6979
-0.0221398 0.0460433 -0.998694 -108.979 -0.0537116 0.997441 0.0471762 3.40574 0.99831 0.0546859 -0.01961 17.6651
-0.0227573 0.0421762 -0.99885 -110.186 -0.0544188 0.997576 0.0433622 3.44451 0.998258 0.0553431 -0.0204069 17.6319
-0.0239392 0.0382095 -0.998982 -111.389 -0.0542371 0.997747 0.039462 3.4795 0.99824 0.0551266 -0.0218128 17.5996
-0.0251292 0.0370946 -0.998995 -112.6 -0.0505997 0.997983 0.0383298 3.51315 0.998402 0.051512 -0.0232014 17.5704
-0.0259458 0.0361029 -0.999011 -113.836 -0.0458561 0.998252 0.0372664 3.5489 0.99861 0.0467776 -0.0242448 17.5435
-0.026868 0.0378691 -0.998921 -115.082 -0.0452235 0.998212 0.0390586 3.58436 0.998615 0.0462242 -0.0251074 17.5119
-0.027923 0.0416099 -0.998743 -116.313 -0.0441409 0.998107 0.0428175 3.62028 0.998634 0.045281 -0.0260334 17.4709
-0.0287434 0.0416939 -0.998716 -117.541 -0.042843 0.99816 0.0429037 3.65359 0.998668 0.0440212 -0.0269041 17.4271
-0.0296988 0.0374307 -0.998857 -118.783 -0.0429228 0.998328 0.0386871 3.68538 0.998636 0.0440227 -0.0280425 17.384
-0.0317576 0.0337891 -0.998924 -120.049 -0.0429801 0.998457 0.0351397 3.71594 0.99857 0.0440498 -0.0302563 17.3549
-0.0325658 0.0322606 -0.998948 -121.302 -0.0424189 0.998533 0.03363 3.74426 0.998568 0.0434695 -0.0311495 17.3026
-0.032749 0.033208 -0.998911 -122.559 -0.0444751 0.998409 0.0346494 3.77426 0.998473 0.0455614 -0.0312199 17.2383
-0.0334357 0.0373507 -0.998742 -123.812 -0.0492043 0.998028 0.0389712 3.80558 0.998228 0.0504454 -0.0315319 17.1782
-0.0337556 0.0400455 -0.998627 -125.078 -0.0548407 0.997617 0.0418587 3.8396 0.997924 0.0561784 -0.0314789 17.1161
-0.0339009 0.0397587 -0.998633 -126.368 -0.0621799 0.997188 0.041812 3.87648 0.997488 0.0635124 -0.0313333 17.0547
-0.0340701 0.0376933 -0.998708 -127.644 -0.0654216 0.997061 0.0398629 3.90857 0.997275 0.0666952 -0.0315039 16.9996
-0.0351162 0.0362736 -0.998724 -128.908 -0.0677845 0.996953 0.0385926 3.93697 0.997081 0.0690532 -0.0325503 16.9476
-0.0360479 0.0356482 -0.998713 -130.176 -0.0677635 0.996976 0.038032 3.96318 0.997049 0.0690473 -0.0335232 16.8943
-0.0367838 0.0345583 -0.998725 -131.441 -0.0654222 0.997174 0.0369142 3.98946 0.997179 0.0666967 -0.0344189 16.8455
-0.0377221 0.0350665 -0.998672 -132.72 -0.0654109 0.997154 0.0374838 4.01802 0.997144 0.0667381 -0.0353209 16.7943
-0.0397707 0.0396146 -0.998422 -133.984 -0.0642605 0.997043 0.0421195 4.05126 0.99714 0.0658343 -0.0371075 16.7599
-0.0410203 0.0433261 -0.998218 -135.28 -0.0628622 0.996968 0.045855 4.0888 0.997178 0.0646312 -0.0381722 16.7066
-0.0419607 0.0419934 -0.998236 -136.555 -0.063352 0.996994 0.0446041 4.12423 0.997108 0.0651119 -0.0391742 16.6564
-0.0422192 0.0405255 -0.998285 -137.82 -0.062923 0.997085 0.0431378 4.15819 0.997124 0.0646364 -0.0395461 16.6073
-0.041738 0.0396927 -0.998339 -139.1 -0.0619387 0.997185 0.0422363 4.1926 0.997206 0.0635988 -0.0391619 16.5515
-0.0415861 0.0389099 -0.998376 -140.363 -0.062265 0.997198 0.0414575 4.22417 0.997192 0.063888 -0.0390468 16.4975
-0.0414946 0.0408316 -0.998303 -141.639 -0.0622934 0.997115 0.0433722 4.25821 0.997194 0.0639875 -0.0388313 16.4448
-0.0411661 0.0444684 -0.998161 -142.901 -0.0633156 0.996885 0.0470228 4.29122 0.997144 0.065135 -0.0382223 16.3907
-0.0405021 0.0454539 -0.998144 -144.156 -0.0648994 0.996735 0.0480231 4.32405 0.997069 0.0667241 -0.0374199 16.336
-0.0402099 0.0427111 -0.998277 -145.431 -0.0672842 0.996702 0.0453538 4.36197 0.996923 0.068992 -0.0372035 16.282
-0.0398978 0.0399353 -0.998405 -146.677 -0.0659447 0.996917 0.042511 4.39135 0.997025 0.0675357 -0.0371412 16.2107
-0.0395913 0.0386794 -0.998466 -147.923 -0.0634961 0.997133 0.0411455 4.41905 0.997196 0.0650278 -0.0370218 16.1394
-0.0397372 0.0382575 -0.998477 -149.179 -0.0623587 0.997223 0.0406912 4.44634 0.997262 0.0638807 -0.0372412 16.0773
-0.040324 0.0388081 -0.998432 -150.454 -0.0598993 0.997354 0.0411854 4.47322 0.997389 0.0614662 -0.0378927 16.0281
-0.0409375 0.0376162 -0.998453 -151.729 -0.0580979 0.99751 0.0399627 4.49872 0.99747 0.059644 -0.0386501 15.9784
-0.0411142 0.0377619 -0.99844 -152.985 -0.057444 0.997543 0.0400933 4.52892 0.997501 0.0590029 -0.0388439 15.9191
-0.0418833 0.0404902 -0.998301 -154.221 -0.0546038 0.997592 0.0427523 4.55578 0.997629 0.0563017 -0.0395715 15.8667
-0.0435139 0.0416955 -0.998182 -155.469 -0.0514917 0.997707 0.0439203 4.58965 0.997724 0.0533093 -0.0412671 15.8298
-0.0446432 0.0402219 -0.998192 -156.721 -0.0489832 0.997899 0.0424007 4.62217 0.997801 0.0507876 -0.0425792 15.7833
-0.0459893 0.0403841 -0.998124 -157.983 -0.0498417 0.997845 0.0426692 4.65656 0.997697 0.0517106 -0.0438773 15.7273
-0.0469228 0.0448745 -0.997889 -159.227 -0.0505417 0.997604 0.0472382 4.69158 0.997618 0.0526516 -0.0445423 15.6729
-0.0469127 0.0508457 -0.997603 -160.524 -0.0555919 0.997022 0.0534303 4.74137 0.99735 0.0579653 -0.0439464 15.6115
-0.0463604 0.0506703 -0.997638 -161.763 -0.0601837 0.996756 0.0534222 4.78402 0.997109 0.0625183 -0.0431605 15.5451
-0.0453896 0.0469455 -0.997865 -163.011 -0.0641002 0.996699 0.0498064 4.8253 0.99691 0.0662241 -0.0422306 15.4785
-0.0443809 0.0416829 -0.998144 -164.257 -0.0659315 0.996828 0.0445595 4.86006 0.996836 0.0677868 -0.0414919 15.4148
-0.044262 0.0400558 -0.998216 -165.5 -0.0685474 0.996719 0.0430352 4.89287 0.996665 0.07033 -0.041371 15.3519
-0.0437916 0.0372718 -0.998344 -166.709 -0.0632128 0.997198 0.0400018 4.91291 0.997038 0.06486 -0.0413128 15.3038
-0.0438463 0.0329694 -0.998493 -167.978 -0.0603057 0.997545 0.0355862 4.94492 0.997216 0.0617752 -0.0417504 15.2493
-0.0446106 0.0300096 -0.998553 -169.191 -0.0544694 0.997988 0.032426 4.9617 0.997518 0.0558371 -0.0428862 15.1966
-0.0463127 0.0329747 -0.998382 -170.45 -0.0521764 0.99801 0.0353827 4.98909 0.997563 0.0537307 -0.0445 15.1456
-0.0466048 0.039168 -0.998144 -171.738 -0.0523542 0.997761 0.0415975 5.01935 0.99754 0.0541958 -0.0444498 15.1016
-0.0459037 0.0424622 -0.998042 -172.962 -0.0540669 0.997526 0.0449269 5.0469 0.997481 0.0560234 -0.0434943 15.0393
-0.044423 0.0393264 -0.998238 -174.183 -0.0550784 0.997608 0.0417526 5.07527 0.997492 0.0568362 -0.0421507 14.9748
-0.044401 0.0393014 -0.99824 -175.436 -0.0574894 0.997469 0.0418281 5.11091 0.997357 0.0592455 -0.0420292 14.9212
-0.0442439 0.0404264 -0.998202 -176.651 -0.0553512 0.997546 0.0428532 5.13664 0.997485 0.0571478 -0.0418977 14.8652
-0.0437246 0.0383013 -0.998308 -177.867 -0.0557315 0.997615 0.0407156 5.1674 0.997487 0.0574176 -0.0414857 14.8047
-0.042315 0.0370043 -0.998418 -179.05 -0.0559895 0.997655 0.039349 5.19104 0.997534 0.057566 -0.0401439 14.7479
-0.0408752 0.0386679 -0.998415 -180.233 -0.0576007 0.997497 0.0409905 5.21669 0.997502 0.0591849 -0.0385455 14.6938
-0.0400985 0.0405215 -0.998373 -181.374 -0.0574387 0.997431 0.0427902 5.23619 0.997543 0.0590611 -0.037668 14.6457
-0.040052 0.0419709 -0.998315 -182.513 -0.0581883 0.997323 0.0442637 5.25792 0.997501 0.0598632 -0.0375025 14.598
-0.0397906 0.0433204 -0.998268 -183.6 -0.0585218 0.997243 0.0456085 5.2774 0.997492 0.0602353 -0.0371457 14.5426
-0.0400183 0.0441999 -0.99822 -184.657 -0.0578147 0.997245 0.0464744 5.2985 0.997524 0.0595717 -0.0373526 14.4907
-0.0396078 0.0432632 -0.998277 -185.689 -0.0581285 0.99727 0.0455259 5.32094 0.997522 0.0598316 -0.0369848 14.44
-0.0387374 0.0431408 -0.998317 -186.678 -0.0589137 0.997231 0.0453798 5.33991 0.99751 0.0605725 -0.0360885 14.3997
-0.0374674 0.0438668 -0.998334 -187.69 -0.0595626 0.997161 0.0460507 5.36557 0.99752 0.0611888 -0.0347482 14.3578
-0.0381915 0.0423418 -0.998372 -188.648 -0.058155 0.997314 0.0445216 5.38334 0.997576 0.0597607 -0.0356265 14.3145
-0.041451 0.0396016 -0.998354 -189.604 -0.0560964 0.997545 0.0418986 5.39916 0.997564 0.0577409 -0.0391278 14.2697
-0.0469444 0.0360497 -0.998246 -190.549 -0.0554806 0.997711 0.0386395 5.4162 0.997355 0.0571972 -0.0448369 14.2275
-0.0523702 0.0330529 -0.99808 -191.491 -0.0569629 0.997725 0.03603 5.4321 0.997001 0.0587405 -0.0503683 14.1745
-0.0568056 0.0317961 -0.997878 -192.46 -0.0585856 0.997664 0.0351243 5.45731 0.996664 0.0604566 -0.05481 14.1228
-0.0599532 0.0321259 -0.997683 -193.423 -0.0602861 0.99754 0.035744 5.48094 0.996378 0.0622895 -0.057869 14.0615
-0.0621095 0.0336672 -0.9975 -194.379 -0.0588953 0.997565 0.0373365 5.50151 0.996329 0.0610671 -0.0599754 14.0004
-0.0636608 0.0352035 -0.99735 -195.31 -0.0559676 0.997678 0.0387874 5.52019 0.9964 0.0582885 -0.0615427 13.9344
-0.0652117 0.03549 -0.997239 -196.261 -0.0544352 0.997752 0.0390678 5.54397 0.996385 0.0568326 -0.0631332 13.8704
-0.0662785 0.0342933 -0.997211 -197.184 -0.0548511 0.997772 0.0379581 5.56295 0.996292 0.057214 -0.0642498 13.8023
-0.0672023 0.0330343 -0.997191 -198.106 -0.0565597 0.997718 0.0368633 5.58124 0.996134 0.0588782 -0.0651805 13.7339
-0.067489 0.03223 -0.997198 -199.028 -0.06022 0.997524 0.0363161 5.59917 0.9959 0.0625023 -0.065381 13.6653
-0.0668631 0.0304511 -0.997296 -199.956 -0.0626649 0.997432 0.0346565 5.61562 0.995791 0.0648128 -0.0647831 13.595
-0.0660913 0.0279537 -0.997421 -200.873 -0.0628716 0.997504 0.032122 5.62879 0.99583 0.0648325 -0.0641688 13.5275
-0.065695 0.0256372 -0.997509 -201.787 -0.0626469 0.997591 0.0297651 5.6395 0.99587 0.0644463 -0.0639306 13.4612
-0.0644094 0.0255521 -0.997595 -202.749 -0.062789 0.997587 0.0296058 5.6506 0.995945 0.064545 -0.0626496 13.3806
-0.064141 0.0283055 -0.997538 -203.684 -0.0600757 0.997675 0.0321721 5.66727 0.99613 0.0619914 -0.0622913 13.3194
-0.0641449 0.0294015 -0.997506 -204.631 -0.0595882 0.997669 0.0332381 5.68321 0.996159 0.0615718 -0.0622434 13.2532
-0.0630453 0.0262041 -0.997666 -205.596 -0.0544131 0.998078 0.0296534 5.69521 0.996525 0.0561556 -0.0614982 13.1862
-0.0633221 0.0233411 -0.997719 -206.52 -0.0526439 0.998256 0.0266948 5.7077 0.996603 0.0542143 -0.0619829 13.1284
-0.0621485 0.0237705 -0.997783 -207.481 -0.0568532 0.998008 0.027317 5.72335 0.996445 0.0584249 -0.0606732 13.0478
-0.0601171 0.0275465 -0.99781 -208.451 -0.0583485 0.997812 0.0310619 5.7375 0.996484 0.0600882 -0.0583783 12.9743
-0.0574469 0.0271137 -0.997979 -209.429 -0.056101 0.997963 0.0303426 5.75565 0.99677 0.0577308 -0.0558087 12.9034
-0.0548019 0.0284328 -0.998091 -210.411 -0.0547184 0.998006 0.0314347 5.77738 0.996996 0.0563367 -0.0531367 12.8402
-0.0529197 0.0329459 -0.998054 -211.404 -0.0554205 0.997818 0.0358766 5.80042 0.997059 0.0572113 -0.0509783 12.7802
-0.051607 0.0370395 -0.997979 -212.406 -0.0523457 0.997837 0.039741 5.82259 0.997294 0.0542909 -0.0495565 12.7303
-0.0506305 0.0375993 -0.998008 -213.408 -0.0518816 0.997842 0.040225 5.84517 0.997368 0.0538149 -0.0485705 12.6831
-0.0489136 0.038212 -0.998071 -214.439 -0.0549723 0.997649 0.0408899 5.87351 0.997288 0.0568663 -0.0466979 12.6337
-0.0467109 0.0396085 -0.998122 -215.469 -0.0575373 0.997447 0.0422744 5.9035 0.997249 0.0594039 -0.0443126 12.5864
-0.0445794 0.039543 -0.998222 -216.498 -0.0582409 0.997413 0.0421119 5.93057 0.997306 0.0600147 -0.042161 12.5517
-0.042287 0.0368466 -0.998425 -217.55 -0.0609029 0.997365 0.0393869 5.96066 0.997246 0.0624726 -0.0399315 12.5096
-0.0399617 0.0335642 -0.998636 -218.607 -0.0605856 0.997514 0.0359509 5.98946 0.997362 0.0619397 -0.0378288 12.4723
-0.0387931 0.0325264 -0.998717 -219.67 -0.0599159 0.997595 0.0348171 6.01818 0.997448 0.0611897 -0.0367509 12.4362
-0.0376783 0.0344196 -0.998696 -220.735 -0.0601334 0.997516 0.0366476 6.0444 0.997478 0.0614358 -0.0355149 12.3974
-0.037093 0.0372909 -0.998615 -221.823 -0.061653 0.997313 0.0395323 6.0757 0.997407 0.063034 -0.0346942 12.363
-0.0364383 0.0367895 -0.998657 -222.91 -0.0613562 0.997353 0.0389801 6.1041 0.99745 0.0626942 -0.0340846 12.3281
-0.0362787 0.0340499 -0.99876 -223.999 -0.0597617 0.997556 0.0361796 6.13086 0.997552 0.0610002 -0.0341551 12.2964
-0.0366096 0.0311629 -0.998842 -225.087 -0.0565879 0.997844 0.0332058 6.15422 0.997725 0.0577381 -0.0347671 12.2627
-0.0371459 0.0300786 -0.998856 -226.191 -0.0547443 0.997984 0.0320881 6.17741 0.997808 0.0558737 -0.0354244 12.2292
-0.0375964 0.0290959 -0.998868 -227.313 -0.0548563 0.998008 0.0311355 6.20081 0.997785 0.0559648 -0.0359253 12.1917
-0.0378511 0.0288877 -0.998864 -228.434 -0.0548548 0.998014 0.0309417 6.22405 0.997775 0.0559637 -0.0361912 12.1539
-0.0388184 0.0293747 -0.998813 -229.554 -0.0567698 0.997888 0.0315538 6.24733 0.997631 0.0579274 -0.0370687 12.1134
-0.0397746 0.0314863 -0.998711 -230.689 -0.0575872 0.997769 0.03375 6.27239 0.997547 0.0588554 -0.0378726 12.0661
-0.0413382 0.0329375 -0.998601 -231.885 -0.0582475 0.997676 0.0353182 6.30235 0.997445 0.0596261 -0.0393236 12.037
-0.0423759 0.0347861 -0.998495 -233.023 -0.059399 0.997537 0.0372736 6.32655 0.997333 0.0608891 -0.0402052 11.9812
-0.0434176 0.0357269 -0.998417 -234.188 -0.0616207 0.997361 0.0383687 6.35457 0.997154 0.0631891 -0.0411014 11.9199
-0.0447427 0.0345525 -0.998399 -235.35 -0.063622 0.997273 0.0373646 6.3799 0.996969 0.065192 -0.0424223 11.8557
-0.0450185 0.0302851 -0.998526 -236.506 -0.0619472 0.997531 0.0330477 6.40048 0.997062 0.0633437 -0.0430312 11.7715
-0.0471762 0.0244237 -0.998587 -237.7 -0.0588166 0.997898 0.0271855 6.41975 0.997152 0.0600161 -0.0456405 11.7267
-0.049296 0.0204296 -0.998574 -238.871 -0.0538966 0.998279 0.0230842 6.42972 0.997328 0.0549578 -0.04811 11.6623
-0.0512106 0.0210044 -0.998466 -240.064 -0.0476521 0.998588 0.023451 6.44108 0.997549 0.04878 -0.0501374 11.591
-0.0526348 0.0251198 -0.998296 -241.243 -0.0432114 0.998689 0.027408 6.4536 0.997677 0.0445804 -0.0514803 11.5041
-0.0542706 0.0278251 -0.998137 -242.46 -0.0411796 0.998698 0.0300797 6.46931 0.997675 0.0427354 -0.0530541 11.4223
-0.0559354 0.0275471 -0.998053 -243.675 -0.039559 0.998772 0.029784 6.48427 0.997649 0.041148 -0.0547769 11.3389
-0.056657 0.0281173 -0.997996 -244.902 -0.0397876 0.998745 0.0303971 6.50972 0.997599 0.0414301 -0.0554672 11.2324
-0.0582616 0.0294658 -0.997865 -246.138 -0.0389803 0.998734 0.0317673 6.53299 0.997539 0.0407479 -0.0570392 11.1424
-0.059933 0.0290308 -0.997779 -247.362 -0.0381365 0.99878 0.0313506 6.55449 0.997472 0.0399307 -0.0587527 11.0526
-0.061029 0.0274078 -0.997758 -248.622 -0.0382369 0.998824 0.0297758 6.58005 0.997402 0.0399684 -0.0599092 10.9478
-0.0637459 0.0269697 -0.9976 -249.869 -0.0380241 0.998842 0.029433 6.60131 0.99724 0.0398091 -0.0626466 10.868
-0.0666114 0.027717 -0.997393 -251.112 -0.0382418 0.998808 0.0303103 6.62187 0.997044 0.0401612 -0.065472 10.7891
-0.070559 0.0275962 -0.997124 -252.371 -0.0382374 0.998807 0.0303485 6.64481 0.996773 0.0402689 -0.0694196 10.7163
-0.0735924 0.0285001 -0.99688 -253.648 -0.039247 0.998734 0.0314504 6.6665 0.996514 0.0414391 -0.0723806 10.6223
-0.0763753 0.0299987 -0.996626 -254.935 -0.0407802 0.998616 0.0331837 6.69138 0.996243 0.0431771 -0.0750462 10.5226
-0.0781518 0.0310843 -0.996455 -256.201 -0.0423391 0.998508 0.0344689 6.70726 0.99604 0.0448829 -0.076719 10.4197
-0.0791441 0.0311998 -0.996373 -257.488 -0.0448594 0.998385 0.034826 6.73289 0.995852 0.047453 -0.0776167 10.3076
-0.0793409 0.031129 -0.99636 -258.765 -0.0456156 0.998351 0.0348236 6.75626 0.995802 0.0482126 -0.0777901 10.2013
-0.079538 0.0301281 -0.996375 -260.044 -0.0443427 0.998446 0.0337304 6.7795 0.995843 0.0468648 -0.0780784 10.0965
-0.0782861 0.0293991 -0.996496 -261.267 -0.0419158 0.998583 0.0327536 6.7943 0.996048 0.0443331 -0.0769428 9.97096
-0.0780749 0.0293556 -0.996514 -262.529 -0.0407949 0.998634 0.0326142 6.81037 0.996111 0.0431991 -0.0767707 9.85301
-0.07813 0.0297781 -0.996497 -263.807 -0.0407093 0.998624 0.0330334 6.83 0.99611 0.0431477 -0.0768102 9.74316
-0.0776463 0.0297694 -0.996535 -265.095 -0.04006 0.998653 0.0329539 6.85012 0.996174 0.04248 -0.0763491 9.62866
-0.0781533 0.0303381 -0.996478 -266.35 -0.0393982 0.998661 0.0334945 6.87009 0.996161 0.0418772 -0.0768533 9.53221
-0.0777594 0.0313601 -0.996477 -267.64 -0.0368269 0.998732 0.0343048 6.89096 0.99629 0.0393647 -0.0765059 9.41648
-0.0783571 0.0339847 -0.996345 -268.92 -0.0323302 0.998806 0.0366112 6.91369 0.996399 0.0350808 -0.0771648 9.31826
-0.079376 0.0372346 -0.996148 -270.167 -0.0287951 0.998799 0.0396281 6.93948 0.996427 0.0318297 -0.0782085 9.23007
-0.0798284 0.0394578 -0.996026 -271.439 -0.0267362 0.998771 0.0417093 6.96925 0.996448 0.0299595 -0.0786753 9.13232
-0.0806107 0.03791 -0.996023 -272.697 -0.026581 0.998838 0.0401684 6.99665 0.996389 0.0297133 -0.0795094 9.03711
-0.0803833 0.0361996 -0.996105 -273.936 -0.0292626 0.998823 0.0386598 7.02313 0.996333 0.0322563 -0.0792294 8.92371
-0.0809558 0.0389679 -0.995954 -275.199 -0.0347023 0.998518 0.041889 7.05455 0.996112 0.0379531 -0.0794835 8.81171
-0.0818971 0.0448063 -0.995632 -276.447 -0.0395249 0.998056 0.0481666 7.08324 0.995855 0.043297 -0.0799669 8.70802
-0.0819811 0.0441857 -0.995652 -277.694 -0.0436153 0.997899 0.0478766 7.11676 0.995677 0.0473507 -0.0798817 8.59498
-0.0817435 0.0374662 -0.995948 -278.949 -0.0430245 0.998228 0.0410832 7.15241 0.995723 0.0462085 -0.0799867 8.48463
-0.0826409 0.0321884 -0.996058 -280.193 -0.0399943 0.998565 0.0355876 7.17984 0.995775 0.0427777 -0.0812349 8.38274
-0.0828985 0.0315429 -0.996057 -281.447 -0.034124 0.998822 0.0344704 7.20429 0.995972 0.0368471 -0.0817244 8.28359
-0.0821592 0.0331459 -0.996066 -282.705 -0.0310001 0.998877 0.0357964 7.2291 0.996135 0.0338192 -0.0810394 8.18036
-0.0808235 0.0353777 -0.996099 -283.936 -0.0301746 0.998824 0.0379228 7.24868 0.99627 0.033122 -0.0796609 8.07188
-0.0797393 0.0377923 -0.996098 -285.19 -0.0313129 0.998692 0.0403974 7.27367 0.996322 0.034412 -0.0784516 7.95982
-0.0779079 0.0392093 -0.996188 -286.416 -0.0326315 0.99859 0.0418558 7.30104 0.996425 0.035768 -0.0765186 7.82445
-0.076216 0.0402418 -0.996277 -287.683 -0.0341709 0.998492 0.0429453 7.33427 0.996504 0.0373169 -0.0747259 7.70488
-0.0747618 0.0396221 -0.996412 -288.924 -0.0340144 0.998527 0.0422582 7.36358 0.996619 0.0370517 -0.0733039 7.58453
-0.0735015 0.0380817 -0.996566 -290.148 -0.0347586 0.998565 0.0407217 7.39037 0.996687 0.0376324 -0.0720723 7.45449
-0.0722337 0.0370553 -0.996698 -291.373 -0.0346965 0.99861 0.039641 7.41584 0.996782 0.0374454 -0.0708476 7.3259
-0.0713934 0.0370624 -0.996758 -292.607 -0.0352372 0.998591 0.0396544 7.43906 0.996824 0.0379541 -0.0699868 7.20455
-0.0701242 0.0368791 -0.996855 -293.861 -0.0360586 0.998569 0.039479 7.46717 0.996885 0.0387137 -0.068694 7.08593
-0.0689478 0.03731 -0.996921 -295.115 -0.0370921 0.998513 0.0399349 7.49618 0.996929 0.0397313 -0.0674613 6.96906
-0.0689942 0.0377877 -0.9969 -296.34 -0.0365251 0.998516 0.0403768 7.517 0.996946 0.0391977 -0.0675116 6.87535
-0.0694682 0.0363951 -0.996918 -297.586 -0.0365356 0.99857 0.0390012 7.54204 0.996913 0.0391324 -0.0680392 6.78262
-0.0701235 0.034279 -0.996948 -298.832 -0.0366567 0.998645 0.0369157 7.56471 0.996863 0.0391335 -0.0687719 6.68988
-0.0715621 0.0317036 -0.996931 -300.056 -0.0377385 0.998692 0.0344685 7.58398 0.99672 0.0400894 -0.0702721 6.60187
-0.0728777 0.0305891 -0.99687 -301.285 -0.039563 0.998653 0.033536 7.60388 0.996554 0.0418832 -0.0715694 6.50801
-0.0729127 0.0305788 -0.996868 -302.529 -0.0428509 0.99851 0.0337634 7.62621 0.996415 0.0451785 -0.0714937 6.38861
-0.0728123 0.0316002 -0.996844 -303.771 -0.0464485 0.998305 0.0350392 7.65013 0.996262 0.0488532 -0.0712211 6.26775
-0.07285 0.0323948 -0.996815 -305.018 -0.0504831 0.998071 0.036125 7.67697 0.996063 0.052954 -0.071074 6.15206
-0.0729235 0.0322042 -0.996816 -306.276 -0.0523308 0.997977 0.03607 7.70472 0.995962 0.0547946 -0.0710908 6.04372
-0.0730912 0.030133 -0.996869 -307.532 -0.052396 0.998046 0.0340103 7.72957 0.995946 0.0547179 -0.0713695 5.93515
-0.0733409 0.0280177 -0.996912 -308.809 -0.0501755 0.998235 0.0317462 7.75315 0.996042 0.0523489 -0.0718056 5.82904
-0.0741959 0.0278859 -0.996852 -310.071 -0.0474925 0.998375 0.0314633 7.77276 0.99611 0.0496775 -0.072751 5.72663
-0.0740513 0.0298052 -0.996808 -311.302 -0.0455894 0.998406 0.0332397 7.79644 0.99621 0.0479054 -0.0725744 5.59823
-0.0742816 0.0310528 -0.996752 -312.57 -0.0442535 0.998427 0.0344029 7.81865 0.996253 0.0466653 -0.0727905 5.48687
-0.0746946 0.0302257 -0.996747 -313.85 -0.0455958 0.998391 0.0336924 7.84313 0.996162 0.0479641 -0.0731962 5.38129
-0.0741178 0.0285671 -0.996839 -315.105 -0.0469116 0.998382 0.0320993 7.86787 0.996144 0.0491425 -0.0726578 5.26551
-0.0705024 0.0279369 -0.997119 -316.333 -0.0473224 0.998388 0.0313184 7.89515 0.996386 0.0493942 -0.0690667 5.09905
