1 0 0 0 0 1 0 0 0 0 1 0
0.999878 -0.00349569 0.0152332 -0.20197 0.00355076 0.999987 -0.00358958 0.076832 -0.0152205 0.00364323 0.999878 0.231652
0.999755 -0.00599644 0.0212875 -0.176005 0.006082 0.999974 -0.00395649 0.0758468 -0.0212632 0.00408499 0.999766 0.52465
0.999706 -0.00919113 0.0224456 -0.151723 0.00932059 0.999941 -0.00566966 0.075775 -0.0223921 0.0058772 0.999732 0.827241
0.999747 -0.0107516 0.0197506 -0.136792 0.0109029 0.999912 -0.0075679 0.0755569 -0.0196675 0.00778132 0.999776 1.13771
0.999836 -0.0132188 0.0123934 -0.124373 0.0133345 0.999868 -0.0093009 0.0748044 -0.0122688 0.00946463 0.99988 1.44827
0.999887 -0.0150256 -0.000731531 -0.118477 0.0150159 0.999818 -0.011789 0.0756305 0.00090853 0.0117767 0.99993 1.76737
0.999723 -0.014606 -0.018446 -0.118536 0.0143702 0.999814 -0.0128531 0.076205 0.0186303 0.0125844 0.999747 2.0866
0.999189 -0.0101958 -0.0389534 -0.131354 0.00967196 0.999861 -0.0136129 0.0790215 0.0390867 0.0132251 0.999148 2.4343
0.998252 -0.00654903 -0.0587423 -0.175312 0.00564365 0.999863 -0.0155655 0.0822346 0.0588361 0.0152067 0.998152 2.79567
0.996857 -0.00625865 -0.0789791 -0.226348 0.00495145 0.999848 -0.0167362 0.0844582 0.0790718 0.0162926 0.996736 3.15358
0.995046 -0.00758848 -0.0991299 -0.300945 0.00597206 0.999844 -0.0165927 0.0822198 0.0992404 0.0159185 0.994936 3.53616
0.993018 -0.00905304 -0.117611 -0.381084 0.00715959 0.999838 -0.0165117 0.0789762 0.117742 0.0155544 0.992922 3.90011
0.991077 -0.00788108 -0.133056 -0.493238 0.00585798 0.999861 -0.0155895 0.0615536 0.13316 0.014671 0.990986 4.28135
0.989225 -0.00662509 -0.146256 -0.610719 0.00453022 0.999882 -0.0146518 0.0441775 0.146335 0.0138313 0.989138 4.67455
0.987382 -0.00610594 -0.158238 -0.717931 0.00383738 0.999885 -0.014638 0.0287984 0.15831 0.013846 0.987292 5.09337
0.985566 -0.00737816 -0.169133 -0.820975 0.0048104 0.999867 -0.0155866 0.0149 0.169226 0.014548 0.98547 5.53049
0.983723 -0.0110843 -0.179349 -0.911991 0.00801854 0.999809 -0.01781 0.0027819 0.179512 0.016082 0.983624 6.00279
0.982206 -0.0103767 -0.187521 -1.00657 0.00682651 0.999785 -0.0195682 -0.0102418 0.187684 0.0179399 0.982066 6.47424
0.980774 -0.0104185 -0.194869 -1.10523 0.00644642 0.999758 -0.0210064 -0.0249674 0.19504 0.0193463 0.980604 6.94159
0.979177 -0.0108502 -0.20272 -1.21893 0.0061582 0.999698 -0.0237615 -0.040115 0.202917 0.0220183 0.978948 7.43792
0.977669 -0.0138628 -0.209693 -1.33504 0.00871169 0.999637 -0.0254687 -0.0568517 0.20997 0.0230731 0.977435 7.9401
0.975813 -0.0199133 -0.217696 -1.4421 0.0143474 0.999529 -0.0271182 -0.0736866 0.218134 0.0233389 0.97564 8.45915
0.974191 -0.0200256 -0.224837 -1.58436 0.0137447 0.999471 -0.0294664 -0.0976248 0.225308 0.0256156 0.973951 8.9618
0.972494 -0.0156362 -0.232401 -1.76198 0.00797599 0.999394 -0.0338646 -0.119341 0.232789 0.0310795 0.97203 9.50665
0.970356 -0.0130646 -0.241326 -1.91701 0.00427135 0.999309 -0.0369246 -0.140116 0.241642 0.0347992 0.969741 10.0657
0.968216 -0.0158292 -0.249613 -2.0834 0.00638063 0.999233 -0.0386166 -0.167774 0.250033 0.0357965 0.967575 10.6494
0.965851 -0.019012 -0.2584 -2.23976 0.00877798 0.999132 -0.0407016 -0.196014 0.258949 0.0370435 0.96518 11.2549
0.963298 -0.0192608 -0.267741 -2.40496 0.00796346 0.999034 -0.0432173 -0.224114 0.268315 0.039499 0.962521 11.8667
0.960977 -0.0183915 -0.276016 -2.5768 0.00575392 0.9989 -0.0465261 -0.257295 0.276568 0.0431223 0.960026 12.4487
0.958823 -0.0186696 -0.28339 -2.75316 0.00424542 0.998667 -0.0514276 -0.293374 0.283973 0.0481069 0.957625 13.0291
0.957466 -0.0193525 -0.287897 -2.95581 0.00241445 0.99825 -0.0590729 -0.336648 0.288537 0.0558652 0.955837 13.6194
0.955755 -0.0207978 -0.293429 -3.13489 0.00119166 0.997763 -0.0668384 -0.38025 0.294162 0.0635314 0.953641 14.2551
0.954215 -0.0207146 -0.298403 -3.32836 -0.00188845 0.997162 -0.07526 -0.432135 0.299115 0.0723777 0.951468 14.9076
0.952677 -0.0201175 -0.303319 -3.53767 -0.00557481 0.996483 -0.0836011 -0.490751 0.303934 0.0813358 0.949215 15.5656
0.951145 -0.0194934 -0.308128 -3.75033 -0.00889277 0.995861 -0.0904529 -0.553522 0.308616 0.088774 0.947035 16.2224
0.949137 -0.0180161 -0.314346 -3.97395 -0.0132345 0.995196 -0.0969977 -0.61781 0.314584 0.0962244 0.94434 16.9139
0.947333 -0.0166629 -0.319815 -4.20487 -0.0173591 0.994505 -0.103235 -0.687219 0.319778 0.10335 0.941839 17.6012
0.945334 -0.0144238 -0.325785 -4.43674 -0.0223906 0.993792 -0.10897 -0.76142 0.325334 0.110308 0.939143 18.291
0.943624 -0.0123429 -0.330789 -4.73719 -0.0266866 0.993215 -0.113188 -0.831223 0.329941 0.115634 0.936892 19.0367
0.942126 -0.0114929 -0.335061 -5.03168 -0.0289329 0.992896 -0.115411 -0.906065 0.334007 0.118426 0.935101 19.7597
0.940472 -0.0111417 -0.339689 -5.32577 -0.029791 0.992913 -0.115047 -0.993197 0.338563 0.118319 0.933475 20.4703
0.938638 -0.0108511 -0.344732 -5.62402 -0.0303444 0.993031 -0.11388 -1.0804 0.343565 0.117353 0.931768 21.186
0.936538 -0.0114231 -0.35038 -5.93084 -0.0298891 0.993227 -0.112272 -1.1707 0.34929 0.11562 0.929854 21.9125
0.933804 -0.0105301 -0.35763 -6.24288 -0.0307103 0.993518 -0.109441 -1.26172 0.356465 0.113179 0.927428 22.6458
0.930792 -0.00812078 -0.365459 -6.57431 -0.0321435 0.994062 -0.103956 -1.35616 0.364133 0.108508 0.925004 23.403
0.927206 -0.00448701 -0.374524 -6.88475 -0.0349163 0.994538 -0.0983573 -1.45248 0.37292 0.104275 0.921985 24.1502
0.92348 -0.000582004 -0.383647 -7.21174 -0.0384354 0.994827 -0.0940274 -1.54417 0.381717 0.101578 0.91868 24.9186
0.919691 0.000360503 -0.392642 -7.55947 -0.039842 0.994923 -0.092409 -1.62649 0.390615 0.100631 0.915037 25.7006
0.915727 0.000273703 -0.4018 -7.91503 -0.0405974 0.994945 -0.0918465 -1.7083 0.399743 0.100418 0.91111 26.4792
0.912016 0.000227783 -0.410155 -8.26262 -0.0409556 0.995052 -0.0905157 -1.79093 0.408105 0.0993499 0.907513 27.2364
0.908432 0.00181473 -0.418028 -8.6328 -0.0430051 0.99509 -0.0891363 -1.8727 0.415814 0.0989517 0.90405 28.0058
0.904395 0.000239427 -0.426696 -9.00798 -0.0411254 0.995393 -0.086608 -1.95589 0.424709 0.095876 0.900238 28.8089
0.900446 0.000878905 -0.434966 -9.38766 -0.0409347 0.995731 -0.082729 -2.03592 0.433037 0.0922983 0.896638 29.6031
0.896698 0.00278218 -0.442634 -9.7933 -0.0411238 0.996179 -0.0770481 -2.11358 0.440728 0.0872917 0.893386 30.41
0.892488 0.00315124 -0.451061 -10.2579 -0.0407124 0.996457 -0.0735938 -2.18842 0.44923 0.0840453 0.889454 31.2773
0.888444 0.000978882 -0.458984 -10.6653 -0.0381727 0.996691 -0.0717642 -2.25762 0.457395 0.0812792 0.885541 32.1
0.884894 -0.000348719 -0.465793 -11.079 -0.0367229 0.996835 -0.070511 -2.32547 0.464343 0.0795 0.88208 32.9198
0.881476 -0.00084437 -0.472228 -11.5033 -0.0357544 0.997008 -0.0685229 -2.39136 0.470874 0.0772855 0.878808 33.747
0.878223 -0.00300505 -0.478242 -11.9442 -0.0333391 0.997163 -0.0674882 -2.45669 0.477088 0.0752139 0.875631 34.5892
0.875664 -0.00514304 -0.482892 -12.4307 -0.031397 0.997221 -0.0675554 -2.5236 0.481898 0.0743173 0.87307 35.4509
0.870043 -0.00395143 -0.49296 -12.8863 -0.0341942 0.997075 -0.0683429 -2.61339 0.491788 0.0763177 0.867363 36.3758
0.863206 -0.00536962 -0.504823 -13.3828 -0.0327025 0.997248 -0.0665259 -2.69308 0.503791 0.0739346 0.860655 37.3647
0.861146 -0.00185945 -0.508354 -13.9628 -0.0367298 0.997152 -0.0658672 -2.79201 0.507029 0.0753931 0.858625 38.3206
0.860852 -0.000948368 -0.508854 -14.4961 -0.0367326 0.997273 -0.0640009 -2.87204 0.507527 0.073787 0.85847 39.2136
0.860631 -0.00181916 -0.509225 -15.0299 -0.035353 0.997367 -0.0633125 -2.95132 0.507999 0.0724915 0.858301 40.1067
0.860233 -0.00336232 -0.50989 -15.5679 -0.0339815 0.997377 -0.063907 -3.03099 0.508767 0.0723018 0.857862 41.0008
0.85913 -0.00551914 -0.511728 -16.1287 -0.0318374 0.997428 -0.0642088 -3.10607 0.510766 0.0714559 0.856744 41.9202
0.857646 -0.0056141 -0.514209 -16.6921 -0.0309195 0.997568 -0.0624619 -3.17917 0.513309 0.0694694 0.855387 42.8382
0.854992 -0.00490904 -0.518617 -17.2201 -0.029552 0.997869 -0.058165 -3.26026 0.517797 0.0650569 0.853025 43.755
0.851836 -0.00494639 -0.523785 -17.8038 -0.027555 0.998147 -0.054239 -3.33485 0.523083 0.0606357 0.850121 44.6916
0.847233 -0.00530317 -0.531195 -18.3725 -0.0264177 0.998292 -0.0521015 -3.41018 0.530564 0.0581751 0.845646 45.6205
0.841736 -0.00888873 -0.539816 -18.9577 -0.0241134 0.998247 -0.0540375 -3.48738 0.53935 0.0585022 0.840046 46.5289
0.835746 -0.0121556 -0.548981 -19.5505 -0.0229449 0.998108 -0.0570307 -3.56489 0.548636 0.0602596 0.833886 47.4116
0.829659 -0.0120099 -0.558141 -20.1531 -0.0231415 0.998169 -0.0558776 -3.64087 0.55779 0.0592757 0.827862 48.2881
0.823876 -0.00834915 -0.566708 -20.7741 -0.0245387 0.998428 -0.0503838 -3.71414 0.566238 0.0554164 0.822376 49.1689
0.818719 -0.00350259 -0.574183 -21.4151 -0.0277994 0.998567 -0.0457301 -3.78338 0.573521 0.0534021 0.817448 50.0528
0.814778 -0.003341 -0.579763 -22.0351 -0.029226 0.998475 -0.0468271 -3.85437 0.579036 0.0550979 0.813438 50.9067
0.810605 -0.00530824 -0.585568 -22.652 -0.0298444 0.998285 -0.0503633 -3.92827 0.584831 0.0583008 0.809057 51.7768
0.807052 -0.00734616 -0.590434 -23.3131 -0.032508 0.997853 -0.0568498 -4.00149 0.589584 0.0650747 0.805081 52.6888
0.804653 -0.00872239 -0.59368 -23.9699 -0.0317088 0.997834 -0.0576373 -4.07298 0.592897 0.0652031 0.802634 53.4336
0.801294 -0.00685518 -0.598231 -24.6247 -0.0312404 0.99809 -0.0532819 -4.14871 0.597453 0.0613835 0.79955 54.2867
0.799263 -0.00381501 -0.600968 -25.3141 -0.0316524 0.998324 -0.048434 -4.21072 0.600146 0.0577337 0.797804 55.1328
0.79689 -0.0017047 -0.604121 -25.9969 -0.0325341 0.998423 -0.0457327 -4.27124 0.603247 0.0560986 0.795578 55.9773
0.794063 -0.00141696 -0.607833 -26.668 -0.0335326 0.998372 -0.0461338 -4.3349 0.606909 0.0570154 0.792723 56.8184
0.790976 -0.002824 -0.61184 -27.34 -0.0332455 0.998313 -0.0475871 -4.39967 0.610942 0.0579812 0.789549 57.6614
0.786275 -0.00497989 -0.617856 -27.9519 -0.0324189 0.998257 -0.0493019 -4.4768 0.617024 0.0587951 0.784744 58.5034
0.781909 -0.00566597 -0.623366 -28.6208 -0.0321829 0.998258 -0.0494416 -4.54901 0.622561 0.0587207 0.780365 59.3456
0.777135 -0.00565962 -0.629308 -29.3289 -0.031862 0.998323 -0.0483248 -4.61897 0.628526 0.057606 0.775651 60.2069
0.772005 -0.00541773 -0.635593 -30.0284 -0.0319057 0.998372 -0.0472635 -4.68662 0.634815 0.0567668 0.770576 61.0515
0.766452 -0.00669047 -0.642266 -30.7531 -0.0317887 0.998325 -0.0483348 -4.75152 0.641513 0.0574632 0.764956 61.9047
0.760607 -0.00817101 -0.64916 -31.4765 -0.0311722 0.998307 -0.0490896 -4.81781 0.648463 0.0575738 0.759066 62.7529
0.754822 -0.00955506 -0.65586 -32.1913 -0.0307458 0.998279 -0.0499288 -4.88404 0.655208 0.0578524 0.753229 63.5774
0.749076 -0.0112163 -0.662388 -32.936 -0.0299482 0.998261 -0.0507713 -4.95139 0.661806 0.057869 0.747438 64.4092
0.742604 -0.013495 -0.669594 -33.6878 -0.0284697 0.998257 -0.0516928 -5.01997 0.669125 0.0574505 0.740926 65.246
0.736078 -0.014893 -0.676732 -34.4476 -0.0272872 0.998292 -0.0516498 -5.08844 0.676346 0.0564845 0.734415 66.0755
0.729398 -0.0149698 -0.683925 -35.2194 -0.026351 0.998403 -0.0499561 -5.15529 0.683582 0.0544601 0.727839 66.8987
0.722049 -0.0153471 -0.691671 -35.9597 -0.0252717 0.998501 -0.0485369 -5.23172 0.691379 0.0525258 0.72058 67.7128
0.714769 -0.0172934 -0.699146 -36.7303 -0.0233823 0.998544 -0.0486038 -5.30609 0.698968 0.0510883 0.713325 68.5271
0.707441 -0.018408 -0.706532 -37.5093 -0.0240509 0.998454 -0.0500957 -5.38201 0.706362 0.0524326 0.705905 69.3331
0.700448 -0.0176947 -0.713483 -38.3347 -0.0254923 0.998434 -0.0497881 -5.45279 0.713247 0.0530625 0.6989 70.1503
0.694275 -0.0172873 -0.719501 -39.1192 -0.0256801 0.998479 -0.0487701 -5.51999 0.719251 0.0523368 0.692776 70.9391
0.688611 -0.0163701 -0.724945 -39.8898 -0.0274141 0.998442 -0.0485863 -5.59132 0.724611 0.0533309 0.687091 71.7106
0.68303 -0.0174155 -0.730182 -40.6722 -0.0272102 0.998415 -0.0492661 -5.66439 0.729883 0.0535188 0.681473 72.483
0.677435 -0.019174 -0.735332 -41.5047 -0.0278054 0.998278 -0.0516466 -5.73707 0.735056 0.0554336 0.675736 73.2586
0.671702 -0.0218764 -0.740497 -42.383 -0.027262 0.998156 -0.0542177 -5.80767 0.740319 0.0566057 0.669868 74.0542
0.666276 -0.0223729 -0.745369 -43.2328 -0.0277483 0.998113 -0.0547632 -5.88203 0.745188 0.0571702 0.664399 74.8231
0.661215 -0.0219324 -0.749875 -44.1167 -0.0271873 0.998215 -0.0531688 -5.95762 0.749703 0.0555432 0.659439 75.5968
0.655739 -0.0219371 -0.754667 -44.9885 -0.0268738 0.998266 -0.0523691 -6.03045 0.754508 0.0546214 0.654013 76.3653
0.650257 -0.0231612 -0.75936 -45.8529 -0.0260597 0.998266 -0.0527636 -6.105 0.759266 0.0540987 0.648527 77.1271
0.644998 -0.0244583 -0.763792 -46.7138 -0.0248329 0.998288 -0.0529381 -6.17795 0.76378 0.0531123 0.643288 77.8863
0.639907 -0.0253052 -0.768034 -47.6174 -0.0235838 0.99834 -0.0525428 -6.25388 0.768089 0.0517358 0.638249 78.6534
0.635593 -0.0262758 -0.771576 -48.548 -0.0220372 0.998395 -0.0521534 -6.33162 0.771709 0.0501518 0.633995 79.4189
0.631255 -0.029178 -0.775025 -49.5018 -0.0193701 0.998387 -0.053364 -6.40639 0.775332 0.0486987 0.629673 80.1885
0.626827 -0.034031 -0.778414 -50.4512 -0.0161461 0.998263 -0.0566444 -6.48348 0.77899 0.0480747 0.62519 80.948
0.621974 -0.0381101 -0.782109 -51.4107 -0.0118812 0.99824 -0.0580903 -6.56158 0.782947 0.0454232 0.620428 81.7015
0.615415 -0.0417507 -0.787096 -52.3764 -0.00703237 0.998265 -0.0584505 -6.64008 0.788171 0.0415066 0.614055 82.4473
0.607141 -0.0456441 -0.793281 -53.3496 -0.0021835 0.998249 -0.0591088 -6.71943 0.79459 0.0376196 0.605979 83.1831
0.598153 -0.0467949 -0.800014 -54.3312 0.000745598 0.998325 -0.0578373 -6.79722 0.801381 0.0339991 0.597187 83.9081
0.589228 -0.0455492 -0.806681 -55.3625 0.00111406 0.998454 -0.055564 -6.87269 0.807965 0.0318413 0.588369 84.6425
0.580033 -0.0454677 -0.813322 -56.3757 0.000408499 0.998457 -0.0555261 -6.95297 0.814592 0.0318748 0.579157 85.3566
0.570367 -0.0468222 -0.820054 -57.3972 -0.000263142 0.998363 -0.0571861 -7.03542 0.821389 0.0328329 0.569421 86.0585
0.560325 -0.0489384 -0.826825 -58.4307 0.000153569 0.998259 -0.0589813 -7.1204 0.828272 0.0329218 0.559358 86.7494
0.550645 -0.0505776 -0.833205 -59.4776 0.000764438 0.998192 -0.0600877 -7.20717 0.834738 0.0324501 0.549689 87.4295
0.540833 -0.0513444 -0.839561 -60.5323 0.00348156 0.998263 -0.0588074 -7.29218 0.841122 0.0288821 0.540073 88.0975
0.530887 -0.0515721 -0.845871 -61.5947 0.00462869 0.998308 -0.057961 -7.37618 0.847429 0.0268555 0.530228 88.7533
0.520615 -0.0522336 -0.852191 -62.6475 0.00463608 0.998285 -0.058356 -7.46214 0.853778 0.0264303 0.519965 89.4017
0.510648 -0.0532164 -0.85814 -63.7355 0.00387596 0.998214 -0.0595966 -7.54906 0.859781 0.0271068 0.509943 90.0348
0.500991 -0.0536578 -0.863787 -64.831 0.00189898 0.998141 -0.0609025 -7.63763 0.86545 0.0288714 0.500162 90.6557
0.491329 -0.0547469 -0.869251 -65.9339 0.000828495 0.998051 -0.0623907 -7.72884 0.870973 0.0299343 0.490418 91.2676
0.481451 -0.0545513 -0.874773 -67.0239 2.48926e-05 0.998062 -0.062226 -7.81947 0.876472 0.0299371 0.48052 91.8809
0.472272 -0.0524717 -0.879888 -68.1443 -0.000857287 0.998198 -0.0599873 -7.90856 0.881452 0.0290847 0.471377 92.4883
0.463908 -0.0511526 -0.884404 -69.2706 -0.000177119 0.998326 -0.0578347 -7.99503 0.885883 0.0269867 0.463123 93.0853
0.455687 -0.0516406 -0.88864 -70.4022 9.63279e-05 0.998318 -0.0579648 -8.08184 0.89014 0.0263283 0.454926 93.6718
0.447753 -0.0549645 -0.892465 -71.5463 0.00198809 0.998167 -0.060477 -8.17043 0.894155 0.0253045 0.447043 94.2509
0.440555 -0.0585641 -0.895812 -72.6945 0.00501237 0.998014 -0.0627806 -8.26195 0.897711 0.0231683 0.439975 94.8209
0.433841 -0.0614549 -0.89889 -73.8515 0.00643472 0.997856 -0.0651154 -8.35808 0.900966 0.0224657 0.433307 95.3868
0.428122 -0.06504 -0.901376 -75.0087 0.00845022 0.997651 -0.0679733 -8.45751 0.903681 0.0214841 0.427667 95.9407
0.423055 -0.0662328 -0.903679 -76.1756 0.0111953 0.99763 -0.0678777 -8.55838 0.906035 0.0185991 0.422794 96.494
0.41824 -0.064216 -0.906063 -77.3455 0.0135185 0.997827 -0.0644796 -8.65467 0.908236 0.0147194 0.4182 97.0416
0.413812 -0.0625304 -0.908211 -78.4883 0.0168246 0.997992 -0.0610461 -8.75099 0.910206 0.00998135 0.414035 97.5865
0.410161 -0.0620792 -0.909897 -79.6618 0.018435 0.99804 -0.0597829 -8.84665 0.911827 0.00774672 0.410502 98.1175
0.4069 -0.06196 -0.911368 -80.8192 0.0201621 0.998062 -0.0588523 -8.94205 0.91325 0.00557192 0.407362 98.6405
0.403905 -0.061041 -0.912762 -81.967 0.0225404 0.998132 -0.0567758 -9.0352 0.914523 0.00235804 0.404527 99.1579
0.401798 -0.0599263 -0.913764 -83.1097 0.0237812 0.998202 -0.0550069 -9.12704 0.915419 0.000371286 0.402502 99.6629
0.400443 -0.0610683 -0.914284 -84.2526 0.0261187 0.998131 -0.0552293 -9.2149 0.915949 -0.00176373 0.401291 100.15
0.398024 -0.0614537 -0.915314 -85.3753 0.0285966 0.998099 -0.0545768 -9.30231 0.916929 -0.00445194 0.399025 100.651
0.395485 -0.0609435 -0.916447 -86.4868 0.0319043 0.998105 -0.0526058 -9.38474 0.917918 -0.0084338 0.396681 101.145
0.392926 -0.0605307 -0.917575 -87.5995 0.0339587 0.998105 -0.0513013 -9.46553 0.918942 -0.011002 0.394238 101.637
0.390733 -0.0620161 -0.918412 -88.675 0.0365149 0.997986 -0.0518544 -9.54633 0.919779 -0.0132745 0.392212 102.116
0.389114 -0.0633058 -0.919011 -89.7757 0.0374317 0.997898 -0.0528912 -9.63009 0.920428 -0.0138194 0.390667 102.591
0.388101 -0.064807 -0.919335 -90.8644 0.0370993 0.997814 -0.0546777 -9.71034 0.920869 -0.0128861 0.389657 103.059
0.387605 -0.0660294 -0.919457 -91.9533 0.0374856 0.997734 -0.0558485 -9.79182 0.921062 -0.0128192 0.389203 103.528
0.388776 -0.0660524 -0.918961 -92.9972 0.0359984 0.997753 -0.0564864 -9.87391 0.920628 -0.0111206 0.390281 103.992
0.391832 -0.0665104 -0.917629 -94.0244 0.0346132 0.997742 -0.0575372 -9.95799 0.919385 -0.00921709 0.39325 104.457
0.396234 -0.0670758 -0.915696 -95.0553 0.034213 0.997713 -0.0582793 -10.0443 0.917511 -0.00823645 0.397623 104.915
0.402594 -0.0675778 -0.91288 -96.1443 0.0344352 0.997682 -0.0586691 -10.1259 0.91473 -0.00781534 0.403989 105.368
0.410128 -0.0667833 -0.909579 -97.2036 0.0341681 0.997739 -0.05785 -10.2057 0.911387 -0.00735259 0.411484 105.816
0.418388 -0.0659649 -0.905869 -98.2279 0.033387 0.997801 -0.0572392 -10.2857 0.907654 -0.00629605 0.419671 106.278
0.427142 -0.0653606 -0.901818 -99.2538 0.032797 0.997846 -0.0567864 -10.365 0.903589 -0.00532106 0.428367 106.757
0.435361 -0.0643667 -0.897951 -100.225 0.0316503 0.997917 -0.0561873 -10.4513 0.899699 -0.00395865 0.436492 107.256
0.444013 -0.0645349 -0.893693 -101.192 0.0303091 0.997913 -0.0570025 -10.5386 0.895507 -0.00177717 0.445043 107.764
0.454419 -0.0659945 -0.888339 -102.185 0.0284126 0.997817 -0.0595937 -10.6192 0.890334 0.00184058 0.455303 108.261
0.466241 -0.0667943 -0.882132 -103.17 0.0267353 0.997753 -0.0614185 -10.7017 0.884253 0.0050518 0.46698 108.768
0.477273 -0.0643397 -0.876396 -104.086 0.0239737 0.997897 -0.0602041 -10.7892 0.878427 0.00772341 0.477813 109.298
0.489054 -0.0611785 -0.870105 -105.015 0.0216717 0.99808 -0.057996 -10.8747 0.871984 0.00950652 0.489442 109.848
0.500225 -0.0585239 -0.863915 -105.952 0.0205748 0.998234 -0.0557099 -10.959 0.86565 0.0100927 0.500547 110.415
0.510849 -0.0579008 -0.857717 -106.865 0.0208912 0.99827 -0.0549464 -11.0407 0.859416 0.0101506 0.511176 110.985
0.522833 -0.0587787 -0.850406 -107.815 0.0207579 0.998201 -0.0562322 -11.1121 0.852182 0.0117475 0.523113 111.552
0.534447 -0.059877 -0.843078 -108.744 0.0204229 0.99811 -0.0579413 -11.1866 0.844955 0.0137485 0.53466 112.126
0.546106 -0.0620486 -0.835414 -109.641 0.0226602 0.997981 -0.0593102 -11.26 0.837409 0.013459 0.54641 112.697
0.556934 -0.0618686 -0.828248 -110.531 0.0229519 0.997986 -0.0591144 -11.3404 0.830239 0.013913 0.557234 113.294
0.56699 -0.0596373 -0.821562 -111.376 0.022118 0.998117 -0.0571892 -11.4182 0.823427 0.0142545 0.567243 113.897
0.577807 -0.0564732 -0.814216 -112.229 0.0218997 0.998316 -0.0537012 -11.4905 0.815879 0.0131979 0.578072 114.481
0.589073 -0.0544575 -0.806242 -113.056 0.0199959 0.998402 -0.0528273 -11.5586 0.807831 0.0149977 0.589222 115.048
0.600215 -0.0538648 -0.798022 -113.884 0.0174942 0.998374 -0.0542304 -11.6289 0.799647 0.0185893 0.600182 115.634
0.61027 -0.0534859 -0.790385 -114.704 0.0159395 0.998344 -0.0552516 -11.7015 0.792032 0.0211201 0.610113 116.246
0.62009 -0.0528165 -0.78275 -115.515 0.0155482 0.998361 -0.0550479 -11.774 0.784376 0.0219644 0.619896 116.868
0.629368 -0.051164 -0.77542 -116.288 0.0163185 0.998479 -0.0526373 -11.8446 0.776935 0.0204746 0.629247 117.491
0.638015 -0.0492835 -0.768444 -117.041 0.0165616 0.998596 -0.0502936 -11.9149 0.769845 0.0193615 0.637936 118.124
0.645861 -0.0487553 -0.761896 -117.767 0.0173568 0.998637 -0.0491917 -11.985 0.763257 0.018547 0.645829 118.757
0.653425 -0.0478211 -0.755479 -118.501 0.0164222 0.998662 -0.0490108 -12.0521 0.756812 0.0196183 0.653337 119.402
0.660388 -0.0469903 -0.749452 -119.221 0.0161516 0.998697 -0.0483859 -12.1164 0.750749 0.0198487 0.660288 120.053
0.668024 -0.0440985 -0.742831 -119.934 0.0153806 0.998846 -0.0454654 -12.1807 0.74398 0.0189468 0.667933 120.687
0.675306 -0.0411635 -0.736387 -120.627 0.0146479 0.998992 -0.0424102 -12.2441 0.737391 0.0178534 0.675229 121.33
0.682266 -0.0396873 -0.730026 -121.301 0.0140889 0.999053 -0.0411457 -12.3037 0.730968 0.0177871 0.68218 121.976
0.689846 -0.0391709 -0.722895 -121.959 0.0137383 0.999063 -0.0410253 -12.3544 0.723825 0.0183698 0.689738 122.613
0.697658 -0.0367961 -0.715485 -122.598 0.0120069 0.999139 -0.0396764 -12.4034 0.71633 0.0190899 0.6975 123.251
0.70685 -0.034535 -0.706519 -123.238 0.0123298 0.999256 -0.0365088 -12.4515 0.707255 0.0170951 0.706751 123.893
0.716685 -0.0312044 -0.696698 -123.848 0.0115143 0.999391 -0.0329172 -12.4994 0.697301 0.0155693 0.716609 124.52
0.727357 -0.0295571 -0.685622 -124.458 0.0104141 0.999431 -0.0320375 -12.5388 0.68618 0.0161626 0.727252 125.162
0.738084 -0.0289254 -0.674088 -125.053 0.00904209 0.999414 -0.032985 -12.5764 0.674647 0.0182506 0.737914 125.8
0.748639 -0.0301053 -0.662293 -125.606 0.0093726 0.999348 -0.0348322 -12.6172 0.66291 0.0198694 0.748435 126.433
0.759522 -0.0290467 -0.649832 -126.148 0.00884228 0.99937 -0.034336 -12.6576 0.65042 0.020333 0.759302 127.076
0.770424 -0.0273561 -0.636943 -126.685 0.00848625 0.999429 -0.0326601 -12.6972 0.637474 0.0197569 0.770218 127.73
0.781186 -0.0248143 -0.623804 -127.211 0.00797834 0.999524 -0.029769 -12.7343 0.624246 0.0182783 0.781014 128.394
0.791783 -0.0233152 -0.610356 -127.755 0.00829151 0.999588 -0.0274277 -12.772 0.610745 0.016656 0.791652 129.079
0.801744 -0.0217105 -0.597272 -128.288 0.0087133 0.999657 -0.0246409 -12.8074 0.597603 0.0145515 0.80166 129.774
0.81069 -0.0208044 -0.585105 -128.81 0.00937141 0.9997 -0.0225617 -12.841 0.5854 0.0128073 0.810643 130.477
0.818381 -0.02201 -0.574253 -129.267 0.0119401 0.999701 -0.0213006 -12.8623 0.574551 0.0105754 0.8184 131.142
0.825308 -0.0221195 -0.564249 -129.763 0.0123361 0.999699 -0.0211465 -12.8885 0.564548 0.0104918 0.825333 131.873
0.832242 -0.021613 -0.55399 -130.246 0.0117987 0.999703 -0.0212772 -12.9144 0.554285 0.0111715 0.832251 132.605
0.839159 -0.0198192 -0.543524 -130.719 0.0103664 0.999736 -0.0204499 -12.9397 0.543787 0.0115263 0.839144 133.342
0.845799 -0.0188161 -0.533169 -131.183 0.00956472 0.999751 -0.0201094 -12.9646 0.533415 0.0119089 0.84577 134.086
0.851987 -0.0195313 -0.523198 -131.633 0.0105212 0.99974 -0.0201883 -12.9908 0.523457 0.0116955 0.851972 134.828
0.857323 -0.0212967 -0.514337 -132.075 0.0120721 0.9997 -0.0212715 -13.0157 0.514636 0.0120274 0.857324 135.582
0.861905 -0.022228 -0.506582 -132.515 0.0130461 0.999679 -0.0216678 -13.041 0.506902 0.0120667 0.861919 136.342
0.865224 -0.0222878 -0.500888 -132.951 0.0134953 0.999684 -0.0211712 -13.061 0.501202 0.0115583 0.865253 137.121
0.86842 -0.0207454 -0.495393 -133.378 0.0136117 0.999744 -0.018005 -13.082 0.495641 0.00889275 0.868482 137.901
0.871543 -0.0168591 -0.490028 -133.812 0.0116364 0.999837 -0.0137029 -13.1074 0.49018 0.00624052 0.871599 138.696
0.87506 -0.0143622 -0.483799 -134.244 0.0104883 0.999886 -0.0107128 -13.1318 0.483899 0.0043001 0.875113 139.496
0.878805 -0.0112443 -0.477048 -134.704 0.00815139 0.999929 -0.00855297 -13.1526 0.477111 0.0036278 0.878835 140.314
0.882685 -0.00914715 -0.469876 -135.159 0.00699221 0.999954 -0.00633133 -13.171 0.469913 0.00230312 0.88271 141.139
0.886444 -0.00770095 -0.46277 -135.631 0.00685363 0.999969 -0.00351249 -13.1874 0.462783 -5.80186e-05 0.886471 142.002
0.890402 -0.00773824 -0.455107 -136.076 0.00795851 0.999966 -0.00143223 -13.2015 0.455103 -0.00234671 0.890435 142.852
0.894593 -0.0076553 -0.446814 -136.526 0.00833732 0.999964 -0.000440064 -13.2147 0.446802 -0.00333155 0.894626 143.723
0.899021 -0.00825797 -0.437826 -136.966 0.00902361 0.999958 -0.000331918 -13.2278 0.437811 -0.00365237 0.899059 144.598
0.903797 -0.0104593 -0.427832 -137.399 0.0111899 0.999936 -0.000807174 -13.2414 0.427814 -0.00405786 0.903857 145.479
0.90894 -0.0118418 -0.416756 -137.824 0.0122338 0.999923 -0.00173066 -13.2557 0.416745 -0.00352542 0.909016 146.366
0.914632 -0.0129068 -0.404079 -138.287 0.0126001 0.999914 -0.00341839 -13.2732 0.404088 -0.00196487 0.914717 147.304
0.921018 -0.0107781 -0.389369 -138.703 0.00998864 0.999941 -0.00405228 -13.2882 0.38939 -0.000157027 0.921073 148.231
0.928232 -0.00690599 -0.371937 -139.101 0.00637572 0.999975 -0.00265578 -13.3014 0.371946 9.38259e-05 0.928254 149.169
0.935784 -0.00409182 -0.352549 -139.488 0.00455495 0.999988 0.000483813 -13.3098 0.352543 -0.00205858 0.935793 150.148
0.942506 -0.00164579 -0.334182 -139.827 0.00238205 0.999995 0.00179305 -13.3081 0.334178 -0.002486 0.942506 151.165
0.949087 -0.00077198 -0.315012 -140.126 0.0014716 0.999996 0.00198273 -13.3091 0.31501 -0.00234534 0.949085 152.179
0.955131 -0.00112152 -0.296178 -140.401 0.00204228 0.999993 0.00279906 -13.2995 0.296173 -0.00327834 0.955128 153.223
0.96097 -0.00160693 -0.276644 -140.654 0.00303244 0.999983 0.00472471 -13.2881 0.276632 -0.00537921 0.960961 154.271
0.967046 8.29858e-05 -0.254597 -140.95 0.00205918 0.999964 0.00814698 -13.2859 0.254588 -0.00840277 0.967013 155.359
0.972638 0.00341438 -0.232299 -141.222 -0.000724648 0.999931 0.0116626 -13.2783 0.232323 -0.0111752 0.972574 156.453
0.977683 0.00518486 -0.210019 -141.471 -0.00217893 0.999891 0.014541 -13.271 0.210072 -0.0137588 0.977589 157.578
0.981842 0.00555427 -0.189616 -141.661 -0.00290074 0.999893 0.0142683 -13.2609 0.189675 -0.0134592 0.981754 158.707
0.985312 0.00445494 -0.170699 -141.791 -0.00242489 0.999923 0.0120986 -13.2574 0.170739 -0.0115069 0.985249 159.832
0.988483 0.00397793 -0.151277 -141.965 -0.00219443 0.999925 0.011954 -13.255 0.151313 -0.0114844 0.988419 161.02
0.991101 0.00175347 -0.133095 -142.083 0.000127694 0.999899 0.0141232 -13.2552 0.133107 -0.0140145 0.991002 162.188
0.993434 0.0031912 -0.11436 -142.207 -0.00136145 0.999869 0.0160735 -13.2564 0.114396 -0.0158123 0.993309 163.399
0.995446 0.00293106 -0.0952717 -142.306 -0.00122936 0.999838 0.0179142 -13.2554 0.0953086 -0.0177155 0.99529 164.612
0.997066 0.00512631 -0.0763658 -142.374 -0.00366574 0.999807 0.0192524 -13.2529 0.0764496 -0.018916 0.996894 165.819
0.998464 0.00740569 -0.0548872 -142.481 -0.00633557 0.999786 0.0196431 -13.234 0.0550208 -0.0192652 0.998299 167.105
0.999388 0.00918125 -0.0337429 -142.548 -0.00853497 0.999777 0.0192443 -13.2186 0.0339119 -0.0189446 0.999245 168.374
0.999778 0.00905961 -0.0189887 -142.474 -0.00870944 0.999791 0.0184374 -13.2125 0.0191516 -0.018268 0.999649 169.606
0.999961 0.00680979 -0.00544149 -142.413 -0.00671696 0.999834 0.0168789 -13.2011 0.00555531 -0.0168417 0.999842 170.926
0.999875 0.00968719 0.0124608 -142.395 -0.00988702 0.999821 0.0160852 -13.2097 -0.012303 -0.0162064 0.999792 172.229
0.999478 0.0101261 0.030642 -142.351 -0.0105965 0.999827 0.0152334 -13.2131 -0.0304827 -0.0155501 0.999414 173.529
0.998766 0.00942843 0.0487449 -142.288 -0.010083 0.999861 0.0132026 -13.2144 -0.0486139 -0.0136779 0.998724 174.847
0.99771 0.0107465 0.0667603 -142.193 -0.011348 0.999897 0.00863902 -13.2268 -0.0666609 -0.00937685 0.997731 176.149
0.996179 0.0125087 0.0864225 -142.109 -0.0127649 0.999915 0.00241384 -13.2373 -0.0863853 -0.0035078 0.996255 177.487
0.994574 0.014213 0.103047 -141.969 -0.0140185 0.999897 -0.00261045 -13.2475 -0.103074 0.00115173 0.994673 178.831
0.992869 0.0156179 0.11818 -141.791 -0.0149718 0.999867 -0.0063521 -13.2645 -0.118264 0.00453744 0.992971 180.196
0.990629 0.0158758 0.135651 -141.608 -0.0147647 0.999848 -0.00919232 -13.2929 -0.135777 0.00710334 0.990714 181.563
0.98814 0.0143187 0.152885 -141.402 -0.0131255 0.999874 -0.00881055 -13.317 -0.152992 0.00669937 0.988204 182.944
0.985494 0.0127161 0.169229 -141.152 -0.011167 0.999886 -0.0101022 -13.3308 -0.169338 0.00806593 0.985524 184.323
0.982783 0.0118025 0.184383 -140.879 -0.00906954 0.999835 -0.0156581 -13.3518 -0.184538 0.0137162 0.982729 185.684
0.979376 0.0122453 0.201673 -140.619 -0.0085915 0.999782 -0.0189823 -13.4001 -0.201862 0.0168581 0.979268 187.059
0.97594 0.0152187 0.217506 -140.312 -0.0114323 0.99976 -0.0186556 -13.4479 -0.217738 0.0157201 0.97588 188.437
0.972199 0.0153742 0.233646 -139.969 -0.0116424 0.999781 -0.0173425 -13.5 -0.233862 0.0141402 0.972166 189.839
0.967924 0.0170136 0.250665 -139.623 -0.0126064 0.999736 -0.0191766 -13.5598 -0.250926 0.0154015 0.967883 191.223
0.963451 0.0177611 0.267293 -139.203 -0.0120129 0.999659 -0.0231245 -13.5845 -0.267614 0.0190683 0.963337 192.65
0.958761 0.0294049 0.282687 -138.822 -0.0237881 0.999445 -0.0232815 -13.6136 -0.283215 0.0155968 0.958929 194.009
0.954129 0.0245726 0.298383 -138.346 -0.0163481 0.999414 -0.0300282 -13.6628 -0.298946 0.0237728 0.953973 195.422
0.948032 0.027135 0.317012 -137.862 -0.0166341 0.99922 -0.0357843 -13.7191 -0.317737 0.0286515 0.947746 196.852
0.940557 0.0333501 0.337993 -137.356 -0.0212665 0.998996 -0.039392 -13.7697 -0.338968 0.0298625 0.940323 198.28
0.93159 0.039455 0.36136 -136.841 -0.026613 0.998826 -0.0404475 -13.83 -0.362532 0.0280636 0.931548 199.66
0.921403 0.0448677 0.386007 -136.254 -0.0305637 0.998601 -0.0431167 -13.9008 -0.387402 0.0279301 0.921487 201.066
0.91036 0.0474931 0.41108 -135.651 -0.0309653 0.998424 -0.0467759 -13.9718 -0.412655 0.0298538 0.910398 202.431
0.898996 0.0504257 0.435043 -134.987 -0.03174 0.998238 -0.050116 -14.0482 -0.436804 0.0312459 0.899013 203.786
0.886983 0.0496302 0.459125 -134.297 -0.0290103 0.998232 -0.0518611 -14.1447 -0.460888 0.0326806 0.886856 205.15
0.874024 0.0517159 0.483121 -133.573 -0.0292086 0.998112 -0.0540012 -14.2317 -0.485002 0.0330871 0.873886 206.51
0.86109 0.0546626 0.505504 -132.816 -0.0281686 0.997805 -0.059914 -14.3131 -0.507671 0.037352 0.86074 207.786
0.847591 0.0567294 0.527607 -132.002 -0.0270037 0.997591 -0.0638819 -14.456 -0.529962 0.0398984 0.847082 209.102
0.834482 0.0579907 0.547974 -131.164 -0.0248907 0.997397 -0.067647 -14.5588 -0.550472 0.0428108 0.833755 210.379
0.821605 0.0578598 0.567111 -130.295 -0.0209624 0.997228 -0.0713731 -14.6658 -0.56967 0.0467526 0.820542 211.636
0.808764 0.0583352 0.585232 -129.395 -0.019077 0.997146 -0.0730306 -14.7914 -0.587824 0.0479 0.807569 212.879
0.796194 0.0583186 0.602223 -128.479 -0.0164896 0.997064 -0.0747537 -14.9219 -0.604816 0.0495881 0.794819 214.092
0.78331 0.0582159 0.618898 -127.509 -0.0131139 0.99693 -0.0771772 -15.0598 -0.621492 0.0523375 0.78167 215.344
0.770338 0.0597045 0.634833 -126.514 -0.0106802 0.996674 -0.0807747 -15.195 -0.637546 0.0554438 0.768414 216.581
0.757431 0.0613657 0.650024 -125.495 -0.00792773 0.996363 -0.0848241 -15.3369 -0.652867 0.0590952 0.755163 217.797
0.741902 0.0634606 0.667498 -124.501 -0.00704092 0.996192 -0.0868845 -15.4908 -0.670471 0.05976 0.739524 218.974
0.727426 0.0642961 0.683167 -123.466 -0.00607161 0.996163 -0.0872887 -15.6504 -0.686159 0.0593481 0.725026 220.156
0.711803 0.0671154 0.699164 -122.429 -0.008035 0.996136 -0.0874425 -15.7967 -0.702332 0.0566241 0.709593 221.276
0.695795 0.0683223 0.714982 -121.354 -0.00930014 0.996237 -0.0861478 -15.9414 -0.718179 0.0532918 0.693814 222.371
0.679308 0.0708981 0.73042 -120.25 -0.0125492 0.996297 -0.0850344 -16.0894 -0.733746 0.0485983 0.677683 223.448
0.663491 0.0734621 0.744568 -119.136 -0.0150304 0.996274 -0.0849026 -16.2367 -0.748033 0.045141 0.662124 224.458
0.648687 0.0762555 0.757224 -117.991 -0.0152196 0.996067 -0.0872698 -16.3869 -0.760902 0.0450862 0.647297 225.432
0.633916 0.0800531 0.769247 -116.836 -0.017476 0.995856 -0.089234 -16.5449 -0.773204 0.0431234 0.632689 226.364
0.61815 0.0805929 0.781917 -115.676 -0.0178915 0.995914 -0.0885053 -16.7055 -0.785856 0.0407199 0.617067 227.247
0.601254 0.079898 0.795052 -114.497 -0.0189789 0.996134 -0.0857527 -16.8621 -0.798832 0.03647 0.600447 228.104
0.585586 0.0783042 0.806818 -113.293 -0.0194883 0.996394 -0.0825585 -17.0194 -0.810375 0.0326216 0.585002 228.911
0.567115 0.0772982 0.820003 -112.11 -0.0210296 0.996619 -0.0794029 -17.1789 -0.82337 0.0277862 0.566824 229.715
0.549058 0.0759392 0.832326 -110.906 -0.0206039 0.996789 -0.0773526 -17.3323 -0.83553 0.0253218 0.548861 230.501
0.529182 0.075615 0.845132 -109.712 -0.0208938 0.996879 -0.0761092 -17.4865 -0.848251 0.0226175 0.529111 231.28
0.510222 0.0744331 0.856815 -108.524 -0.018819 0.996974 -0.0754025 -17.6288 -0.859836 0.0223476 0.51008 231.99
0.493422 0.0750514 0.866545 -107.299 -0.0169442 0.996909 -0.0766939 -17.7589 -0.869624 0.0231595 0.49317 232.653
0.475696 0.0740112 0.87649 -106.086 -0.0130925 0.996938 -0.0770761 -17.8947 -0.879512 0.0251893 0.475209 233.295
0.458426 0.0724292 0.885776 -104.865 -0.0110654 0.99706 -0.0758019 -18.018 -0.888663 0.024948 0.45788 233.89
0.440742 0.0721872 0.894726 -103.642 -0.00955668 0.997081 -0.0757375 -18.1443 -0.897583 0.0248301 0.440146 234.481
0.421044 0.0764428 0.903812 -102.486 -0.00969194 0.996763 -0.0797893 -18.2814 -0.906988 0.0248351 0.420422 235.073
0.403572 0.0852579 0.910966 -101.254 -0.0104697 0.996013 -0.0885791 -18.4253 -0.914887 0.0262105 0.402856 235.616
0.385843 0.0917649 0.917988 -100.053 -0.0134605 0.995493 -0.0938548 -18.6097 -0.922466 0.0238566 0.38534 236.114
0.367007 0.0955943 0.925292 -98.8133 -0.0165046 0.995217 -0.096272 -18.7729 -0.930071 0.0200609 0.36683 236.637
0.347866 0.0970199 0.93251 -97.5877 -0.0189132 0.995154 -0.0964819 -18.9262 -0.937353 0.015926 0.348016 237.121
0.328959 0.0977653 0.939269 -96.3651 -0.0226059 0.995155 -0.0956651 -19.0734 -0.944073 0.0102369 0.329576 237.576
0.310298 0.0984865 0.945523 -95.181 -0.0246689 0.995117 -0.0955564 -19.2221 -0.950319 0.00632587 0.311212 237.991
0.29178 0.0968291 0.951571 -93.9871 -0.0247178 0.995292 -0.0936988 -19.369 -0.956166 0.00381864 0.2928 238.382
0.273804 0.0967341 0.956908 -92.7858 -0.024558 0.995307 -0.0935889 -19.5142 -0.961472 0.00212522 0.274895 238.743
0.25603 0.0975859 0.96173 -91.5797 -0.0229853 0.995223 -0.0948653 -19.6438 -0.966395 0.00218264 0.25705 239.078
0.237913 0.101845 0.965932 -90.3681 -0.0263805 0.994797 -0.0983905 -19.778 -0.970928 -0.00207352 0.239362 239.391
0.220286 0.103714 0.969905 -89.1527 -0.0257984 0.994601 -0.100496 -19.9137 -0.975094 -0.00288427 0.221773 239.682
0.203336 0.101473 0.973836 -87.9952 -0.0264988 0.99482 -0.0981265 -20.053 -0.97875 -0.00585301 0.204971 239.948
0.190182 0.0971186 0.976933 -86.8167 -0.0232267 0.99526 -0.0944189 -20.1883 -0.981474 -0.00473421 0.191536 240.148
0.17724 0.0935523 0.979711 -85.6522 -0.0217035 0.9956 -0.0911431 -20.3123 -0.983928 -0.00510906 0.17849 240.356
0.164942 0.0900262 0.982185 -84.4974 -0.0200459 0.995925 -0.0879191 -20.4466 -0.986099 -0.00518728 0.166075 240.565
0.154625 0.0898687 0.983877 -83.3388 -0.0195341 0.995936 -0.0879002 -20.5801 -0.98778 -0.00562761 0.155752 240.761
0.145694 0.0918464 0.985056 -82.2763 -0.0197591 0.995752 -0.0899211 -20.7108 -0.989132 -0.00636293 0.14689 240.955
0.139297 0.093922 0.985786 -81.1391 -0.0209065 0.995548 -0.0918978 -20.8311 -0.99003 -0.00780833 0.14064 241.121
0.13354 0.0982613 0.986159 -80.0358 -0.0215643 0.995124 -0.0962344 -20.9577 -0.990808 -0.0084148 0.135007 241.282
0.128296 0.106536 0.985996 -78.9308 -0.0204596 0.994285 -0.10477 -21.0934 -0.991524 -0.00673163 0.129743 241.437
0.12356 0.108828 0.986351 -77.8253 -0.0226252 0.994017 -0.10684 -21.2309 -0.992079 -0.00911546 0.125283 241.587
0.120158 0.100818 0.987621 -76.7452 -0.0215861 0.994859 -0.09893 -21.356 -0.99252 -0.00943183 0.121716 241.727
0.116965 0.0913502 0.988925 -75.691 -0.0206674 0.995768 -0.0895377 -21.472 -0.992921 -0.00996586 0.118358 241.881
0.114871 0.0877131 0.9895 -74.6342 -0.0200594 0.996094 -0.0859689 -21.5852 -0.993177 -0.00997351 0.116182 242.032
0.114061 0.0895991 0.989424 -73.5742 -0.0211295 0.995917 -0.0877512 -21.6989 -0.993249 -0.0108971 0.115488 242.181
0.11411 0.0924984 0.989152 -72.5411 -0.0205209 0.995662 -0.0907398 -21.8119 -0.993256 -0.00994404 0.115513 242.318
0.115667 0.0950505 0.988729 -71.5001 -0.0229401 0.9954 -0.0930081 -21.9273 -0.993023 -0.0119237 0.117315 242.453
0.11795 0.0959244 0.988375 -70.4755 -0.0247347 0.995297 -0.0936444 -22.0404 -0.992711 -0.0134019 0.119767 242.587
0.121456 0.0975982 0.987786 -69.4489 -0.025352 0.995133 -0.0952068 -22.152 -0.992273 -0.013479 0.123339 242.72
0.12548 0.0987686 0.987167 -68.4333 -0.0274455 0.994995 -0.0960632 -22.264 -0.991716 -0.0150394 0.127562 242.858
0.130431 0.100105 0.98639 -67.4421 -0.0288759 0.99485 -0.0971457 -22.3751 -0.991036 -0.0158122 0.13265 243.001
0.136987 0.0993099 0.985581 -66.4192 -0.0297327 0.994924 -0.0961187 -22.4828 -0.990126 -0.0161371 0.139244 243.146
0.143231 0.0977628 0.984848 -65.4436 -0.0285843 0.995101 -0.0946234 -22.5947 -0.989276 -0.0145983 0.145324 243.308
0.149665 0.0966957 0.983996 -64.4762 -0.0269183 0.995234 -0.0937057 -22.7069 -0.98837 -0.0124631 0.151555 243.476
0.157578 0.0972162 0.982709 -63.4881 -0.025265 0.995212 -0.0944018 -22.8191 -0.987183 -0.00995263 0.159279 243.634
0.164821 0.0971154 0.98153 -62.4829 -0.0259575 0.995222 -0.0941112 -22.9257 -0.985982 -0.00996667 0.166555 243.807
0.171668 0.0961432 0.980451 -61.516 -0.0270275 0.99531 -0.092868 -23.032 -0.984784 -0.0105568 0.173461 243.981
0.17876 0.0943493 0.979358 -60.5255 -0.0274351 0.995481 -0.0908949 -23.1357 -0.98351 -0.0106205 0.180541 244.164
0.185626 0.092861 0.978222 -59.5484 -0.0274571 0.995624 -0.0893027 -23.2393 -0.982237 -0.0102824 0.187364 244.355
0.192403 0.0932053 0.976879 -58.5822 -0.0274484 0.995599 -0.0895852 -23.3439 -0.980932 -0.00957747 0.194114 244.553
0.199648 0.0951198 0.975239 -57.6263 -0.0265983 0.995435 -0.0916444 -23.4484 -0.979506 -0.00764318 0.201267 244.751
0.205599 0.0963236 0.973884 -56.6741 -0.0261689 0.995328 -0.0929199 -23.5512 -0.978286 -0.00638139 0.207159 244.969
0.211799 0.0981679 0.97237 -55.7155 -0.0276637 0.995144 -0.0944415 -23.6556 -0.976921 -0.00689682 0.213486 245.193
0.217626 0.0988564 0.971012 -54.7821 -0.0298329 0.995065 -0.0946189 -23.7619 -0.975576 -0.00837668 0.219501 245.422
0.224319 0.0985059 0.969524 -53.8356 -0.030035 0.995103 -0.0941556 -23.8661 -0.974052 -0.00799889 0.226179 245.653
0.230926 0.0963699 0.968186 -52.8729 -0.0306287 0.995308 -0.0917641 -23.9684 -0.972489 -0.0084637 0.232794 245.888
0.237443 0.0950326 0.966741 -51.9206 -0.0305812 0.995439 -0.0903425 -24.0685 -0.97092 -0.00811293 0.239267 246.13
0.244983 0.0943018 0.96493 -51.0011 -0.0303475 0.995515 -0.0895861 -24.1708 -0.969052 -0.00733622 0.246746 246.359
0.251856 0.095367 0.963054 -50.075 -0.0305575 0.995418 -0.0905805 -24.2715 -0.967282 -0.00661537 0.253617 246.609
0.25896 0.0955526 0.961149 -49.1564 -0.0286398 0.995415 -0.0912428 -24.3674 -0.965463 -0.00389898 0.26051 246.864
0.266728 0.0971879 0.958858 -48.2448 -0.0273789 0.995263 -0.0932618 -24.4637 -0.963382 -0.00137704 0.268126 247.135
0.275413 0.0995162 0.95616 -47.336 -0.0270114 0.995034 -0.0957817 -24.5625 -0.960946 0.000552234 0.276734 247.414
0.284439 0.100764 0.953383 -46.4193 -0.0273592 0.994907 -0.0969903 -24.6636 -0.958303 0.00150389 0.285747 247.701
0.292072 0.100046 0.951148 -45.502 -0.0291327 0.994981 -0.0957101 -24.7669 -0.955952 0.000244693 0.293521 247.986
