1 0 0 0 0 1 0 0 0 0 1 0
0.99992 -0.00234863 0.0124618 0.134548 0.00232973 0.999996 0.00153094 -0.00964285 -0.0124653 -0.00150178 0.999921 0.0497654
0.999473 0.000659915 0.032445 0.269103 -0.000746193 0.999996 0.00264715 -0.019754 -0.0324431 -0.00266997 0.99947 0.0975327
0.998186 -0.00177093 0.0601855 0.327714 0.00127914 0.999966 0.00820877 -0.0561064 -0.060198 -0.0081169 0.998154 0.168917
0.995468 -0.00198819 0.095078 0.368786 0.000944368 0.999939 0.0110223 -0.0619532 -0.0950941 -0.0108826 0.995409 0.330193
0.990927 -0.00530417 0.134297 0.416386 0.00349365 0.9999 0.0137136 -0.0674518 -0.134356 -0.01312 0.990846 0.533733
0.984639 -0.00824632 0.174408 0.489673 0.00579309 0.999877 0.0145705 -0.069921 -0.174507 -0.0133363 0.984566 0.741871
0.975833 -0.00852749 0.21835 0.577145 0.00509955 0.999855 0.016258 -0.0743992 -0.218457 -0.0147517 0.975735 0.970805
0.963664 -0.00778087 0.267005 0.666157 0.00266217 0.999806 0.0195274 -0.0685749 -0.267105 -0.018107 0.963497 1.22108
0.949099 -0.0119303 0.314752 0.795116 0.00371311 0.999637 0.0266936 -0.0603711 -0.314956 -0.0241662 0.948799 1.46248
0.931837 -0.0204068 0.362302 0.940016 0.00841015 0.999364 0.0346587 -0.0533444 -0.362779 -0.0292493 0.931416 1.71206
0.910356 -0.0257075 0.413026 1.11566 0.0106484 0.999193 0.0387213 -0.0399228 -0.413689 -0.0308521 0.909896 1.96394
0.885265 -0.0267478 0.464317 1.30484 0.0078393 0.999061 0.0426064 -0.0257302 -0.46502 -0.0340781 0.884644 2.20508
0.857125 -0.0289603 0.514294 1.5076 0.00555111 0.99888 0.0469962 -0.0101946 -0.515079 -0.0374267 0.856325 2.43514
0.825222 -0.0330606 0.563841 1.73429 0.00509362 0.99868 0.0511025 0.00683832 -0.564786 -0.0392989 0.824301 2.65595
0.789551 -0.0382676 0.612491 1.97391 0.00654608 0.998522 0.0539479 0.0247205 -0.613651 -0.0385852 0.788635 2.86279
0.751881 -0.0427645 0.65791 2.26726 0.00740379 0.998379 0.0564338 0.0346028 -0.659257 -0.0375605 0.750979 3.10274
0.712097 -0.0457808 0.700587 2.54788 0.00764042 0.998318 0.0574706 0.0499578 -0.70204 -0.0355718 0.711249 3.31295
0.670203 -0.0474979 0.740656 2.86924 0.00641155 0.998283 0.0582177 0.07995 -0.74215 -0.0342689 0.669357 3.54766
0.627736 -0.0475395 0.776973 3.21452 0.00147658 0.998204 0.0598827 0.112792 -0.778425 -0.0364433 0.626679 3.77482
0.586022 -0.0481773 0.808861 3.56777 -0.00174661 0.998153 0.0607173 0.138276 -0.810293 -0.0369945 0.584856 3.98901
0.546025 -0.0493841 0.836312 3.94427 -0.00386604 0.998102 0.061462 0.161766 -0.83776 -0.036793 0.544798 4.19379
0.507381 -0.0513486 0.86019 4.36421 -0.00574896 0.997999 0.0629661 0.189225 -0.861703 -0.036893 0.506071 4.41118
0.470174 -0.0509712 0.881101 4.79361 -0.0089633 0.998003 0.0625169 0.214742 -0.882529 -0.0372914 0.468778 4.6101
0.433834 -0.0500413 0.899602 5.27012 -0.0100849 0.998124 0.0603851 0.246234 -0.900937 -0.0352695 0.432515 4.80996
0.400484 -0.0485188 0.915018 5.75707 -0.00899065 0.998341 0.056872 0.275251 -0.91626 -0.0310029 0.399383 4.99436
0.371026 -0.0466111 0.927452 6.28768 -0.00711445 0.998567 0.0530313 0.306208 -0.928596 -0.0262743 0.370163 5.1804
0.345809 -0.0448132 0.937234 6.83473 -0.00614508 0.998729 0.0500209 0.331799 -0.938285 -0.0230571 0.345095 5.36311
0.326262 -0.0439063 0.944259 7.44081 -0.00519811 0.998822 0.0482394 0.368253 -0.945266 -0.0206471 0.325649 5.53994
0.312368 -0.0442573 0.94893 8.06799 -0.00428887 0.998838 0.0479968 0.399367 -0.949952 -0.0190625 0.311815 5.71949
0.301773 -0.0455454 0.952291 8.69708 -0.00317694 0.998804 0.0487768 0.431065 -0.953375 -0.0177449 0.301268 5.89225
0.291652 -0.0471457 0.955362 9.35728 -0.0046117 0.998703 0.0506924 0.463662 -0.956514 -0.0191904 0.291056 6.07694
0.281923 -0.0483842 0.958216 10.0742 -0.00585872 0.998622 0.0521482 0.508055 -0.95942 -0.0203157 0.281251 6.26915
0.272674 -0.0496475 0.960825 10.797 -0.00644268 0.998551 0.0534253 0.552595 -0.962085 -0.020758 0.271959 6.45797
0.263271 -0.0508778 0.963379 11.5215 -0.00706924 0.99848 0.0546634 0.598035 -0.964696 -0.0212017 0.262511 6.63968
0.253487 -0.0521051 0.965934 12.2512 -0.00718886 0.998419 0.0557439 0.633439 -0.967312 -0.0210743 0.252712 6.81448
0.243904 -0.053113 0.968344 13.0204 -0.00712718 0.998374 0.0565553 0.674547 -0.969774 -0.0206956 0.243129 6.99423
0.234158 -0.0554774 0.970614 13.7924 -0.00801018 0.998226 0.0589881 0.717389 -0.972166 -0.0215873 0.233299 7.16509
0.223503 -0.0589731 0.972917 14.5918 -0.00950227 0.997988 0.0626757 0.759156 -0.974657 -0.0232531 0.222493 7.33917
0.211712 -0.0626515 0.975322 15.3837 -0.0103519 0.997743 0.0663388 0.79777 -0.977278 -0.0241411 0.210586 7.5065
0.199083 -0.0646624 0.977847 16.2083 -0.0112675 0.997603 0.0682629 0.842515 -0.979918 -0.0246079 0.197878 7.66948
0.185467 -0.0649477 0.980502 17.028 -0.0118369 0.997593 0.0683188 0.885603 -0.98258 -0.024277 0.184252 7.81836
0.171534 -0.0638417 0.983107 17.8496 -0.0131983 0.997659 0.0670896 0.92699 -0.98509 -0.0244835 0.17029 7.95516
0.155388 -0.062767 0.985857 18.6736 -0.0137057 0.997746 0.0656842 0.967208 -0.987759 -0.0237185 0.154178 8.07837
0.135505 -0.0611716 0.988887 19.5037 -0.0162027 0.997822 0.0639445 1.00502 -0.990645 -0.0246874 0.134218 8.18418
0.110719 -0.0599941 0.992039 20.3501 -0.0203533 0.99783 0.0626159 1.04227 -0.993644 -0.027124 0.109258 8.26633
0.080246 -0.0594198 0.995002 21.2031 -0.0244091 0.997805 0.0615557 1.08012 -0.996476 -0.0292267 0.0786194 8.33623
0.0470282 -0.0592399 0.997135 22.0776 -0.0274879 0.997785 0.0605749 1.11933 -0.998516 -0.0302579 0.0452956 8.36922
0.0127889 -0.0584782 0.998207 22.9316 -0.0289955 0.997847 0.0588286 1.15259 -0.999498 -0.0296959 0.0110656 8.3729
-0.0209105 -0.0572916 0.998138 23.7907 -0.0299951 0.997943 0.056652 1.18412 -0.999332 -0.0287546 -0.0225861 8.3464
-0.0534335 -0.0555199 0.997027 24.651 -0.0319482 0.998037 0.053864 1.2143 -0.99806 -0.028975 -0.0551025 8.29191
-0.0858231 -0.0527174 0.994915 25.5127 -0.0341997 0.998166 0.0499396 1.24185 -0.995723 -0.0297398 -0.0874688 8.21345
-0.118764 -0.0483957 0.991742 26.3695 -0.0314187 0.998494 0.0449627 1.26534 -0.992426 -0.0258193 -0.120106 8.10705
-0.15001 -0.0425983 0.987766 27.2222 -0.025836 0.998899 0.0391548 1.28549 -0.988347 -0.0196464 -0.150946 7.9598
-0.180644 -0.0363132 0.982878 28.0636 -0.019538 0.999253 0.0333273 1.30135 -0.983355 -0.0131831 -0.181219 7.79113
-0.209441 -0.0307024 0.977339 28.9034 -0.0139244 0.999499 0.0284146 1.31279 -0.977723 -0.00765768 -0.209764 7.59554
-0.237658 -0.0243038 0.971045 29.7279 -0.00539591 0.999704 0.0237005 1.32123 -0.971334 0.000392949 -0.237719 7.37461
-0.263189 -0.013706 0.964647 30.5467 0.00127327 0.999893 0.0145542 1.3144 -0.964744 0.00505875 -0.263143 7.12235
-0.287853 0.00148663 0.957673 31.3523 0.00591888 0.999982 0.000226776 1.29822 -0.957657 0.00573364 -0.287857 6.85421
-0.31227 0.0189723 0.949804 32.156 0.00666337 0.999819 -0.0177806 1.28367 -0.94997 0.000776565 -0.31234 6.57691
-0.337094 0.0340837 0.940854 32.9517 0.00703333 0.999407 -0.033685 1.25505 -0.941445 -0.00473768 -0.337135 6.27714
-0.361494 0.0450564 0.931285 33.7379 0.0111371 0.998969 -0.044008 1.21819 -0.932308 -0.00553684 -0.361623 5.95908
-0.384735 0.0496419 0.921691 34.5131 0.0144709 0.998754 -0.047752 1.17094 -0.922914 -0.00503416 -0.384975 5.61872
-0.406912 0.0497838 0.91211 35.2809 0.0183914 0.998757 -0.0463083 1.12317 -0.913283 -0.00206844 -0.407322 5.25858
-0.427121 0.045208 0.903064 36.0363 0.021571 0.998974 -0.0398069 1.07076 -0.903937 0.00247761 -0.427659 4.88856
-0.445067 0.0440187 0.894415 36.7692 0.0294552 0.99897 -0.0345073 1.01983 -0.895013 0.0109871 -0.445906 4.51031
-0.458965 0.0441037 0.887359 37.5042 0.0314872 0.998947 -0.0333638 0.971894 -0.887897 0.0126277 -0.459871 4.11817
-0.470236 0.0479668 0.881236 38.2144 0.0354245 0.998743 -0.0354599 0.923658 -0.88183 0.0145429 -0.471344 3.73579
-0.480161 0.0503426 0.875734 38.9192 0.0359995 0.998641 -0.0376696 0.880806 -0.876442 0.0134385 -0.481321 3.34649
-0.490952 0.050079 0.869746 39.6279 0.0304934 0.998722 -0.0402924 0.835798 -0.870653 0.00673986 -0.491852 2.95153
-0.502261 0.0488667 0.863334 40.326 0.0296925 0.998787 -0.0392595 0.794953 -0.864207 0.00591602 -0.503103 2.55258
-0.511158 0.0501122 0.858025 41.0197 0.0311177 0.998723 -0.0397916 0.756964 -0.858924 0.00636002 -0.512065 2.13733
-0.518405 0.0533166 0.853472 41.7134 0.033865 0.998551 -0.04181 0.71682 -0.854465 0.0072283 -0.51946 1.71303
-0.521389 0.0566187 0.851439 42.4067 0.0351563 0.998374 -0.0448612 0.673801 -0.852595 0.00654336 -0.522532 1.28669
-0.520923 0.0591724 0.85155 43.1455 0.0349812 0.998236 -0.047966 0.634799 -0.852887 0.00480167 -0.522074 0.828268
-0.51795 0.0592057 0.85336 43.8897 0.0362711 0.998224 -0.0472414 0.590899 -0.854642 0.00648363 -0.519178 0.394867
-0.511953 0.0582239 0.857038 44.6516 0.0339369 0.998292 -0.0475479 0.545076 -0.858343 0.00474292 -0.513055 -0.0504621
-0.504626 0.0569941 0.861454 45.4357 0.031432 0.998369 -0.0476401 0.498538 -0.862766 0.00303675 -0.505596 -0.505064
-0.497181 0.056444 0.865809 46.2264 0.0291079 0.998405 -0.0483733 0.449843 -0.867159 0.0011516 -0.498032 -0.951024
-0.490447 0.055094 0.869728 47.047 0.0260739 0.99848 -0.0485467 0.396942 -0.871081 -0.00113238 -0.491139 -1.41138
-0.4856 0.0530379 0.872571 47.8831 0.0216303 0.998581 -0.0486596 0.345087 -0.873914 -0.00475511 -0.486059 -1.87458
-0.483608 0.0507601 0.873812 48.7294 0.0174974 0.998678 -0.0483297 0.292843 -0.87511 -0.00808317 -0.483857 -2.33859
-0.483574 0.0484341 0.873963 49.5943 0.0140624 0.998768 -0.0475698 0.23879 -0.875191 -0.0107135 -0.48366 -2.81391
-0.484154 0.0472909 0.873704 50.4717 0.0130688 0.998817 -0.0468209 0.178933 -0.874885 -0.0112503 -0.4842 -3.29912
-0.484194 0.046889 0.873704 51.3543 0.0131156 0.998839 -0.0463361 0.122796 -0.874863 -0.0109765 -0.484247 -3.7907
-0.484454 0.0469385 0.873556 52.2479 0.0138432 0.998845 -0.0459936 0.0659991 -0.874707 -0.010189 -0.484545 -4.28299
-0.48384 0.0460969 0.873942 53.1548 0.0132474 0.998883 -0.0453529 0.00912236 -0.875057 -0.0103662 -0.483911 -4.79107
-0.483165 0.0460749 0.874316 54.0638 0.0123482 0.998873 -0.045815 -0.0483703 -0.875443 -0.01134 -0.48319 -5.29695
-0.483178 0.045111 0.874359 54.9867 0.0109884 0.998905 -0.0454644 -0.106829 -0.875454 -0.0123596 -0.483145 -5.80107
-0.482858 0.0449058 0.874547 55.8998 0.010976 0.998916 -0.0452318 -0.168996 -0.87563 -0.0122415 -0.482828 -6.30653
-0.482036 0.043906 0.875051 56.8203 0.0088939 0.998937 -0.0452226 -0.232423 -0.876107 -0.0140163 -0.481914 -6.81162
-0.480813 0.0425691 0.875789 57.7333 0.00862207 0.999002 -0.0438245 -0.294573 -0.876781 -0.0135203 -0.480701 -7.30704
-0.478394 0.0403874 0.877216 58.6418 0.00854903 0.999108 -0.0413371 -0.358213 -0.878104 -0.0122761 -0.478313 -7.80242
-0.475581 0.039564 0.878782 59.5517 0.0098324 0.999164 -0.0396627 -0.41929 -0.879617 -0.0102223 -0.475573 -8.29871
-0.472582 0.0395276 0.8804 60.464 0.0107339 0.999177 -0.0390987 -0.479924 -0.881222 -0.00902722 -0.472617 -8.79574
-0.470306 0.0397171 0.881609 61.3839 0.0110389 0.999173 -0.0391246 -0.540965 -0.882435 -0.00866853 -0.470356 -9.2836
-0.469555 0.0403902 0.881979 62.2793 0.0114328 0.999147 -0.0396693 -0.603177 -0.882829 -0.00854349 -0.469617 -9.75533
-0.470599 0.04159 0.881366 63.1853 0.010708 0.999084 -0.0414274 -0.666814 -0.882282 -0.0100581 -0.470614 -10.2323
-0.473926 0.0439035 0.87947 64.0839 0.0101102 0.998961 -0.0444204 -0.723935 -0.880507 -0.0121604 -0.473878 -10.7037
-0.478867 0.0448207 0.876742 64.9797 0.00930662 0.998898 -0.0459824 -0.782499 -0.877838 -0.01386 -0.478758 -11.1801
-0.485019 0.0433938 0.873426 65.8721 0.0105535 0.998985 -0.0437715 -0.847665 -0.87444 -0.0120123 -0.484986 -11.6618
-0.491081 0.0406372 0.870166 66.7686 0.0109251 0.99912 -0.0404939 -0.910843 -0.871046 -0.0103792 -0.491093 -12.1562
-0.497105 0.0386806 0.866828 67.6278 0.00868054 0.999177 -0.0396083 -0.969858 -0.867647 -0.012165 -0.497032 -12.6345
-0.502386 0.0420039 0.863623 68.4974 0.0109613 0.999048 -0.0422142 -1.0304 -0.864575 -0.0117414 -0.502368 -13.1353
-0.507531 0.0435681 0.860532 69.3617 0.0119543 0.99898 -0.0435272 -1.09157 -0.861551 -0.0118044 -0.507535 -13.6419
-0.512352 0.0448443 0.857604 70.19 0.0109165 0.998895 -0.0457107 -1.1536 -0.858707 -0.014058 -0.512275 -14.133
-0.516501 0.045135 0.855097 71.0739 0.00971067 0.998854 -0.0468576 -1.212 -0.856232 -0.0158985 -0.516348 -14.6463
-0.519507 0.0444353 0.85331 71.9131 0.0107947 0.998908 -0.0454453 -1.27465 -0.854398 -0.014398 -0.51942 -15.1602
-0.521391 0.0374806 0.852495 72.7548 0.0114225 0.999251 -0.0369468 -1.32825 -0.853242 -0.0095261 -0.521429 -15.6788
-0.523634 0.0289776 0.851451 73.5888 0.010861 0.999567 -0.0273391 -1.38055 -0.851875 -0.00506812 -0.523722 -16.1826
-0.525055 0.0278299 0.850613 74.4258 0.011845 0.999607 -0.0253931 -1.42257 -0.850986 -0.00325728 -0.525179 -16.6978
-0.52533 0.0324716 0.850279 75.2473 0.01117 0.999448 -0.0312672 -1.45981 -0.850826 -0.00692801 -0.525403 -17.215
-0.52725 0.0386025 0.848833 76.0733 0.0119412 0.999205 -0.0380238 -1.50346 -0.849627 -0.009912 -0.527292 -17.7135
-0.528052 0.0419698 0.848174 76.8926 0.0163131 0.999094 -0.0392816 -1.5495 -0.849056 -0.00690636 -0.528259 -18.2175
-0.528263 0.0426595 0.848008 77.6979 0.0182966 0.999076 -0.0388613 -1.59935 -0.848884 -0.00501341 -0.528557 -18.7055
-0.52769 0.0390514 0.848539 78.5448 0.0165137 0.999225 -0.0357168 -1.65079 -0.849276 -0.00483489 -0.527927 -19.2438
-0.526968 0.0342823 0.849193 79.3534 0.0155127 0.999407 -0.0307201 -1.69996 -0.849743 -0.00301529 -0.527188 -19.73
-0.526053 0.0275278 0.850006 80.1947 0.011921 0.999616 -0.0249954 -1.74453 -0.850368 -0.00301602 -0.52618 -20.2553
-0.526325 0.0218058 0.850004 81.0289 0.00293579 0.999711 -0.0238285 -1.78579 -0.850278 -0.0100461 -0.526238 -20.7383
-0.525054 0.0166231 0.850906 81.8719 -0.00455251 0.999739 -0.0223399 -1.82321 -0.851057 -0.0156034 -0.524843 -21.2417
-0.523677 0.0170892 0.851745 82.6875 -0.00228972 0.999766 -0.0214669 -1.85864 -0.851914 -0.013192 -0.523516 -21.7256
-0.520356 0.0204411 0.853705 83.4984 0.0014659 0.999733 -0.0230441 -1.89889 -0.853948 -0.0107397 -0.520248 -22.2228
-0.514827 0.0237934 0.856964 84.3234 0.00392536 0.999669 -0.0253975 -1.93659 -0.857285 -0.00971143 -0.51475 -22.7231
-0.50666 0.0261694 0.861749 85.1367 0.00858514 0.999642 -0.0253094 -1.97216 -0.862103 -0.00542506 -0.506704 -23.209
-0.4986 0.0297691 0.866321 85.9557 0.0159502 0.999555 -0.0251675 -2.01222 -0.866685 0.00126949 -0.498854 -23.6838
-0.489753 0.0289182 0.871381 86.7945 0.0129277 0.99958 -0.0259068 -2.04534 -0.871765 -0.001423 -0.489922 -24.1363
-0.478782 0.026604 0.877531 87.6286 0.0100271 0.99964 -0.0248352 -2.07909 -0.877877 -0.0030916 -0.478878 -24.5831
-0.466922 0.023206 0.883994 88.4575 0.0102295 0.99973 -0.0208411 -2.1213 -0.88424 -0.000688334 -0.467034 -25.0185
-0.455389 0.0223641 0.890011 89.2889 0.00962171 0.999749 -0.0201985 -2.16139 -0.890241 -0.000634743 -0.455491 -25.4387
-0.444571 0.021279 0.895491 90.1383 0.00938599 0.999773 -0.0190973 -2.19292 -0.895694 -8.50565e-05 -0.444671 -25.8412
-0.432061 0.0229317 0.901553 90.9809 0.0107696 0.999736 -0.0202678 -2.22248 -0.90178 0.000952466 -0.432195 -26.2488
-0.419433 0.0276019 0.907367 91.8142 0.0107448 0.999618 -0.0254414 -2.25863 -0.907723 -0.000921509 -0.41957 -26.6329
-0.407485 0.036896 0.912466 92.6676 0.0128205 0.999315 -0.0346826 -2.2938 -0.913122 -0.00243438 -0.407679 -27.0183
-0.394415 0.0417635 0.917983 93.5252 0.0122077 0.999116 -0.0402096 -2.33462 -0.918852 -0.00465279 -0.394576 -27.3897
-0.382996 0.0382933 0.922956 94.3917 0.00902481 0.999247 -0.0377137 -2.37776 -0.923706 -0.00611472 -0.383054 -27.7419
-0.371825 0.034467 0.927663 95.2568 0.00515921 0.999371 -0.0350634 -2.41915 -0.928289 -0.00825149 -0.37177 -28.0755
-0.361736 0.0350676 0.931621 96.1159 0.00112622 0.999307 -0.0371782 -2.46904 -0.93228 -0.0123995 -0.361525 -28.4055
-0.354613 0.0394447 0.934181 96.9751 -0.00452773 0.999025 -0.0439015 -2.52137 -0.935002 -0.0197978 -0.354089 -28.7208
-0.349438 0.0450748 0.935875 97.8364 -0.0083647 0.998651 -0.0512216 -2.57906 -0.936922 -0.0257271 -0.34859 -29.0316
-0.346015 0.0471089 0.937045 98.7045 -0.0115683 0.998448 -0.0544676 -2.63911 -0.938158 -0.0296867 -0.344934 -29.3437
-0.342039 0.0466667 0.938526 99.5694 -0.0132605 0.998426 -0.0544779 -2.70492 -0.939593 -0.031079 -0.340882 -29.6543
-0.337104 0.0467619 0.940305 100.44 -0.0138075 0.998412 -0.0546017 -2.76895 -0.941366 -0.0313898 -0.335924 -29.9607
-0.331508 0.0423605 0.942501 101.306 -0.0170791 0.998557 -0.0508873 -2.83087 -0.943298 -0.0329667 -0.330307 -30.254
-0.325446 0.0392463 0.944746 102.169 -0.0171007 0.99873 -0.0473798 -2.88816 -0.945406 -0.0315755 -0.324362 -30.5538
-0.319357 0.0364189 0.946934 103.046 -0.0196785 0.99879 -0.0450499 -2.94552 -0.94743 -0.0330213 -0.318255 -30.8441
-0.313124 0.0346798 0.949079 103.912 -0.0278877 0.998565 -0.045689 -3.00343 -0.949303 -0.040774 -0.311708 -31.1176
-0.306836 0.0346359 0.951132 104.788 -0.0350271 0.998249 -0.0476515 -3.06258 -0.951118 -0.0479367 -0.305086 -31.3815
-0.300348 0.038801 0.95304 105.659 -0.0333308 0.998134 -0.0511411 -3.12225 -0.953247 -0.0471258 -0.298495 -31.644
-0.293632 0.0420697 0.954992 106.509 -0.0312259 0.998075 -0.0535687 -3.18422 -0.955409 -0.0455501 -0.291754 -31.8963
-0.286892 0.0402539 0.957117 107.387 -0.0324521 0.998134 -0.0517064 -3.24177 -0.957414 -0.0458947 -0.28505 -32.1537
-0.279929 0.0360161 0.959345 108.266 -0.0330346 0.998342 -0.0471194 -3.29665 -0.959452 -0.0448817 -0.278276 -32.4015
-0.272952 0.0334684 0.961445 109.141 -0.0348881 0.998392 -0.0446592 -3.3545 -0.961395 -0.0457329 -0.271346 -32.6425
-0.266434 0.0366721 0.963155 110.025 -0.0366507 0.998167 -0.0481438 -3.41239 -0.963157 -0.0481275 -0.264602 -32.8821
-0.260068 0.03951 0.964781 110.895 -0.0359163 0.998074 -0.0505551 -3.46912 -0.964923 -0.0477992 -0.258148 -33.1098
-0.252794 0.0398403 0.966699 111.787 -0.0382697 0.997957 -0.0511362 -3.53157 -0.966763 -0.0499223 -0.250753 -33.3428
-0.245076 0.0392768 0.968708 112.66 -0.0383307 0.998004 -0.0501621 -3.59319 -0.968746 -0.0494249 -0.243082 -33.5614
-0.236197 0.0391572 0.970916 113.535 -0.0344108 0.998223 -0.0486298 -3.65394 -0.971096 -0.0448963 -0.23443 -33.7817
-0.228035 0.0400347 0.972829 114.421 -0.0318067 0.998314 -0.0485391 -3.71704 -0.973134 -0.0420112 -0.226378 -33.9962
-0.222269 0.0404472 0.974146 115.305 -0.0316307 0.998313 -0.0486678 -3.7748 -0.974473 -0.0416303 -0.220615 -34.1785
-0.214462 0.0402294 0.975904 116.192 -0.0358617 0.998152 -0.0490274 -3.82381 -0.976074 -0.0455121 -0.212623 -34.3753
-0.208023 0.0390008 0.977346 117.068 -0.0396746 0.998045 -0.0482714 -3.87804 -0.977319 -0.0488175 -0.20607 -34.5529
-0.203089 0.0393747 0.978368 117.94 -0.0368039 0.998177 -0.0478117 -3.93464 -0.978469 -0.0457179 -0.20127 -34.7289
-0.198033 0.0398107 0.979386 118.827 -0.035338 0.998234 -0.0477223 -3.99171 -0.979558 -0.0440603 -0.196277 -34.9075
-0.192768 0.0410202 0.980386 119.708 -0.0345596 0.998221 -0.0485617 -4.04996 -0.980636 -0.043243 -0.191008 -35.0781
-0.187096 0.0400114 0.981526 120.6 -0.0286762 0.998521 -0.0461704 -4.10443 -0.981923 -0.0367848 -0.185672 -35.2454
-0.181892 0.0389401 0.982547 121.494 -0.0214472 0.998819 -0.0435554 -4.15586 -0.983085 -0.0289954 -0.180843 -35.4143
-0.178528 0.0387004 0.983173 122.353 -0.020077 0.998874 -0.0429641 -4.20572 -0.98373 -0.0274095 -0.17755 -35.5406
-0.174872 0.0407464 0.983748 123.25 -0.0221715 0.998726 -0.045308 -4.25334 -0.984342 -0.0297343 -0.173746 -35.6864
-0.171363 0.0428015 0.984278 124.152 -0.0238956 0.99858 -0.0475837 -4.30414 -0.984918 -0.0316741 -0.170097 -35.8418
-0.170644 0.0425105 0.984415 125.003 -0.0260841 0.998523 -0.0476414 -4.357 -0.984988 -0.0338073 -0.169284 -35.9497
-0.170438 0.041441 0.984497 125.9 -0.0268528 0.998547 -0.0466814 -4.40964 -0.985003 -0.0343928 -0.169078 -36.0936
-0.170211 0.0371668 0.984706 126.794 -0.0272318 0.998728 -0.0424032 -4.45283 -0.985032 -0.0340328 -0.168983 -36.2385
-0.169731 0.0325799 0.984952 127.676 -0.0298003 0.998825 -0.0381742 -4.49349 -0.98504 -0.0358313 -0.168562 -36.3768
-0.169324 0.0308978 0.985076 128.556 -0.0305538 0.998862 -0.0365821 -4.53866 -0.985087 -0.0362921 -0.168188 -36.5154
-0.168589 0.0354583 0.985048 129.431 -0.031516 0.998646 -0.0413418 -4.58766 -0.985183 -0.0380146 -0.167244 -36.6545
-0.168534 0.0392299 0.984915 130.293 -0.031897 0.998466 -0.0452277 -4.63725 -0.98518 -0.0390382 -0.167024 -36.7938
-0.168714 0.0384312 0.984915 131.171 -0.0352765 0.998362 -0.0449988 -4.68946 -0.985034 -0.0423364 -0.167083 -36.9356
-0.168289 0.0377957 0.985013 132.049 -0.037874 0.998277 -0.0447755 -4.74148 -0.98501 -0.0448417 -0.166568 -37.077
-0.167669 0.0386987 0.985083 132.925 -0.0333039 0.998435 -0.0448918 -4.7953 -0.985281 -0.0403341 -0.166119 -37.2264
-0.166869 0.0411302 0.985121 133.788 -0.0355465 0.998228 -0.0476987 -4.84652 -0.985338 -0.0429772 -0.165112 -37.3696
-0.167073 0.0424921 0.985028 134.649 -0.0442613 0.997739 -0.0505477 -4.90086 -0.984951 -0.0520439 -0.164815 -37.4997
-0.167094 0.0441935 0.98495 135.505 -0.0509424 0.997272 -0.0533887 -4.9562 -0.984625 -0.0590967 -0.164387 -37.6248
-0.167034 0.0476968 0.984797 136.347 -0.0487749 0.997205 -0.0565707 -5.01518 -0.984744 -0.0574827 -0.164241 -37.7597
-0.166618 0.0486679 0.984819 137.188 -0.0485064 0.997166 -0.0574847 -5.07803 -0.984828 -0.0573481 -0.163785 -37.897
-0.164787 0.0498892 0.985066 138.029 -0.0490112 0.99707 -0.0586961 -5.142 -0.985111 -0.0579517 -0.161859 -38.0331
-0.162544 0.0490398 0.985482 138.856 -0.0416226 0.997533 -0.0565048 -5.20305 -0.985824 -0.0502029 -0.160102 -38.1742
-0.15889 0.0458283 0.986232 139.689 -0.0379396 0.997899 -0.0524828 -5.26256 -0.986568 -0.0457563 -0.156818 -38.3193
-0.157032 0.0408792 0.986747 140.524 -0.0361846 0.998232 -0.0471135 -5.31794 -0.986931 -0.0431034 -0.155275 -38.4543
-0.152881 0.0404506 0.987416 141.333 -0.0356317 0.998285 -0.0464128 -5.37317 -0.987603 -0.042279 -0.151178 -38.5777
-0.147864 0.04565 0.987953 142.168 -0.0344791 0.998087 -0.0512787 -5.43299 -0.988407 -0.0416461 -0.146008 -38.7046
-0.140712 0.0488637 0.988844 142.987 -0.0318501 0.998039 -0.0538504 -5.4916 -0.989539 -0.0390722 -0.13888 -38.8224
-0.132149 0.0494152 0.989997 143.808 -0.0314349 0.998044 -0.0540129 -5.54622 -0.990732 -0.0382583 -0.130338 -38.9311
-0.122114 0.0453111 0.991481 144.62 -0.0308652 0.998299 -0.0494242 -5.59911 -0.992037 -0.0366377 -0.120508 -39.0288
-0.109394 0.0441201 0.993018 145.421 -0.0273922 0.9985 -0.0473813 -5.65307 -0.993621 -0.0323843 -0.108022 -39.1201
-0.0953348 0.0465902 0.994354 146.226 -0.0230063 0.998533 -0.0489918 -5.70708 -0.99518 -0.0275471 -0.0941234 -39.1991
-0.081256 0.0474336 0.995564 147.04 -0.0241858 0.998477 -0.0495464 -5.76218 -0.9964 -0.0281045 -0.0799855 -39.2622
-0.0668412 0.0473293 0.99664 147.836 -0.0225203 0.998547 -0.0489303 -5.81613 -0.99751 -0.0257153 -0.0656785 -39.3144
-0.0530436 0.0490136 0.997388 148.635 -0.0219383 0.998495 -0.0502347 -5.87156 -0.998352 -0.0245457 -0.0518887 -39.3556
-0.0387751 0.0554942 0.997705 149.416 -0.0244898 0.998102 -0.0564681 -5.93196 -0.998948 -0.0266232 -0.0373427 -39.3784
-0.0261351 0.0647649 0.997558 150.204 -0.0316303 0.997344 -0.0655798 -5.9901 -0.999158 -0.0332671 -0.0240174 -39.3858
-0.0123953 0.0726886 0.997277 150.98 -0.0355625 0.99669 -0.0730878 -6.05165 -0.999291 -0.0363717 -0.00976946 -39.3816
0.000558289 0.0735475 0.997291 151.763 -0.0368429 0.996615 -0.0734771 -6.11237 -0.999321 -0.0367022 0.00326594 -39.3732
0.0121585 0.0698696 0.997482 152.539 -0.0423857 0.996694 -0.0692978 -6.17533 -0.999028 -0.0414365 0.0150797 -39.3481
0.0227496 0.0677206 0.997445 153.317 -0.0471469 0.996664 -0.0665923 -6.24327 -0.998629 -0.0455116 0.0258664 -39.3158
0.0317956 0.0744409 0.996718 154.084 -0.0507398 0.996055 -0.0727728 -6.31188 -0.998206 -0.0482596 0.0354472 -39.2793
0.0384142 0.082406 0.995858 154.847 -0.0539607 0.995309 -0.0802792 -6.37744 -0.997804 -0.0506534 0.0426807 -39.2401
0.0413612 0.0854472 0.995483 155.613 -0.056732 0.994928 -0.0830425 -6.44228 -0.997533 -0.0530411 0.0459989 -39.1975
0.0409379 0.0813175 0.995847 156.375 -0.0607936 0.995037 -0.0787523 -6.50604 -0.997311 -0.0573173 0.0456782 -39.1531
0.0387546 0.0771709 0.996264 157.13 -0.0634667 0.995189 -0.0746188 -6.57826 -0.997232 -0.0603379 0.0434658 -39.1086
0.0355472 0.0741585 0.996612 157.9 -0.0619923 0.995484 -0.0718635 -6.64789 -0.997444 -0.0592279 0.0399839 -39.0737
0.0328254 0.0743889 0.996689 158.655 -0.0602584 0.995558 -0.07232 -6.71297 -0.997643 -0.0576851 0.037162 -39.0463
0.0296467 0.0744757 0.996782 159.419 -0.058551 0.995636 -0.0726487 -6.78151 -0.997845 -0.0562088 0.0338779 -39.0279
0.0254636 0.0730644 0.997002 160.172 -0.0595886 0.995661 -0.0714443 -6.85033 -0.997899 -0.0575908 0.0297068 -39.0075
0.0205493 0.0732662 0.997101 160.928 -0.0596834 0.995621 -0.0719275 -6.91538 -0.998006 -0.0580324 0.0248319 -38.9918
0.0142438 0.0715413 0.997336 161.679 -0.0611248 0.995632 -0.0705462 -6.97822 -0.998029 -0.0599572 0.0185544 -38.9721
0.00869349 0.068931 0.997583 162.418 -0.0585753 0.995942 -0.0683071 -7.04567 -0.998246 -0.05784 0.0126957 -38.9626
0.00350431 0.0687114 0.99763 163.163 -0.0589445 0.995914 -0.0683862 -7.11009 -0.998255 -0.0585653 0.00754001 -38.9575
-0.00199454 0.06977 0.997561 163.902 -0.0601955 0.995744 -0.0697633 -7.17503 -0.998185 -0.060188 0.00221364 -38.9511
-0.00623741 0.0721732 0.997372 164.642 -0.0609443 0.995509 -0.0724195 -7.24082 -0.998122 -0.061236 -0.00181101 -38.9501
-0.00905214 0.0743884 0.997188 165.375 -0.0609885 0.99533 -0.0748035 -7.30604 -0.998098 -0.0614942 -0.00447319 -38.9515
-0.0108515 0.0758129 0.997063 166.094 -0.0578501 0.995402 -0.0763163 -7.3698 -0.998267 -0.0585084 -0.00641598 -38.953
-0.00986084 0.0742551 0.99719 166.814 -0.0548736 0.995694 -0.0746865 -7.43403 -0.998445 -0.055456 -0.0057439 -38.9598
-0.00591475 0.0707392 0.997477 167.533 -0.0528786 0.996075 -0.0709534 -7.49925 -0.998584 -0.0531649 -0.00215111 -38.9609
0.00161416 0.0706539 0.997499 168.248 -0.0524224 0.996133 -0.0704724 -7.56513 -0.998624 -0.0521776 0.00531162 -38.9552
0.0132309 0.0712762 0.997369 168.956 -0.050155 0.996246 -0.0705307 -7.62881 -0.998654 -0.0490899 0.0167559 -38.943
0.0284352 0.0713631 0.997045 169.658 -0.0475874 0.996412 -0.0699608 -7.68936 -0.998463 -0.0454575 0.0317291 -38.9247
0.044698 0.068846 0.996625 170.351 -0.0485155 0.996593 -0.066668 -7.74715 -0.997822 -0.0453719 0.0478858 -38.891
0.0608593 0.0641294 0.996084 171.048 -0.0538267 0.996691 -0.0608798 -7.8039 -0.996694 -0.0499109 0.0641098 -38.8326
0.0770236 0.0575519 0.995367 171.737 -0.0556762 0.997021 -0.0533393 -7.85566 -0.995474 -0.05131 0.0799984 -38.7636
0.0946921 0.0500794 0.994246 172.428 -0.0560596 0.997415 -0.0449 -7.90312 -0.993927 -0.0514855 0.0972549 -38.6923
0.113309 0.042543 0.992648 173.103 -0.0564071 0.997745 -0.0363228 -7.94593 -0.991958 -0.0518768 0.115454 -38.6124
0.130578 0.0368578 0.990753 173.776 -0.0583832 0.997858 -0.0294276 -7.98353 -0.989718 -0.0540008 0.13245 -38.5103
0.148621 0.0345354 0.988291 174.435 -0.059147 0.997909 -0.025977 -8.01908 -0.987124 -0.0545938 0.150353 -38.3993
0.166769 0.0331021 0.98544 175.094 -0.0581596 0.998024 -0.0236825 -8.04892 -0.98428 -0.0533634 0.168365 -38.2802
0.184914 0.03255 0.982215 175.74 -0.0595784 0.997982 -0.0218562 -8.07403 -0.980948 -0.0544774 0.18648 -38.1531
0.201898 0.0316989 0.978893 176.383 -0.0646273 0.997727 -0.0189794 -8.09727 -0.977272 -0.0594314 0.203488 -38.012
0.216273 0.0281358 0.975927 177.017 -0.0666482 0.997676 -0.0139931 -8.12039 -0.974056 -0.0620176 0.217646 -37.8582
0.228278 0.0244232 0.973289 177.644 -0.0635266 0.997927 -0.0101419 -8.13907 -0.971522 -0.0595147 0.229357 -37.7029
0.238403 0.0230711 0.970892 178.251 -0.0616766 0.998057 -0.00857205 -8.15931 -0.969206 -0.0578378 0.239364 -37.5358
0.248564 0.0268085 0.968244 178.849 -0.0664149 0.997734 -0.0105754 -8.18295 -0.966336 -0.0616773 0.249782 -37.3749
0.257666 0.0340669 0.965633 179.456 -0.070403 0.997382 -0.016401 -8.20216 -0.963666 -0.0637576 0.259391 -37.1992
0.266399 0.0436716 0.962873 180.046 -0.0704948 0.997178 -0.0257239 -8.2247 -0.961282 -0.0610248 0.268726 -37.0195
0.274536 0.0490143 0.960327 180.63 -0.0650565 0.997356 -0.0323062 -8.24828 -0.959374 -0.0536063 0.277 -36.8478
0.281333 0.0471042 0.958453 181.214 -0.0646551 0.997453 -0.0300429 -8.26961 -0.95743 -0.0535169 0.283663 -36.6722
0.287129 0.039882 0.957061 181.818 -0.0675689 0.997485 -0.0212953 -8.28792 -0.955506 -0.0585532 0.289102 -36.476
0.291025 0.0303566 0.956234 182.426 -0.0721525 0.997344 -0.00970256 -8.30002 -0.953991 -0.0661711 0.292443 -36.2725
0.292441 0.0236273 0.955991 183.034 -0.073814 0.997268 -0.00206762 -8.30728 -0.953431 -0.069961 0.293387 -36.0687
0.293517 0.023373 0.955668 183.678 -0.0709732 0.997473 -0.00259727 -8.31787 -0.953316 -0.0670646 0.294435 -35.8828
0.295012 0.0249712 0.955167 184.283 -0.0672401 0.997721 -0.00531609 -8.33317 -0.953125 -0.0626573 0.29602 -35.6985
0.29624 0.0240894 0.95481 184.869 -0.0637308 0.99795 -0.00540482 -8.34727 -0.952985 -0.0592497 0.297168 -35.5012
0.29831 0.0219691 0.954216 185.498 -0.0658892 0.997822 -0.00237465 -8.35615 -0.952192 -0.0621643 0.299108 -35.3067
0.301114 0.0188073 0.953403 186.109 -0.0664401 0.997787 0.00130084 -8.36205 -0.951271 -0.063736 0.301698 -35.1056
0.304297 0.0145573 0.952466 186.734 -0.0666658 0.997755 0.00604903 -8.36383 -0.950242 -0.0653378 0.304585 -34.9025
0.308607 0.0123362 0.951109 187.355 -0.0660069 0.997781 0.00847564 -8.36504 -0.948897 -0.0653956 0.308738 -34.6958
0.314365 0.0105218 0.949244 187.967 -0.064527 0.997861 0.0103088 -8.36392 -0.947107 -0.0644927 0.314372 -34.4797
0.32127 0.00782938 0.946955 188.574 -0.0634046 0.997898 0.0132604 -8.36397 -0.944863 -0.0643016 0.321092 -34.252
0.330308 0.00613559 0.943853 189.192 -0.0611054 0.998018 0.0148965 -8.36705 -0.941894 -0.062595 0.330029 -34.0225
0.340657 0.00870735 0.940147 189.812 -0.0631198 0.997911 0.0136286 -8.3686 -0.938067 -0.0639847 0.340496 -33.7749
0.352169 0.0123752 0.935855 190.417 -0.0640759 0.997883 0.0109167 -8.37228 -0.933741 -0.0638104 0.352217 -33.5358
0.363411 0.0151561 0.931505 191.055 -0.064828 0.997853 0.0090559 -8.37048 -0.929371 -0.0636788 0.363615 -33.264
0.374629 0.0153428 0.927047 191.685 -0.063625 0.997929 0.00919555 -8.36933 -0.924989 -0.0624284 0.374831 -32.9869
0.385955 0.0126997 0.92243 192.278 -0.0629262 0.997937 0.0125897 -8.36756 -0.92037 -0.0629042 0.385958 -32.7443
0.39756 0.0113381 0.917506 192.9 -0.0629919 0.9979 0.014963 -8.36372 -0.915412 -0.0637443 0.39744 -32.4703
0.408619 0.0109272 0.91264 193.538 -0.0642596 0.997789 0.0168243 -8.35763 -0.910441 -0.0655207 0.408418 -32.1658
0.41815 0.0101359 0.908321 194.17 -0.0676693 0.997505 0.0200207 -8.34825 -0.905854 -0.0698373 0.417793 -31.862
0.425742 0.011307 0.904774 194.794 -0.0707392 0.997275 0.0208233 -8.34335 -0.902076 -0.0728685 0.425382 -31.5672
0.43083 0.00851598 0.902393 195.434 -0.0706053 0.997206 0.0242982 -8.33875 -0.899667 -0.0741823 0.430228 -31.2675
0.433288 0.0048167 0.901242 196.077 -0.0678624 0.997319 0.0272958 -8.33241 -0.898697 -0.0729876 0.432455 -30.9598
0.434247 0.0050026 0.90078 196.725 -0.063176 0.997689 0.0249149 -8.3284 -0.898576 -0.067727 0.43356 -30.6578
0.4337 0.00530978 0.901041 197.387 -0.0619259 0.997792 0.0239269 -8.32448 -0.898927 -0.0661751 0.433072 -30.344
0.433748 0.00639369 0.901012 198.061 -0.0587875 0.998043 0.021218 -8.31574 -0.899115 -0.0621716 0.433276 -30.03
0.433631 0.00426121 0.90108 198.75 -0.0553217 0.998226 0.021902 -8.30274 -0.899391 -0.0593469 0.433099 -29.7042
0.4332 -0.00110407 0.901297 199.418 -0.0525674 0.998264 0.0264888 -8.29577 -0.899764 -0.0588539 0.432391 -29.3878
0.431711 -0.00332211 0.902006 200.102 -0.053045 0.998167 0.0290641 -8.28629 -0.900451 -0.0603943 0.430744 -29.0528
0.429795 -0.00546158 0.90291 200.76 -0.0529509 0.998106 0.0312425 -8.28471 -0.901373 -0.0612379 0.428693 -28.735
0.428675 -0.00588897 0.903439 201.451 -0.0531892 0.998078 0.0317436 -8.27094 -0.901892 -0.0616611 0.427539 -28.4072
0.426909 -0.00607678 0.904274 202.138 -0.0545297 0.997983 0.0324499 -8.25673 -0.902649 -0.0631631 0.425718 -28.0803
0.425942 -0.00474717 0.904738 202.843 -0.0548147 0.998012 0.0310427 -8.24372 -0.903089 -0.0628155 0.424836 -27.7575
0.424628 -0.0012225 0.905367 203.528 -0.0542882 0.998163 0.0268096 -8.23746 -0.903739 -0.060535 0.423783 -27.4333
0.424404 0.00439154 0.905462 204.211 -0.0541766 0.998318 0.0205514 -8.23029 -0.903851 -0.0577771 0.423929 -27.1205
0.422815 0.00749923 0.906185 204.909 -0.0575844 0.998165 0.0186077 -8.22813 -0.904385 -0.0600498 0.422472 -26.7757
0.420706 0.00524651 0.907182 205.597 -0.0591549 0.998012 0.0216612 -8.22253 -0.905267 -0.0627774 0.420181 -26.4415
0.419273 0.00237141 0.907857 206.286 -0.0604807 0.997846 0.025325 -8.21439 -0.905844 -0.065526 0.418514 -26.1088
0.416978 0.00277277 0.908912 206.993 -0.0634191 0.997645 0.0260509 -8.21214 -0.906702 -0.0685052 0.416173 -25.773
0.412252 0.00291483 0.911065 207.682 -0.0668647 0.997393 0.0270648 -8.2104 -0.908613 -0.0720758 0.411373 -25.453
0.405789 0.00183169 0.913965 208.365 -0.066503 0.997404 0.0275275 -8.19995 -0.911544 -0.0719519 0.404859 -25.1511
0.397285 0.00179745 0.917693 209.058 -0.0661555 0.99745 0.0266861 -8.19354 -0.915308 -0.0713126 0.396392 -24.8546
0.387748 0.00260453 0.921761 209.745 -0.0635765 0.997688 0.0239249 -8.19642 -0.91957 -0.0678794 0.387018 -24.5712
0.377502 0.00556918 0.925992 210.443 -0.0648518 0.997683 0.0204378 -8.1976 -0.923735 -0.0677677 0.376989 -24.2892
0.366816 0.00551277 0.930277 211.142 -0.0680998 0.997456 0.0209414 -8.19114 -0.927798 -0.0710335 0.36626 -24.0204
0.356344 -0.00243709 0.934351 211.841 -0.0630965 0.997649 0.0266659 -8.18547 -0.932222 -0.0684567 0.355353 -23.7638
0.346654 -0.0106708 0.937932 212.547 -0.0592286 0.997688 0.0332411 -8.17888 -0.936122 -0.0670757 0.345222 -23.4887
0.339249 -0.0159818 0.94056 213.278 -0.0588327 0.997536 0.03817 -8.16292 -0.938855 -0.068285 0.337474 -23.2166
0.334674 -0.0163804 0.942191 213.996 -0.0646942 0.997088 0.0403145 -8.14106 -0.940111 -0.0744467 0.33264 -22.9456
0.331734 -0.0182414 0.943196 214.707 -0.06332 0.997125 0.0415547 -8.12263 -0.941246 -0.0735085 0.329626 -22.6859
0.330729 -0.019502 0.943524 215.414 -0.0616218 0.997204 0.0422114 -8.10828 -0.941712 -0.0721023 0.328603 -22.4535
0.329962 -0.0173707 0.943834 216.128 -0.0615935 0.997302 0.0398875 -8.08726 -0.941983 -0.0712956 0.328002 -22.201
0.329031 -0.0153831 0.944193 216.86 -0.064918 0.997131 0.038868 -8.0688 -0.942085 -0.0740841 0.327089 -21.927
0.329871 -0.0160281 0.94389 217.583 -0.0659364 0.99702 0.0399737 -8.05328 -0.941721 -0.075423 0.327832 -21.6752
0.331701 -0.0173158 0.943225 218.305 -0.066453 0.996917 0.0416706 -8.03638 -0.941041 -0.0765026 0.329528 -21.422
0.332805 -0.0192147 0.9428 219.051 -0.0651911 0.996929 0.04333 -8.01716 -0.94074 -0.0758827 0.330531 -21.1475
0.334931 -0.0203542 0.942023 219.782 -0.061431 0.997166 0.043387 -7.99746 -0.940238 -0.0724012 0.332732 -20.8966
0.338817 -0.0218269 0.940599 220.505 -0.0600982 0.997185 0.0447881 -7.97601 -0.938931 -0.0717035 0.336552 -20.6484
0.342825 -0.022832 0.939121 221.257 -0.0615795 0.997006 0.0467187 -7.94537 -0.937379 -0.0738471 0.340394 -20.3582
0.348463 -0.0267673 0.93694 221.981 -0.0625484 0.996698 0.0517372 -7.92042 -0.935233 -0.0766328 0.345639 -20.0915
0.353865 -0.0302684 0.934806 222.712 -0.0629583 0.996436 0.0560963 -7.89246 -0.933175 -0.0787046 0.350699 -19.8172
0.357954 -0.0302311 0.933249 223.453 -0.0638044 0.996345 0.0567475 -7.86248 -0.931557 -0.0798586 0.354718 -19.5256
0.362889 -0.0254465 0.931484 224.18 -0.0686181 0.996181 0.0539461 -7.83733 -0.929303 -0.0834934 0.359758 -19.2401
0.367623 -0.0198287 0.929763 224.913 -0.0733736 0.996035 0.0502535 -7.8102 -0.927076 -0.0866946 0.364712 -18.9417
0.372072 -0.0164888 0.928057 225.655 -0.077689 0.995778 0.0488385 -7.77955 -0.924947 -0.0902715 0.369221 -18.6312
0.375819 -0.0165647 0.926544 226.38 -0.079852 0.99554 0.0501871 -7.75642 -0.923246 -0.0928479 0.372821 -18.318
0.379718 -0.0141382 0.924994 227.127 -0.0821255 0.995418 0.0489277 -7.73278 -0.92145 -0.0945445 0.376818 -18.004
0.383589 -0.0116202 0.92343 227.875 -0.0826997 0.995469 0.0468797 -7.7082 -0.919794 -0.0943502 0.380891 -17.6876
0.388199 -0.0112141 0.921507 228.608 -0.0826539 0.99547 0.0469333 -7.68209 -0.917862 -0.0943858 0.385515 -17.3751
0.393222 -0.0125524 0.919358 229.36 -0.0822476 0.995416 0.0487692 -7.65669 -0.915758 -0.0947923 0.390388 -17.0565
0.397561 -0.0134509 0.917477 230.088 -0.0780506 0.995771 0.0484196 -7.63763 -0.91425 -0.0908595 0.394831 -16.7389
0.401889 -0.0136611 0.915586 230.816 -0.0748611 0.996049 0.0477212 -7.61711 -0.912623 -0.0877206 0.39928 -16.4174
0.406498 -0.0119406 0.913573 231.558 -0.0750757 0.996094 0.0464243 -7.59325 -0.910562 -0.0874587 0.404015 -16.0916
0.41058 -0.0118595 0.911747 232.285 -0.0801151 0.995577 0.0490273 -7.56732 -0.908299 -0.0931745 0.407815 -15.7481
0.415159 -0.0124234 0.909664 233 -0.0835219 0.995161 0.0517093 -7.55325 -0.905907 -0.0974447 0.412114 -15.4065
0.419618 -0.0104961 0.90764 233.75 -0.0800765 0.995604 0.0485339 -7.53483 -0.904162 -0.0930465 0.416934 -15.0701
0.423777 -0.00447662 0.905755 234.477 -0.0790448 0.995987 0.0419053 -7.51963 -0.902311 -0.089354 0.421724 -14.7328
0.42695 0.00212777 0.904272 235.2 -0.0850604 0.995655 0.0378182 -7.49326 -0.900266 -0.0930645 0.425277 -14.3772
0.42931 0.00214247 0.903154 235.916 -0.0917961 0.99492 0.0412746 -7.46052 -0.89848 -0.100626 0.427327 -14.0093
0.43176 -0.0068919 0.901962 236.652 -0.0921262 0.994402 0.0516981 -7.42774 -0.897271 -0.105416 0.42871 -13.6511
0.433257 -0.0182732 0.901085 237.379 -0.0892514 0.994008 0.0630711 -7.38902 -0.89684 -0.107749 0.429031 -13.2936
0.434561 -0.0250959 0.900292 238.096 -0.0912777 0.993235 0.0717454 -7.34918 -0.896005 -0.113355 0.429332 -12.9352
0.436399 -0.0263956 0.899366 238.829 -0.0930505 0.992884 0.0742911 -7.30798 -0.894929 -0.116107 0.430839 -12.5695
0.438953 -0.0219291 0.898242 239.55 -0.0929071 0.993233 0.0696499 -7.26958 -0.893694 -0.114026 0.433947 -12.2091
0.443149 -0.0165396 0.896295 240.261 -0.0915245 0.993768 0.06359 -7.23022 -0.891764 -0.110213 0.438875 -11.8577
0.447807 -0.0120319 0.894049 240.998 -0.0916352 0.994025 0.0592751 -7.18954 -0.889422 -0.10847 0.44403 -11.4925
0.452317 -0.0101769 0.891799 241.715 -0.0899587 0.994312 0.0569735 -7.1572 -0.887309 -0.105995 0.448831 -11.1343
0.456633 -0.00786562 0.88962 242.435 -0.0895358 0.994475 0.0547504 -7.12332 -0.885138 -0.104654 0.453407 -10.7669
0.460449 -0.00915909 0.887639 243.152 -0.0884427 0.994496 0.0561398 -7.08769 -0.88327 -0.104355 0.457105 -10.392
0.464473 -0.0141179 0.885474 243.891 -0.086889 0.99432 0.0614305 -7.05189 -0.881314 -0.105471 0.460609 -10.0094
0.467771 -0.019714 0.88363 244.616 -0.0852332 0.994083 0.0672984 -7.0169 -0.879731 -0.106795 0.463324 -9.63206
0.470713 -0.0253775 0.881921 245.351 -0.0836053 0.993803 0.0732199 -6.97724 -0.878316 -0.108199 0.465676 -9.24846
0.472975 -0.030589 0.880544 246.076 -0.0815049 0.993591 0.0782955 -6.92918 -0.877298 -0.108801 0.467452 -8.86331
0.474961 -0.0372341 0.879219 246.804 -0.0796805 0.993179 0.0851041 -6.87803 -0.876392 -0.110478 0.468755 -8.47984
0.476671 -0.037717 0.878272 247.519 -0.0797723 0.993099 0.0859435 -6.82804 -0.875455 -0.111029 0.470374 -8.09366
0.478768 -0.0262619 0.877548 248.233 -0.0882402 0.993049 0.0778599 -6.78106 -0.873496 -0.114712 0.473124 -7.69588
0.479889 -0.0133294 0.877227 248.938 -0.0898911 0.993873 0.0642769 -6.74081 -0.872712 -0.109701 0.475752 -7.31047
0.481359 -0.0060657 0.876502 249.65 -0.0900971 0.994335 0.0563607 -6.69979 -0.871881 -0.1061 0.478086 -6.92951
0.481345 -0.0080271 0.876494 250.364 -0.0900382 0.994213 0.0585515 -6.65755 -0.871894 -0.107102 0.477838 -6.54002
0.481345 -0.0125338 0.876441 251.098 -0.090866 0.993795 0.0641159 -6.609 -0.871808 -0.110501 0.477221 -6.1233
0.483191 -0.0138873 0.875404 251.804 -0.0893085 0.993874 0.0650616 -6.57391 -0.870948 -0.109618 0.478992 -5.74356
0.484492 -0.0141999 0.87468 252.558 -0.0861096 0.994236 0.0638375 -6.53064 -0.870547 -0.106247 0.480478 -5.32806
0.485844 -0.0165714 0.873888 253.28 -0.0817999 0.994568 0.0643369 -6.48902 -0.870209 -0.102742 0.481851 -4.93008
0.487754 -0.0205579 0.872738 253.997 -0.0815709 0.994273 0.0690088 -6.44877 -0.869161 -0.10485 0.483286 -4.53911
