1 0 0 0 0 1 0 0 0 0 1 0
0.999872 8.82972e-05 0.0160209 -0.00547051 -9.07372e-05 1 0.000157928 0.00143716 -0.0160207 -0.000159267 0.999872 0.114356
0.999303 2.41903e-05 0.0373406 0.00535629 -3.35402e-05 1 0.000252733 0.00736133 -0.0373406 -0.000253819 0.999303 0.262969
0.997956 0.00023833 0.0639116 0.0277939 -0.00028257 1 0.000684584 0.0061673 -0.0639113 -0.000701148 0.997956 0.415056
0.995282 0.00015981 0.0970352 0.0626303 -0.000435162 0.999996 0.00281761 0.00768121 -0.0970344 -0.00284653 0.995278 0.597433
0.990899 -0.00281398 0.134577 0.111524 0.00214728 0.999985 0.00509957 0.0134105 -0.134589 -0.00476414 0.99089 0.796953
0.984721 -0.00503732 0.174077 0.181069 0.00404387 0.999974 0.00606167 0.0105538 -0.174103 -0.00526506 0.984714 0.986912
0.976014 -0.00505556 0.217647 0.251866 0.00360519 0.999969 0.00706058 0.0157773 -0.217676 -0.00610651 0.976002 1.20599
0.964189 -0.00482541 0.265176 0.330029 0.0021668 0.999945 0.0103177 0.0307561 -0.265211 -0.0093736 0.964146 1.42082
0.949986 -0.00809317 0.312191 0.441231 0.00294071 0.999852 0.0169714 0.0434232 -0.312281 -0.0152044 0.949869 1.66248
0.933118 -0.016409 0.3592 0.570202 0.00797862 0.999658 0.02494 0.035142 -0.359487 -0.020406 0.932928 1.87449
0.911998 -0.02188 0.409613 0.712257 0.0102559 0.999481 0.0305538 0.0316853 -0.410068 -0.0236639 0.911749 2.10744
0.887323 -0.0229524 0.460582 0.87695 0.0080515 0.99938 0.0342914 0.0399736 -0.461083 -0.026719 0.886956 2.35564
0.859123 -0.025073 0.511155 1.04824 0.00615983 0.999233 0.0386609 0.0544298 -0.511732 -0.0300657 0.85862 2.58271
0.827324 -0.0298441 0.560935 1.25467 0.00675183 0.999045 0.0431952 0.061746 -0.561689 -0.0319489 0.826733 2.8238
0.791739 -0.0350915 0.609852 1.47595 0.00825132 0.998872 0.0467638 0.0675604 -0.610804 -0.0319925 0.791137 3.04703
0.754073 -0.0388177 0.655646 1.72317 0.0084868 0.998745 0.0493703 0.0868631 -0.656739 -0.0316643 0.753455 3.27115
0.714598 -0.0420919 0.698269 1.99681 0.00878976 0.99865 0.0512035 0.0993204 -0.699481 -0.0304521 0.714004 3.50924
0.672859 -0.0426206 0.738545 2.27971 0.00608069 0.998625 0.0520898 0.121507 -0.739749 -0.0305581 0.672192 3.73015
0.630671 -0.0429428 0.774864 2.60665 0.00182887 0.998548 0.0538509 0.154587 -0.77605 -0.0325447 0.629834 3.96181
0.589121 -0.0435458 0.806874 2.94496 -0.00169479 0.998479 0.055124 0.177328 -0.808047 -0.033842 0.58815 4.18735
0.549181 -0.0448764 0.8345 3.31804 -0.00385214 0.998411 0.0562261 0.198949 -0.835697 -0.0340926 0.548136 4.40233
0.510749 -0.0465923 0.858469 3.72893 -0.00552988 0.998332 0.0574734 0.217259 -0.859716 -0.0341015 0.509639 4.61418
0.473512 -0.0467424 0.879549 4.14119 -0.00862122 0.998298 0.0576945 0.244659 -0.880748 -0.0349015 0.472302 4.83298
0.437587 -0.0465291 0.897975 4.59833 -0.0100783 0.998344 0.0566411 0.277147 -0.899124 -0.0338353 0.436392 5.03224
0.403955 -0.0459907 0.913625 5.09043 -0.00922095 0.998481 0.0543393 0.299338 -0.914735 -0.0303748 0.402917 5.22914
0.374507 -0.0450944 0.926131 5.59835 -0.00750611 0.998637 0.0516602 0.325219 -0.927198 -0.0262985 0.373657 5.42431
0.349341 -0.0433546 0.935996 6.14224 -0.0069159 0.998784 0.0488442 0.354553 -0.936973 -0.0235362 0.348616 5.61342
0.328773 -0.042981 0.943434 6.71354 -0.00612604 0.998846 0.0476406 0.381344 -0.944395 -0.0214422 0.328129 5.80558
0.314266 -0.0435283 0.948341 7.30378 -0.00555036 0.998848 0.047686 0.410408 -0.949322 -0.0202494 0.313662 5.9873
0.302285 -0.0448573 0.952166 7.92086 -0.0050717 0.998803 0.0486648 0.435752 -0.95321 -0.0195393 0.301694 6.18022
0.291764 -0.0459999 0.955388 8.56186 -0.00614655 0.998733 0.0499641 0.468565 -0.956474 -0.0204496 0.291111 6.37507
0.281442 -0.047709 0.958396 9.2375 -0.00732836 0.998628 0.051864 0.503621 -0.959557 -0.0216198 0.280705 6.5755
0.270978 -0.0492595 0.961329 9.93026 -0.00799469 0.998542 0.0534201 0.538189 -0.962556 -0.0221609 0.270189 6.77762
0.26145 -0.050767 0.963886 10.6493 -0.00895711 0.998446 0.055017 0.569899 -0.965182 -0.0230174 0.260588 6.97489
0.251235 -0.0519829 0.966534 11.3831 -0.00935075 0.998381 0.0561266 0.60808 -0.967885 -0.0231384 0.250342 7.16878
0.240363 -0.0532269 0.969228 12.138 -0.00985768 0.998311 0.057269 0.647314 -0.97064 -0.0233193 0.239432 7.35041
0.230682 -0.0556454 0.971442 12.902 -0.0108747 0.998155 0.0597581 0.688753 -0.972973 -0.0243489 0.229651 7.52988
0.219738 -0.0586423 0.9738 13.6822 -0.0128566 0.997932 0.0629969 0.73919 -0.975482 -0.0263622 0.218528 7.71487
0.206845 -0.0621657 0.976402 14.4719 -0.0135303 0.997703 0.0663885 0.774858 -0.978285 -0.0269426 0.205528 7.88763
0.194465 -0.0644262 0.978797 15.2629 -0.0140455 0.997557 0.0684518 0.81399 -0.980816 -0.0270587 0.193084 8.0438
0.180007 -0.0655049 0.981487 16.0697 -0.0148316 0.997487 0.0692932 0.854862 -0.983558 -0.0270298 0.178583 8.19316
0.166257 -0.0653043 0.983923 16.8702 -0.0161802 0.997491 0.068939 0.904148 -0.985957 -0.0273813 0.164782 8.33178
0.149684 -0.0653006 0.986581 17.6761 -0.0172282 0.997494 0.0686371 0.945791 -0.988589 -0.0272703 0.148183 8.45503
0.128621 -0.0643196 0.989612 18.4996 -0.0197848 0.997531 0.0674062 0.991412 -0.991504 -0.0282488 0.12703 8.56768
0.104117 -0.063151 0.992564 19.3176 -0.0240015 0.997533 0.0659852 1.04025 -0.99428 -0.0306926 0.102344 8.66033
0.0739842 -0.0636707 0.995231 20.153 -0.0276689 0.997446 0.0658697 1.09198 -0.996883 -0.0324099 0.0720329 8.72187
0.0399662 -0.0640359 0.997153 20.9981 -0.0303817 0.997406 0.0652701 1.13724 -0.998744 -0.0329032 0.0379166 8.76192
0.00655529 -0.0645972 0.997896 21.8305 -0.0323325 0.997377 0.0647765 1.18033 -0.999463 -0.0326886 0.00444904 8.76668
-0.028683 -0.0650385 0.997477 22.6835 -0.0340936 0.997366 0.0640511 1.22289 -0.999012 -0.0321698 -0.0308253 8.74842
-0.0604179 -0.0643871 0.9961 23.5133 -0.0366244 0.99739 0.0622494 1.2637 -0.997509 -0.0327201 -0.0626186 8.70077
-0.0928794 -0.062626 0.993713 24.3542 -0.0393968 0.997471 0.0591807 1.31299 -0.994903 -0.0336518 -0.0951122 8.62578
-0.126594 -0.0595242 0.990173 25.1987 -0.0374519 0.997774 0.0551933 1.34564 -0.991256 -0.0300961 -0.128541 8.51916
-0.157229 -0.0553058 0.986019 26.0266 -0.0330672 0.998166 0.0507145 1.37559 -0.987014 -0.0246304 -0.15877 8.3799
-0.189469 -0.0500658 0.980616 26.8605 -0.0277985 0.998574 0.0456122 1.40929 -0.981502 -0.0186171 -0.19059 8.21582
-0.217358 -0.0460799 0.975011 27.679 -0.022982 0.998851 0.0420834 1.43717 -0.975827 -0.0132598 -0.218167 8.02249
-0.245483 -0.0410249 0.968539 28.4984 -0.0158326 0.999142 0.0383087 1.46617 -0.96928 -0.00592992 -0.245922 7.7985
-0.273847 -0.0319292 0.96125 29.3128 -0.0105216 0.99949 0.0302022 1.48153 -0.961721 -0.00184231 -0.274044 7.56038
-0.298002 -0.0172819 0.954417 30.094 -0.00666431 0.999852 0.0160241 1.49259 -0.954551 -0.00158486 -0.298073 7.30385
-0.323064 1.52084e-05 0.946384 30.8729 -0.00620159 0.99998 -0.00213276 1.49698 -0.946363 -0.00655738 -0.323058 7.0422
-0.349821 0.0150627 0.936703 31.6461 -0.0075638 0.999795 -0.0189018 1.50176 -0.936795 -0.0136968 -0.349635 6.76028
-0.373324 0.0246415 0.927382 32.4119 -0.00434538 0.999591 -0.0283092 1.48381 -0.927697 -0.0145976 -0.373065 6.45471
-0.398588 0.0282458 0.916704 33.1686 -0.00127414 0.99951 -0.031351 1.44567 -0.917138 -0.0136637 -0.398356 6.12322
-0.419922 0.0269614 0.907168 33.9152 0.000421156 0.999566 -0.0295123 1.4189 -0.907567 -0.0120101 -0.419752 5.77518
-0.440456 0.0220216 0.897512 34.6501 0.00336213 0.999735 -0.0228795 1.38946 -0.897777 -0.00705939 -0.440413 5.41053
-0.459609 0.0198485 0.887909 35.3797 0.00987487 0.999804 -0.017238 1.35811 -0.888074 0.000845897 -0.459715 5.02631
-0.472692 0.0195059 0.881021 36.0883 0.0125245 0.999806 -0.0154158 1.3296 -0.881148 0.00374793 -0.472843 4.63833
-0.484131 0.0198043 0.874782 36.7862 0.0130176 0.999798 -0.01543 1.31204 -0.874907 0.00391812 -0.484291 4.246
-0.495451 0.0201587 0.868412 37.4779 0.0128818 0.999794 -0.015859 1.291 -0.86855 0.00332979 -0.495607 3.85081
-0.504886 0.0201128 0.862962 38.1687 0.00663526 0.999792 -0.0194195 1.26758 -0.863168 -0.00407799 -0.504915 3.45718
-0.517379 0.0189345 0.855557 38.8538 0.00717268 0.999819 -0.0177894 1.24229 -0.855736 -0.00306676 -0.51742 3.04849
-0.525269 0.0191877 0.850731 39.5374 0.00810289 0.999816 -0.0175469 1.22054 -0.850906 -0.0023229 -0.525328 2.62728
-0.532585 0.0196274 0.846159 40.2181 0.00872807 0.999808 -0.0176976 1.1959 -0.846341 -0.00203968 -0.532653 2.19122
-0.53772 0.0215086 0.84286 40.902 0.00905989 0.999767 -0.0197324 1.18491 -0.843084 -0.00297378 -0.537789 1.7481
-0.536378 0.0219957 0.843701 41.6147 0.0086033 0.999754 -0.0205944 1.16418 -0.843944 -0.00378726 -0.536433 1.3034
-0.533349 0.0216079 0.845631 42.3356 0.00961945 0.999767 -0.019479 1.14417 -0.845849 -0.00225396 -0.533433 0.844344
-0.528117 0.0206438 0.84893 43.0737 0.00856906 0.999786 -0.0189812 1.1244 -0.849138 -0.00274926 -0.52818 0.386676
-0.520418 0.0199147 0.853692 43.8369 0.00744343 0.999799 -0.018785 1.10092 -0.853889 -0.00342099 -0.520462 -0.0687017
-0.513348 0.019374 0.857971 44.6116 0.0068225 0.999808 -0.0184945 1.07821 -0.858163 -0.0036402 -0.51338 -0.525621
-0.507468 0.0183626 0.861488 45.4092 0.00560362 0.999825 -0.0180101 1.05346 -0.861662 -0.00431132 -0.507483 -0.989035
-0.501992 0.0171943 0.864711 46.225 0.00388619 0.99984 -0.017625 1.02813 -0.864874 -0.00548668 -0.501977 -1.44803
-0.501225 0.0153754 0.865192 47.056 0.00190064 0.999862 -0.0166672 1.00123 -0.865324 -0.0067088 -0.501185 -1.91866
-0.500873 0.0139446 0.865418 47.9059 0.000708706 0.99988 -0.0157009 0.973854 -0.865531 -0.00725027 -0.500821 -2.40023
-0.501804 0.0129892 0.864895 48.7628 5.52891e-05 0.999891 -0.014984 0.952587 -0.86499 -0.00747041 -0.50175 -2.88847
-0.503182 0.0122958 0.864103 49.6199 -0.000213092 0.9999 -0.014352 0.92902 -0.864192 -0.00740528 -0.503128 -3.38455
-0.502644 0.0116178 0.864427 50.5014 -0.000692574 0.999907 -0.0138408 0.906631 -0.864503 -0.00755491 -0.502589 -3.89155
-0.502756 0.0109944 0.864369 51.3857 -0.0009904 0.999914 -0.0132944 0.884633 -0.864438 -0.00753933 -0.502701 -4.39782
-0.503781 0.0103138 0.863781 52.2676 -0.00174973 0.999918 -0.0129592 0.860014 -0.86384 -0.00803915 -0.50372 -4.91235
-0.503154 0.00940841 0.864156 53.1696 -0.00281234 0.999921 -0.012524 0.838498 -0.864203 -0.00873119 -0.503087 -5.43224
-0.504012 0.00878349 0.863663 54.0431 -0.00307455 0.999927 -0.0119631 0.817356 -0.863701 -0.00868406 -0.503948 -5.94176
-0.50277 0.00817966 0.864392 54.9395 -0.00412997 0.999925 -0.0118643 0.794917 -0.864421 -0.00953434 -0.502697 -6.45328
-0.501649 0.00716473 0.865053 55.8233 -0.0046002 0.999933 -0.010949 0.767874 -0.86507 -0.00947112 -0.501582 -6.96436
-0.500831 0.00595904 0.865534 56.6779 -0.004464 0.999949 -0.00946763 0.751207 -0.865544 -0.00860489 -0.500778 -7.45694
-0.497738 0.00463038 0.867327 57.5717 -0.005566 0.999952 -0.00853224 0.717766 -0.867321 -0.00907356 -0.497687 -7.96642
-0.495663 0.00432816 0.868514 58.4477 -0.00565256 0.999954 -0.0082092 0.708218 -0.868507 -0.0089779 -0.495615 -8.46587
-0.49423 0.00433881 0.869332 59.3304 -0.00565138 0.999954 -0.00820329 0.692435 -0.869324 -0.00896644 -0.494182 -8.96799
-0.492687 0.00420122 0.870207 60.2115 -0.00638798 0.999949 -0.00844437 0.667546 -0.870194 -0.00971882 -0.492634 -9.46673
-0.494922 0.00437631 0.868938 61.064 -0.00705846 0.999939 -0.00905589 0.645954 -0.86892 -0.0106145 -0.494859 -9.95465
-0.496983 0.00463921 0.867759 61.9444 -0.00784528 0.999926 -0.00983891 0.622303 -0.867736 -0.0116971 -0.496908 -10.4532
-0.501608 0.00411039 0.865097 62.8123 -0.00850529 0.999921 -0.00968209 0.596381 -0.865065 -0.0122137 -0.501531 -10.9455
-0.507969 0.00299046 0.861382 63.6691 -0.00804423 0.999939 -0.00821507 0.580283 -0.86135 -0.0111018 -0.507912 -11.4428
-0.512738 -0.000348594 0.858557 64.5377 -0.00668354 0.999976 -0.00358493 0.546312 -0.858531 -0.00757557 -0.512726 -11.9623
-0.519005 -0.0018149 0.854781 65.3782 -0.00889605 0.99996 -0.00327814 0.532142 -0.854737 -0.00930515 -0.518999 -12.4612
-0.523215 -0.000723269 0.852212 66.2272 -0.00824235 0.999962 -0.00421126 0.51268 -0.852173 -0.00922689 -0.523199 -12.9827
-0.528275 -0.000390091 0.849086 67.0621 -0.00860935 0.999956 -0.00489693 0.500474 -0.849043 -0.00989655 -0.528253 -13.4947
-0.534123 -0.000597229 0.845419 67.8739 -0.00936992 0.999947 -0.00521296 0.483408 -0.845368 -0.0107051 -0.534099 -14.0053
-0.537115 -0.000969144 0.843521 68.7065 -0.0101256 0.99994 -0.00529862 0.459242 -0.843462 -0.0113867 -0.537091 -14.5239
-0.540448 -0.00219384 0.841387 69.5275 -0.0103012 0.999943 -0.00400906 0.440572 -0.841327 -0.0108332 -0.540439 -15.0452
-0.543837 -0.00875679 0.839159 70.3353 -0.00836363 0.999958 0.00501462 0.419405 -0.839164 -0.00429076 -0.543885 -15.5648
-0.545204 -0.0164769 0.838154 71.1609 -0.00824003 0.999868 0.0142962 0.409032 -0.838276 0.000888655 -0.545266 -16.0985
-0.547566 -0.0178756 0.836586 71.9628 -0.00835359 0.999845 0.0158965 0.420958 -0.836735 0.00171639 -0.547628 -16.6199
-0.547901 -0.014427 0.836432 72.7729 -0.00883289 0.9999 0.011461 0.414003 -0.836511 -0.00110775 -0.547971 -17.1375
-0.549085 -0.0100211 0.835721 73.5706 -0.00797545 0.999951 0.00675053 0.412516 -0.835743 -0.00295812 -0.549137 -17.6604
-0.550847 -0.0058726 0.834599 74.3556 -0.00238337 0.999987 0.0054637 0.409415 -0.834617 0.00102139 -0.550852 -18.1797
-0.549952 -0.0050575 0.835196 75.1549 0.00143902 0.999981 0.00700307 0.399307 -0.835209 0.00505373 -0.549932 -18.7166
-0.549509 -0.00771821 0.835467 75.9514 -7.83559e-06 0.999963 0.00923307 0.399396 -0.835503 0.00506803 -0.549486 -19.2386
-0.549688 -0.0127755 0.835288 76.7477 -0.00248393 0.99991 0.013659 0.391132 -0.835381 0.00543381 -0.549668 -19.7605
-0.548019 -0.0176208 0.836296 77.5488 -0.00482642 0.999833 0.0179042 0.38612 -0.836467 0.00577639 -0.54801 -20.2738
-0.548126 -0.0242974 0.836058 78.3388 -0.0128905 0.999711 0.0206024 0.381766 -0.836311 0.000516023 -0.548279 -20.7786
-0.545417 -0.0290854 0.837676 79.1488 -0.0206674 0.999566 0.0212502 0.385116 -0.837925 -0.00572142 -0.545779 -21.2843
-0.543754 -0.0293452 0.838748 79.9358 -0.0184203 0.999572 0.0230302 0.393224 -0.839058 -0.00292668 -0.544059 -21.7971
-0.541933 -0.0254329 0.840052 80.7177 -0.0119152 0.999679 0.0225795 0.393071 -0.840352 0.00222807 -0.54206 -22.3073
-0.535906 -0.0255139 0.843908 81.5059 -0.0127653 0.999682 0.022117 0.408648 -0.844198 0.00108041 -0.536058 -22.8073
-0.528376 -0.0241288 0.848683 82.2979 -0.00928418 0.999706 0.0226429 0.420315 -0.848975 0.00408537 -0.528442 -23.301
-0.521554 -0.0210089 0.852976 83.0809 -0.00111776 0.99972 0.0239397 0.429417 -0.853234 0.0115328 -0.521429 -23.8018
-0.510675 -0.023293 0.859474 83.8837 -0.00463654 0.999698 0.024339 0.432073 -0.859776 0.00844506 -0.510627 -24.2724
-0.500416 -0.025807 0.865418 84.6915 -0.00633415 0.999646 0.0261472 0.446131 -0.865779 0.00760324 -0.5004 -24.7374
-0.488148 -0.0279426 0.872329 85.5104 -0.00519137 0.999568 0.0291139 0.460754 -0.87276 0.0096841 -0.488081 -25.1949
-0.476762 -0.0306443 0.878516 86.3321 -0.00724503 0.999503 0.0309329 0.469389 -0.879019 0.00838328 -0.476745 -25.6372
-0.465726 -0.0315449 0.884381 87.1506 -0.0070297 0.99947 0.0319486 0.498477 -0.884915 0.00866314 -0.4657 -26.0685
-0.452963 -0.0315142 0.89099 87.9732 -0.0060864 0.999469 0.0322571 0.51176 -0.891526 0.00918885 -0.452912 -26.4882
-0.440894 -0.027732 0.897146 88.7906 -0.00525586 0.999591 0.0283162 0.531299 -0.897559 0.00776995 -0.440858 -26.8876
-0.430313 -0.0214798 0.902442 89.6174 -0.00317008 0.999754 0.0222847 0.53517 -0.902691 0.00672913 -0.430274 -27.2844
-0.41694 -0.0178511 0.908774 90.4361 -0.00302817 0.999834 0.0182509 0.545195 -0.908944 0.00485836 -0.416924 -27.6611
-0.405714 -0.0202059 0.913794 91.2812 -0.0036381 0.999791 0.0204925 0.555353 -0.91401 0.00499018 -0.405702 -28.0312
-0.39321 -0.0223418 0.919193 92.1231 -0.00361486 0.99974 0.0227536 0.5587 -0.919457 0.00562492 -0.393188 -28.3912
-0.382865 -0.0218028 0.923565 92.9592 -0.00544891 0.999765 0.0213433 0.566782 -0.923805 0.00313963 -0.382893 -28.7302
-0.376507 -0.0179475 0.926256 93.8034 -0.00960835 0.99984 0.015468 0.57796 -0.92638 -0.00307527 -0.376618 -29.0661
-0.370392 -0.0138297 0.928791 94.6455 -0.0144904 0.999862 0.00910983 0.586834 -0.928779 -0.0100837 -0.37054 -29.3898
-0.36665 -0.0118855 0.930299 95.4905 -0.0165793 0.999849 0.0062403 0.586744 -0.930228 -0.013135 -0.36679 -29.7181
-0.363511 -0.0122531 0.931527 96.3262 -0.0166954 0.999846 0.00663723 0.588982 -0.931458 -0.0131389 -0.363659 -30.0391
-0.358053 -0.0129398 0.933628 97.1739 -0.01742 0.999828 0.00717699 0.581479 -0.933555 -0.0136935 -0.358216 -30.3587
-0.353453 -0.0150549 0.935349 98.0033 -0.0165205 0.999823 0.00985038 0.582074 -0.935324 -0.0119701 -0.353639 -30.6726
-0.347326 -0.0167714 0.937611 98.8568 -0.0162777 0.999803 0.0118545 0.575124 -0.93762 -0.0111441 -0.347529 -30.979
-0.34162 -0.0194231 0.939655 99.7066 -0.0166611 0.999762 0.0146089 0.568083 -0.939708 -0.0106644 -0.341862 -31.282
-0.336272 -0.0207103 0.941553 100.538 -0.0218501 0.999667 0.0141853 0.568801 -0.941529 -0.0158022 -0.336611 -31.5694
-0.328995 -0.0219452 0.944095 101.39 -0.0306684 0.999459 0.0125455 0.577355 -0.943852 -0.0248255 -0.329489 -31.8454
-0.322083 -0.0176285 0.946563 102.229 -0.0278544 0.999577 0.00913828 0.574973 -0.94632 -0.0234221 -0.322436 -32.1273
-0.315738 -0.0169632 0.948714 103.067 -0.0266017 0.999614 0.00902062 0.577142 -0.948492 -0.0223883 -0.316066 -32.4012
-0.308575 -0.0177386 0.951051 103.915 -0.0260334 0.999615 0.0101981 0.583156 -0.950863 -0.0216115 -0.308917 -32.6694
-0.302074 -0.0218168 0.953054 104.774 -0.0247471 0.999589 0.0150389 0.58598 -0.952982 -0.0190414 -0.302489 -32.9397
-0.294541 -0.0231697 0.955375 105.631 -0.024299 0.999571 0.0167507 0.589265 -0.955349 -0.0182802 -0.294976 -33.2068
-0.288146 -0.0209362 0.957377 106.482 -0.0262445 0.999567 0.0139603 0.594192 -0.957246 -0.0211024 -0.288569 -33.4547
-0.281924 -0.0197427 0.959251 107.334 -0.0259336 0.999586 0.0129515 0.60823 -0.959105 -0.0212248 -0.282318 -33.7075
-0.275029 -0.020153 0.961245 108.19 -0.026593 0.999565 0.0133482 0.612316 -0.961088 -0.0218903 -0.275445 -33.9412
-0.268302 -0.0211435 0.96312 109.055 -0.0264101 0.999551 0.0145865 0.611803 -0.962992 -0.0215216 -0.268739 -34.1762
-0.260285 -0.0213246 0.965317 109.911 -0.0236177 0.999606 0.0157143 0.617221 -0.965263 -0.0187074 -0.260686 -34.4077
-0.252906 -0.021424 0.967272 110.772 -0.0222976 0.999625 0.0163109 0.618982 -0.967254 -0.0174417 -0.253288 -34.6352
-0.246423 -0.0214895 0.968945 111.644 -0.0210851 0.999644 0.0168083 0.626841 -0.968953 -0.0162874 -0.246788 -34.8546
-0.239217 -0.0225541 0.970723 112.505 -0.0243718 0.999561 0.0172186 0.633675 -0.970681 -0.0195383 -0.23966 -35.056
-0.233523 -0.0230324 0.9721 113.371 -0.0247733 0.999544 0.0177319 0.643693 -0.972056 -0.0199404 -0.233987 -35.2518
-0.229327 -0.0235943 0.973083 114.245 -0.0225189 0.999574 0.01893 0.643465 -0.97311 -0.0175705 -0.22976 -35.4531
-0.224618 -0.0238883 0.974175 115.097 -0.0212646 0.99959 0.0196088 0.648706 -0.974236 -0.01631 -0.225034 -35.6448
-0.22046 -0.0242279 0.975115 115.966 -0.0209727 0.999585 0.0200947 0.650219 -0.975192 -0.0160196 -0.220876 -35.8337
-0.214021 -0.0249131 0.976533 116.826 -0.0160146 0.999638 0.0219932 0.666194 -0.976719 -0.0109308 -0.214342 -36.034
-0.208986 -0.0256815 0.977601 117.696 -0.0101777 0.999665 0.0240859 0.670187 -0.977888 -0.0049151 -0.209177 -36.2292
-0.204563 -0.0271018 0.9785 118.57 -0.00816171 0.999637 0.0259814 0.669166 -0.978841 -0.00267039 -0.20471 -36.4038
-0.19935 -0.0254077 0.979619 119.433 -0.0088291 0.999677 0.0241318 0.689034 -0.979911 -0.00383741 -0.199509 -36.573
-0.195483 -0.0249468 0.980412 120.293 -0.0103551 0.999681 0.0233728 0.698295 -0.980674 -0.00558236 -0.195679 -36.7391
-0.194767 -0.0251859 0.980546 121.165 -0.0106712 0.999673 0.0235581 0.712341 -0.980814 -0.00587405 -0.194971 -36.9005
-0.192714 -0.0261493 0.980929 122.021 -0.0108846 0.999649 0.0245104 0.723398 -0.981217 -0.00595251 -0.19293 -37.0668
-0.192384 -0.0306249 0.980862 122.9 -0.0111113 0.999524 0.0290286 0.734068 -0.981279 -0.00531286 -0.192632 -37.2363
-0.189884 -0.0353753 0.981192 123.761 -0.0133776 0.99936 0.033442 0.748487 -0.981738 -0.00677495 -0.190236 -37.4017
-0.189185 -0.0368642 0.98127 124.625 -0.0130796 0.999309 0.0350205 0.769096 -0.981877 -0.00620793 -0.189536 -37.565
-0.1887 -0.0326736 0.981515 125.483 -0.0138104 0.999445 0.030616 0.78939 -0.981961 -0.00777691 -0.189046 -37.7303
-0.187096 -0.0312591 0.981865 126.329 -0.0143708 0.999482 0.029082 0.809399 -0.98226 -0.0086678 -0.187448 -37.8877
-0.187122 -0.0309424 0.981873 127.185 -0.0149351 0.999487 0.0286519 0.830358 -0.982246 -0.00930199 -0.187489 -38.0399
-0.187124 -0.0314899 0.981852 128.035 -0.0153457 0.999466 0.0291306 0.844448 -0.98224 -0.00961484 -0.187507 -38.1964
-0.185829 -0.0309695 0.982118 128.877 -0.0122278 0.999507 0.0292049 0.854783 -0.982529 -0.00658099 -0.186117 -38.3584
-0.185574 -0.0292868 0.982215 129.725 -0.0140785 0.999541 0.0271439 0.867993 -0.982553 -0.00878958 -0.1859 -38.5158
-0.184836 -0.0270778 0.982421 130.565 -0.0212693 0.999506 0.0235477 0.88901 -0.982563 -0.0165419 -0.185321 -38.6591
-0.184623 -0.026054 0.982486 131.401 -0.0250723 0.999457 0.0217931 0.897941 -0.982514 -0.0206083 -0.185176 -38.8017
-0.185304 -0.0259502 0.982363 132.225 -0.0242213 0.999478 0.021834 0.899961 -0.982407 -0.0197472 -0.185836 -38.9543
-0.184152 -0.0250941 0.982599 133.05 -0.0218696 0.99954 0.0214286 0.901748 -0.98268 -0.0175418 -0.184616 -39.1076
-0.183733 -0.0243597 0.982698 133.875 -0.0213618 0.999565 0.0207844 0.920006 -0.982769 -0.0171726 -0.184173 -39.2635
-0.180879 -0.0248141 0.983215 134.685 -0.0162548 0.99963 0.0222385 0.933011 -0.983397 -0.0119584 -0.181214 -39.4178
-0.177673 -0.0280089 0.983715 135.5 -0.00986441 0.999605 0.0266802 0.929903 -0.984064 -0.00496275 -0.177879 -39.57
-0.177072 -0.0337892 0.983642 136.319 -0.00694052 0.999438 0.033083 0.94072 -0.984199 -0.00096779 -0.177207 -39.7254
-0.172564 -0.0343546 0.984423 137.128 -0.0049368 0.99942 0.0340131 0.950374 -0.98501 0.00101019 -0.172634 -39.8669
-0.168511 -0.0327547 0.98518 137.926 -0.00795066 0.999471 0.0318705 0.959639 -0.985693 -0.00246117 -0.168682 -40.0155
-0.163536 -0.0322244 0.986035 138.736 -0.00630014 0.99949 0.0316197 0.990166 -0.986542 -0.00104039 -0.163656 -40.1558
-0.154818 -0.0325347 0.987431 139.521 -0.0080355 0.999477 0.0316721 1.00506 -0.987936 -0.00302998 -0.154997 -40.2724
-0.145746 -0.0339793 0.988763 140.323 -0.00178366 0.999427 0.0340834 1.02343 -0.989345 0.00320462 -0.145724 -40.394
-0.134463 -0.0356039 0.990303 141.12 0.0066842 0.999311 0.0368357 1.0303 -0.990922 0.0115735 -0.134132 -40.5058
-0.120628 -0.0352769 0.992096 141.886 0.00202773 0.999367 0.0357826 1.04571 -0.992721 0.00632882 -0.120481 -40.6014
-0.107115 -0.0349814 0.993655 142.683 0.00239006 0.99938 0.0354411 1.067 -0.994269 0.00617225 -0.106965 -40.6914
-0.0930598 -0.0350945 0.995068 143.478 0.00564019 0.999353 0.0357739 1.08712 -0.99567 0.00894222 -0.0928028 -40.7655
-0.0795178 -0.0320475 0.996343 144.256 0.0128543 0.999379 0.0331716 1.10782 -0.996776 0.0154462 -0.0790568 -40.8275
-0.0663397 -0.0281671 0.997426 145.037 0.0164267 0.999444 0.0293173 1.11798 -0.997689 0.0183301 -0.0658415 -40.8714
-0.0524061 -0.0204783 0.99844 145.823 0.0108839 0.999736 0.0210763 1.14931 -0.998593 0.0119729 -0.0521697 -40.9033
-0.0390108 -0.0157336 0.999142 146.572 0.00925487 0.999836 0.0161064 1.17546 -0.999223 0.00987614 -0.0388603 -40.9252
-0.0263576 -0.0146766 0.99957 147.319 0.00500476 0.999893 0.0148135 1.18874 -0.999668 0.00539452 -0.026282 -40.9392
-0.0142429 -0.0191392 0.999742 148.08 -0.00186105 0.999823 0.0191149 1.20576 -0.999925 -0.00158709 -0.0142776 -40.9539
-0.00359027 -0.0199066 0.999822 148.839 -0.00652041 0.999795 0.0198828 1.2163 -1 -0.0064457 -0.00372033 -40.9418
0.0058098 -0.0139508 0.999914 149.591 -0.00466942 0.999897 0.0139784 1.22261 -1 -0.00474874 0.00574244 -40.9332
0.0122831 -0.00817421 0.999918 150.326 -0.00204959 0.999978 0.00820027 1.21603 -0.999953 -0.0021478 0.0122649 -40.9219
0.0156243 -0.00664567 0.999884 151.073 -0.00448724 0.999972 0.0067168 1.22167 -0.999898 -0.00458992 0.0155924 -40.9111
0.0157875 -0.0109497 0.999843 151.829 -0.00876242 0.999912 0.0110892 1.23282 -0.999866 -0.00893361 0.0156891 -40.8939
0.0142109 -0.0168608 0.999786 152.574 -0.0123945 0.999784 0.0170375 1.21369 -0.999852 -0.0126321 0.0139971 -40.8751
0.0112415 -0.019472 0.999777 153.338 -0.0138654 0.999723 0.0196273 1.21227 -0.99987 -0.0140803 0.0109672 -40.8689
0.00821524 -0.0201279 0.999793 154.088 -0.0115681 0.999734 0.0202223 1.22173 -0.999929 -0.0117299 0.00797851 -40.8655
0.00429046 -0.0205347 0.999809 154.825 -0.0102099 0.999748 0.0205777 1.22899 -0.999969 -0.0102936 0.0040787 -40.8641
-3.54278e-05 -0.0211942 0.999806 155.567 -0.01045 0.999727 0.0211928 1.23505 -0.999975 -0.0104452 -0.000258544 -40.8686
-0.00537255 -0.0221768 0.999769 156.307 -0.0131679 0.999681 0.0221045 1.23057 -0.99993 -0.0130435 -0.00566379 -40.8703
-0.0111868 -0.0227747 0.999709 157.05 -0.0127613 0.999669 0.0226316 1.24431 -0.999886 -0.0125025 -0.0114755 -40.878
-0.0170593 -0.0227272 0.999626 157.789 -0.0126979 0.999677 0.0225122 1.26288 -0.999805 -0.0123064 -0.0173433 -40.896
-0.0219929 -0.0238469 0.999505 158.512 -0.0122173 0.999654 0.0235822 1.2554 -0.999714 -0.0116905 -0.0222782 -40.9187
-0.0273042 -0.0241328 0.999366 159.248 -0.0100923 0.999676 0.0238649 1.26962 -0.999608 -0.00943155 -0.0275397 -40.9389
-0.031935 -0.0237549 0.99924 159.972 -0.00740076 0.999703 0.0235299 1.30187 -0.999493 -0.00664179 -0.0321029 -40.959
-0.0350208 -0.0239114 0.999132 160.686 -0.00516567 0.999715 0.0237445 1.31851 -0.999405 -0.0043271 -0.0351349 -40.9824
-0.0359279 -0.0237653 0.999104 161.4 -0.00412054 0.999719 0.0236325 1.33623 -0.999376 -0.00326564 -0.0360172 -41.0054
-0.036534 -0.0248526 0.999056 162.092 -0.00531416 0.999692 0.0246743 1.33832 -0.999351 -0.00440499 -0.0366552 -41.0241
-0.0322188 -0.0271947 0.999143 162.809 -0.00503091 0.999628 0.0270465 1.34237 -0.999498 -0.00415313 -0.032345 -41.0596
-0.0251017 -0.0277715 0.999332 163.509 -0.00647607 0.999607 0.0276167 1.35498 -0.999697 -0.00577581 -0.0252722 -41.0739
-0.0147729 -0.0281125 0.999529 164.202 -0.00581253 0.999597 0.0280293 1.36496 -0.999904 -0.00539359 -0.0149318 -41.0785
-0.000344307 -0.0281938 0.999635 164.892 -0.00599044 0.999593 0.0281908 1.38188 -1.00001 -0.00597578 -0.000513903 -41.0863
0.0146865 -0.0290453 0.999503 165.578 -0.0071887 0.999556 0.0291533 1.40088 -0.999896 -0.00761118 0.0144696 -41.0742
0.0309276 -0.031256 0.999066 166.273 -0.00850964 0.999476 0.0315325 1.41554 -0.999519 -0.00947411 0.0306442 -41.039
0.0481688 -0.0380205 0.998149 166.958 -0.0101428 0.999213 0.0385514 1.43158 -0.998818 -0.0119789 0.0477435 -40.9994
0.0651887 -0.0449355 0.996894 167.624 -0.0083401 0.998936 0.0455731 1.46052 -0.997872 -0.0112822 0.064743 -40.9522
0.0823592 -0.0522255 0.995268 168.298 -0.00657466 0.998583 0.0529445 1.47738 -0.996612 -0.0109019 0.0818972 -40.8853
0.0997087 -0.0586805 0.993318 168.958 -0.00642295 0.99821 0.0596144 1.50198 -0.99503 -0.0123211 0.0991513 -40.8128
0.117967 -0.0593561 0.991278 169.622 -0.00810729 0.998127 0.0607324 1.51979 -0.993016 -0.0151987 0.117262 -40.7303
0.135264 -0.0605172 0.988993 170.28 -0.00767687 0.998048 0.0621214 1.53923 -0.990815 -0.0159921 0.134533 -40.63
0.152715 -0.060623 0.986446 170.923 -0.00876263 0.998 0.0626913 1.5724 -0.988264 -0.0182154 0.151876 -40.5261
0.169476 -0.0606891 0.983698 171.563 -0.0129619 0.997887 0.063798 1.60571 -0.985484 -0.0235596 0.168329 -40.4014
0.184049 -0.0620325 0.980996 172.172 -0.0133705 0.997762 0.065603 1.62664 -0.98286 -0.0251879 0.182805 -40.2654
0.196458 -0.0638638 0.978466 172.795 -0.0102682 0.997696 0.0671811 1.6505 -0.980494 -0.023242 0.195346 -40.1384
0.207194 -0.0644759 0.976211 173.424 -0.00895312 0.997665 0.067795 1.68275 -0.978293 -0.0227842 0.206131 -40.0023
0.216039 -0.0611649 0.974502 173.958 -0.0124702 0.99779 0.0653916 1.72454 -0.976341 -0.0262761 0.214796 -39.8597
0.225218 -0.0547869 0.972806 174.555 -0.0152097 0.998104 0.0597349 1.76296 -0.974225 -0.0282468 0.223955 -39.7031
0.234194 -0.0439487 0.971232 175.14 -0.0148523 0.998708 0.0487742 1.79174 -0.972114 -0.0258444 0.233235 -39.5496
0.241646 -0.0393363 0.969606 175.727 -0.0117055 0.998993 0.0434476 1.81792 -0.970329 -0.0218461 0.240939 -39.4019
0.247983 -0.0402191 0.967966 176.319 -0.0112353 0.99896 0.044386 1.85021 -0.968737 -0.0218791 0.247269 -39.2443
0.253917 -0.0462492 0.96616 176.909 -0.0124379 0.998624 0.0510741 1.89158 -0.967181 -0.024983 0.252989 -39.0727
0.258684 -0.0565203 0.964345 177.509 -0.017928 0.997844 0.0632935 1.92806 -0.965833 -0.0336585 0.25711 -38.8942
0.260736 -0.0633852 0.963367 178.102 -0.0170353 0.997391 0.0702365 1.96023 -0.965295 -0.034722 0.258973 -38.7244
0.261523 -0.064858 0.963055 178.708 -0.0142447 0.997382 0.0710387 1.98925 -0.96513 -0.0322931 0.259911 -38.5568
0.262036 -0.0613185 0.963149 179.308 -0.00990141 0.997762 0.0662181 2.04002 -0.965043 -0.0268856 0.260839 -38.4001
0.26347 -0.0622724 0.962695 179.917 -0.00831991 0.997739 0.0668171 2.07478 -0.96467 -0.0256103 0.262353 -38.2403
0.265242 -0.063621 0.962122 180.525 -0.00742678 0.997663 0.0680207 2.11692 -0.964189 -0.0251851 0.264146 -38.0642
0.267504 -0.0656567 0.961357 181.132 -0.00674401 0.997533 0.0700049 2.15057 -0.963571 -0.0252065 0.266398 -37.8891
0.270523 -0.0720925 0.960052 181.752 -0.00536054 0.997072 0.0763849 2.17918 -0.962735 -0.0258079 0.269341 -37.7083
0.274731 -0.073412 0.958755 182.369 -0.00449493 0.996981 0.077628 2.22062 -0.961549 -0.0256328 0.273568 -37.5295
0.280364 -0.0745027 0.95704 182.979 -0.00316113 0.996914 0.078535 2.26464 -0.959924 -0.0250413 0.27926 -37.3465
0.288816 -0.0753833 0.954452 183.603 -0.00229967 0.996846 0.0794286 2.31528 -0.95742 -0.0251317 0.287729 -37.1581
0.298259 -0.076112 0.951488 184.217 -0.00102308 0.996798 0.0800594 2.36138 -0.954521 -0.0248495 0.297223 -36.9652
0.309713 -0.0762736 0.947806 184.837 -0.000395012 0.996775 0.0803444 2.40387 -0.950869 -0.0252546 0.30868 -36.762
0.321338 -0.0714196 0.944311 185.445 -0.00115069 0.99713 0.0758081 2.44982 -0.947001 -0.0254442 0.32033 -36.5445
0.332542 -0.0669222 0.940751 186.053 -0.00332001 0.997398 0.0721265 2.49784 -0.943122 -0.0271049 0.33145 -36.3202
0.344477 -0.0671398 0.936434 186.679 -0.00206658 0.997391 0.0722727 2.54712 -0.93883 -0.026829 0.343436 -36.0877
0.35561 -0.0683144 0.932175 187.308 -0.00129135 0.997296 0.0735804 2.59196 -0.934674 -0.0273662 0.354555 -35.846
0.366534 -0.0692589 0.927867 187.925 -0.000226421 0.997227 0.0745279 2.63924 -0.930442 -0.0275246 0.365498 -35.5968
0.378168 -0.0702225 0.923111 188.557 0.000415282 0.997139 0.0756849 2.67745 -0.925778 -0.0282347 0.37711 -35.3316
0.387545 -0.0711323 0.919147 189.176 0.000660615 0.997048 0.0768848 2.7325 -0.921889 -0.0291866 0.386444 -35.0603
0.395314 -0.0709765 0.915842 189.819 -0.00246663 0.996933 0.0783268 2.77908 -0.918584 -0.033219 0.393921 -34.7764
0.399901 -0.0726294 0.913721 190.453 -0.00280766 0.996762 0.0804614 2.8312 -0.916592 -0.0347394 0.398398 -34.4945
0.402013 -0.0732071 0.912746 191.088 -0.002517 0.996715 0.0810518 2.89441 -0.915672 -0.0348776 0.400503 -34.2121
0.402485 -0.0744411 0.91244 191.746 -0.00141028 0.996645 0.0819355 2.94212 -0.915464 -0.0342619 0.401025 -33.9285
0.401732 -0.0741437 0.912794 192.397 -0.0001552 0.99672 0.0810304 2.9957 -0.9158 -0.0326905 0.400398 -33.6425
0.401086 -0.0742792 0.913068 193.044 0.00024993 0.996724 0.0809774 3.05605 -0.916079 -0.0322481 0.399786 -33.3601
0.400923 -0.075074 0.913074 193.726 0.000790949 0.996673 0.0816017 3.11425 -0.916153 -0.03199 0.399643 -33.0693
0.399959 -0.0801529 0.913066 194.392 0.00160616 0.996237 0.0867529 3.17434 -0.91657 -0.0332285 0.398578 -32.7732
0.39913 -0.0824739 0.913222 195.078 0.00255309 0.996051 0.0888398 3.22617 -0.916934 -0.0331233 0.397759 -32.4747
0.397829 -0.0837611 0.913673 195.759 0.00296478 0.995944 0.0900149 3.28786 -0.917494 -0.033099 0.396459 -32.1792
0.396073 -0.0846881 0.91435 196.431 0.00267398 0.995849 0.0910798 3.34767 -0.918258 -0.0336255 0.39465 -31.8802
0.395017 -0.0852914 0.914752 197.115 0.00260014 0.99579 0.0917272 3.40728 -0.91871 -0.0338526 0.39357 -31.5829
0.393153 -0.0854333 0.91554 197.79 0.00214496 0.995766 0.0919998 3.46801 -0.919514 -0.0342024 0.391666 -31.2874
0.392807 -0.0824296 0.915965 198.473 0.00265838 0.996082 0.0885019 3.52375 -0.919656 -0.0323265 0.391482 -31.0015
0.39233 -0.077442 0.916603 199.152 0.00166047 0.996516 0.0834845 3.57829 -0.919866 -0.0312278 0.391087 -30.7135
0.390972 -0.0765255 0.917261 199.832 0.00127733 0.996591 0.0826019 3.64001 -0.920441 -0.0311207 0.389732 -30.4229
0.390572 -0.0781776 0.917292 200.521 0.00120849 0.996439 0.0844101 3.69074 -0.920614 -0.031856 0.389271 -30.1246
0.389336 -0.0813851 0.917539 201.209 0.0013569 0.996148 0.0877844 3.73705 -0.921134 -0.0329299 0.387942 -29.8329
0.386431 -0.0818951 0.91872 201.888 -0.000351974 0.996045 0.0889376 3.78425 -0.92236 -0.0346879 0.38487 -29.5376
0.382459 -0.0826532 0.920315 202.579 -0.00178211 0.995933 0.0901875 3.83534 -0.924011 -0.0361304 0.380752 -29.2456
0.37532 -0.0837163 0.923152 203.261 -0.00285738 0.995812 0.091469 3.88786 -0.926933 -0.0369642 0.373505 -28.968
0.367119 -0.0838388 0.926434 203.955 -0.00397777 0.995788 0.091694 3.9516 -0.930205 -0.0373449 0.365236 -28.695
0.357117 -0.0840872 0.930312 204.642 -0.00200327 0.995877 0.090784 4.00795 -0.934099 -0.0342804 0.355472 -28.4343
0.345817 -0.0838462 0.934595 205.328 -0.00391949 0.99587 0.0907965 4.06677 -0.938333 -0.0350592 0.344056 -28.1828
0.335127 -0.0837762 0.938486 206.017 -0.00566915 0.99585 0.090923 4.13786 -0.942198 -0.0357873 0.333257 -27.9368
0.324133 -0.0902628 0.941742 206.72 -0.00469247 0.995281 0.0970121 4.20299 -0.946039 -0.0358611 0.322177 -27.6995
0.314395 -0.0991941 0.94414 207.423 -0.00114943 0.994493 0.104869 4.25266 -0.949333 -0.0340516 0.312547 -27.4733
0.308449 -0.104525 0.945528 208.126 -0.00187019 0.993885 0.110484 4.32216 -0.951278 -0.0358441 0.306364 -27.2487
0.303111 -0.104243 0.947281 208.828 -0.00616466 0.993772 0.111334 4.40294 -0.952977 -0.0395822 0.300578 -27.0152
0.301164 -0.105292 0.947788 209.531 -0.00619127 0.993657 0.112357 4.47413 -0.953591 -0.0397031 0.298599 -26.7952
0.299447 -0.105741 0.948281 210.238 -0.00633492 0.993606 0.112797 4.553 -0.954134 -0.0397801 0.29686 -26.5716
0.297427 -0.105542 0.948941 210.945 -0.0071719 0.993605 0.11276 4.63064 -0.954757 -0.0403406 0.294765 -26.3475
0.29768 -0.104784 0.948943 211.655 -0.00813821 0.993652 0.112276 4.71267 -0.954673 -0.0411411 0.294935 -26.1197
0.297954 -0.105597 0.948768 212.374 -0.00817561 0.993553 0.113152 4.78312 -0.954585 -0.0414679 0.295167 -25.8881
0.298907 -0.106297 0.948389 213.089 -0.0083309 0.993457 0.113976 4.86199 -0.954288 -0.0419654 0.296063 -25.6613
0.300983 -0.106836 0.947673 213.818 -0.00838127 0.993379 0.114653 4.94073 -0.953633 -0.0424485 0.298092 -25.4285
0.302026 -0.107575 0.947256 214.541 -0.00725309 0.993334 0.115122 5.0157 -0.953315 -0.0416365 0.299229 -25.2027
0.305668 -0.108039 0.946036 215.276 -0.00656298 0.993288 0.115558 5.09455 -0.952156 -0.0415284 0.302905 -24.9678
0.310039 -0.108445 0.944565 216.006 -0.00890405 0.993108 0.116942 5.16798 -0.950725 -0.0446632 0.306933 -24.722
0.314617 -0.110976 0.942758 216.734 -0.0102554 0.992696 0.12028 5.25905 -0.949205 -0.0475073 0.311177 -24.4703
0.320432 -0.112151 0.940656 217.477 -0.0115442 0.99244 0.122259 5.34463 -0.947245 -0.0500309 0.316711 -24.2162
0.324911 -0.111684 0.939176 218.212 -0.0144824 0.992309 0.123016 5.42422 -0.945676 -0.0535678 0.320791 -23.959
0.328519 -0.109909 0.938128 218.932 -0.0156255 0.992447 0.121747 5.50886 -0.944412 -0.0546509 0.324317 -23.699
0.334187 -0.103795 0.936824 219.673 -0.0220771 0.992793 0.117875 5.58847 -0.94229 -0.0600715 0.329484 -23.4248
0.338257 -0.102395 0.935514 220.4 -0.023729 0.992828 0.11725 5.67582 -0.940799 -0.0618554 0.333398 -23.153
0.343058 -0.10339 0.933657 221.137 -0.0230059 0.992711 0.118386 5.75679 -0.939075 -0.0620896 0.338175 -22.8794
0.346949 -0.10258 0.932306 221.87 -0.0237754 0.992729 0.118078 5.84219 -0.937628 -0.0631288 0.341983 -22.602
0.350556 -0.101317 0.931096 222.6 -0.0243483 0.99282 0.117203 5.91867 -0.936268 -0.0637536 0.345569 -22.3219
0.35558 -0.101809 0.929133 223.333 -0.0235052 0.992771 0.117779 6.00189 -0.934396 -0.0637152 0.350612 -22.0398
0.360049 -0.102692 0.927316 224.069 -0.0226928 0.992676 0.118744 6.08816 -0.932701 -0.0637937 0.355078 -21.7512
0.363931 -0.103768 0.925677 224.802 -0.0194494 0.992721 0.118932 6.16626 -0.931269 -0.0612827 0.359259 -21.4665
0.368788 -0.104185 0.923708 225.529 -0.0172721 0.99277 0.118874 6.24969 -0.929397 -0.0597905 0.364318 -21.1794
0.372775 -0.104043 0.92212 226.253 -0.0176842 0.992728 0.119161 6.33045 -0.9278 -0.060723 0.368219 -20.8859
0.377699 -0.103486 0.920179 226.982 -0.0186438 0.992695 0.119297 6.43271 -0.925784 -0.0622107 0.373006 -20.5808
0.382413 -0.103776 0.918196 227.707 -0.019039 0.992588 0.120116 6.52206 -0.923842 -0.063411 0.377598 -20.2738
0.385577 -0.101853 0.91709 228.429 -0.0156253 0.993036 0.116861 6.59852 -0.922588 -0.0593852 0.381296 -19.9676
0.390006 -0.0971981 0.915719 229.148 -0.0149254 0.993626 0.111826 6.67692 -0.920739 -0.0572762 0.386064 -19.6609
0.393857 -0.0925865 0.91455 229.867 -0.0167576 0.994036 0.107853 6.75944 -0.919064 -0.0578012 0.389952 -19.3426
0.396062 -0.0926114 0.913593 230.586 -0.0195763 0.993834 0.109235 6.84864 -0.918063 -0.0611442 0.391802 -19.0157
0.399849 -0.100213 0.91114 231.311 -0.0197284 0.992845 0.11786 6.9237 -0.916414 -0.0650984 0.395007 -18.699
0.40185 -0.112804 0.908783 232.045 -0.0173667 0.991278 0.130725 6.99812 -0.915589 -0.0683103 0.39638 -18.3829
0.402294 -0.120082 0.907655 232.774 -0.0165196 0.990259 0.138335 7.08523 -0.915407 -0.070642 0.396387 -18.0639
0.405282 -0.121938 0.906076 233.495 -0.0153905 0.990026 0.140122 7.17369 -0.914111 -0.0707296 0.399357 -17.738
0.407447 -0.118275 0.905592 234.216 -0.0179026 0.990365 0.137405 7.27205 -0.9131 -0.0721944 0.401399 -17.4182
0.412122 -0.113665 0.904065 234.932 -0.0168761 0.991077 0.1323 7.37332 -0.911022 -0.0697764 0.40652 -17.0915
0.41617 -0.110279 0.90263 235.647 -0.0150097 0.991662 0.128081 7.46221 -0.90921 -0.0668484 0.411039 -16.7607
0.419343 -0.110712 0.901106 236.351 -0.0124516 0.991753 0.127647 7.55381 -0.907792 -0.0647437 0.4145 -16.4342
0.423868 -0.109922 0.899085 237.079 -0.0124162 0.991822 0.127117 7.6498 -0.905686 -0.0650408 0.419032 -16.0902
0.427394 -0.112072 0.897147 237.798 -0.00957726 0.991682 0.128446 7.74039 -0.904065 -0.0634852 0.422759 -15.747
0.42985 -0.116124 0.895458 238.509 -0.0052311 0.991371 0.131077 7.83005 -0.902932 -0.0610245 0.425528 -15.4091
0.433205 -0.122027 0.893052 239.241 -0.00453682 0.990497 0.137546 7.92652 -0.901335 -0.0636328 0.428529 -15.0588
0.434626 -0.129438 0.891318 239.951 0.00128124 0.989719 0.143106 8.01996 -0.900658 -0.0610526 0.430318 -14.7159
0.437103 -0.135086 0.889266 240.679 0.00175781 0.988796 0.149345 8.13104 -0.899461 -0.0637113 0.432437 -14.3637
0.438541 -0.142114 0.887462 241.396 0.00547256 0.987836 0.155487 8.23933 -0.898743 -0.0633275 0.433979 -14.0151
0.439669 -0.143295 0.886712 242.103 0.0051338 0.987589 0.157055 8.34246 -0.898196 -0.0644955 0.434942 -13.6665
0.442663 -0.132279 0.886935 242.801 -0.00188406 0.988933 0.148435 8.45686 -0.896734 -0.0673743 0.437509 -13.2957
0.443991 -0.120158 0.887995 243.503 -0.00454227 0.990666 0.136325 8.55208 -0.896071 -0.0645562 0.439295 -12.9417
0.44417 -0.114636 0.888637 244.209 -0.00405478 0.991526 0.12994 8.65845 -0.895982 -0.0613152 0.439936 -12.5874
0.444685 -0.115745 0.888234 244.936 -0.00413578 0.991352 0.131256 8.76148 -0.895728 -0.0620366 0.440354 -12.2298
0.444474 -0.119739 0.887811 245.654 -0.00471432 0.990713 0.135981 8.8727 -0.895828 -0.0646221 0.439776 -11.8646
0.446147 -0.122131 0.886645 246.38 -0.00327962 0.990428 0.13808 8.9621 -0.895005 -0.0645074 0.44147 -11.5002
0.44731 -0.123609 0.885855 247.104 -0.00105732 0.990344 0.138726 9.05856 -0.894428 -0.0629869 0.442854 -11.1402
0.447972 -0.125254 0.885288 247.821 0.000880743 0.990212 0.139657 9.16235 -0.894099 -0.0617783 0.443692 -10.7814
