1 0 0 0 0 1 0 0 0 0 1 0
0.998061 -0.000636806 -0.0623678 0.202795 0.000926932 0.999996 0.0046157 -0.0154913 0.0623591 -0.00466472 0.998048 1.12524
0.998043 -0.000340954 -0.062527 0.0985561 0.000724212 0.999981 0.00610771 -0.0213883 0.0625237 -0.00614108 0.998024 2.62118
0.997882 0.00100045 -0.0651626 -0.0117024 -0.000568324 0.999984 0.00664218 -0.0276295 0.0651626 -0.00659116 0.997858 4.15067
0.997877 0.00164733 -0.0651184 -0.117446 -0.0011769 0.999973 0.00726403 -0.0269395 0.0651287 -0.00717216 0.997851 5.63962
0.997698 0.00209746 -0.0678853 -0.22889 -0.00154024 0.999971 0.00825262 -0.0282473 0.067895 -0.00812919 0.997664 7.15943
0.997585 0.00213209 -0.0694386 -0.34275 -0.00152983 0.999961 0.00872836 -0.0254294 0.0694545 -0.00860123 0.997549 8.6585
0.997606 0.0014677 -0.0692327 -0.451533 -0.000795304 0.999958 0.00973233 -0.0317316 0.0692384 -0.00965416 0.997558 10.1369
0.997401 0.00115663 -0.0720454 -0.562393 -0.000412434 0.999947 0.0103471 -0.0251847 0.0720534 -0.0102906 0.997349 11.6385
0.99733 0.00150592 -0.0731125 -0.679954 -0.000698881 0.999944 0.0110562 -0.027302 0.0731195 -0.0109757 0.997268 13.1232
0.997361 0.00205369 -0.0725772 -0.797349 -0.00120049 0.99993 0.0118004 -0.0235557 0.0725962 -0.0116822 0.997295 14.5904
0.99721 0.00297025 -0.0746963 -0.916749 -0.00200874 0.999919 0.0129383 -0.0214109 0.0747231 -0.0127523 0.997128 16.0785
0.997171 0.00419532 -0.0750645 -1.0375 -0.00312437 0.999892 0.0143815 -0.012331 0.0751167 -0.0141063 0.997077 17.5509
0.997273 0.00462393 -0.0737666 -1.15401 -0.00350974 0.999883 0.0152212 -0.00600344 0.0738227 -0.0149209 0.997166 19.006
0.997111 0.00477813 -0.0758322 -1.27451 -0.00355819 0.999863 0.0162174 -3.23076e-06 0.0758992 -0.0159007 0.996992 20.4813
0.997231 0.00505726 -0.0743048 -1.38647 -0.00383049 0.999859 0.0166366 0.00844747 0.0743729 -0.0163061 0.997103 21.9221
0.997093 0.00577814 -0.0759952 -1.51231 -0.00443905 0.999833 0.017781 0.0161444 0.0760852 -0.017392 0.996953 23.3848
0.997125 0.00621236 -0.0756146 -1.63128 -0.00480975 0.999818 0.018711 0.0270131 0.0757114 -0.0182938 0.996968 24.8299
0.997265 0.00651033 -0.0736517 -1.74313 -0.0051208 0.999807 0.0190434 0.0386241 0.0737614 -0.018614 0.997106 26.254
0.997153 0.00681864 -0.0751937 -1.87063 -0.00541372 0.999812 0.0188648 0.0563081 0.0753026 -0.0184043 0.996996 27.6963
0.997195 0.00630162 -0.0746197 -1.98539 -0.0048406 0.999795 0.019748 0.0645716 0.0747287 -0.0193314 0.997021 29.1244
0.997356 0.0049582 -0.0726316 -2.08681 -0.00341891 0.999772 0.0212948 0.0754325 0.0727151 -0.0209904 0.997137 30.5311
0.997259 0.00431698 -0.0738958 -2.20285 -0.00265626 0.999744 0.0225613 0.0929577 0.073974 -0.0223031 0.997015 31.954
0.997404 0.00364783 -0.0720518 -2.3036 -0.00204627 0.999753 0.022282 0.102709 0.0721099 -0.0220768 0.997158 33.3444
0.99734 0.00377714 -0.0728247 -2.42207 -0.00219095 0.99976 0.0218526 0.121753 0.0728896 -0.0216349 0.99711 34.7253
0.997398 0.00407258 -0.0721017 -2.53193 -0.00251387 0.999765 0.0216879 0.144342 0.0721678 -0.0214505 0.997167 36.0924
0.99757 0.00424241 -0.0695834 -2.62746 -0.00271617 0.999755 0.0220174 0.159843 0.0696597 -0.0217749 0.997338 37.4414
0.997569 0.0046327 -0.0696646 -2.73133 -0.00303294 0.999734 0.0230445 0.177791 0.0697475 -0.0227774 0.99731 38.7756
0.997685 0.00447029 -0.0679044 -2.83473 -0.00280574 0.999695 0.0245927 0.196896 0.0679936 -0.0243452 0.997393 40.0991
0.997898 0.00407246 -0.0648193 -2.92365 -0.0024184 0.999674 0.0255689 0.202366 0.0648969 -0.0253586 0.997575 41.3983
0.997964 0.00440039 -0.0636771 -3.01841 -0.0027375 0.999655 0.0261813 0.227233 0.0637704 -0.0259537 0.997632 42.6781
0.998255 0.00421485 -0.0590662 -3.09383 -0.00266122 0.999653 0.0263489 0.246442 0.0591514 -0.0261458 0.997912 43.9377
0.998395 0.00383416 -0.0565771 -3.17988 -0.00239128 0.999672 0.0255521 0.260776 0.0566566 -0.0253758 0.998076 45.1874
0.998718 0.00375661 -0.0506617 -3.24624 -0.00249693 0.999691 0.0248941 0.278521 0.0507343 -0.0247359 0.998411 46.4107
0.998778 0.00399822 -0.0493468 -3.32726 -0.00278187 0.999692 0.0246969 0.302584 0.0494305 -0.0245294 0.998481 47.648
0.999078 0.00411469 -0.042969 -3.38297 -0.00305204 0.999693 0.024754 0.313499 0.0430523 -0.0246003 0.998776 48.8509
0.999324 0.00497079 -0.0365232 -3.43841 -0.00406807 0.999686 0.0247543 0.335975 0.036635 -0.024589 0.999031 50.0467
0.999596 0.00577526 -0.0281863 -3.48255 -0.00507122 0.999679 0.0249659 0.358132 0.0283162 -0.024813 0.999297 51.2297
0.99977 0.00611013 -0.0207504 -3.5257 -0.00557952 0.999659 0.0255418 0.372929 0.0208997 -0.0254201 0.999463 52.4075
0.999932 0.00807465 -0.00944852 -3.5401 -0.00783175 0.999649 0.02541 0.387003 0.0096452 -0.0253345 0.999639 53.569
0.999953 0.00982706 0.00276911 -3.55994 -0.00989463 0.999627 0.0254883 0.407581 -0.00251719 -0.0255143 0.999676 54.7321
0.99979 0.011353 0.0176345 -3.56012 -0.0118059 0.9996 0.0258242 0.421339 -0.0173393 -0.026027 0.999518 55.868
0.999313 0.0126023 0.0350035 -3.5291 -0.0135453 0.999549 0.0268316 0.433088 -0.034649 -0.0272872 0.999031 56.989
0.998577 0.0129772 0.05192 -3.49706 -0.0144363 0.99951 0.0278387 0.449127 -0.0515383 -0.0285486 0.998271 58.1066
0.99738 0.0128111 0.0712811 -3.42824 -0.0148226 0.999505 0.0277608 0.466091 -0.0708895 -0.0287445 0.997075 59.2099
0.995654 0.0122193 0.0924357 -3.33385 -0.0148067 0.999518 0.0273633 0.484162 -0.0920616 -0.0286131 0.99535 60.2943
0.993566 0.0101377 0.112861 -3.23571 -0.0132653 0.999548 0.0269937 0.5064 -0.112535 -0.028317 0.993249 61.3722
0.990716 0.00524627 0.135927 -3.09116 -0.00925326 0.999543 0.0288675 0.506288 -0.135718 -0.0298573 0.990307 62.4297
0.98738 0.000112445 0.158417 -2.93695 -0.0050128 0.999522 0.0305325 0.526646 -0.158337 -0.030941 0.986906 63.4754
0.983127 -0.00442665 0.182932 -2.75471 -0.00121677 0.999529 0.0307282 0.549868 -0.182987 -0.0304324 0.982654 64.5003
0.977841 -0.0100175 0.209147 -2.53266 0.00382553 0.999544 0.0299877 0.555317 -0.209351 -0.0285227 0.977431 65.5125
0.971931 -0.0129008 0.23496 -2.30662 0.00592423 0.999523 0.0303759 0.575321 -0.235244 -0.0281314 0.97154 66.505
0.96457 -0.0155062 0.263402 -2.03969 0.00724956 0.999453 0.0322881 0.603533 -0.263757 -0.0292342 0.964153 67.4808
0.956345 -0.0196749 0.291615 -1.74886 0.00999826 0.999352 0.0346375 0.616659 -0.292112 -0.0302098 0.955918 68.4433
0.94694 -0.0208616 0.320758 -1.43512 0.00997147 0.999318 0.0355557 0.631919 -0.32128 -0.0304703 0.946501 69.3794
0.936161 -0.0210263 0.350976 -1.10215 0.0102458 0.99942 0.0325458 0.673348 -0.35146 -0.0268723 0.935829 70.2908
0.924784 -0.0218578 0.379888 -0.745195 0.0120237 0.999529 0.0282398 0.689802 -0.380324 -0.0215476 0.924609 71.1831
0.912191 -0.0227776 0.409158 -0.356596 0.0122244 0.999524 0.0283909 0.718584 -0.409614 -0.0208964 0.912032 72.0493
0.897532 -0.0233893 0.440352 0.0569831 0.0108904 0.999464 0.0308893 0.729089 -0.440836 -0.0229281 0.897303 72.9288
0.88204 -0.0221926 0.470677 0.479724 0.00651932 0.999372 0.0349048 0.758385 -0.471159 -0.0277192 0.881627 73.7619
0.863926 -0.0230383 0.503113 0.945518 0.0056691 0.999335 0.0360264 0.777242 -0.503606 -0.0282714 0.863479 74.5832
0.84474 -0.0194104 0.534848 1.42336 0.00148144 0.999425 0.0339318 0.787798 -0.535202 -0.0278715 0.844279 75.3732
0.824514 -0.0135165 0.565701 1.93436 -0.0039648 0.999554 0.0296614 0.820446 -0.565847 -0.0266985 0.824088 76.1402
0.803251 -0.0119502 0.595542 2.4768 -0.0056139 0.999604 0.027631 0.842285 -0.59564 -0.0255383 0.802862 76.8949
0.781644 -0.0139618 0.623588 3.04208 -0.00557783 0.999556 0.0293712 0.851538 -0.623717 -0.0264355 0.781214 77.6174
0.758582 -0.0146073 0.651432 3.63238 -0.0061431 0.999545 0.0295675 0.877046 -0.651571 -0.0264314 0.758145 78.3126
0.734298 -0.0125967 0.678729 4.25505 -0.0073792 0.999623 0.0265357 0.888597 -0.678804 -0.024493 0.733923 78.9932
0.709553 -0.0108344 0.704587 4.875 -0.00842849 0.999681 0.0238607 0.913376 -0.704623 -0.0228694 0.709233 79.6324
0.683276 -0.00969125 0.730115 5.53755 -0.0102426 0.999688 0.0228553 0.937645 -0.730105 -0.023094 0.682958 80.2681
0.656995 -0.0090983 0.753857 6.20366 -0.0109549 0.999707 0.0216136 0.938171 -0.753836 -0.0224588 0.6567 80.8671
0.629497 -0.00365066 0.777012 6.91004 -0.0134436 0.99979 0.0155891 0.947903 -0.776901 -0.0202584 0.629311 81.4536
0.599711 0.0051205 0.800216 7.63534 -0.015832 0.999861 0.00546789 0.961385 -0.80008 -0.0159486 0.599705 82.0136
0.570592 0.0120754 0.821162 8.36854 -0.0181185 0.999836 -0.00211252 0.9583 -0.821048 -0.0136721 0.570712 82.5372
0.540036 0.0162812 0.8415 9.13515 -0.0210714 0.999762 -0.00581979 0.953159 -0.841398 -0.0145891 0.540248 83.0441
0.50807 0.0159443 0.861185 9.93466 -0.023759 0.99971 -0.00449149 0.950859 -0.861002 -0.0181782 0.508296 83.5368
0.476232 0.0150581 0.879206 10.7362 -0.028515 0.999594 -0.00167378 0.944346 -0.878876 -0.0242738 0.476466 83.9901
0.442177 0.0163 0.896796 11.5765 -0.0335537 0.999438 -0.00162081 0.935439 -0.896313 -0.0293733 0.44247 84.4241
0.408086 0.0182126 0.912777 12.417 -0.0400265 0.999198 -0.00204123 0.928652 -0.912084 -0.0357026 0.408486 84.8238
0.372946 0.0207513 0.927637 13.2809 -0.0449884 0.998981 -0.00425956 0.916627 -0.926775 -0.0401435 0.373493 85.2019
0.336961 0.0205831 0.941308 14.1667 -0.0474585 0.998864 -0.00485227 0.913894 -0.94034 -0.0430383 0.337552 85.5404
0.301441 0.0196855 0.953296 15.0701 -0.0480693 0.998831 -0.00542518 0.908407 -0.952284 -0.0441881 0.302029 85.843
0.265974 0.0192642 0.963802 15.9808 -0.0477824 0.998837 -0.00677776 0.894441 -0.962813 -0.0442503 0.266583 86.1112
0.230605 0.0188583 0.97288 16.9104 -0.047183 0.998855 -0.00817729 0.884534 -0.971915 -0.0440168 0.231225 86.3369
0.196621 0.0165917 0.980354 17.8427 -0.0411981 0.999116 -0.00864603 0.861811 -0.979631 -0.038689 0.197129 86.5266
0.1623 0.0177355 0.986597 18.794 -0.0404359 0.99912 -0.0113081 0.855191 -0.985924 -0.0380578 0.162869 86.6928
0.130309 0.0188836 0.991309 19.742 -0.0402531 0.999098 -0.0137402 0.856884 -0.990673 -0.038113 0.13095 86.8199
0.10085 0.0204655 0.994707 20.7054 -0.035717 0.99922 -0.0169365 0.826424 -0.994272 -0.033819 0.101496 86.9212
0.0743351 0.0205807 0.997036 21.6755 -0.0348559 0.999231 -0.0180269 0.814818 -0.996641 -0.0334127 0.0749943 87.006
0.0525559 0.0201596 0.99843 22.6557 -0.0342134 0.999246 -0.0183745 0.803162 -0.998045 -0.0331931 0.0532 87.0593
0.0334089 0.0197358 0.999262 23.6405 -0.0340319 0.999249 -0.0185974 0.785292 -0.99888 -0.0333855 0.0340546 87.1026
0.0157461 0.0201561 0.999688 24.6226 -0.0337724 0.999237 -0.0196144 0.765412 -0.999319 -0.0334521 0.0164089 87.1274
0.00176094 0.020624 0.999801 25.6023 -0.0337576 0.999219 -0.0205523 0.746249 -0.999446 -0.0337148 0.0024552 87.1271
-0.0106607 0.0210012 0.999738 26.5909 -0.0331941 0.999221 -0.0213436 0.718208 -0.999405 -0.0334121 -0.00996106 87.1191
-0.0208259 0.0236972 0.999518 27.5791 -0.0284616 0.999301 -0.0242848 0.68822 -0.999396 -0.0289537 -0.0201374 87.0981
-0.0260102 0.0279089 0.999288 28.578 -0.0251749 0.999276 -0.0285631 0.673839 -0.999358 -0.025899 -0.0252946 87.0606
-0.0299619 0.0286525 0.999157 29.5709 -0.0248426 0.99926 -0.0294002 0.657243 -0.999261 -0.0257026 -0.0292283 87.0323
-0.0337294 0.0289656 0.999028 30.5708 -0.0246393 0.999253 -0.0298033 0.62246 -0.999141 -0.0256197 -0.0329964 87.0016
-0.0356326 0.0296328 0.998942 31.5727 -0.0243599 0.999238 -0.0305103 0.596469 -0.999087 -0.0254213 -0.034884 86.9644
-0.0390375 0.0299421 0.998806 32.5711 -0.0242607 0.999229 -0.0309023 0.562064 -0.998958 -0.0254371 -0.0382868 86.9337
-0.04018 0.0303963 0.998747 33.5779 -0.0240257 0.999219 -0.0313771 0.530111 -0.998922 -0.0252563 -0.0394187 86.8964
-0.0424818 0.0302208 0.998658 34.5919 -0.0231048 0.999246 -0.0312208 0.485345 -0.998845 -0.0243992 -0.0417573 86.8542
-0.0455716 0.0299209 0.99853 35.6082 -0.022536 0.999267 -0.0309714 0.459103 -0.998725 -0.0239142 -0.0448643 86.8132
-0.0470064 0.0298036 0.998467 36.6322 -0.0225094 0.99927 -0.0308865 0.428172 -0.998656 -0.0239258 -0.0463069 86.7704
-0.0491862 0.0299411 0.998358 37.6527 -0.0229883 0.999252 -0.0311004 0.386482 -0.998544 -0.0244802 -0.0484615 86.7241
-0.0528174 0.0302103 0.998165 38.6675 -0.0228194 0.999245 -0.0314498 0.359497 -0.998359 -0.0244377 -0.0520938 86.6747
-0.0543484 0.0304709 0.998074 39.7042 -0.0230162 0.99923 -0.0317593 0.319454 -0.998275 -0.0246978 -0.0536057 86.628
-0.0577028 0.0308564 0.997875 40.728 -0.0235603 0.999203 -0.0322592 0.285058 -0.998072 -0.0253708 -0.0569356 86.5811
-0.0589633 0.0314081 0.997782 41.7758 -0.024365 0.999161 -0.032891 0.251516 -0.997982 -0.0262502 -0.0581492 86.5314
-0.0614104 0.0314528 0.997635 42.8209 -0.0249102 0.999144 -0.0330331 0.21418 -0.997819 -0.0268789 -0.0605803 86.4796
-0.0648512 0.0301041 0.997457 43.8722 -0.025879 0.999157 -0.0318377 0.169847 -0.997579 -0.0278778 -0.0640181 86.4233
-0.0669243 0.0296506 0.997335 44.9423 -0.0261402 0.999163 -0.0314583 0.142787 -0.997433 -0.0281749 -0.0660991 86.3646
-0.069355 0.0287682 0.997194 46.0071 -0.0266768 0.999172 -0.0306803 0.0944376 -0.997255 -0.0287297 -0.0685307 86.2988
-0.0721382 0.0286608 0.997001 47.0632 -0.027066 0.999163 -0.0306806 0.0612026 -0.997045 -0.0291971 -0.071308 86.2343
-0.0728154 0.0285331 0.996954 48.1317 -0.0274383 0.999154 -0.0305998 0.0263693 -0.996989 -0.0295827 -0.0719713 86.158
-0.0737092 0.0286817 0.996886 49.202 -0.027645 0.999143 -0.0307901 -0.00346324 -0.996915 -0.0298274 -0.072859 86.0842
-0.0747876 0.028598 0.996806 50.273 -0.0282387 0.999126 -0.0307829 -0.0389529 -0.996819 -0.0304505 -0.0739153 86.0136
-0.0739242 0.0279347 0.996891 51.3576 -0.0296806 0.999103 -0.030197 -0.0753908 -0.996841 -0.0318196 -0.0730347 85.9438
-0.0745258 0.0276199 0.996853 52.4382 -0.0314317 0.999053 -0.0300304 -0.110089 -0.996743 -0.0335707 -0.0735878 85.8777
-0.0737665 0.0277755 0.996906 53.5249 -0.0339614 0.998962 -0.0303451 -0.14912 -0.996716 -0.0360937 -0.0727525 85.8089
-0.0737431 0.0275884 0.996912 54.6119 -0.0367814 0.99886 -0.0303627 -0.188188 -0.996618 -0.0389067 -0.072645 85.7383
-0.0753112 0.026876 0.996815 55.6987 -0.0398907 0.998754 -0.0299415 -0.231503 -0.99638 -0.0420176 -0.0741512 85.6639
-0.0746508 0.0228001 0.996966 56.8048 -0.0397476 0.998874 -0.0258196 -0.271637 -0.996436 -0.0415543 -0.0736613 85.589
-0.0750511 0.0148561 0.997087 57.9157 -0.0377324 0.99913 -0.017726 -0.309046 -0.996484 -0.0389518 -0.0744311 85.5055
-0.0764763 0.00975304 0.997041 59.016 -0.0329148 0.999381 -0.0123002 -0.335182 -0.996547 -0.0337578 -0.0761087 85.4197
-0.0750753 0.0101991 0.997145 60.1306 -0.0265408 0.999571 -0.0122215 -0.361027 -0.996844 -0.0273813 -0.0747784 85.3294
-0.0756255 0.014837 0.997045 61.2315 -0.0226033 0.999606 -0.0165892 -0.392184 -0.996899 -0.0237909 -0.075261 85.2397
-0.0738216 0.0198997 0.997091 62.3512 -0.0193972 0.99958 -0.0213849 -0.407619 -0.997103 -0.0209183 -0.0734107 85.1567
-0.0732435 0.0216241 0.997099 63.4763 -0.0190508 0.999552 -0.0230764 -0.450292 -0.997152 -0.0206856 -0.0727994 85.0755
-0.0738787 0.0215301 0.997054 64.6068 -0.0203849 0.999523 -0.0230933 -0.462132 -0.997079 -0.0220299 -0.0734105 84.9968
-0.0725767 0.0161414 0.997252 65.7458 -0.0203826 0.999636 -0.017663 -0.48268 -0.997174 -0.0216083 -0.0722218 84.9207
-0.0722145 0.0150695 0.997294 66.8885 -0.0211475 0.999635 -0.0166357 -0.502892 -0.997185 -0.0222905 -0.0718754 84.8472
-0.0733871 0.0153074 0.997206 68.0381 -0.0234898 0.999577 -0.0170723 -0.524363 -0.997047 -0.0246768 -0.0729971 84.7672
-0.0723466 0.0183486 0.99723 69.1826 -0.0225176 0.999543 -0.0200242 -0.548672 -0.997146 -0.0239028 -0.0719063 84.6873
-0.0729014 0.0189976 0.997178 70.3305 -0.0223938 0.999534 -0.0206794 -0.574891 -0.997107 -0.0238379 -0.0724426 84.6112
-0.0717024 0.0176127 0.997291 71.4857 -0.0237165 0.999529 -0.0193569 -0.611506 -0.997165 -0.0250391 -0.0712567 84.5322
-0.0711709 0.0139666 0.997386 72.6543 -0.0212424 0.999654 -0.0155139 -0.630912 -0.997258 -0.0222908 -0.0708501 84.4515
-0.0719126 0.0124325 0.997354 73.8223 -0.0226816 0.999642 -0.014096 -0.665408 -0.997174 -0.0236341 -0.0716107 84.3741
-0.0710674 0.013708 0.997397 74.9838 -0.0245588 0.999578 -0.0154877 -0.684352 -0.99719 -0.0255953 -0.0707014 84.3002
-0.0709294 0.013861 0.997405 76.1538 -0.0248013 0.999568 -0.0156543 -0.706691 -0.997193 -0.0258461 -0.0705609 84.2243
-0.0715916 0.013565 0.997362 77.3386 -0.0249407 0.99957 -0.0153851 -0.725358 -0.997143 -0.0259761 -0.0712232 84.1516
-0.0701989 0.0124105 0.997476 78.5212 -0.0248486 0.999589 -0.014185 -0.738142 -0.997244 -0.0257806 -0.0698675 84.0734
-0.069488 0.0119085 0.997533 79.7117 -0.0248507 0.999597 -0.013664 -0.759632 -0.997294 -0.0257386 -0.0691647 83.993
-0.0691795 0.0122267 0.99755 80.9055 -0.0245287 0.999601 -0.0139524 -0.782323 -0.997323 -0.0254327 -0.0688577 83.9107
-0.0676745 0.0121297 0.997654 82.0929 -0.0241907 0.999611 -0.0137942 -0.801884 -0.997435 -0.0250673 -0.0673555 83.8333
-0.067368 0.0120122 0.997676 83.3014 -0.0249366 0.999594 -0.0137186 -0.821534 -0.997437 -0.0258017 -0.067047 83.756
-0.0655694 0.0121672 0.997795 84.4898 -0.024111 0.999614 -0.0137736 -0.834175 -0.997579 -0.0249607 -0.0652514 83.6785
-0.064551 0.0112049 0.997872 85.701 -0.0237054 0.999637 -0.0127576 -0.853341 -0.997654 -0.0244774 -0.0642677 83.6061
-0.0641772 0.0109051 0.9979 86.9279 -0.0248606 0.999612 -0.0125224 -0.874432 -0.99765 -0.0256118 -0.0638819 83.5339
-0.0621462 0.0102044 0.998035 88.1398 -0.0245612 0.999628 -0.0117495 -0.898846 -0.997786 -0.025242 -0.0618783 83.4596
-0.0604229 0.0102345 0.998142 89.3632 -0.0261266 0.999587 -0.0118307 -0.920471 -0.997853 -0.0267926 -0.0601312 83.3937
-0.0597244 0.0107923 0.998178 90.6017 -0.0264613 0.999572 -0.01239 -0.943364 -0.997886 -0.0271519 -0.059419 83.3282
-0.0574989 0.00994611 0.998317 91.831 -0.0277618 0.999546 -0.011557 -0.961343 -0.997981 -0.0283794 -0.0571975 83.2633
-0.0578246 0.00887868 0.998308 93.0798 -0.0300574 0.99949 -0.0106295 -0.976906 -0.997897 -0.03062 -0.0575339 83.2072
-0.0567466 0.00911488 0.998368 94.3189 -0.0315157 0.999442 -0.0109157 -0.996865 -0.997913 -0.0320834 -0.0564285 83.1467
-0.0571742 0.00858568 0.998348 95.5704 -0.0328743 0.999403 -0.0104768 -1.01293 -0.997846 -0.0334179 -0.0568636 83.0893
-0.0591983 0.00716886 0.998242 96.8337 -0.0336804 0.999389 -0.00917421 -1.0286 -0.9977 -0.0341639 -0.0589215 83.0321
-0.0594459 0.00590294 0.998235 98.1047 -0.0353228 0.999342 -0.0080124 -1.04426 -0.997629 -0.0357357 -0.059204 82.9731
-0.0608703 0.00548761 0.998153 99.3633 -0.0363967 0.999306 -0.00771333 -1.05929 -0.997504 -0.0367986 -0.0606292 82.9097
-0.0633764 0.00565787 0.997995 100.63 -0.036546 0.999298 -0.00798552 -1.0736 -0.997343 -0.0369777 -0.063131 82.8423
-0.0648586 0.00501626 0.997904 101.882 -0.0366653 0.999299 -0.00740614 -1.09165 -0.997243 -0.0370684 -0.06463 82.766
-0.0686993 0.00463872 0.997649 103.148 -0.0373953 0.999273 -0.00722081 -1.09411 -0.99696 -0.0378023 -0.0684817 82.6936
-0.0717314 0.00416995 0.997438 104.389 -0.0379469 0.999254 -0.00690639 -1.1175 -0.996726 -0.0383446 -0.0715204 82.616
-0.0770585 0.00537497 0.997035 105.63 -0.041539 0.999098 -0.00859602 -1.12579 -0.996185 -0.0420771 -0.0767717 82.5395
-0.0856689 0.00535388 0.996333 106.868 -0.04143 0.999099 -0.00893093 -1.14586 -0.995487 -0.0420427 -0.0853707 82.4475
-0.0935862 0.00257298 0.995631 108.104 -0.0408066 0.999144 -0.00641726 -1.16943 -0.994799 -0.0412276 -0.0934071 82.3346
-0.104851 0.0020188 0.994511 109.346 -0.0404846 0.999158 -0.00629638 -1.1736 -0.993689 -0.0409221 -0.104682 82.2144
-0.118971 0.00253419 0.992918 110.588 -0.04113 0.999124 -0.00747764 -1.19923 -0.992071 -0.041727 -0.118768 82.0751
-0.132532 0.00225375 0.991201 111.801 -0.0411774 0.999119 -0.00777735 -1.21069 -0.990348 -0.0418453 -0.132323 81.9213
-0.148218 0.00183735 0.988976 113.036 -0.0407028 0.999137 -0.00795578 -1.21939 -0.988142 -0.041432 -0.148021 81.7546
-0.162917 0.00168208 0.986663 114.235 -0.0399545 0.999165 -0.00830052 -1.24811 -0.985856 -0.0407734 -0.162715 81.5643
-0.17819 0.00336064 0.984013 115.433 -0.0401413 0.999133 -0.0106807 -1.25144 -0.983203 -0.0414014 -0.177907 81.3595
-0.194605 0.00369341 0.9809 116.642 -0.0412518 0.999075 -0.0119458 -1.27289 -0.98004 -0.0427881 -0.194274 81.138
-0.209579 0.0015005 0.977814 117.817 -0.0443098 0.998954 -0.0110295 -1.29914 -0.976813 -0.045637 -0.2093 80.9023
-0.225621 -0.00316841 0.974236 119.009 -0.0496474 0.998731 -0.00824943 -1.31961 -0.972976 -0.0502289 -0.225493 80.6499
-0.242283 -0.00446537 0.970219 120.209 -0.0520965 0.998604 -0.00841291 -1.33071 -0.968832 -0.0525821 -0.242184 80.3788
-0.256702 -0.00439571 0.966508 121.37 -0.0546624 0.998453 -0.009977 -1.35404 -0.96497 -0.0553922 -0.256547 80.0919
-0.272317 -0.00405735 0.962223 122.537 -0.0547515 0.998434 -0.0112845 -1.36872 -0.960675 -0.0557549 -0.27212 79.7845
-0.285478 -0.00401659 0.958405 123.683 -0.0544607 0.998442 -0.0120375 -1.39015 -0.956864 -0.0556312 -0.285253 79.4542
-0.299886 -0.0040807 0.953991 124.836 -0.0537032 0.998475 -0.0126099 -1.41243 -0.952489 -0.0550127 -0.299654 79.1046
-0.315335 -0.00518507 0.948995 125.984 -0.0539603 0.998464 -0.0124746 -1.43299 -0.947473 -0.0551411 -0.315132 78.741
-0.329056 -0.00616258 0.944315 127.11 -0.0541459 0.998455 -0.0123512 -1.4548 -0.942784 -0.0551939 -0.328887 78.3606
-0.344049 -0.00587128 0.938963 128.231 -0.0551093 0.998382 -0.0139498 -1.46587 -0.937361 -0.0565443 -0.343817 77.968
-0.360278 -0.00567185 0.932854 129.349 -0.0552249 0.998356 -0.0152577 -1.48988 -0.931237 -0.0570125 -0.360005 77.5573
-0.374294 -0.00542537 0.927324 130.45 -0.0545603 0.998379 -0.0161809 -1.50741 -0.925732 -0.0566507 -0.373985 77.1275
-0.389316 -0.0052359 0.921115 131.546 -0.0540072 0.998392 -0.0171507 -1.53281 -0.919548 -0.0564226 -0.388978 76.6748
-0.405566 -0.0036641 0.91409 132.651 -0.0539706 0.998343 -0.0199438 -1.55606 -0.912501 -0.0574216 -0.405093 76.2054
-0.420083 -0.003162 0.907507 133.743 -0.0536028 0.998333 -0.0213334 -1.58339 -0.90593 -0.0576054 -0.419558 75.7137
-0.436909 -0.00502215 0.899524 134.85 -0.0538561 0.998336 -0.0205845 -1.61612 -0.897922 -0.0574374 -0.436454 75.202
-0.45207 -0.00733085 0.89198 135.94 -0.0564305 0.998197 -0.0203953 -1.628 -0.890226 -0.0595536 -0.451674 74.6703
-0.468552 -0.00806649 0.883433 137.028 -0.0568567 0.99816 -0.0210411 -1.66136 -0.881636 -0.0600868 -0.46815 74.1196
-0.485806 -0.00859815 0.874053 138.114 -0.0577114 0.998084 -0.0222574 -1.68399 -0.872191 -0.0612542 -0.485376 73.5449
-0.501286 -0.00897787 0.86527 139.18 -0.0576852 0.998067 -0.0230632 -1.71398 -0.86339 -0.0614734 -0.500836 72.9487
-0.51736 -0.00924972 0.855747 140.242 -0.0579234 0.998026 -0.0242303 -1.74072 -0.853838 -0.0621023 -0.51688 72.331
-0.534137 -0.00958287 0.84538 141.304 -0.0580802 0.997988 -0.0253836 -1.77188 -0.843434 -0.062657 -0.533621 71.6877
-0.548728 -0.0113712 0.835954 142.342 -0.0589301 0.997945 -0.0251066 -1.8097 -0.833955 -0.0630382 -0.548275 71.0235
-0.565503 -0.0123844 0.824691 143.386 -0.0588677 0.997942 -0.02538 -1.83974 -0.822678 -0.0628988 -0.565071 70.3406
-0.580097 -0.0133679 0.814469 144.411 -0.0587999 0.997943 -0.0254994 -1.87632 -0.812457 -0.0626813 -0.579695 69.632
-0.595345 -0.013953 0.803388 145.429 -0.0592685 0.997887 -0.026589 -1.91004 -0.801318 -0.0634439 -0.594917 68.9041
-0.611598 -0.0144518 0.791069 146.434 -0.0598814 0.99781 -0.0280662 -1.9435 -0.788935 -0.0645341 -0.611129 68.16
-0.626617 -0.0151824 0.77922 147.424 -0.0605187 0.997738 -0.0292262 -1.98353 -0.777012 -0.0654695 -0.626121 67.3915
-0.642952 -0.0184649 0.765718 148.406 -0.0623579 0.997652 -0.0283012 -2.02984 -0.763401 -0.0659435 -0.642598 66.5995
-0.660635 -0.021051 0.750454 149.377 -0.0638825 0.997556 -0.0282537 -2.07078 -0.748024 -0.0666048 -0.660368 65.7857
-0.677284 -0.0226277 0.73541 150.329 -0.0646223 0.997493 -0.0288216 -2.11758 -0.732918 -0.0670429 -0.677052 64.9437
-0.695436 -0.0243317 0.71822 151.266 -0.0656508 0.997397 -0.0297781 -2.16294 -0.715624 -0.067859 -0.695227 64.0776
-0.714153 -0.026266 0.699535 152.187 -0.0672671 0.997246 -0.0312271 -2.20643 -0.696792 -0.0693552 -0.713957 63.1812
-0.73118 -0.0270695 0.681695 153.079 -0.0671521 0.997215 -0.0324277 -2.25158 -0.678916 -0.0694861 -0.730964 62.2647
-0.749176 -0.0280516 0.661817 153.947 -0.0671882 0.997168 -0.03379 -2.30368 -0.658998 -0.0697796 -0.748943 61.3179
-0.764648 -0.0280798 0.643886 154.782 -0.0654917 0.997263 -0.0342839 -2.34638 -0.641158 -0.0683826 -0.764398 60.3587
-0.780279 -0.0279109 0.624853 155.597 -0.0635711 0.997369 -0.0348317 -2.40474 -0.62224 -0.0668995 -0.780003 59.3688
-0.796305 -0.0277743 0.604313 156.389 -0.0633824 0.997277 -0.0376838 -2.44179 -0.601617 -0.0683088 -0.7959 58.365
-0.810366 -0.0280549 0.5853 157.153 -0.063461 0.99718 -0.0400644 -2.48575 -0.582529 -0.0696092 -0.809864 57.3468
-0.824194 -0.0281177 0.565667 157.892 -0.0626139 0.997167 -0.0416635 -2.53243 -0.56289 -0.0697556 -0.823623 56.3071
-0.8374 -0.0290533 0.545869 158.612 -0.061901 0.997203 -0.0418832 -2.59521 -0.543128 -0.0688614 -0.836859 55.2471
-0.848313 -0.0285665 0.528786 159.297 -0.0609372 0.997176 -0.0438888 -2.64312 -0.526036 -0.0694523 -0.847661 54.178
-0.85921 -0.0293253 0.510836 159.962 -0.0610357 0.997102 -0.0454178 -2.70539 -0.508027 -0.0702014 -0.858512 53.1004
-0.868383 -0.030077 0.495048 160.609 -0.0614313 0.996995 -0.0471853 -2.76366 -0.492137 -0.0713845 -0.867625 52.0051
-0.877121 -0.0311643 0.479316 161.241 -0.0617264 0.996932 -0.0481343 -2.82856 -0.476348 -0.0718047 -0.876356 50.8952
-0.885531 -0.0319223 0.463553 161.853 -0.0616123 0.996895 -0.0490477 -2.89949 -0.460543 -0.071992 -0.884752 49.7712
-0.89233 -0.03258 0.45027 162.446 -0.061394 0.996884 -0.0495348 -2.9736 -0.447256 -0.0718439 -0.891551 48.639
-0.898939 -0.0347867 0.436766 163.029 -0.0628161 0.996778 -0.0498964 -3.04573 -0.433618 -0.0722879 -0.898231 47.4958
-0.905544 -0.0393807 0.422489 163.588 -0.0653265 0.996752 -0.0471069 -3.10209 -0.419264 -0.0702558 -0.905177 46.3435
-0.910295 -0.0443281 0.411661 164.132 -0.0679639 0.996764 -0.0429539 -3.15978 -0.408419 -0.0670769 -0.910366 45.1811
-0.915119 -0.0444945 0.400795 164.656 -0.0668805 0.996876 -0.0420336 -3.21864 -0.397675 -0.0652697 -0.915237 44.0097
-0.919403 -0.0443371 0.390897 165.162 -0.0660298 0.996924 -0.0422287 -3.28501 -0.387817 -0.064634 -0.919507 42.831
-0.92166 -0.0393389 0.386077 165.66 -0.0610549 0.997158 -0.0441453 -3.34564 -0.383245 -0.0642574 -0.921443 41.6563
-0.923813 -0.0386746 0.380975 166.151 -0.0602227 0.99718 -0.0448027 -3.40468 -0.378163 -0.0643308 -0.923541 40.4737
-0.926294 -0.0402971 0.374719 166.644 -0.0613911 0.99712 -0.0445235 -3.46529 -0.371848 -0.064245 -0.926102 39.2854
-0.927442 -0.0471161 0.37108 167.139 -0.0672012 0.996882 -0.0413805 -3.51698 -0.367969 -0.0633132 -0.927719 38.0984
-0.929465 -0.052883 0.365183 167.626 -0.0728523 0.996495 -0.0411156 -3.56733 -0.361731 -0.0648186 -0.93006 36.9085
-0.930368 -0.0584728 0.362031 168.114 -0.0791653 0.995953 -0.0425827 -3.62595 -0.35807 -0.0682759 -0.931234 35.7187
-0.931565 -0.0604706 0.358595 168.59 -0.0816187 0.995687 -0.0441222 -3.68856 -0.354383 -0.0703694 -0.932483 34.5251
-0.932869 -0.0606483 0.355173 169.058 -0.0817494 0.995651 -0.0446997 -3.75409 -0.350913 -0.0707322 -0.933771 33.3316
-0.93277 -0.0601599 0.355502 169.524 -0.0814277 0.995656 -0.0451566 -3.81671 -0.351244 -0.0710671 -0.933617 32.1373
-0.932627 -0.0599079 0.355931 169.985 -0.0812747 0.995659 -0.0453753 -3.88437 -0.351663 -0.0712444 -0.933451 30.9392
-0.93264 -0.0596752 0.355926 170.445 -0.0812447 0.995635 -0.0459531 -3.94296 -0.351633 -0.0717735 -0.933417 29.7416
-0.931516 -0.0590784 0.358968 170.914 -0.0809383 0.99565 -0.046169 -4.00076 -0.354674 -0.0720594 -0.932248 28.551
-0.931453 -0.0586427 0.359193 171.374 -0.0802465 0.995735 -0.0455236 -4.06202 -0.354994 -0.0712257 -0.932186 27.3568
-0.929838 -0.0586089 0.363371 171.847 -0.0805297 0.995715 -0.0454659 -4.12699 -0.359144 -0.071536 -0.930576 26.171
-0.928348 -0.0592593 0.367044 172.323 -0.0814001 0.995659 -0.0451279 -4.18021 -0.362779 -0.0717704 -0.929142 24.9894
-0.927336 -0.0586473 0.369703 172.794 -0.0804784 0.99579 -0.0438985 -4.23155 -0.365567 -0.0704597 -0.928154 23.8064
-0.924293 -0.0582853 0.37729 173.291 -0.0802295 0.995862 -0.0426987 -4.27601 -0.373243 -0.0697346 -0.925144 22.6343
-0.921514 -0.0589692 0.383938 173.782 -0.0809616 0.995859 -0.0413645 -4.32487 -0.379904 -0.0692 -0.922475 21.467
-0.918725 -0.0581671 0.390673 174.271 -0.080289 0.995948 -0.0405206 -4.38318 -0.386736 -0.0685925 -0.919673 20.2798
-0.914802 -0.0580594 0.399802 174.773 -0.0809933 0.995884 -0.040699 -4.43737 -0.395789 -0.0696106 -0.915741 19.1323
-0.910742 -0.0578146 0.408989 175.291 -0.0812005 0.995893 -0.0400347 -4.50503 -0.404998 -0.0696697 -0.911697 17.9751
-0.906874 -0.0568672 0.417638 175.808 -0.0806176 0.995965 -0.039439 -4.56457 -0.413706 -0.0694328 -0.907802 16.8088
-0.901203 -0.0559843 0.429846 176.351 -0.0804053 0.996004 -0.0388487 -4.61809 -0.425957 -0.0695706 -0.902104 15.6736
-0.895566 -0.0561227 0.441462 176.905 -0.0812667 0.995959 -0.0382426 -4.68116 -0.437527 -0.0701225 -0.896511 14.5202
-0.888835 -0.0562466 0.454839 177.469 -0.0816695 0.995993 -0.0364249 -4.75172 -0.450971 -0.0695202 -0.889867 13.3994
-0.882067 -0.0559951 0.467868 178.064 -0.0815423 0.996073 -0.034517 -4.79525 -0.464093 -0.0685949 -0.883171 12.2657
-0.875336 -0.0554117 0.480402 178.678 -0.0814203 0.996118 -0.0334543 -4.85004 -0.476687 -0.0683961 -0.87645 11.1292
-0.867729 -0.0555493 0.494004 179.294 -0.0820302 0.996113 -0.0320749 -4.90667 -0.490298 -0.068353 -0.868916 10.036
-0.859885 -0.0547478 0.507613 179.928 -0.0808456 0.99629 -0.0294933 -4.95353 -0.504119 -0.0663969 -0.861121 8.94079
-0.85224 -0.053699 0.520465 180.577 -0.0786749 0.996562 -0.026004 -4.99275 -0.517274 -0.0631066 -0.853537 7.8532
-0.843436 -0.0532519 0.534651 181.235 -0.0775462 0.996721 -0.0230539 -5.04032 -0.531675 -0.0609024 -0.844801 6.8031
-0.83406 -0.0516582 0.549322 181.912 -0.0754699 0.996931 -0.0208356 -5.06857 -0.546554 -0.0588328 -0.835402 5.75642
-0.823696 -0.0503451 0.564856 182.61 -0.0734434 0.997133 -0.0182211 -5.11109 -0.562323 -0.0564913 -0.825033 4.71023
-0.811824 -0.0489583 0.581915 183.31 -0.0713136 0.997332 -0.0155777 -5.14734 -0.579595 -0.0541421 -0.813154 3.70867
-0.800159 -0.0479116 0.597933 184.049 -0.0697956 0.997471 -0.0134714 -5.17152 -0.595779 -0.05251 -0.801479 2.69153
-0.788001 -0.0466573 0.613969 184.785 -0.0683517 0.99759 -0.0119142 -5.19488 -0.611928 -0.0513516 -0.789295 1.74235
-0.774845 -0.0457116 0.630554 185.551 -0.0667884 0.99772 -0.00973972 -5.21645 -0.628676 -0.0496583 -0.776131 0.78103
-0.760636 -0.0446971 0.647702 186.352 -0.0640601 0.997926 -0.00636184 -5.23685 -0.646068 -0.0463282 -0.761926 -0.182383
-0.745069 -0.0431402 0.665647 187.142 -0.060126 0.998189 -0.00260498 -5.24432 -0.664333 -0.0419612 -0.746313 -1.0762
-0.727821 -0.040838 0.684612 187.957 -0.0575745 0.99834 -0.00165369 -5.25784 -0.683402 -0.040617 -0.728968 -1.9692
-0.709965 -0.0396774 0.703172 188.803 -0.0566367 0.998396 -0.000844744 -5.26789 -0.702015 -0.0404226 -0.711074 -2.85807
-0.691848 -0.0394901 0.721022 189.648 -0.0560388 0.998429 0.00091431 -5.26939 -0.719919 -0.0397699 -0.692978 -3.67372
-0.672146 -0.0390613 0.739439 190.538 -0.0544001 0.998516 0.00330069 -5.2734 -0.738475 -0.0380046 -0.673274 -4.49977
-0.651768 -0.0390645 0.757469 191.408 -0.0539396 0.998532 0.00508627 -5.26902 -0.75655 -0.0375397 -0.652922 -5.26384
-0.630777 -0.0386436 0.775051 192.318 -0.0535823 0.998546 0.00618173 -5.26559 -0.774168 -0.0376272 -0.631932 -6.01532
-0.609186 -0.0385903 0.792144 193.263 -0.0537966 0.998526 0.00727507 -5.25981 -0.791252 -0.0381799 -0.610367 -6.76263
-0.587596 -0.0382403 0.808299 194.194 -0.0525809 0.998577 0.00902128 -5.25101 -0.807499 -0.0371976 -0.588772 -7.44898
-0.564612 -0.0384952 0.824513 195.167 -0.0508931 0.998635 0.0117761 -5.24666 -0.823835 -0.0353103 -0.565804 -8.12486
-0.540449 -0.0381234 0.840559 196.155 -0.0495376 0.998683 0.0134469 -5.23671 -0.839971 -0.0343693 -0.541628 -8.77728
-0.514893 -0.0372652 0.856498 197.146 -0.0482706 0.99873 0.0144373 -5.23482 -0.855943 -0.0339071 -0.516041 -9.38207
-0.487698 -0.0371593 0.872267 198.17 -0.0467415 0.998773 0.0164173 -5.22601 -0.871812 -0.0327616 -0.488839 -9.9756
-0.460169 -0.0379808 0.887071 199.193 -0.0458699 0.998768 0.0189704 -5.2078 -0.886693 -0.0319574 -0.461346 -10.5129
-0.431346 -0.0390291 0.901386 200.247 -0.0442565 0.998778 0.0220701 -5.1852 -0.901151 -0.0303696 -0.432549 -11.0349
-0.401381 -0.0388296 0.915138 201.318 -0.0428573 0.998803 0.0235844 -5.16902 -0.914954 -0.0297512 -0.402566 -11.5221
-0.36965 -0.0380903 0.928432 202.392 -0.0416922 0.998834 0.0243814 -5.14995 -0.928285 -0.0296929 -0.37081 -11.9568
-0.337746 -0.0380655 0.940516 203.479 -0.0382543 0.998912 0.0266937 -5.12898 -0.940504 -0.0269603 -0.338836 -12.3545
-0.306285 -0.038017 0.951222 204.588 -0.035466 0.998966 0.0285076 -5.10667 -0.951328 -0.0250017 -0.307319 -12.7252
-0.273233 -0.0384814 0.961226 205.704 -0.0343192 0.998954 0.0302386 -5.07777 -0.96138 -0.0247234 -0.274268 -13.0598
-0.239778 -0.0388985 0.97009 206.846 -0.0310647 0.998995 0.0323814 -5.03937 -0.970379 -0.0223682 -0.240748 -13.362
-0.205116 -0.0401451 0.977961 207.976 -0.029839 0.998951 0.0347505 -5.00568 -0.978327 -0.0220506 -0.206098 -13.6155
-0.170112 -0.0412831 0.9846 209.123 -0.0280679 0.998921 0.0370364 -4.97567 -0.985073 -0.0213324 -0.17109 -13.8338
-0.135435 -0.0418171 0.98995 210.275 -0.0264366 0.998906 0.0385807 -4.94383 -0.990478 -0.0209429 -0.136391 -14.0073
-0.099471 -0.0423251 0.994181 211.43 -0.0245265 0.998897 0.0400741 -4.90382 -0.994787 -0.0203946 -0.100403 -14.1392
-0.0640072 -0.0426116 0.997085 212.59 -0.0221831 0.998902 0.0412673 -4.86332 -0.997747 -0.0194742 -0.0648806 -14.2291
-0.0287934 -0.0422283 0.998734 213.756 -0.0209519 0.998914 0.0416341 -4.82177 -0.999415 -0.0197235 -0.0296509 -14.2728
0.00543612 -0.042415 0.999131 214.907 -0.0190268 0.998914 0.0425115 -4.77585 -0.999849 -0.0192387 0.00462522 -14.2793
0.0383264 -0.0427413 0.998393 216.072 -0.017265 0.998908 0.0434284 -4.72467 -0.999166 -0.0188987 0.0375426 -14.2441
0.0719021 -0.0423316 0.996559 217.226 -0.0158231 0.998924 0.0435759 -4.678 -0.997332 -0.0188992 0.0711575 -14.1773
0.104371 -0.0425553 0.99367 218.382 -0.0132163 0.998937 0.0441713 -4.63223 -0.994501 -0.0177397 0.103693 -14.0709
0.135599 -0.0436492 0.989848 219.546 -0.0105178 0.998909 0.0454919 -4.58069 -0.990754 -0.016577 0.134995 -13.9291
0.166909 -0.0447839 0.984998 220.7 -0.00647402 0.998897 0.0465152 -4.53099 -0.986002 -0.0141376 0.166431 -13.7488
0.196912 -0.044801 0.979444 221.851 -0.00432429 0.998906 0.046563 -4.48194 -0.980459 -0.0134016 0.196506 -13.5301
0.225769 -0.0453852 0.973167 222.998 -0.000502744 0.998909 0.0467046 -4.43701 -0.974232 -0.0110306 0.225495 -13.2775
0.256233 -0.0462043 0.965558 224.137 0.00325586 0.998893 0.0469379 -4.38658 -0.966658 -0.00888067 0.256104 -12.9953
0.285034 -0.0480531 0.957357 225.27 0.00990483 0.998838 0.0471885 -4.33588 -0.958519 -0.0039647 0.285175 -12.6716
0.315315 -0.0489885 0.947771 226.39 0.0135052 0.998798 0.0471353 -4.28701 -0.948941 -0.00206014 0.315602 -12.3198
0.344406 -0.0502429 0.937521 227.508 0.0194918 0.998735 0.0463653 -4.24378 -0.938672 0.0023087 0.344945 -11.9293
0.371943 -0.0504782 0.926932 228.608 0.0216788 0.998721 0.0456911 -4.19418 -0.928054 0.00310277 0.372566 -11.5032
0.400157 -0.051527 0.915045 229.702 0.0241655 0.998665 0.0456704 -4.15347 -0.916183 0.00384049 0.400864 -11.0379
0.428018 -0.0521902 0.902313 230.785 0.026173 0.998629 0.0453483 -4.10137 -0.903444 0.00420882 0.428802 -10.5386
0.455126 -0.0520423 0.888955 231.853 0.0310228 0.998613 0.0425816 -4.05567 -0.889943 0.00820132 0.456104 -10.0049
0.483224 -0.0516682 0.874023 232.901 0.0357627 0.99859 0.0392622 -4.01004 -0.874821 0.0122875 0.484395 -9.44519
0.509337 -0.053436 0.858958 233.934 0.0409762 0.998446 0.0378186 -3.96696 -0.85965 0.0159378 0.51073 -8.84195
0.535929 -0.0549 0.842531 234.96 0.0428699 0.998367 0.0377879 -3.9332 -0.843232 0.0158701 0.537413 -8.21068
0.560856 -0.0558074 0.826085 235.964 0.0437333 0.998331 0.0377546 -3.89898 -0.826819 0.0149559 0.562356 -7.54147
0.583116 -0.0553831 0.810556 236.943 0.04388 0.998366 0.0366512 -3.86426 -0.811263 0.0141978 0.584598 -6.84359
0.604289 -0.0552762 0.794903 237.912 0.044577 0.998375 0.0355407 -3.82948 -0.795581 0.013961 0.605767 -6.12184
0.623403 -0.0558466 0.779964 238.861 0.0452498 0.998353 0.0353197 -3.79846 -0.780653 0.0132773 0.624908 -5.36974
0.640524 -0.0577903 0.765821 239.791 0.0465788 0.998254 0.0363754 -3.7609 -0.76659 0.0123751 0.642093 -4.59681
0.657709 -0.0602651 0.750919 240.713 0.0485824 0.998115 0.0375551 -3.72061 -0.751769 0.0117836 0.659402 -3.80151
0.672764 -0.062491 0.737277 241.621 0.0507978 0.997978 0.0382384 -3.68294 -0.73818 0.0117301 0.674574 -2.98448
0.688112 -0.0638763 0.722852 242.511 0.0527522 0.997887 0.0379667 -3.6468 -0.723752 0.0120092 0.690033 -2.15215
0.702951 -0.0639752 0.708421 243.386 0.0536107 0.99788 0.0369221 -3.60947 -0.709286 0.0120279 0.704886 -1.29356
0.716963 -0.0652614 0.694117 244.243 0.0557325 0.997789 0.0362496 -3.56804 -0.694951 0.0126978 0.71902 -0.41073
0.731224 -0.0669767 0.67891 245.086 0.0569002 0.997689 0.0371445 -3.52637 -0.679834 0.0114726 0.733342 0.494505
0.744994 -0.0694976 0.663512 245.913 0.0584348 0.997536 0.0388768 -3.48889 -0.664581 0.00981169 0.747225 1.41767
0.758065 -0.0712912 0.648344 246.727 0.0602502 0.997413 0.039232 -3.45003 -0.649468 0.0093258 0.760396 2.35253
0.771621 -0.0716497 0.632107 247.521 0.0616237 0.997383 0.0378331 -3.40849 -0.633168 0.0097624 0.774023 3.30398
0.783451 -0.0724521 0.617293 248.291 0.0634702 0.997317 0.0365056 -3.36486 -0.618286 0.0105828 0.785944 4.27748
0.793995 -0.0728217 0.603624 249.048 0.0639635 0.997297 0.0361827 -3.32963 -0.604631 0.00988347 0.796513 5.26599
0.805234 -0.0747635 0.588307 249.797 0.0655071 0.997164 0.0370653 -3.29079 -0.589414 0.00869532 0.807845 6.2818
0.814523 -0.076483 0.575148 250.524 0.0669873 0.997041 0.0377234 -3.25788 -0.576335 0.00780356 0.817243 7.30528
0.82461 -0.0773127 0.560481 251.247 0.0685841 0.996973 0.036623 -3.22365 -0.56162 0.0082437 0.827414 8.35034
0.83306 -0.0792458 0.547562 251.948 0.072448 0.996792 0.0340427 -3.17639 -0.548508 0.0113127 0.836135 9.40725
0.840583 -0.0809369 0.535694 252.643 0.0743926 0.996655 0.0338551 -3.14246 -0.536646 0.0113969 0.84379 10.4832
0.848215 -0.0834531 0.523126 253.319 0.0770825 0.996447 0.0339815 -3.10477 -0.524107 0.0115028 0.85164 11.5679
0.854748 -0.0846212 0.512194 253.989 0.0789217 0.996338 0.0329097 -3.06501 -0.513107 0.012297 0.858294 12.6662
0.859502 -0.0863979 0.503872 254.655 0.0805674 0.996191 0.0333885 -3.03006 -0.504841 0.0119007 0.863195 13.7915
0.863845 -0.0873563 0.496226 255.298 0.0810611 0.996121 0.0342509 -2.98888 -0.497297 0.0106405 0.867572 14.9171
0.866088 -0.0886519 0.492065 255.951 0.0818411 0.996018 0.0354014 -2.94883 -0.493248 0.0096129 0.8699 16.0674
0.869113 -0.0897122 0.486512 256.584 0.0829184 0.995924 0.0355261 -2.90657 -0.487719 0.00946793 0.873006 17.2084
0.871243 -0.0908956 0.482462 257.218 0.0839733 0.995821 0.035976 -2.86141 -0.483719 0.00917257 0.87524 18.3551
0.872512 -0.0935643 0.479653 257.86 0.0860846 0.995578 0.0376179 -2.80559 -0.481055 0.00847206 0.876706 19.5135
0.874907 -0.0954735 0.474887 258.484 0.0878416 0.9954 0.0382902 -2.75844 -0.476362 0.00821692 0.879276 20.6734
0.877012 -0.0963187 0.470821 259.11 0.0889824 0.995313 0.0378734 -2.71579 -0.472266 0.00868265 0.88147 21.8411
0.878529 -0.0974375 0.467748 259.745 0.0901232 0.995206 0.0380479 -2.66935 -0.469217 0.00873132 0.883104 23.0256
0.88082 -0.0978704 0.463332 260.351 0.0904451 0.995166 0.0382757 -2.61693 -0.464842 0.00819538 0.885412 24.1935
0.882853 -0.0990063 0.4592 260.961 0.091329 0.995061 0.0389581 -2.57691 -0.460793 0.00754663 0.887541 25.384
0.884405 -0.0994773 0.456105 261.578 0.0915359 0.995018 0.0395299 -2.52987 -0.457769 0.00679283 0.889102 26.5828
0.885949 -0.0987345 0.453258 262.171 0.0904239 0.995101 0.0400264 -2.48332 -0.454992 0.00552657 0.890544 27.7532
0.886663 -0.0991248 0.451776 262.778 0.0902552 0.995067 0.0411988 -2.42565 -0.453634 0.00424886 0.891234 28.9688
0.887343 -0.0994622 0.450363 263.37 0.0905762 0.995034 0.0412973 -2.37049 -0.452238 0.00414997 0.891955 30.1356
