1 0 0 0 0 1 0 0 0 0 1 0
0.999039 -0.000598103 0.0438282 0.0276747 0.000684442 0.999997 -0.00195469 -0.0289014 -0.043827 0.00198282 0.999038 0.996601
0.995883 -0.00279316 0.0906206 0.115737 0.00339997 0.999973 -0.00654192 -0.0439473 -0.0905998 0.00682301 0.995864 2.01534
0.990818 -0.00294987 0.135169 0.241449 0.00433075 0.999941 -0.00992235 -0.0725124 -0.135132 0.0104166 0.990773 2.98128
0.983145 0.000616182 0.182831 0.399325 0.00179284 0.999914 -0.0130108 -0.102214 -0.182823 0.0131193 0.983059 3.98116
0.973731 -0.00160655 0.227695 0.60569 0.00443342 0.999919 -0.0119036 -0.125711 -0.227657 0.0126005 0.973661 4.93751
0.961935 -0.00241119 0.27327 0.86491 0.00577943 0.999917 -0.0115214 -0.126897 -0.27322 0.0126621 0.961869 5.89326
0.947761 -0.00459909 0.318949 1.17785 0.00915003 0.999875 -0.0127714 -0.125144 -0.318851 0.0150226 0.947687 6.85587
0.932757 -0.00668711 0.360449 1.51214 0.01245 0.99983 -0.0136685 -0.178326 -0.360295 0.0172367 0.932681 7.76035
0.915052 -0.00624673 0.403293 1.89831 0.0126679 0.99983 -0.0132558 -0.160289 -0.403142 0.0172383 0.914978 8.66552
0.89469 -0.00706857 0.446637 2.33576 0.013727 0.999837 -0.0116737 -0.185051 -0.446482 0.0165751 0.894641 9.56092
0.873089 -0.00729162 0.48751 2.78349 0.0144 0.999836 -0.0108346 -0.212376 -0.487352 0.0164794 0.873053 10.4215
0.848026 -0.00767997 0.529903 3.30329 0.0151905 0.999836 -0.00981903 -0.229797 -0.529741 0.016376 0.848004 11.2744
0.822304 -0.00802761 0.568997 3.84133 0.0159626 0.999831 -0.00896271 -0.248367 -0.568829 0.0164522 0.822295 12.0759
0.794773 -0.00910733 0.606844 4.41344 0.0178762 0.999804 -0.00840718 -0.288945 -0.606649 0.0175295 0.79478 12.8506
0.764803 -0.00880044 0.64421 5.03632 0.0182346 0.999801 -0.00798971 -0.29167 -0.644012 0.0178567 0.764812 13.6118
0.734307 -0.0108462 0.678736 5.67477 0.021523 0.999741 -0.00730887 -0.318695 -0.678481 0.019975 0.734351 14.3233
0.701871 -0.0103804 0.712233 6.34673 0.0213693 0.999749 -0.00648737 -0.334368 -0.711988 0.0197725 0.701918 15.0114
0.667196 -0.0101056 0.744818 7.05665 0.0220137 0.999738 -0.00615474 -0.348479 -0.744562 0.0205023 0.667243 15.6541
0.630961 -0.010927 0.775742 7.79249 0.025473 0.999652 -0.00663765 -0.389466 -0.775401 0.0239478 0.63102 16.2834
0.593971 -0.0110129 0.804416 8.5644 0.0260194 0.999645 -0.00552624 -0.386946 -0.804071 0.0242124 0.594047 16.849
0.555582 -0.0104015 0.831401 9.36809 0.0290092 0.999554 -0.00688 -0.41208 -0.83096 0.0279399 0.555636 17.3815
0.516443 -0.00928302 0.856277 10.1783 0.032638 0.999427 -0.00884952 -0.427676 -0.855704 0.032517 0.51645 17.892
0.477179 -0.00800646 0.878773 11.016 0.0344387 0.99936 -0.00959519 -0.430342 -0.878135 0.0348417 0.47715 18.3637
0.43819 -0.0108585 0.898822 11.8817 0.0384141 0.999239 -0.00665558 -0.455764 -0.898066 0.0374434 0.438274 18.8029
0.400624 -0.0114356 0.916175 12.765 0.0411891 0.999135 -0.00553995 -0.484548 -0.915321 0.0399551 0.400749 19.1933
0.364583 -0.0119958 0.931099 13.6733 0.0418616 0.999116 -0.00351884 -0.495214 -0.930235 0.0402596 0.364762 19.5542
0.33068 -0.0126981 0.943661 14.6079 0.0418064 0.999124 -0.00120531 -0.507743 -0.942821 0.0398488 0.330921 19.8897
0.296746 -0.0137019 0.954864 15.5428 0.042359 0.999101 0.00117318 -0.515481 -0.954023 0.0400984 0.297059 20.1853
0.26444 -0.0144919 0.964297 16.4989 0.04313 0.999064 0.003187 -0.534037 -0.963442 0.0407465 0.264817 20.4638
0.23139 -0.0113759 0.972801 17.4976 0.0401036 0.999193 0.00214595 -0.526892 -0.972041 0.0385156 0.231659 20.7119
0.199675 -0.0107005 0.979808 18.4834 0.0392356 0.999225 0.00291695 -0.527974 -0.979082 0.03786 0.199939 20.9149
0.169254 -0.0102611 0.985525 19.4799 0.0409785 0.999154 0.00336586 -0.516938 -0.984727 0.039815 0.169531 21.0999
0.138085 -0.0110343 0.990364 20.5014 0.0417938 0.999111 0.00530476 -0.524495 -0.989544 0.0406576 0.138422 21.2536
0.10715 -0.0114448 0.994182 21.5484 0.0409414 0.999136 0.00708981 -0.523057 -0.993406 0.0399429 0.107525 21.385
0.0778173 -0.0119513 0.996901 22.5976 0.0407269 0.999131 0.00879919 -0.519237 -0.996142 0.039915 0.0782357 21.4854
0.0495855 -0.0125405 0.998697 23.6719 0.0410002 0.999103 0.0105104 -0.528532 -0.997935 0.040425 0.0500541 21.5481
0.0244316 -0.0124784 0.999628 24.7564 0.0441956 0.998957 0.0113902 -0.532088 -0.99873 0.0439 0.0249568 21.5833
0.00130775 -0.0119926 0.999934 25.8454 0.0483863 0.998757 0.0119158 -0.505514 -0.998836 0.0483668 0.00188514 21.5861
-0.0201499 -0.0123067 0.999726 26.9622 0.0537232 0.998466 0.0133742 -0.496461 -0.99836 0.0539771 -0.0194587 21.5621
-0.0372762 -0.0147015 0.999205 28.0803 0.0576677 0.998194 0.0168385 -0.478154 -0.997647 0.0582488 -0.0363625 21.5142
-0.0528765 -0.0155422 0.998485 29.2037 0.0578166 0.998154 0.0185991 -0.477051 -0.996934 0.0587115 -0.051881 21.4672
-0.0680775 -0.0164564 0.997553 30.3238 0.0580039 0.998107 0.0204246 -0.465311 -0.996001 0.0592516 -0.0669957 21.3984
-0.0808868 -0.0175254 0.996575 31.4672 0.057687 0.998087 0.0222345 -0.449251 -0.995061 0.0592868 -0.0797217 21.3227
-0.09343 -0.0177592 0.995477 32.6265 0.0575236 0.998074 0.023205 -0.440133 -0.993971 0.0594306 -0.0922301 21.2342
-0.105913 -0.0155221 0.99426 33.7918 0.0566632 0.998159 0.0216194 -0.424811 -0.992769 0.0586266 -0.104839 21.1166
-0.1153 -0.0129777 0.993255 34.9649 0.0566338 0.998202 0.019617 -0.409094 -0.991723 0.0585128 -0.114359 20.9918
-0.125644 -0.0115467 0.992014 36.1672 0.0567289 0.998212 0.0188045 -0.387286 -0.990462 0.0586374 -0.124765 20.8473
-0.132406 -0.0113885 0.991139 37.3917 0.0562953 0.998233 0.0189911 -0.36334 -0.989604 0.0583101 -0.131533 20.6908
-0.138216 -0.0111275 0.990346 38.6388 0.0558042 0.99826 0.0190052 -0.344395 -0.988838 0.0578912 -0.137355 20.5138
-0.144396 -0.0108109 0.98947 39.9015 0.0557344 0.998262 0.0190411 -0.325443 -0.987958 0.0578958 -0.143544 20.3465
-0.148152 -0.00978946 0.988923 41.1954 0.0550063 0.99832 0.0181238 -0.305345 -0.987444 0.0570807 -0.147365 20.1585
-0.152175 -0.00921037 0.98832 42.5089 0.0552565 0.998312 0.0178121 -0.28923 -0.986817 0.0573205 -0.151411 19.9681
-0.156215 -0.0101387 0.987678 43.8411 0.0551012 0.998299 0.0189635 -0.26458 -0.986196 0.0573833 -0.155391 19.7689
-0.157642 -0.0117633 0.987435 45.1905 0.0552811 0.998254 0.0207183 -0.234597 -0.985958 0.0578515 -0.156718 19.5611
-0.159928 -0.0126942 0.987054 46.5596 0.0551688 0.998238 0.0217775 -0.207111 -0.985596 0.0579362 -0.158946 19.3455
-0.163117 -0.0134721 0.986524 47.954 0.0556034 0.99819 0.0228258 -0.188062 -0.985049 0.0585761 -0.162074 19.1277
-0.162802 -0.0135995 0.986572 49.3627 0.0554231 0.998198 0.0229064 -0.145832 -0.985111 0.0584068 -0.161756 18.8916
-0.164624 -0.0142063 0.986263 50.7951 0.0555473 0.998175 0.0236504 -0.130063 -0.984802 0.0586765 -0.163536 18.6628
-0.163347 -0.0139252 0.986478 52.2508 0.0552984 0.998198 0.0232481 -0.0877914 -0.985029 0.0583468 -0.162284 18.4226
-0.1628 -0.0142837 0.986564 53.7212 0.0551161 0.998201 0.0235479 -0.0617477 -0.985129 0.058208 -0.161721 18.1854
-0.162811 -0.0149801 0.986551 55.2039 0.0552044 0.998179 0.0242679 -0.0286355 -0.985123 0.0584117 -0.161688 17.9503
-0.160328 -0.0157755 0.986946 56.7257 0.0552597 0.99816 0.0249322 0.014245 -0.985527 0.0585345 -0.159163 17.7043
-0.159208 -0.0163019 0.987119 58.2621 0.0555841 0.998128 0.0254495 0.0447698 -0.98569 0.0589185 -0.158005 17.4578
-0.159834 -0.0163301 0.987018 59.809 0.0554186 0.998136 0.0254891 0.0841055 -0.985599 0.0587719 -0.158632 17.2109
-0.15734 -0.016757 0.987411 61.3936 0.0561128 0.998088 0.0258804 0.120846 -0.985961 0.059477 -0.1561 16.9587
-0.157838 -0.0172831 0.987323 62.9763 0.0559398 0.998083 0.0264151 0.161902 -0.985891 0.0593987 -0.15657 16.7136
-0.155691 -0.018961 0.987633 64.6098 0.0571091 0.99797 0.0281631 0.20751 -0.986166 0.0607862 -0.154293 16.4625
-0.154932 -0.0205755 0.98772 66.2389 0.0580814 0.997863 0.0298981 0.256282 -0.986228 0.061999 -0.153407 16.2127
-0.155837 -0.0200908 0.987588 67.8697 0.0589392 0.997822 0.0296003 0.296703 -0.986035 0.0628189 -0.154315 15.967
-0.153927 -0.019665 0.987897 69.528 0.0598397 0.99778 0.0291863 0.339934 -0.986281 0.0636066 -0.15241 15.7081
-0.153252 -0.0201606 0.987992 71.2011 0.0597477 0.997773 0.029629 0.395444 -0.986392 0.0635694 -0.151707 15.4617
-0.154498 -0.0211755 0.987776 72.8724 0.060227 0.997708 0.0308094 0.433139 -0.986169 0.0642494 -0.15287 15.2122
-0.153125 -0.0217759 0.987978 74.5893 0.0600827 0.997701 0.0313035 0.494922 -0.986392 0.0641522 -0.151466 14.9529
-0.154372 -0.0227112 0.987762 76.2888 0.060936 0.997613 0.0324618 0.536662 -0.986145 0.0652001 -0.15262 14.6964
-0.152752 -0.0227424 0.988014 78.0413 0.0614962 0.997578 0.0324714 0.599759 -0.986363 0.0657176 -0.150984 14.4345
-0.152919 -0.022716 0.987988 79.7933 0.0616299 0.99757 0.0324761 0.650326 -0.986328 0.0658544 -0.151149 14.1729
-0.155135 -0.0222892 0.987653 81.5459 0.0612073 0.997607 0.0321291 0.710237 -0.986009 0.0654343 -0.1534 13.9135
-0.155005 -0.0221212 0.987676 83.3347 0.0606528 0.997649 0.0318642 0.766462 -0.986063 0.064843 -0.153301 13.6387
-0.156193 -0.0222243 0.987488 85.1282 0.060257 0.997669 0.0319856 0.818324 -0.985901 0.0644973 -0.154491 13.3583
-0.158441 -0.0227468 0.987117 86.9271 0.0595782 0.997692 0.0325541 0.873277 -0.985583 0.063967 -0.156721 13.0904
-0.15792 -0.0236372 0.987181 88.7533 0.0592941 0.997682 0.0333751 0.920521 -0.985684 0.0638029 -0.156153 12.8008
-0.158248 -0.0241411 0.987115 90.5853 0.058375 0.997723 0.0337597 0.990634 -0.985686 0.0629638 -0.156479 12.5216
-0.161589 -0.0238285 0.986582 92.4317 0.0582379 0.997735 0.0336377 1.04149 -0.985152 0.0628902 -0.159836 12.2394
-0.162671 -0.0233595 0.986415 94.2989 0.0578324 0.997774 0.0331666 1.11075 -0.984999 0.0624404 -0.160959 11.9427
-0.168515 -0.0230662 0.985441 96.1719 0.0577549 0.997776 0.0332325 1.16396 -0.98402 0.0625125 -0.166809 11.6417
-0.171303 -0.0239255 0.984939 98.0615 0.0567972 0.997802 0.034117 1.22735 -0.983595 0.0617846 -0.169569 11.3272
-0.176056 -0.024131 0.984096 99.9577 0.0561882 0.997821 0.0345209 1.2938 -0.982789 0.0613704 -0.174318 11.0072
-0.18241 -0.0236392 0.98295 101.864 0.0556601 0.997859 0.0343276 1.35081 -0.981661 0.0609712 -0.180705 10.6761
-0.185318 -0.0228578 0.982425 103.779 0.0555871 0.997883 0.0337043 1.40644 -0.98112 0.0608544 -0.183656 10.3293
-0.190077 -0.0216329 0.981543 105.697 0.0552811 0.997936 0.0327002 1.46476 -0.980227 0.0604748 -0.18849 9.97596
-0.197111 -0.0211229 0.980166 107.63 0.0547804 0.997967 0.0325241 1.52433 -0.978864 0.060103 -0.195554 9.61255
-0.200602 -0.0211336 0.979457 109.574 0.0543131 0.99799 0.0326581 1.58622 -0.978181 0.0597471 -0.199052 9.2363
-0.20784 -0.0215517 0.977938 111.531 0.0533769 0.998016 0.0333396 1.64483 -0.97672 0.0591267 -0.206278 8.84773
-0.211783 -0.0224442 0.977071 113.49 0.0530885 0.997996 0.0344328 1.70457 -0.975889 0.0591619 -0.210169 8.44209
-0.2173 -0.0227485 0.975852 115.457 0.0529762 0.997979 0.0350623 1.7668 -0.974681 0.0593142 -0.215657 8.02345
-0.224933 -0.0224107 0.974129 117.426 0.0527279 0.99799 0.0351358 1.82887 -0.972962 0.0592653 -0.223301 7.59124
-0.22876 -0.0217862 0.973252 119.406 0.0522247 0.998034 0.0346177 1.89808 -0.972096 0.058745 -0.227174 7.13807
-0.234744 -0.0220325 0.97182 121.394 0.0523091 0.998007 0.0352625 1.95865 -0.970665 0.059111 -0.233125 6.67784
-0.242339 -0.0224422 0.969944 123.38 0.0514133 0.998029 0.035939 2.02644 -0.968844 0.0585756 -0.240708 6.20693
-0.24566 -0.0222624 0.969113 125.377 0.050549 0.998081 0.0357426 2.09225 -0.968054 0.0577663 -0.244065 5.70818
-0.2536 -0.0225084 0.96706 127.368 0.0497451 0.998101 0.0362774 2.16379 -0.966045 0.0573045 -0.252 5.2143
-0.256242 -0.0236736 0.966336 129.381 0.0501489 0.998027 0.0377489 2.23504 -0.965328 0.0581316 -0.254551 4.69317
-0.260303 -0.0243625 0.965232 131.388 0.0509496 0.997941 0.0389295 2.30495 -0.964198 0.0593097 -0.258527 4.16914
-0.267185 -0.0237201 0.963367 133.387 0.0505394 0.997976 0.0385901 2.36738 -0.962336 0.0589969 -0.265447 3.63345
-0.267138 -0.0236599 0.96338 135.436 0.0499808 0.998011 0.038371 2.43573 -0.962378 0.058399 -0.265425 3.09443
-0.27045 -0.0240528 0.962447 137.477 0.0489215 0.998053 0.0386907 2.50754 -0.961508 0.0575465 -0.268748 2.54727
-0.277852 -0.0229306 0.960363 139.495 0.0477482 0.998149 0.0376485 2.55758 -0.959453 0.0563144 -0.276244 1.967
-0.279744 -0.0231383 0.959809 141.58 0.0456247 0.99826 0.0373638 2.61723 -0.959008 0.0542414 -0.278203 1.39418
-0.286394 -0.0238296 0.95783 143.61 0.0447307 0.998267 0.0382115 2.69703 -0.957085 0.053786 -0.284833 0.809453
-0.289412 -0.0256017 0.956877 145.681 0.0441541 0.998223 0.0400635 2.75608 -0.956205 0.053843 -0.287768 0.205753
-0.294044 -0.0249266 0.955481 147.758 0.0442271 0.998233 0.0396538 2.83762 -0.954786 0.0539162 -0.292423 -0.411423
-0.300009 -0.0229724 0.953675 149.83 0.0457377 0.998217 0.0384345 2.91476 -0.952858 0.0551477 -0.298424 -1.03997
-0.303014 -0.0241116 0.952695 151.911 0.0451655 0.998192 0.0396297 2.99552 -0.951933 0.0550354 -0.301379 -1.68576
-0.307385 -0.0247213 0.951279 153.998 0.0446704 0.998189 0.0403755 3.06672 -0.950556 0.054903 -0.305724 -2.34301
-0.313424 -0.0238413 0.949329 156.106 0.0449053 0.998194 0.0398953 3.14359 -0.948569 0.0551321 -0.311788 -3.00643
-0.315104 -0.0236304 0.948779 158.186 0.0446629 0.998216 0.0396959 3.22128 -0.948026 0.0548816 -0.313487 -3.68633
-0.318817 -0.0221129 0.947574 160.288 0.0449835 0.998248 0.0384316 3.29431 -0.946767 0.0548759 -0.317265 -4.36998
-0.324286 -0.0216635 0.945727 162.394 0.0451174 0.998249 0.0383382 3.36556 -0.944903 0.0550993 -0.322741 -5.07433
-0.325977 -0.0210127 0.94516 164.498 0.0448669 0.998282 0.0376691 3.44186 -0.944331 0.0546836 -0.324475 -5.78477
-0.331487 -0.0212802 0.943237 166.613 0.0442789 0.998296 0.0380846 3.52018 -0.942442 0.0543879 -0.32998 -6.49455
-0.333267 -0.0213276 0.942607 168.727 0.0443311 0.998284 0.0382622 3.59507 -0.941809 0.0545362 -0.33175 -7.22942
-0.337141 -0.0212179 0.941233 170.852 0.0449058 0.998248 0.0385892 3.66712 -0.940404 0.0552746 -0.335598 -7.97031
-0.342629 -0.0207565 0.939257 172.981 0.0458473 0.998196 0.0387846 3.73479 -0.938371 0.0563491 -0.34106 -8.72812
-0.343592 -0.0209885 0.938901 175.109 0.0462284 0.998162 0.0392316 3.81456 -0.938002 0.0568815 -0.341991 -9.49528
-0.346407 -0.0218838 0.937845 177.25 0.0457311 0.998146 0.0401834 3.8919 -0.936989 0.0568064 -0.344764 -10.2638
-0.351257 -0.021887 0.93604 179.404 0.0448923 0.998185 0.0401874 3.97846 -0.935224 0.056135 -0.349638 -11.0439
-0.351856 -0.0204305 0.935848 181.549 0.0442934 0.998279 0.0384478 4.06743 -0.935026 0.054978 -0.350346 -11.8222
-0.354991 -0.0192309 0.93469 183.709 0.0438054 0.99835 0.0371788 4.13857 -0.933866 0.0541404 -0.353563 -12.6246
-0.359815 -0.018262 0.932862 185.876 0.0429273 0.998427 0.0361042 4.22591 -0.932056 0.0530339 -0.358465 -13.4338
-0.361347 -0.0178737 0.932278 188.025 0.0419929 0.998492 0.0354204 4.30315 -0.931508 0.0519458 -0.360052 -14.2508
-0.367053 -0.0178609 0.930046 190.206 0.0419279 0.998483 0.0357239 4.37182 -0.929275 0.0521052 -0.365748 -15.0819
-0.368893 -0.019321 0.92929 192.366 0.041876 0.998426 0.0373826 4.45805 -0.928551 0.0527028 -0.367504 -15.9265
-0.372727 -0.0202724 0.927738 194.547 0.0416828 0.998388 0.0385641 4.53627 -0.927025 0.0530422 -0.371282 -16.7819
-0.378487 -0.0207035 0.925394 196.761 0.0416565 0.998358 0.0393745 4.61216 -0.924692 0.053449 -0.377004 -17.6568
-0.380542 -0.0209082 0.924546 198.923 0.0409325 0.998386 0.0394273 4.70094 -0.923879 0.0528453 -0.379072 -18.5336
-0.384292 -0.0206461 0.923001 201.112 0.0405415 0.99841 0.0392134 4.7884 -0.922346 0.0524867 -0.382844 -19.4188
-0.389051 -0.0211302 0.920993 203.313 0.0401541 0.9984 0.0398696 4.86697 -0.920363 0.0524905 -0.38758 -20.3156
-0.390387 -0.020976 0.920432 205.495 0.0407036 0.998372 0.040017 4.94789 -0.919776 0.0530845 -0.388898 -21.2246
-0.39496 -0.0211001 0.918475 207.692 0.0411705 0.998328 0.0406401 5.02914 -0.917798 0.0538628 -0.393431 -22.1416
-0.395894 -0.0216772 0.918061 209.876 0.0421691 0.99824 0.0417559 5.11743 -0.917352 0.0552422 -0.394284 -23.0765
-0.39835 -0.0220532 0.916989 212.066 0.0425647 0.998192 0.0424984 5.20703 -0.916269 0.055958 -0.396691 -24.0124
-0.402808 -0.0216213 0.91505 214.264 0.0424162 0.998208 0.0422588 5.28568 -0.914326 0.0558326 -0.40117 -24.9721
-0.403747 -0.021689 0.914634 216.448 0.0418239 0.998238 0.0421356 5.37762 -0.913938 0.055263 -0.402129 -25.9227
-0.406576 -0.0212999 0.913389 218.633 0.0413877 0.998274 0.0417032 5.46479 -0.912704 0.054756 -0.404994 -26.8797
-0.411379 -0.0207606 0.911249 220.839 0.0410461 0.998306 0.0412759 5.55054 -0.910565 0.0543805 -0.40983 -27.8657
-0.412649 -0.0211827 0.910665 223.005 0.0393963 0.998382 0.0410756 5.63506 -0.910064 0.0528242 -0.411147 -28.8128
-0.415693 -0.0209951 0.909284 225.193 0.0396088 0.998369 0.0411617 5.7188 -0.908667 0.0531235 -0.414184 -29.7984
-0.420303 -0.0222727 0.907132 227.393 0.0405403 0.998242 0.0432944 5.79673 -0.906504 0.0549697 -0.418662 -30.8089
-0.421411 -0.024022 0.906573 229.562 0.0402658 0.99817 0.0451683 5.88985 -0.906001 0.0555355 -0.419673 -31.7918
-0.425845 -0.0250412 0.904472 231.771 0.0395568 0.998149 0.04626 5.9887 -0.903957 0.0554753 -0.424067 -32.8152
-0.427219 -0.0253271 0.903816 233.939 0.038827 0.998174 0.046326 6.08628 -0.903341 0.0548809 -0.425455 -33.8104
-0.430418 -0.0256175 0.902289 236.117 0.0379316 0.998203 0.0464364 6.18896 -0.901859 0.0542099 -0.428674 -34.8325
-0.436091 -0.0268821 0.899523 238.3 0.0373527 0.998154 0.0479402 6.2941 -0.899154 0.0545032 -0.434282 -35.8691
-0.437651 -0.0271494 0.898758 240.458 0.0370241 0.998155 0.0481822 6.39294 -0.89841 0.0543603 -0.435839 -36.8932
-0.441219 -0.0279968 0.896985 242.626 0.0364589 0.998132 0.0490895 6.49842 -0.896686 0.0543596 -0.439374 -37.9325
-0.447377 -0.0295625 0.89388 244.788 0.0356737 0.998071 0.0508639 6.60057 -0.893661 0.054641 -0.445461 -38.9942
-0.449456 -0.0300412 0.89282 246.94 0.035295 0.99806 0.051352 6.71795 -0.892633 0.0545897 -0.447523 -40.0431
-0.453155 -0.0299107 0.890953 249.094 0.035312 0.998053 0.0514678 6.8246 -0.89076 0.0547819 -0.451217 -41.1047
-0.458436 -0.030454 0.888229 251.232 0.035483 0.997992 0.0525328 6.93922 -0.888047 0.055597 -0.456434 -42.1825
-0.460597 -0.0314817 0.887074 253.355 0.0351406 0.997943 0.0536638 7.05548 -0.886942 0.0558874 -0.458545 -43.2669
-0.465752 -0.0320993 0.884357 255.501 0.0342821 0.99794 0.0542788 7.17318 -0.884279 0.0555952 -0.463692 -44.3583
-0.467622 -0.0326267 0.883351 257.639 0.0342982 0.997899 0.0550155 7.29943 -0.883292 0.0560215 -0.465521 -45.4743
-0.471268 -0.0324972 0.881415 259.778 0.0344038 0.997886 0.055188 7.41935 -0.881347 0.0563296 -0.469153 -46.5879
-0.47632 -0.0327407 0.878688 261.922 0.0346349 0.997835 0.0559567 7.52982 -0.878619 0.0570841 -0.474156 -47.7137
-0.478013 -0.0323935 0.87778 264.037 0.034982 0.997828 0.0558757 7.64928 -0.877685 0.057413 -0.475841 -48.8523
-0.480939 -0.032082 0.876192 266.162 0.0355436 0.997798 0.0560459 7.78228 -0.876063 0.0580952 -0.478741 -49.9997
-0.485493 -0.0320823 0.873677 268.307 0.0355793 0.997776 0.0564123 7.9048 -0.873546 0.0584697 -0.483272 -51.1551
-0.48627 -0.0318993 0.873252 270.422 0.0355326 0.997788 0.0562364 8.02872 -0.873116 0.0583725 -0.484062 -52.3215
-0.491106 -0.0321948 0.87053 272.57 0.03569 0.997737 0.0570358 8.16084 -0.870398 0.0590769 -0.488845 -53.507
-0.492236 -0.0319719 0.8699 274.707 0.035809 0.997739 0.0569346 8.29273 -0.869755 0.0591729 -0.489979 -54.687
-0.495539 -0.031913 0.868026 276.862 0.0355737 0.997744 0.0569925 8.43485 -0.867888 0.0591178 -0.493285 -55.894
-0.501381 -0.0316047 0.864676 279.001 0.0358563 0.997718 0.0572603 8.56742 -0.864514 0.0597108 -0.499105 -57.1105
-0.502538 -0.0313741 0.864013 281.168 0.035644 0.997743 0.0569641 8.7072 -0.863851 0.0594204 -0.500285 -58.3447
-0.505361 -0.0315385 0.862358 283.336 0.0348651 0.997773 0.0569242 8.85206 -0.862234 0.0588309 -0.503137 -59.5868
-0.510954 -0.0321075 0.859036 285.506 0.0345987 0.997728 0.0578729 8.97857 -0.858944 0.0592887 -0.508682 -60.8342
-0.511477 -0.032177 0.858721 287.682 0.0349941 0.997693 0.0582295 9.11154 -0.858615 0.0598307 -0.509172 -62.1102
-0.513473 -0.0332137 0.857491 289.862 0.0349698 0.997614 0.0595837 9.24817 -0.857425 0.0605777 -0.511086 -63.3881
-0.518339 -0.0332755 0.854555 292.023 0.0346883 0.997605 0.059888 9.40254 -0.854504 0.0606827 -0.515944 -64.6749
-0.518845 -0.0343343 0.854207 294.222 0.0340913 0.997571 0.0608061 9.55055 -0.854221 0.0606668 -0.516414 -65.9857
-0.523321 -0.0349401 0.851447 296.409 0.0338033 0.997524 0.0617127 9.69829 -0.851498 0.0610746 -0.520845 -67.3009
-0.52388 -0.035808 0.851068 298.602 0.0336955 0.997467 0.0627117 9.84705 -0.851158 0.0615274 -0.521346 -68.6461
-0.52599 -0.0354437 0.84978 300.804 0.0334366 0.9975 0.0623032 10.0049 -0.849866 0.0611821 -0.523491 -69.9865
-0.529927 -0.0346616 0.847364 303.025 0.0330753 0.997564 0.0614929 10.1732 -0.847432 0.0606104 -0.527489 -71.3497
-0.53193 -0.0346192 0.846108 305.23 0.0326792 0.997584 0.0613635 10.337 -0.84619 0.0602888 -0.529515 -72.711
-0.536319 -0.0351656 0.843312 307.467 0.0321469 0.99756 0.0620446 10.4939 -0.843437 0.0603823 -0.53388 -74.0858
-0.542857 -0.0358517 0.839088 309.712 0.0313356 0.997531 0.0628964 10.6617 -0.839274 0.0604346 -0.540394 -75.4809
-0.545905 -0.0363768 0.837087 311.937 0.0309866 0.9975 0.0635582 10.8203 -0.837308 0.060632 -0.543414 -76.8975
-0.55008 -0.036865 0.834327 314.165 0.0308774 0.997447 0.0644323 10.981 -0.834575 0.0612021 -0.547538 -78.3296
-0.556306 -0.0373894 0.830166 316.398 0.0311809 0.997348 0.0658162 11.1332 -0.830428 0.0624959 -0.553664 -79.7716
-0.558079 -0.0369273 0.828995 318.623 0.0315519 0.997345 0.0656691 11.3019 -0.829221 0.0628024 -0.555435 -81.2452
-0.564152 -0.0371647 0.824865 320.839 0.031645 0.997283 0.0665784 11.4696 -0.8251 0.0636598 -0.561443 -82.7123
-0.566011 -0.0382833 0.823539 323.071 0.0319434 0.997157 0.0683103 11.6407 -0.823814 0.0649686 -0.563179 -84.2209
-0.569874 -0.0393801 0.820819 325.294 0.0311103 0.997105 0.069439 11.8124 -0.82118 0.065104 -0.566998 -85.7228
-0.576639 -0.0401721 0.816042 327.481 0.0302732 0.997058 0.0704769 11.9882 -0.816473 0.0653416 -0.573727 -87.243
-0.577926 -0.0407499 0.815103 329.696 0.0298372 0.997034 0.0710028 12.1695 -0.81558 0.0653514 -0.574995 -88.7767
-0.581893 -0.0410763 0.812259 331.905 0.0305886 0.996916 0.0723296 12.3467 -0.812726 0.0669316 -0.578843 -90.3125
-0.5887 -0.0418538 0.8073 334.068 0.0297518 0.996865 0.0733795 12.5308 -0.807841 0.0672138 -0.585608 -91.874
-0.588708 -0.0440012 0.807179 336.294 0.0283214 0.996786 0.0749946 12.7232 -0.807886 0.0670083 -0.585571 -93.4171
-0.592076 -0.0446367 0.804678 338.493 0.0279172 0.996734 0.0758338 12.9168 -0.805436 0.0673605 -0.588895 -95.0013
-0.596953 -0.0458903 0.800995 340.678 0.0276733 0.996595 0.0777221 13.1128 -0.801836 0.0685605 -0.593651 -96.5908
-0.596807 -0.0470218 0.801039 342.87 0.0257833 0.996646 0.0777162 13.303 -0.802008 0.0670318 -0.593593 -98.1823
-0.601828 -0.047579 0.79724 345.052 0.0229886 0.996783 0.0768432 13.4986 -0.798332 0.0645717 -0.598799 -99.7788
-0.602444 -0.0485252 0.796719 347.222 0.0207366 0.996867 0.076398 13.6769 -0.797931 0.0625434 -0.599549 -101.392
-0.605596 -0.0503971 0.794208 349.399 0.0194762 0.99676 0.0781029 13.873 -0.795572 0.0627649 -0.602653 -103.015
-0.610892 -0.051311 0.790085 351.561 0.0196006 0.996616 0.0798814 14.0747 -0.791512 0.0642816 -0.607818 -104.637
-0.612261 -0.0520866 0.788972 353.717 0.0183394 0.996628 0.0800295 14.272 -0.790481 0.063466 -0.609242 -106.29
-0.614877 -0.0534889 0.786843 355.875 0.0163521 0.996623 0.0805303 14.4715 -0.788494 0.0623793 -0.611924 -107.937
-0.619515 -0.0556084 0.783047 358.035 0.0147147 0.996495 0.0824102 14.6777 -0.784885 0.0625746 -0.616526 -109.594
-0.621226 -0.0573127 0.781569 360.18 0.0132809 0.996414 0.0836261 14.8867 -0.78356 0.0623272 -0.618236 -111.277
-0.624245 -0.0577252 0.779128 362.32 0.0122447 0.996426 0.0836372 15.0961 -0.781172 0.0617481 -0.621308 -112.945
-0.629334 -0.0579965 0.775005 364.436 0.0113669 0.996424 0.0837989 15.3117 -0.777094 0.0615434 -0.626422 -114.601
-0.629861 -0.0587009 0.774522 366.562 0.0106548 0.996399 0.0841838 15.5201 -0.776675 0.0612743 -0.626968 -116.306
-0.63565 -0.0593622 0.769729 368.647 0.0097355 0.996349 0.0848815 15.7342 -0.771959 0.061445 -0.632749 -117.976
-0.63529 -0.0607124 0.769919 370.774 0.00720797 0.996401 0.0845214 15.9272 -0.77228 0.0592428 -0.632567 -119.686
-0.63767 -0.0649044 0.76761 372.88 -0.00290218 0.996645 0.081862 16.1156 -0.770348 0.0499697 -0.635717 -121.377
-0.643523 -0.060992 0.76303 374.948 -0.0107954 0.997449 0.0706278 16.3365 -0.765392 0.037211 -0.642541 -123.063
-0.642635 -0.0536968 0.764329 377.043 -0.00268989 0.997699 0.067833 16.4753 -0.766213 0.0415323 -0.641298 -124.777
-0.644549 -0.053519 0.762725 379.106 0.00468838 0.997257 0.0739399 16.6294 -0.76459 0.0512317 -0.64253 -126.499
-0.649859 -0.0614727 0.757606 381.152 0.00588433 0.996293 0.0858902 16.8487 -0.760077 0.0602707 -0.647086 -128.239
-0.651264 -0.0718032 0.755485 383.201 0.000561041 0.995473 0.0950983 17.0786 -0.758893 0.0623559 -0.648275 -129.956
-0.65433 -0.0782333 0.752194 385.321 -0.0054733 0.995104 0.0987394 17.3284 -0.756237 0.0604872 -0.651552 -131.739
-0.655643 -0.0789498 0.750971 387.356 -0.0066805 0.995092 0.0987841 17.5777 -0.755085 0.0597481 -0.652952 -133.466
-0.658376 -0.074784 0.74901 389.391 -0.00216202 0.995242 0.0974713 17.8028 -0.752736 0.0625492 -0.655401 -135.219
-0.662035 -0.0681186 0.74641 391.426 0.00319833 0.995601 0.0936992 18.0253 -0.74951 0.0644173 -0.658904 -136.986
-0.663784 -0.0654291 0.745102 393.416 0.00359126 0.995882 0.0906528 18.2517 -0.747967 0.0628456 -0.660811 -138.729
-0.666826 -0.0656609 0.742355 395.43 0.00364842 0.995817 0.0913592 18.4852 -0.74525 0.0636267 -0.663796 -140.504
-0.67014 -0.0663957 0.739305 397.487 0.00440029 0.995625 0.093407 18.7175 -0.742274 0.0658448 -0.666911 -142.327
-0.672151 -0.0679784 0.737327 399.455 0.00398439 0.995436 0.0954095 18.9421 -0.740448 0.0670653 -0.668812 -144.084
-0.673965 -0.0685586 0.735622 401.443 0.00355398 0.995379 0.0960267 19.1713 -0.738808 0.0673288 -0.670603 -145.88
-0.675411 -0.0684756 0.734297 403.48 0.00418885 0.995314 0.0966718 19.4335 -0.737476 0.0683668 -0.671958 -147.724
-0.676294 -0.0692085 0.733423 405.425 0.00369398 0.995253 0.0973255 19.6628 -0.736677 0.0685255 -0.672823 -149.489
-0.677742 -0.0713074 0.731875 407.45 0.00360093 0.994962 0.100277 19.9083 -0.735338 0.0705952 -0.674067 -151.336
-0.678385 -0.0738997 0.73103 409.389 0.00395672 0.994556 0.104214 20.1528 -0.73475 0.0735858 -0.674395 -153.112
-0.679801 -0.0770685 0.729378 411.354 0.00337313 0.994135 0.108189 20.4098 -0.733437 0.0760053 -0.675549 -154.919
-0.682883 -0.0780309 0.726398 413.315 0.00162176 0.994124 0.108318 20.6739 -0.730581 0.0751425 -0.678739 -156.728
-0.683539 -0.0782957 0.725746 415.243 -0.00221285 0.994459 0.105203 20.9261 -0.72996 0.0703021 -0.679919 -158.511
-0.684997 -0.0823215 0.723931 417.197 -0.00800829 0.994396 0.105503 21.1787 -0.728557 0.0664677 -0.681813 -160.315
-0.686691 -0.083871 0.72214 419.183 -0.00876233 0.994216 0.10714 21.4285 -0.726947 0.0672424 -0.683448 -162.17
-0.686778 -0.0852002 0.721906 421.114 -0.0100396 0.994133 0.107781 21.6807 -0.726853 0.0667699 -0.6836 -163.981
-0.687908 -0.0846726 0.720886 423.059 -0.0108956 0.994277 0.106388 21.9541 -0.725766 0.0653289 -0.684888 -165.799
-0.690091 -0.0845741 0.718813 424.996 -0.0107231 0.994244 0.106689 22.2244 -0.723698 0.0659132 -0.687021 -167.623
-0.689785 -0.0864842 0.718876 426.924 -0.010447 0.993938 0.109553 22.4892 -0.72399 0.0680557 -0.686501 -169.449
-0.690999 -0.0891404 0.717389 428.862 -0.0102082 0.993482 0.113617 22.7598 -0.722839 0.0711819 -0.6874 -171.294
-0.690705 -0.0905392 0.717491 430.817 -0.00572585 0.992798 0.119769 23.0487 -0.723165 0.0786148 -0.686243 -173.154
-0.689667 -0.0924261 0.718254 432.744 -0.00224783 0.9921 0.12551 23.3377 -0.724178 0.0849412 -0.684422 -174.992
-0.689188 -0.0946866 0.718415 434.665 -0.00696463 0.992258 0.124099 23.6522 -0.724601 0.0805219 -0.684505 -176.781
-0.686422 -0.0976891 0.720664 436.634 -0.0148835 0.992627 0.120381 23.97 -0.727107 0.0719018 -0.68281 -178.621
-0.684444 -0.100405 0.722164 438.579 -0.0199585 0.992694 0.119103 24.2717 -0.728844 0.0671036 -0.681441 -180.436
-0.68309 -0.102207 0.723198 440.493 -0.0223451 0.992631 0.119182 24.5662 -0.730049 0.0652474 -0.680334 -182.228
-0.679689 -0.101785 0.72645 442.455 -0.0195444 0.9925 0.120778 24.8642 -0.733292 0.0678911 -0.676574 -184.053
-0.67708 -0.101538 0.728922 444.397 -0.0178764 0.992424 0.121641 25.1678 -0.735749 0.0693257 -0.673759 -185.852
-0.677559 -0.102944 0.728275 446.329 -0.0207542 0.992452 0.120978 25.4599 -0.735228 0.0668528 -0.674574 -187.622
-0.672865 -0.107901 0.731904 448.289 -0.0269527 0.992236 0.121505 25.7586 -0.73933 0.062025 -0.670543 -189.401
-0.67236 -0.114546 0.731355 450.209 -0.0354237 0.991815 0.122775 26.0694 -0.739428 0.0566396 -0.670908 -191.128
-0.669727 -0.118725 0.733105 452.197 -0.0422265 0.991639 0.122021 26.3696 -0.741462 0.0507598 -0.669135 -192.913
-0.668918 -0.120235 0.733594 454.173 -0.0444889 0.991551 0.12195 26.6679 -0.742055 0.0489352 -0.66861 -194.678
-0.669774 -0.121138 0.732667 456.126 -0.0429981 0.991286 0.124593 26.9678 -0.741374 0.0519417 -0.669141 -196.435
-0.667368 -0.122784 0.734584 458.107 -0.0411671 0.990903 0.128229 27.2819 -0.743642 0.0553329 -0.666345 -198.225
-0.666195 -0.124868 0.735299 460.077 -0.0418413 0.9906 0.130317 27.6133 -0.744657 0.056046 -0.665152 -199.983
-0.668713 -0.126472 0.732733 462.034 -0.0447342 0.990499 0.130139 27.9341 -0.742227 0.054245 -0.668011 -201.724
-0.665289 -0.126643 0.735816 463.989 -0.045578 0.990571 0.129282 28.2592 -0.745248 0.0524686 -0.664783 -203.49
-0.663884 -0.127217 0.736983 465.965 -0.0461337 0.990528 0.129427 28.585 -0.746465 0.0519224 -0.663459 -205.248
-0.66692 -0.125902 0.734466 467.947 -0.0425838 0.990463 0.13112 28.9123 -0.743967 0.0561654 -0.665915 -207.023
-0.663762 -0.126162 0.737274 469.895 -0.0396492 0.990233 0.133755 29.2468 -0.746946 0.0595462 -0.662275 -208.756
-0.664149 -0.127885 0.736631 471.873 -0.0410023 0.99002 0.134911 29.5802 -0.746529 0.0593928 -0.66276 -210.506
-0.661662 -0.128869 0.738693 473.846 -0.0415083 0.989917 0.135519 29.9153 -0.748707 0.0590031 -0.660333 -212.26
-0.660546 -0.130643 0.739382 475.839 -0.0417354 0.989623 0.137577 30.2616 -0.749679 0.0600126 -0.659139 -214.01
-0.661666 -0.132387 0.738067 477.811 -0.0428606 0.989371 0.139041 30.6018 -0.748627 0.0603622 -0.660302 -215.732
-0.659732 -0.132787 0.739728 479.806 -0.0434409 0.989371 0.13886 30.9511 -0.750299 0.0594714 -0.658483 -217.496
-0.659036 -0.132732 0.740355 481.791 -0.0445385 0.989478 0.137751 31.299 -0.750846 0.0578055 -0.658008 -219.25
-0.659745 -0.13417 0.739467 483.781 -0.0450984 0.989241 0.139256 31.6408 -0.75019 0.05852 -0.658693 -220.995
-0.657734 -0.136041 0.740914 485.748 -0.0459348 0.988983 0.140815 31.9882 -0.751903 0.0585821 -0.656731 -222.736
-0.657605 -0.137478 0.740765 487.732 -0.0474124 0.988825 0.141429 32.3346 -0.751925 0.057878 -0.656769 -224.474
-0.659919 -0.138758 0.738464 489.711 -0.0483488 0.988618 0.142559 32.692 -0.749836 0.0583705 -0.659111 -226.193
-0.658674 -0.138362 0.73965 491.682 -0.0473484 0.988634 0.142777 33.0598 -0.750993 0.0590173 -0.657734 -227.93
-0.660698 -0.138868 0.737747 493.661 -0.0479204 0.988551 0.143165 33.4123 -0.749177 0.0592323 -0.659784 -229.659
-0.659631 -0.140152 0.738461 495.639 -0.0479324 0.988318 0.14476 33.7723 -0.750117 0.0600872 -0.658638 -231.4
-0.659431 -0.14261 0.738167 497.625 -0.049176 0.987935 0.146937 34.1408 -0.750212 0.0605916 -0.658483 -233.146
-0.660999 -0.143573 0.736578 499.608 -0.0499203 0.987778 0.147742 34.5081 -0.748783 0.0608823 -0.660083 -234.883
-0.659648 -0.143685 0.737764 501.577 -0.0499986 0.987783 0.147677 34.8727 -0.749968 0.0605245 -0.658768 -236.624
-0.659495 -0.143699 0.737901 503.552 -0.0498137 0.987768 0.147842 35.2432 -0.750115 0.0607383 -0.658582 -238.363
-0.660753 -0.143882 0.736738 505.52 -0.0499122 0.987718 0.148137 35.6087 -0.749002 0.061106 -0.659814 -240.097
-0.659031 -0.144637 0.738132 507.488 -0.0497237 0.98758 0.149125 35.9835 -0.750529 0.0615699 -0.658033 -241.844
-0.660041 -0.145871 0.736986 509.48 -0.0512084 0.987434 0.149585 36.3534 -0.749542 0.0609887 -0.659212 -243.592
-0.658578 -0.146625 0.738146 511.446 -0.051763 0.987351 0.149948 36.723 -0.75079 0.0605381 -0.657832 -245.342
-0.65827 -0.147838 0.738177 513.435 -0.0526366 0.987179 0.150772 37.1004 -0.751 0.06039 -0.657607 -247.083
-0.65858 -0.14911 0.737647 515.387 -0.0533313 0.986969 0.151897 37.4685 -0.750679 0.060691 -0.657945 -248.796
-0.657507 -0.150619 0.738296 517.385 -0.0536654 0.986703 0.153507 37.8556 -0.751596 0.0613074 -0.656842 -250.56
-0.656836 -0.150392 0.738942 519.364 -0.0541614 0.986801 0.152698 38.2396 -0.752149 0.0602692 -0.656305 -252.299
-0.65896 -0.150201 0.737086 521.334 -0.0541105 0.986801 0.152716 38.6244 -0.750291 0.060746 -0.658385 -254.024
-0.657245 -0.150658 0.738524 523.305 -0.0541079 0.986735 0.153144 39.008 -0.751796 0.060687 -0.656672 -255.769
-0.657064 -0.152056 0.738397 525.277 -0.0540114 0.986439 0.155077 39.4035 -0.751959 0.06201 -0.656362 -257.495
-0.658517 -0.153582 0.736787 527.23 -0.0556636 0.986227 0.155831 39.7812 -0.750569 0.0615989 -0.65799 -259.185
-0.657303 -0.154197 0.73774 529.23 -0.0564972 0.986187 0.155793 40.1657 -0.751568 0.0607192 -0.65693 -260.941
-0.657876 -0.154446 0.73718 531.191 -0.0557762 0.986065 0.156818 40.5592 -0.751122 0.0620437 -0.657317 -262.673
-0.659988 -0.155082 0.735156 533.146 -0.0554024 0.985861 0.158236 40.9525 -0.749295 0.0637004 -0.659242 -264.373
-0.658822 -0.156021 0.736002 535.121 -0.0552387 0.985664 0.159504 41.3481 -0.750332 0.0644228 -0.65799 -266.127
-0.660763 -0.155293 0.734415 537.082 -0.0558424 0.985839 0.15822 41.7399 -0.748578 0.0635303 -0.660072 -267.852
-0.659865 -0.154746 0.735338 539.051 -0.056915 0.986062 0.156439 42.128 -0.749291 0.0613706 -0.659468 -269.59
-0.659898 -0.154331 0.735395 541.008 -0.0560075 0.986074 0.156686 42.5194 -0.749329 0.0622052 -0.659345 -271.324
-0.662024 -0.157617 0.732785 542.98 -0.0567913 0.985392 0.160648 42.9202 -0.747394 0.0647303 -0.661298 -273.064
-0.660571 -0.159796 0.733623 544.923 -0.0564121 0.984904 0.16374 43.3267 -0.748707 0.0667726 -0.659607 -274.794
-0.660508 -0.159871 0.733664 546.901 -0.0562428 0.984874 0.163981 43.7264 -0.748775 0.0670406 -0.659502 -276.552
-0.662346 -0.159273 0.732135 548.855 -0.056086 0.984957 0.163539 44.1445 -0.747162 0.0672525 -0.661308 -278.284
-0.660888 -0.158953 0.733521 550.818 -0.0555036 0.985005 0.163445 44.5571 -0.748496 0.0672996 -0.659794 -280.026
-0.662143 -0.159206 0.732334 552.765 -0.0543701 0.984819 0.164942 44.967 -0.74747 0.0693935 -0.66074 -281.736
-0.6609 -0.160092 0.733262 554.738 -0.0533861 0.984552 0.166843 45.3849 -0.748639 0.0711136 -0.659231 -283.509
-0.66059 -0.161763 0.733176 556.713 -0.0545577 0.98429 0.168015 45.8083 -0.748828 0.0709845 -0.659031 -285.259
-0.661463 -0.163014 0.732111 558.68 -0.056036 0.984123 0.168504 46.2357 -0.747949 0.0704278 -0.660088 -287.004
-0.659336 -0.163843 0.733843 560.643 -0.0566909 0.98404 0.168774 46.6595 -0.749775 0.0696721 -0.658095 -288.749
-0.659054 -0.16413 0.734031 562.607 -0.0562336 0.983936 0.169524 47.085 -0.750057 0.0704417 -0.65769 -290.488
-0.659719 -0.166787 0.732835 564.565 -0.0589128 0.983556 0.170819 47.5085 -0.749267 0.0695146 -0.65869 -292.206
-0.65831 -0.168548 0.733699 566.541 -0.0600467 0.98328 0.172009 47.9417 -0.750416 0.0691727 -0.657416 -293.954
-0.658731 -0.168682 0.733291 568.483 -0.0609923 0.983327 0.171413 48.3785 -0.749971 0.0681853 -0.658029 -295.669
-0.657493 -0.167049 0.734774 570.445 -0.0589356 0.983546 0.170874 48.811 -0.751221 0.0690371 -0.656512 -297.424
-0.656846 -0.166429 0.735494 572.42 -0.0572624 0.983549 0.171426 49.2427 -0.751917 0.0704791 -0.655563 -299.166
-0.657263 -0.167532 0.73487 574.365 -0.0569038 0.983248 0.173266 49.6765 -0.751579 0.0720573 -0.655778 -300.873
-0.65578 -0.167714 0.736154 576.337 -0.0557123 0.983123 0.174356 50.1107 -0.752964 0.073321 -0.654049 -302.613
-0.655896 -0.167702 0.736052 578.246 -0.0556797 0.983121 0.174381 50.5377 -0.752863 0.0733858 -0.654156 -304.297
-0.654277 -0.168004 0.737426 580.224 -0.0555895 0.983078 0.174653 50.986 -0.75428 0.0732732 -0.652536 -306.024
-0.653781 -0.168429 0.737766 582.193 -0.0554223 0.982973 0.175299 51.4249 -0.75472 0.0737114 -0.651976 -307.738
-0.652551 -0.169609 0.738588 584.165 -0.0557184 0.982749 0.176456 51.8596 -0.755767 0.073988 -0.650734 -309.46
-0.65292 -0.170428 0.738071 586.078 -0.0554406 0.982516 0.177832 52.2981 -0.755464 0.0751837 -0.650946 -311.134
-0.651599 -0.171462 0.739001 588.035 -0.0560722 0.982361 0.178492 52.7464 -0.756563 0.0748619 -0.64971 -312.841
-0.651765 -0.172698 0.738565 590.003 -0.0574837 0.982198 0.178942 53.1984 -0.75631 0.0741648 -0.650082 -314.538
-0.650195 -0.172863 0.739911 591.984 -0.058711 0.982313 0.177909 53.6526 -0.757571 0.0722289 -0.648834 -316.262
-0.650698 -0.173134 0.739405 593.967 -0.0576675 0.982136 0.179225 54.098 -0.757215 0.0739738 -0.649051 -317.98
-0.651506 -0.174097 0.738468 595.895 -0.0572077 0.981836 0.181007 54.5459 -0.75656 0.0756754 -0.649621 -319.664
-0.650089 -0.174638 0.739587 597.882 -0.0566141 0.981679 0.182043 55.0158 -0.757818 0.0764654 -0.648059 -321.39
-0.6502 -0.174546 0.739511 599.856 -0.0571869 0.981756 0.181449 55.4764 -0.757682 0.0756819 -0.64831 -323.098
-0.650794 -0.173553 0.739223 601.798 -0.0574493 0.982011 0.179982 55.9293 -0.75715 0.0746551 -0.64905 -324.776
-0.649349 -0.173171 0.740583 603.792 -0.057297 0.982123 0.179418 56.3923 -0.758405 0.0740661 -0.647652 -326.492
-0.650449 -0.173325 0.73958 605.713 -0.0568598 0.982016 0.180138 56.8427 -0.757491 0.0751097 -0.6486 -328.178
-0.650176 -0.174467 0.739552 607.754 -0.0565404 0.981711 0.181894 57.3082 -0.757751 0.0764426 -0.648141 -329.927
-0.650224 -0.176254 0.739087 609.739 -0.0565098 0.981264 0.184297 57.7665 -0.757712 0.0780601 -0.647995 -331.644
-0.651338 -0.177194 0.73788 611.701 -0.0568923 0.98104 0.185372 58.2298 -0.756728 0.078754 -0.64906 -333.349
-0.650585 -0.177273 0.738527 613.68 -0.0574273 0.981095 0.184914 58.7066 -0.757335 0.0778818 -0.648458 -335.073
-0.65012 -0.177575 0.738862 615.661 -0.0578609 0.981076 0.184883 59.174 -0.757701 0.0774386 -0.648083 -336.785
-0.650309 -0.177975 0.7386 617.625 -0.057708 0.980955 0.185569 59.6414 -0.757551 0.0780451 -0.648186 -338.485
-0.649886 -0.178634 0.738814 619.628 -0.0572217 0.98075 0.186803 60.1219 -0.757951 0.0791178 -0.647588 -340.225
-0.649527 -0.178839 0.739081 621.609 -0.0568343 0.980667 0.187353 60.5945 -0.758288 0.0796767 -0.647125 -341.933
-0.649705 -0.179416 0.738785 623.55 -0.0556568 0.98039 0.189152 61.0552 -0.758223 0.0817675 -0.646941 -343.615
-0.649341 -0.179572 0.739068 625.587 -0.055232 0.980315 0.189666 61.5412 -0.758566 0.0823281 -0.646468 -345.371
-0.649401 -0.179825 0.738954 627.524 -0.0548042 0.980202 0.190378 62.0184 -0.758547 0.0831262 -0.646389 -347.035
-0.648428 -0.180549 0.739632 629.523 -0.0541981 0.979975 0.191709 62.5013 -0.759423 0.0842128 -0.645219 -348.767
-0.647528 -0.181022 0.740304 631.494 -0.0539854 0.979855 0.192385 62.9823 -0.760205 0.0846018 -0.644247 -350.464
-0.647893 -0.181287 0.73992 633.443 -0.0546395 0.979848 0.192232 63.4547 -0.759848 0.0841074 -0.644733 -352.138
-0.646331 -0.180779 0.74141 635.424 -0.0545144 0.980011 0.191441 63.9422 -0.761186 0.083309 -0.643258 -353.848
-0.646022 -0.181748 0.741442 637.399 -0.0548233 0.979804 0.192413 64.4235 -0.761426 0.0836451 -0.642929 -355.538
-0.645583 -0.18196 0.741773 639.344 -0.0537924 0.979646 0.193501 64.9044 -0.761873 0.0850117 -0.642221 -357.194
-0.644728 -0.182787 0.742314 641.353 -0.0537242 0.979448 0.194522 65.4016 -0.762602 0.0855236 -0.641288 -358.907
-0.644162 -0.183542 0.742619 643.279 -0.0549438 0.979402 0.194413 65.8788 -0.762993 0.0844232 -0.640968 -360.555
-0.643028 -0.184499 0.743364 645.305 -0.0553546 0.97923 0.195161 66.389 -0.763919 0.0843356 -0.639876 -362.275
-0.643224 -0.183979 0.743322 647.268 -0.0542892 0.979242 0.195401 66.8755 -0.76383 0.0853242 -0.63985 -363.956
