1 0 0 0 0 1 0 0 0 0 1 0
1 8.79273e-05 0.000407116 0.0049765 -8.65355e-05 0.999993 -0.00362502 0.0143482 -0.000407419 0.00362475 0.999994 0.98441
0.999999 -0.000815098 0.00125773 0.00219001 0.000819763 0.999993 -0.00378924 0.00103865 -0.00125471 0.00379021 0.999992 1.93636
0.999995 -0.00183666 0.00246604 -0.000587203 0.00183697 0.999998 -0.000174663 -0.00278386 -0.0024657 0.000178951 0.999998 2.88454
0.999991 -0.00402674 0.000866332 -0.000339029 0.00402223 0.99998 0.00499079 -0.00560239 -0.0008865 -0.00498736 0.999988 3.83686
0.999987 -0.00503009 -0.000545247 -0.00157124 0.00503302 0.999969 0.00597089 -0.0190449 0.000515229 -0.00597382 0.999983 4.77479
0.999966 -0.00831858 -0.00029427 -0.0029486 0.00831931 0.99996 0.00336457 -0.029058 0.000266202 -0.00336703 0.999995 5.70984
0.999969 -0.00775258 -0.00187277 -0.00244407 0.00775736 0.999966 0.00269285 -0.0323066 0.00185186 -0.0027076 0.999996 6.63755
0.999965 -0.00804306 -0.00250828 -0.0096395 0.00804966 0.999964 0.00271932 -0.0365002 0.0024863 -0.00273951 0.999994 7.56326
0.999966 -0.00794448 -0.00251212 -0.0205208 0.00795388 0.999961 0.00388756 -0.0399434 0.00248117 -0.00390772 0.999991 8.49095
0.999961 -0.007873 -0.00424211 -0.0255584 0.00789821 0.999951 0.00601208 -0.0489186 0.00419457 -0.00604545 0.999974 9.41153
0.999958 -0.00767265 -0.0051725 -0.0317856 0.00771157 0.999942 0.00761369 -0.0552817 0.00511375 -0.00765357 0.999959 10.3284
0.999956 -0.00831906 -0.00460913 -0.0382515 0.00835912 0.999926 0.00879757 -0.0638617 0.00453553 -0.00883582 0.999951 11.2456
0.999945 -0.00858224 -0.00627887 -0.0418167 0.00864029 0.999919 0.00934025 -0.0621298 0.00619821 -0.00939428 0.999939 12.1552
0.999942 -0.00847023 -0.00686024 -0.0502943 0.00853244 0.999922 0.00912755 -0.0579257 0.00678234 -0.00918568 0.999936 13.0618
0.999939 -0.0085558 -0.00717601 -0.0575124 0.00861855 0.999925 0.00880702 -0.0521673 0.00710024 -0.0088687 0.999938 13.962
0.999919 -0.00844359 -0.0096733 -0.0662424 0.00852889 0.999924 0.00883507 -0.0487408 0.00959788 -0.00891696 0.999915 14.8604
0.999906 -0.00821772 -0.0111681 -0.0817327 0.00831725 0.999926 0.00892022 -0.0449956 0.011094 -0.00901262 0.999901 15.7561
0.999905 -0.00779636 -0.0115414 -0.0993222 0.00790053 0.999928 0.00903404 -0.0451213 0.0114701 -0.00912442 0.999894 16.6385
0.999879 -0.00715318 -0.0139244 -0.118976 0.00728234 0.999931 0.00926909 -0.0426736 0.0138572 -0.00936975 0.999863 17.5344
0.999857 -0.00741548 -0.0152932 -0.139578 0.0075701 0.99992 0.0100966 -0.0419165 0.0152171 -0.010211 0.999834 18.4176
0.999846 -0.00761348 -0.0159459 -0.160184 0.00778919 0.999909 0.0110032 -0.0413972 0.0158607 -0.0111261 0.999816 19.3001
0.99981 -0.00756979 -0.0180702 -0.179338 0.00778149 0.999901 0.0116916 -0.0390317 0.0179799 -0.0118301 0.999771 20.1822
0.999779 -0.00775484 -0.0196429 -0.197051 0.00799697 0.999893 0.0122921 -0.0406691 0.0195456 -0.0124468 0.999735 21.0551
0.999762 -0.00758677 -0.0205511 -0.220004 0.00784613 0.99989 0.0125856 -0.0375619 0.0204534 -0.012744 0.999712 21.9157
0.999718 -0.00762691 -0.022591 -0.240265 0.00792332 0.999883 0.0130732 -0.0316413 0.0224887 -0.0132489 0.999663 22.7832
0.999713 -0.00784761 -0.0227498 -0.265333 0.00817648 0.999863 0.0144152 -0.0265627 0.0226335 -0.0145972 0.999641 23.6326
0.99967 -0.0084357 -0.024377 -0.288164 0.0088344 0.999829 0.0163031 -0.0221543 0.0242354 -0.0165134 0.999574 24.4913
0.999652 -0.00827166 -0.0251759 -0.311277 0.00870745 0.999813 0.0172629 -0.0160268 0.0250284 -0.0174763 0.999538 25.3307
0.999662 -0.00795874 -0.0248614 -0.337106 0.00839321 0.999813 0.0174296 -0.011364 0.0247182 -0.0176327 0.999543 26.1518
0.999632 -0.00753121 -0.0261978 -0.361487 0.00798959 0.999816 0.0174496 -0.00260471 0.0260617 -0.0176527 0.999508 26.9691
0.999612 -0.00745037 -0.0269368 -0.387849 0.00792554 0.999814 0.0175869 0.00551044 0.0268009 -0.017794 0.999487 27.7693
0.999611 -0.00732856 -0.0270263 -0.414541 0.00781674 0.999807 0.018015 0.0172926 0.0268891 -0.0182194 0.999476 28.5586
0.999562 -0.00721987 -0.0288128 -0.43968 0.0077522 0.9998 0.0184173 0.022235 0.0286742 -0.0186329 0.99942 29.3458
0.999514 -0.0067117 -0.0305673 -0.465156 0.00728473 0.999798 0.018687 0.028861 0.0304358 -0.0189008 0.999362 30.1156
0.99948 -0.00630861 -0.0317465 -0.494457 0.00691857 0.999792 0.0191512 0.034068 0.0316193 -0.0193612 0.999317 30.8794
0.999391 -0.00628955 -0.0344228 -0.523575 0.00698099 0.999775 0.0200141 0.0434417 0.0342893 -0.0202425 0.99921 31.6381
0.99932 -0.00617702 -0.0364491 -0.552221 0.00695272 0.999751 0.0212032 0.0514424 0.0363093 -0.0214425 0.999116 32.3864
0.99924 -0.00634557 -0.0385399 -0.582551 0.00724604 0.999702 0.0232807 0.0609974 0.0383809 -0.0235425 0.998989 33.135
0.999152 -0.00564906 -0.040873 -0.615359 0.00661885 0.999699 0.0236385 0.0671757 0.0407274 -0.0238893 0.99889 33.8592
0.999111 -0.00451591 -0.0419852 -0.65211 0.00551415 0.999703 0.0237 0.0767684 0.0418658 -0.0239107 0.99884 34.5686
0.999018 -0.0040619 -0.044213 -0.687887 0.0051257 0.999699 0.0239814 0.084815 0.0441026 -0.0241848 0.99874 35.2711
0.998955 -0.00400035 -0.045612 -0.721297 0.00513645 0.999677 0.0248259 0.0978138 0.0454981 -0.0250345 0.998654 35.9639
0.99893 -0.00349308 -0.0462017 -0.760652 0.00467693 0.999662 0.0255488 0.107071 0.0460971 -0.0257378 0.998611 36.6493
0.998907 -0.00255583 -0.0467476 -0.799171 0.00376508 0.999659 0.0258055 0.11681 0.0466658 -0.0259536 0.998577 37.3259
0.998966 -0.00123479 -0.0455464 -0.839197 0.00240402 0.999668 0.025634 0.121501 0.0455 -0.0257173 0.998639 37.9875
0.999083 -0.000689859 -0.0428907 -0.874046 0.00177279 0.999679 0.025225 0.135572 0.0428597 -0.0252782 0.998764 38.6359
0.999156 -0.000675052 -0.0412042 -0.902456 0.00170884 0.999683 0.0250695 0.146013 0.0411746 -0.025119 0.998842 39.2783
0.999278 -0.000232089 -0.0380856 -0.930647 0.00120195 0.999674 0.025455 0.159279 0.0380674 -0.0254827 0.998953 39.9156
0.999415 0.0031297 -0.0342191 -0.961312 -0.00216006 0.999595 0.028349 0.167235 0.0342943 -0.0282586 0.999019 40.5494
0.999496 0.00723803 -0.0310252 -0.989827 -0.00622316 0.999445 0.032695 0.18228 0.0312446 -0.0324859 0.998987 41.1678
0.999589 0.0113434 -0.0265329 -1.01728 -0.0104384 0.999366 0.034018 0.193923 0.0269023 -0.0337271 0.999076 41.7651
0.999707 0.0131528 -0.0205128 -1.036 -0.0124468 0.999337 0.0341888 0.208615 0.0209489 -0.0339239 0.999209 42.352
0.999782 0.0147063 -0.0152696 -1.05157 -0.0141615 0.999278 0.0352181 0.221123 0.0157769 -0.0349942 0.999269 42.9199
0.999807 0.0179118 -0.00855499 -1.06488 -0.0175913 0.999188 0.0362121 0.24038 0.00919656 -0.0360549 0.999311 43.4683
0.999813 0.0196656 -0.000800545 -1.07163 -0.0196239 0.999146 0.0363121 0.250227 0.00151427 -0.0362895 0.999347 43.9987
0.999767 0.0209418 0.00611113 -1.07208 -0.0211508 0.999113 0.0363677 0.254568 -0.00534423 -0.0364887 0.999324 44.5067
0.999646 0.0230459 0.0137765 -1.0733 -0.0235324 0.999064 0.0362377 0.265238 -0.0129281 -0.0365489 0.999255 44.997
0.999404 0.0266293 0.0222388 -1.0698 -0.0273927 0.999019 0.0347545 0.282737 -0.0212916 -0.0353432 0.999153 45.4588
0.999183 0.0273469 0.0300203 -1.0593 -0.0283684 0.999011 0.0341339 0.285385 -0.029057 -0.0349574 0.998972 45.9014
0.998856 0.0283687 0.0386563 -1.03587 -0.0296751 0.998991 0.0336463 0.299975 -0.037663 -0.0347551 0.99869 46.3225
0.998556 0.0277895 0.0461344 -1.01209 -0.0293745 0.998985 0.0340347 0.292678 -0.0451415 -0.0353406 0.998361 46.7242
0.998129 0.0286233 0.0541427 -0.994677 -0.0305038 0.998946 0.0342272 0.300111 -0.0531061 -0.0358149 0.997951 47.0989
0.997525 0.030686 0.0633936 -0.977162 -0.0328875 0.998878 0.0339755 0.299908 -0.0622797 -0.0359761 0.997416 47.4591
0.996828 0.035135 0.0715155 -0.96129 -0.0376154 0.998724 0.0336363 0.310186 -0.0702426 -0.0362199 0.996877 47.792
0.996025 0.0381707 0.0806015 -0.944645 -0.0410039 0.998584 0.0337902 0.318725 -0.0791975 -0.0369607 0.99618 48.1027
0.995257 0.0378016 0.0897259 -0.909775 -0.0410052 0.998574 0.0341328 0.314135 -0.0883078 -0.0376503 0.995387 48.3959
0.994286 0.0375209 0.100038 -0.881184 -0.0410497 0.998593 0.0334504 0.322705 -0.0986419 -0.0373656 0.994427 48.6629
0.993066 0.0371756 0.111591 -0.843085 -0.0408087 0.998701 0.0304513 0.336219 -0.110314 -0.0347943 0.993293 48.9395
0.991396 0.0380268 0.125331 -0.802008 -0.0417903 0.998743 0.0275342 0.34219 -0.124126 -0.0325346 0.991738 49.2
0.989343 0.0379765 0.140618 -0.763878 -0.0421469 0.99875 0.0267987 0.35135 -0.139425 -0.03244 0.989708 49.46
0.98681 0.0381758 0.157383 -0.717173 -0.0428176 0.998735 0.0262063 0.355466 -0.156184 -0.0325991 0.987195 49.7201
0.984 0.0381755 0.17408 -0.666963 -0.0432807 0.998732 0.0256241 0.355193 -0.172881 -0.0327486 0.984405 49.9657
0.980657 0.0376266 0.192138 -0.60319 -0.0431817 0.998755 0.0248043 0.355779 -0.190966 -0.032621 0.98106 50.2231
0.976654 0.0365789 0.211721 -0.528453 -0.0426782 0.998791 0.0243095 0.359901 -0.210575 -0.032778 0.977035 50.4762
0.972112 0.0367501 0.231667 -0.459398 -0.0434007 0.998773 0.0236738 0.360745 -0.230513 -0.0330677 0.972513 50.7164
0.966802 0.0383816 0.252659 -0.39049 -0.0455871 0.9987 0.0227251 0.36926 -0.251458 -0.0334889 0.967296 50.9658
0.960405 0.0395017 0.275832 -0.299634 -0.0471417 0.998661 0.0211199 0.374802 -0.274629 -0.0332864 0.960981 51.2113
0.953297 0.0400835 0.299393 -0.225051 -0.0484786 0.998608 0.0206629 0.368804 -0.298147 -0.0342122 0.953914 51.4611
0.945 0.0411384 0.324508 -0.127322 -0.0502875 0.998534 0.0198542 0.376241 -0.323216 -0.0350805 0.945682 51.7196
0.935121 0.0425914 0.351788 -0.0280422 -0.0527066 0.998423 0.0192227 0.381598 -0.350414 -0.0365172 0.935891 51.9791
0.924071 0.042654 0.379864 0.0761487 -0.0534777 0.998403 0.0179817 0.380625 -0.378491 -0.0369302 0.924875 52.2136
0.911202 0.0423853 0.4098 0.204409 -0.053856 0.998409 0.0164841 0.374438 -0.408449 -0.0370906 0.912036 52.4442
0.895884 0.0415928 0.442362 0.343008 -0.0534285 0.998464 0.0143232 0.378619 -0.441089 -0.0364663 0.89673 52.6836
0.878613 0.0414484 0.475754 0.49138 -0.0535742 0.998489 0.0119486 0.385862 -0.47454 -0.0359864 0.879507 52.9058
0.858855 0.0419145 0.510524 0.65372 -0.054328 0.998474 0.00941879 0.393191 -0.509352 -0.0358247 0.859821 53.144
0.837033 0.0434626 0.545443 0.827659 -0.05568 0.998427 0.0058873 0.40014 -0.544329 -0.0352982 0.838139 53.3745
0.81248 0.043949 0.581351 1.01781 -0.0563678 0.9984 0.00329959 0.399454 -0.580278 -0.0354498 0.813657 53.6095
0.785102 0.046625 0.617628 1.22707 -0.0601551 0.998185 0.00111208 0.394601 -0.616454 -0.0380266 0.786483 53.8563
0.755515 0.0476078 0.653419 1.44396 -0.0614439 0.998105 -0.00167817 0.385965 -0.652262 -0.0388801 0.757007 54.0902
0.722605 0.047426 0.689649 1.69167 -0.0614994 0.998094 -0.00420005 0.372941 -0.688533 -0.0393781 0.724146 54.3241
0.68581 0.0462906 0.726324 1.97277 -0.0605523 0.99814 -0.00644027 0.358544 -0.725274 -0.0395633 0.687336 54.565
0.646891 0.0457774 0.761222 2.26671 -0.0602115 0.998142 -0.00885795 0.353076 -0.760213 -0.0401043 0.648446 54.7875
0.604437 0.0455525 0.795366 2.59629 -0.0598768 0.998133 -0.0116631 0.348224 -0.794415 -0.0405738 0.606034 55.016
0.558747 0.045013 0.82813 2.93701 -0.0589286 0.998152 -0.0144958 0.341083 -0.827252 -0.040701 0.560368 55.2201
0.510642 0.0442173 0.858671 3.31327 -0.0576568 0.998185 -0.0171145 0.33096 -0.857872 -0.0407683 0.512263 55.422
0.461516 0.0431624 0.886095 3.71626 -0.0566675 0.998205 -0.0191096 0.316789 -0.885329 -0.0413934 0.463134 55.6176
0.412181 0.0401309 0.910232 4.12659 -0.0580197 0.998154 -0.0177348 0.305355 -0.909266 -0.045501 0.413746 55.7934
0.36227 0.0396579 0.931243 4.56827 -0.0613444 0.997938 -0.0186352 0.295199 -0.930061 -0.0503755 0.363956 55.9566
0.312688 0.0392121 0.94906 5.02685 -0.0607083 0.997925 -0.0212301 0.298762 -0.947926 -0.0509769 0.314418 56.0974
0.265548 0.0353804 0.963462 5.49801 -0.0536805 0.998314 -0.021866 0.28145 -0.96261 -0.0459125 0.266999 56.1989
0.221259 0.0302366 0.974759 5.99508 -0.0428901 0.99885 -0.0212488 0.272609 -0.974284 -0.0371055 0.222299 56.2775
0.178946 0.0277266 0.983481 6.50592 -0.0358469 0.999119 -0.0216461 0.253243 -0.983213 -0.0313812 0.179782 56.3454
0.140513 0.0298454 0.989643 7.02663 -0.0331578 0.999122 -0.025424 0.261206 -0.989536 -0.0292415 0.141378 56.4031
0.107008 0.0293288 0.993839 7.55694 -0.0271033 0.999276 -0.026572 0.241416 -0.993896 -0.0240927 0.107725 56.4462
0.077536 0.0276136 0.996621 8.10218 -0.0207849 0.99944 -0.0260752 0.226068 -0.996786 -0.0186925 0.0780651 56.4732
0.0523245 0.0258373 0.99831 8.66352 -0.0165368 0.999547 -0.0250036 0.220981 -0.998501 -0.0152004 0.0527273 56.4899
0.0319864 0.0243476 0.999206 9.23689 -0.0132046 0.999622 -0.0239356 0.208522 -0.999414 -0.012428 0.0322944 56.4984
0.0154071 0.0247129 0.99959 9.81976 -0.0127524 0.999614 -0.024518 0.203483 -0.999808 -0.0123693 0.0157156 56.5057
0.00223584 0.0246764 0.999707 10.41 -0.0121785 0.999618 -0.0246475 0.193481 -0.999936 -0.0121194 0.00253422 56.5026
-0.00985579 0.0249183 0.999656 11.014 -0.0119027 0.999611 -0.0250356 0.182604 -0.999889 -0.0121452 -0.00955624 56.4952
-0.0190823 0.0266333 0.999478 11.6233 -0.00838752 0.999601 -0.0267973 0.167957 -0.999795 -0.00889403 -0.0188526 56.4796
-0.0263915 0.0266164 0.999312 12.2467 -0.00655932 0.999614 -0.0267988 0.159426 -0.999639 -0.0072618 -0.0262076 56.4622
-0.03072 0.026459 0.999193 12.8832 -0.00652388 0.999618 -0.0266713 0.151813 -0.99952 -0.00733745 -0.0305369 56.4417
-0.0350323 0.0253623 0.99908 13.5294 -0.00739411 0.999639 -0.0256369 0.139705 -0.999367 -0.00828515 -0.034833 56.4268
-0.0372017 0.0195159 0.999132 14.1987 -0.00926348 0.999755 -0.0198734 0.130822 -0.999278 -0.00999424 -0.0370131 56.4079
-0.0384582 0.0133415 0.999188 14.8737 -0.00862016 0.999865 -0.0136834 0.115881 -0.999232 -0.0091391 -0.0383389 56.384
-0.0389094 0.010644 0.999201 15.5593 -0.00576812 0.99992 -0.0108767 0.102801 -0.999239 -0.00618621 -0.0388461 56.3537
-0.0395152 0.0120709 0.999163 16.2395 -0.00498989 0.999909 -0.0122784 0.0970616 -0.999216 -0.00547057 -0.0394522 56.3271
-0.0381598 0.0178861 0.999127 16.9373 -0.00348096 0.999828 -0.018032 0.0865216 -0.999278 -0.0041655 -0.0380922 56.3
-0.0362371 0.0242561 0.999066 17.6366 -0.00342754 0.999693 -0.0243968 0.073125 -0.999347 -0.00430807 -0.0361437 56.2773
-0.0348069 0.0253039 0.999089 18.3483 -0.00311617 0.999668 -0.0254275 0.0688141 -0.999401 -0.00399784 -0.0347177 56.2579
-0.0319986 0.0226939 0.999247 19.0859 -0.00330774 0.999731 -0.022812 0.0482345 -0.999492 -0.00403487 -0.0319157 56.2368
-0.0293783 0.0154819 0.999464 19.8215 -0.00287424 0.999871 -0.015573 0.0232897 -0.999577 -0.00332966 -0.0293314 56.2179
-0.0274707 0.0132745 0.999552 20.5491 -0.00239644 0.999905 -0.0133462 0.00278317 -0.99963 -0.00276171 -0.0274371 56.202
-0.0237684 0.0176703 0.999577 21.2772 0.00350757 0.999836 -0.0175918 -0.0276078 -0.999724 0.00308847 -0.0238278 56.1808
-0.0205737 0.0222568 0.999558 21.999 0.00621965 0.999732 -0.0221339 -0.0539059 -0.999779 0.0057617 -0.0207074 56.1646
-0.0189477 0.0219013 0.999597 22.7261 0.00390092 0.999751 -0.0218312 -0.0690378 -0.999827 0.00348629 -0.0190297 56.1601
-0.0147957 0.0181313 0.999743 23.4662 -0.000751847 0.999832 -0.0181452 -0.0798002 -0.999901 -0.00101992 -0.0147803 56.1627
-0.0105799 0.0160494 0.999832 24.1946 0.00141177 0.999868 -0.0160355 -0.0978321 -0.999958 0.00124247 -0.0106026 56.1546
-0.00814791 0.0166026 0.999846 24.9248 0.00676703 0.999837 -0.0165485 -0.134496 -0.999955 0.00663137 -0.00825972 56.148
-0.00443214 0.0175143 0.999855 25.6664 0.00535026 0.99983 -0.0174906 -0.150026 -0.999991 0.00527253 -0.00452639 56.149
-0.000893316 0.0174075 0.999865 26.4009 0.00451675 0.999835 -0.0174041 -0.159009 -1 0.00450082 -0.000972605 56.1546
0.00202665 0.016362 0.999882 27.1383 0.00455267 0.999853 -0.0163713 -0.183358 -1 0.00458592 0.00195058 56.1647
0.00635022 0.0153301 0.99988 27.8809 0.00609881 0.99986 -0.0153697 -0.199682 -0.999973 0.00619592 0.006255 56.1679
0.00971747 0.013984 0.999874 28.6179 0.010943 0.999839 -0.0140904 -0.229234 -0.999909 0.0110791 0.00956156 56.1704
0.0120304 0.0141046 0.999846 29.3481 0.0105548 0.999839 -0.0142328 -0.241395 -0.999884 0.0107247 0.0118788 56.179
0.0154826 0.013907 0.999803 30.0943 0.0100409 0.999849 -0.0140637 -0.252627 -0.999846 0.0102572 0.0153393 56.1926
0.018734 0.0134809 0.999751 30.8385 0.0105037 0.999847 -0.0136803 -0.264759 -0.999782 0.0107576 0.0185887 56.2075
0.0215847 0.0129188 0.999703 31.5791 0.0112512 0.999847 -0.0131641 -0.287052 -0.99972 0.0115325 0.0214347 56.2249
0.0251836 0.013017 0.999616 32.3258 0.0100208 0.999858 -0.0132738 -0.298298 -0.999645 0.0103514 0.0250487 56.2466
0.0281364 0.0131059 0.999537 33.0725 0.00919421 0.999865 -0.0133696 -0.303418 -0.999579 0.00956671 0.0280107 56.2758
0.0302816 0.0128662 0.999476 33.8205 0.0105193 0.999854 -0.013191 -0.3219 -0.999499 0.0109133 0.030141 56.3008
0.0337035 0.0127066 0.99937 34.5744 0.00938605 0.999867 -0.01303 -0.328042 -0.999406 0.00981994 0.0335783 56.3331
0.0342291 0.0126143 0.999352 35.3345 0.00836243 0.999877 -0.0129085 -0.342299 -0.999392 0.00879902 0.0341185 56.3649
0.0388481 0.0125197 0.999186 36.0387 0.00820564 0.99988 -0.0128479 -0.347441 -0.99923 0.0086988 0.0387389 56.3946
0.0407748 0.0132072 0.999099 36.7963 0.0069429 0.99988 -0.0135021 -0.354779 -0.999158 0.00748736 0.0406774 56.4299
0.0436635 0.0158452 0.99894 37.5565 0.00663041 0.999843 -0.0161498 -0.372835 -0.999043 0.00732927 0.0435498 56.4695
0.0472486 0.0174237 0.998749 38.3342 0.00627981 0.999818 -0.0177407 -0.383025 -0.998877 0.00711032 0.0471298 56.5022
0.050433 0.0188378 0.998569 39.1067 0.00140098 0.999815 -0.0189326 -0.398735 -0.998746 0.00235453 0.0503955 56.5497
0.0526974 0.018742 0.998452 39.8864 -0.00228604 0.999818 -0.0186482 -0.402595 -0.998621 -0.00129978 0.05273 56.607
0.0563885 0.0180499 0.998265 40.6706 -0.0011508 0.999832 -0.0180137 -0.431211 -0.998428 -0.000132292 0.056398 56.6544
0.0602766 0.0184923 0.998029 41.4541 -0.00145323 0.999823 -0.018439 -0.449274 -0.998194 -0.000338917 0.0602922 56.7021
0.0633718 0.0188292 0.997832 42.2436 -0.00412215 0.999814 -0.0186053 -0.464042 -0.998002 -0.0029334 0.0634357 56.7594
0.0680625 0.0171885 0.997551 43.0396 -0.00456958 0.999841 -0.0169174 -0.478843 -0.997684 -0.003407 0.0681297 56.8195
0.0727461 0.016737 0.99723 43.8351 -0.00408049 0.999851 -0.0164838 -0.50288 -0.997363 -0.00286932 0.0728017 56.878
0.0770233 0.0200392 0.996847 44.6313 -0.00682165 0.999779 -0.0195723 -0.508236 -0.99702 -0.00529272 0.0771426 56.9533
0.0836884 0.0274418 0.996135 45.428 -0.00842125 0.999599 -0.0268302 -0.535137 -0.996477 -0.00614257 0.0838841 57.0286
0.0911803 0.0321381 0.995335 46.228 -0.00955311 0.999455 -0.0313972 -0.563373 -0.995802 -0.00664582 0.0914375 57.1012
0.098 0.0345898 0.994606 47.0326 -0.0129085 0.99935 -0.0334834 -0.58941 -0.995123 -0.00955669 0.098381 57.1999
0.106217 0.0332451 0.993806 47.8455 -0.0139437 0.999386 -0.0319427 -0.615051 -0.994259 -0.0104646 0.106616 57.2908
0.114071 0.0319848 0.992979 48.6603 -0.0143315 0.999425 -0.0305466 -0.646397 -0.99339 -0.0107456 0.114462 57.3889
0.120777 0.0304078 0.992233 49.4766 -0.0144842 0.999472 -0.0288678 -0.673138 -0.992589 -0.0108853 0.121153 57.4918
0.129385 0.0258194 0.991279 50.2955 -0.0152527 0.999588 -0.0240455 -0.691053 -0.991499 -0.0120077 0.129724 57.6085
0.136759 0.0193853 0.990434 51.1098 -0.0162121 0.999712 -0.0173294 -0.707376 -0.990487 -0.0136872 0.137034 57.7298
0.143586 0.0173962 0.989506 51.9168 -0.0163516 0.999744 -0.015204 -0.727941 -0.989525 -0.0139961 0.143832 57.855
0.151563 0.0189483 0.988287 52.7114 -0.0168717 0.999714 -0.0165811 -0.748502 -0.98832 -0.0141611 0.15184 57.9783
0.157625 0.0236408 0.987238 53.4994 -0.0173338 0.999619 -0.0211703 -0.780175 -0.987369 -0.0137747 0.157973 58.1084
0.162053 0.0255322 0.986473 54.2802 -0.0172401 0.99958 -0.0230405 -0.807731 -0.986648 -0.0132733 0.162425 58.2409
0.167995 0.0263708 0.985457 55.0583 -0.0173544 0.99956 -0.0237903 -0.83016 -0.985658 -0.0131045 0.168377 58.3786
0.173261 0.0271061 0.984524 55.8391 -0.0192634 0.999517 -0.0241299 -0.853295 -0.984704 -0.0147847 0.1737 58.5172
0.177584 0.0244754 0.983824 56.5964 -0.0179635 0.999599 -0.021626 -0.886676 -0.983965 -0.0138317 0.177951 58.6565
0.183088 0.0185129 0.982944 57.3604 -0.0164773 0.999734 -0.0157611 -0.900793 -0.982976 -0.0133107 0.183345 58.7995
0.186552 0.0116457 0.982399 58.1141 -0.0167467 0.999817 -0.00867268 -0.92115 -0.982326 -0.0148331 0.186711 58.9487
0.189071 0.00877418 0.981946 58.8481 -0.0182237 0.999813 -0.00542604 -0.918439 -0.981813 -0.016869 0.189196 59.104
0.193175 0.00796374 0.981156 59.5793 -0.0193897 0.999798 -0.00429807 -0.937824 -0.980996 -0.0181931 0.193289 59.2546
0.194793 0.00830191 0.980831 60.2936 -0.0204025 0.999776 -0.00441146 -0.942035 -0.980651 -0.0191523 0.194918 59.4041
0.197622 0.010029 0.980251 61.0054 -0.0220242 0.999736 -0.00578872 -0.948496 -0.980055 -0.0204444 0.197789 59.558
0.199479 0.0144318 0.979818 61.699 -0.0227807 0.999684 -0.0100876 -0.958054 -0.979657 -0.0203088 0.199745 59.7095
0.200786 0.0197985 0.979459 62.3794 -0.0243343 0.999583 -0.0152174 -0.967409 -0.979356 -0.0207781 0.201182 59.8594
0.203389 0.0201511 0.978913 63.06 -0.0232639 0.9996 -0.0157444 -0.985108 -0.978841 -0.0195713 0.203776 60.0031
0.204892 0.0199942 0.978604 63.7277 -0.0236403 0.999595 -0.0154741 -0.9823 -0.978523 -0.019963 0.20528 60.1511
0.205209 0.018343 0.978569 64.393 -0.0236836 0.999619 -0.0137721 -1.00137 -0.978452 -0.0203501 0.205566 60.2953
0.206654 0.017557 0.978281 65.0444 -0.024285 0.999618 -0.0128104 -1.01088 -0.978136 -0.0211093 0.206999 60.4356
0.206545 0.0170272 0.978312 65.6908 -0.0247677 0.999614 -0.01217 -1.02761 -0.978144 -0.0217171 0.206887 60.5734
0.2048 0.0165922 0.978688 66.3256 -0.0250407 0.999613 -0.0117075 -1.04017 -0.978507 -0.0221084 0.205135 60.7118
0.203579 0.0165565 0.978941 66.9458 -0.025781 0.999595 -0.0115454 -1.05292 -0.978739 -0.022888 0.203924 60.8454
0.200483 0.0168386 0.979577 67.5599 -0.026542 0.999574 -0.0117507 -1.06822 -0.979361 -0.0236432 0.200843 60.9756
0.199082 0.0215331 0.979769 68.1622 -0.0268225 0.999498 -0.0165176 -1.09026 -0.979636 -0.0229917 0.199559 61.1012
0.19685 0.0213495 0.980227 68.7584 -0.0254379 0.999533 -0.0166621 -1.10331 -0.980128 -0.0216541 0.197299 61.2203
0.193999 0.020804 0.980805 69.3503 -0.0253829 0.999541 -0.0161818 -1.10863 -0.980694 -0.0217567 0.194438 61.342
0.19243 0.0195007 0.981142 69.9288 -0.0254174 0.999562 -0.0148823 -1.11453 -0.981006 -0.0220734 0.19284 61.4599
0.190432 0.0180907 0.981558 70.4963 -0.0252711 0.999583 -0.0135211 -1.13151 -0.981397 -0.0222303 0.19081 61.573
0.187758 0.0164796 0.982103 71.0565 -0.0240065 0.999633 -0.0121847 -1.15769 -0.981946 -0.0212882 0.188083 61.6757
0.18657 0.0187841 0.982287 71.5988 -0.0209202 0.999661 -0.015144 -1.17765 -0.982241 -0.0177243 0.1869 61.7784
0.184057 0.0186819 0.982765 72.144 -0.0184934 0.999704 -0.0155409 -1.19809 -0.982766 -0.0153134 0.184347 61.8769
0.181692 0.0188089 0.983201 72.6887 -0.0183839 0.999702 -0.0157283 -1.2026 -0.983206 -0.0152176 0.181983 61.9764
0.1809 0.018731 0.98335 73.2241 -0.0184648 0.999702 -0.0156462 -1.21297 -0.983353 -0.0153261 0.181191 62.0801
0.179683 0.0180421 0.983584 73.7746 -0.0172181 0.999731 -0.0151939 -1.22544 -0.983596 -0.0142055 0.179945 62.1809
0.179168 0.0162361 0.983711 74.3255 -0.0147299 0.999791 -0.0138192 -1.25374 -0.983733 -0.0120132 0.179368 62.2743
0.181964 0.0145055 0.983224 74.8641 -0.0107159 0.999856 -0.0127689 -1.27233 -0.98327 -0.00821286 0.182093 62.365
0.183793 0.013664 0.982897 75.4208 -0.00868962 0.999883 -0.0122757 -1.28408 -0.98295 -0.00628394 0.183889 62.4664
0.186609 0.0135245 0.982367 75.9765 -0.00958855 0.999878 -0.0119453 -1.29023 -0.982411 -0.00719063 0.186715 62.5808
0.192438 0.0141668 0.981234 76.5362 -0.0118429 0.999853 -0.0121134 -1.29567 -0.981262 -0.00928864 0.192576 62.7046
0.198724 0.0132688 0.979992 77.0972 -0.0107576 0.999873 -0.0113577 -1.31012 -0.98002 -0.00828561 0.198842 62.8145
0.20627 0.0128143 0.978438 77.6656 -0.0109362 0.999878 -0.01079 -1.31491 -0.978459 -0.00847385 0.206384 62.9402
0.214662 0.0121447 0.976639 78.2381 -0.0105941 0.999888 -0.0101064 -1.32111 -0.976655 -0.00817737 0.214766 63.0729
0.223972 0.0116032 0.974554 78.8157 -0.011018 0.999892 -0.00937306 -1.32824 -0.974559 -0.00863745 0.224074 63.2171
0.23319 0.0116954 0.972388 79.4047 -0.012286 0.999879 -0.00908093 -1.34355 -0.972377 -0.00982948 0.233305 63.3663
0.243319 0.0140565 0.969872 79.9846 -0.0162486 0.99981 -0.0104144 -1.34478 -0.969836 -0.0132242 0.243499 63.5275
0.252555 0.0154924 0.967485 80.5862 -0.0183234 0.999765 -0.0112273 -1.34815 -0.967433 -0.0148924 0.252779 63.6959
0.264075 0.0164707 0.96439 81.184 -0.0199006 0.999731 -0.0116254 -1.34555 -0.964322 -0.0161211 0.264331 63.8731
0.2746 0.0169575 0.961436 81.7991 -0.0206304 0.999713 -0.0117415 -1.35604 -0.961362 -0.0166109 0.274871 64.0567
0.284889 0.0176276 0.958427 82.42 -0.0219252 0.999685 -0.0118698 -1.35744 -0.958335 -0.0176312 0.285185 64.2529
0.294747 0.0175649 0.955442 83.0554 -0.0221375 0.999684 -0.0115503 -1.36891 -0.955345 -0.017747 0.295042 64.459
0.304866 0.0182405 0.95225 83.6985 -0.0239425 0.999643 -0.0114836 -1.3679 -0.952121 -0.0192974 0.305193 64.6764
0.317325 0.0145699 0.948233 84.3361 -0.0240971 0.999678 -0.00729765 -1.36855 -0.948037 -0.0205342 0.317574 64.9031
0.326362 0.00724708 0.945248 85.011 -0.0214889 0.999765 -0.000246179 -1.38725 -0.945028 -0.0202311 0.32644 65.1453
0.337905 0.00349429 0.941202 85.6901 -0.019152 0.999807 0.00316268 -1.38933 -0.941012 -0.0190949 0.337907 65.3851
0.348382 0.00145457 0.937383 86.3729 -0.0177551 0.999825 0.00504672 -1.38421 -0.937213 -0.0184006 0.348346 65.645
0.356581 -0.00109475 0.934293 87.0706 -0.014097 0.999875 0.00655046 -1.38961 -0.934186 -0.0155067 0.35652 65.9104
0.365053 -0.00475535 0.931006 87.7676 -0.00808729 0.999928 0.00827783 -1.37494 -0.930981 -0.0105502 0.364988 66.1783
0.372945 -0.0144209 0.927772 88.4803 0.00207256 0.999885 0.0147073 -1.37424 -0.92788 -0.00356233 0.372932 66.4492
0.378688 -0.0181989 0.925377 89.228 0.00731784 0.999829 0.0166678 -1.37358 -0.925525 0.000460879 0.378756 66.7496
0.386323 -0.0191829 0.922194 89.9364 0.0100151 0.999807 0.0166006 -1.36122 -0.922338 0.00282252 0.38644 67.0446
0.392829 -0.0139771 0.919538 90.6553 0.0119593 0.999873 0.0100886 -1.35755 -0.919564 0.0070349 0.392946 67.352
0.400555 -0.00993702 0.91625 91.3592 0.0155681 0.999866 0.00403667 -1.34858 -0.91617 0.0126472 0.400656 67.6556
0.406096 -0.00949436 0.913814 92.071 0.0149948 0.999876 0.00372433 -1.33979 -0.913738 0.012191 0.406188 67.9727
0.410701 -0.00762737 0.911769 92.7782 0.00897532 0.999946 0.00432084 -1.33565 -0.911756 0.00640863 0.410747 68.3077
0.415549 -0.00465885 0.909592 93.4645 0.00445325 0.999981 0.00308669 -1.33069 -0.909591 0.00276903 0.415561 68.6366
0.419549 -0.00385538 0.907756 94.146 0.00357507 0.999986 0.00259348 -1.34744 -0.907756 0.00215687 0.419557 68.9566
0.423412 -0.00238487 0.905968 94.8244 0.00240545 0.999993 0.00150746 -1.3406 -0.905966 0.00154209 0.423414 69.2812
0.427332 -0.00089459 0.904126 95.4883 0.00101735 0.999995 0.000507372 -1.3359 -0.904126 0.000702651 0.42733 69.6048
0.431323 -0.00170917 0.90223 96.1473 0.00120898 0.999994 0.00131569 -1.33296 -0.902229 0.000524391 0.431322 69.9255
0.434685 -0.00380957 0.900607 96.8034 0.00185016 0.999988 0.00333581 -1.34811 -0.900612 0.000215876 0.434687 70.2456
0.438696 -0.0051893 0.898656 97.4436 0.00236855 0.999983 0.0046174 -1.34416 -0.898665 0.000103982 0.4387 70.5596
0.441456 -0.00591058 0.897297 98.0736 0.00258719 0.999978 0.00531292 -1.34457 -0.897312 -2.43384e-05 0.441462 70.8772
0.445484 -0.00529468 0.89531 98.6883 0.00158753 0.999981 0.00512299 -1.34787 -0.895321 -0.000859715 0.445483 71.1916
0.448118 -0.00552375 0.893991 99.2997 0.0018555 0.999979 0.00524747 -1.356 -0.894005 -0.000693053 0.448119 71.4992
0.450048 -0.00681087 0.893015 99.9039 0.00309687 0.999973 0.00606513 -1.36061 -0.893032 3.70945e-05 0.450057 71.8028
0.451253 -0.00762926 0.892398 100.502 0.00389274 0.999965 0.00657943 -1.36979 -0.892421 0.000504528 0.451267 72.1077
0.45343 -0.00766887 0.891297 101.083 0.00335319 0.999966 0.0068972 -1.36437 -0.891318 -0.00013758 0.453442 72.4086
0.454214 -0.00793025 0.890892 101.656 0.00476927 0.999962 0.00646859 -1.37259 -0.890914 0.00131046 0.454235 72.7101
0.456271 -0.00677903 0.889854 102.222 0.00411601 0.999971 0.00550666 -1.37728 -0.889865 0.00115123 0.456288 73.006
0.459437 -0.00763576 0.888213 102.773 0.0053997 0.999962 0.00580242 -1.38307 -0.888229 0.00213001 0.459461 73.2894
0.462262 -0.00823753 0.886746 103.324 0.00696647 0.999954 0.0056568 -1.39414 -0.88675 0.00356369 0.462301 73.577
0.46429 -0.00921611 0.88567 103.871 0.00978933 0.999932 0.00527225 -1.39073 -0.885664 0.00622202 0.464349 73.8618
0.467597 -0.0101316 0.883926 104.396 0.0109194 0.999917 0.005684 -1.39432 -0.883909 0.00699528 0.467672 74.1369
0.470417 -0.0108219 0.882413 104.915 0.0115197 0.999908 0.00612062 -1.39608 -0.882405 0.00728569 0.470498 74.4169
0.472812 -0.0114907 0.881131 105.439 0.0121756 0.999898 0.00650531 -1.40001 -0.881114 0.00765366 0.472907 74.7002
0.476328 -0.0120223 0.879221 105.941 0.0124638 0.999891 0.00691899 -1.40402 -0.879216 0.00766248 0.476426 74.975
0.479338 -0.0109344 0.877604 106.463 0.0118761 0.999904 0.00597079 -1.40776 -0.877585 0.00756166 0.479426 75.256
0.48318 -0.0114873 0.875482 106.962 0.0145671 0.999874 0.00507886 -1.41024 -0.875436 0.010299 0.483287 75.5391
0.487701 -0.00916904 0.873004 107.455 0.0133025 0.9999 0.0030696 -1.40676 -0.872944 0.0101173 0.487778 75.8255
0.492937 -0.00387183 0.870092 107.946 0.0107276 0.999934 -0.00162892 -1.40559 -0.870035 0.0101367 0.492946 76.1158
0.498388 0.00297071 0.866991 108.434 0.0062317 0.999949 -0.00700946 -1.40859 -0.866967 0.00889745 0.498348 76.4113
0.504597 0.00891746 0.863345 108.917 0.00130032 0.999931 -0.0110891 -1.41242 -0.863392 0.00671787 0.50455 76.7105
0.510406 0.0135605 0.859869 109.415 -0.00119188 0.999878 -0.015062 -1.41868 -0.859968 0.00666403 0.510364 77.0145
0.516265 0.0139426 0.856353 109.897 -0.00397387 0.999889 -0.0138847 -1.42792 -0.856458 0.00376484 0.516263 77.3208
0.521768 0.012624 0.853037 110.395 -0.00893815 0.999909 -0.00933138 -1.43663 -0.853076 -0.00275459 0.521838 77.6478
0.527678 0.0100643 0.849423 110.908 -0.0134959 0.999897 -0.00346424 -1.43997 -0.849376 -0.00963616 0.527759 77.9824
0.534388 0.00839558 0.845241 111.417 -0.0186007 0.999818 0.00182813 -1.44312 -0.845071 -0.0166979 0.53445 78.3201
0.540478 0.00676129 0.841369 111.932 -0.0201036 0.99978 0.00487886 -1.4493 -0.841157 -0.0195519 0.540494 78.6686
0.546672 0.00936904 0.837338 112.454 -0.0237722 0.999701 0.00433353 -1.4506 -0.837046 -0.0222732 0.546735 79.022
0.553538 0.0131913 0.832759 112.97 -0.027115 0.999624 0.00218797 -1.44362 -0.832422 -0.0237919 0.553686 79.3894
0.559484 0.016001 0.828731 113.497 -0.0286501 0.999582 4.11531e-05 -1.44011 -0.828383 -0.0237651 0.559712 79.7612
0.565349 0.0180449 0.824695 114.042 -0.0302715 0.999536 -0.00111952 -1.43174 -0.824337 -0.0243323 0.565632 80.1448
0.572431 0.0183845 0.819791 114.585 -0.031188 0.999506 -0.000638334 -1.42431 -0.819398 -0.0252011 0.572725 80.5417
0.579127 0.02003 0.815033 115.141 -0.0346917 0.999393 8.86577e-05 -1.42313 -0.81454 -0.0283267 0.57947 80.9504
0.585448 0.0186933 0.810539 115.712 -0.0344373 0.999397 0.00182389 -1.4302 -0.810017 -0.0289794 0.585743 81.3726
0.593948 0.0167625 0.804372 116.285 -0.033725 0.999417 0.00407433 -1.42698 -0.803839 -0.0295478 0.594167 81.8077
0.601345 0.0167931 0.798858 116.866 -0.0340755 0.9994 0.00464063 -1.42451 -0.798303 -0.0300109 0.601561 82.2533
0.608942 0.0180666 0.793053 117.446 -0.0356811 0.999346 0.00463028 -1.40532 -0.792455 -0.031117 0.609188 82.7191
0.616759 0.0191328 0.786966 118.038 -0.0367896 0.999305 0.00453635 -1.39191 -0.786333 -0.0317488 0.617038 83.1999
0.623738 0.0196456 0.781432 118.633 -0.0376303 0.999273 0.00491314 -1.38161 -0.780772 -0.0324705 0.624024 83.6884
0.628638 0.0185843 0.777523 119.234 -0.0368013 0.999297 0.00586801 -1.38139 -0.776869 -0.0323014 0.628884 84.1843
0.6329 0.0178597 0.774073 119.85 -0.036066 0.999321 0.00643059 -1.37924 -0.773438 -0.0319881 0.633116 84.6964
0.636109 0.0166833 0.771467 120.472 -0.0343096 0.99938 0.00667647 -1.37985 -0.77088 -0.0307143 0.636291 85.2073
0.63969 0.0137638 0.768555 121.111 -0.0294288 0.999537 0.00659287 -1.38094 -0.768115 -0.0268354 0.6398 85.7209
0.642999 0.00963044 0.765854 121.75 -0.0237131 0.999683 0.00733708 -1.37383 -0.765543 -0.0228771 0.643028 86.2496
0.646312 0.00378128 0.76311 122.389 -0.0174341 0.999792 0.00981042 -1.36068 -0.762921 -0.019645 0.646244 86.7877
0.649477 -7.02105e-05 0.76043 123.039 -0.0130565 0.999842 0.0112426 -1.35733 -0.760314 -0.0172289 0.649379 87.3343
0.65313 -0.000924938 0.757293 123.687 -0.0118595 0.999855 0.0114482 -1.33657 -0.757201 -0.0164586 0.653026 87.8983
0.655471 -0.00017769 0.75527 124.333 -0.0124806 0.999851 0.0110655 -1.33611 -0.755163 -0.0166779 0.655376 88.4599
0.660813 0.00465489 0.750586 124.986 -0.0170159 0.999809 0.00877907 -1.31353 -0.750408 -0.0185735 0.660766 89.0324
0.663663 0.0068915 0.748051 125.626 -0.0220346 0.999694 0.010338 -1.30749 -0.747754 -0.0233425 0.663617 89.6266
0.666811 0.00460494 0.745262 126.283 -0.0225008 0.999642 0.0139543 -1.30543 -0.744937 -0.0260743 0.666677 90.2202
0.670689 0.00254059 0.741786 126.934 -0.025214 0.999485 0.0193732 -1.28097 -0.741357 -0.0316954 0.670413 90.8218
0.673948 -0.00329393 0.738822 127.589 -0.0233247 0.999389 0.0257309 -1.27199 -0.738461 -0.0345745 0.67346 91.4281
0.678908 -0.00554901 0.734256 128.249 -0.0222314 0.999349 0.0281071 -1.25318 -0.733936 -0.0354043 0.678347 92.0401
0.682615 -0.00725108 0.730794 128.911 -0.0177824 0.999483 0.0265257 -1.23848 -0.730613 -0.0311024 0.682134 92.6581
0.687909 -0.00975054 0.725787 129.556 -0.00721767 0.999759 0.0202713 -1.22287 -0.725812 -0.0191818 0.687678 93.2561
0.692256 -0.0075974 0.721665 130.222 -0.00341171 0.999892 0.0137978 -1.21093 -0.721696 -0.0120139 0.692156 93.8881
0.698596 -0.00685527 0.71554 130.863 -0.000798819 0.999937 0.010359 -1.21218 -0.715568 -0.00780686 0.698551 94.5141
0.704304 -0.0103318 0.709877 131.517 0.00171743 0.999909 0.0128477 -1.19744 -0.70995 -0.00782972 0.704258 95.1587
0.71 -0.0160736 0.704075 132.166 0.00577277 0.99983 0.0170033 -1.20378 -0.704231 -0.00800642 0.709978 95.8102
0.714883 -0.0188894 0.699044 132.833 0.0109264 0.999808 0.0158413 -1.1831 -0.699213 -0.00368671 0.714952 96.4812
0.720069 -0.0168957 0.693755 133.46 0.0132652 0.999848 0.010581 -1.18202 -0.69383 0.00158522 0.720189 97.1405
0.723178 -0.016309 0.690525 134.104 0.0137646 0.999856 0.00919793 -1.16082 -0.69058 0.00285309 0.723299 97.8225
0.726785 -0.0185811 0.686673 134.73 0.0154813 0.999815 0.010668 -1.15639 -0.686745 0.00287874 0.726944 98.4899
0.729134 -0.0249389 0.683973 135.371 0.0200496 0.999678 0.0150753 -1.15059 -0.684133 0.00272147 0.7294 99.1699
0.730133 -0.0281179 0.682786 136.024 0.0225978 0.999592 0.0169985 -1.14622 -0.682987 0.00301976 0.730476 99.8601
0.731045 -0.0321169 0.681631 136.652 0.0258819 0.999471 0.0193333 -1.13642 -0.681896 0.0035084 0.73149 100.541
0.731176 -0.03425 0.681388 137.288 0.0275057 0.999399 0.0207183 -1.1187 -0.68169 0.00359485 0.731684 101.228
0.730396 -0.034972 0.682186 137.928 0.0279719 0.999374 0.0212825 -1.09739 -0.682508 0.00353734 0.730919 101.924
0.730523 -0.0336483 0.68212 138.553 0.0264617 0.999422 0.0209602 -1.08062 -0.682433 0.00273956 0.730995 102.606
0.728837 -0.0317263 0.684009 139.192 0.0243768 0.999487 0.0203834 -1.05424 -0.68431 0.00181763 0.729238 103.298
0.727524 -0.0299837 0.685488 139.82 0.022669 0.999542 0.0196604 -1.03046 -0.685765 0.00123739 0.727874 103.981
0.725817 -0.0287335 0.687346 140.459 0.0207138 0.999579 0.0199115 -1.00791 -0.687634 -0.000214828 0.726108 104.669
0.723687 -0.0279277 0.689624 141.096 0.0189931 0.999601 0.0205487 -0.991577 -0.689925 -0.0017712 0.723932 105.357
0.7208 -0.0288535 0.692601 141.748 0.0187008 0.999571 0.0221784 -0.979216 -0.692949 -0.00303437 0.721032 106.049
0.718973 -0.0299495 0.694454 142.385 0.0172959 0.999526 0.025199 -0.961197 -0.694881 -0.00610486 0.719154 106.719
0.71604 -0.0328664 0.697344 143.03 0.0197884 0.999438 0.0267844 -0.947986 -0.697837 -0.00537969 0.716289 107.386
0.713656 -0.0301564 0.699909 143.666 0.0191772 0.999533 0.0235114 -0.952428 -0.700291 -0.00335536 0.713905 108.038
0.709408 -0.0196473 0.704582 144.313 0.0141507 0.999799 0.0136308 -0.92058 -0.704713 0.000300225 0.709544 108.717
0.707324 -0.0142562 0.706807 144.949 0.0119434 0.999889 0.00821451 -0.909737 -0.706846 0.00263277 0.707419 109.36
0.703714 -0.016751 0.710344 145.596 0.011617 0.999853 0.0120684 -0.904261 -0.710446 -0.000240988 0.703806 110.014
0.700073 -0.0194055 0.713869 146.238 0.00877031 0.999782 0.018576 -0.893921 -0.714075 -0.00674221 0.700094 110.664
0.696281 -0.0223043 0.717481 146.884 0.00787341 0.999687 0.0234353 -0.881112 -0.717783 -0.0106688 0.69624 111.306
0.693329 -0.0221501 0.720342 147.525 0.00715506 0.999684 0.0238522 -0.865054 -0.720643 -0.0113819 0.693271 111.931
0.690165 -0.0233225 0.723334 148.171 0.0081836 0.999661 0.0244227 -0.852838 -0.723663 -0.0109365 0.690123 112.558
0.686091 -0.0239536 0.727183 148.829 0.01024 0.999671 0.0232672 -0.84371 -0.727501 -0.0085156 0.686113 113.178
0.683198 -0.0242128 0.72989 149.475 0.0125306 0.999685 0.0214328 -0.839192 -0.730182 -0.00549712 0.683288 113.787
0.679419 -0.0240792 0.733419 150.129 0.0135543 0.999697 0.0202645 -0.83147 -0.733684 -0.0038256 0.679542 114.4
0.674624 -0.0242746 0.73782 150.79 0.0135714 0.999691 0.0204801 -0.812309 -0.738093 -0.00380324 0.674747 115.009
0.671143 -0.0241876 0.740996 151.448 0.0124126 0.999689 0.0213885 -0.791813 -0.741282 -0.00515543 0.671237 115.611
0.666052 -0.0245723 0.745558 152.119 0.0122155 0.999676 0.0220334 -0.785618 -0.745862 -0.00556817 0.666137 116.219
0.659848 -0.0235303 0.751093 152.788 0.0106724 0.999697 0.0219419 -0.757944 -0.751381 -0.00646065 0.659902 116.816
0.654609 -0.0185969 0.755796 153.462 0.00741232 0.999801 0.0181795 -0.741268 -0.755987 -0.00629848 0.654618 117.418
0.648677 -0.0129606 0.761015 154.137 0.00452844 0.999897 0.0131682 -0.726893 -0.761108 -0.00509406 0.648672 118.009
0.641357 -0.0111313 0.767219 154.827 0.00305019 0.999919 0.0119561 -0.713165 -0.767292 -0.00532804 0.641339 118.597
0.635308 -0.0165645 0.772143 155.54 0.00224578 0.9998 0.0195998 -0.70968 -0.772313 -0.0107161 0.635221 119.185
0.628777 -0.0210621 0.777358 156.251 -0.00358938 0.999539 0.0299837 -0.67287 -0.777633 -0.0216433 0.628411 119.79
0.620541 -0.0262953 0.783794 156.978 -0.00352098 0.999329 0.0363132 -0.666586 -0.784223 -0.0252917 0.620035 120.378
0.614481 -0.0260454 0.788558 157.702 -0.00754922 0.99921 0.0388842 -0.62588 -0.788951 -0.0298467 0.613799 120.959
0.606363 -0.0250539 0.794854 158.439 -0.00832693 0.999244 0.0378479 -0.595868 -0.795201 -0.0295664 0.605698 121.532
0.598442 -0.0255919 0.800813 159.19 -0.00362971 0.999388 0.0346486 -0.578611 -0.801213 -0.023642 0.597983 122.089
0.592498 -0.018222 0.805426 159.934 -0.00407459 0.999659 0.0256132 -0.545747 -0.805617 -0.0184558 0.592224 122.648
0.584951 -0.0165778 0.810954 160.69 -0.00104502 0.99977 0.02119 -0.530226 -0.811122 -0.0132427 0.5848 123.202
0.576765 -0.0203328 0.816716 161.467 0.00063685 0.999696 0.0244379 -0.503956 -0.816964 -0.013573 0.576605 123.75
0.570143 -0.0269853 0.821158 162.241 0.00421765 0.999539 0.0299174 -0.49519 -0.821588 -0.0135939 0.569994 124.281
0.5629 -0.0274189 0.826129 163.003 0.00339766 0.999513 0.0308578 -0.472425 -0.826572 -0.0145612 0.562721 124.805
0.556059 -0.0260807 0.830788 163.765 0.00164661 0.999535 0.0302745 -0.453288 -0.831194 -0.0154665 0.555844 125.327
0.549535 -0.0270807 0.835091 164.527 0.00302234 0.999528 0.0304239 -0.426611 -0.835519 -0.0141932 0.549359 125.828
0.544036 -0.0336275 0.838442 165.292 0.00737543 0.999344 0.0352936 -0.424038 -0.839083 -0.0130172 0.543928 126.314
0.538176 -0.0352318 0.842155 166.052 0.00683511 0.999272 0.0374365 -0.402019 -0.842859 -0.0143892 0.538026 126.805
0.534754 -0.0358512 0.844301 166.796 0.00637301 0.999236 0.0383922 -0.36869 -0.845037 -0.0151497 0.534575 127.284
