1 0 0 0 0 1 0 0 0 0 1 0
0.999982 0.000992456 -0.00596491 -0.0056646 -0.00099171 1 0.00012707 -0.0081332 0.00596494 -0.000121206 0.999983 0.0832603
0.999918 0.00103445 -0.012801 -0.0122577 -0.00103204 0.999999 0.000198849 -0.00823923 0.0128013 -0.000185627 0.999919 0.176496
0.999799 0.0012473 -0.0200237 -0.0235306 -0.00124124 0.999999 0.000311396 -0.00979498 0.020024 -0.000286507 0.9998 0.275312
0.99958 0.00129164 -0.0289503 -0.034524 -0.00128591 0.999999 0.000219114 -0.0068239 0.0289507 -0.000181777 0.999582 0.380362
0.999185 0.00132247 -0.0403501 -0.0475408 -0.0013118 0.999999 0.000288236 -0.00571959 0.0403505 -0.000235117 0.999186 0.496233
0.998557 0.0013311 -0.0536955 -0.0660614 -0.00130337 0.999999 0.000553768 -0.0072733 0.0536965 -0.000483001 0.998558 0.623292
0.997568 0.00132902 -0.0696983 -0.0874768 -0.00127131 0.999999 0.000870459 -0.0102603 0.0696993 -0.000779813 0.997569 0.761809
0.996151 0.000364054 -0.0876623 -0.113195 -0.0002806 1 0.000965206 -0.00841568 0.0876629 -0.000936987 0.99615 0.910917
0.994237 -0.00187197 -0.1072 -0.135423 0.0019357 0.999998 0.000489003 -0.0155847 0.107199 -0.000693798 0.994239 1.0745
0.991577 -0.00209174 -0.129501 -0.171773 0.00207961 0.999997 -0.000228583 -0.0173477 0.129502 -4.27271e-05 0.991579 1.23288
0.988194 0.000469545 -0.153217 -0.22305 -0.00059736 1 -0.000789155 -0.0224241 0.153217 0.000871203 0.988194 1.40818
0.983958 0.00508573 -0.178331 -0.27791 -0.00572064 0.999979 -0.00304628 -0.0263702 0.178312 0.0040174 0.983966 1.58791
0.978711 0.00708343 -0.205129 -0.340686 -0.00797796 0.999962 -0.00353482 -0.0303311 0.205096 0.00509588 0.97873 1.77827
0.9722 0.0073479 -0.234043 -0.409542 -0.00831126 0.99996 -0.00313016 -0.0341481 0.234012 0.00498819 0.972222 1.97278
0.964268 0.00758882 -0.264828 -0.482618 -0.0085933 0.99996 -0.00263535 -0.0347977 0.264797 0.0048167 0.964294 2.16406
0.955214 0.00915644 -0.29578 -0.575623 -0.0102882 0.999944 -0.00227015 -0.0383511 0.295744 0.0052113 0.955254 2.37127
0.944236 0.0108758 -0.329097 -0.669014 -0.0120052 0.999928 -0.00140048 -0.0480158 0.329058 0.00527301 0.944297 2.56983
0.931872 0.0116016 -0.362605 -0.766977 -0.0128617 0.999916 -0.00106176 -0.0443973 0.362563 0.00565287 0.931942 2.76078
0.918309 0.0121703 -0.395684 -0.888435 -0.0135327 0.999908 -0.000652275 -0.0410586 0.39564 0.00595338 0.918389 2.96189
0.90272 0.0114419 -0.43008 -1.00856 -0.0132596 0.999911 -0.00122975 -0.0366729 0.430029 0.00681248 0.90279 3.16234
0.884775 0.00800871 -0.465956 -1.12877 -0.0101476 0.999946 -0.00208228 -0.0400465 0.465914 0.00657044 0.884809 3.36087
0.863909 0.00615048 -0.503613 -1.27107 -0.0083648 0.999962 -0.00213713 -0.0551099 0.503582 0.00605858 0.863927 3.56176
0.839505 0.00663757 -0.543316 -1.42046 -0.00869695 0.999961 -0.00122194 -0.0549757 0.543287 0.00575078 0.83953 3.75135
0.811215 0.0114305 -0.584638 -1.60739 -0.0129065 0.999914 0.00164111 -0.05244 0.584609 0.00621404 0.811292 3.93994
0.779411 0.0129259 -0.626385 -1.79879 -0.014348 0.999893 0.00278018 -0.0552656 0.626354 0.00682022 0.779512 4.11919
0.744478 0.0118108 -0.667545 -1.99313 -0.014014 0.999899 0.00206188 -0.0554326 0.667503 0.00781965 0.744567 4.29419
0.705195 0.00895304 -0.708962 -2.21694 -0.0105002 0.999943 0.00218319 -0.0656121 0.70894 0.00590443 0.705248 4.47864
0.663661 0.00564367 -0.748014 -2.44331 -0.00615841 0.999978 0.00208068 -0.068398 0.748012 0.00322539 0.663679 4.6589
0.620138 0.00517801 -0.784481 -2.69132 -0.00477334 0.999984 0.00282701 -0.0684737 0.784484 0.00199124 0.620151 4.82286
0.572904 0.00501606 -0.819609 -2.97296 -0.00300598 0.999986 0.00401871 -0.0676491 0.81962 0.000161047 0.57291 4.99713
0.522513 0.00597149 -0.852615 -3.25766 -0.00218581 0.999981 0.00566405 -0.0668254 0.852633 -0.00109615 0.522515 5.13457
0.47098 0.00638608 -0.882122 -3.55235 -0.00138219 0.999977 0.00650122 -0.0635103 0.882145 -0.00184304 0.470977 5.26039
0.416717 0.00776658 -0.909008 -3.89445 -0.0012061 0.999967 0.00799085 -0.0681007 0.90904 -0.00223384 0.416712 5.39331
0.362616 0.00871887 -0.931899 -4.22707 -0.000988695 0.999958 0.00897081 -0.0607781 0.93194 -0.00233193 0.362608 5.48275
0.306931 0.00959926 -0.951689 -4.60158 -0.000274195 0.99995 0.00999766 -0.0634845 0.951736 -0.00280799 0.306916 5.57744
0.25343 0.0102518 -0.967301 -4.97993 0.000714203 0.99994 0.0107847 -0.0659758 0.967356 -0.00342432 0.253406 5.65213
0.203175 0.0108131 -0.979088 -5.36352 0.00136324 0.999934 0.0113262 -0.0690288 0.979146 -0.00363632 0.203146 5.70645
0.154968 0.0112098 -0.987857 -5.79028 -0.000198478 0.999934 0.0113156 -0.0623218 0.987922 -0.00155775 0.154958 5.74252
0.112815 0.0115515 -0.993553 -6.21522 -0.000965935 0.999932 0.0115161 -0.0535395 0.99362 -0.000339879 0.112816 5.7632
0.0741336 0.0115775 -0.997182 -6.6728 -0.00122151 0.99993 0.0115185 -0.0485857 0.997249 0.000363904 0.0741411 5.77352
0.0395968 0.0103648 -0.999167 -7.1386 -0.000544881 0.999945 0.0103514 -0.0447813 0.999219 0.000134173 0.0395983 5.77586
0.00851079 0.00947003 -0.999919 -7.60604 -0.000400139 0.999952 0.00946689 -0.0459364 0.999965 0.000319299 0.0085126 5.7674
-0.018946 0.00923499 -0.999783 -8.10493 -9.17605e-05 0.999956 0.00923843 -0.0421639 0.999825 0.000266351 -0.0189464 5.74086
-0.0394358 0.00919574 -0.99918 -8.60366 -0.000213185 0.999955 0.00921125 -0.0367345 0.999224 0.000576052 -0.0394337 5.70979
-0.056711 0.00943168 -0.998351 -9.13781 0.000147467 0.999953 0.00943864 -0.0317693 0.998395 0.000387597 -0.056712 5.66788
-0.0702157 0.00992855 -0.997483 -9.67567 0.000863364 0.999948 0.00989229 -0.0288224 0.997534 -0.000166857 -0.0702223 5.62015
-0.0798217 0.01022 -0.996762 -10.2263 0.0018159 0.999945 0.0101074 -0.0259177 0.996812 -0.00100366 -0.0798383 5.56499
-0.0872473 0.0106212 -0.996131 -10.8028 0.00179719 0.999941 0.0105044 -0.0276066 0.996188 -0.000874124 -0.0872629 5.50913
-0.0914625 0.0113473 -0.995749 -11.3835 0.00119868 0.999933 0.0112851 -0.0242012 0.995812 -0.000161839 -0.0914724 5.44978
-0.0935361 0.0120902 -0.995544 -11.9917 0.000601996 0.999924 0.0120869 -0.0151608 0.995619 0.00053093 -0.093538 5.39086
-0.0926611 0.0129933 -0.995618 -12.6044 0.0020407 0.999913 0.0128596 -0.0109334 0.9957 -0.000840567 -0.0926819 5.3348
-0.0915945 0.0134869 -0.995706 -13.2508 0.00326142 0.999905 0.0132438 -0.00520607 0.995795 -0.00203468 -0.0916316 5.2714
-0.0898442 0.0139271 -0.995864 -13.8981 0.00261567 0.9999 0.0137478 0.00279623 0.995957 -0.00137011 -0.0898739 5.20635
-0.0880061 0.0141033 -0.996021 -14.5536 0.000940276 0.999898 0.0140752 0.00533123 0.996123 0.000301877 -0.0880121 5.14222
-0.086724 0.0140846 -0.996136 -15.2419 0.000461745 0.999898 0.0140978 0.0191596 0.996236 0.000762192 -0.0867238 5.07648
-0.0849047 0.0146646 -0.996282 -15.9335 0.000955115 0.99989 0.0146364 0.0294203 0.996392 0.000290804 -0.084911 5.0174
-0.0834299 0.0154139 -0.996397 -16.6607 0.000940622 0.999879 0.0153892 0.0470426 0.996517 0.00034618 -0.0834364 4.94858
-0.0814558 0.016123 -0.996548 -17.3789 0.000766008 0.999867 0.0161142 0.0559536 0.996681 0.000548901 -0.081459 4.88811
-0.0798814 0.0172592 -0.996659 -18.125 -0.000405619 0.999847 0.0173471 0.0595704 0.996809 0.00178949 -0.0798644 4.82117
-0.0783046 0.0173495 -0.996781 -18.8827 -0.00114409 0.999844 0.0174929 0.0632928 0.996933 0.00250988 -0.0782742 4.75503
-0.0762292 0.01741 -0.996943 -19.6444 -0.00154274 0.999842 0.0175788 0.0738971 0.997094 0.00287755 -0.0761925 4.69039
-0.0753307 0.0180187 -0.996998 -20.4324 -0.00161711 0.999831 0.0181921 0.0896375 0.997162 0.00298228 -0.0752906 4.62933
-0.0738945 0.0189536 -0.997092 -21.2136 -2.4484e-05 0.999817 0.0190073 0.0929838 0.997271 0.00142858 -0.0738827 4.57098
-0.0731131 0.0195212 -0.997136 -22.0184 0.000280341 0.999807 0.019553 0.110219 0.997329 0.00114965 -0.0731063 4.51283
-0.0720289 0.0191511 -0.997225 -22.8208 0.000128453 0.999814 0.0191917 0.121145 0.997408 0.00125394 -0.0720201 4.45141
-0.0712366 0.0139955 -0.997365 -23.6241 0.00183608 0.9999 0.0139001 0.124768 0.997464 -0.000841468 -0.0712569 4.38885
-0.0721579 0.0132632 -0.997311 -24.4399 0.00169973 0.99991 0.0131749 0.139561 0.997398 -0.000744789 -0.0721761 4.33406
-0.0718671 0.0129775 -0.997334 -25.2581 0.00133746 0.999914 0.0129149 0.16167 0.997419 -0.000406153 -0.0718801 4.26763
-0.0728447 0.0194448 -0.99716 -26.0916 0.000833564 0.999809 0.0194357 0.178348 0.99735 0.000584358 -0.0728491 4.2047
-0.0731949 0.0263483 -0.996974 -26.9345 8.54956e-05 0.999649 0.026413 0.191586 0.997325 0.00184763 -0.0731734 4.14
-0.0726837 0.0321699 -0.996843 -27.7717 -0.000654469 0.999476 0.0323028 0.20925 0.997362 0.00300008 -0.0726268 4.0682
-0.0738688 0.0329011 -0.996729 -28.607 -0.00186763 0.999447 0.0331294 0.229167 0.997274 0.00430837 -0.0737684 4.00038
-0.0734962 0.0327053 -0.996766 -29.4416 -0.00223699 0.999452 0.0329586 0.24854 0.9973 0.00465187 -0.073385 3.93295
-0.0747796 0.0327685 -0.996666 -30.2737 -0.00271917 0.999448 0.0330642 0.268653 0.997204 0.00518233 -0.074651 3.86866
-0.0749885 0.0332468 -0.996636 -31.113 -0.00275098 0.999432 0.0335471 0.293087 0.997188 0.00525717 -0.0748564 3.7984
-0.0739736 0.033639 -0.996698 -31.9448 -0.00269526 0.999419 0.033931 0.317592 0.997264 0.00519603 -0.0738418 3.72934
-0.0747764 0.0341179 -0.996623 -32.7758 -0.00313745 0.9994 0.0344485 0.337883 0.997203 0.00570264 -0.0746265 3.66416
-0.073325 0.0300319 -0.996862 -33.5982 -0.00359969 0.999531 0.0303773 0.356784 0.997309 0.00581543 -0.0731843 3.59658
-0.0741672 0.0295003 -0.996816 -34.4283 -0.00404706 0.999544 0.0298821 0.373749 0.997245 0.00625031 -0.0740158 3.52912
-0.0737789 0.0299319 -0.996832 -35.2541 -0.00286755 0.999538 0.0302254 0.385055 0.997279 0.00508808 -0.0736607 3.46361
-0.0724147 0.031018 -0.996899 -36.0802 -0.00105396 0.999512 0.0311758 0.393295 0.997382 0.00330812 -0.0723485 3.40122
-0.0731246 0.0327974 -0.99679 -36.9149 -0.00085767 0.999455 0.0329482 0.401537 0.997331 0.0032639 -0.0730584 3.33287
-0.0719561 0.037829 -0.996698 -37.7444 0.00288001 0.999283 0.0377192 0.412519 0.997412 -0.000156516 -0.0720155 3.27297
-0.0727667 0.0393997 -0.996577 -38.5808 0.00411271 0.999221 0.0392041 0.426416 0.997349 -0.00124621 -0.0728738 3.20765
-0.0726888 0.0403137 -0.996547 -39.4071 0.00538302 0.999183 0.0400277 0.438455 0.997348 -0.00245504 -0.0728485 3.14293
-0.0718449 0.0376458 -0.996712 -40.2208 0.00534454 0.999286 0.0373579 0.456425 0.99741 -0.00264342 -0.0719965 3.07777
-0.0720354 0.0362693 -0.99675 -41.0621 0.00448792 0.999338 0.0360391 0.47621 0.9974 -0.0018774 -0.0721526 3.00643
-0.0716786 0.0353002 -0.996811 -41.8722 0.0038017 0.999375 0.0351178 0.491859 0.99743 -0.00127264 -0.0717698 2.94093
-0.0722633 0.0349473 -0.996781 -42.7112 0.00348927 0.999387 0.0347856 0.505958 0.997387 -0.000964416 -0.0723431 2.86835
-0.0728609 0.0349552 -0.996737 -43.5359 0.00395664 0.999387 0.0347592 0.523309 0.997343 -0.0014114 -0.0729566 2.80463
-0.0733919 0.0347039 -0.996707 -44.3469 0.00415362 0.999394 0.0344915 0.539102 0.997302 -0.0016086 -0.0734937 2.7442
-0.0748431 0.0347002 -0.996599 -45.172 0.00568395 0.999391 0.0343708 0.560579 0.997189 -0.00309248 -0.0749969 2.68963
-0.075965 0.0366509 -0.996445 -45.99 0.0070214 0.999316 0.0362213 0.576367 0.997094 -0.00424495 -0.0761727 2.61951
-0.0781485 0.0426296 -0.996037 -46.8144 0.00990325 0.999067 0.0419825 0.594436 0.996903 -0.00658343 -0.0784998 2.55909
-0.0799597 0.0452343 -0.99578 -47.6316 0.0119751 0.998939 0.0444162 0.616887 0.996735 -0.00837317 -0.0804189 2.49225
-0.0810728 0.0459827 -0.995655 -48.4321 0.012317 0.998903 0.04513 0.635147 0.996642 -0.00860494 -0.0815523 2.42242
-0.08303 0.0424389 -0.995652 -49.2324 0.0102461 0.999075 0.0417303 0.661316 0.996503 -0.00673678 -0.0833904 2.35118
-0.0842647 0.0403684 -0.995634 -50.0301 0.00594063 0.99918 0.0400096 0.679842 0.996436 -0.00254362 -0.0844375 2.26995
-0.0850613 0.0394306 -0.995604 -50.8173 0.00470669 0.99922 0.0391717 0.706758 0.996373 -0.00135411 -0.0851829 2.19107
-0.0869261 0.0396753 -0.995433 -51.6113 0.00450241 0.99921 0.0394329 0.730979 0.996215 -0.00105442 -0.0870382 2.11713
-0.0873949 0.0404968 -0.99536 -52.3942 0.00465075 0.999177 0.0402438 0.754447 0.996172 -0.00111218 -0.0875137 2.04359
-0.0891519 0.0407456 -0.995193 -53.1796 0.0041101 0.999168 0.0405404 0.779675 0.99602 -0.000476408 -0.0892473 1.96698
-0.0899023 0.0410596 -0.995113 -53.9568 0.00385209 0.999155 0.0408783 0.809672 0.995952 -0.000158302 -0.0899868 1.89214
-0.0899377 0.0417136 -0.995082 -54.7248 0.00457812 0.999128 0.0414696 0.836178 0.995948 -0.000826272 -0.0900523 1.81966
-0.0910872 0.0422605 -0.994955 -55.5004 0.00491835 0.999104 0.0419865 0.870325 0.99584 -0.00106921 -0.0912157 1.75
-0.0901507 0.0432565 -0.994997 -56.265 0.00479788 0.999063 0.0429988 0.90195 0.995927 -0.000897803 -0.0902757 1.67527
-0.0915746 0.0443128 -0.994821 -57.0319 0.00473092 0.999016 0.0440642 0.92573 0.995797 -0.000671357 -0.0916963 1.60462
-0.0921994 0.0447366 -0.994744 -57.7829 0.00473206 0.998997 0.0444896 0.947836 0.99574 -0.000605525 -0.0923207 1.53178
-0.0915224 0.0447092 -0.994808 -58.5174 0.00507411 0.998998 0.0444306 0.969149 0.9958 -0.000981472 -0.0916596 1.45702
-0.0924439 0.0446286 -0.994726 -59.2566 0.00569399 0.999001 0.0442916 0.990402 0.995712 -0.0015698 -0.0926076 1.38712
-0.0918492 0.0444273 -0.99479 -59.9597 0.00657975 0.999008 0.0440081 1.01094 0.995762 -0.00250353 -0.0920524 1.3185
-0.0912239 0.0444413 -0.994848 -60.6673 0.00683898 0.999006 0.0440003 1.03072 0.995818 -0.00279013 -0.091439 1.24861
-0.0888966 0.0445188 -0.995055 -61.3523 0.00742078 0.999001 0.0440323 1.04157 0.996024 -0.00346985 -0.0891401 1.17972
-0.0846271 0.0450323 -0.995404 -62.0152 0.00767692 0.998976 0.0445417 1.06065 0.996394 -0.00387247 -0.0848881 1.11558
-0.0794514 0.0460199 -0.995786 -62.6844 0.00795322 0.998929 0.0455307 1.07647 0.996819 -0.0043023 -0.0797344 1.06246
-0.0721677 0.0466425 -0.996312 -63.3202 0.00778749 0.9989 0.0462 1.09705 0.997374 -0.00442485 -0.0724535 1.01204
-0.0636684 0.0477088 -0.99684 -63.9594 0.0075669 0.998849 0.0473216 1.11384 0.997955 -0.00453016 -0.063958 0.967273
-0.0521556 0.0487208 -0.99746 -64.574 0.00690649 0.998801 0.0484257 1.12836 0.998627 -0.00436352 -0.0524314 0.92961
-0.0370793 0.0496725 -0.998087 -65.1692 0.00577403 0.998755 0.0494912 1.14906 0.999308 -0.00392795 -0.0373217 0.90327
-0.0194175 0.0506005 -0.99854 -65.7532 0.00480931 0.99871 0.050516 1.16462 0.999812 -0.0038216 -0.0196375 0.885964
0.00240624 0.0512847 -0.998692 -66.3078 0.00373098 0.998675 0.0512928 1.18677 1 -0.00384972 0.00221005 0.889264
0.0276238 0.0518429 -0.998283 -66.8498 0.00300578 0.998644 0.0519452 1.20546 0.999626 -0.00443577 0.0274292 0.910808
0.0561989 0.0519496 -0.997078 -67.3575 0.00388818 0.998624 0.0522493 1.21915 0.998426 -0.00681344 0.0559182 0.938975
0.0897211 0.0522712 -0.994605 -67.85 0.00296513 0.998601 0.0527492 1.23916 0.995975 -0.007682 0.0894396 0.99478
0.126903 0.0526696 -0.990527 -68.324 0.00175034 0.998574 0.0533217 1.25676 0.991928 -0.00850076 0.126629 1.06915
0.167167 0.0531002 -0.984508 -68.7767 0.000327675 0.998543 0.0539132 1.27289 0.985942 -0.00933517 0.166905 1.16448
0.211074 0.0540686 -0.975985 -69.2216 -0.00122562 0.998481 0.0550498 1.29248 0.977485 -0.0104237 0.210819 1.27701
0.257852 0.0532197 -0.964729 -69.6473 0.000274302 0.998475 0.0551552 1.31395 0.966198 -0.0144866 0.257444 1.42726
0.307383 0.0505772 -0.950252 -70.0604 0.00333177 0.99852 0.054224 1.33254 0.951596 -0.0198339 0.306759 1.59287
0.357486 0.0468133 -0.932756 -70.462 0.0052078 0.998625 0.0521156 1.35734 0.933919 -0.0234883 0.356752 1.79005
0.409013 0.04356 -0.9115 -70.8472 0.00710772 0.998675 0.0509154 1.37717 0.912517 -0.0273042 0.408162 1.99751
0.459414 0.043378 -0.887174 -71.2288 0.00484105 0.998667 0.0513368 1.40751 0.888224 -0.0278797 0.458593 2.23191
0.506998 0.0414817 -0.860961 -71.5972 0.00620418 0.998637 0.0517685 1.43452 0.861942 -0.0315885 0.506051 2.48033
0.552023 0.0385953 -0.832949 -71.9364 0.00991517 0.998551 0.0528403 1.4584 0.833787 -0.037428 0.550843 2.74772
0.596228 0.0345807 -0.802084 -72.2611 0.0154612 0.998389 0.0545373 1.47312 0.802684 -0.0449184 0.594736 3.04089
0.638315 0.0306725 -0.769179 -72.5663 0.0150011 0.998517 0.0522674 1.49137 0.769648 -0.0449017 0.636911 3.34449
0.679754 0.026759 -0.732968 -72.8696 0.0105455 0.998872 0.0462466 1.51626 0.733384 -0.0391663 0.678708 3.64853
0.720011 0.0213415 -0.693651 -73.1487 0.0050262 0.999338 0.0359644 1.52994 0.693965 -0.0293812 0.71943 3.96112
0.75941 0.0191951 -0.650349 -73.4343 -0.000316212 0.999574 0.0291335 1.54764 0.650636 -0.0219189 0.759095 4.31965
0.796533 0.0187125 -0.604326 -73.6978 -0.00271328 0.999618 0.0273769 1.56097 0.604613 -0.0201667 0.796284 4.69464
0.830869 0.0187707 -0.556175 -73.9471 -0.00438436 0.999618 0.0271874 1.57346 0.556478 -0.0201509 0.830637 5.10379
0.862031 0.0192498 -0.506515 -74.1935 -0.00665771 0.999619 0.0266601 1.59825 0.50684 -0.0196095 0.861835 5.54506
0.88826 0.0205954 -0.458909 -74.4152 -0.00878107 0.99957 0.0278636 1.59671 0.45929 -0.0207205 0.888063 6.02052
0.910081 0.0250937 -0.4137 -74.6365 -0.0146011 0.999484 0.028506 1.62529 0.414205 -0.0199021 0.909983 6.52606
0.927554 0.0288875 -0.372608 -74.8358 -0.0202423 0.999425 0.0270936 1.64669 0.37318 -0.0175883 0.927609 7.02568
0.941354 0.0333202 -0.335809 -75.0276 -0.0254661 0.999287 0.027766 1.65886 0.336499 -0.0175856 0.941536 7.56156
0.952275 0.0345317 -0.303328 -75.2063 -0.0270096 0.999213 0.0289592 1.67174 0.304093 -0.0193843 0.952462 8.12881
0.959612 0.0352027 -0.279161 -75.3674 -0.0282989 0.999184 0.0287231 1.68408 0.279948 -0.0196629 0.95983 8.6935
0.965807 0.0359582 -0.256818 -75.522 -0.0295803 0.999149 0.0286546 1.70107 0.257632 -0.0200779 0.966052 9.29244
0.970285 0.0378822 -0.239036 -75.6739 -0.0319036 0.999072 0.0288319 1.71285 0.23991 -0.020349 0.970597 9.89666
0.973852 0.0414258 -0.223443 -75.8238 -0.035784 0.998929 0.02924 1.72433 0.224418 -0.0204796 0.974296 10.5199
0.977067 0.0427214 -0.208664 -75.9674 -0.0374224 0.998868 0.0292777 1.73953 0.209682 -0.0207976 0.977564 11.1654
0.979602 0.0436787 -0.196222 -76.0974 -0.0386669 0.99882 0.0293 1.7382 0.197273 -0.0211148 0.98014 11.8147
0.982267 0.0439963 -0.182324 -76.2212 -0.0394075 0.998808 0.0287159 1.75362 0.183373 -0.0210218 0.982835 12.4858
0.984982 0.0445526 -0.166906 -76.3422 -0.0403387 0.998776 0.028552 1.771 0.167976 -0.0213903 0.985578 13.185
0.987175 0.0450525 -0.153237 -76.4566 -0.0412058 0.998751 0.0281863 1.79169 0.154318 -0.0215106 0.987803 13.8851
0.989147 0.0457884 -0.139721 -76.5609 -0.0424687 0.99874 0.026648 1.80218 0.140767 -0.0204249 0.989851 14.6136
0.990576 0.0458231 -0.129175 -76.658 -0.0429245 0.99876 0.0251335 1.8248 0.130169 -0.0193518 0.991319 15.3301
0.991851 0.044561 -0.119489 -76.748 -0.0424784 0.998896 0.0199174 1.82131 0.120247 -0.0146791 0.992655 16.0719
0.992853 0.044805 -0.110736 -76.8335 -0.042841 0.998878 0.0200505 1.83778 0.111513 -0.0151631 0.993664 16.8385
0.993531 0.0455217 -0.1042 -76.9172 -0.0432029 0.998765 0.0244009 1.85555 0.105185 -0.019741 0.994277 17.597
0.993984 0.0479719 -0.0986037 -77.0035 -0.0450918 0.998492 0.0312301 1.88125 0.0999558 -0.0265959 0.994653 18.3651
0.994425 0.0483389 -0.0938965 -77.0843 -0.045497 0.998444 0.0321729 1.89653 0.0953076 -0.0277212 0.995083 19.1413
0.994741 0.0473975 -0.0909516 -77.1544 -0.0447253 0.99851 0.031195 1.91674 0.0922972 -0.0269631 0.995383 19.896
0.995056 0.0477111 -0.0872968 -77.2287 -0.0451409 0.998492 0.0311813 1.9335 0.0886548 -0.0270863 0.995715 20.6663
0.995279 0.0474466 -0.0848365 -77.2955 -0.0448718 0.998478 0.032001 1.94561 0.0862282 -0.0280431 0.995898 21.4249
0.995508 0.0467796 -0.082519 -77.358 -0.0442079 0.998484 0.0327193 1.96102 0.0839265 -0.028924 0.996074 22.1946
0.995837 0.0460317 -0.0788561 -77.421 -0.043536 0.998502 0.0330777 1.97859 0.0802631 -0.029507 0.996354 22.9672
0.996022 0.0459492 -0.0765773 -77.482 -0.0437039 0.99857 0.0307409 1.99364 0.0778823 -0.0272715 0.996612 23.7259
0.99601 0.0488573 -0.0748756 -77.5534 -0.0472364 0.998611 0.0232633 2.00281 0.0759107 -0.0196335 0.996939 24.4964
0.996168 0.0490462 -0.0726558 -77.6148 -0.0478769 0.998694 0.0177459 2.0188 0.0734334 -0.0141989 0.997221 25.2541
0.996218 0.0493429 -0.071742 -77.6705 -0.0482557 0.998692 0.0168036 2.03081 0.0724799 -0.0132779 0.9973 26.0081
0.99639 0.0500422 -0.0688276 -77.7352 -0.0488543 0.998627 0.0188312 2.03483 0.0696775 -0.0154003 0.997473 26.772
0.996481 0.0505596 -0.0670882 -77.7931 -0.0493337 0.998585 0.0197987 2.0463 0.0679967 -0.0164191 0.997569 27.5353
0.996601 0.0514302 -0.0646412 -77.8492 -0.0501472 0.998513 0.0213136 2.05766 0.0656433 -0.017999 0.997703 28.2957
0.996852 0.0502069 -0.0616235 -77.8976 -0.0488633 0.998537 0.0231121 2.06535 0.0626961 -0.020028 0.997851 29.0533
0.997006 0.0478723 -0.0610159 -77.9401 -0.0465352 0.998648 0.023144 2.08585 0.0620434 -0.0202348 0.997891 29.8001
0.997182 0.0465219 -0.0591204 -77.9868 -0.0452237 0.998709 0.023103 2.10029 0.0601212 -0.0203639 0.998003 30.5485
0.997215 0.0463383 -0.058733 -78.0358 -0.0450599 0.998721 0.0229024 2.11955 0.0597214 -0.0201916 0.998033 31.3036
0.99729 0.0460422 -0.0576577 -78.0804 -0.0447809 0.998732 0.0229729 2.12684 0.0586446 -0.0203284 0.998091 32.0604
0.997402 0.0457528 -0.0559452 -78.1276 -0.044473 0.998724 0.023905 2.13291 0.0569696 -0.0213543 0.998169 32.8208
0.99732 0.047432 -0.0559841 -78.1769 -0.0461321 0.998639 0.0242786 2.14484 0.0570619 -0.0216306 0.998156 33.594
0.99731 0.0477696 -0.0559061 -78.2265 -0.0464423 0.998612 0.0247988 2.15373 0.0570152 -0.0221353 0.998149 34.3644
0.997292 0.0473287 -0.056585 -78.273 -0.04596 0.998624 0.0252398 2.1647 0.0577041 -0.0225705 0.998098 35.1358
0.997148 0.0471979 -0.0591846 -78.3226 -0.0457064 0.998608 0.0263021 2.17279 0.0603457 -0.0235214 0.997922 35.9263
0.99702 0.0470474 -0.0614113 -78.3761 -0.0454998 0.998616 0.0263524 2.18802 0.0625685 -0.0234794 0.997784 36.7088
0.996662 0.0501421 -0.0647038 -78.4404 -0.0484908 0.998463 0.0268383 2.19951 0.0659522 -0.0236106 0.997566 37.5086
0.996482 0.0505887 -0.0670659 -78.5022 -0.0488758 0.998441 0.0269314 2.21333 0.0683262 -0.0235585 0.997405 38.3062
0.996317 0.0510248 -0.0691736 -78.5663 -0.0492721 0.998425 0.0268064 2.22867 0.0704347 -0.0232987 0.997267 39.0957
0.996134 0.0509202 -0.0718191 -78.6305 -0.0490441 0.998413 0.0276405 2.24078 0.0731149 -0.0240109 0.997055 39.9175
0.996053 0.050229 -0.0734271 -78.6968 -0.0482455 0.998428 0.0285363 2.25772 0.0747473 -0.0248805 0.996915 40.7258
0.995855 0.0503304 -0.0759955 -78.7622 -0.0482351 0.99841 0.029153 2.27534 0.0773441 -0.0253662 0.996703 41.5627
0.995718 0.0505157 -0.0776624 -78.8317 -0.0482832 0.998373 0.0303535 2.28472 0.0790716 -0.0264731 0.996541 42.3936
0.995726 0.0501683 -0.0777802 -78.902 -0.0477785 0.998336 0.0322804 2.30622 0.0792723 -0.0284258 0.996469 43.221
0.995628 0.0494382 -0.0794917 -78.9758 -0.0465788 0.998214 0.0374252 2.32118 0.0812021 -0.0335585 0.996157 44.081
0.995708 0.0495857 -0.0783855 -79.0514 -0.0466333 0.998149 0.0390503 2.33996 0.0801787 -0.0352269 0.99618 44.9324
0.995866 0.0510232 -0.0754075 -79.1248 -0.0481777 0.998075 0.0390771 2.36929 0.0772582 -0.035282 0.996411 45.7868
0.995919 0.0514245 -0.074418 -79.1989 -0.0486048 0.998049 0.039209 2.38628 0.0762908 -0.0354315 0.996479 46.6521
0.99615 0.051131 -0.0714804 -79.2657 -0.0484654 0.998081 0.0385354 2.41025 0.0733157 -0.0349221 0.996722 47.5065
0.996414 0.0473715 -0.0703725 -79.3258 -0.0446998 0.998237 0.0390583 2.43055 0.0721004 -0.0357721 0.996779 48.383
0.996526 0.0475038 -0.0686983 -79.3903 -0.0449009 0.998232 0.038945 2.45998 0.0704288 -0.0357245 0.996901 49.2529
0.996698 0.0469355 -0.0665418 -79.4512 -0.0443354 0.998216 0.0400162 2.48906 0.0683028 -0.0369335 0.997004 50.127
0.996758 0.0455561 -0.0666192 -79.5097 -0.0428229 0.998204 0.0418914 2.50948 0.0684099 -0.0389022 0.996923 50.9988
0.996898 0.0453899 -0.0646121 -79.5715 -0.0426764 0.998174 0.0427632 2.52622 0.0664366 -0.0398726 0.997017 51.8689
0.996792 0.0474323 -0.064782 -79.6366 -0.0448067 0.998138 0.0413941 2.55286 0.0666264 -0.0383581 0.997066 52.7314
0.996621 0.0517957 -0.0640533 -79.7031 -0.0494423 0.998063 0.0377819 2.57408 0.0658876 -0.0344867 0.997256 53.5914
0.996651 0.0538505 -0.0618623 -79.7657 -0.0517347 0.998037 0.035301 2.59187 0.0636435 -0.0319818 0.997486 54.4505
0.99638 0.0583768 -0.0621194 -79.8304 -0.0565703 0.997936 0.0304355 2.61536 0.0637692 -0.0268107 0.997629 55.2993
0.996526 0.0578589 -0.0602536 -79.8898 -0.0561185 0.997969 0.0301779 2.64139 0.0618789 -0.0266911 0.997752 56.1546
0.996692 0.0546409 -0.0604997 -79.9388 -0.0525252 0.997972 0.0360094 2.65876 0.0623458 -0.032712 0.997543 57.0054
0.996732 0.0542184 -0.0602391 -79.9959 -0.0515424 0.997652 0.0451148 2.6788 0.0625453 -0.0418619 0.99719 57.8619
0.996835 0.0523234 -0.0601987 -80.057 -0.0492466 0.99746 0.0514912 2.70781 0.0627412 -0.0483632 0.996882 58.7168
0.996672 0.0515988 -0.0634367 -80.1122 -0.0483952 0.997525 0.0510321 2.739 0.0659143 -0.0477918 0.996707 59.5474
0.996645 0.0500457 -0.0650833 -80.1642 -0.0467757 0.997613 0.0508224 2.76156 0.0674726 -0.0476072 0.99661 60.3847
0.99644 0.05036 -0.0679293 -80.2234 -0.0469489 0.997601 0.0509026 2.80153 0.0703312 -0.0475317 0.996418 61.2039
0.996184 0.0518963 -0.0704678 -80.2914 -0.0483868 0.997547 0.0506207 2.83666 0.072923 -0.0470175 0.996254 62.0292
0.995926 0.0527701 -0.073412 -80.3616 -0.0491845 0.997548 0.0498148 2.87488 0.0758622 -0.0460005 0.996084 62.853
0.995531 0.0534263 -0.0781364 -80.4293 -0.0496738 0.997555 0.049196 2.91109 0.0805748 -0.0450943 0.995754 63.6541
0.995247 0.055117 -0.0805543 -80.5032 -0.0513367 0.997516 0.0482653 2.93934 0.0830159 -0.0438998 0.995609 64.469
0.994765 0.057833 -0.0845022 -80.5841 -0.0538185 0.997348 0.0490301 2.97086 0.0871149 -0.0442252 0.995242 65.2644
0.994412 0.0588568 -0.0878878 -80.664 -0.0546147 0.997261 0.0499126 3.00279 0.0905862 -0.0448331 0.994907 66.0676
0.994076 0.060365 -0.0906187 -80.7469 -0.0555984 0.996981 0.0542278 3.03571 0.09362 -0.0488678 0.994434 66.8799
0.993608 0.0610292 -0.0951973 -80.833 -0.0553801 0.996609 0.0608932 3.06401 0.0985923 -0.0552312 0.993623 67.6736
0.993212 0.0615123 -0.0989425 -80.9149 -0.0553094 0.996401 0.0642547 3.09046 0.10254 -0.0583455 0.993043 68.4719
0.992389 0.0627464 -0.106173 -81.0048 -0.0560336 0.996309 0.0650672 3.13 0.109865 -0.0586221 0.992246 69.2483
0.99182 0.0617364 -0.111921 -81.097 -0.0543693 0.996224 0.06772 3.16223 0.11568 -0.0610805 0.991433 70.0389
0.991041 0.0639645 -0.117437 -81.1923 -0.0561632 0.996066 0.0685774 3.20021 0.121363 -0.0613668 0.990739 70.8233
0.990073 0.0664623 -0.124026 -81.3031 -0.0582364 0.995931 0.0688085 3.24969 0.128097 -0.0609021 0.989917 71.5915
0.989186 0.0686664 -0.129777 -81.4171 -0.0601758 0.995855 0.0682509 3.29365 0.133927 -0.0597027 0.989221 72.359
0.988503 0.0688848 -0.134769 -81.5275 -0.0601036 0.995864 0.0681752 3.3371 0.13891 -0.0592906 0.988557 73.1214
0.987533 0.0704762 -0.140917 -81.6452 -0.0612325 0.995746 0.0688921 3.37943 0.145174 -0.0594039 0.987652 73.8792
0.986939 0.0724277 -0.144053 -81.76 -0.0625364 0.995441 0.0720471 3.41821 0.148616 -0.0620968 0.986971 74.6412
0.985875 0.0732945 -0.150749 -81.8852 -0.0626097 0.995261 0.0744462 3.46689 0.155493 -0.0639555 0.985795 75.4063
0.984984 0.0722121 -0.156967 -82.0121 -0.0609346 0.995285 0.0755107 3.51274 0.161681 -0.0648113 0.984741 76.1619
0.984015 0.0718127 -0.163112 -82.1402 -0.0604371 0.995453 0.0736682 3.56076 0.167662 -0.0626317 0.983885 76.9068
0.982454 0.0714803 -0.172403 -82.2755 -0.0604434 0.995826 0.068443 3.60979 0.176577 -0.0568206 0.982674 77.6454
0.981102 0.0692296 -0.180817 -82.4169 -0.0579349 0.996071 0.0670212 3.65934 0.184749 -0.055278 0.981262 78.3826
0.979036 0.0684239 -0.191974 -82.5624 -0.055967 0.996008 0.0695807 3.70401 0.195971 -0.057377 0.978958 79.1196
0.976849 0.0681794 -0.202896 -82.7186 -0.0536339 0.995641 0.0763496 3.75075 0.207219 -0.063699 0.976252 79.8571
0.974526 0.0698074 -0.213249 -82.8816 -0.0527521 0.995017 0.0846518 3.80876 0.218098 -0.0712452 0.973352 80.5844
0.971931 0.0680677 -0.225316 -83.0537 -0.0493088 0.994915 0.0878675 3.84842 0.230153 -0.0742901 0.970348 81.3096
0.969191 0.0702345 -0.236188 -83.2366 -0.0513383 0.995042 0.0852302 3.90761 0.241006 -0.0704779 0.967991 82.015
0.965885 0.0688381 -0.249757 -83.427 -0.0513788 0.995805 0.0757712 3.96533 0.253927 -0.060353 0.965372 82.7156
0.96258 0.0680293 -0.262416 -83.6229 -0.0499815 0.995945 0.0748551 4.02357 0.266447 -0.0589371 0.962077 83.4169
0.9597 0.0669988 -0.273018 -83.8293 -0.0470073 0.99576 0.0791265 4.08265 0.277164 -0.0631028 0.958782 84.1232
0.956186 0.0672025 -0.285035 -84.0471 -0.0439486 0.995224 0.087215 4.13552 0.289537 -0.0708658 0.954571 84.8412
0.952659 0.0673663 -0.296568 -84.2764 -0.0412862 0.994781 0.0933481 4.19385 0.301311 -0.0766838 0.950471 85.553
0.949065 0.0671487 -0.307927 -84.5072 -0.0394473 0.994668 0.0953266 4.24811 0.312689 -0.0783232 0.946653 86.2468
0.944913 0.0656016 -0.32076 -84.7514 -0.0381274 0.995107 0.0912039 4.31035 0.325175 -0.073949 0.942792 86.9436
0.94215 0.0632209 -0.329256 -84.9953 -0.0366586 0.995601 0.0862727 4.37555 0.333265 -0.0692107 0.940322 87.6303
0.938902 0.062411 -0.338557 -85.253 -0.0352001 0.995683 0.085933 4.43319 0.342461 -0.0687642 0.937047 88.333
0.936226 0.0623715 -0.345898 -85.5208 -0.0347543 0.995737 0.0854841 4.4942 0.349758 -0.0680098 0.934401 89.0303
0.933545 0.0647252 -0.352643 -85.7936 -0.0365365 0.995628 0.0860211 4.55472 0.35667 -0.067419 0.93183 89.718
0.930044 0.0669331 -0.361378 -86.0748 -0.0370486 0.995346 0.0890088 4.60502 0.365656 -0.0693924 0.928192 90.42
0.927235 0.0688286 -0.368175 -86.3521 -0.0359218 0.994786 0.0955057 4.67337 0.372829 -0.0753294 0.924873 91.1095
0.923874 0.0721334 -0.375912 -86.6505 -0.0353943 0.993978 0.103749 4.73416 0.381134 -0.0825443 0.920861 91.8179
0.920985 0.0786765 -0.381641 -86.9556 -0.0399496 0.993313 0.108369 4.79978 0.387617 -0.084559 0.91797 92.5133
0.918582 0.0848064 -0.386098 -87.2628 -0.0467634 0.993174 0.106897 4.86985 0.39253 -0.0801372 0.916275 93.1995
0.915639 0.0833143 -0.393344 -87.5723 -0.0479152 0.993939 0.0989904 4.93692 0.399208 -0.071791 0.914082 93.8872
0.914363 0.0783347 -0.397317 -87.867 -0.0445764 0.994624 0.0935166 4.99591 0.402509 -0.067796 0.912936 94.5753
0.91218 0.0781123 -0.402346 -88.1845 -0.0441508 0.99469 0.0930173 5.07478 0.407476 -0.0670834 0.910785 95.2758
0.91005 0.0808983 -0.406598 -88.5129 -0.0450357 0.994267 0.0970267 5.15938 0.412119 -0.0699865 0.908473 95.9758
0.908266 0.0811959 -0.410509 -88.8354 -0.0436104 0.994024 0.100124 5.2168 0.416186 -0.0730358 0.906379 96.6709
0.905732 0.0797137 -0.416358 -89.1574 -0.0413171 0.994089 0.100446 5.28959 0.421906 -0.0737733 0.903668 97.3694
0.90381 0.0788215 -0.420682 -89.4862 -0.0422157 0.994525 0.095645 5.36212 0.425919 -0.0686842 0.902189 98.0513
0.901271 0.0763984 -0.426534 -89.8202 -0.0414821 0.99503 0.0905749 5.42774 0.431337 -0.0639379 0.899958 98.7415
0.899007 0.0763348 -0.431297 -90.1589 -0.0411012 0.995058 0.0904442 5.50851 0.436071 -0.0635818 0.897702 99.4307
0.897525 0.0755379 -0.434512 -90.4994 -0.039112 0.994979 0.0921857 5.56801 0.439296 -0.0657432 0.895969 100.12
0.895126 0.0759532 -0.439362 -90.8476 -0.0382535 0.994838 0.0940466 5.6266 0.444239 -0.0673751 0.89341 100.814
0.893129 0.0755413 -0.443479 -91.1937 -0.0369402 0.994792 0.0950589 5.6899 0.448352 -0.0685164 0.891263 101.488
0.890656 0.0752409 -0.448474 -91.5401 -0.0358598 0.994771 0.0956798 5.75866 0.453329 -0.0691343 0.888697 102.169
0.888539 0.0749132 -0.45271 -91.8872 -0.0348348 0.994754 0.0962409 5.82325 0.457547 -0.0697425 0.886483 102.843
0.886797 0.0739276 -0.456273 -92.2326 -0.0331955 0.994769 0.0966622 5.89036 0.461033 -0.0705721 0.884612 103.506
0.884383 0.0738844 -0.460941 -92.5909 -0.0323869 0.994733 0.0973094 5.95637 0.465705 -0.0711292 0.882114 104.178
0.882358 0.0741028 -0.464773 -92.946 -0.0320734 0.994704 0.0977063 6.01991 0.469553 -0.0713034 0.88006 104.83
0.879749 0.0719879 -0.470022 -93.3064 -0.0311236 0.995076 0.0941523 6.06922 0.474488 -0.0682003 0.877654 105.486
0.877728 0.0690293 -0.474224 -93.6622 -0.029882 0.995534 0.0896075 6.12974 0.478293 -0.0644787 0.875871 106.132
0.875791 0.0693881 -0.477741 -94.0128 -0.0299471 0.995524 0.0896959 6.1903 0.481828 -0.0642467 0.873946 106.761
0.873742 0.0697398 -0.481429 -94.3793 -0.028709 0.995342 0.0920844 6.2401 0.485609 -0.0666351 0.871674 107.412
0.871978 0.0720581 -0.484278 -94.7405 -0.0266982 0.994643 0.0999282 6.29679 0.488886 -0.0742045 0.869226 108.046
0.870953 0.0729998 -0.485978 -95.088 -0.0239379 0.994039 0.106419 6.35188 0.49085 -0.0810512 0.867508 108.666
0.869187 0.0717314 -0.489319 -95.4432 -0.0207346 0.993848 0.108864 6.39685 0.494118 -0.0844757 0.865321 109.292
0.867846 0.0708686 -0.491818 -95.7811 -0.0188136 0.993758 0.110001 6.45171 0.496545 -0.0862094 0.863762 109.884
0.865813 0.070586 -0.495429 -96.1212 -0.0178268 0.993731 0.11043 6.52753 0.500119 -0.0867784 0.861639 110.469
0.864084 0.070578 -0.49844 -96.4505 -0.01741 0.993725 0.110531 6.59767 0.503114 -0.0868284 0.85989 111.034
0.862814 0.0701797 -0.500692 -96.7794 -0.0166918 0.99374 0.110527 6.66344 0.505315 -0.0870053 0.858579 111.584
0.861381 0.0700739 -0.503168 -97.0978 -0.0160682 0.993708 0.110885 6.72095 0.507773 -0.0874273 0.857086 112.124
0.860236 0.0696322 -0.505184 -97.4083 -0.0148967 0.993649 0.111597 6.77701 0.509747 -0.0884723 0.855806 112.641
0.858804 0.0696375 -0.507614 -97.7064 -0.0141167 0.993565 0.112423 6.83119 0.512178 -0.0893817 0.85426 113.143
0.857496 0.0690965 -0.509894 -97.9956 -0.0126724 0.993484 0.11332 6.87925 0.514403 -0.0907086 0.852781 113.625
0.856352 0.0689301 -0.511836 -98.2741 -0.0118816 0.993424 0.113911 6.92523 0.516324 -0.0914643 0.851539 114.084
0.85499 0.0691264 -0.514083 -98.54 -0.0116713 0.993399 0.11417 6.97727 0.518583 -0.0916127 0.850149 114.519
0.853853 0.070487 -0.515785 -98.8024 -0.0143849 0.993611 0.111977 7.02312 0.520384 -0.08819 0.849411 114.93
0.852274 0.0677709 -0.518753 -99.0472 -0.0133638 0.994077 0.107916 7.07154 0.522994 -0.0850395 0.848128 115.325
0.850316 0.0629166 -0.522563 -99.2807 -0.00847944 0.994343 0.105925 7.10606 0.526273 -0.0856362 0.846039 115.714
0.847906 0.0622827 -0.526541 -99.5069 -0.00690163 0.994295 0.106501 7.14648 0.530172 -0.0866672 0.843495 116.081
0.844683 0.0623396 -0.531689 -99.7309 -0.00599374 0.99424 0.107055 7.19317 0.535301 -0.0872382 0.840191 116.426
0.840662 0.0674743 -0.537405 -99.9527 -0.00978453 0.993946 0.109493 7.22056 0.541541 -0.0867863 0.836229 116.759
0.837035 0.0725856 -0.542377 -100.163 -0.0129111 0.993511 0.113039 7.27009 0.547064 -0.0876126 0.83254 117.064
0.833086 0.0766787 -0.547867 -100.37 -0.0128684 0.992772 0.119382 7.30172 0.553062 -0.0924037 0.828047 117.369
0.828746 0.0783326 -0.554178 -100.563 -0.0109584 0.992243 0.123869 7.32918 0.559583 -0.0965806 0.823175 117.643
0.823496 0.0779844 -0.562 -100.738 -0.00834876 0.992074 0.125432 7.34264 0.567328 -0.0985989 0.817617 117.909
0.817174 0.0752572 -0.571518 -100.906 -0.0032984 0.99204 0.125919 7.37872 0.576446 -0.10101 0.810917 118.157
0.809235 0.0746498 -0.582784 -101.076 -0.000415893 0.991975 0.126489 7.41725 0.587551 -0.102115 0.802768 118.38
0.799413 0.0747405 -0.596173 -101.242 0.00157067 0.991974 0.126471 7.44173 0.600842 -0.102037 0.792879 118.591
0.787876 0.0749643 -0.611314 -101.409 0.00376977 0.991966 0.126505 7.47328 0.615886 -0.101972 0.781259 118.779
0.774444 0.0752751 -0.628203 -101.562 0.00500725 0.992142 0.125061 7.47851 0.632681 -0.0999959 0.767981 118.967
0.759997 0.0741006 -0.645746 -101.715 0.00524207 0.992756 0.120093 7.50034 0.649967 -0.0946534 0.754099 119.127
0.745868 0.0707148 -0.662383 -101.864 0.00804628 0.993326 0.115109 7.51815 0.666102 -0.0911838 0.74032 119.275
0.730762 0.0707424 -0.679011 -102.027 0.00700323 0.993794 0.111078 7.54138 0.682656 -0.0859245 0.725727 119.421
0.715045 0.0741138 -0.69519 -102.191 0.00261341 0.99408 0.108669 7.56374 0.699129 -0.079518 0.710617 119.557
0.698244 0.0753569 -0.711935 -102.364 0.0027924 0.994157 0.107971 7.59086 0.715912 -0.0773759 0.693949 119.693
0.680365 0.0743987 -0.729136 -102.535 0.00767447 0.994062 0.108595 7.60856 0.732886 -0.0794777 0.675753 119.836
0.661268 0.0740252 -0.746537 -102.705 0.0122026 0.993933 0.109368 7.62527 0.750105 -0.0814291 0.656349 119.973
0.640381 0.074304 -0.764502 -102.883 0.0155506 0.993857 0.109624 7.65741 0.767951 -0.0820875 0.635291 120.091
0.616965 0.0780466 -0.783158 -103.067 0.0158655 0.993641 0.111524 7.68792 0.786883 -0.0812293 0.6118 120.206
0.59317 0.0813216 -0.801005 -103.253 0.0166292 0.993442 0.113176 7.71365 0.804954 -0.0804502 0.587927 120.31
0.568593 0.0839642 -0.818368 -103.442 0.0178681 0.993288 0.114328 7.74836 0.822475 -0.0796265 0.563273 120.419
0.543655 0.0853322 -0.835004 -103.637 0.0185893 0.993357 0.113621 7.77791 0.83915 -0.0772902 0.538456 120.516
0.517565 0.0897076 -0.850971 -103.83 0.0175228 0.993176 0.115359 7.79082 0.855513 -0.0746145 0.512458 120.595
0.490376 0.0918714 -0.866697 -104.033 0.0194015 0.993037 0.116244 7.809 0.871341 -0.0738159 0.485178 120.685
0.461448 0.0920449 -0.882421 -104.235 0.0233986 0.993001 0.115818 7.81574 0.886906 -0.0740889 0.456061 120.767
0.430271 0.0905373 -0.898188 -104.442 0.0265106 0.993267 0.112823 7.82572 0.902354 -0.0723538 0.424973 120.838
0.396942 0.0863539 -0.913813 -104.694 0.0307302 0.993763 0.10726 7.8492 0.917375 -0.0706553 0.39181 120.931
0.359577 0.0846699 -0.929305 -104.945 0.0348345 0.993968 0.104042 7.874 0.932508 -0.0697808 0.354457 121.006
0.318955 0.0837652 -0.9441 -105.224 0.0392133 0.994074 0.10145 7.8977 0.947003 -0.0693766 0.313778 121.076
0.276187 0.0831495 -0.957537 -105.512 0.0438151 0.994131 0.0989673 7.92119 0.960146 -0.0692857 0.270921 121.132
0.23032 0.0827036 -0.969632 -105.81 0.0482473 0.994191 0.0962614 7.94741 0.971962 -0.0689505 0.22499 121.169
0.181737 0.0811034 -0.980033 -106.136 0.0530307 0.994339 0.0921237 7.97692 0.981957 -0.0687117 0.176405 121.203
0.132166 0.0806539 -0.987978 -106.475 0.0577262 0.994372 0.0889008 8.00388 0.989589 -0.0687793 0.126764 121.22
0.0809989 0.0814987 -0.993412 -106.82 0.0625309 0.994277 0.0866705 8.03361 0.994791 -0.0691367 0.0754371 121.217
0.0282092 0.0828101 -0.996203 -107.186 0.069715 0.993978 0.0846018 8.06999 0.997211 -0.0718343 0.0222637 121.203
-0.0245019 0.0845646 -0.996152 -107.558 0.0766905 0.993643 0.0824676 8.08363 0.996794 -0.0743722 -0.0308337 121.167
-0.077941 0.086027 -0.993277 -107.952 0.0842367 0.993281 0.07942 8.10627 0.993436 -0.0774777 -0.0846665 121.118
-0.130804 0.0868043 -0.987637 -108.344 0.0898909 0.993099 0.0753815 8.12726 0.987365 -0.0789168 -0.137707 121.037
-0.181201 0.0871394 -0.979616 -108.74 0.0940261 0.993045 0.0709445 8.15578 0.978984 -0.0792518 -0.188137 120.932
-0.231129 0.0875708 -0.969011 -109.167 0.0991745 0.992878 0.0660751 8.18395 0.967896 -0.0808267 -0.23817 120.808
-0.27921 0.0883913 -0.956192 -109.593 0.105555 0.992551 0.0609327 8.20593 0.954455 -0.0839155 -0.286462 120.662
-0.325657 0.089311 -0.941298 -110.022 0.111338 0.992229 0.0556266 8.22826 0.938951 -0.0866849 -0.333072 120.491
-0.370708 0.089901 -0.924429 -110.475 0.114831 0.992109 0.0504369 8.24824 0.921668 -0.0874533 -0.378109 120.292
-0.412198 0.0906391 -0.906613 -110.924 0.118103 0.991963 0.0454786 8.26733 0.90345 -0.0883247 -0.419593 120.07
-0.451873 0.0914646 -0.887423 -111.39 0.121074 0.991819 0.0405772 8.28151 0.883874 -0.0891052 -0.459253 119.815
-0.486233 0.0918522 -0.869029 -111.855 0.122828 0.991775 0.036105 8.2959 0.865198 -0.0891829 -0.493519 119.534
-0.514513 0.0918344 -0.852595 -112.323 0.123648 0.991808 0.0322151 8.30966 0.848569 -0.0888439 -0.521655 119.229
-0.538339 0.0915511 -0.837783 -112.811 0.123879 0.991883 0.0287926 8.32178 0.833619 -0.0882805 -0.545313 118.896
-0.556116 0.0890287 -0.826369 -113.307 0.121286 0.9923 0.0252878 8.35326 0.822257 -0.0861612 -0.562634 118.539
-0.57086 0.0889789 -0.816256 -113.815 0.121203 0.992355 0.0234134 8.36401 0.812099 -0.0855643 -0.577283 118.171
-0.581869 0.089447 -0.808397 -114.331 0.121408 0.992354 0.0224177 8.3775 0.80422 -0.0850992 -0.588282 117.795
-0.592347 0.0895146 -0.80074 -114.863 0.121992 0.992319 0.020691 8.38759 0.796442 -0.0854247 -0.598721 117.396
