1 0 0 0 0 1 0 0 0 0 1 0
0.999999 0.00189551 -0.000231678 -0.00886388 -0.00189523 0.999999 0.00108871 -0.0165555 0.000233631 -0.00108833 1 0.77556
0.999996 0.00310581 0.000275546 -0.0159891 -0.00310631 0.999993 0.00175332 -0.0264606 -0.000270146 -0.0017542 0.999999 1.53541
0.999994 0.00353865 0.000867175 -0.0207666 -0.00354029 0.999993 0.00188753 -0.0382495 -0.000860593 -0.00189068 0.999998 2.28678
0.999988 0.00490009 0.000740455 -0.0279603 -0.00490156 0.999985 0.00189715 -0.0450753 -0.000731185 -0.00190075 0.999998 3.01935
0.999987 0.00512129 0.000646766 -0.0351154 -0.00512263 0.999986 0.00202124 -0.0561417 -0.000636502 -0.0020246 0.999998 3.7392
0.999986 0.00503217 0.00169367 -0.0379923 -0.00503695 0.999982 0.0028075 -0.0691546 -0.00167955 -0.002816 0.999995 4.43828
0.999984 0.00565735 0.00150416 -0.0435986 -0.00566427 0.999974 0.00461759 -0.0755672 -0.00147809 -0.00462612 0.999989 5.12259
0.999985 0.00472821 0.00301206 -0.045183 -0.00475307 0.999954 0.0082979 -0.0850088 -0.00297276 -0.00831215 0.999962 5.78323
0.999983 0.0045822 0.00382937 -0.0456993 -0.00462473 0.999928 0.0111652 -0.0955657 -0.00377799 -0.0111828 0.999932 6.42949
0.999982 0.0036585 0.00502094 -0.0401253 -0.00372498 0.999904 0.0132842 -0.105455 -0.00497196 -0.0133028 0.9999 7.04938
0.999972 0.0034903 0.0067809 -0.0397706 -0.00357854 0.999909 0.0130411 -0.11335 -0.00673481 -0.0130651 0.999893 7.63391
0.999965 0.00460108 0.00712968 -0.04603 -0.0046841 0.99992 0.011661 -0.118924 -0.00707556 -0.0116941 0.999908 8.19566
0.999957 0.00448195 0.00832773 -0.0433891 -0.0045637 0.999941 0.00982386 -0.123791 -0.00828326 -0.00986155 0.999918 8.72258
0.999951 0.00343787 0.00943978 -0.0404922 -0.00352197 0.999953 0.00889666 -0.125156 -0.00940885 -0.00892958 0.999917 9.22847
0.999937 0.000211203 0.0113663 -0.0320264 -0.000290892 0.999975 0.00700805 -0.133302 -0.0113646 -0.00701098 0.999912 9.70409
0.999909 -0.00186946 0.013503 -0.0264534 0.00178169 0.999976 0.00650041 -0.15058 -0.0135149 -0.00647587 0.999889 10.151
0.99988 0.00204334 0.0155515 -0.0312243 -0.00211314 0.999987 0.00447266 -0.139316 -0.0155423 -0.00450507 0.999871 10.5656
0.99982 0.00468313 0.0185312 -0.0311236 -0.00475939 0.99998 0.00406373 -0.150084 -0.0185119 -0.00415124 0.999822 10.9583
0.999759 0.00499047 0.0215217 -0.02672 -0.00508707 0.999977 0.00443523 -0.160845 -0.0214992 -0.00454376 0.999761 11.3112
0.999686 0.00473352 0.0247357 -0.0133057 -0.00485801 0.999975 0.00496459 -0.177579 -0.0247116 -0.0050833 0.999683 11.631
0.999622 0.000658215 0.0276113 -0.00392829 -0.000800157 0.999986 0.00512648 -0.189944 -0.0276077 -0.00514681 0.999608 11.931
0.999556 -7.58888e-05 0.0299506 0.00921089 -7.8413e-05 0.999985 0.00514016 -0.193106 -0.0299507 -0.00514035 0.999541 12.1895
0.999501 -0.000640301 0.0317098 0.0183086 0.000480249 0.999986 0.00504911 -0.183741 -0.0317127 -0.00503153 0.999488 12.4257
0.999425 -8.08741e-06 0.0340643 0.0253805 -0.000159621 0.999987 0.00490986 -0.181489 -0.034064 -0.00491267 0.999411 12.633
0.999347 0.000117104 0.036244 0.0299107 -0.000299727 0.999986 0.00502911 -0.181548 -0.036243 -0.00503689 0.999334 12.8184
0.99926 -7.3606e-05 0.0386144 0.0347885 -0.000115559 0.999987 0.00488628 -0.175961 -0.0386143 -0.0048873 0.999246 12.9925
0.999183 0.00200409 0.0404547 0.0394479 -0.00217171 0.999988 0.00409633 -0.181941 -0.040446 -0.00418099 0.999177 13.1617
0.99916 0.00256191 0.0410505 0.0419879 -0.00268794 0.99999 0.00300475 -0.187065 -0.0410425 -0.0031128 0.999156 13.3231
0.999068 0.00235976 0.0431876 0.0494936 -0.0024476 0.999994 0.00197723 -0.190399 -0.0431826 -0.00208122 0.999069 13.4765
0.999008 0.0015933 0.0446177 0.0611248 -0.0016376 0.999997 0.00094691 -0.192202 -0.0446162 -0.00101932 0.999007 13.6237
0.99893 0.00079659 0.0463189 0.0679735 -0.000802957 0.999998 0.000114695 -0.200307 -0.0463187 -0.000151901 0.998931 13.7634
0.998876 0.00118765 0.0475002 0.0745231 -0.00116413 0.999997 -0.00053256 -0.196745 -0.0475009 0.00047643 0.998875 13.8963
0.998802 0.00177601 0.0489922 0.0793118 -0.00168262 0.999995 -0.00195179 -0.19502 -0.0489954 0.0018669 0.998801 14.0232
0.998764 0.00220869 0.0497703 0.0834229 -0.0020226 0.999989 -0.00379797 -0.192366 -0.0497783 0.00369238 0.998757 14.1468
0.998716 0.00153773 0.0507272 0.0929983 -0.0012568 0.999982 -0.00557396 -0.195264 -0.0507348 0.00550295 0.998701 14.2728
0.998736 0.000810325 0.0503493 0.100411 -0.000475803 0.999975 -0.00666498 -0.200368 -0.0503536 0.00663238 0.998713 14.3985
0.998824 0.000789253 0.0485619 0.106708 -0.000436822 0.999972 -0.00727234 -0.206555 -0.0485663 0.00724247 0.998798 14.5269
0.998968 0.000525903 0.045537 0.101422 -0.000159161 0.999965 -0.00806702 -0.209565 -0.0455398 0.00805121 0.998933 14.6501
0.999134 0.00120754 0.0416953 0.102453 -0.00084681 0.99996 -0.00867375 -0.20748 -0.0417041 0.00863084 0.999097 14.7791
0.999348 0.00138991 0.0362141 0.101322 -0.00105731 0.999955 -0.00921409 -0.207457 -0.0362255 0.00916955 0.999304 14.9078
0.999567 0.00117399 0.0295635 0.101609 -0.000896985 0.999954 -0.00938978 -0.210089 -0.0295732 0.00935907 0.999523 15.0319
0.999758 0.00139076 0.0221782 0.0991612 -0.00118085 0.999952 -0.00949529 -0.213553 -0.0221905 0.00946657 0.999711 15.1615
0.999904 0.00114013 0.0141913 0.0929971 -0.000999403 0.999948 -0.00993572 -0.213339 -0.0142019 0.00992045 0.999855 15.2915
0.999995 0.000856507 0.00425205 0.0889238 -0.000810946 0.999939 -0.0108008 -0.212207 -0.00426118 0.010797 0.999935 15.4343
0.999968 0.000818525 -0.00855441 0.0786286 -0.000910193 0.99994 -0.0106924 -0.214607 0.00854513 0.0106998 0.999911 15.5823
0.999708 -0.000169103 -0.0243554 0.0641135 -0.000121643 0.999927 -0.0119192 -0.218733 0.0243555 0.0119185 0.999635 15.7366
0.999047 0.000266498 -0.0437705 0.034433 -0.000812737 0.99992 -0.0124573 -0.219333 0.0437637 0.0124809 0.998969 15.9179
0.997881 0.000881597 -0.0651364 0.00562469 -0.00167552 0.999923 -0.0121287 -0.226551 0.0651206 0.0122119 0.997806 16.1101
0.996077 0.00075218 -0.0885498 -0.0322915 -0.00177975 0.999931 -0.0115239 -0.228473 0.088535 0.0116361 0.996011 16.3143
0.993349 0.00112348 -0.115182 -0.0769816 -0.00242945 0.999933 -0.0111948 -0.232778 0.115161 0.0113999 0.993285 16.5489
0.989441 0.00103953 -0.144972 -0.137231 -0.00261977 0.999938 -0.0107084 -0.232883 0.144952 0.010975 0.989383 16.7809
0.983997 0.000978474 -0.178217 -0.198167 -0.00251099 0.99996 -0.00837168 -0.245326 0.178202 0.00868492 0.983959 17.0473
0.976674 0.00159593 -0.214752 -0.276477 -0.00283645 0.99998 -0.00546734 -0.24186 0.214739 0.00594874 0.976659 17.315
0.967199 0.00210384 -0.254035 -0.371887 -0.00259057 0.999994 -0.00157986 -0.245989 0.25403 0.00218588 0.967198 17.5774
0.955418 0.00530028 -0.295235 -0.494889 -0.00492855 0.999984 0.0020042 -0.242742 0.295241 -0.000459959 0.95543 17.871
0.941466 0.00860359 -0.337015 -0.631227 -0.00733231 0.999959 0.00504593 -0.242642 0.337044 -0.00227976 0.94149 18.1629
0.92507 0.0100162 -0.379684 -0.777584 -0.00709543 0.999932 0.00909203 -0.242612 0.379749 -0.0057169 0.925079 18.4472
0.906003 0.0126441 -0.423096 -0.954421 -0.00709257 0.999866 0.0146939 -0.249171 0.423225 -0.0103122 0.90597 18.7593
0.884335 0.0156774 -0.466606 -1.14952 -0.00748122 0.999782 0.0194136 -0.252093 0.466809 -0.0136774 0.884261 19.0598
0.859802 0.0195846 -0.510264 -1.35543 -0.00941691 0.999701 0.022503 -0.254281 0.510553 -0.0145433 0.859728 19.3486
0.832373 0.0202092 -0.553861 -1.59264 -0.00879191 0.99969 0.0232643 -0.251265 0.554158 -0.0144952 0.832294 19.6496
0.801846 0.0224883 -0.597117 -1.84632 -0.0108057 0.999673 0.0231392 -0.244647 0.597443 -0.0121021 0.801826 19.9299
0.768737 0.0231128 -0.63916 -2.13322 -0.00989275 0.999656 0.0242513 -0.243117 0.639499 -0.0123199 0.768703 20.2206
0.732228 0.0256212 -0.680585 -2.43914 -0.0110198 0.999606 0.0257754 -0.236811 0.680978 -0.0113739 0.732222 20.501
0.694044 0.0258051 -0.719481 -2.7506 -0.00933453 0.999595 0.0268481 -0.232192 0.719881 -0.0119178 0.694006 20.7622
0.653524 0.0262026 -0.75646 -3.11204 -0.00821894 0.999587 0.0275239 -0.224524 0.756869 -0.0117705 0.653468 21.0429
0.6113 0.0263916 -0.790969 -3.48601 -0.00643778 0.999576 0.0283774 -0.219566 0.791382 -0.0122551 0.611211 21.3076
0.567541 0.0264604 -0.822927 -3.87512 -0.00268849 0.999538 0.0302854 -0.207129 0.823347 -0.014976 0.567349 21.5541
0.520907 0.0267317 -0.853205 -4.31663 -0.00146309 0.999535 0.0304239 -0.180838 0.85362 -0.0145998 0.520704 21.8048
0.471984 0.0258071 -0.881236 -4.76358 -0.000290162 0.999576 0.0291175 -0.154511 0.881613 -0.0134876 0.471791 22.0025
0.420206 0.026175 -0.90706 -5.25145 0.0017136 0.999558 0.0296389 -0.151806 0.907435 -0.0140091 0.419977 22.2114
0.366681 0.0247897 -0.930023 -5.75752 0.00638724 0.999555 0.0291616 -0.129542 0.930332 -0.0166336 0.366359 22.3943
0.313235 0.0244974 -0.949369 -6.27387 0.00780429 0.999566 0.0283684 -0.127857 0.949651 -0.0162954 0.312909 22.5445
0.259558 0.0280784 -0.965327 -6.85161 0.00763231 0.999487 0.0311246 -0.0923112 0.965705 -0.0154466 0.25921 22.6793
0.208163 0.0325429 -0.977562 -7.43658 0.00975209 0.999327 0.0353448 -0.0683151 0.978053 -0.0168911 0.207706 22.781
0.160102 0.0341157 -0.986518 -8.0226 0.0136957 0.99923 0.0367783 -0.0704243 0.987013 -0.0193996 0.159511 22.8621
0.115091 0.0345511 -0.992764 -8.65568 0.0150374 0.999219 0.0365196 -0.0522666 0.993249 -0.0191322 0.114482 22.9303
0.075099 0.0334078 -0.996624 -9.29715 0.0156834 0.999276 0.0346788 -0.0211122 0.997061 -0.0182351 0.0745207 22.9543
0.0389396 0.029689 -0.998811 -9.96204 0.0116613 0.999477 0.030164 -0.00501855 0.999182 -0.0128225 0.0385735 22.9641
0.0108388 0.0286894 -0.999537 -10.637 0.00936868 0.999542 0.0287915 0.0246774 0.999906 -0.00967666 0.0105653 22.9514
-0.0107652 0.0321772 -0.999435 -11.3535 0.00873527 0.999447 0.032084 0.0457759 0.999912 -0.00838545 -0.0110398 22.9316
0.730501 0.00716961 -0.682887 -11.8594 0.0131102 0.999614 0.0245196 0.042949 0.682798 -0.0268648 0.730122 23.4534
0.994556 -0.0429791 0.0950265 -11.7976 0.0412631 0.998949 0.0199431 0.0293885 -0.0957816 -0.0159139 0.995284 24.178
0.55862 -0.0476465 0.828063 -11.1638 0.0164491 0.998791 0.0463728 0.0610845 -0.829269 -0.0122846 0.558728 24.6031
-0.382289 -0.0632139 0.921889 -10.4366 -0.00384252 0.997758 0.0668229 0.111416 -0.924044 0.0220027 -0.381674 24.3104
-0.981848 -0.0272399 0.18774 -10.3363 -0.0136749 0.997234 0.0731675 0.146349 -0.189214 0.0692715 -0.979497 23.6497
-0.669125 0.00163805 -0.74316 -10.804 -0.132601 0.983688 0.12156 0.25026 0.731237 0.179878 -0.657994 23.1315
0.38336 0.0489752 -0.922307 -11.4747 -0.212138 0.976573 -0.0363207 0.235863 0.898916 0.209579 0.384765 23.3981
0.993477 0.0443941 -0.105137 -11.6844 -0.0787958 0.933243 -0.350502 -0.0630178 0.0825575 0.356494 0.930652 24.2387
0.533704 0.0651083 0.843172 -10.9646 0.279636 0.927369 -0.248611 -0.269524 -0.798109 0.368463 0.476728 24.7915
-0.512905 0.117371 0.850394 -10.1308 0.377006 0.920769 0.100312 -0.223366 -0.77122 0.372054 -0.516521 24.3996
-0.987684 0.106551 -0.114774 -10.1288 0.0526233 0.916079 0.397548 0.159681 0.147518 0.386608 -0.910367 23.5037
-0.30515 0.106171 -0.946392 -11.0257 -0.386267 0.894555 0.2249 0.38793 0.870435 0.434188 -0.231936 23.2234
0.738718 0.1019 -0.666314 -11.6936 -0.373968 0.884378 -0.279347 0.139214 0.560777 0.45553 0.691376 23.8307
0.933929 0.105134 0.3417 -11.8349 0.0575788 0.899067 -0.434024 -0.150201 -0.352818 0.425023 0.833579 24.6087
0.14777 0.0975205 0.984221 -11.1903 0.439347 0.885092 -0.15367 -0.490178 -0.886082 0.455115 0.0879485 25.0743
-0.773867 0.112256 0.623338 -10.4401 0.381326 0.8684 0.317022 -0.471551 -0.505701 0.483027 -0.714809 24.8231
-0.924674 0.136976 -0.355329 -10.2628 -0.0550146 0.875252 0.480563 -0.189394 0.376819 0.463909 -0.801749 24.1631
-0.124266 0.134503 -0.983111 -10.8563 -0.420802 0.890132 0.174974 0.10559 0.898589 0.435439 -0.0540047 23.687
0.828454 0.0986467 -0.551349 -11.6249 -0.323411 0.887955 -0.327073 0.0167826 0.457285 0.449273 0.767489 23.9522
0.837359 0.0876716 0.539611 -11.8396 0.224605 0.844737 -0.485801 -0.455933 -0.498385 0.527986 0.687627 24.701
-0.129931 0.157085 0.979022 -11.1492 0.582615 0.811057 -0.0528243 -0.908738 -0.802304 0.563517 -0.19688 25.0542
-0.929421 0.218264 0.29758 -10.3799 0.336843 0.831175 0.442399 -0.886353 -0.150785 0.511411 -0.846001 24.5654
-0.676247 0.201779 -0.708527 -10.4455 -0.200654 0.874968 0.440693 -0.508144 0.708837 0.440181 -0.551189 23.698
0.297855 0.120813 -0.946947 -11.3011 -0.459278 0.887761 -0.0312009 -0.30968 0.836861 0.444206 0.319904 23.367
0.9786 0.0753789 -0.191603 -12.0513 -0.159302 0.866771 -0.472621 -0.611183 0.130443 0.493021 0.860186 23.8489
0.672817 0.084539 0.734985 -11.9712 0.361788 0.828971 -0.426545 -1.21811 -0.645309 0.55289 0.527142 24.5732
-0.303563 0.151272 0.940748 -11.1559 0.588934 0.805946 0.0604353 -1.6205 -0.749019 0.572373 -0.333723 24.7743
-0.95695 0.190668 0.218895 -10.4826 0.279944 0.805708 0.522014 -1.52515 -0.0768345 0.56081 -0.824372 24.2399
-0.671943 0.215961 -0.708443 -10.5694 -0.276452 0.814294 0.510435 -1.11842 0.687089 0.538824 -0.487434 23.4826
0.260846 0.215702 -0.940991 -11.3321 -0.557204 0.829623 0.0357161 -0.870088 0.788339 0.515001 0.336587 23.2003
0.946672 0.174891 -0.270688 -12.0933 -0.288704 0.833488 -0.471165 -1.09773 0.1432 0.52418 0.839487 23.5976
0.746598 0.166486 0.644133 -12.1601 0.251915 0.825358 -0.505318 -1.67288 -0.615746 0.539529 0.574245 24.2816
-0.115758 0.186693 0.975598 -11.5368 0.571882 0.815608 -0.0882221 -2.22169 -0.812133 0.547708 -0.201173 24.6743
-0.884816 0.199547 0.421081 -10.7142 0.391847 0.807664 0.440635 -2.29334 -0.252152 0.554871 -0.792798 24.3346
-0.848667 0.212905 -0.484231 -10.4432 -0.127103 0.806553 0.577379 -1.93715 0.513462 0.551542 -0.657398 23.5608
-0.127983 0.210522 -0.969191 -10.9668 -0.528258 0.812602 0.246267 -1.4844 0.83938 0.543494 0.00721589 22.9426
0.677756 0.193785 -0.709328 -11.885 -0.513553 0.815167 -0.267998 -1.3478 0.526252 0.545903 0.651968 22.8201
0.976995 0.180316 0.114024 -12.5748 -0.0814301 0.809181 -0.581911 -1.6967 -0.197186 0.559231 0.805215 23.3239
0.502481 0.187163 0.844119 -12.4896 0.427143 0.795119 -0.430568 -2.34811 -0.751719 0.5769 0.319564 23.9207
-0.34108 0.200503 0.918421 -11.7428 0.608075 0.792139 0.0528905 -2.90059 -0.716875 0.576499 -0.392087 24.1162
-0.889784 0.204352 0.408142 -10.8804 0.394603 0.793815 0.462815 -3.05744 -0.229396 0.572849 -0.786916 23.7324
-0.906979 0.215065 -0.362178 -10.4809 -0.0498952 0.798935 0.599376 -2.72721 0.418244 0.561684 -0.713848 22.9944
-0.359527 0.194798 -0.912606 -10.7674 -0.452515 0.818921 0.35307 -2.25782 0.816079 0.539894 -0.206262 22.267
0.449997 0.183872 -0.873917 -11.5743 -0.550824 0.827422 -0.109539 -1.9999 0.702922 0.530663 0.473599 21.9882
0.960562 0.156681 -0.229846 -12.3696 -0.256615 0.818063 -0.514764 -2.17916 0.107365 0.553432 0.825953 22.3447
0.814779 0.151153 0.559756 -12.6232 0.227597 0.804567 -0.54855 -2.73443 -0.533248 0.574336 0.621112 23.0493
0.0590937 0.168162 0.984014 -12.1148 0.593998 0.786325 -0.170051 -3.29674 -0.802302 0.594541 -0.0534215 23.5742
-0.703799 0.199922 0.681715 -11.1428 0.530397 0.786281 0.31699 -3.54014 -0.472619 0.584665 -0.659392 23.5133
-0.972824 0.215748 -0.0844204 -10.4003 0.126928 0.801185 0.584856 -3.35614 0.193807 0.55824 -0.80674 22.7806
-0.587699 0.202752 -0.783289 -10.4269 -0.334168 0.820856 0.463211 -2.89745 0.736848 0.533973 -0.414641 21.8405
0.185693 0.190509 -0.963993 -11.255 -0.55901 0.827325 0.055821 -2.39292 0.808119 0.528504 0.260108 21.2811
0.818184 0.159605 -0.552391 -12.397 -0.428156 0.81037 -0.400027 -2.37449 0.383776 0.563798 0.731339 21.3845
0.969595 0.151523 0.192351 -13.0938 -0.0055071 0.798864 -0.601549 -2.831 -0.244802 0.582183 0.775351 22.1801
0.552357 0.154677 0.819161 -12.9412 0.432556 0.786842 -0.440251 -3.54629 -0.712604 0.597495 0.367691 23.0733
-0.245316 0.178342 0.952933 -11.9797 0.625205 0.780369 0.0148955 -4.03727 -0.740936 0.599417 -0.302916 23.4711
-0.832131 0.195985 0.518831 -10.8058 0.452169 0.781456 0.430023 -4.05401 -0.321145 0.592421 -0.73886 23.1585
-0.97774 0.188636 -0.0923308 -10.1044 0.0936843 0.78521 0.612168 -3.63835 0.187966 0.589871 -0.785343 22.3215
-0.721243 0.184881 -0.667592 -10.1156 -0.295225 0.7898 0.537692 -3.07487 0.626637 0.58488 -0.51503 21.4
-0.125871 0.167323 -0.97787 -10.8104 -0.569339 0.795061 0.209329 -2.54243 0.81244 0.583067 -0.00481208 20.7265
0.497361 0.158495 -0.852981 -11.9637 -0.578407 0.793388 -0.189836 -2.32339 0.646619 0.587766 0.486252 20.4973
0.925741 0.142185 -0.350525 -13.046 -0.322479 0.781057 -0.534831 -2.61305 0.197722 0.608129 0.768849 20.8767
0.946894 0.145895 0.286655 -13.5017 0.0668491 0.7825 -0.619105 -3.22366 -0.314613 0.605364 0.731153 21.7133
0.564498 0.150158 0.811711 -13.1861 0.443871 0.773884 -0.451852 -3.99494 -0.695973 0.61534 0.370177 22.5859
-0.0697142 0.162807 0.984227 -12.1818 0.645718 0.75943 -0.0798929 -4.50852 -0.760412 0.629937 -0.158062 23.0166
-0.698015 0.179683 0.693234 -11.0429 0.549237 0.755547 0.357179 -4.57931 -0.459562 0.630036 -0.626028 22.8147
-0.982216 0.187777 -0.00752534 -10.2681 0.140814 0.761869 0.632297 -4.09911 0.12446 0.619969 -0.77472 22.009
-0.675871 0.196333 -0.710452 -10.4419 -0.339603 0.772556 0.53658 -3.33545 0.654171 0.603895 -0.455442 21.0507
0.0369842 0.191478 -0.980837 -11.4337 -0.608322 0.783032 0.129931 -2.6568 0.792861 0.591833 0.145429 20.5447
0.737165 0.181763 -0.650879 -12.7031 -0.507889 0.784409 -0.356154 -2.4837 0.445791 0.593084 0.670514 20.833
0.972644 0.1742 0.153922 -13.315 -0.0380164 0.772439 -0.634014 -3.00637 -0.229327 0.610788 0.757885 21.8381
0.433732 0.175597 0.883822 -12.7643 0.497907 0.770828 -0.3975 -3.7497 -0.751025 0.612432 0.246888 22.7262
-0.512356 0.167838 0.842257 -11.4595 0.60353 0.768119 0.21406 -4.00018 -0.610992 0.617975 -0.494817 22.7391
-0.989871 0.142255 0.00488282 -10.497 0.115519 0.782775 0.611572 -3.46537 0.0831701 0.6059 -0.791225 21.9403
-0.555652 0.138952 -0.819769 -10.7432 -0.431417 0.794679 0.427129 -2.59261 0.71076 0.590972 -0.381599 20.9437
0.336853 0.114602 -0.934618 -11.8559 -0.57826 0.808569 -0.109254 -2.12457 0.743132 0.577214 0.338611 20.5553
0.972036 0.133755 -0.19323 -12.9834 -0.21951 0.810494 -0.543139 -2.28802 0.0839692 0.570336 0.81714 21.1345
0.670605 0.139425 0.728668 -13.0788 0.35144 0.805326 -0.477547 -2.99248 -0.653352 0.576287 0.491034 22.2737
-0.247797 0.138058 0.958964 -12.0352 0.59448 0.803268 0.037961 -3.56635 -0.765031 0.579457 -0.281104 22.9294
-0.950957 0.114314 0.287627 -10.7031 0.25726 0.808664 0.529145 -3.38316 -0.172093 0.577144 -0.798359 22.4812
-0.782437 0.107543 -0.61345 -10.3433 -0.278878 0.820241 0.499514 -2.58523 0.556859 0.561885 -0.61176 21.3535
0.0181006 0.0798747 -0.996701 -11.3013 -0.557861 0.828097 0.0562486 -1.84821 0.829796 0.55496 0.059535 20.4928
0.767696 0.134879 -0.626526 -12.7773 -0.440301 0.821401 -0.362663 -1.69478 0.465697 0.554242 0.689931 20.6503
0.981078 0.132413 0.141663 -13.7533 -0.0434363 0.86207 -0.505038 -2.12425 -0.188984 0.489293 0.851453 21.7117
0.50349 0.103093 0.857884 -13.4655 0.363667 0.875384 -0.318645 -2.80075 -0.783778 0.472386 0.403233 22.9715
-0.350193 0.109218 0.930355 -12.195 0.482125 0.872596 0.0790257 -3.21002 -0.803135 0.476186 -0.358197 23.5177
-0.95043 0.12133 0.286443 -10.8956 0.240127 0.871584 0.42751 -3.03475 -0.197789 0.475073 -0.857465 22.9303
-0.820851 0.115239 -0.559501 -10.5334 -0.165852 0.889223 0.426495 -2.43184 0.546627 0.442843 -0.710761 21.6165
-0.179949 0.0930964 -0.979307 -11.2725 -0.410536 0.897607 0.160774 -1.82896 0.89395 0.430945 -0.123299 20.5704
0.567007 0.105987 -0.816944 -12.6796 -0.398958 0.903017 -0.159728 -1.57709 0.72073 0.416458 0.554257 20.4234
0.984687 0.0930624 -0.147722 -13.7084 -0.144405 0.90974 -0.389374 -1.77218 0.0981558 0.404713 0.909192 21.3291
0.813009 0.0807553 0.576728 -13.833 0.171269 0.913434 -0.369358 -2.24922 -0.556589 0.399037 0.72875 22.6544
0.193627 0.0755929 0.978211 -12.9342 0.3857 0.910933 -0.146752 -2.85872 -0.902119 0.405676 0.147211 23.7037
-0.574555 0.0793753 0.814691 -11.4149 0.375002 0.910274 0.175769 -3.09045 -0.727582 0.406463 -0.552718 23.816
-0.981515 0.085206 0.17168 -10.2424 0.144541 0.917399 0.370924 -2.80314 -0.125896 0.388855 -0.912696 22.8706
-0.865839 0.106578 -0.488963 -10.0446 -0.126221 0.899015 0.419488 -2.25677 0.484254 0.424882 -0.764896 21.4868
-0.391433 0.106823 -0.914047 -10.7913 -0.359578 0.896569 0.258775 -1.66127 0.847093 0.429934 -0.312515 20.3261
0.195006 0.128373 -0.972432 -12.163 -0.461439 0.886903 0.0245695 -1.25984 0.865536 0.443885 0.232164 19.7829
0.688393 0.137522 -0.712254 -13.8469 -0.41274 0.881741 -0.228658 -1.21089 0.596549 0.451345 0.663697 19.7519
0.95075 0.156269 -0.267939 -15.4232 -0.260459 0.871357 -0.415957 -1.443 0.168452 0.465219 0.869077 20.4207
0.977737 0.142629 0.154291 -16.511 -0.0515033 0.874605 -0.48221 -1.99781 -0.203692 0.463484 0.862414 21.5923
0.852516 0.127788 0.50697 -17.0167 0.12822 0.889006 -0.43972 -2.66493 -0.506854 0.439835 0.741457 22.9703
0.63401 0.124649 0.763292 -17.0078 0.262909 0.893463 -0.364301 -3.39828 -0.727323 0.431605 0.533648 24.3774
0.380059 0.127303 0.916237 -16.5692 0.358334 0.892944 -0.272719 -4.14798 -0.852799 0.431928 0.293743 25.7191
0.100582 0.122102 0.987465 -15.7222 0.408545 0.899903 -0.152901 -4.8577 -0.907225 0.418764 0.0406189 26.8934
-0.138999 0.119531 0.983131 -14.5397 0.435252 0.899111 -0.0477894 -5.53039 -0.889583 0.421224 -0.176974 27.8265
-0.317593 0.12636 0.939827 -13.173 0.443543 0.895832 0.0294259 -6.14815 -0.838152 0.426161 -0.340538 28.5528
-0.503173 0.122044 0.855618 -11.6942 0.426784 0.895999 0.12317 -6.63023 -0.751537 0.427094 -0.502877 28.9995
-0.663967 0.119159 0.73828 -10.1441 0.397851 0.892264 0.21377 -7.00819 -0.633226 0.435627 -0.639799 29.1529
-0.801108 0.121072 0.586281 -8.6315 0.342724 0.89577 0.28331 -7.13407 -0.490831 0.427845 -0.759033 28.9075
-0.910069 0.120275 0.396759 -7.2241 0.257461 0.914118 0.313396 -7.09484 -0.324975 0.387333 -0.862816 28.307
-0.982168 0.110528 0.152592 -6.02443 0.156662 0.929032 0.335394 -6.90443 -0.104682 0.353273 -0.9297 27.4154
-0.991069 0.119882 -0.0594209 -4.9697 0.090437 0.927438 0.363039 -6.61031 0.0986135 0.354398 -0.929927 26.3029
-0.95312 0.121741 -0.277293 -4.23152 0.0075143 0.924916 0.380272 -6.19824 0.302746 0.360312 -0.882401 25.0173
-0.879665 0.133275 -0.456679 -3.76104 -0.0660932 0.91645 0.394798 -5.77076 0.471096 0.377447 -0.7973 23.6671
-0.797231 0.139931 -0.587362 -3.5262 -0.128435 0.911272 0.391444 -5.32643 0.589974 0.387454 -0.708471 22.326
-0.697021 0.14354 -0.702629 -3.55542 -0.190214 0.907712 0.374149 -4.82404 0.691433 0.394412 -0.605345 21.0273
-0.64826 0.14133 -0.74829 -3.6467 -0.220627 0.905687 0.362211 -4.30383 0.728849 0.399843 -0.555901 19.7413
-0.593677 0.14128 -0.792285 -3.85595 -0.242727 0.907242 0.343668 -3.76342 0.767287 0.396311 -0.504271 18.5503
-0.536085 0.146732 -0.83141 -4.17572 -0.268339 0.904161 0.332615 -3.28825 0.800466 0.401352 -0.445303 17.4153
-0.479596 0.148804 -0.864862 -4.43273 -0.290555 0.903064 0.316508 -2.80456 0.828053 0.403054 -0.389832 16.2573
-0.418174 0.152664 -0.895537 -4.77525 -0.310999 0.902218 0.299047 -2.3201 0.85355 0.403507 -0.329786 15.1374
-0.351353 0.156144 -0.923206 -5.23126 -0.331106 0.901624 0.278511 -1.82959 0.8758 0.403501 -0.26506 14.0606
-0.278323 0.156815 -0.947686 -5.83098 -0.353449 0.90071 0.252867 -1.245 0.893168 0.40528 -0.195253 12.9928
-0.19642 0.162748 -0.966993 -6.5292 -0.369296 0.901305 0.226709 -0.691393 0.908376 0.401602 -0.116916 11.9798
-0.118828 0.170913 -0.978182 -7.37244 -0.390311 0.897812 0.204308 -0.214971 0.913059 0.406015 -0.03998 11.1354
-0.0524993 0.17964 -0.982412 -8.31086 -0.40289 0.896346 0.185435 0.145934 0.9138 0.405503 0.0253215 10.5491
0.0168341 0.183527 -0.982959 -9.30065 -0.416266 0.895134 0.160025 0.510564 0.909165 0.406422 0.0914484 10.0907
0.0834506 0.190853 -0.978147 -10.3444 -0.428274 0.89317 0.137736 0.84207 0.899849 0.407383 0.156264 9.81998
0.0824526 0.196556 -0.977114 -11.5504 -0.430434 0.89131 0.143001 1.02231 0.898929 0.408733 0.15807 10.0022
0.0839795 0.198481 -0.976582 -12.7491 -0.435707 0.888712 0.143156 1.20128 0.896225 0.413443 0.161103 10.1808
0.0833471 0.195101 -0.977329 -13.9416 -0.438096 0.888056 0.139945 1.37654 0.895137 0.41644 0.159464 10.3522
0.0844289 0.190416 -0.978148 -15.138 -0.440615 0.887605 0.134759 1.5306 0.893781 0.41957 0.15883 10.5241
0.0861235 0.190652 -0.977966 -16.3288 -0.441423 0.887306 0.134131 1.69568 0.893238 0.420084 0.16055 10.7024
0.0864592 0.190244 -0.978005 -17.5207 -0.439423 0.888318 0.133952 1.83742 0.894173 0.418137 0.160391 10.8831
0.0872233 0.186772 -0.978616 -18.7058 -0.435771 0.890539 0.131149 1.98219 0.895903 0.414954 0.15904 11.0674
0.0884589 0.185857 -0.97867 -19.9008 -0.43112 0.892874 0.130598 2.11462 0.898012 0.410333 0.1591 11.2468
0.0865917 0.186936 -0.978641 -21.0891 -0.430427 0.892934 0.132506 2.26996 0.898543 0.409701 0.157757 11.4351
0.087705 0.190662 -0.977813 -22.2813 -0.43137 0.892061 0.135251 2.4368 0.897966 0.409898 0.160474 11.6207
0.0883697 0.1925 -0.977404 -23.4756 -0.432195 0.891474 0.136527 2.59882 0.897522 0.410305 0.161951 11.8057
0.0902103 0.191083 -0.977503 -24.6619 -0.432786 0.891513 0.134335 2.75753 0.897036 0.410892 0.163112 11.986
0.0918125 0.191374 -0.977307 -25.8488 -0.433557 0.891224 0.133813 2.92201 0.896519 0.411374 0.16477 12.1684
0.0917809 0.192632 -0.977053 -27.031 -0.433139 0.891237 0.135027 3.06632 0.896707 0.410767 0.165225 12.3624
0.0925554 0.192831 -0.976951 -28.2061 -0.433675 0.891016 0.134809 3.21777 0.896385 0.411143 0.166067 12.5534
0.095003 0.193187 -0.976636 -29.3634 -0.43437 0.890799 0.133956 3.37473 0.895775 0.411456 0.168533 12.7418
0.0956004 0.194094 -0.976407 -30.4896 -0.434885 0.89048 0.134459 3.52448 0.895478 0.411712 0.169511 12.9254
0.0979687 0.195269 -0.975929 -31.5886 -0.435171 0.890332 0.134459 3.66584 0.895067 0.411483 0.172189 13.1031
0.0973372 0.196319 -0.97579 -32.6562 -0.435501 0.889999 0.135642 3.80579 0.894991 0.411696 0.1721 13.28
0.0977071 0.197305 -0.975546 -33.7021 -0.435999 0.889651 0.136267 3.94285 0.894693 0.411982 0.17294 13.4528
0.0986067 0.198058 -0.975311 -34.7239 -0.43599 0.889612 0.136602 4.07058 0.894614 0.411697 0.174046 13.6167
0.097948 0.19816 -0.975349 -35.7064 -0.436441 0.889343 0.13686 4.20077 0.894452 0.412236 0.173584 13.7868
0.100025 0.198355 -0.975107 -36.6631 -0.43714 0.889132 0.136051 4.32671 0.893895 0.412591 0.175617 13.9459
0.100644 0.19886 -0.974932 -37.5954 -0.437402 0.888976 0.136177 4.45216 0.893683 0.41269 0.176441 14.1067
0.100178 0.198986 -0.974962 -38.5096 -0.43713 0.889058 0.136564 4.57293 0.893882 0.412447 0.17602 14.2651
0.0977513 0.19884 -0.975231 -39.4116 -0.43657 0.889175 0.137538 4.68991 0.894412 0.41227 0.173715 14.4164
0.0919665 0.198527 -0.975864 -40.3153 -0.436196 0.889018 0.139778 4.82024 0.895221 0.412755 0.16833 14.5688
0.0870335 0.198333 -0.97635 -41.212 -0.436134 0.888741 0.141663 4.95549 0.895731 0.413446 0.163841 14.7118
0.0841123 0.19848 -0.976582 -42.1039 -0.436296 0.888454 0.143017 5.08286 0.895944 0.413991 0.1613 14.8466
0.0802948 0.199062 -0.97678 -43.0055 -0.436113 0.888187 0.145161 5.21275 0.896371 0.414286 0.158121 14.9825
0.0793937 0.199924 -0.976681 -43.9011 -0.435687 0.888198 0.14642 5.33717 0.896669 0.413845 0.157596 15.1173
0.0768556 0.200746 -0.976711 -44.7984 -0.434845 0.88828 0.148357 5.46306 0.897288 0.413272 0.155554 15.2536
0.0755929 0.201121 -0.976734 -45.6898 -0.434381 0.888353 0.149328 5.59531 0.897631 0.41293 0.15449 15.3849
0.0754119 0.201315 -0.976707 -46.5721 -0.434838 0.888095 0.149481 5.72223 0.897414 0.413393 0.154504 15.5146
0.0739546 0.201297 -0.976824 -47.459 -0.435529 0.887682 0.149978 5.85431 0.897212 0.414287 0.153293 15.6399
0.0744777 0.201429 -0.976756 -48.3431 -0.437049 0.886989 0.149596 5.9885 0.896418 0.415704 0.154087 15.7668
0.0742994 0.201358 -0.976785 -49.2338 -0.438255 0.886433 0.149421 6.11723 0.895855 0.416921 0.154082 15.8878
0.0749893 0.200817 -0.976842 -50.1238 -0.438685 0.886358 0.148543 6.24582 0.895576 0.417342 0.154554 16.0187
0.0764166 0.200252 -0.976849 -51.0141 -0.439168 0.886325 0.147364 6.36976 0.89523 0.417682 0.155648 16.1519
0.0763355 0.200547 -0.976793 -51.9122 -0.439129 0.886287 0.147652 6.50086 0.895245 0.417622 0.155713 16.2874
0.0769294 0.202114 -0.976425 -52.8208 -0.438584 0.88635 0.148939 6.63214 0.895472 0.41673 0.156804 16.4248
0.0777376 0.202906 -0.976196 -53.7306 -0.438672 0.88624 0.149281 6.76369 0.895349 0.41658 0.157895 16.5722
0.0784808 0.199435 -0.976853 -54.6517 -0.434343 0.888827 0.146593 6.8911 0.897402 0.412728 0.156353 16.7125
0.0796041 0.197462 -0.977162 -55.5718 -0.433287 0.889677 0.144491 7.00064 0.897804 0.411844 0.156371 16.8487
0.0786367 0.198209 -0.97709 -56.5019 -0.43672 0.887923 0.144999 7.14434 0.896233 0.415256 0.15636 16.9843
0.0798706 0.200393 -0.976543 -57.4394 -0.436996 0.887549 0.146395 7.28472 0.895982 0.415006 0.158451 17.1282
0.0826694 0.200826 -0.976223 -58.3813 -0.436454 0.887934 0.145729 7.40874 0.896001 0.413972 0.16103 17.2778
0.0840867 0.201885 -0.975882 -59.3362 -0.436318 0.887931 0.1461 7.54172 0.895928 0.413463 0.16274 17.4257
0.0861675 0.205332 -0.974983 -60.2966 -0.436863 0.88731 0.148284 7.6924 0.895472 0.413099 0.166132 17.5849
0.0872405 0.208846 -0.974139 -61.2702 -0.435216 0.887597 0.151321 7.82657 0.896162 0.410713 0.168318 17.7431
0.0882595 0.209792 -0.973846 -62.2397 -0.434663 0.887782 0.151884 7.96012 0.896339 0.409832 0.169517 17.9004
0.0908231 0.21046 -0.973464 -63.2222 -0.436519 0.887004 0.151047 8.11391 0.895172 0.41117 0.17242 18.0626
0.0929656 0.21132 -0.973077 -64.2074 -0.437879 0.886404 0.150689 8.27092 0.894295 0.412024 0.17491 18.2249
0.0969984 0.212151 -0.972502 -65.2049 -0.438887 0.886092 0.149532 8.41033 0.893365 0.412267 0.179049 18.3962
0.0987956 0.211368 -0.972492 -66.1973 -0.440727 0.885493 0.147711 8.56054 0.89227 0.413953 0.18061 18.5658
0.101105 0.211321 -0.972265 -67.1994 -0.441056 0.885504 0.146605 8.69851 0.891842 0.413952 0.182722 18.7435
0.103822 0.211219 -0.972 -68.2093 -0.44099 0.885745 0.145398 8.84194 0.891569 0.41349 0.185076 18.9265
0.104706 0.212875 -0.971544 -69.2316 -0.441615 0.885263 0.146381 8.98678 0.89115 0.413673 0.18669 19.1099
0.106699 0.214463 -0.970978 -70.2598 -0.442701 0.884664 0.146777 9.14188 0.890381 0.414135 0.189307 19.2955
0.107313 0.215322 -0.970721 -71.2955 -0.442869 0.884493 0.147243 9.28715 0.890217 0.414053 0.190265 19.4838
0.108343 0.213012 -0.971116 -72.3342 -0.442023 0.885312 0.144903 9.43864 0.890521 0.413498 0.190044 19.6796
0.109737 0.211984 -0.971184 -73.3828 -0.440915 0.886068 0.143591 9.58415 0.890891 0.412404 0.19069 19.8735
0.109184 0.211352 -0.971384 -74.4313 -0.438918 0.887052 0.143694 9.72671 0.891953 0.410611 0.189589 20.0737
0.110166 0.211406 -0.971262 -75.492 -0.439815 0.886691 0.143118 9.88577 0.891381 0.411361 0.190651 20.2722
0.109753 0.211831 -0.971216 -76.5639 -0.439444 0.886777 0.143781 10.0286 0.891623 0.410957 0.190385 20.471
0.109427 0.212757 -0.97105 -77.639 -0.440698 0.886033 0.144475 10.1908 0.891037 0.412082 0.190705 20.6735
0.110323 0.214086 -0.970657 -78.7229 -0.440581 0.885956 0.145355 10.3489 0.890992 0.411559 0.192035 20.8751
0.108324 0.215637 -0.970539 -79.8141 -0.440846 0.885455 0.147536 10.5093 0.891099 0.411828 0.190966 21.0833
0.107577 0.217076 -0.970302 -80.9141 -0.441507 0.884883 0.149042 10.6707 0.890869 0.412303 0.191004 21.2884
0.108053 0.218238 -0.969989 -82.0247 -0.442544 0.884251 0.149657 10.8406 0.89029 0.413043 0.192114 21.4916
0.105329 0.218394 -0.970253 -83.1324 -0.443422 0.883629 0.150785 11.0175 0.890187 0.414291 0.189883 21.6963
0.106009 0.215269 -0.970877 -84.2574 -0.442598 0.884535 0.147804 11.1786 0.890508 0.413991 0.189034 21.9025
0.103773 0.210042 -0.972262 -85.3728 -0.440091 0.886335 0.144532 11.34 0.892021 0.412827 0.184387 22.1137
0.102554 0.206079 -0.97324 -86.5084 -0.43641 0.888526 0.142162 11.4973 0.89396 0.410103 0.181045 22.3233
0.102756 0.205848 -0.973267 -87.6608 -0.431557 0.89079 0.142866 11.6535 0.896298 0.405282 0.18034 22.5352
0.099749 0.20895 -0.97292 -88.8138 -0.426824 0.892243 0.14787 11.8099 0.898892 0.400467 0.178175 22.7425
0.0980255 0.210666 -0.972724 -89.9782 -0.424556 0.892876 0.150615 11.9803 0.900162 0.398154 0.176936 22.9474
0.0976535 0.211085 -0.972671 -91.1502 -0.423979 0.893034 0.151243 12.1529 0.900467 0.397575 0.176693 23.1507
0.0941687 0.211562 -0.972911 -92.3224 -0.423602 0.892891 0.153187 12.3374 0.901023 0.397645 0.173673 23.3571
0.0922389 0.212906 -0.972803 -93.5067 -0.42288 0.892855 0.155319 12.5163 0.901555 0.397004 0.172379 23.5546
0.0913751 0.213617 -0.972728 -94.6966 -0.422556 0.892829 0.156403 12.6965 0.901801 0.396684 0.17182 23.7573
0.0878506 0.213302 -0.973122 -95.8924 -0.422334 0.892721 0.157558 12.8903 0.902249 0.397093 0.168501 23.9538
0.0869016 0.213647 -0.973132 -97.0962 -0.422485 0.892537 0.15825 13.08 0.902277 0.397323 0.167798 24.1503
0.083409 0.214498 -0.973251 -98.3113 -0.422228 0.892253 0.160469 13.2796 0.90272 0.397501 0.16498 24.3443
0.0812201 0.215485 -0.973218 -99.5321 -0.42218 0.891957 0.162285 13.4737 0.902948 0.397635 0.163391 24.5342
0.0803089 0.216871 -0.972986 -100.751 -0.422761 0.891396 0.163798 13.6701 0.902753 0.398137 0.163262 24.7245
0.0767414 0.218338 -0.972946 -101.981 -0.422758 0.890887 0.166603 13.8728 0.90307 0.398477 0.160645 24.9126
0.0751995 0.219322 -0.972845 -103.208 -0.423313 0.890349 0.16801 14.0751 0.902934 0.399134 0.159787 25.0983
0.0756315 0.220015 -0.972655 -104.426 -0.424127 0.889908 0.168344 14.2841 0.902522 0.399739 0.160593 25.2845
0.074621 0.220772 -0.972562 -105.66 -0.424047 0.889729 0.169441 14.4938 0.902638 0.399719 0.160001 25.4703
0.076037 0.220718 -0.972465 -106.88 -0.423984 0.889881 0.168849 14.6899 0.902555 0.399412 0.161218 25.6602
0.0750123 0.2203 -0.972639 -108.111 -0.423009 0.8903 0.169034 14.8895 0.903093 0.398706 0.159963 25.85
0.0751092 0.220535 -0.972578 -109.334 -0.421784 0.890812 0.169447 15.0904 0.903663 0.397433 0.1599 26.038
0.0763861 0.2212 -0.972328 -110.549 -0.421892 0.890741 0.169503 15.2949 0.9035 0.39722 0.161353 26.2327
0.075628 0.22161 -0.972294 -111.778 -0.421528 0.890776 0.170268 15.5037 0.903739 0.396913 0.160756 26.4253
0.0772928 0.22219 -0.972031 -112.993 -0.421531 0.890796 0.17011 15.7027 0.903592 0.396543 0.162502 26.6183
0.0765588 0.222911 -0.971923 -114.22 -0.420387 0.891119 0.171291 15.9093 0.90419 0.395412 0.161905 26.8121
0.0771458 0.224207 -0.971579 -115.437 -0.417102 0.892359 0.172815 16.1011 0.905658 0.391867 0.162349 27.0022
0.0790419 0.227676 -0.970619 -116.642 -0.413826 0.893297 0.175865 16.2986 0.906999 0.38771 0.1648 27.1961
0.0786563 0.229704 -0.970173 -117.864 -0.411634 0.893825 0.178262 16.5068 0.908026 0.385287 0.164849 27.3865
0.078554 0.229479 -0.970234 -119.068 -0.412137 0.89365 0.178023 16.7215 0.90781 0.385827 0.16475 27.5799
0.0796341 0.229363 -0.970175 -120.266 -0.413611 0.893122 0.177205 16.9358 0.907043 0.387114 0.16598 27.7708
0.0771296 0.232816 -0.969553 -121.473 -0.418103 0.890363 0.180566 17.1565 0.9052 0.391389 0.165988 27.9575
0.0775992 0.238577 -0.968116 -122.675 -0.422338 0.887468 0.184859 17.3868 0.90319 0.394477 0.169617 28.1509
0.0761269 0.238987 -0.96813 -123.874 -0.423833 0.886618 0.185565 17.6144 0.902617 0.396141 0.168759 28.3351
0.0760885 0.233216 -0.969541 -125.066 -0.424716 0.88731 0.180114 17.8251 0.902203 0.398024 0.166555 28.5235
0.0772778 0.227692 -0.970758 -126.261 -0.423616 0.888907 0.174798 18.0192 0.902622 0.397662 0.16512 28.7117
0.0767414 0.226359 -0.971115 -127.457 -0.419612 0.890853 0.1745 18.2069 0.904533 0.39405 0.163339 28.8985
0.0783205 0.226255 -0.971011 -128.66 -0.41614 0.892505 0.174423 18.3906 0.906004 0.390357 0.164028 29.0866
0.0808603 0.227579 -0.970496 -129.855 -0.416316 0.892383 0.174583 18.6001 0.905698 0.389865 0.166893 29.2865
0.0808533 0.229108 -0.970133 -131.055 -0.416557 0.892007 0.175967 18.8069 0.905589 0.389831 0.167531 29.4855
0.0828182 0.230268 -0.969696 -132.251 -0.417335 0.89161 0.176092 19.0144 0.905052 0.390053 0.16993 29.6793
0.0824781 0.23101 -0.969545 -133.443 -0.417546 0.891362 0.176888 19.2236 0.904987 0.390183 0.169948 29.8739
0.0831521 0.231338 -0.969413 -134.637 -0.417643 0.891309 0.176885 19.4287 0.90488 0.390109 0.17072 30.0696
0.0841585 0.230924 -0.969422 -135.823 -0.418218 0.891219 0.176016 19.6442 0.904522 0.390558 0.171553 30.2696
0.0833343 0.230841 -0.969515 -137.02 -0.418358 0.891104 0.176221 19.8484 0.904532 0.390868 0.170823 30.4667
0.0832124 0.23097 -0.969493 -138.213 -0.418958 0.890817 0.176293 20.0529 0.904267 0.391449 0.170866 30.6637
0.0842594 0.231194 -0.969352 -139.403 -0.419535 0.890604 0.175954 20.2567 0.903902 0.391799 0.172025 30.8604
0.0835837 0.231746 -0.969276 -140.595 -0.419772 0.890352 0.176704 20.4634 0.903855 0.392047 0.171672 31.062
0.0847826 0.232222 -0.969061 -141.79 -0.41973 0.890374 0.176653 20.6746 0.903763 0.391714 0.172948 31.2608
0.0838482 0.232069 -0.969175 -142.982 -0.419928 0.890246 0.176866 20.8826 0.903758 0.392095 0.17207 31.4625
0.0846719 0.231133 -0.969331 -144.165 -0.420486 0.890235 0.175553 21.096 0.903422 0.392673 0.172555 31.6655
0.08345 0.230404 -0.969607 -145.351 -0.420794 0.89014 0.175331 21.3094 0.903392 0.393315 0.171208 31.8669
0.0831851 0.230326 -0.969652 -146.543 -0.42157 0.889791 0.175201 21.5118 0.903055 0.394149 0.171105 32.0612
0.0826844 0.230681 -0.969607 -147.734 -0.422307 0.889369 0.175606 21.723 0.902756 0.394893 0.170928 32.2559
0.0831945 0.23147 -0.969378 -148.928 -0.423082 0.888923 0.175958 21.9289 0.902347 0.395435 0.171873 32.4483
0.0818386 0.232071 -0.969347 -150.132 -0.423532 0.888512 0.176988 22.138 0.902259 0.396006 0.170977 32.6416
0.0824937 0.232581 -0.969172 -151.317 -0.424024 0.888251 0.17708 22.3491 0.901969 0.396291 0.171884 32.8309
0.08141 0.232414 -0.969301 -152.512 -0.423832 0.888283 0.177418 22.5568 0.902158 0.396318 0.170793 33.0284
0.0807543 0.23224 -0.9694 -153.704 -0.423292 0.888496 0.177606 22.7654 0.90247 0.395944 0.170045 33.2314
0.0808978 0.232428 -0.969341 -154.897 -0.422203 0.888954 0.177945 22.9791 0.902967 0.394804 0.170019 33.4336
0.0792821 0.233516 -0.969215 -156.104 -0.42134 0.888995 0.179732 23.1977 0.903513 0.394068 0.16886 33.6439
0.0787714 0.234263 -0.969074 -157.306 -0.421027 0.888956 0.180699 23.4157 0.903704 0.393713 0.168628 33.8451
0.0787994 0.233905 -0.96916 -158.51 -0.422078 0.888561 0.180145 23.6322 0.903211 0.394814 0.168734 34.0424
0.0778815 0.234066 -0.969192 -159.714 -0.42236 0.888337 0.180626 23.8498 0.903159 0.395221 0.168018 34.2397
0.0794622 0.23436 -0.968996 -160.918 -0.422776 0.888225 0.180166 24.0685 0.902827 0.395299 0.169652 34.4355
0.0796294 0.234811 -0.96887 -162.124 -0.42206 0.888472 0.180665 24.2833 0.903147 0.394476 0.169826 34.641
0.080106 0.235364 -0.9687 -163.329 -0.421713 0.888555 0.181028 24.4974 0.903267 0.393959 0.170424 34.8481
0.0815286 0.23582 -0.968467 -164.535 -0.421152 0.888833 0.181003 24.7181 0.903401 0.393056 0.171754 35.0526
0.0811276 0.236378 -0.968368 -165.745 -0.420676 0.8889 0.181747 24.9338 0.903659 0.392572 0.171542 35.2681
0.0827344 0.236453 -0.968211 -166.955 -0.420754 0.888986 0.181179 25.158 0.903478 0.392329 0.173011 35.4774
0.0823705 0.236343 -0.968272 -168.168 -0.420964 0.888883 0.181164 25.3788 0.903412 0.392633 0.172699 35.6871
0.0831872 0.23709 -0.968016 -169.384 -0.42164 0.888518 0.181414 25.6036 0.903024 0.393003 0.173853 35.8931
0.0856875 0.238859 -0.967366 -170.603 -0.422968 0.88781 0.18176 25.8282 0.902168 0.393538 0.177092 36.0984
0.0861944 0.239946 -0.967049 -171.826 -0.42396 0.887217 0.182378 26.0461 0.901654 0.39421 0.178173 36.3083
0.087713 0.241134 -0.96662 -173.048 -0.425557 0.886415 0.182519 26.2715 0.900755 0.39529 0.180354 36.5197
0.0903648 0.243025 -0.965899 -174.27 -0.426864 0.885707 0.182941 26.4985 0.899874 0.395716 0.183747 36.7314
0.0895963 0.246233 -0.96516 -175.493 -0.427817 0.884607 0.185978 26.7215 0.899498 0.396196 0.184588 36.9501
0.0895033 0.248087 -0.964692 -176.715 -0.429024 0.883711 0.187485 26.9422 0.898933 0.397035 0.185502 37.1656
0.0902335 0.248933 -0.964408 -177.927 -0.430923 0.882765 0.18755 27.1666 0.897951 0.398609 0.186913 37.3807
0.0887334 0.250589 -0.964117 -179.144 -0.433053 0.881366 0.189253 27.3941 0.897076 0.40066 0.186696 37.5944
