1 0 0 0 0 1 0 0 0 0 1 0
0.999936 -0.000261328 0.0113697 0.00832903 0.00025714 1 0.00037558 -0.00406799 -0.0113696 -0.000372523 0.999937 0.294875
0.999849 -0.00266241 0.0171557 0.0172881 0.00264992 0.999996 0.000750425 -0.00858773 -0.0171577 -0.000704847 0.999853 0.590135
0.999814 -0.00458136 0.0187451 0.0301673 0.00458621 0.99999 -0.000214073 -0.0103594 -0.0187438 0.000300101 0.999827 0.890162
0.999846 -0.00616843 0.0164139 0.0383492 0.00619619 0.999979 -0.00163909 -0.0146302 -0.0164034 0.00174054 0.999864 1.19778
0.999925 -0.00862542 0.00873643 0.0416692 0.00864847 0.999959 -0.00259899 -0.0115829 -0.00871348 0.00267448 0.999961 1.51964
0.999949 -0.00957466 -0.00320705 0.0411102 0.00956107 0.999945 -0.00422951 -0.00983164 0.0032474 0.00419866 0.999986 1.84157
0.999763 -0.0081534 -0.0202442 0.027303 0.00805845 0.999957 -0.00476862 -0.0115749 0.0202824 0.00460447 0.999786 2.1726
0.999183 -0.00527918 -0.0401022 0.000620585 0.00510432 0.999977 -0.00446282 -0.0114781 0.0401249 0.00425447 0.999186 2.53472
0.998173 -0.00171168 -0.0604144 -0.0313444 0.00136391 0.999983 -0.00579801 -0.0167233 0.0604234 0.00570511 0.99816 2.88164
0.996783 -0.00115004 -0.0801551 -0.0733628 0.00071822 0.999985 -0.0054169 -0.0250911 0.0801604 0.00534193 0.996768 3.24167
0.994821 -0.00195331 -0.101631 -0.11971 0.00147572 0.999988 -0.00477553 -0.037152 0.101639 0.0046009 0.994814 3.62935
0.992552 -0.00254035 -0.121812 -0.167659 0.00207616 0.99999 -0.00393841 -0.0416177 0.121821 0.00365619 0.992546 4.01675
0.990233 -0.00260767 -0.139404 -0.234943 0.00210015 0.999991 -0.00378842 -0.0393248 0.139413 0.00345874 0.990232 4.41109
0.987781 -0.00116062 -0.155855 -0.296299 0.000726426 0.999996 -0.00284361 -0.0391501 0.155858 0.00269578 0.987777 4.83366
0.985475 -0.00117483 -0.169825 -0.372944 0.000618481 0.999995 -0.00332965 -0.044619 0.169828 0.00317632 0.985472 5.25458
0.983065 -0.00186499 -0.183258 -0.462911 0.00121709 0.999993 -0.00364873 -0.0392672 0.183264 0.00336395 0.98306 5.69236
0.98113 -0.00397061 -0.193314 -0.550003 0.00299951 0.999982 -0.0053164 -0.0478561 0.193331 0.00463627 0.981126 6.14803
0.979452 -0.00347666 -0.201658 -0.646749 0.00194611 0.999969 -0.00778825 -0.057046 0.201679 0.00723584 0.979427 6.59989
0.977715 -0.00320519 -0.209918 -0.751522 0.00134921 0.99996 -0.00898467 -0.0511312 0.209937 0.00850121 0.977682 7.08044
0.975997 -0.00411063 -0.217757 -0.86217 0.00162608 0.999932 -0.0115882 -0.0619957 0.21779 0.010956 0.975936 7.55433
0.973968 -0.00787022 -0.226557 -0.97715 0.00500276 0.999901 -0.0132285 -0.0689508 0.226638 0.0117507 0.973912 8.06509
0.971904 -0.012661 -0.235047 -1.0962 0.00965659 0.999857 -0.0139293 -0.082715 0.23519 0.0112682 0.971886 8.57191
0.969756 -0.0138444 -0.243688 -1.22957 0.0103958 0.999828 -0.0154328 -0.0986949 0.24386 0.0124327 0.969735 9.09292
0.967368 -0.0107091 -0.253159 -1.3844 0.00589445 0.999788 -0.0197699 -0.0940318 0.253318 0.0176326 0.967224 9.62411
0.965038 -0.00842685 -0.261982 -1.54922 0.00263063 0.999744 -0.022468 -0.101168 0.262104 0.0209934 0.964815 10.1616
0.962417 -0.0107411 -0.271375 -1.71512 0.00421837 0.999689 -0.0246088 -0.122741 0.271555 0.0225392 0.962161 10.7216
0.959933 -0.0122377 -0.27997 -1.8763 0.00524033 0.999655 -0.0257289 -0.142905 0.280189 0.0232309 0.959669 11.2846
0.957534 -0.0123331 -0.288067 -2.0672 0.00439615 0.999594 -0.0281846 -0.164358 0.288298 0.0257213 0.957197 11.8617
0.954878 -0.0124434 -0.296748 -2.25606 0.00325773 0.999501 -0.0314296 -0.184248 0.29699 0.0290446 0.954444 12.4494
0.952455 -0.0136425 -0.304384 -2.45536 0.00296247 0.999366 -0.035523 -0.211286 0.304675 0.0329323 0.951889 13.0352
0.950324 -0.0143618 -0.310941 -2.66373 0.00141129 0.999124 -0.0418353 -0.228366 0.311269 0.0393181 0.949513 13.6454
0.948844 -0.0154099 -0.315377 -2.87726 3.85326e-06 0.99881 -0.0487933 -0.25515 0.315754 0.046296 0.947714 14.26
0.94757 -0.0161065 -0.319152 -3.09797 -0.0021503 0.998386 -0.0567704 -0.290639 0.319551 0.05448 0.946006 14.8845
0.94598 -0.0158026 -0.323852 -3.32547 -0.00584588 0.997819 -0.0657668 -0.323177 0.324185 0.0641071 0.943822 15.528
0.944656 -0.0154158 -0.327712 -3.56268 -0.00856237 0.997398 -0.0716012 -0.372914 0.327963 0.0704442 0.942066 16.1703
0.942738 -0.0132177 -0.333283 -3.80291 -0.01337 0.996915 -0.077357 -0.421724 0.333278 0.0773832 0.939651 16.8295
0.940994 -0.0120345 -0.338223 -4.05626 -0.0169164 0.996447 -0.0825204 -0.481028 0.338015 0.0833724 0.937447 17.4954
0.93935 -0.00989717 -0.34283 -4.32067 -0.0213012 0.995972 -0.087119 -0.534148 0.342312 0.0891378 0.935352 18.1664
0.937231 -0.00733862 -0.348646 -4.59032 -0.0257595 0.995591 -0.0902042 -0.595899 0.347771 0.0935227 0.93291 18.8639
0.935382 -0.00664025 -0.353588 -4.86486 -0.0273702 0.995467 -0.0911011 -0.658698 0.35259 0.0948921 0.930957 19.5501
0.93285 -0.00598513 -0.360229 -5.14788 -0.0284234 0.995523 -0.0901469 -0.729872 0.359157 0.094332 0.928503 20.2637
0.930381 -0.00603407 -0.366557 -5.43511 -0.0286213 0.995618 -0.0890361 -0.799228 0.365488 0.0933286 0.926129 20.9788
0.927687 -0.00557897 -0.373331 -5.72493 -0.0291823 0.995746 -0.0873962 -0.867669 0.372231 0.0919704 0.923578 21.6944
0.924812 -0.0055696 -0.380395 -6.02339 -0.029063 0.995938 -0.0852409 -0.932645 0.379325 0.0898871 0.92089 22.3976
0.920629 -0.00331675 -0.390436 -6.36594 -0.0299665 0.996414 -0.079125 -1.00347 0.389299 0.0845443 0.917229 23.2034
0.917299 -0.000171272 -0.398209 -6.69492 -0.0318362 0.996769 -0.0737663 -1.06831 0.396936 0.080343 0.914327 23.9206
0.913576 0.00102312 -0.406679 -7.03973 -0.0327381 0.996937 -0.0710367 -1.13734 0.405361 0.0782109 0.91081 24.6666
0.909776 0.0019276 -0.415106 -7.38646 -0.0336766 0.997037 -0.0691793 -1.19839 0.413743 0.0769168 0.907143 25.4029
0.905474 0.00272495 -0.424406 -7.7555 -0.0347952 0.997091 -0.067835 -1.26165 0.422986 0.0761898 0.902933 26.1709
0.901563 0.00276386 -0.432651 -8.1202 -0.0350461 0.997161 -0.0666605 -1.31631 0.431239 0.075261 0.899098 26.9159
0.897256 0.00299836 -0.441511 -8.51424 -0.0354227 0.997244 -0.0652163 -1.37708 0.440099 0.0741549 0.894888 27.6961
0.893243 0.00302567 -0.449575 -8.91074 -0.0350118 0.99741 -0.062852 -1.43586 0.448221 0.0718822 0.891033 28.4745
0.88959 0.00346951 -0.456757 -9.31464 -0.0342921 0.997657 -0.059211 -1.4927 0.455482 0.0683365 0.887623 29.2469
0.885482 0.00481437 -0.464661 -9.74266 -0.0338292 0.997963 -0.0541276 -1.54771 0.463454 0.0636478 0.883838 30.0527
0.881848 0.0054663 -0.471512 -10.1694 -0.0330851 0.998187 -0.0503069 -1.60022 0.470382 0.0599628 0.880429 30.8376
0.877924 0.00488569 -0.478786 -10.6188 -0.0317824 0.99834 -0.0480913 -1.65253 0.477755 0.0574372 0.876619 31.6541
0.874339 0.00473852 -0.485302 -11.0775 -0.0312115 0.998433 -0.0464844 -1.70253 0.484321 0.0557899 0.873115 32.4709
0.871301 0.0044934 -0.49074 -11.5375 -0.0304779 0.998526 -0.044971 -1.74679 0.489814 0.0541397 0.870151 33.2723
0.867925 0.00381085 -0.496689 -12.0225 -0.0292485 0.998629 -0.0434486 -1.79632 0.495843 0.0522373 0.866845 34.1131
0.865214 0.00254343 -0.501409 -12.5131 -0.0279569 0.998679 -0.0431767 -1.84545 0.500636 0.0513746 0.864138 34.955
0.863308 0.00215416 -0.504682 -13.0055 -0.0276396 0.998694 -0.0430186 -1.88962 0.503929 0.0510873 0.862238 35.7855
0.861669 0.0021486 -0.507478 -13.5234 -0.0278075 0.998691 -0.0429882 -1.93067 0.506721 0.0511529 0.860597 36.6491
0.861362 0.0023168 -0.507995 -14.0363 -0.0274182 0.998746 -0.0419368 -1.97817 0.50726 0.0500509 0.860344 37.4991
0.860827 0.00269605 -0.508902 -14.5701 -0.0270007 0.998822 -0.0403824 -2.02181 0.508194 0.0485028 0.859882 38.3859
0.860512 0.00215744 -0.509435 -15.1018 -0.025858 0.998889 -0.0394491 -2.06715 0.508783 0.0471192 0.85961 39.2764
0.860262 0.000590173 -0.509864 -15.6306 -0.0242398 0.998918 -0.0397432 -2.1119 0.509289 0.0465483 0.859342 40.1621
0.858919 -0.000633874 -0.512122 -16.1813 -0.0226692 0.998974 -0.0392581 -2.15717 0.511621 0.0453286 0.858021 41.0823
0.857711 -0.00112329 -0.514144 -16.7245 -0.0213292 0.999062 -0.0377662 -2.20198 0.513704 0.0433585 0.856878 41.9767
0.855196 7.14432e-05 -0.518316 -17.2843 -0.0205488 0.99922 -0.0337683 -2.24795 0.517909 0.0395291 0.854529 42.8999
0.852338 0.000535798 -0.523004 -17.8418 -0.0190597 0.99937 -0.0300392 -2.29105 0.522658 0.0355716 0.851807 43.8091
0.848511 0.000144277 -0.529188 -18.398 -0.0180632 0.999427 -0.0286921 -2.32789 0.52888 0.0339042 0.848026 44.6899
0.843033 -0.00179599 -0.537873 -18.9751 -0.0168649 0.999418 -0.0297717 -2.36487 0.537612 0.0341693 0.842506 45.6004
0.837229 -0.00369935 -0.546851 -19.5445 -0.0161582 0.999375 -0.0315004 -2.40503 0.546626 0.035209 0.836643 46.4668
0.830706 -0.00369087 -0.556712 -20.1473 -0.0162925 0.999391 -0.0309381 -2.44026 0.556487 0.0347704 0.830136 47.3691
0.82464 -0.00134696 -0.565667 -20.7563 -0.0164554 0.999519 -0.0263706 -2.4789 0.56543 0.0310544 0.824218 48.2509
0.819674 0.00234255 -0.572839 -21.3702 -0.0189814 0.999556 -0.0230743 -2.51058 0.57253 0.0297864 0.819351 49.1035
0.814949 0.00311708 -0.579535 -21.9985 -0.0203635 0.999524 -0.0232607 -2.543 0.579186 0.0307575 0.814622 49.982
0.811547 0.0013759 -0.584301 -22.6287 -0.0210856 0.999418 -0.0269342 -2.57604 0.583922 0.0341783 0.811099 50.8378
0.80862 -0.000729519 -0.588342 -23.2477 -0.0224419 0.999235 -0.0320845 -2.62213 0.587915 0.0391475 0.807982 51.6757
0.8051 -0.0013368 -0.593153 -23.8977 -0.0230545 0.999174 -0.0335454 -2.66113 0.592707 0.0406817 0.8044 52.5432
0.802127 0.00016179 -0.597165 -24.527 -0.022276 0.999314 -0.0296524 -2.70323 0.59675 0.0370872 0.801578 53.385
0.798572 0.00211604 -0.60191 -25.1892 -0.0216401 0.999451 -0.0251981 -2.74034 0.601526 0.0331475 0.798175 54.2548
0.795353 0.00360338 -0.606147 -25.8471 -0.0216612 0.999515 -0.0224822 -2.77692 0.605771 0.0310109 0.795042 55.1041
0.792524 0.00431471 -0.609841 -26.4956 -0.0223128 0.999513 -0.021926 -2.80992 0.609449 0.0309837 0.79223 55.9335
0.788436 0.00346661 -0.615119 -27.1691 -0.0221672 0.999496 -0.0227817 -2.84069 0.61473 0.0315971 0.788112 56.7871
0.784426 0.00269268 -0.620232 -27.8385 -0.0219645 0.999486 -0.0234408 -2.87346 0.61985 0.0320101 0.784077 57.6285
0.780452 0.00213973 -0.625223 -28.5033 -0.0215761 0.999492 -0.0235138 -2.90352 0.624855 0.0318412 0.780099 58.4496
0.775482 0.00186809 -0.631381 -29.1998 -0.0210393 0.999518 -0.0228847 -2.93429 0.631035 0.0310299 0.775144 59.3029
0.770927 0.00200344 -0.636932 -29.885 -0.0209548 0.999535 -0.0222209 -2.96219 0.636592 0.0304775 0.770607 60.1168
0.765044 0.00154164 -0.643991 -30.5971 -0.0204661 0.999552 -0.0219213 -2.99878 0.64367 0.0299502 0.764728 60.9577
0.759482 0.00089957 -0.650539 -31.3083 -0.0198782 0.999565 -0.0218267 -3.02831 0.650237 0.0295085 0.759167 61.7797
0.75432 1.32851e-05 -0.656522 -32.0197 -0.0192442 0.999572 -0.0220916 -3.05672 0.656242 0.0292977 0.753993 62.5844
0.747882 -0.000555209 -0.663844 -32.7571 -0.0189267 0.999576 -0.0221605 -3.08697 0.663575 0.0291378 0.747551 63.4144
0.742445 -0.00151352 -0.669921 -33.4866 -0.0180364 0.999591 -0.0222486 -3.1181 0.669682 0.0286006 0.742109 64.2139
0.735727 -0.00197463 -0.677288 -34.2442 -0.0175307 0.999607 -0.0219597 -3.14774 0.677064 0.0280295 0.7354 65.0346
0.729369 -0.00185238 -0.684133 -35.0028 -0.0169732 0.999641 -0.0208035 -3.17776 0.683927 0.0267847 0.729071 65.8429
0.723403 -0.00208222 -0.690435 -35.756 -0.0163303 0.999666 -0.0201268 -3.20685 0.690246 0.0258347 0.723124 66.6316
0.716353 -0.00295142 -0.697747 -36.5424 -0.0154532 0.999681 -0.0200952 -3.23879 0.697584 0.025177 0.716074 67.4401
0.709822 -0.00382088 -0.704383 -37.333 -0.0150349 0.999677 -0.0205756 -3.26986 0.704234 0.0251952 0.709532 68.2308
0.704141 -0.00344825 -0.710067 -38.1261 -0.0157337 0.999669 -0.0204584 -3.29732 0.709903 0.025577 0.703848 69.0054
0.698025 -0.00329352 -0.716078 -38.9508 -0.015713 0.99968 -0.0199166 -3.32823 0.715914 0.0251538 0.697747 69.8022
0.693485 -0.00306199 -0.72048 -39.7623 -0.0158991 0.999684 -0.0195534 -3.358 0.720312 0.0250144 0.693213 70.5744
0.687989 -0.00307376 -0.725727 -40.6074 -0.0163475 0.999673 -0.0197332 -3.38696 0.72555 0.0254398 0.687711 71.3662
0.682697 -0.00439743 -0.730704 -41.4495 -0.0164184 0.999639 -0.021357 -3.42137 0.730535 0.0265769 0.682373 72.1443
0.678053 -0.00564012 -0.735004 -42.2837 -0.0159948 0.999623 -0.0224279 -3.45135 0.734853 0.0269634 0.677703 72.906
0.672478 -0.00628521 -0.740106 -43.1573 -0.0157395 0.999618 -0.0227918 -3.48343 0.739967 0.0269755 0.672117 73.6888
0.667613 -0.00617618 -0.744496 -44.0256 -0.0151163 0.999649 -0.0218499 -3.51654 0.744369 0.0258411 0.667281 74.4659
0.66309 -0.00617255 -0.74853 -44.8906 -0.0144993 0.999675 -0.0210892 -3.54702 0.748417 0.0248368 0.662779 75.2236
0.657299 -0.00626453 -0.753617 -45.7832 -0.0143517 0.999682 -0.0208292 -3.58184 0.753508 0.0245064 0.656996 75.9966
0.653083 -0.00646331 -0.757274 -46.6592 -0.0141827 0.999686 -0.020765 -3.60747 0.75717 0.0243011 0.652781 76.7509
0.648188 -0.00651612 -0.761466 -47.5722 -0.013761 0.999702 -0.0202703 -3.64041 0.76137 0.0236173 0.647901 77.5216
0.644061 -0.00718056 -0.764956 -48.4779 -0.0127512 0.999718 -0.0201215 -3.66747 0.764885 0.0227131 0.643783 78.2805
0.640899 -0.00893169 -0.767586 -49.3841 -0.0106577 0.999734 -0.0205334 -3.70287 0.767565 0.0213403 0.64063 79.0312
0.635947 -0.0122669 -0.771651 -50.3073 -0.00799297 0.999717 -0.022481 -3.73535 0.771709 0.020464 0.635664 79.7965
0.631027 -0.0158778 -0.775612 -51.2304 -0.00408628 0.99971 -0.0237917 -3.76864 0.775764 0.0181823 0.630775 80.5516
0.625447 -0.019226 -0.780045 -52.1522 0.000845348 0.999714 -0.0239637 -3.80509 0.780283 0.0143281 0.62528 81.2996
0.616522 -0.0220658 -0.787041 -53.1064 0.00546305 0.999704 -0.0237504 -3.84318 0.787333 0.0103427 0.616456 82.0554
0.60865 -0.0224269 -0.793137 -54.0486 0.00770703 0.999723 -0.0223553 -3.88193 0.793418 0.00749327 0.608649 82.7871
0.598657 -0.0223638 -0.800707 -55.0336 0.0086283 0.999734 -0.0214732 -3.90862 0.800973 0.00594612 0.598687 83.5223
0.58942 -0.0221721 -0.807538 -56.0222 0.00894441 0.999744 -0.0209221 -3.94951 0.807793 0.00510841 0.589462 84.2392
0.580778 -0.0220042 -0.813778 -57.0025 0.00815776 0.999743 -0.0212122 -3.97221 0.814035 0.0056808 0.580805 84.9382
0.56989 -0.0229096 -0.821417 -58.02 0.00816138 0.999722 -0.0222215 -4.00654 0.821697 0.00595937 0.569914 85.6393
0.559993 -0.023593 -0.828174 -59.0384 0.00828114 0.999705 -0.0228817 -4.03337 0.82847 0.00595524 0.56002 86.3322
0.550966 -0.0243277 -0.834188 -60.0522 0.010476 0.9997 -0.0222365 -4.07284 0.834478 0.00351198 0.551051 87.0097
0.539684 -0.0244814 -0.841525 -61.1095 0.0117891 0.999699 -0.0215241 -4.10864 0.841799 0.00169519 0.539807 87.6893
0.529165 -0.02505 -0.848165 -62.1638 0.0124723 0.999688 -0.021745 -4.14386 0.848444 0.000927525 0.529307 88.3466
0.51979 -0.0252918 -0.853933 -63.2069 0.0122531 0.99968 -0.0221518 -4.17493 0.85422 0.00105068 0.51993 88.9804
0.508511 -0.0258711 -0.860682 -64.3042 0.0120677 0.999666 -0.0229202 -4.2081 0.860987 0.00126812 0.508649 89.6227
0.49954 -0.026332 -0.865904 -65.3698 0.0119212 0.999653 -0.0235237 -4.24328 0.866223 0.00142819 0.499677 90.2339
0.488736 -0.0263162 -0.87205 -66.4942 0.0114692 0.999653 -0.0237404 -4.27789 0.872372 0.00160045 0.488864 90.8512
0.479853 -0.0250968 -0.877004 -67.6046 0.0115354 0.999685 -0.0222977 -4.31394 0.877288 0.000582828 0.479987 91.4603
0.472989 -0.0240216 -0.880756 -68.7025 0.0123317 0.999712 -0.0206449 -4.34959 0.880997 -0.00109697 0.473145 92.0529
0.464319 -0.0240812 -0.885354 -69.8447 0.0127694 0.999709 -0.0204965 -4.38534 0.88559 -0.00178888 0.464488 92.6464
0.456711 -0.0250009 -0.889278 -70.9754 0.0132741 0.999685 -0.021289 -4.422 0.889531 -0.00208202 0.456895 93.223
0.450882 -0.0267793 -0.892195 -72.0931 0.0145481 0.999638 -0.0226538 -4.45772 0.892479 -0.00276591 0.451104 93.7938
0.443833 -0.0287021 -0.895664 -73.2455 0.015287 0.999584 -0.0244585 -4.49087 0.895995 -0.00283717 0.444083 94.3655
0.439434 -0.0303806 -0.897775 -74.3785 0.015985 0.999535 -0.0260016 -4.53266 0.898148 -0.00292536 0.43971 94.919
0.433826 -0.0311772 -0.900472 -75.5254 0.0178509 0.999502 -0.0260071 -4.57194 0.900835 -0.00479241 0.434162 95.4788
0.429505 -0.0294666 -0.902598 -76.6729 0.0207442 0.999527 -0.0227614 -4.61037 0.902842 -0.00894795 0.429909 96.0262
0.426862 -0.0286548 -0.903878 -77.8144 0.0248315 0.999493 -0.0199605 -4.64899 0.903992 -0.013925 0.427353 96.5603
0.422578 -0.0278718 -0.905913 -78.9506 0.0261876 0.999487 -0.0185367 -4.68587 0.905964 -0.0158908 0.423086 97.097
0.419403 -0.0284213 -0.907371 -80.0944 0.0284672 0.999431 -0.0181481 -4.72904 0.90737 -0.0182196 0.419968 97.6221
0.417579 -0.0278204 -0.90823 -81.2338 0.0305928 0.999397 -0.016549 -4.76036 0.908142 -0.0208751 0.418173 98.1467
0.414266 -0.0272002 -0.909765 -82.3644 0.032318 0.999364 -0.0151641 -4.79075 0.909598 -0.0231205 0.414877 98.6579
0.413027 -0.0273023 -0.910325 -83.4922 0.0337802 0.999324 -0.0146467 -4.82964 0.910109 -0.0247018 0.413665 99.1678
0.409827 -0.0274669 -0.911765 -84.6025 0.0352577 0.999278 -0.0142565 -4.85591 0.911498 -0.0263047 0.410495 99.6708
0.407571 -0.0263202 -0.91281 -85.713 0.0382958 0.9992 -0.0117138 -4.88807 0.912387 -0.030183 0.408247 100.169
0.40697 -0.0258194 -0.913093 -86.8099 0.0407606 0.999119 -0.010086 -4.91362 0.912548 -0.0331141 0.40766 100.654
0.404197 -0.0259658 -0.914319 -87.9005 0.0417929 0.99908 -0.00989903 -4.94102 0.913733 -0.0342112 0.404905 101.136
0.403046 -0.0265672 -0.914811 -88.9803 0.0425044 0.999045 -0.0102882 -4.96493 0.914209 -0.0347375 0.403786 101.61
0.403509 -0.0272811 -0.914585 -90.051 0.0429326 0.999022 -0.0108599 -4.98911 0.913985 -0.0348838 0.40428 102.078
0.402953 -0.0277906 -0.914815 -91.1089 0.042548 0.999028 -0.0116087 -5.01097 0.914248 -0.0342464 0.403739 102.54
0.406107 -0.0275538 -0.913426 -92.1532 0.0413707 0.999077 -0.011746 -5.03367 0.912906 -0.0330193 0.406867 102.996
0.409395 -0.0273095 -0.911965 -93.1881 0.0399557 0.999131 -0.0119843 -5.05594 0.911499 -0.0315326 0.410126 103.455
0.414655 -0.0275803 -0.909578 -94.2134 0.0393468 0.999152 -0.0123612 -5.0791 0.909145 -0.0306637 0.415383 103.912
0.421538 -0.0274818 -0.906411 -95.2365 0.0388902 0.999171 -0.012209 -5.09927 0.905994 -0.0301047 0.422253 104.376
0.42746 -0.0265158 -0.903662 -96.2437 0.0378896 0.999219 -0.011399 -5.12325 0.903258 -0.0293671 0.428126 104.847
0.435484 -0.0258878 -0.899841 -97.2501 0.0369786 0.999259 -0.0108531 -5.13901 0.899455 -0.0285492 0.436114 105.323
0.445155 -0.0258082 -0.895098 -98.2479 0.036904 0.999266 -0.0104606 -5.15778 0.894711 -0.0283764 0.445776 105.803
0.453642 -0.0253075 -0.890842 -99.2276 0.0360273 0.999302 -0.0100437 -5.17469 0.890474 -0.0275391 0.454232 106.298
0.464508 -0.025617 -0.885216 -100.209 0.0354457 0.99932 -0.0103215 -5.19329 0.884879 -0.0265828 0.465095 106.804
0.473646 -0.0259071 -0.880352 -101.167 0.0332964 0.999381 -0.0114969 -5.21549 0.880105 -0.0238677 0.474211 107.309
0.485094 -0.0260099 -0.874093 -102.125 0.0318391 0.999422 -0.0120718 -5.23614 0.873903 -0.0219747 0.485636 107.829
0.498412 -0.0246261 -0.866609 -103.082 0.0299419 0.99949 -0.0111828 -5.25495 0.866443 -0.0203749 0.498891 108.361
0.510125 -0.0226649 -0.859821 -104.013 0.0283478 0.999555 -0.00953223 -5.27956 0.859654 -0.0195116 0.510535 108.904
0.523785 -0.0214118 -0.8516 -104.945 0.0281817 0.999574 -0.00779996 -5.29613 0.851404 -0.0199147 0.52416 109.466
0.534846 -0.0205073 -0.844721 -105.854 0.0273069 0.999605 -0.00698017 -5.31575 0.84453 -0.0193336 0.535189 110.028
0.546344 -0.020584 -0.837327 -106.749 0.0269781 0.999613 -0.0069717 -5.33114 0.837147 -0.0187814 0.546683 110.602
0.558746 -0.0211505 -0.82909 -107.632 0.0268593 0.999614 -0.00740201 -5.34674 0.828927 -0.0181332 0.559093 111.194
0.568776 -0.0220839 -0.822216 -108.496 0.0279199 0.999584 -0.0075352 -5.36188 0.82204 -0.0186711 0.569151 111.779
0.579643 -0.0218962 -0.814598 -109.348 0.0278069 0.99959 -0.00708481 -5.38169 0.81442 -0.0185449 0.580009 112.377
0.591236 -0.0205332 -0.806258 -110.19 0.0275845 0.999608 -0.00523056 -5.39389 0.806049 -0.0191485 0.591565 112.983
0.60046 -0.0178498 -0.799478 -111.013 0.0272303 0.99963 -0.00186942 -5.40751 0.799216 -0.0206476 0.600718 113.589
0.611221 -0.0167708 -0.791304 -111.82 0.0270579 0.999635 -0.000287166 -5.41878 0.79102 -0.0212362 0.611447 114.199
0.62014 -0.0162125 -0.784347 -112.631 0.0248685 0.999693 -0.00100435 -5.4283 0.784122 -0.0188827 0.620348 114.82
0.629813 -0.0155961 -0.776613 -113.405 0.0228765 0.999739 -0.00152605 -5.4419 0.776435 -0.0168056 0.63 115.436
0.640151 -0.0154184 -0.768119 -114.164 0.0229394 0.999738 -0.000952913 -5.45427 0.767934 -0.0170101 0.640331 116.06
0.6487 -0.0135029 -0.760948 -114.917 0.0225011 0.999748 0.0014402 -5.46729 0.760737 -0.018057 0.648835 116.691
0.657473 -0.0122674 -0.753404 -115.652 0.0224956 0.999744 0.00334979 -5.47213 0.753171 -0.0191507 0.657575 117.323
0.666629 -0.0114791 -0.745326 -116.373 0.0226552 0.999734 0.00486428 -5.48175 0.745072 -0.0201287 0.666706 117.959
0.673681 -0.0109683 -0.738967 -117.086 0.0220236 0.999746 0.00523561 -5.48039 0.738724 -0.0198018 0.673746 118.591
0.681947 -0.00985918 -0.731361 -117.786 0.0214309 0.999752 0.00650425 -5.48273 0.731116 -0.0201097 0.681983 119.236
0.688375 -0.00787441 -0.72534 -118.468 0.0205482 0.999753 0.00864416 -5.48112 0.725095 -0.0208548 0.688362 119.872
0.695961 -0.00488227 -0.718089 -119.143 0.0186905 0.999764 0.0113157 -5.49509 0.717865 -0.0212972 0.695883 120.518
0.704319 -0.00397763 -0.709901 -119.803 0.0185359 0.999748 0.012785 -5.49036 0.709674 -0.0221633 0.70421 121.166
0.71105 -0.00305693 -0.703162 -120.441 0.0176889 0.999754 0.0135395 -5.49242 0.702949 -0.0220658 0.710924 121.8
0.719136 -0.00103228 -0.694899 -121.07 0.0159999 0.999761 0.0150693 -5.48083 0.694718 -0.0219551 0.718975 122.438
0.728662 0.00128128 -0.6849 -121.692 0.0150982 0.999727 0.0179316 -5.47732 0.684737 -0.0234072 0.728439 123.087
0.737654 0.00440484 -0.675196 -122.288 0.0133707 0.99969 0.0211257 -5.47242 0.67508 -0.0246112 0.737361 123.726
0.748593 0.00613358 -0.663032 -122.871 0.0119161 0.999673 0.0227001 -5.46672 0.662955 -0.0248941 0.748271 124.378
0.757924 0.00674914 -0.65234 -123.434 0.0109387 0.999677 0.0230482 -5.45138 0.652286 -0.0246044 0.7576 125.016
0.767867 0.00699647 -0.640602 -123.98 0.0102118 0.99968 0.0231573 -5.43943 0.640561 -0.0243236 0.767547 125.665
0.778449 0.00771459 -0.627694 -124.515 0.00936239 0.999673 0.0238935 -5.42879 0.627675 -0.0244765 0.778117 126.331
0.78807 0.00911417 -0.61555 -125.039 0.00846405 0.999636 0.0256359 -5.41296 0.615562 -0.0254131 0.787703 126.99
0.798871 0.0106114 -0.601446 -125.559 0.00779429 0.999581 0.0279845 -5.39691 0.601492 -0.0270436 0.798447 127.67
0.80819 0.0121421 -0.588832 -126.057 0.00711653 0.999514 0.0303767 -5.37886 0.588917 -0.0287406 0.807707 128.343
0.81719 0.0134737 -0.576249 -126.542 0.00685227 0.999433 0.0330816 -5.3614 0.576369 -0.0309824 0.816628 129.032
0.825887 0.0140057 -0.563699 -127.024 0.00670719 0.999378 0.0346559 -5.3396 0.563836 -0.0324026 0.825275 129.74
0.832811 0.0142839 -0.553414 -127.485 0.00690608 0.999325 0.0361815 -5.32068 0.553559 -0.033954 0.832144 130.432
0.839603 0.0149835 -0.543033 -127.944 0.00619213 0.999292 0.0371449 -5.29181 0.543207 -0.0345494 0.838912 131.134
0.846915 0.0157023 -0.53154 -128.407 0.00504757 0.999285 0.037558 -5.26123 0.531751 -0.0344912 0.846224 131.858
0.853123 0.0169594 -0.521476 -128.855 0.0033972 0.999271 0.0380543 -5.23897 0.521743 -0.0342364 0.852441 132.574
0.859967 0.0176967 -0.510088 -129.299 0.00244823 0.999248 0.0387902 -5.20906 0.510392 -0.0346068 0.859271 133.312
0.865563 0.0173453 -0.500543 -129.734 0.00249059 0.99924 0.0389316 -5.1894 0.50084 -0.0349443 0.864859 134.052
0.870814 0.0165208 -0.491382 -130.161 0.00274449 0.99926 0.0384551 -5.16929 0.491655 -0.0348356 0.870118 134.798
0.875758 0.015984 -0.482532 -130.585 0.00262215 0.999281 0.0378586 -5.14067 0.482792 -0.03442 0.875083 135.564
0.879001 0.0166668 -0.476578 -131.018 0.00179124 0.99927 0.0382454 -5.10807 0.476869 -0.0344711 0.878324 136.326
0.882295 0.0180479 -0.470399 -131.44 0.00124013 0.999174 0.0406597 -5.07319 0.470747 -0.036457 0.88154 137.105
0.885736 0.0211519 -0.463759 -131.869 -0.000872073 0.999039 0.0438954 -5.03931 0.464243 -0.0384751 0.884897 137.911
0.888868 0.023836 -0.457592 -132.298 -0.00270322 0.998904 0.0467801 -5.00073 0.458207 -0.0403441 0.887954 138.717
0.892353 0.0265196 -0.450611 -132.718 -0.00492883 0.998789 0.0490157 -4.95939 0.451367 -0.041518 0.891398 139.529
0.895275 0.0284796 -0.444654 -133.146 -0.00630084 0.998667 0.0512754 -4.90825 0.445524 -0.0431036 0.894256 140.356
0.89853 0.0297894 -0.437954 -133.565 -0.00700798 0.998545 0.0535372 -4.86416 0.438913 -0.0450353 0.897425 141.203
0.902366 0.0308274 -0.429921 -133.979 -0.00769879 0.998435 0.0554315 -4.80767 0.430959 -0.0467093 0.901187 142.061
0.905724 0.0309606 -0.422792 -134.396 -0.00778921 0.99838 0.0564184 -4.75657 0.423856 -0.0478059 0.904492 142.932
0.909361 0.0297685 -0.414998 -134.803 -0.00714097 0.998409 0.0559681 -4.69855 0.416006 -0.0479314 0.908123 143.82
0.913637 0.0286742 -0.405578 -135.216 -0.00643264 0.998409 0.0560906 -4.655 0.406543 -0.0486372 0.912362 144.726
0.91747 0.0274028 -0.39692 -135.619 -0.00599989 0.998467 0.0550623 -4.59402 0.397823 -0.0481362 0.916223 145.64
0.922284 0.0268483 -0.385641 -136.014 -0.00660784 0.998538 0.0537088 -4.54883 0.386522 -0.0469862 0.921107 146.568
0.927272 0.0279242 -0.373407 -136.416 -0.00891625 0.998582 0.0525326 -4.50425 0.374346 -0.0453823 0.926202 147.507
0.933362 0.0317957 -0.357593 -136.803 -0.0133973 0.998465 0.053804 -4.44835 0.358758 -0.0454275 0.932349 148.473
0.940329 0.0350344 -0.338527 -137.178 -0.0169907 0.998282 0.0561156 -4.39561 0.339914 -0.0470149 0.939305 149.46
0.94669 0.0381489 -0.319954 -137.543 -0.0208409 0.998141 0.0573382 -4.35089 0.32155 -0.047613 0.945719 150.46
0.953578 0.0397888 -0.298584 -137.874 -0.0234315 0.998035 0.0581611 -4.29875 0.300313 -0.0484645 0.952633 151.49
0.959636 0.0409199 -0.278342 -138.191 -0.0252972 0.997912 0.0594806 -4.23675 0.280198 -0.0500381 0.958661 152.52
0.965537 0.042436 -0.256877 -138.487 -0.0273577 0.997705 0.0619866 -4.17953 0.258921 -0.0528223 0.964478 153.58
0.971181 0.0442551 -0.234304 -138.768 -0.0299748 0.997493 0.0641512 -4.10151 0.236558 -0.0552787 0.970067 154.667
0.975967 0.0463497 -0.213042 -139.026 -0.0325483 0.997168 0.0678341 -4.04525 0.215586 -0.0592691 0.974709 155.752
0.980675 0.0477731 -0.189857 -139.263 -0.0349424 0.996913 0.0703489 -3.96466 0.192635 -0.0623548 0.979311 156.87
0.984534 0.0492711 -0.168264 -139.471 -0.0378588 0.996805 0.0703634 -3.89454 0.171196 -0.0629042 0.983251 157.987
0.987978 0.049874 -0.146504 -139.654 -0.0400155 0.996784 0.069466 -3.82605 0.149501 -0.0627678 0.986791 159.125
0.990969 0.0501371 -0.124557 -139.812 -0.0417834 0.996758 0.0687856 -3.74876 0.127605 -0.0629592 0.989849 160.288
0.993239 0.0493169 -0.105341 -139.949 -0.0420525 0.996657 0.0700748 -3.67593 0.108449 -0.0651704 0.991987 161.45
0.995137 0.0496172 -0.085388 -140.06 -0.0435756 0.996512 0.0712021 -3.59381 0.0886264 -0.067134 0.993826 162.63
0.996721 0.050303 -0.0637948 -140.154 -0.0456741 0.99636 0.072004 -3.51157 0.0671885 -0.0688533 0.995385 163.835
0.997668 0.0518771 -0.0449063 -140.226 -0.0485314 0.996182 0.0725987 -3.42924 0.0485045 -0.070249 0.996375 165.042
0.998386 0.0524025 -0.0230761 -140.27 -0.0505878 0.996043 0.0731033 -3.34368 0.0268195 -0.0718171 0.997081 166.271
0.998538 0.0543205 -0.00452915 -140.297 -0.0538506 0.995936 0.072225 -3.26168 0.00843777 -0.0718744 0.997404 167.503
0.998377 0.0553045 0.0154989 -140.298 -0.056273 0.995853 0.0715294 -3.17121 -0.0114747 -0.0722847 0.997342 168.748
0.997818 0.0555463 0.0364021 -140.269 -0.0580054 0.995829 0.0704613 -3.09051 -0.0323324 -0.072418 0.996876 170.012
0.996991 0.0564723 0.0536215 -140.222 -0.0601012 0.995825 0.0687374 -3.00583 -0.0495119 -0.0717525 0.996216 171.273
0.995767 0.0567634 0.072641 -140.146 -0.0617008 0.995801 0.0676662 -2.92604 -0.0684907 -0.0718606 0.995086 172.556
0.994099 0.0564331 0.0929342 -140.041 -0.0627241 0.995831 0.0662633 -2.84283 -0.0888032 -0.0717008 0.993488 173.851
0.992302 0.0575239 0.109907 -139.916 -0.0644761 0.996068 0.0608033 -2.75996 -0.105973 -0.0674205 0.992107 175.143
0.989834 0.0594083 0.129441 -139.755 -0.0669295 0.996267 0.054577 -2.69522 -0.125711 -0.0626849 0.990107 176.463
0.987533 0.0614762 0.145095 -139.587 -0.0692037 0.996409 0.0488381 -2.62881 -0.141567 -0.0582692 0.988239 177.764
0.98468 0.0632049 0.162684 -139.384 -0.0712879 0.996472 0.0443539 -2.58535 -0.159303 -0.0552709 0.985705 179.09
0.981027 0.0658052 0.182508 -139.144 -0.0743146 0.996427 0.0401906 -2.54081 -0.179206 -0.05299 0.982411 180.447
0.977991 0.0649153 0.19843 -138.901 -0.0743317 0.996418 0.0403915 -2.50718 -0.195093 -0.0542515 0.979307 181.767
0.974429 0.063615 0.215631 -138.623 -0.0738819 0.996472 0.039895 -2.46627 -0.212327 -0.054805 0.975689 183.112
0.970152 0.0631885 0.234238 -138.302 -0.0734892 0.996667 0.0355183 -2.44014 -0.231208 -0.0516717 0.971556 184.486
0.966354 0.0646639 0.249067 -137.987 -0.0746702 0.996731 0.0309386 -2.40172 -0.246247 -0.0484944 0.968022 185.816
0.96147 0.0656144 0.26707 -137.621 -0.0763646 0.99663 0.0300702 -2.35853 -0.264192 -0.0493059 0.963233 187.201
0.956665 0.0667864 0.283527 -137.249 -0.0782939 0.996498 0.0294469 -2.34042 -0.280562 -0.0503682 0.958542 188.548
0.950999 0.0700834 0.301241 -136.847 -0.0814847 0.996353 0.0254479 -2.30115 -0.298354 -0.0487471 0.953235 189.917
0.944975 0.0707227 0.319495 -136.409 -0.0819214 0.996404 0.0217396 -2.27933 -0.316802 -0.0467158 0.94737 191.291
0.939303 0.0717119 0.335594 -135.953 -0.0826168 0.996417 0.0183235 -2.25112 -0.333072 -0.0449366 0.941856 192.646
0.932901 0.072145 0.352915 -135.457 -0.0820522 0.996544 0.0131796 -2.24053 -0.350738 -0.0412516 0.935595 194
0.925053 0.0752684 0.372382 -134.944 -0.0839215 0.99645 0.00706924 -2.23996 -0.370523 -0.03779 0.92808 195.362
0.916598 0.0783469 0.392133 -134.399 -0.0864807 0.996251 0.00309888 -2.2374 -0.390414 -0.0367513 0.919936 196.713
0.905469 0.0809824 0.416684 -133.807 -0.0891657 0.99602 0.000188174 -2.24112 -0.415006 -0.0373241 0.90908 198.074
0.893697 0.0854515 0.440524 -133.189 -0.0936815 0.9956 -0.00306989 -2.251 -0.438841 -0.0385242 0.89777 199.407
0.880619 0.0895255 0.465353 -132.538 -0.0971154 0.995246 -0.00768584 -2.26443 -0.463825 -0.0384244 0.885121 200.74
0.8664 0.0927937 0.490712 -131.837 -0.0997461 0.994944 -0.0120317 -2.29376 -0.48934 -0.0385211 0.871274 202.069
0.852958 0.0941723 0.51347 -131.106 -0.100741 0.994801 -0.0151003 -2.32855 -0.512218 -0.0388471 0.858006 203.365
0.837922 0.095296 0.53746 -130.325 -0.101024 0.994708 -0.0188676 -2.37252 -0.536406 -0.0384857 0.843115 204.657
0.823412 0.096536 0.559224 -129.518 -0.10016 0.994679 -0.0242267 -2.42145 -0.558582 -0.0360628 0.828695 205.915
0.807995 0.098573 0.580936 -128.669 -0.0996803 0.994567 -0.0301166 -2.46589 -0.58074 -0.0335724 0.813431 207.162
0.792288 0.100166 0.601917 -127.788 -0.0992596 0.994454 -0.0348341 -2.51983 -0.602064 -0.0321473 0.797832 208.386
0.777621 0.10087 0.620638 -126.863 -0.0985504 0.994404 -0.0381386 -2.59153 -0.621004 -0.0315053 0.78321 209.607
0.762483 0.101217 0.639087 -125.908 -0.0979304 0.994366 -0.0406432 -2.65552 -0.639596 -0.0315962 0.768095 210.793
0.747513 0.101734 0.656457 -124.935 -0.0973592 0.994313 -0.0432292 -2.73019 -0.657114 -0.0315963 0.753166 211.953
0.734128 0.102325 0.6713 -123.925 -0.0958839 0.994299 -0.0466985 -2.80371 -0.672247 -0.0300839 0.73975 213.101
0.719515 0.103046 0.686834 -122.897 -0.0943645 0.994269 -0.0503158 -2.88868 -0.688074 -0.0286083 0.725115 214.228
0.705834 0.104879 0.700611 -121.841 -0.0931877 0.994134 -0.0549333 -2.98522 -0.702259 -0.0265144 0.711464 215.337
0.691581 0.106014 0.71452 -120.759 -0.0922958 0.994035 -0.0581521 -3.06943 -0.716414 -0.0257288 0.697241 216.419
0.676008 0.106602 0.729183 -119.66 -0.0921574 0.993945 -0.0598689 -3.18249 -0.731145 -0.0267275 0.681736 217.489
0.660947 0.107146 0.742785 -118.54 -0.09301 0.993823 -0.0605954 -3.29134 -0.744681 -0.0290346 0.66683 218.539
0.644333 0.108138 0.757099 -117.406 -0.0958102 0.993569 -0.0603718 -3.403 -0.758755 -0.033638 0.650548 219.567
0.626281 0.108933 0.77199 -116.249 -0.098559 0.993312 -0.0602058 -3.50953 -0.773376 -0.0383791 0.632829 220.562
0.609889 0.110509 0.784782 -115.096 -0.101857 0.99295 -0.0606628 -3.63178 -0.785948 -0.0429374 0.616843 221.52
0.591643 0.11254 0.798347 -113.932 -0.103002 0.99265 -0.0635961 -3.75545 -0.799627 -0.0446034 0.598886 222.449
0.574809 0.115183 0.810177 -112.748 -0.105285 0.992228 -0.0663658 -3.87248 -0.811519 -0.0471513 0.582467 223.335
0.556261 0.115065 0.823043 -111.56 -0.106228 0.992093 -0.0669041 -3.99596 -0.824223 -0.0502119 0.564086 224.186
0.535312 0.113706 0.837001 -110.355 -0.106761 0.992063 -0.0664884 -4.11952 -0.837913 -0.0537669 0.5432 225.014
0.515509 0.111696 0.849612 -109.143 -0.107096 0.992097 -0.0654456 -4.24155 -0.850197 -0.0572506 0.523397 225.799
0.494497 0.109958 0.862231 -107.922 -0.108031 0.992054 -0.0645551 -4.36344 -0.862471 -0.061225 0.502445 226.548
0.472532 0.108324 0.874669 -106.689 -0.106897 0.99214 -0.0651223 -4.4751 -0.874838 -0.0627251 0.480398 227.268
0.452798 0.107368 0.885159 -105.464 -0.106468 0.992135 -0.0658796 -4.58697 -0.885265 -0.0644103 0.460667 227.934
0.432325 0.106355 0.895461 -104.232 -0.104922 0.992213 -0.0671894 -4.69572 -0.895623 -0.0649039 0.440118 228.57
0.410781 0.105617 0.905629 -102.991 -0.102979 0.99229 -0.0690119 -4.80559 -0.905931 -0.0649115 0.418489 229.171
0.391735 0.104501 0.914161 -101.759 -0.100975 0.992415 -0.070176 -4.91681 -0.914551 -0.0648152 0.399317 229.723
0.370489 0.102702 0.923174 -100.522 -0.0987221 0.992597 -0.0708042 -5.03445 -0.923606 -0.064905 0.377884 230.251
0.351133 0.102485 0.930736 -99.281 -0.0975041 0.992594 -0.072511 -5.14324 -0.931265 -0.0652874 0.358527 230.752
0.331221 0.105651 0.937651 -98.0593 -0.098513 0.992157 -0.0769913 -5.26493 -0.938427 -0.0668692 0.339031 231.229
0.311406 0.113592 0.9435 -96.8505 -0.0993212 0.991288 -0.0865637 -5.37825 -0.945102 -0.066751 0.319976 231.666
0.292535 0.120601 0.94865 -95.6196 -0.101609 0.990324 -0.0945644 -5.50902 -0.950872 -0.0687273 0.301958 232.086
0.273075 0.123494 0.95407 -94.4042 -0.104577 0.989665 -0.0981687 -5.64405 -0.956322 -0.0729642 0.283169 232.473
0.252766 0.124243 0.959548 -93.203 -0.106705 0.989256 -0.0999793 -5.78353 -0.961656 -0.0771161 0.263308 232.832
0.233941 0.124218 0.96432 -91.984 -0.108466 0.988954 -0.101077 -5.94359 -0.966212 -0.0809476 0.244833 233.171
0.21373 0.12371 0.969058 -90.7869 -0.108771 0.9888 -0.102239 -6.08864 -0.970849 -0.0835533 0.224793 233.48
0.196057 0.1227 0.972923 -89.5792 -0.108875 0.988737 -0.102754 -6.23848 -0.97456 -0.0857786 0.20721 233.757
0.177675 0.122218 0.976501 -88.3798 -0.108464 0.98865 -0.104002 -6.3763 -0.978125 -0.0874359 0.188916 234.01
0.157761 0.12154 0.980006 -87.1898 -0.107781 0.988593 -0.105254 -6.52385 -0.981608 -0.0890187 0.169064 234.241
0.139961 0.124897 0.982279 -86.0011 -0.110663 0.987776 -0.109826 -6.65466 -0.983985 -0.0933297 0.152073 234.448
0.121379 0.125058 0.984734 -84.8207 -0.110679 0.987557 -0.111775 -6.80674 -0.986447 -0.0954196 0.133713 234.632
0.10259 0.122662 0.987162 -83.6472 -0.109689 0.987716 -0.11133 -6.94706 -0.98869 -0.0968588 0.114786 234.792
0.0891021 0.118628 0.98897 -82.4843 -0.108265 0.988159 -0.108777 -7.0956 -0.990152 -0.0973758 0.100893 234.927
0.0735385 0.115207 0.990646 -81.3285 -0.106604 0.988528 -0.107046 -7.23049 -0.991611 -0.097734 0.0849788 235.04
0.0625389 0.113182 0.991642 -80.1894 -0.105738 0.988715 -0.10618 -7.36707 -0.992456 -0.0982113 0.0738039 235.14
0.0520581 0.112978 0.992264 -79.06 -0.105679 0.98863 -0.107019 -7.50152 -0.99307 -0.0992893 0.0634082 235.225
0.0414953 0.114353 0.992611 -77.9436 -0.10635 0.988297 -0.109411 -7.63875 -0.993494 -0.101021 0.0531741 235.289
0.0364309 0.11524 0.992701 -76.8483 -0.107535 0.988019 -0.110749 -7.77482 -0.993567 -0.102715 0.0483895 235.363
0.0306853 0.118425 0.992526 -75.7635 -0.10652 0.987695 -0.114556 -7.90807 -0.993868 -0.102205 0.0429252 235.42
0.0239464 0.123193 0.992126 -74.697 -0.106899 0.987011 -0.119977 -8.05672 -0.994016 -0.103183 0.0368074 235.466
0.020616 0.123728 0.99214 -73.6313 -0.107857 0.986804 -0.120822 -8.19575 -0.993985 -0.104515 0.0336916 235.516
0.0155747 0.117117 0.993029 -72.5613 -0.106797 0.987637 -0.114805 -8.32305 -0.994193 -0.104264 0.0278928 235.555
0.0143375 0.109653 0.993905 -71.5046 -0.108762 0.98825 -0.10746 -8.44774 -0.993996 -0.106555 0.0260979 235.589
0.0132276 0.105722 0.99434 -70.4582 -0.108523 0.988679 -0.103675 -8.57002 -0.994041 -0.106537 0.0245541 235.625
0.0116398 0.107313 0.994196 -69.4171 -0.109606 0.988378 -0.105402 -8.68876 -0.993939 -0.10774 0.0232695 235.649
0.0135603 0.108159 0.994074 -68.3965 -0.11013 0.988252 -0.106022 -8.80051 -0.993858 -0.108039 0.0253152 235.684
0.0151976 0.10882 0.993983 -67.3746 -0.110899 0.988118 -0.106482 -8.91662 -0.993748 -0.108611 0.0270877 235.721
0.0165436 0.108826 0.993956 -66.3559 -0.111454 0.988072 -0.106326 -9.02751 -0.993666 -0.109021 0.028478 235.758
0.0203688 0.10873 0.9939 -65.347 -0.11322 0.987932 -0.105756 -9.14422 -0.993394 -0.110372 0.0324359 235.802
0.0231247 0.10927 0.993777 -64.3447 -0.114202 0.987798 -0.105954 -9.25438 -0.993224 -0.11104 0.0353239 235.845
0.0287998 0.109152 0.993645 -63.3459 -0.11622 0.987651 -0.105124 -9.36755 -0.992839 -0.112451 0.0411323 235.893
0.0349505 0.108613 0.993503 -62.3501 -0.116505 0.987748 -0.103884 -9.47157 -0.992611 -0.112116 0.0471786 235.948
0.0408287 0.107381 0.993417 -61.3618 -0.116769 0.987916 -0.101987 -9.58423 -0.992353 -0.111833 0.0528765 236.006
0.0485448 0.106728 0.993137 -60.3732 -0.117402 0.987999 -0.100437 -9.68654 -0.991934 -0.111719 0.0604946 236.066
0.0557497 0.106604 0.992776 -59.3968 -0.118777 0.987939 -0.0994141 -9.78364 -0.991388 -0.112373 0.0677418 236.135
0.0618847 0.106271 0.992445 -58.43 -0.11964 0.987943 -0.0983277 -9.88072 -0.990923 -0.11265 0.073855 236.212
0.0692225 0.105588 0.992037 -57.4557 -0.120729 0.987969 -0.0967308 -9.97182 -0.990303 -0.113068 0.0811397 236.296
0.0751437 0.104558 0.991712 -56.4903 -0.121533 0.988042 -0.0949612 -10.0645 -0.989776 -0.113389 0.0869545 236.385
0.0828272 0.103618 0.991202 -55.522 -0.122194 0.988139 -0.0930873 -10.1606 -0.989078 -0.113405 0.0945087 236.483
0.0895946 0.103943 0.990576 -54.5585 -0.123905 0.987984 -0.0924633 -10.2542 -0.988279 -0.114452 0.101399 236.591
0.095369 0.104505 0.989981 -53.6073 -0.124794 0.987891 -0.0922624 -10.3474 -0.987623 -0.114741 0.107258 236.703
0.102889 0.104903 0.989182 -52.6424 -0.125689 0.987831 -0.0916851 -10.4422 -0.986758 -0.114895 0.114824 236.82
0.109381 0.105603 0.988414 -51.6886 -0.12685 0.987701 -0.0914893 -10.5376 -0.985907 -0.11537 0.121434 236.947
0.114938 0.105613 0.987779 -50.7414 -0.128445 0.987573 -0.0906438 -10.633 -0.985071 -0.116456 0.127077 237.079
0.122548 0.105126 0.986919 -49.7938 -0.129536 0.98757 -0.0891102 -10.7269 -0.984007 -0.116918 0.134645 237.215
0.129043 0.103992 0.986209 -48.8465 -0.130053 0.987679 -0.0871294 -10.8187 -0.983112 -0.117015 0.140979 237.358
0.134386 0.103206 0.98558 -47.9071 -0.13039 0.987763 -0.0856551 -10.9059 -0.982348 -0.116996 0.146201 237.507
0.141738 0.102799 0.98459 -46.9619 -0.131424 0.987751 -0.0842091 -10.9985 -0.98118 -0.117462 0.153513 237.656
0.147532 0.103046 0.983715 -46.0301 -0.132136 0.987703 -0.0836469 -11.0785 -0.980226 -0.11764 0.159336 237.818
0.15562 0.103052 0.982465 -45.0929 -0.132212 0.987776 -0.0826665 -11.1549 -0.978968 -0.117027 0.167343 237.979
0.164276 0.103293 0.981032 -44.1637 -0.132517 0.987806 -0.0818155 -11.2331 -0.977508 -0.116559 0.175963 238.142
0.172518 0.103725 0.979568 -43.2466 -0.133445 0.987741 -0.0810879 -11.3079 -0.975964 -0.116728 0.184245 238.323
0.182767 0.103751 0.977708 -42.3231 -0.134197 0.98775 -0.0797302 -11.3854 -0.973991 -0.11663 0.194453 238.508
0.189275 0.102935 0.976553 -41.4156 -0.135884 0.987675 -0.07777 -11.4608 -0.972516 -0.117977 0.20093 238.705
0.195841 0.102082 0.975349 -40.4939 -0.137313 0.987631 -0.0757965 -11.5369 -0.971011 -0.11908 0.207437 238.906
0.199682 0.102011 0.974576 -39.5767 -0.138981 0.987468 -0.0748839 -11.614 -0.969994 -0.120493 0.211358 239.112
