1 0 0 0 0 1 0 0 0 0 1 0
1 0.000121399 -0.000148995 -0.00450105 -0.000121279 1 0.00111184 -0.0204893 0.000149342 -0.00111182 0.999999 1.31107
1 -0.000463665 0.000468606 -0.0087419 0.000462981 0.999999 0.00140958 -0.0285655 -0.000469281 -0.0014094 0.999999 2.61709
0.999999 -0.00120071 -0.000426972 -0.00955505 0.00120115 0.999999 0.000986683 -0.0424366 0.000425992 -0.000987176 0.999999 3.93548
0.999999 -0.00102218 0.000704886 -0.0133113 0.00102117 0.999998 0.00138666 -0.0559024 -0.000706335 -0.00138599 0.999999 5.25293
0.999999 -0.00105078 7.4501e-05 -0.0163783 0.0010506 0.999997 0.00219564 -0.0646755 -7.66009e-05 -0.00219554 0.999997 6.57329
0.999998 -0.00203743 0.000256363 -0.0177486 0.00203666 0.999993 0.00302212 -0.0797587 -0.00026259 -0.00302164 0.999996 7.89969
0.999998 -0.00172885 0.000867366 -0.0224205 0.00172578 0.999992 0.00350513 -0.0864963 -0.000873229 -0.00350364 0.999993 9.23478
0.999999 -0.00114334 -0.000284786 -0.0275881 0.00114423 0.999994 0.00307425 -0.0992242 0.00028125 -0.00307462 0.999995 10.564
1 0.00092391 0.000450947 -0.037182 -0.000924578 0.999999 0.0014401 -0.10158 -0.000449432 -0.00144045 0.999999 11.8994
0.999996 0.00303092 -0.000303839 -0.0418376 -0.00303034 0.999993 0.00178318 -0.134103 0.000309189 -0.00178223 0.999999 13.233
0.999993 0.00376634 -0.000342138 -0.0518502 -0.00376557 0.99999 0.0022678 -0.152208 0.000350878 -0.00226645 0.999997 14.5708
0.999993 0.00369595 0.000888714 -0.0631348 -0.00369873 0.999987 0.00314029 -0.157129 -0.000877106 -0.00314351 0.999995 15.9118
0.999997 0.00286529 0.000371559 -0.06122 -0.00286719 0.999983 0.00509206 -0.160253 -0.000356585 -0.00509299 0.999988 17.2597
0.999998 0.00189144 0.00175308 -0.0622308 -0.00190344 0.999973 0.00684316 -0.15307 -0.00174008 -0.00684637 0.999975 18.6091
0.999999 0.00173403 0.00015918 -0.0525486 -0.00173517 0.999975 0.00683927 -0.138408 -0.00014696 -0.00683946 0.999977 19.9614
0.999999 0.00156669 0.00154852 -0.048407 -0.0015777 0.999972 0.00709214 -0.114104 -0.00153733 -0.00709449 0.999974 21.3058
0.999998 0.00209081 0.001278 -0.0465615 -0.00210011 0.999971 0.00722742 -0.0930621 -0.00126236 -0.00722998 0.999974 22.6624
0.999996 0.00234127 0.00225988 -0.0526617 -0.00236023 0.999961 0.00842088 -0.0783938 -0.00224001 -0.00842604 0.999963 24.0209
0.999989 0.00216451 0.00454278 -0.0582316 -0.0022176 0.999929 0.0116981 -0.0785396 -0.00451651 -0.0117079 0.999923 25.3765
0.999993 0.00195509 0.00366791 -0.0531244 -0.00200157 0.999917 0.0127136 -0.0751586 -0.0036427 -0.0127208 0.999914 26.7532
0.999988 0.0018794 0.00506945 -0.0561096 -0.00194922 0.999903 0.0138004 -0.0828291 -0.00504255 -0.0138101 0.999894 28.1043
0.999991 0.00269332 0.00390702 -0.0625157 -0.00274516 0.999907 0.0133278 -0.0735005 -0.00387066 -0.0133383 0.999905 29.4873
0.999979 0.00346807 0.00597485 -0.0646997 -0.00355179 0.999895 0.0140465 -0.078771 -0.00592501 -0.0140675 0.999886 30.8464
0.999975 0.00496815 0.00553039 -0.072671 -0.00504528 0.999889 0.0140277 -0.0763404 -0.0054599 -0.0140552 0.999889 32.2393
0.999971 0.00521377 0.00602928 -0.0737974 -0.00530047 0.999881 0.0144509 -0.0770384 -0.00595272 -0.0144826 0.99988 33.6222
0.999962 0.00550586 0.0072712 -0.073731 -0.00561659 0.999867 0.0152999 -0.0713763 -0.00718581 -0.0153402 0.999859 34.989
0.999971 0.00550144 0.00584636 -0.0678208 -0.00560078 0.999838 0.0171197 -0.0605085 -0.00575068 -0.0171521 0.999839 36.3895
0.99996 0.00634671 0.00699912 -0.072506 -0.00647339 0.999813 0.0182324 -0.0480134 -0.00688189 -0.018277 0.999812 37.7704
0.999959 0.00764314 0.00565955 -0.0698185 -0.00774618 0.9998 0.018419 -0.0366776 -0.00551712 -0.0184621 0.999817 39.1781
0.999947 0.00883064 0.00603977 -0.072915 -0.0089438 0.99978 0.0189801 -0.0322745 -0.00587065 -0.0190332 0.999805 40.5732
0.999932 0.00946588 0.00737766 -0.0776694 -0.00961116 0.999755 0.0199172 -0.0192875 -0.00718674 -0.0199869 0.999778 41.9632
0.99994 0.0098195 0.00583621 -0.0769581 -0.0099368 0.999742 0.0204326 -0.00284329 -0.00563386 -0.0204893 0.999777 43.3731
0.999934 0.00965022 0.00690918 -0.0785836 -0.00979064 0.99974 0.0205834 0.0125894 -0.00670816 -0.0206496 0.999768 44.7752
0.999945 0.0097419 0.00506021 -0.0751025 -0.00984372 0.999741 0.0205183 0.0341543 -0.00485884 -0.0205669 0.99978 46.1856
0.99994 0.00990409 0.00572024 -0.0716996 -0.010024 0.999722 0.0213177 0.0526611 -0.00550702 -0.0213736 0.99976 47.5853
0.999946 0.010395 0.00323772 -0.0739556 -0.0104636 0.999704 0.0219568 0.0729936 -0.00300827 -0.0219893 0.999757 49.0132
0.999941 0.011138 0.00214537 -0.0805101 -0.0111831 0.999689 0.022262 0.0882214 -0.00189616 -0.0222844 0.999754 50.4329
0.999936 0.0114452 0.00286826 -0.0823315 -0.0115077 0.999673 0.0228397 0.104448 -0.00260568 -0.0228711 0.999739 51.8375
0.999934 0.0119219 0.000419058 -0.0906588 -0.0119287 0.999639 0.024062 0.123542 -0.000131503 -0.0240652 0.999714 53.2766
0.999936 0.0117437 0.00113763 -0.0942357 -0.0117684 0.999616 0.0250816 0.144377 -0.000842394 -0.0250933 0.999689 54.6999
0.999936 0.0118161 -0.000887347 -0.0979797 -0.0117901 0.999609 0.0253322 0.168508 0.00118688 -0.0253199 0.999682 56.1418
0.999943 0.0111557 -0.00125777 -0.106128 -0.0111201 0.999616 0.0253863 0.193445 0.00154086 -0.0253707 0.999682 57.5658
0.999942 0.0113256 0.000693603 -0.106185 -0.01134 0.999604 0.025772 0.215674 -0.000400894 -0.0257779 0.999672 58.9704
0.999942 0.0113764 -0.000327401 -0.109417 -0.0113639 0.999592 0.0262111 0.242635 0.00062578 -0.0262057 0.999661 60.405
0.999941 0.0113284 0.00172112 -0.11159 -0.0113708 0.999578 0.0267349 0.26957 -0.00141692 -0.0267523 0.999646 61.814
0.999944 0.0111722 0.000901987 -0.115879 -0.0111922 0.999578 0.0268263 0.291817 -0.000601468 -0.0268348 0.999645 63.2431
0.999948 0.0108532 0.00141751 -0.116745 -0.0108874 0.999591 0.0264735 0.313697 -0.00112895 -0.0264868 0.999654 64.662
0.999942 0.0108803 0.00346242 -0.124668 -0.0109668 0.9996 0.026065 0.329574 -0.00317699 -0.0261012 0.99966 66.0673
0.99993 0.0121342 0.00282185 -0.129386 -0.0122052 0.999576 0.0264733 0.348623 -0.00249879 -0.0265051 0.999651 67.49
0.999896 0.014101 0.00496236 -0.134682 -0.0142344 0.999507 0.0280107 0.362584 -0.00456451 -0.0280782 0.999601 68.892
0.999843 0.0175715 0.00449829 -0.137885 -0.0176977 0.999405 0.0296238 0.383134 -0.0039745 -0.029698 0.999557 70.3112
0.999768 0.0209502 0.0063628 -0.142709 -0.0211361 0.999304 0.0307561 0.401299 -0.00571356 -0.0308833 0.999513 71.7112
0.999674 0.0251253 0.00611528 -0.144674 -0.0253053 0.999191 0.0313044 0.42849 -0.0053232 -0.0314483 0.999497 73.1206
0.999596 0.0279276 0.00669486 -0.148636 -0.0281247 0.999109 0.0314793 0.455584 -0.00580926 -0.0316547 0.999488 74.5205
0.999562 0.0287553 0.00824651 -0.150162 -0.0290023 0.999084 0.0315228 0.479567 -0.00733174 -0.0317475 0.999475 75.9024
0.999559 0.0289378 0.00782131 -0.144408 -0.0291728 0.999067 0.0318666 0.503128 -0.00689131 -0.0320806 0.999468 77.3087
0.999562 0.0285229 0.0090069 -0.141568 -0.0287963 0.99908 0.0317975 0.528474 -0.00809081 -0.0320423 0.999461 78.6798
0.999573 0.02845 0.00794273 -0.135222 -0.0286875 0.999089 0.0316189 0.559175 -0.00703538 -0.031833 0.999475 80.0763
0.999583 0.028229 0.00749189 -0.126779 -0.0284524 0.999098 0.0315417 0.588967 -0.00659381 -0.031741 0.999481 81.4649
0.999579 0.0281746 0.00826178 -0.118079 -0.0284209 0.999103 0.0314256 0.620512 -0.00736837 -0.0316468 0.999479 82.8294
0.999574 0.0286763 0.00702205 -0.114285 -0.0288833 0.999092 0.031338 0.650981 -0.00611608 -0.0315268 0.999491 84.2224
0.999562 0.0289706 0.00745413 -0.112172 -0.0291914 0.999079 0.0314801 0.68348 -0.00653471 -0.0316836 0.999484 85.5759
0.999581 0.0288179 0.00541555 -0.107898 -0.0289772 0.999069 0.0319778 0.713909 -0.004488 -0.0321205 0.999481 86.9576
0.999603 0.0281759 0.00457208 -0.109615 -0.0283119 0.999052 0.0331356 0.740981 -0.00363362 -0.0332516 0.999448 88.3295
0.999649 0.0265135 0.00447023 -0.110899 -0.0266495 0.999082 0.0335799 0.771123 -0.00357489 -0.0336863 0.999434 89.6805
0.999662 0.0262407 0.00278963 -0.109811 -0.0263203 0.999075 0.0340631 0.808399 -0.00189271 -0.0341247 0.999424 91.0616
0.999699 0.0248194 0.00314366 -0.112768 -0.0249134 0.9991 0.0343589 0.837847 -0.00228713 -0.034426 0.999413 92.4076
0.999722 0.0239216 0.0021257 -0.114242 -0.0239805 0.999114 0.0346123 0.864984 -0.0012953 -0.0346533 0.999407 93.7779
0.999722 0.0239003 0.00283867 -0.120224 -0.0239841 0.999125 0.0343017 0.898605 -0.00201545 -0.0343594 0.999416 95.1272
0.999729 0.0236811 0.00213697 -0.124209 -0.0237402 0.999131 0.0343015 0.926976 -0.00132219 -0.0343425 0.999418 96.488
0.999709 0.0244576 0.00238247 -0.131116 -0.0245251 0.999119 0.0341007 0.958235 -0.00154541 -0.0341484 0.999424 97.8413
0.999699 0.0247045 0.0036515 -0.139238 -0.0248145 0.999112 0.0340958 0.988539 -0.00280534 -0.0341758 0.999421 99.1807
0.999667 0.0260728 0.00320203 -0.137996 -0.0261719 0.999007 0.0360927 1.01891 -0.00225675 -0.0361635 0.999352 100.537
0.999652 0.0264789 0.00422417 -0.143275 -0.0266161 0.998972 0.0367505 1.0562 -0.00324613 -0.0368496 0.999325 101.863
0.999658 0.0263084 0.00389453 -0.147709 -0.0264341 0.998979 0.0366633 1.08514 -0.00292496 -0.0367528 0.999329 103.22
0.999656 0.0263424 0.00420784 -0.151017 -0.0264755 0.999016 0.0356325 1.11533 -0.00326446 -0.0357312 0.999365 104.554
0.999672 0.0255997 0.00495067 -0.154877 -0.0257583 0.999055 0.035053 1.14662 -0.00404754 -0.0351681 0.999383 105.862
0.999698 0.0245561 0.00493505 -0.150572 -0.0247188 0.999041 0.0362104 1.18246 -0.00404044 -0.0363209 0.999341 107.218
0.999745 0.0222987 0.00612825 -0.146868 -0.0225132 0.999048 0.0374133 1.21587 -0.00528693 -0.0375408 0.999291 108.522
0.999778 0.0206914 0.0063005 -0.141868 -0.0209184 0.999045 0.0384191 1.24671 -0.00549883 -0.0385419 0.999251 109.87
0.999785 0.0200683 0.00714762 -0.136481 -0.0203286 0.99906 0.0383484 1.27585 -0.00637011 -0.0384846 0.999248 111.196
0.999733 0.0218534 0.00892616 -0.134593 -0.0221661 0.999087 0.0365939 1.31288 -0.00811759 -0.0367814 0.9993 112.5
0.999682 0.0239659 0.00930677 -0.134518 -0.0242852 0.999066 0.0358156 1.34193 -0.00843858 -0.0360294 0.999324 113.841
0.999586 0.0266959 0.011841 -0.133907 -0.0271042 0.998995 0.0357912 1.38076 -0.0108728 -0.0360968 0.999299 115.15
0.999546 0.0280296 0.0120859 -0.12823 -0.0284711 0.998874 0.0380189 1.4155 -0.0110054 -0.0383449 0.999213 116.495
0.999509 0.0282693 0.0144436 -0.119417 -0.0288231 0.998799 0.0397063 1.45214 -0.0133029 -0.0401025 0.999117 117.809
0.999511 0.0281476 0.014436 -0.109992 -0.0287196 0.998747 0.0410508 1.48879 -0.0132612 -0.0414445 0.999062 119.159
0.999486 0.028461 0.0156935 -0.0992316 -0.029082 0.998744 0.0408897 1.52973 -0.0145091 -0.0413244 0.999051 120.491
0.999395 0.0301075 0.0180809 -0.0871552 -0.0308223 0.998702 0.0406284 1.57337 -0.0168328 -0.0411603 0.99902 121.8
0.999331 0.0321254 0.0182836 -0.0763979 -0.032842 0.998649 0.0403544 1.61417 -0.0169616 -0.0409272 0.999028 123.152
0.999269 0.0325754 0.0205952 -0.060065 -0.0333819 0.998642 0.040092 1.6559 -0.0192599 -0.0407494 0.998994 124.466
0.999252 0.0331705 0.0205462 -0.0455019 -0.0339686 0.998633 0.039804 1.69816 -0.0191969 -0.0404716 0.999006 125.819
0.99923 0.0329699 0.0218706 -0.0247138 -0.0338224 0.998638 0.0398096 1.7405 -0.020527 -0.0405178 0.998978 127.153
0.999196 0.0323346 0.0242621 0.0013955 -0.0333259 0.99858 0.0416364 1.77695 -0.0228804 -0.042411 0.998848 128.47
0.999233 0.0313014 0.0240461 0.0208995 -0.0322981 0.998589 0.0422258 1.82367 -0.0226891 -0.0429693 0.998829 129.831
0.999228 0.0302404 0.0256176 0.0453346 -0.0313238 0.998587 0.0430085 1.86004 -0.0242798 -0.0437772 0.998756 131.149
0.999256 0.0299327 0.0248597 0.0700688 -0.0309926 0.998581 0.0433852 1.90655 -0.0235245 -0.0441226 0.99876 132.507
0.999337 0.0273155 0.0246213 0.0995351 -0.0283895 0.998615 0.0443793 1.94201 -0.023374 -0.0450484 0.998722 133.846
0.999391 0.0247105 0.0251328 0.133988 -0.0258156 0.998674 0.0446221 1.97127 -0.0239955 -0.0452431 0.998699 135.162
0.999486 0.0227828 0.0231249 0.156538 -0.0238109 0.998698 0.0452059 2.0092 -0.022064 -0.0457328 0.998721 136.515
0.999556 0.0196711 0.022982 0.18719 -0.0207111 0.998735 0.0459089 2.04154 -0.0220485 -0.0463636 0.998692 137.837
0.999635 0.0177118 0.0210759 0.207501 -0.0186833 0.998733 0.0468241 2.08156 -0.0202188 -0.0472003 0.998692 139.194
0.999646 0.0172271 0.0209521 0.232212 -0.0181892 0.998752 0.0466036 2.13499 -0.020122 -0.0469674 0.998704 140.517
0.999696 0.017408 0.018293 0.243878 -0.0182477 0.998742 0.0467786 2.18945 -0.0174547 -0.0470977 0.99875 141.871
0.999705 0.0177666 0.017375 0.263299 -0.0185524 0.998768 0.046125 2.24466 -0.0165332 -0.046433 0.998796 143.215
0.99971 0.0171487 0.0177685 0.29176 -0.0179392 0.998815 0.0453229 2.29283 -0.0169694 -0.045628 0.998827 144.532
0.999825 0.0115236 0.0156814 0.312087 -0.0122251 0.998901 0.0453578 2.32298 -0.0151405 -0.0455408 0.998859 145.889
0.99988 0.00447418 0.0158459 0.341332 -0.00523262 0.998832 0.0481404 2.37414 -0.0156113 -0.048217 0.998728 147.224
0.999926 -8.12497e-05 0.0133517 0.367199 -0.000569789 0.998819 0.0486911 2.42121 -0.013339 -0.0486942 0.998736 148.575
0.999938 -0.00275942 0.0121633 0.386045 0.00217348 0.998854 0.0479127 2.46975 -0.0122809 -0.0478828 0.99879 149.915
0.999923 -0.00146082 0.0134851 0.398057 0.000841906 0.998959 0.0457262 2.51313 -0.013537 -0.0457105 0.998875 151.264
0.999932 0.000274556 0.0130461 0.402732 -0.000848339 0.999037 0.0439785 2.57251 -0.0130208 -0.0439859 0.998961 152.614
0.999909 0.000347562 0.014598 0.413102 -0.000993835 0.999026 0.0442322 2.61499 -0.0145675 -0.0442418 0.998927 153.957
0.999912 -0.00271526 0.0142527 0.432288 0.00204619 0.998911 0.0467361 2.66026 -0.0143634 -0.0467022 0.99882 155.3
0.99987 -0.0081966 0.0149476 0.457913 0.00745017 0.998763 0.0492663 2.70022 -0.0153319 -0.0491476 0.998686 156.647
0.999814 -0.0120281 0.0161799 0.479165 0.0111971 0.998667 0.0504952 2.74288 -0.016765 -0.0503041 0.998607 157.983
0.999796 -0.0144954 0.0151439 0.502928 0.01371 0.998627 0.0506686 2.79239 -0.0158564 -0.0504495 0.998613 159.328
0.999778 -0.0131657 0.0175035 0.517848 0.0122571 0.998628 0.0510298 2.85449 -0.0181506 -0.0508034 0.998558 160.66
0.999823 -0.00913201 0.0173816 0.534283 0.00822489 0.998644 0.0515051 2.90992 -0.0178273 -0.0513519 0.998535 162.014
0.999803 -0.00630253 0.0197713 0.547483 0.00529969 0.998722 0.0503628 2.96092 -0.0200626 -0.0502475 0.998549 163.346
0.999824 -0.00384086 0.0192162 0.56699 0.00286968 0.998737 0.0502648 3.01513 -0.0193838 -0.0501996 0.998564 164.706
0.999816 -0.00320231 0.0198713 0.585865 0.00219433 0.998726 0.0505335 3.06736 -0.020007 -0.05048 0.99854 166.065
0.999797 -0.00235894 0.0207834 0.601087 0.0013154 0.998752 0.0500392 3.11549 -0.0208745 -0.0500006 0.998544 167.398
0.999834 -0.000566923 0.0191769 0.619713 -0.000359848 0.998839 0.0482833 3.1689 -0.0191812 -0.0482818 0.998665 168.774
0.999816 0.00185557 0.0199342 0.631367 -0.00277948 0.998926 0.0463798 3.21328 -0.0198257 -0.0464256 0.998738 170.107
0.999814 0.00768513 0.0187239 0.641468 -0.00854863 0.998888 0.0464827 3.27116 -0.0183451 -0.0466336 0.998759 171.481
0.99977 0.0116311 0.0189146 0.649613 -0.0125262 0.998781 0.047877 3.32898 -0.0183337 -0.0481017 0.998688 172.849
0.999703 0.0141613 0.0207601 0.668627 -0.0151772 0.998658 0.0496326 3.38266 -0.0200287 -0.0499323 0.998567 174.213
0.999717 0.0146337 0.0196253 0.687919 -0.0156228 0.998573 0.0512018 3.43837 -0.018847 -0.0514927 0.998509 175.593
0.999752 0.0116632 0.019972 0.714427 -0.0127112 0.99851 0.0531805 3.49498 -0.0193212 -0.0534205 0.998401 176.965
0.999823 0.00940098 0.0172938 0.741519 -0.0103269 0.998483 0.0542152 3.54915 -0.0167568 -0.054383 0.998393 178.344
0.999837 0.00890623 0.0168623 0.75828 -0.00974163 0.998702 0.0501292 3.61414 -0.0163933 -0.0502848 0.998616 179.714
0.999862 0.0103458 0.0142185 0.779724 -0.0110135 0.998809 0.0476684 3.66737 -0.0137072 -0.0478173 0.998776 181.099
0.999847 0.0127899 0.0135101 0.793309 -0.0133897 0.998891 0.045285 3.72045 -0.0129153 -0.0454585 0.998899 182.479
0.999767 0.0171157 0.0143774 0.801693 -0.0177791 0.998729 0.0473191 3.76886 -0.0135481 -0.0475625 0.99879 183.844
0.999755 0.0187584 0.0132735 0.810303 -0.019403 0.998556 0.0502365 3.82453 -0.0123114 -0.0504812 0.998665 185.254
0.999729 0.0184961 0.015329 0.817435 -0.0192831 0.998423 0.052859 3.87654 -0.014326 -0.0531391 0.998499 186.628
0.999732 0.0190772 0.014469 0.831653 -0.0198302 0.99836 0.0538339 3.94516 -0.0134177 -0.0541059 0.998461 188.054
0.999787 0.0158434 0.0145116 0.848836 -0.0166133 0.998381 0.0545305 4.0009 -0.0136231 -0.0547587 0.998422 189.457
0.999825 0.0119083 0.0156609 0.865215 -0.0127592 0.998389 0.0554083 4.05034 -0.0149752 -0.0555981 0.998357 190.836
0.999865 0.00882329 0.0151618 0.888279 -0.00965727 0.998402 0.055806 4.10729 -0.014644 -0.0559436 0.998342 192.266
0.999858 0.00622002 0.0168407 0.907519 -0.00717081 0.998356 0.0569976 4.1734 -0.0164578 -0.0571099 0.998249 193.659
0.999888 0.00237984 0.0159829 0.93002 -0.0033161 0.998274 0.0587728 4.23631 -0.0158141 -0.0588178 0.99816 195.092
0.999866 -0.00047066 0.0174662 0.952123 -0.000574438 0.998219 0.0597759 4.29263 -0.0174624 -0.0597776 0.998076 196.482
0.999884 0.00168848 0.0163624 0.967643 -0.00260771 0.99842 0.0562814 4.36203 -0.0162402 -0.0563161 0.998298 197.917
0.999838 0.00875574 0.01687 0.973909 -0.00962404 0.998603 0.0520949 4.43022 -0.0163895 -0.0522485 0.998517 199.337
0.999671 0.0179765 0.0193353 0.975932 -0.018957 0.998488 0.0517579 4.49155 -0.0183742 -0.0521061 0.998489 200.742
0.999586 0.0228965 0.0184907 0.974321 -0.0238838 0.998203 0.0550808 4.54212 -0.0171954 -0.0554993 0.998328 202.193
0.999501 0.0243882 0.0209965 0.990524 -0.0255661 0.998011 0.0577674 4.60275 -0.0195444 -0.0582739 0.998127 203.615
0.99956 0.023514 0.0191169 1.01361 -0.0246055 0.99796 0.0590287 4.6745 -0.0176891 -0.0594728 0.998091 205.071
0.999637 0.0209095 0.0181446 1.03982 -0.0219639 0.997967 0.0599662 4.74344 -0.0168523 -0.0603414 0.998053 206.511
0.999678 0.0181696 0.0188076 1.06711 -0.0192808 0.997977 0.060696 4.80593 -0.0176658 -0.0610387 0.997997 207.93
0.999684 0.0195701 0.0170344 1.08244 -0.0205746 0.99794 0.0608991 4.89184 -0.015806 -0.0612287 0.998016 209.393
0.999661 0.0201162 0.0176675 1.09923 -0.0211623 0.99791 0.0611808 4.96527 -0.016399 -0.0615334 0.997989 210.817
0.999635 0.0223259 0.0165576 1.11143 -0.0233173 0.997794 0.0622894 5.0473 -0.0151289 -0.0626511 0.997939 212.299
0.999659 0.0215558 0.0160628 1.12401 -0.0225353 0.997733 0.0635441 5.12336 -0.0146558 -0.0638838 0.997869 213.758
0.99964 0.021806 0.016959 1.14442 -0.0228439 0.997723 0.0635941 5.20317 -0.015532 -0.063957 0.997851 215.193
0.999655 0.0221992 0.0154064 1.15474 -0.023137 0.997712 0.0636524 5.283 -0.0139574 -0.0639863 0.997872 216.688
0.999612 0.0235249 0.0162826 1.17388 -0.024517 0.99768 0.0636507 5.36777 -0.0147458 -0.0640235 0.997859 218.123
0.999579 0.0258221 0.0147252 1.18607 -0.0267174 0.997583 0.0642829 5.45456 -0.0130289 -0.0646486 0.997842 219.615
0.999515 0.0278636 0.0154078 1.20356 -0.0288002 0.997524 0.064305 5.54541 -0.0135764 -0.0647159 0.997831 221.061
0.999483 0.0297516 0.0137474 1.21308 -0.0305784 0.997458 0.0645003 5.63583 -0.0117927 -0.0648868 0.997842 222.551
0.999456 0.030882 0.0132785 1.2243 -0.0316816 0.997397 0.0649172 5.72221 -0.0112378 -0.0653011 0.997822 224.036
0.999402 0.032321 0.0138567 1.23237 -0.03315 0.997375 0.0645196 5.81275 -0.0117343 -0.0649398 0.997839 225.509
0.999414 0.0324303 0.0127494 1.24203 -0.0331881 0.997373 0.0645316 5.89002 -0.0106218 -0.0649154 0.997854 227.012
0.999393 0.0327398 0.0135607 1.25627 -0.0335488 0.997362 0.0645127 5.97547 -0.0114121 -0.0649279 0.997844 228.487
0.999376 0.0334853 0.0130262 1.27438 -0.0342608 0.997327 0.064688 6.06612 -0.0108238 -0.0650924 0.99784 229.994
0.999389 0.033023 0.0132013 1.28672 -0.0338165 0.997304 0.0652638 6.1506 -0.0110097 -0.0656696 0.9978 231.49
0.999365 0.0332009 0.0145702 1.29575 -0.0340862 0.997287 0.0653843 6.24075 -0.0123584 -0.0658378 0.997773 232.977
0.999362 0.0336684 0.0135597 1.31026 -0.0344831 0.997288 0.0651696 6.32434 -0.0113279 -0.0655948 0.997802 234.479
0.999363 0.0329778 0.015189 1.32508 -0.0339038 0.997296 0.0653432 6.40251 -0.0129917 -0.0658151 0.997767 235.977
0.999357 0.0335565 0.0142344 1.33609 -0.0344226 0.997252 0.0657484 6.49284 -0.0119881 -0.0661953 0.997755 237.486
0.999395 0.0321395 0.0149622 1.34824 -0.0330779 0.997193 0.0673316 6.57213 -0.0127548 -0.0677842 0.997639 238.993
0.999374 0.0314325 0.0175338 1.36675 -0.0325536 0.997176 0.0678208 6.65256 -0.0153515 -0.0683482 0.997564 240.486
0.999374 0.0319024 0.0167125 1.37698 -0.0329578 0.997206 0.0671823 6.73975 -0.0145212 -0.0676895 0.997621 242.01
0.999327 0.0322964 0.0186119 1.39945 -0.033465 0.997246 0.0663409 6.82524 -0.0164171 -0.0669181 0.997645 243.518
0.999316 0.0331 0.0178147 1.41496 -0.0342169 0.997209 0.0665024 6.91441 -0.0155625 -0.067065 0.997647 245.045
0.99932 0.0328523 0.018015 1.43499 -0.0339945 0.997165 0.0672728 6.99995 -0.0157529 -0.0678385 0.997593 246.567
0.999318 0.0325438 0.0187284 1.45309 -0.033746 0.997133 0.0678723 7.08396 -0.0164646 -0.0684564 0.997538 248.077
0.999339 0.0324901 0.017608 1.47796 -0.0336205 0.997111 0.0682464 7.17081 -0.0153388 -0.0687923 0.997534 249.613
0.9993 0.033018 0.018881 1.49157 -0.0342446 0.997054 0.0687762 7.25581 -0.0165533 -0.0693729 0.997474 251.124
0.999279 0.0341698 0.0178762 1.51228 -0.0353215 0.997023 0.0686674 7.3434 -0.0154756 -0.0692484 0.9975 252.666
0.999255 0.034174 0.0192032 1.53013 -0.0354223 0.997005 0.0688877 7.43864 -0.0167903 -0.0695148 0.997462 254.176
0.9993 0.0337682 0.0174917 1.55339 -0.0349023 0.997001 0.0692028 7.52926 -0.0151014 -0.0697639 0.99747 255.722
0.999327 0.0329238 0.0176187 1.57554 -0.0340777 0.996993 0.0697294 7.63252 -0.015269 -0.0702811 0.997432 257.251
0.999343 0.0316681 0.0189323 1.60107 -0.0329322 0.996965 0.0706772 7.72307 -0.0166357 -0.0712533 0.997341 258.768
0.999373 0.0316632 0.0173355 1.6324 -0.0328126 0.996977 0.0705563 7.8183 -0.0150482 -0.071079 0.997379 260.301
0.999335 0.0321929 0.0184569 1.65434 -0.0334183 0.996964 0.0704547 7.91185 -0.0161319 -0.0710236 0.997366 261.818
0.999359 0.0318659 0.0177875 1.69628 -0.0330575 0.996921 0.0712346 8.01089 -0.0154619 -0.0717751 0.997323 263.358
0.999359 0.0316615 0.0181257 1.72235 -0.0328791 0.996917 0.0713675 8.11939 -0.0158095 -0.0719167 0.997306 264.898
0.99936 0.0308521 0.019465 1.73956 -0.0321788 0.9969 0.0719406 8.20562 -0.0171843 -0.0725188 0.997242 266.421
0.999348 0.0315541 0.0188734 1.76654 -0.0328322 0.996891 0.0717558 8.29903 -0.0165498 -0.0723277 0.997265 267.951
0.999277 0.0325128 0.0209842 1.78402 -0.0339439 0.996848 0.0718422 8.39788 -0.0185813 -0.0725004 0.997218 269.486
0.999244 0.033885 0.0203531 1.80923 -0.03527 0.996786 0.0720574 8.49032 -0.0178452 -0.0727196 0.997214 271.024
0.999188 0.0349199 0.0213972 1.83144 -0.0363737 0.996768 0.0717659 8.58516 -0.0188211 -0.0724837 0.997216 272.559
0.999078 0.0361575 0.0242127 1.85146 -0.0378159 0.9967 0.0719584 8.67635 -0.0215301 -0.0728065 0.997135 274.089
0.999085 0.0364761 0.0235025 1.88323 -0.0380826 0.996691 0.0719462 8.77472 -0.0207995 -0.0727731 0.997155 275.629
0.998978 0.0373152 0.0265049 1.90796 -0.0391386 0.996648 0.0719778 8.8682 -0.0237292 -0.0729404 0.997075 277.157
0.999001 0.0371284 0.0259139 1.94431 -0.0389106 0.996654 0.0720142 8.9678 -0.0231525 -0.0729484 0.99709 278.698
0.99896 0.0374713 0.0269401 1.98062 -0.0393386 0.996603 0.0724962 9.06589 -0.0241311 -0.0734793 0.997027 280.233
0.99889 0.037024 0.0299944 2.0172 -0.039139 0.996553 0.0732716 9.16475 -0.0271772 -0.074362 0.996884 281.757
0.998939 0.0370974 0.0282248 2.0559 -0.0390878 0.996533 0.0735798 9.26502 -0.0253963 -0.0746034 0.996912 283.304
0.998874 0.0368627 0.030749 2.09939 -0.0390055 0.996634 0.0722464 9.36289 -0.0279813 -0.0733621 0.996936 284.826
0.998947 0.0368104 0.028324 2.13735 -0.0387565 0.996695 0.0715393 9.46455 -0.025596 -0.0725602 0.997058 286.378
0.998977 0.036688 0.0274609 2.17324 -0.038581 0.996677 0.071885 9.56528 -0.0247315 -0.0728686 0.997059 287.923
0.998968 0.0357495 0.0289472 2.21084 -0.0377566 0.996697 0.0720429 9.65968 -0.0262751 -0.07306 0.997003 289.454
0.999033 0.0361848 0.0260426 2.24292 -0.0379802 0.996685 0.0720846 9.75908 -0.023347 -0.0730016 0.997082 291.02
0.998973 0.036367 0.0280133 2.28049 -0.0382947 0.996704 0.0716586 9.85562 -0.0253139 -0.0726562 0.997058 292.554
0.999031 0.0366843 0.0254227 2.31166 -0.0384324 0.99667 0.072049 9.95719 -0.0226942 -0.072954 0.997101 294.132
0.999058 0.0364706 0.0246488 2.3419 -0.0381679 0.996662 0.0723101 10.0541 -0.0219282 -0.073181 0.9971 295.696
0.999007 0.0368911 0.0260456 2.37926 -0.0387076 0.996588 0.0730462 10.1516 -0.0232612 -0.0739796 0.997013 297.241
0.99901 0.0382055 0.0239909 2.40785 -0.0398905 0.996456 0.0741983 10.2529 -0.02107 -0.07508 0.996978 298.827
0.998923 0.0386813 0.0266769 2.44365 -0.0405724 0.996413 0.0744082 10.3525 -0.0237022 -0.075408 0.996896 300.388
0.998904 0.0395691 0.0261278 2.47562 -0.0414139 0.996385 0.0743113 10.4535 -0.0230917 -0.0753099 0.996916 301.986
0.998906 0.0392782 0.0264432 2.50821 -0.0411488 0.996393 0.074352 10.557 -0.0234266 -0.0753564 0.996905 303.57
0.998879 0.0385091 0.0285267 2.55254 -0.0405135 0.996492 0.0733779 10.6601 -0.0255995 -0.0744495 0.99692 305.141
0.998909 0.0383968 0.0276375 2.59314 -0.0403194 0.996547 0.0727278 10.7635 -0.0247488 -0.0737603 0.996993 306.74
0.998871 0.0384522 0.0289083 2.63272 -0.0404565 0.996574 0.0722811 10.8688 -0.0260286 -0.073367 0.996989 308.339
0.998931 0.0390356 0.0258706 2.67149 -0.0408183 0.996553 0.0723754 10.9726 -0.0229555 -0.0733516 0.997066 309.936
0.998959 0.0396245 0.0238247 2.70683 -0.0412675 0.996491 0.0729597 11.0815 -0.0208488 -0.073865 0.997074 311.539
0.998897 0.0403835 0.025106 2.73176 -0.0421724 0.996277 0.075344 11.1937 -0.0219692 -0.0763172 0.996866 313.148
0.998951 0.0395093 0.0243425 2.77579 -0.0413042 0.996087 0.0782731 11.3014 -0.0211534 -0.0791944 0.99666 314.774
0.998932 0.0388606 0.0261075 2.80394 -0.040808 0.996072 0.0787197 11.416 -0.0229451 -0.0796985 0.99658 316.38
0.998977 0.0383213 0.0252101 2.84562 -0.0402034 0.996078 0.0789542 11.5274 -0.0220844 -0.0798848 0.996584 318.008
0.99894 0.0380918 0.026957 2.87875 -0.0401138 0.996085 0.0789113 11.6485 -0.0238448 -0.0799063 0.996542 319.613
0.998965 0.0381456 0.0259548 2.92055 -0.0401001 0.99604 0.0794905 11.768 -0.0228185 -0.0804468 0.996523 321.24
0.998955 0.0379913 0.0265607 2.95896 -0.0400092 0.995996 0.0800776 11.8793 -0.0234113 -0.0810538 0.99646 322.858
0.99887 0.0385924 0.0287992 2.99087 -0.0407811 0.995992 0.079736 12.0068 -0.0256052 -0.0808181 0.996426 324.462
0.998862 0.0391271 0.0283481 3.03554 -0.0412867 0.995944 0.0800752 12.1279 -0.0250992 -0.0811518 0.996411 326.082
0.998802 0.0386968 0.0309515 3.0734 -0.0411185 0.995806 0.0818628 12.2434 -0.0276525 -0.0830351 0.996188 327.687
0.998837 0.0385551 0.0299929 3.12434 -0.0409239 0.995734 0.0828294 12.3655 -0.0266706 -0.0839577 0.996138 329.305
0.998827 0.0387829 0.0300176 3.16823 -0.0411706 0.995668 0.0834976 12.4878 -0.026648 -0.0846332 0.996081 330.913
0.99876 0.0392636 0.0316009 3.20528 -0.0418064 0.995576 0.0842803 12.609 -0.0281511 -0.0854942 0.995967 332.515
0.998762 0.0403093 0.0301979 3.25132 -0.0427197 0.995565 0.083954 12.7486 -0.0266785 -0.0851376 0.996038 334.123
0.998661 0.0420394 0.0311775 3.28612 -0.0445381 0.995455 0.0843153 12.8596 -0.0274906 -0.0855881 0.995977 335.71
0.998691 0.0427135 0.0292358 3.32919 -0.0450732 0.995331 0.0854807 12.9843 -0.0254469 -0.086684 0.995937 337.319
0.998698 0.0430102 0.028542 3.36862 -0.0453659 0.995118 0.0877699 13.107 -0.0246271 -0.0889475 0.995758 338.921
0.998674 0.0433425 0.0288741 3.40223 -0.0457694 0.994946 0.0894973 13.2367 -0.0248478 -0.0906975 0.995595 340.498
0.998726 0.0436355 0.0265769 3.44304 -0.0458749 0.994855 0.0904529 13.3649 -0.0224926 -0.0915539 0.995573 342.108
0.998737 0.0436232 0.0261986 3.47415 -0.0458357 0.994824 0.0908117 13.4904 -0.0221002 -0.0918951 0.99555 343.678
0.998849 0.0426394 0.0233819 3.50982 -0.0446165 0.994789 0.0917978 13.6195 -0.0193454 -0.0927324 0.99553 345.281
0.998906 0.0418361 0.0223867 3.54266 -0.0437436 0.994728 0.0928621 13.7483 -0.0183825 -0.0937371 0.995454 346.869
0.9989 0.0415072 0.0232723 3.56754 -0.0435089 0.994694 0.0933474 13.8748 -0.0192736 -0.094254 0.995389 348.431
0.998932 0.0414025 0.0220556 3.60041 -0.0432971 0.994664 0.0937584 14.011 -0.0180548 -0.0946104 0.995379 350.033
0.998917 0.0411867 0.0231433 3.62683 -0.0431891 0.994651 0.0939459 14.1457 -0.0191496 -0.0948404 0.995336 351.593
0.998949 0.0408277 0.0223422 3.65784 -0.0427637 0.994626 0.0944026 14.285 -0.0183666 -0.095256 0.995312 353.193
0.998958 0.0405366 0.0224895 3.68773 -0.0424945 0.994606 0.0947367 14.4189 -0.0185274 -0.0955904 0.995277 354.775
0.998938 0.0403902 0.0235937 3.71365 -0.0424569 0.994594 0.0948815 14.5537 -0.0196325 -0.0957797 0.995237 356.334
0.998973 0.0400394 0.022709 3.74662 -0.0420336 0.994559 0.095435 14.6887 -0.0187638 -0.0962882 0.995205 357.931
0.998956 0.0398408 0.0238038 3.77521 -0.0419409 0.994564 0.0954216 14.8257 -0.0198715 -0.0963173 0.995181 359.493
0.999 0.039277 0.0228769 3.80915 -0.0412953 0.994567 0.0956667 14.9606 -0.0189946 -0.0965123 0.995179 361.087
0.999041 0.0380969 0.0230948 3.84234 -0.0401643 0.994498 0.096862 15.1007 -0.0192763 -0.0976937 0.995059 362.67
0.99904 0.0372138 0.0245206 3.8715 -0.0394455 0.99443 0.0978462 15.2333 -0.0207422 -0.0987161 0.994928 364.239
0.999062 0.0372371 0.0235921 3.90892 -0.039379 0.994421 0.0979682 15.3771 -0.0198111 -0.0988023 0.994939 365.833
0.999005 0.0377603 0.0251385 3.93858 -0.0400557 0.994383 0.098083 15.5205 -0.0212929 -0.0989888 0.994889 367.404
0.998989 0.0384928 0.0246271 3.97402 -0.0407492 0.994281 0.0988308 15.6671 -0.0206806 -0.0997315 0.994829 368.999
0.998934 0.0387144 0.0264654 4.00083 -0.041175 0.994169 0.0997717 15.811 -0.0224478 -0.100751 0.994687 370.579
0.998944 0.0389578 0.0256944 4.04179 -0.0413474 0.994123 0.100159 15.9555 -0.0216401 -0.101112 0.994669 372.178
0.998936 0.038965 0.026046 4.07808 -0.0413914 0.994117 0.100196 16.0992 -0.021988 -0.101164 0.994656 373.768
0.998876 0.0391071 0.0280186 4.10934 -0.0417368 0.994084 0.100383 16.2514 -0.0239257 -0.101436 0.994584 375.346
0.998896 0.0392667 0.0270749 4.15096 -0.0418117 0.99403 0.10088 16.4068 -0.0229514 -0.101897 0.994559 376.954
0.998831 0.0394499 0.0291388 4.18306 -0.0422131 0.993977 0.101238 16.5582 -0.0249681 -0.102346 0.994466 378.537
0.998838 0.0399246 0.0282447 4.22436 -0.0426115 0.993888 0.101947 16.7144 -0.0240011 -0.103029 0.994418 380.152
0.998795 0.0407065 0.0286565 4.26078 -0.0434373 0.993828 0.102181 16.8665 -0.0243189 -0.103299 0.994383 381.751
0.998719 0.0410747 0.03072 4.29631 -0.0440167 0.993806 0.102148 17.0136 -0.0263333 -0.103365 0.994324 383.338
0.998735 0.0414391 0.0296748 4.33708 -0.0442832 0.993744 0.10264 17.1601 -0.0252344 -0.103821 0.994306 384.959
0.998662 0.0417646 0.0316531 4.37401 -0.0448344 0.993639 0.103411 17.3082 -0.027132 -0.104688 0.994165 386.547
0.998679 0.0420194 0.0307361 4.41332 -0.0450089 0.993561 0.104081 17.4568 -0.0261633 -0.105324 0.994124 388.174
0.998643 0.0425641 0.0311762 4.45367 -0.0456049 0.993506 0.104349 17.6032 -0.0265313 -0.105625 0.994083 389.788
0.998611 0.0421423 0.0327322 4.4904 -0.0453659 0.993455 0.104936 17.7542 -0.0280942 -0.106272 0.993971 391.38
