1 0 0 0 0 1 0 0 0 0 1 0
0.999995 -0.00111387 -0.00298456 -0.00478221 0.00111253 0.999999 -0.000463006 -0.0022176 0.00298507 0.00045962 0.999995 0.680214
0.999976 -0.000970512 -0.00680164 -0.0133794 0.000966936 0.999999 -0.000528227 -0.00409319 0.00680213 0.000521623 0.999977 1.37543
0.999945 -0.00117948 -0.0104681 -0.0274566 0.00117245 0.999999 -0.000681007 -0.00278664 0.0104689 0.000668624 0.999944 2.08901
0.999884 -0.000793677 -0.0152606 -0.0462419 0.000783905 0.999999 -0.00064997 -0.00303628 0.0152611 0.000637917 0.999883 2.81606
0.999808 -0.000877543 -0.0196229 -0.0624246 0.00086677 0.999999 -0.00055728 -0.00721873 0.0196233 0.000540094 0.999806 3.5574
0.999711 -0.000320675 -0.0240666 -0.0886106 0.000308916 0.999999 -0.000494822 -0.00862127 0.0240668 0.000487249 0.99971 4.31421
0.999587 0.000823234 -0.028764 -0.120562 -0.000835827 0.999999 -0.000426526 -0.0117885 0.0287636 0.000450292 0.999585 5.08697
0.999451 0.00130934 -0.0331526 -0.152115 -0.00131306 0.999998 -9.28909e-05 -0.0119496 0.0331525 0.000136387 0.99945 5.87462
0.999296 0.00158827 -0.0375115 -0.186754 -0.00157089 0.999998 0.000489892 -0.0113257 0.0375123 -0.000430807 0.999295 6.6739
0.999153 0.00186026 -0.0411359 -0.216993 -0.0018192 0.999997 0.0010341 -0.0141551 0.0411378 -0.000958414 0.999154 7.48178
0.999036 0.0024459 -0.0438513 -0.260967 -0.00238955 0.999996 0.001335 -0.0133912 0.0438544 -0.00122924 0.999037 8.29403
0.998941 0.00230979 -0.0459816 -0.302574 -0.00225534 0.999996 0.00123576 -0.0103679 0.0459841 -0.0011308 0.998942 9.1148
0.998851 0.00125966 -0.0479305 -0.339915 -0.00120566 0.999998 0.00115332 -0.00971998 0.0479319 -0.00109451 0.99885 9.94643
0.998752 0.00140268 -0.0499523 -0.382865 -0.00132957 0.999997 0.00149615 -0.00731128 0.0499543 -0.00142795 0.998752 10.7868
0.998681 0.00118493 -0.0513549 -0.429334 -0.00107766 0.999997 0.0021149 -0.0177082 0.0513572 -0.00205713 0.998678 11.6393
0.998595 0.00263808 -0.0529628 -0.479421 -0.00257004 0.999995 0.00135407 -0.0125257 0.052966 -0.00121613 0.998597 12.4951
0.998525 0.00302758 -0.0542412 -0.532496 -0.00296681 0.999995 0.0011992 -0.0146761 0.0542445 -0.00103682 0.998528 13.3594
0.998468 0.00505292 -0.055136 -0.59384 -0.00501158 0.999986 0.000889568 -0.0180067 0.0551398 -0.000611991 0.99848 14.2374
0.998363 0.00508 -0.0569942 -0.648678 -0.00500193 0.999986 0.00151063 -0.0215101 0.0570012 -0.00122337 0.998374 15.1236
0.99829 0.00476718 -0.0582968 -0.703143 -0.0046387 0.999985 0.00234096 -0.0259021 0.0583072 -0.00206666 0.998297 16.0182
0.998272 0.00447974 -0.0586342 -0.761367 -0.00432911 0.999987 0.00269413 -0.0259303 0.0586455 -0.00243583 0.998277 16.9171
0.998164 0.00432446 -0.0604443 -0.818241 -0.00415561 0.999986 0.00292071 -0.0324305 0.0604561 -0.00266427 0.998168 17.82
0.99814 0.0040979 -0.0608661 -0.878306 -0.00394542 0.999988 0.00262389 -0.0289039 0.0608762 -0.00237908 0.998143 18.7222
0.998025 0.0037882 -0.0627389 -0.936887 -0.0036299 0.999989 0.00263982 -0.0365886 0.0627483 -0.00240693 0.998027 19.6373
0.997984 0.00335139 -0.063412 -0.994984 -0.00313821 0.999989 0.00345973 -0.0403607 0.063423 -0.00325397 0.997983 20.5557
0.998059 0.00344537 -0.0622234 -1.06296 -0.00316288 0.999983 0.00464084 -0.0366091 0.0622384 -0.00443511 0.998052 21.482
0.998036 0.00343829 -0.0625866 -1.12813 -0.00305607 0.999976 0.00620051 -0.0404096 0.0626065 -0.00599732 0.998022 22.416
0.99813 0.00335965 -0.0610803 -1.18674 -0.00291191 0.999967 0.0074211 -0.0447737 0.0611033 -0.00722945 0.998106 23.3521
0.99828 0.00345343 -0.0585641 -1.24577 -0.00299537 0.999964 0.00790592 -0.0445333 0.0585894 -0.00771716 0.998254 24.3006
0.998329 0.00402802 -0.0576919 -1.29986 -0.00364173 0.99997 0.00680385 -0.0492851 0.0577176 -0.00658242 0.998312 25.2381
0.998453 0.00439825 -0.0554887 -1.36665 -0.00410252 0.999976 0.00544113 -0.0429137 0.0555114 -0.0052053 0.998447 26.1914
0.998466 0.00434407 -0.0552594 -1.41929 -0.00408525 0.999979 0.00480282 -0.0446606 0.0552792 -0.00456976 0.998461 27.149
0.998514 0.0032247 -0.054466 -1.47603 -0.00288746 0.999975 0.00626856 -0.0484791 0.0544849 -0.0061022 0.998498 28.1202
0.998576 0.00167461 -0.0533738 -1.53471 -0.00111374 0.999943 0.0105441 -0.0473047 0.0533885 -0.0104696 0.99852 29.0925
0.998481 -0.00141331 -0.0551436 -1.58434 0.00216119 0.999906 0.0135054 -0.0387499 0.0551193 -0.0136043 0.99839 30.0672
0.998402 -0.00820653 -0.0559661 -1.63229 0.00905752 0.999846 0.0149786 -0.0320417 0.0558346 -0.0154616 0.998322 31.0453
0.998387 -0.00712258 -0.0563939 -1.68545 0.0079102 0.999873 0.0137578 -0.0221822 0.0562888 -0.0141818 0.998316 32.0248
0.998268 -0.00596161 -0.0585799 -1.74422 0.00671007 0.999896 0.0125985 -0.00456859 0.0584988 -0.0129698 0.998204 32.9999
0.998171 -0.00628669 -0.0602028 -1.80932 0.00705289 0.999896 0.012526 0.0106184 0.0601179 -0.012928 0.99811 33.9864
0.998183 -0.00713143 -0.0598855 -1.8721 0.00798804 0.999868 0.0140867 0.0193305 0.059777 -0.0145395 0.998107 34.9966
0.998054 -0.00607634 -0.0621304 -1.94326 0.00702055 0.999861 0.0149938 0.0384456 0.0620307 -0.015401 0.997958 35.9905
0.998061 -0.00504904 -0.0620963 -2.0113 0.00602874 0.999858 0.0156094 0.0392459 0.0620086 -0.0159535 0.997949 36.9986
0.99794 -0.00450748 -0.0640838 -2.07885 0.00556234 0.99985 0.0162956 0.0536159 0.0640009 -0.0166187 0.997814 37.9938
0.99793 -0.00514651 -0.0641613 -2.14344 0.00629048 0.999823 0.0176493 0.065087 0.064059 -0.0180164 0.997785 39.0011
0.997983 -0.00367085 -0.0634563 -2.21728 0.00478244 0.999836 0.0173763 0.101239 0.0633822 -0.017645 0.997835 40.0005
0.99795 -0.00300226 -0.0639949 -2.28677 0.00412967 0.999837 0.0175014 0.102753 0.0639319 -0.0177299 0.997799 40.9912
0.99795 -0.00127801 -0.0640606 -2.35234 0.00238063 0.999849 0.0171407 0.098869 0.064029 -0.0172583 0.997801 41.9795
0.998003 0.000478899 -0.063237 -2.42635 0.00057373 0.99986 0.016636 0.110224 0.0632362 -0.016639 0.997862 42.9805
0.997908 0.000386688 -0.0647218 -2.4912 0.000737212 0.999847 0.0173428 0.118613 0.0647188 -0.0173546 0.997755 43.9631
0.997828 -0.000110058 -0.0659485 -2.55555 0.00129815 0.999836 0.017982 0.125508 0.0659359 -0.0180286 0.997664 44.9534
0.997834 0.000626913 -0.0658446 -2.62485 0.00057289 0.999833 0.0182033 0.13532 0.0658452 -0.0182019 0.997667 45.9496
0.997775 0.00190311 -0.0667312 -2.69818 -0.000796657 0.99986 0.0166131 0.147197 0.0667537 -0.016523 0.997636 46.9167
0.997794 0.0024899 -0.0664041 -2.77168 -0.00150914 0.999888 0.0148178 0.159025 0.0664338 -0.0146853 0.997686 47.8934
0.997715 0.00262765 -0.067594 -2.84201 -0.00162803 0.999887 0.0148493 0.171809 0.0676255 -0.0147053 0.997606 48.8639
0.997692 0.00138722 -0.0679597 -2.90748 -0.000279383 0.999866 0.0163112 0.191058 0.0679734 -0.0162549 0.997558 49.8383
0.997761 -0.000210082 -0.0669671 -2.97946 0.00161324 0.999779 0.0209106 0.17971 0.0669481 -0.0209718 0.99754 50.8118
0.997697 -8.79136e-05 -0.067902 -3.04332 0.00150964 0.99978 0.0208911 0.203057 0.0678855 -0.0209459 0.997477 51.775
0.997697 -0.000656749 -0.0679071 -3.1115 0.00208347 0.999777 0.0209529 0.220364 0.0678784 -0.0210462 0.997475 52.7348
0.997753 -0.00101737 -0.0670724 -3.17409 0.00241514 0.99978 0.0207661 0.235986 0.0670369 -0.0208818 0.997536 53.6893
0.997626 -0.00122555 -0.0689323 -3.24071 0.00269908 0.999768 0.0212983 0.260092 0.0688904 -0.021434 0.997398 54.638
0.997663 -0.00230191 -0.0683746 -3.30361 0.00388671 0.999726 0.0230582 0.281331 0.0683031 -0.0232706 0.997397 55.5893
0.99754 -0.00224709 -0.0701463 -3.36922 0.00429119 0.999568 0.0290168 0.294858 0.070051 -0.0292466 0.997118 56.5417
0.997514 -0.00147244 -0.0705451 -3.4388 0.00353946 0.999567 0.0291882 0.320255 0.070472 -0.029366 0.997086 57.4854
0.997525 -0.000563734 -0.0704067 -3.51185 0.00251587 0.999613 0.0276542 0.339159 0.070364 -0.0277631 0.997139 58.4157
0.997337 0.00129194 -0.0730156 -3.58398 0.000191071 0.999794 0.0203036 0.351633 0.0730272 -0.0202642 0.997129 59.3404
0.99727 0.00254403 -0.073884 -3.65999 -0.00130957 0.999858 0.0167641 0.355043 0.0739163 -0.0166219 0.99713 60.2591
0.997286 0.00388655 -0.0736244 -3.73844 -0.00260106 0.999843 0.0175507 0.37204 0.0736815 -0.0173123 0.997137 61.16
0.997157 0.00476474 -0.0752874 -3.81101 -0.00335856 0.999816 0.0188055 0.374859 0.0753633 -0.0184995 0.996989 62.0558
0.997066 0.00567634 -0.0764414 -3.88815 -0.00421997 0.999806 0.0192034 0.380426 0.076536 -0.0188252 0.996895 62.9355
0.997042 0.0072424 -0.0766155 -3.95864 -0.00578985 0.999798 0.019176 0.378465 0.076739 -0.018676 0.996881 63.8
0.996854 0.00838326 -0.0789158 -4.03032 -0.00685525 0.999784 0.0196161 0.384268 0.0790635 -0.0190141 0.996694 64.6581
0.99682 0.00901761 -0.0792645 -4.10449 -0.00745222 0.999771 0.0200337 0.391945 0.0794271 -0.0193796 0.996657 65.4972
0.99667 0.00933389 -0.081109 -4.17507 -0.00770863 0.999763 0.0203313 0.394466 0.0812799 -0.0196391 0.996504 66.3234
0.996544 0.0104553 -0.0824975 -4.2449 -0.00877202 0.999745 0.0207514 0.395727 0.0826935 -0.0199563 0.996381 67.1359
0.996509 0.0113016 -0.0828259 -4.31835 -0.00955384 0.999723 0.0214707 0.40584 0.083046 -0.0206051 0.996339 67.9418
0.996349 0.0115991 -0.0846843 -4.39224 -0.00972311 0.999698 0.0225417 0.413501 0.0849203 -0.0216362 0.996159 68.7299
0.996197 0.012942 -0.0862624 -4.46085 -0.0110129 0.999679 0.0228044 0.421693 0.0865302 -0.0217684 0.996018 69.5036
0.996141 0.0140186 -0.0867439 -4.53349 -0.0122208 0.999698 0.0212307 0.437972 0.0870155 -0.0200889 0.996011 70.2561
0.995954 0.0139963 -0.0888783 -4.60647 -0.0127479 0.999812 0.0145998 0.444485 0.0890664 -0.0134084 0.995942 70.9816
0.995886 0.0145399 -0.0895488 -4.67363 -0.0137594 0.999861 0.009334 0.431441 0.0896722 -0.00806361 0.995945 71.6913
0.995775 0.0143975 -0.0908089 -4.74696 -0.0135763 0.99986 0.00965501 0.43888 0.0909356 -0.00838193 0.995829 72.3811
0.995697 0.0156815 -0.0914417 -4.81685 -0.0146927 0.999825 0.0114827 0.43033 0.0916059 -0.01009 0.995752 73.0594
0.995704 0.0142472 -0.0915999 -4.87589 -0.0130747 0.999824 0.0133889 0.412187 0.0917749 -0.0121343 0.995713 73.7409
0.995565 0.0130813 -0.0932676 -4.93498 -0.0120085 0.999855 0.012061 0.426533 0.0934119 -0.0108877 0.995576 74.3634
0.99562 0.00875287 -0.0932048 -4.98883 -0.00790985 0.999924 0.00941194 0.420218 0.0932803 -0.00863401 0.99561 74.9751
0.995785 0.00491278 -0.0917061 -5.04346 -0.00436583 0.999971 0.0061726 0.422745 0.0917339 -0.00574639 0.995775 75.5689
0.996009 0.00617186 -0.0891732 -5.09922 -0.00556617 0.99996 0.00704165 0.417862 0.0892133 -0.00651771 0.995999 76.1464
0.996346 0.0102186 -0.0849224 -5.16257 -0.00944276 0.999911 0.00954183 0.429868 0.0850126 -0.00870515 0.996351 76.7137
0.996791 0.00957649 -0.079616 -5.21352 -0.00871372 0.999899 0.0111787 0.419941 0.0797153 -0.0104496 0.996771 77.3065
0.997181 0.00858242 -0.0747132 -5.24665 -0.00769832 0.999899 0.0121245 0.412961 0.0748101 -0.0115151 0.997141 77.8453
0.997816 0.00497418 -0.0660552 -5.27473 -0.00397223 0.999875 0.0152947 0.394552 0.0661233 -0.0149995 0.997707 78.3774
0.998436 0.00679982 -0.0557316 -5.30378 -0.0059649 0.999869 0.0151501 0.403194 0.0558278 -0.0147939 0.998341 78.8943
0.999106 0.0114085 -0.041018 -5.33613 -0.0108206 0.999836 0.0145299 0.411627 0.0411774 -0.0140736 0.999061 79.4212
0.999634 0.0158609 -0.0225514 -5.35339 -0.0155174 0.999763 0.0153626 0.416612 0.0227905 -0.0150069 0.999638 79.9259
0.999895 0.0152941 -0.0010849 -5.34532 -0.0152753 0.999759 0.0157874 0.411676 0.00132668 -0.0157698 0.999884 80.4023
0.999616 0.0122335 0.0253886 -5.32182 -0.0126596 0.999782 0.0166596 0.405393 -0.0251783 -0.0169744 0.999549 80.8853
0.998458 0.0120209 0.0544327 -5.28464 -0.0129803 0.999766 0.017304 0.409768 -0.0542112 -0.0179845 0.998377 81.3431
0.996094 0.0120188 0.0876352 -5.23288 -0.0136875 0.999737 0.0184576 0.412786 -0.087389 -0.0195848 0.995992 81.8031
0.992041 0.0117171 0.125475 -5.16685 -0.0141782 0.999724 0.0187371 0.419894 -0.12522 -0.0203677 0.991929 82.2546
0.985988 0.0125829 0.166423 -5.0786 -0.0158635 0.999706 0.018394 0.424378 -0.166141 -0.0207761 0.985894 82.6897
0.977258 0.0127928 0.211732 -4.97072 -0.0170762 0.999685 0.0184127 0.412611 -0.211429 -0.0216102 0.977164 83.1227
0.965265 0.0144174 0.26093 -4.8497 -0.0195128 0.999667 0.0169455 0.415943 -0.260596 -0.0214482 0.965221 83.5448
0.949566 0.0154085 0.313233 -4.69935 -0.0211217 0.999667 0.0148533 0.410973 -0.312898 -0.0207209 0.949572 83.9269
0.929302 0.0153792 0.369041 -4.5297 -0.0218357 0.999674 0.0133237 0.411771 -0.368713 -0.0204399 0.92933 84.3141
0.904828 0.0166944 0.425484 -4.33928 -0.0239127 0.999647 0.0116285 0.413086 -0.425137 -0.0206969 0.904904 84.6767
0.875655 0.0170589 0.482666 -4.12753 -0.0247495 0.999648 0.00956863 0.414442 -0.48233 -0.0203244 0.875766 85.0123
0.8418 0.0162193 0.539572 -3.8898 -0.0242845 0.999675 0.00783601 0.411477 -0.539267 -0.0197003 0.841916 85.3415
0.805039 0.0158968 0.593036 -3.64206 -0.0242447 0.999688 0.0061134 0.410948 -0.59275 -0.0192994 0.805169 85.6213
0.7648 0.0149688 0.644116 -3.36629 -0.0239849 0.999699 0.00524558 0.407677 -0.643841 -0.0194615 0.764926 85.9066
0.721914 0.0147548 0.691849 -3.09319 -0.0250472 0.999675 0.00481508 0.414559 -0.691549 -0.0208048 0.722046 86.1597
0.67656 0.0139717 0.736275 -2.79275 -0.0253037 0.999671 0.00428066 0.410607 -0.73597 -0.0215271 0.676688 86.3983
0.629519 0.013151 0.776895 -2.47642 -0.0249365 0.999684 0.00328301 0.405837 -0.776602 -0.0214396 0.629645 86.6176
0.582713 0.0109725 0.812622 -2.16245 -0.0215398 0.999766 0.00194553 0.401064 -0.812407 -0.0186379 0.582811 86.8019
0.535451 0.0126147 0.844492 -1.83188 -0.0227178 0.999742 -0.000530211 0.406036 -0.844277 -0.018901 0.535597 86.9867
0.488031 0.0151955 0.872711 -1.49545 -0.0259546 0.999659 -0.00289244 0.414617 -0.872454 -0.0212398 0.488257 87.1487
0.442326 0.0154898 0.896739 -1.15529 -0.026534 0.999639 -0.0041796 0.401626 -0.896477 -0.0219452 0.442575 87.298
0.399301 0.0132362 0.916741 -0.786067 -0.0219271 0.999747 -0.00488474 0.396023 -0.91657 -0.0181514 0.39949 87.4262
0.35964 0.00592895 0.93309 -0.421649 -0.00992861 0.999947 -0.00252745 0.383554 -0.933052 -0.00835528 0.359679 87.5167
0.323655 0.0026529 0.946188 -0.0496907 -0.00511983 0.999986 -0.00105323 0.388159 -0.946174 -0.00450393 0.323664 87.6073
0.289999 0.0060957 0.957026 0.32267 -0.00794886 0.999961 -0.00396092 0.392156 -0.957008 -0.00645858 0.290035 87.7164
0.258586 0.012779 0.965919 0.685465 -0.017383 0.999812 -0.00857449 0.388047 -0.965844 -0.0145738 0.258759 87.8199
0.229877 0.0167336 0.973094 1.06861 -0.0217256 0.999691 -0.0120591 0.383179 -0.972991 -0.0183689 0.230169 87.9093
0.203512 0.0171119 0.978938 1.46383 -0.020783 0.999696 -0.0131549 0.367502 -0.978864 -0.0176686 0.203805 87.9834
0.180095 0.0180068 0.983503 1.87325 -0.0147676 0.999769 -0.0156009 0.360855 -0.983553 -0.0117143 0.180319 88.0301
0.159314 0.0221742 0.986993 2.28954 -0.0100777 0.999731 -0.0208344 0.349966 -0.987188 -0.00662781 0.159495 88.0721
0.139054 0.0282078 0.989901 2.72024 -0.00897956 0.999589 -0.0272228 0.360077 -0.990258 -0.00510351 0.13925 88.1236
0.121073 0.0293978 0.992223 3.15797 -0.0103608 0.999543 -0.0283511 0.352919 -0.992601 -0.00684815 0.121322 88.1686
0.105187 0.0259476 0.994132 3.61416 -0.0105041 0.999633 -0.0249802 0.34346 -0.994411 -0.00781503 0.105421 88.2199
0.0901331 0.0231117 0.995676 4.08606 -0.00913066 0.999706 -0.0223793 0.325012 -0.995899 -0.00707456 0.0903177 88.2621
0.0770757 0.0219475 0.996802 4.57243 -0.00831108 0.999737 -0.0213699 0.310011 -0.997005 -0.00663759 0.0772373 88.292
0.0647948 0.0213556 0.997684 5.07602 -0.00419309 0.999766 -0.0211286 0.294197 -0.997901 -0.00281485 0.0648694 88.319
0.0549376 0.0214594 0.998278 5.58196 -0.00388685 0.999765 -0.0212779 0.281557 -0.998497 -0.00271142 0.0550078 88.3374
0.0469273 0.0215201 0.998681 6.11391 -0.00330679 0.999764 -0.0213887 0.267907 -0.998905 -0.00229921 0.0469877 88.3602
0.0406988 0.0214008 0.998961 6.66356 -0.00258199 0.999769 -0.0213134 0.256095 -0.999183 -0.00171209 0.0407444 88.3833
0.0353884 0.0214987 0.999157 7.22257 -0.00275155 0.999765 -0.021415 0.242157 -0.999383 -0.00199199 0.0354395 88.4012
0.0292932 0.021481 0.999359 7.80806 -0.00290705 0.999766 -0.021405 0.229785 -0.999582 -0.00227837 0.0293485 88.422
0.0241746 0.0210503 0.999501 8.41828 -0.00177672 0.999776 -0.0210138 0.214894 -0.999719 -0.00126839 0.0242069 88.439
0.0213789 0.0208942 0.999573 9.02946 -0.00175948 0.999781 -0.0208614 0.197581 -0.999785 -0.00131296 0.0214108 88.4475
0.0183882 0.0206212 0.999634 9.66649 -0.0014975 0.999785 -0.0205975 0.184469 -0.999842 -0.0011188 0.0184155 88.4596
0.0153235 0.0203332 0.999696 10.3267 -0.000869028 0.999793 -0.0203223 0.172436 -0.999897 -0.000557665 0.0153379 88.4719
0.0148206 0.0198772 0.999708 10.9936 0.000405802 0.9998 -0.0198858 0.152526 -0.999903 0.000699856 0.0148099 88.4787
0.0152651 0.019621 0.999711 11.6887 0.00191912 0.999805 -0.0196525 0.137756 -0.999897 0.00221818 0.0152243 88.4877
0.0180249 0.0194016 0.999665 12.3814 0.00276333 0.999806 -0.0194549 0.124892 -0.999847 0.0031125 0.0179682 88.4953
0.0218116 0.0191763 0.999598 13.1005 0.00319121 0.999809 -0.0192504 0.108093 -0.999773 0.00360945 0.021746 88.5131
0.025867 0.0188679 0.999504 13.8469 0.00305879 0.999815 -0.0189536 0.0888679 -0.999674 0.00354683 0.025805 88.5344
0.0302333 0.0181628 0.999398 14.5919 0.00345556 0.999827 -0.0182756 0.072474 -0.999553 0.0040057 0.030165 88.5569
0.0343972 0.0175878 0.99927 15.3617 0.00337805 0.999836 -0.0177147 0.0611338 -0.999416 0.00398414 0.0343327 88.5854
0.0376631 0.0170304 0.999166 16.1619 0.00215533 0.999851 -0.0171236 0.0442826 -0.999304 0.00279815 0.0376206 88.6184
0.0423421 0.0166587 0.998981 16.9527 0.00103592 0.999859 -0.016718 0.0267292 -0.999116 0.00174198 0.0423193 88.6577
0.0455739 0.0168709 0.998838 17.7643 -0.000500912 0.999858 -0.0168656 0.0108648 -0.998977 0.000267916 0.0455756 88.6998
0.0498426 0.0175621 0.99862 18.562 -0.00162162 0.999845 -0.0175035 -0.00499583 -0.998769 -0.00074769 0.0498639 88.75
0.0512905 0.019181 0.99852 19.3721 -0.00499067 0.999809 -0.0189498 -0.010201 -0.998688 -0.0040116 0.0513761 88.8072
0.0502155 0.0201088 0.998553 20.1965 -0.00635644 0.999783 -0.0198147 -0.0327259 -0.998732 -0.00535297 0.0503328 88.8559
0.0512182 0.0197321 0.998513 21.0102 -0.00729494 0.999786 -0.0193835 -0.0505851 -0.998677 -0.00629152 0.0513507 88.9021
0.0513196 0.0185401 0.998528 21.8328 -0.0073305 0.999807 -0.0181878 -0.0774774 -0.998669 -0.00638701 0.0514461 88.9501
0.0504236 0.0174426 0.998595 22.6565 -0.00718696 0.999828 -0.0171016 -0.101909 -0.998719 -0.00631475 0.0505398 88.9992
0.0514651 0.0168969 0.99855 23.4732 -0.00809461 0.999831 -0.0165022 -0.121536 -0.998655 -0.00723417 0.0515936 89.0476
0.0517486 0.0167532 0.99854 24.294 -0.00906356 0.999826 -0.0163055 -0.142331 -0.998636 -0.00820668 0.051891 89.0966
0.0512537 0.0168246 0.998562 25.1194 -0.0104839 0.999812 -0.0163083 -0.163373 -0.998644 -0.00963356 0.0514209 89.1491
0.0507274 0.0167785 0.99859 25.9288 -0.0111983 0.999806 -0.0162303 -0.178527 -0.998667 -0.0103593 0.0509049 89.2002
0.0473193 0.0165935 0.99876 26.748 -0.0123494 0.999795 -0.0160264 -0.191701 -0.998818 -0.0115763 0.047515 89.2518
0.0440673 0.0159667 0.99892 27.5567 -0.0128111 0.999799 -0.0154158 -0.206275 -0.998964 -0.012118 0.0442624 89.2966
0.0392553 0.0147959 0.999138 28.3717 -0.0130295 0.999813 -0.0142947 -0.224134 -0.999159 -0.0124577 0.0394412 89.3347
0.0321766 0.01377 0.999407 29.1884 -0.013467 0.999821 -0.0133423 -0.240789 -0.999409 -0.0130298 0.0323558 89.3688
0.0254032 0.0136389 0.999603 29.9935 -0.0136056 0.999819 -0.0132969 -0.260132 -0.999599 -0.0132631 0.0255847 89.393
0.0165682 0.0136998 0.999789 30.7962 -0.0142838 0.999808 -0.0134636 -0.274049 -0.999778 -0.0140577 0.0167603 89.4123
0.00578624 0.0134259 0.999912 31.601 -0.0142662 0.999809 -0.0133427 -0.291881 -0.999896 -0.0141883 0.00597724 89.422
-0.003963 0.0129482 0.999929 32.3972 -0.0142972 0.999814 -0.0130036 -0.310334 -0.999908 -0.0143478 -0.00377742 89.4241
-0.0154982 0.0125243 0.99982 33.2016 -0.014718 0.99981 -0.0127531 -0.323556 -0.999786 -0.0149135 -0.0153104 89.4202
-0.0260649 0.0119174 0.999611 33.9904 -0.0145266 0.99982 -0.0122988 -0.344525 -0.999573 -0.0148416 -0.0258873 89.3998
-0.0372451 0.0116426 0.999257 34.7745 -0.0146585 0.999818 -0.0121963 -0.361101 -0.999214 -0.0151024 -0.037067 89.3749
-0.0490022 0.0115794 0.998753 35.5612 -0.0147508 0.999816 -0.0123157 -0.378184 -0.998709 -0.015336 -0.0488225 89.3398
-0.0591261 0.0115219 0.998203 36.3305 -0.0146897 0.999814 -0.0124114 -0.393359 -0.998157 -0.0153977 -0.0589452 89.2977
-0.0696134 0.0112722 0.997532 37.0993 -0.0145102 0.999818 -0.0123109 -0.410147 -0.997488 -0.0153314 -0.0694373 89.2486
-0.0799692 0.0109936 0.996756 37.8603 -0.0139631 0.999828 -0.0121486 -0.426648 -0.996715 -0.01489 -0.0798013 89.1925
-0.0893632 0.0106429 0.995965 38.6086 -0.0136251 0.999836 -0.0119071 -0.440904 -0.995925 -0.0146342 -0.0892035 89.127
-0.0994063 0.0102739 0.995013 39.356 -0.0135825 0.999839 -0.0116816 -0.453392 -0.994969 -0.0146765 -0.0992499 89.0529
-0.107965 0.00977564 0.99413 40.0938 -0.0129492 0.999853 -0.0112386 -0.468631 -0.99409 -0.0140866 -0.107822 88.971
-0.115449 0.00913999 0.993291 40.8256 -0.0119447 0.999872 -0.0105898 -0.481241 -0.993257 -0.0130876 -0.115325 88.8847
-0.121362 0.00833112 0.992598 41.5461 -0.0103163 0.999901 -0.00965409 -0.494686 -0.992575 -0.0114116 -0.121264 88.7954
-0.125139 0.00767354 0.99213 42.261 -0.00964547 0.999913 -0.00895131 -0.506548 -0.992108 -0.0106902 -0.125054 88.6996
-0.127881 0.00721371 0.991788 42.9599 -0.00926124 0.999921 -0.00846744 -0.51396 -0.991767 -0.010268 -0.127804 88.6043
-0.130117 0.00683609 0.991496 43.6462 -0.00907543 0.999926 -0.00808619 -0.519644 -0.991473 -0.0100509 -0.130044 88.5137
-0.130829 0.00669843 0.991407 44.3167 -0.00976366 0.99992 -0.00804478 -0.530359 -0.991377 -0.0107322 -0.130753 88.4261
-0.130128 0.00665198 0.991496 44.9706 -0.00981793 0.999919 -0.00799799 -0.539805 -0.991465 -0.0107757 -0.130051 88.3384
-0.127543 0.00644539 0.991835 45.6077 -0.00961239 0.999924 -0.0077344 -0.549147 -0.991807 -0.0105205 -0.127471 88.2612
-0.122306 0.00627725 0.992495 46.2273 -0.00963266 0.999925 -0.00751223 -0.555446 -0.992462 -0.0104796 -0.122235 88.1841
-0.114966 0.00619601 0.993374 46.8339 -0.00965848 0.999926 -0.00735505 -0.561513 -0.993343 -0.0104401 -0.114898 88.1179
-0.103642 0.00602978 0.994619 47.4161 -0.010083 0.999923 -0.00711358 -0.571528 -0.994581 -0.0107664 -0.103573 88.0606
-0.09017 0.00586414 0.995933 47.9842 -0.0101805 0.999924 -0.00680975 -0.583885 -0.995895 -0.0107531 -0.0901034 88.0169
-0.0734951 0.0063374 0.997298 48.5278 -0.0107752 0.999916 -0.00714912 -0.588659 -0.997255 -0.0112719 -0.0734197 87.9851
-0.0525517 0.00815318 0.998609 49.0677 -0.0112557 0.999898 -0.00875643 -0.602344 -0.998575 -0.0117002 -0.0524547 87.9677
-0.0284739 0.0109293 0.999558 49.5905 -0.0125812 0.999857 -0.011292 -0.614981 -0.999533 -0.0128975 -0.0283315 87.9661
-0.000673679 0.0127068 0.999943 50.1169 -0.0134933 0.999828 -0.0127149 -0.623185 -0.99993 -0.013501 -0.000502503 87.9795
0.032292 0.0120917 0.999429 50.6431 -0.015038 0.999819 -0.0116115 -0.64516 -0.999383 -0.0146548 0.0324687 88.0126
0.0699713 0.0110525 0.997512 51.1614 -0.0153813 0.99983 -0.00999964 -0.649729 -0.997452 -0.0146432 0.0701287 88.0623
0.111309 0.00924037 0.993766 51.6649 -0.0157645 0.999846 -0.00753222 -0.657996 -0.993679 -0.0148282 0.111438 88.1427
0.156542 0.00563035 0.98768 52.1796 -0.0184756 0.999823 -0.00277175 -0.668923 -0.98752 -0.0178139 0.156618 88.2426
0.204668 0.00423778 0.978846 52.6877 -0.0212425 0.999773 0.000112193 -0.658227 -0.978619 -0.0208165 0.204712 88.3716
0.255477 0.00420498 0.966832 53.1623 -0.0256636 0.999665 0.0024331 -0.646451 -0.966497 -0.0254337 0.255499 88.5231
0.310248 0.00408447 0.950672 53.6359 -0.0253399 0.99967 0.00397361 -0.646077 -0.950337 -0.0253231 0.310249 88.6975
0.368469 0.00530819 0.929652 54.0888 -0.0240598 0.9997 0.00382739 -0.637784 -0.929353 -0.0237771 0.368485 88.884
0.428714 0.00962779 0.903415 54.5093 -0.0225047 0.999746 2.41331e-05 -0.637129 -0.903181 -0.0203418 0.428821 89.1029
0.489024 0.0129506 0.872204 54.9295 -0.0208381 0.999775 -0.00316203 -0.641018 -0.872048 -0.0166284 0.489182 89.3621
0.547722 0.017324 0.83651 55.3145 -0.0226104 0.999726 -0.00590053 -0.639036 -0.836379 -0.0156824 0.547963 89.6356
0.604559 0.0204729 0.79633 55.6757 -0.0254385 0.999653 -0.00638857 -0.633021 -0.796184 -0.0163948 0.604868 89.9532
0.658231 0.020773 0.752561 56.0116 -0.0253504 0.999662 -0.00542203 -0.643342 -0.752417 -0.0155092 0.658535 90.2824
0.708297 0.0196766 0.705679 56.319 -0.0248684 0.999683 -0.00291483 -0.6463 -0.705513 -0.015484 0.70856 90.6184
0.755037 0.0178009 0.655477 56.6173 -0.0245729 0.999695 0.00115501 -0.645652 -0.655255 -0.0169796 0.755244 90.9976
0.797592 0.0150518 0.603054 56.8764 -0.0244385 0.99967 0.00736961 -0.632466 -0.602746 -0.0206151 0.797694 91.3829
0.835283 0.0115486 0.549743 57.1047 -0.0230448 0.999634 0.0140135 -0.636181 -0.549378 -0.0243746 0.835243 91.7774
0.867874 0.00885543 0.496762 57.3189 -0.0220322 0.99954 0.0206717 -0.62857 -0.496351 -0.0288846 0.867667 92.2074
0.894673 0.00906225 0.446683 57.5023 -0.0232506 0.999382 0.0262922 -0.629561 -0.446168 -0.0339092 0.89433 92.6407
0.91594 0.0107927 0.401242 57.6669 -0.0247584 0.99925 0.029637 -0.626856 -0.400622 -0.0370791 0.915518 93.0715
0.932542 0.0145556 0.360835 57.8162 -0.0278884 0.999104 0.0317707 -0.615209 -0.360049 -0.0396913 0.932111 93.5345
0.945255 0.0178102 0.325935 57.9461 -0.0301174 0.999006 0.0327519 -0.601504 -0.325028 -0.0407745 0.944849 93.9845
0.95542 0.0185523 0.29475 58.078 -0.0297995 0.998985 0.033713 -0.579826 -0.293826 -0.0409942 0.955002 94.4516
0.962158 0.0150733 0.272183 58.2067 -0.0253779 0.999082 0.0343772 -0.576456 -0.271416 -0.039983 0.961655 94.9197
0.966407 0.0139196 0.256735 58.3265 -0.0236761 0.999106 0.0349505 -0.558393 -0.256019 -0.0398556 0.965872 95.3939
0.969728 0.0160127 0.243784 58.4368 -0.0253675 0.999051 0.035281 -0.539689 -0.242988 -0.0403964 0.969212 95.8931
0.971925 0.0219513 0.234372 58.5356 -0.0313808 0.998837 0.0365808 -0.504417 -0.233297 -0.0429094 0.971482 96.3829
0.973298 0.0282682 0.22793 58.6368 -0.037339 0.998665 0.0355823 -0.485577 -0.22662 -0.0431421 0.973052 96.9007
0.97372 0.0333568 0.225406 58.7405 -0.0415772 0.998627 0.0318238 -0.46525 -0.224035 -0.0403599 0.973769 97.4114
0.974054 0.0323575 0.224117 58.8553 -0.040586 0.998653 0.0322058 -0.466066 -0.222774 -0.0404656 0.974054 97.9479
0.973534 0.0314562 0.226484 58.9798 -0.0396527 0.998708 0.0317338 -0.448359 -0.225193 -0.0398751 0.973522 98.4833
0.972503 0.0303318 0.231033 59.108 -0.0376478 0.998915 0.0273249 -0.44491 -0.229953 -0.0352709 0.972587 99.0252
0.971493 0.033266 0.234838 59.2415 -0.0398385 0.998933 0.0233006 -0.421452 -0.233812 -0.0319924 0.97178 99.5924
0.970276 0.0373431 0.239225 59.374 -0.0442913 0.998734 0.0237361 -0.389242 -0.238036 -0.0336256 0.970699 100.165
0.968781 0.0379665 0.245104 59.5136 -0.0455993 0.998632 0.0255429 -0.380756 -0.243799 -0.0359225 0.969185 100.755
0.96779 0.0360583 0.249283 59.6693 -0.045279 0.99848 0.0313552 -0.366949 -0.247773 -0.0416319 0.967949 101.357
0.96684 0.0326177 0.253403 59.8275 -0.043478 0.998354 0.0373782 -0.344036 -0.251766 -0.0471565 0.966664 101.958
0.966107 0.0298311 0.256524 59.9918 -0.0417805 0.998272 0.0412597 -0.324091 -0.25485 -0.0505786 0.965683 102.589
0.965364 0.0286428 0.259439 60.1653 -0.0409401 0.998273 0.0421224 -0.29301 -0.257784 -0.0512851 0.964866 103.217
0.965088 0.0266149 0.260682 60.3352 -0.0383756 0.998455 0.0401299 -0.260581 -0.259211 -0.0487323 0.964617 103.849
0.965319 0.0267003 0.259813 60.5066 -0.0369707 0.998712 0.0347253 -0.24034 -0.258552 -0.0431268 0.96506 104.497
0.965486 0.0287519 0.258976 60.6794 -0.037571 0.998866 0.0291692 -0.220332 -0.257843 -0.037892 0.965469 105.154
0.965989 0.0286845 0.2571 60.8471 -0.0370765 0.998923 0.0278543 -0.19781 -0.256024 -0.0364396 0.966009 105.818
0.966751 0.0274451 0.254357 61.0279 -0.0364818 0.998855 0.0308789 -0.178482 -0.253218 -0.0391312 0.966643 106.515
0.967099 0.0253841 0.253247 61.2104 -0.0361076 0.998632 0.0377881 -0.157386 -0.251941 -0.0456891 0.96669 107.216
0.967875 0.0235208 0.250448 61.3896 -0.0353225 0.99846 0.0427331 -0.141543 -0.249057 -0.0502063 0.967213 107.935
0.968282 0.0253339 0.248691 61.5695 -0.0374267 0.998329 0.0440206 -0.117451 -0.247159 -0.0519322 0.967608 108.656
0.968617 0.0291306 0.246967 61.7435 -0.0402273 0.998388 0.040007 -0.094373 -0.245403 -0.0486859 0.968225 109.386
0.969621 0.0305857 0.242811 61.9257 -0.0403967 0.998551 0.0355325 -0.0722584 -0.241372 -0.0442621 0.969449 110.133
0.970551 0.0309145 0.239029 62.11 -0.0404174 0.99857 0.0349587 -0.0406243 -0.237606 -0.0435898 0.97041 110.881
0.971406 0.0307937 0.235543 62.2917 -0.0402126 0.998567 0.0352919 -0.00287813 -0.234118 -0.0437547 0.971249 111.64
0.972371 0.0307157 0.231539 62.4794 -0.0402632 0.998516 0.0366239 0.0284339 -0.230071 -0.0449341 0.972163 112.423
0.972921 0.0300579 0.229306 62.6628 -0.0396593 0.998513 0.0373808 0.0621199 -0.227841 -0.0454627 0.972663 113.21
0.973095 0.0299865 0.228576 62.8495 -0.039794 0.998468 0.0384206 0.0997831 -0.227074 -0.0464824 0.972795 113.991
0.973368 0.0295461 0.227466 63.0419 -0.0397279 0.998396 0.0403168 0.1368 -0.225909 -0.0482799 0.972978 114.8
0.973405 0.0292995 0.227342 63.2187 -0.039578 0.998383 0.0407865 0.172061 -0.225779 -0.0486991 0.972987 115.594
0.973377 0.0320721 0.227088 63.4022 -0.0425307 0.99824 0.0413159 0.207497 -0.225363 -0.0498742 0.973024 116.415
0.973192 0.0343294 0.227551 63.5801 -0.0448649 0.998138 0.0412915 0.238785 -0.225709 -0.0503932 0.972917 117.232
0.972651 0.0377805 0.229308 63.7537 -0.0485522 0.997956 0.0415194 0.267595 -0.227271 -0.0515174 0.972496 118.05
0.972034 0.0404748 0.231455 63.9384 -0.0518759 0.997708 0.0433879 0.293163 -0.229168 -0.054181 0.971905 118.892
0.971335 0.0427678 0.233962 64.1301 -0.0545175 0.997543 0.0439888 0.331353 -0.231506 -0.0554829 0.971278 119.727
0.970503 0.0437013 0.237224 64.3223 -0.0557982 0.997447 0.0445226 0.363467 -0.234672 -0.0564455 0.970462 120.553
0.970169 0.0432639 0.238663 64.5238 -0.0554049 0.997475 0.0444018 0.406045 -0.23614 -0.0563004 0.970114 121.39
0.969747 0.0435381 0.240328 64.7331 -0.0556895 0.997475 0.0440057 0.447825 -0.237805 -0.0560575 0.969721 122.216
0.969871 0.0422428 0.240053 64.9467 -0.054382 0.997541 0.0441743 0.487684 -0.237597 -0.055898 0.969782 123.042
0.969705 0.0410136 0.240941 65.1532 -0.053207 0.997597 0.0443233 0.520926 -0.238545 -0.0557997 0.969555 123.881
0.969076 0.0426529 0.243171 65.3482 -0.0553217 0.997429 0.0455126 0.554563 -0.240604 -0.0575577 0.968943 124.709
0.968899 0.0449073 0.243476 65.5505 -0.0590293 0.99695 0.0510207 0.603807 -0.240442 -0.0638055 0.968593 125.551
0.968542 0.0475764 0.244382 65.7534 -0.0619947 0.996738 0.0516526 0.655065 -0.241127 -0.065178 0.968331 126.387
0.968111 0.0476929 0.246066 65.9473 -0.0610235 0.997036 0.0468381 0.687874 -0.243102 -0.0603597 0.96815 127.199
0.96847 0.0454515 0.245073 66.1609 -0.0555205 0.997865 0.0343367 0.724652 -0.242989 -0.0468605 0.968925 128.009
0.968814 0.041735 0.244379 66.3706 -0.051126 0.998172 0.0322131 0.721844 -0.242587 -0.0437021 0.969174 128.823
0.968745 0.0406852 0.244823 66.5745 -0.0517495 0.9979 0.0389338 0.765356 -0.242724 -0.0503863 0.968815 129.643
0.969461 0.0344908 0.242942 66.7887 -0.0499463 0.997081 0.0577509 0.805258 -0.240241 -0.0681207 0.96835 130.483
0.969644 0.0279201 0.243049 66.991 -0.0464005 0.99642 0.0706491 0.835816 -0.240206 -0.0797818 0.967467 131.304
0.970019 0.030921 0.241192 67.181 -0.0486814 0.996495 0.0680301 0.869593 -0.238243 -0.0777315 0.96812 132.114
0.970095 0.0407387 0.239414 67.3654 -0.055194 0.997014 0.0539888 0.913654 -0.236499 -0.0655882 0.969445 132.914
0.97011 0.0426496 0.239027 67.5543 -0.0552986 0.997388 0.0464655 0.965949 -0.23642 -0.0582941 0.96993 133.712
0.970915 0.0396408 0.236257 67.7573 -0.0519524 0.997584 0.0461183 0.991835 -0.233857 -0.0570508 0.970626 134.523
0.971701 0.0373854 0.23338 67.9501 -0.0494907 0.997703 0.0462318 1.02607 -0.231115 -0.0564732 0.971316 135.327
0.972458 0.0367029 0.230311 68.1316 -0.0489571 0.99766 0.047723 1.04834 -0.22802 -0.0576836 0.971977 136.127
0.973707 0.0369306 0.224942 68.3085 -0.0489311 0.997647 0.0480113 1.08011 -0.22264 -0.0577551 0.973219 136.926
0.974291 0.0369279 0.222391 68.4774 -0.0485723 0.997707 0.047123 1.1155 -0.22014 -0.0567132 0.973848 137.72
0.974834 0.0389309 0.219661 68.6439 -0.0507129 0.997546 0.0482573 1.14683 -0.217243 -0.0581819 0.974413 138.526
0.975213 0.0384021 0.218061 68.8106 -0.0503568 0.997502 0.0495356 1.1756 -0.215614 -0.0592882 0.974707 139.324
0.975388 0.0367066 0.21757 68.983 -0.0488933 0.997506 0.0508982 1.20884 -0.215159 -0.0602827 0.974747 140.115
0.975931 0.0356961 0.215291 69.1551 -0.048047 0.997469 0.0524137 1.23862 -0.212874 -0.0614959 0.975173 140.91
0.976468 0.0356004 0.212862 69.3243 -0.0477801 0.997485 0.0523529 1.27563 -0.210463 -0.061291 0.975709 141.698
0.977441 0.031759 0.208965 69.4921 -0.0430021 0.997849 0.0494852 1.31249 -0.206943 -0.0573544 0.976702 142.477
0.978933 0.0309729 0.201986 69.6569 -0.0419005 0.997867 0.0500527 1.35393 -0.200005 -0.057461 0.978139 143.265
0.980259 0.0290271 0.19574 69.8144 -0.0401765 0.997774 0.0532354 1.38916 -0.193759 -0.0600484 0.979241 144.053
0.981264 0.0268533 0.190966 69.9639 -0.0388936 0.997464 0.0595845 1.43509 -0.188882 -0.0658948 0.979817 144.836
0.982361 0.0244579 0.185566 70.1142 -0.0376432 0.996985 0.0678707 1.46383 -0.183346 -0.0736585 0.980317 145.637
0.982918 0.026653 0.182296 70.2426 -0.0397456 0.996855 0.0685497 1.52472 -0.179896 -0.0746235 0.980882 146.418
0.983871 0.0300391 0.176526 70.379 -0.0423556 0.996892 0.0664271 1.55839 -0.173982 -0.0728322 0.982084 147.211
0.985005 0.0316957 0.169796 70.504 -0.0418876 0.997507 0.0567843 1.60194 -0.167573 -0.0630444 0.983874 147.993
0.986069 0.0287163 0.164042 70.6312 -0.0377408 0.997925 0.0521688 1.63562 -0.162203 -0.0576327 0.985105 148.778
0.987329 0.0274609 0.156518 70.7612 -0.0362177 0.997917 0.0533741 1.67386 -0.154726 -0.0583657 0.986264 149.584
0.988326 0.0327432 0.149022 70.8665 -0.0415574 0.997542 0.0564281 1.73215 -0.146807 -0.0619618 0.987255 150.385
0.989166 0.0380691 0.142032 70.9612 -0.0463834 0.99737 0.055698 1.78133 -0.139539 -0.0616817 0.988325 151.192
0.990534 0.0404368 0.131439 71.0601 -0.0476119 0.997517 0.0519201 1.82295 -0.129012 -0.0576862 0.989998 151.996
0.991676 0.0399954 0.122683 71.1574 -0.0466531 0.997563 0.0518887 1.86423 -0.120309 -0.0571796 0.99112 152.808
0.992506 0.0400297 0.115757 71.2341 -0.0465673 0.997437 0.0543436 1.90889 -0.113284 -0.0593261 0.991824 153.623
0.993469 0.0409357 0.106849 71.3182 -0.0475207 0.997076 0.059835 1.95909 -0.104088 -0.0645209 0.992504 154.449
0.994156 0.0411802 0.100136 71.3833 -0.0479292 0.996671 0.0659647 1.99854 -0.0970859 -0.070378 0.992819 155.275
0.995024 0.0405358 0.0914232 71.4537 -0.046955 0.996497 0.0691986 2.04122 -0.0882984 -0.0731461 0.993437 156.099
0.995553 0.0405821 0.0854278 71.5199 -0.0467256 0.996369 0.071201 2.09121 -0.082228 -0.0748753 0.993831 156.922
0.995842 0.0402793 0.0821668 71.5826 -0.04621 0.996362 0.0716112 2.14318 -0.0789839 -0.0751093 0.994074 157.739
0.996145 0.04349 0.0766405 71.6366 -0.0486929 0.99654 0.0673954 2.18713 -0.0734442 -0.0708668 0.994813 158.562
0.996167 0.0489816 0.0729945 71.6823 -0.053503 0.996682 0.0613424 2.23894 -0.0697481 -0.0650117 0.995477 159.374
0.996274 0.0495248 0.0711126 71.7313 -0.0539373 0.996647 0.0615508 2.27846 -0.0678259 -0.0651563 0.995602 160.194
0.996525 0.0499673 0.0672023 71.7795 -0.054508 0.996228 0.0675386 2.32255 -0.0635745 -0.070966 0.995484 161.021
0.996571 0.0502379 0.0662875 71.826 -0.0552342 0.99559 0.0758487 2.37816 -0.0621848 -0.079249 0.994948 161.852
0.996906 0.0498097 0.061424 71.8656 -0.0548334 0.995038 0.0830292 2.42436 -0.0569839 -0.0861393 0.994686 162.68
0.997341 0.046481 0.0567814 71.9147 -0.0508865 0.995592 0.0788009 2.48459 -0.0528685 -0.0814798 0.995307 163.489
0.997864 0.0402383 0.0522127 71.9613 -0.0439734 0.9964 0.0724905 2.53441 -0.0491082 -0.0746304 0.996036 164.299
0.998208 0.0410633 0.0443623 71.9981 -0.0440916 0.996601 0.0696138 2.60173 -0.0413533 -0.0714442 0.996622 165.114
0.998442 0.0424277 0.0372913 72.0183 -0.044978 0.996501 0.070459 2.6662 -0.0341718 -0.0720251 0.996853 165.933
0.99879 0.0395948 0.0304329 72.0458 -0.0418223 0.996198 0.0764576 2.7169 -0.0272903 -0.0776369 0.996644 166.756
0.999162 0.0355172 0.0221966 72.0659 -0.0371944 0.99607 0.0803957 2.76941 -0.0192544 -0.0811524 0.996552 167.595
0.999481 0.0291901 0.016165 72.0852 -0.0304524 0.995974 0.0843399 2.83309 -0.0136386 -0.0847874 0.996342 168.428
0.999679 0.0245295 0.0109381 72.0954 -0.0253756 0.996022 0.0854323 2.89429 -0.00879944 -0.085681 0.99632 169.254
0.999777 0.0226014 0.00337876 72.0976 -0.0227994 0.996531 0.0800676 2.96367 -0.00155801 -0.0801257 0.996821 170.084
0.999942 0.0136258 -0.00304329 72.1039 -0.0133804 0.997467 0.0698781 3.03531 0.00398722 -0.069832 0.997587 170.898
0.999942 0.00864635 -0.0107684 72.1109 -0.00787221 0.997518 0.0700077 3.09037 0.0113463 -0.0699179 0.997525 171.737
0.999835 0.0106828 -0.017243 72.0934 -0.00934208 0.997059 0.07608 3.16533 0.0180044 -0.075905 0.996989 172.582
0.99959 0.0210207 -0.0213223 72.0571 -0.0191188 0.996132 0.0857882 3.24971 0.0230423 -0.0853442 0.996122 173.425
0.999363 0.0253289 -0.0267269 72.024 -0.0226955 0.995256 0.0946161 3.31059 0.028996 -0.0939477 0.995192 174.279
0.99926 0.0251153 -0.030418 71.9877 -0.0222416 0.99557 0.0913865 3.38039 0.0325776 -0.0906411 0.995388 175.115
0.999178 0.027013 -0.0315576 71.9534 -0.0242051 0.995985 0.0862057 3.43171 0.0337587 -0.0853696 0.995815 175.96
0.998739 0.0369269 -0.0351471 71.9048 -0.0341284 0.99644 0.0771324 3.50715 0.0378692 -0.0758342 0.996439 176.782
0.998749 0.0356198 -0.036217 71.8674 -0.0327862 0.996568 0.0760269 3.57593 0.0387999 -0.0747432 0.996485 177.631
0.998729 0.0333582 -0.0388045 71.8434 -0.0301432 0.996288 0.080671 3.63737 0.0413504 -0.0793974 0.996024 178.477
0.998759 0.0323854 -0.0388661 71.8133 -0.0289131 0.995808 0.0867966 3.71416 0.0415132 -0.085564 0.995505 179.328
0.998758 0.0339764 -0.0375147 71.7683 -0.030392 0.995272 0.0922938 3.78896 0.0404721 -0.0910374 0.995063 180.196
0.998651 0.0345731 -0.039771 71.7289 -0.0307952 0.995288 0.0919662 3.85399 0.0427623 -0.090616 0.995006 181.038
0.99864 0.0322332 -0.0419444 71.6919 -0.0286709 0.996147 0.0829214 3.92959 0.0444548 -0.0816044 0.995711 181.879
0.998713 0.0275786 -0.0435273 71.664 -0.0242659 0.996899 0.0748835 3.97609 0.0454566 -0.0737294 0.99628 182.722
0.998694 0.0231752 -0.0464183 71.6419 -0.0197387 0.997127 0.0731735 4.03305 0.0479799 -0.0721601 0.996277 183.561
0.998671 0.0234239 -0.0467932 71.5978 -0.0198099 0.996893 0.0762627 4.10452 0.0484333 -0.0752329 0.996028 184.419
0.998474 0.0272315 -0.0488863 71.549 -0.0230071 0.996119 0.0849884 4.16659 0.05101 -0.0837323 0.995221 185.271
0.998429 0.0267817 -0.0500463 71.5003 -0.0223168 0.995896 0.0877395 4.2291 0.0521898 -0.0864833 0.994924 186.115
0.998431 0.0265427 -0.0501233 71.4538 -0.0221094 0.995964 0.08702 4.29724 0.0522299 -0.0857735 0.994984 186.951
0.998406 0.0259089 -0.050984 71.409 -0.0216529 0.996372 0.0823321 4.36025 0.0529312 -0.0810952 0.995339 187.781
0.998308 0.0287991 -0.0513353 71.3559 -0.0245391 0.996353 0.0817636 4.4328 0.0535019 -0.0803637 0.995368 188.622
0.998339 0.0292232 -0.0504969 71.3033 -0.0248937 0.996129 0.084337 4.49294 0.052765 -0.0829381 0.995196 189.457
0.998201 0.0306631 -0.0523343 71.255 -0.0260924 0.995966 0.0858877 4.56057 0.0547558 -0.0843659 0.994969 190.284
0.99814 0.0323783 -0.0524647 71.2064 -0.027741 0.99584 0.0868243 4.62509 0.0550566 -0.0852057 0.994881 191.112
0.998154 0.0328746 -0.0518898 71.1525 -0.0282775 0.995813 0.0869642 4.68898 0.0545306 -0.0853345 0.994899 191.928
0.998058 0.0335523 -0.0532805 71.1023 -0.0288138 0.995765 0.0873368 4.74333 0.0559839 -0.0856302 0.994794 192.748
0.998084 0.0327834 -0.0532789 71.0561 -0.0283113 0.996182 0.082624 4.79794 0.0557832 -0.0809554 0.995196 193.55
0.997917 0.0337394 -0.0557569 70.9955 -0.0290029 0.996074 0.0836754 4.85662 0.0583598 -0.0818821 0.994973 194.354
