1 0 0 0 0 1 0 0 0 0 1 0
0.999998 -0.000297397 -0.00138849 -1.27343e-05 0.000297802 1 0.000255614 -0.003431 0.00138844 -0.000256249 0.999999 0.556155
0.999998 -0.000210569 -0.00185908 -0.00324081 0.000211048 1 0.000240411 -0.00500584 0.00185906 -0.000240804 0.999998 1.11075
0.999991 -0.000267274 -0.00404681 -0.00573849 0.00026831 1 0.000258847 -0.00604971 0.0040468 -0.000260164 0.999992 1.66529
0.999982 -0.000780864 -0.00592755 -0.00793457 0.000783267 0.999999 0.000398475 -0.00677362 0.00592722 -0.000403133 0.999982 2.21844
0.999976 -0.000968248 -0.00672889 -0.00952092 0.000970343 0.999999 0.000308888 -0.0100549 0.00672861 -0.00031566 0.999977 2.77323
0.999962 -0.000908363 -0.00870756 -0.0170703 0.000913092 0.999999 0.000534918 -0.0103962 0.00870707 -0.000542908 0.999962 3.34336
0.999956 -0.00073886 -0.00927641 -0.0238429 0.000747777 0.999999 0.00095914 -0.012239 0.00927572 -0.000966262 0.999957 3.91303
0.999941 -0.00056036 -0.0109025 -0.0346593 0.000572439 0.999999 0.00110733 -0.0211812 0.0109018 -0.00111351 0.99994 4.49617
0.99994 -0.000111234 -0.0109649 -0.0418242 0.000114315 1 0.000279752 -0.02417 0.0109649 -0.000281207 0.99994 5.08284
0.999921 0.000787661 -0.0125562 -0.0600426 -0.000808879 0.999998 -0.0016858 -0.029248 0.0125549 0.00169578 0.999919 5.67848
0.999908 0.00198054 -0.0134783 -0.0737845 -0.00203008 0.999991 -0.00366452 -0.0402601 0.013471 0.00369135 0.999903 6.27907
0.999901 0.00256969 -0.0138965 -0.0883905 -0.00260889 0.999993 -0.00280056 -0.0510355 0.0138892 0.00283654 0.999899 6.89587
0.999872 0.00365946 -0.0155931 -0.111844 -0.00361902 0.999989 0.00261584 -0.0518736 0.0156025 -0.00255928 0.999875 7.54175
0.999873 0.00440535 -0.0153686 -0.127004 -0.00421011 0.99991 0.0127186 -0.0481543 0.0154232 -0.0126523 0.999801 8.19885
0.999848 0.00444372 -0.0169225 -0.149717 -0.00412361 0.999812 0.0188992 -0.0563911 0.0170033 -0.0188267 0.999679 8.87673
0.999823 0.00598667 -0.0179103 -0.169505 -0.00565811 0.999815 0.0183433 -0.0633138 0.0180167 -0.0182388 0.999671 9.55474
0.999807 0.00861318 -0.0177142 -0.183626 -0.00839761 0.99989 0.0121986 -0.0659789 0.0178173 -0.0120477 0.999769 10.2349
0.99977 0.00932734 -0.019331 -0.206576 -0.00919461 0.999933 0.00694748 -0.0701734 0.0193943 -0.00676816 0.999789 10.9533
0.999775 0.00828719 -0.0195561 -0.216678 -0.00811945 0.999929 0.00863315 -0.0702423 0.0196263 -0.00847264 0.999772 11.6707
0.999772 0.00674098 -0.0203311 -0.24205 -0.00637926 0.999821 0.0178064 -0.060751 0.0204472 -0.0176726 0.999634 12.4498
0.999792 0.00569732 -0.0196252 -0.255745 -0.00522306 0.999695 0.0241262 -0.0504967 0.0197566 -0.0240189 0.999517 13.2137
0.999773 0.00553918 -0.0206372 -0.27849 -0.0049866 0.99963 0.0267342 -0.0431377 0.0207774 -0.0266253 0.999429 14.0184
0.999771 0.00514151 -0.0208162 -0.293755 -0.00458909 0.999638 0.0264934 -0.0326324 0.0209448 -0.0263919 0.999433 14.8206
0.999801 0.00561541 -0.0192269 -0.29834 -0.00512774 0.999665 0.0253248 -0.0259893 0.0193624 -0.0252213 0.999493 15.6261
0.999783 0.00663587 -0.0197944 -0.325559 -0.00617616 0.999712 0.0231857 0.0131435 0.0199424 -0.0230586 0.999536 16.4776
0.999837 0.00404439 -0.0177342 -0.335299 -0.00370013 0.999804 0.0194046 0.016255 0.017809 -0.0193358 0.999653 17.3197
0.99984 0.00127525 -0.0179308 -0.354721 -0.00101956 0.999898 0.014252 0.0176224 0.017947 -0.0142316 0.999739 18.1996
0.999878 0.00245574 -0.0155498 -0.365611 -0.00230212 0.999948 0.00989405 0.0194299 0.0155731 -0.00985709 0.999829 19.0765
0.999862 0.00318203 -0.0163891 -0.387423 -0.00302817 0.999951 0.00939415 0.0341839 0.016418 -0.00934341 0.999823 19.9886
0.999862 0.0027511 -0.0165322 -0.409017 -0.00258403 0.999945 0.0101233 0.045486 0.0165588 -0.0100792 0.999811 20.9111
0.999879 0.00333538 -0.0152975 -0.422617 -0.00318265 0.999945 0.00998691 0.0509099 0.0153298 -0.00993719 0.999834 21.8359
0.999862 0.00480079 -0.0160619 -0.446238 -0.00464341 0.999941 0.00982672 0.0512789 0.0161078 -0.00975086 0.999822 22.7844
0.999861 0.00775505 -0.0149087 -0.469407 -0.00761484 0.999926 0.00942863 0.059025 0.0149805 -0.00931394 0.999845 23.7391
0.999851 0.00766611 -0.0156788 -0.492707 -0.00750804 0.999921 0.0101186 0.0581103 0.0157548 -0.00999941 0.999826 24.7041
0.99986 0.00763021 -0.0150326 -0.51364 -0.00747079 0.999915 0.0106193 0.0664922 0.0151122 -0.0105056 0.999831 25.6856
0.999852 0.00756765 -0.015675 -0.536583 -0.00739548 0.999912 0.0110168 0.0723959 0.0157566 -0.0108993 0.999817 26.6628
0.999846 0.00757516 -0.016003 -0.558122 -0.00738818 0.999904 0.0116988 0.0788251 0.01609 -0.0115789 0.999804 27.6553
0.99985 0.0073265 -0.0158548 -0.580855 -0.00712798 0.999896 0.0125489 0.0880968 0.0159448 -0.012434 0.999796 28.6688
0.999839 0.00694535 -0.0166959 -0.601087 -0.00672866 0.999893 0.0129889 0.102147 0.0167842 -0.0128746 0.999777 29.6688
0.999854 0.0062048 -0.0161199 -0.62156 -0.00600186 0.999902 0.0126132 0.114122 0.0161963 -0.0125146 0.999791 30.6919
0.999836 0.00675634 -0.0169627 -0.642122 -0.00654333 0.999899 0.0125701 0.121206 0.0170459 -0.0124572 0.999778 31.7079
0.99984 0.00525139 -0.0173269 -0.661945 -0.00502125 0.999899 0.0133108 0.141115 0.0173949 -0.0132217 0.999762 32.7385
0.999847 0.00424608 -0.0171573 -0.677324 -0.00399526 0.999885 0.014617 0.158056 0.0172174 -0.0145463 0.999747 33.7824
0.999821 0.00402505 -0.0187083 -0.701505 -0.00373 0.999869 0.015785 0.169928 0.0187692 -0.0157125 0.999702 34.8303
0.999829 0.00436502 -0.0181826 -0.730205 -0.00406035 0.999852 0.0167476 0.172931 0.0182532 -0.016671 0.999696 35.8873
0.999807 0.00437308 -0.0193763 -0.752494 -0.00404389 0.999848 0.016998 0.185752 0.0194476 -0.0169165 0.99967 36.9413
0.999816 0.00446079 -0.0188333 -0.77948 -0.00414476 0.999851 0.0167733 0.202087 0.0189056 -0.0166923 0.999684 38.0089
0.999787 0.00438089 -0.0204053 -0.799884 -0.00403582 0.999849 0.0169224 0.221517 0.0204763 -0.0168366 0.999651 39.0801
0.999773 0.0043204 -0.0210662 -0.825752 -0.00394338 0.999833 0.0178931 0.233073 0.0211402 -0.017806 0.99962 40.1528
0.999783 0.00483678 -0.020467 -0.856048 -0.00443411 0.999797 0.0196757 0.235809 0.0205579 -0.0195808 0.999599 41.2208
0.99974 0.0059023 -0.0221921 -0.886121 -0.00542473 0.999755 0.0215065 0.232589 0.0223137 -0.0213805 0.999525 42.304
0.99975 0.00752605 -0.0212464 -0.922061 -0.00706043 0.999736 0.0219083 0.23282 0.0214055 -0.0217531 0.999537 43.3692
0.999707 0.00914452 -0.0226063 -0.957456 -0.00867768 0.99975 0.0206546 0.233981 0.0227896 -0.0204524 0.999534 44.4374
0.999721 0.0101432 -0.0215391 -0.989591 -0.00971589 0.999756 0.0198592 0.250959 0.0217353 -0.0196447 0.999574 45.5109
0.999705 0.0103887 -0.022132 -1.0178 -0.0099382 0.999744 0.0203585 0.265787 0.0223379 -0.0201326 0.999551 46.5805
0.999705 0.0104015 -0.0221415 -1.04906 -0.00991286 0.999708 0.0220687 0.271673 0.0223647 -0.021843 0.999514 47.6605
0.999725 0.0111663 -0.0208339 -1.08302 -0.0106838 0.999677 0.0231172 0.283723 0.0210853 -0.0228882 0.999519 48.7375
0.999708 0.0107961 -0.0218231 -1.1097 -0.0102708 0.99966 0.0240423 0.295747 0.0220753 -0.0238113 0.999476 49.8191
0.999729 0.0114644 -0.0204942 -1.13863 -0.010974 0.999656 0.0238781 0.317616 0.0207609 -0.0236467 0.999508 50.8941
0.999719 0.0114957 -0.0209267 -1.16335 -0.010996 0.999657 0.0238379 0.329288 0.0211936 -0.0236014 0.9995 51.9728
0.999723 0.0118095 -0.0205801 -1.191 -0.0113268 0.999663 0.0234102 0.357926 0.0208495 -0.0231707 0.999517 53.0487
0.999759 0.0113925 -0.0190166 -1.21506 -0.010944 0.999665 0.0235222 0.375983 0.0192782 -0.0233087 0.999546 54.1228
0.999737 0.0112893 -0.0202273 -1.2393 -0.0108152 0.999669 0.0233927 0.393779 0.0204845 -0.0231678 0.999525 55.1978
0.999765 0.0110816 -0.0188891 -1.26376 -0.0106384 0.999671 0.0233976 0.410883 0.0191421 -0.0231915 0.999551 56.2671
0.999754 0.0103596 -0.0198855 -1.28478 -0.00986266 0.999643 0.0249249 0.433697 0.0201366 -0.0247226 0.999495 57.3512
0.9998 0.00957158 -0.0178087 -1.30979 -0.00901164 0.999473 0.0312557 0.455169 0.0180983 -0.0310891 0.999356 58.4178
0.999798 0.00836951 -0.0186431 -1.33119 -0.0076601 0.999258 0.0378002 0.48314 0.0189456 -0.0376495 0.999115 59.5063
0.999804 0.0079505 -0.0184267 -1.3546 -0.00723362 0.99923 0.0386447 0.51713 0.0187197 -0.038504 0.999087 60.5872
0.999833 0.00732754 -0.0171465 -1.37958 -0.00667052 0.999255 0.0380623 0.551369 0.0174126 -0.0379414 0.999132 61.6568
0.999819 0.0071712 -0.0179611 -1.39643 -0.0064846 0.999259 0.0379912 0.586748 0.0182203 -0.0378681 0.99912 62.7387
0.999819 0.00924587 -0.0170465 -1.4221 -0.00861671 0.999294 0.0366151 0.622657 0.0173731 -0.0364614 0.999188 63.8115
0.999802 0.00954766 -0.0177651 -1.43923 -0.00890306 0.999314 0.036013 0.652697 0.0180967 -0.0358479 0.999197 64.8893
0.999797 0.0112051 -0.017146 -1.46533 -0.0105701 0.999273 0.0366831 0.683885 0.0175447 -0.0364942 0.999184 65.9733
0.999804 0.0131874 -0.0151374 -1.4939 -0.0125775 0.999135 0.039697 0.710499 0.0156478 -0.039499 0.999102 67.0629
0.999785 0.0136769 -0.0160254 -1.5155 -0.0129969 0.999045 0.0417865 0.736016 0.0165816 -0.0415689 0.999002 68.1507
0.9998 0.0138821 -0.0148118 -1.53976 -0.0132312 0.998982 0.0431645 0.769459 0.015396 -0.0429599 0.998963 69.2345
0.999795 0.013568 -0.0154482 -1.55889 -0.0128665 0.998924 0.0446231 0.809273 0.0160371 -0.044415 0.998889 70.3267
0.999813 0.013351 -0.0144655 -1.58074 -0.0126688 0.998851 0.0462632 0.848584 0.0150665 -0.0460712 0.998829 71.4028
0.999802 0.0128945 -0.0155938 -1.59922 -0.0121212 0.998743 0.0486974 0.889962 0.0162023 -0.0484985 0.998697 72.4927
0.999799 0.0126082 -0.0159877 -1.61969 -0.0117862 0.998657 0.0504991 0.934571 0.016603 -0.0503004 0.998601 73.574
0.999811 0.012795 -0.0151314 -1.64022 -0.0120055 0.998621 0.0511464 0.980212 0.0157651 -0.0509548 0.998582 74.6472
0.999779 0.0132864 -0.0167091 -1.66509 -0.012416 0.998615 0.0511545 1.02098 0.0173657 -0.0509356 0.998556 75.7212
0.999785 0.0139693 -0.0157807 -1.69188 -0.0131343 0.998573 0.0518155 1.05742 0.0164821 -0.0515969 0.998537 76.7829
0.999741 0.0153067 -0.0172426 -1.72245 -0.01436 0.998454 0.0537473 1.09182 0.0180387 -0.0534857 0.998411 77.8541
0.99971 0.0167412 -0.0177135 -1.754 -0.0157047 0.998247 0.0571079 1.12083 0.0186386 -0.056813 0.998217 78.9258
0.999701 0.0181408 -0.0167737 -1.78367 -0.0170995 0.99804 0.0602507 1.15796 0.0178339 -0.0599458 0.998048 79.9895
0.999658 0.0191204 -0.0182207 -1.81362 -0.0179746 0.997974 0.0610813 1.20145 0.0193518 -0.0607327 0.997973 81.0504
0.999657 0.0198147 -0.0175382 -1.83877 -0.0187088 0.997959 0.0611076 1.25005 0.0187133 -0.0607585 0.997983 82.1025
0.999634 0.0197062 -0.0188873 -1.85973 -0.0185079 0.997931 0.0616289 1.31018 0.0200629 -0.0612566 0.997927 83.1509
0.999649 0.0195137 -0.0182972 -1.88198 -0.0183412 0.997899 0.0621815 1.37058 0.0194723 -0.061824 0.997903 84.1869
0.999632 0.018985 -0.0197726 -1.90195 -0.0176997 0.997845 0.0632507 1.43121 0.020931 -0.0628772 0.997808 85.2123
0.999625 0.0186626 -0.0203933 -1.92222 -0.0173079 0.997759 0.0646889 1.48916 0.0215551 -0.0643115 0.997704 86.2193
0.999636 0.0184951 -0.0200267 -1.94596 -0.0171331 0.997666 0.0661512 1.54657 0.0212037 -0.0657838 0.997616 87.2115
0.999605 0.0183419 -0.0216592 -1.96862 -0.0168434 0.997585 0.0674404 1.5973 0.0228441 -0.0670486 0.997495 88.1801
0.999583 0.0182863 -0.0227213 -1.99166 -0.0166939 0.997523 0.0683872 1.64884 0.0239158 -0.0679791 0.997408 89.124
0.999483 0.0185241 -0.0265843 -2.01987 -0.0166484 0.997474 0.0691149 1.69766 0.0277977 -0.0686362 0.997262 90.0561
0.999385 0.0189049 -0.0298153 -2.05301 -0.0167918 0.997438 0.0695897 1.74734 0.0310547 -0.069046 0.997137 90.9548
0.999315 0.0193201 -0.0318187 -2.08938 -0.0170309 0.997356 0.070701 1.79016 0.0331008 -0.0701103 0.996998 91.8326
0.999181 0.0202519 -0.0352571 -2.12741 -0.0176745 0.997257 0.0719362 1.83346 0.0366174 -0.0712537 0.996794 92.6862
0.999091 0.0213997 -0.0370893 -2.16598 -0.0186511 0.997168 0.0729263 1.87114 0.038545 -0.0721681 0.996655 93.5179
0.998946 0.0221955 -0.0404022 -2.20472 -0.0191491 0.997058 0.0742814 1.91193 0.0419323 -0.0734288 0.996427 94.3253
0.998854 0.0234127 -0.0419681 -2.24357 -0.0202149 0.996979 0.0750657 1.95205 0.0435987 -0.074131 0.996305 95.1034
0.998693 0.0246089 -0.0449945 -2.28547 -0.0211477 0.996901 0.0758435 1.99112 0.0467217 -0.0747923 0.996113 95.8562
0.998564 0.0257316 -0.0471903 -2.33018 -0.0220914 0.996861 0.0761012 2.02748 0.0490002 -0.0749492 0.995992 96.5743
0.998463 0.0268807 -0.0486682 -2.37049 -0.0231329 0.996846 0.0759944 2.06352 0.0505576 -0.0747511 0.995929 97.2617
0.998275 0.0282096 -0.0516818 -2.41527 -0.0242559 0.996849 0.0755949 2.099 0.0536513 -0.0742107 0.995808 97.9249
0.998187 0.0291415 -0.0528447 -2.458 -0.0251031 0.996834 0.0755315 2.13119 0.0548785 -0.0740674 0.995752 98.5491
0.998109 0.0299369 -0.0538646 -2.50115 -0.0258159 0.996807 0.0756416 2.16055 0.0559569 -0.0741077 0.99569 99.1519
0.998134 0.0310299 -0.0527798 -2.54101 -0.0269509 0.996726 0.07631 2.18798 0.0549749 -0.0747444 0.995696 99.7283
0.998251 0.0331275 -0.049151 -2.57606 -0.0292604 0.996575 0.0774165 2.21246 0.0515471 -0.0758427 0.995797 100.281
0.99845 0.034403 -0.0439951 -2.60751 -0.0308827 0.996455 0.0783295 2.23718 0.046534 -0.0768486 0.995966 100.813
0.998758 0.0349443 -0.0358049 -2.62511 -0.0320122 0.996332 0.079431 2.26352 0.0384492 -0.0781858 0.996208 101.323
0.999043 0.0346809 -0.0270349 -2.64407 -0.0323664 0.99613 0.0817862 2.29292 0.0297668 -0.0808321 0.996293 101.838
0.999305 0.0345387 -0.0146893 -2.64617 -0.0332179 0.996063 0.0822559 2.32429 0.0174727 -0.0817105 0.996513 102.309
0.999409 0.0346382 -0.00161208 -2.64662 -0.0343873 0.996009 0.082433 2.35482 0.00446116 -0.082328 0.996605 102.756
0.999309 0.034644 0.0141534 -2.6368 -0.0356932 0.995982 0.0821938 2.3864 -0.0112487 -0.082642 0.996526 103.188
0.998955 0.0334299 0.0315004 -2.61802 -0.0358608 0.996149 0.0800718 2.40931 -0.028702 -0.0811169 0.996301 103.615
0.998053 0.033477 0.052822 -2.58957 -0.037605 0.996155 0.0791916 2.44072 -0.0499672 -0.0810234 0.99547 104.024
0.996429 0.0328676 0.0779212 -2.54617 -0.0389746 0.996181 0.0781991 2.4718 -0.0750529 -0.0809559 0.993898 104.429
0.994012 0.0314999 0.104728 -2.49142 -0.0396815 0.996248 0.0769768 2.50062 -0.101909 -0.0806713 0.991529 104.818
0.99042 0.0289411 0.135105 -2.4214 -0.0394333 0.99636 0.075643 2.52409 -0.132424 -0.0802451 0.987951 105.211
0.985573 0.028006 0.16698 -2.34289 -0.040922 0.996392 0.0744173 2.55129 -0.164292 -0.0801764 0.98316 105.578
0.97883 0.0262561 0.203045 -2.24483 -0.0416691 0.996538 0.0720126 2.56981 -0.20045 -0.0789479 0.976529 105.954
0.970382 0.0223558 0.240583 -2.13347 -0.0404967 0.996679 0.0707246 2.59331 -0.238202 -0.0783722 0.968061 106.312
0.959431 0.0218125 0.281141 -2.0068 -0.0429305 0.996685 0.0691776 2.61496 -0.278699 -0.0784397 0.957182 106.668
0.946588 0.021472 0.321765 -1.88044 -0.0453078 0.996744 0.0667729 2.65152 -0.319281 -0.0777843 0.944475 107.005
0.930526 0.0219782 0.3656 -1.73256 -0.048978 0.996704 0.0647418 2.67638 -0.36297 -0.0781493 0.928531 107.333
0.911517 0.0213679 0.410735 -1.56728 -0.0521337 0.996602 0.0638486 2.69151 -0.407972 -0.0796114 0.90953 107.661
0.890844 0.0205327 0.453873 -1.39281 -0.0548284 0.996541 0.0625325 2.70964 -0.451017 -0.0805909 0.888883 107.958
0.86647 0.0174725 0.498947 -1.2061 -0.0544982 0.99673 0.0597363 2.74964 -0.496268 -0.0789506 0.864586 108.258
0.840842 0.017808 0.541011 -1.00532 -0.0574451 0.996755 0.0564721 2.76279 -0.538248 -0.0785617 0.839131 108.529
0.811874 0.0191726 0.583538 -0.790186 -0.0603103 0.996873 0.0511554 2.77187 -0.580729 -0.0767243 0.810488 108.798
0.780962 0.0235859 0.624154 -0.566387 -0.0653909 0.996888 0.0441482 2.7793 -0.621168 -0.0752912 0.780069 109.056
0.745993 0.0289206 0.665343 -0.32185 -0.0716026 0.996753 0.0369551 2.79378 -0.66211 -0.0752077 0.74564 109.314
0.708486 0.033778 0.704934 -0.070322 -0.0779986 0.996487 0.0306432 2.80495 -0.70142 -0.0766934 0.708627 109.548
0.668399 0.0330218 0.743085 0.210254 -0.079439 0.996474 0.0271721 2.82203 -0.739563 -0.0771908 0.668664 109.771
0.626402 0.030169 0.778932 0.508207 -0.0795616 0.996511 0.0253855 2.82216 -0.775447 -0.0778739 0.626613 109.986
0.582349 0.0280082 0.812471 0.816558 -0.0812172 0.996415 0.0238637 2.83476 -0.808885 -0.0798827 0.582534 110.176
0.53446 0.0265295 0.844792 1.14708 -0.0838582 0.996244 0.0217673 2.83919 -0.841039 -0.0824757 0.534675 110.365
0.486722 0.024495 0.873228 1.48192 -0.0850809 0.996188 0.0194779 2.8478 -0.869417 -0.0837743 0.486949 110.519
0.434868 0.019726 0.900291 1.84245 -0.0856617 0.996137 0.019551 2.83912 -0.896425 -0.0856221 0.434876 110.668
0.383391 0.0198443 0.923386 2.20114 -0.0889328 0.995921 0.0155214 2.84802 -0.919307 -0.088069 0.383591 110.795
0.331837 0.0223742 0.943084 2.56851 -0.0925603 0.995672 0.0089466 2.84544 -0.938799 -0.0902604 0.33247 110.91
0.280579 0.0266519 0.959474 2.95809 -0.096882 0.9953 0.000683677 2.85285 -0.954941 -0.0931465 0.281842 111.01
0.233727 0.0262108 0.971961 3.35298 -0.0961784 0.995362 -0.0037142 2.85664 -0.967548 -0.0926129 0.235161 111.091
0.190999 0.0251006 0.981282 3.77578 -0.0938559 0.995564 -0.00719797 2.85244 -0.977105 -0.0907232 0.192507 111.156
0.155867 0.0246984 0.987481 4.19736 -0.0873562 0.99612 -0.0111261 2.84886 -0.983922 -0.0845278 0.157418 111.195
0.124478 0.0246069 0.99193 4.64305 -0.087008 0.996116 -0.0137923 2.85089 -0.988412 -0.0845881 0.126135 111.238
0.0969974 0.0224305 0.995044 5.09677 -0.0893186 0.995913 -0.0137434 2.8508 -0.991283 -0.0875423 0.0986032 111.281
0.0713304 0.0189236 0.997288 5.57421 -0.0936474 0.995535 -0.0121926 2.8552 -0.99306 -0.0925225 0.0727838 111.323
0.0465311 0.0144883 0.998824 6.07721 -0.0981145 0.995131 -0.00986414 2.85533 -0.994101 -0.0975395 0.0477251 111.349
0.0245174 0.0124032 0.999638 6.59006 -0.0969857 0.99524 -0.00997018 2.84655 -0.994997 -0.0967048 0.0256034 111.356
0.00413152 0.0137327 0.999909 7.11992 -0.0925344 0.995626 -0.0132916 2.84196 -0.995716 -0.0924704 0.00538338 111.347
-0.0142769 0.0165724 0.999777 7.67321 -0.0880133 0.995965 -0.0177664 2.82866 -0.996031 -0.088246 -0.012761 111.326
-0.0281506 0.0184564 0.999446 8.23024 -0.0881261 0.995896 -0.0208731 2.82003 -0.995727 -0.088664 -0.0264093 111.313
-0.0399835 0.0227109 0.998958 8.82038 -0.0914392 0.995467 -0.026292 2.80453 -0.995023 -0.0923939 -0.0377259 111.297
-0.0459693 0.0220521 0.998711 9.43598 -0.088894 0.995705 -0.0260775 2.78431 -0.994996 -0.0899774 -0.0438122 111.266
-0.0487708 0.0160578 0.998697 10.0702 -0.0831438 0.996339 -0.0200806 2.75251 -0.995358 -0.0840135 -0.0472574 111.229
-0.0492002 0.0143903 0.998698 10.7183 -0.0825124 0.996425 -0.0184226 2.73661 -0.995391 -0.0833105 -0.0478376 111.197
-0.046667 0.0140703 0.998827 11.3878 -0.0833888 0.996359 -0.0179321 2.72367 -0.995439 -0.0841266 -0.0453241 111.173
-0.0458105 0.0137788 0.998868 12.071 -0.0859352 0.996149 -0.0176827 2.71881 -0.995263 -0.0866469 -0.0444508 111.155
-0.0440483 0.0132308 0.998958 12.7715 -0.0872382 0.996045 -0.0170396 2.69809 -0.995229 -0.0878963 -0.0427202 111.13
-0.0430176 0.0129839 0.999003 13.492 -0.0869117 0.996081 -0.0166885 2.68443 -0.995303 -0.0875419 -0.0417214 111.102
-0.0430594 0.0124302 0.999012 14.2211 -0.08688 0.996091 -0.0161392 2.65788 -0.995304 -0.0874875 -0.0418116 111.073
-0.0419083 0.0118338 0.999066 14.9683 -0.0873288 0.996064 -0.0154617 2.63525 -0.995314 -0.0878938 -0.0407108 111.051
-0.0421594 0.0109182 0.999068 15.7239 -0.0871963 0.996088 -0.0145657 2.61197 -0.995315 -0.0877276 -0.0410428 111.026
-0.0422617 0.00975698 0.999073 16.4895 -0.0872104 0.996105 -0.0134173 2.58849 -0.995309 -0.0876953 -0.0412471 111.001
-0.0433523 0.00919619 0.999035 17.27 -0.0881991 0.996022 -0.0129964 2.57892 -0.995175 -0.088676 -0.0423692 110.974
-0.0450572 0.00865935 0.998961 18.0621 -0.0887812 0.995976 -0.0126381 2.56402 -0.995048 -0.0892569 -0.0441078 110.945
-0.0460938 0.0072397 0.99893 18.8545 -0.0872033 0.996131 -0.0112438 2.54179 -0.99514 -0.0876268 -0.0452846 110.907
-0.0478426 0.00612194 0.998851 19.6597 -0.0863677 0.996216 -0.0102428 2.52005 -0.995131 -0.0867569 -0.0471335 110.873
-0.0489862 0.00554607 0.998804 20.4701 -0.0866129 0.996198 -0.00978013 2.50601 -0.995054 -0.0869867 -0.0483201 110.841
-0.0499492 0.00781773 0.998736 21.2917 -0.0884515 0.996011 -0.0122204 2.48687 -0.994845 -0.0889485 -0.0490592 110.812
-0.0518463 0.01133 0.998611 22.1208 -0.0897177 0.995843 -0.0159572 2.47252 -0.994634 -0.0904188 -0.0506148 110.776
-0.052369 0.0111132 0.998581 22.9485 -0.0895506 0.995862 -0.0157797 2.45859 -0.994622 -0.0902481 -0.0511578 110.737
-0.0543823 0.00862945 0.998503 23.7867 -0.0925747 0.995616 -0.013647 2.45198 -0.994237 -0.0931765 -0.0533458 110.705
-0.0546304 0.00391549 0.998515 24.6292 -0.0951113 0.99543 -0.00910738 2.4421 -0.993984 -0.0954657 -0.0540091 110.674
-0.0557616 -0.00223823 0.998462 25.4736 -0.096259 0.995356 -0.00314505 2.43248 -0.993811 -0.0962845 -0.0557188 110.639
-0.0551734 -0.00862931 0.998456 26.3185 -0.0994164 0.995046 0.00310589 2.42518 -0.993533 -0.0990895 -0.0557588 110.607
-0.0549613 -0.0105576 0.998453 27.1627 -0.100113 0.994967 0.00500946 2.42251 -0.993474 -0.0996809 -0.0557424 110.567
-0.0549302 -0.00533903 0.998493 27.993 -0.0973211 0.995257 -3.24834e-05 2.39965 -0.993755 -0.0971741 -0.0551901 110.525
-0.0531859 0.00502856 0.998592 28.8131 -0.0950747 0.995423 -0.0100768 2.38907 -0.994066 -0.0954751 -0.0524651 110.481
-0.0532705 0.00896865 0.998557 29.6403 -0.0944538 0.995436 -0.0139797 2.37653 -0.994122 -0.0950601 -0.0521811 110.444
-0.0512586 0.00330194 0.9987 30.4714 -0.0931261 0.995626 -0.00807184 2.36675 -0.994352 -0.0934172 -0.0507276 110.408
-0.0503859 -0.00482029 0.998735 31.3033 -0.0906046 0.995892 0.000235245 2.34898 -0.994631 -0.0904762 -0.0506164 110.371
-0.050779 -0.00893753 0.998691 32.1246 -0.0891676 0.996012 0.00437945 2.33266 -0.99474 -0.0888269 -0.0513741 110.332
-0.0500524 -0.00998485 0.998714 32.9427 -0.0900365 0.995929 0.0054444 2.32363 -0.994699 -0.0896461 -0.0507485 110.297
-0.0517633 -0.0107133 0.998623 33.7474 -0.0919165 0.995754 0.0059177 2.31941 -0.994439 -0.0914821 -0.0525289 110.266
-0.0531265 -0.0117666 0.998536 34.5524 -0.092899 0.995658 0.00678981 2.30988 -0.994277 -0.0924001 -0.0539898 110.232
-0.0561205 -0.0127913 0.998363 35.3561 -0.0928267 0.995659 0.00753827 2.30034 -0.994119 -0.0922501 -0.0570649 110.192
-0.0574719 -0.0135143 0.998274 36.1586 -0.0935313 0.995589 0.00809297 2.28672 -0.993977 -0.0929026 -0.0584831 110.157
-0.059503 -0.0139964 0.998151 36.9514 -0.094425 0.995502 0.00832994 2.28117 -0.993771 -0.0937532 -0.0605577 110.118
-0.0625212 -0.0150248 0.99795 37.7425 -0.0946423 0.995476 0.00905794 2.27864 -0.993567 -0.0938798 -0.0636611 110.076
-0.0638635 -0.0161982 0.997849 38.5289 -0.09422 0.995505 0.0101296 2.26835 -0.99352 -0.0933688 -0.0651033 110.029
-0.066564 -0.0165904 0.997664 39.3062 -0.0938057 0.995543 0.0102962 2.26235 -0.993383 -0.092899 -0.0678244 109.979
-0.0676075 -0.0168487 0.99759 40.0809 -0.0936176 0.995559 0.0104695 2.25262 -0.99333 -0.0926826 -0.0688851 109.931
-0.0695582 -0.0172205 0.997449 40.8505 -0.0933367 0.995583 0.010679 2.24563 -0.993223 -0.0923536 -0.0708591 109.881
-0.0699998 -0.0183001 0.997399 41.6172 -0.0921712 0.995679 0.0117993 2.23178 -0.9933 -0.0911041 -0.0713847 109.829
-0.0714816 -0.0188946 0.997282 42.3815 -0.091671 0.99572 0.012294 2.22902 -0.993241 -0.0905409 -0.0729085 109.779
-0.0737847 -0.0194856 0.997104 43.1444 -0.0916599 0.995715 0.0126753 2.22785 -0.993073 -0.0904577 -0.0752551 109.73
-0.0746109 -0.0203052 0.997026 43.8837 -0.0918719 0.995687 0.0134024 2.22834 -0.992993 -0.0905965 -0.0761553 109.68
-0.0762402 -0.0213418 0.996882 44.6033 -0.092279 0.995637 0.0142573 2.22977 -0.992831 -0.0909028 -0.0778776 109.63
-0.0760652 -0.0220482 0.996879 45.3157 -0.0924302 0.995613 0.0149672 2.2338 -0.992831 -0.0910011 -0.0777702 109.578
-0.0772401 -0.02264 0.996777 46.0098 -0.0925822 0.995591 0.0154384 2.23567 -0.992725 -0.0910896 -0.0789963 109.529
-0.0764612 -0.0225818 0.996837 46.7097 -0.0929057 0.995561 0.0154265 2.23345 -0.992756 -0.0914301 -0.0782205 109.479
-0.0766132 -0.0222929 0.996833 47.4036 -0.0934032 0.99552 0.0150845 2.23785 -0.992697 -0.0919501 -0.0783528 109.432
-0.0775589 -0.022826 0.996747 48.0943 -0.0933072 0.995522 0.0155373 2.2399 -0.992634 -0.0917963 -0.0793421 109.383
-0.0769555 -0.0234656 0.996779 48.7826 -0.0927833 0.995559 0.0162732 2.24607 -0.992729 -0.0912305 -0.0787916 109.332
-0.0782995 -0.0246921 0.996645 49.4708 -0.092746 0.995544 0.0173783 2.24582 -0.992628 -0.0910717 -0.0802413 109.285
-0.0775347 -0.025336 0.996689 50.1549 -0.095054 0.995317 0.0179062 2.24986 -0.99247 -0.0933492 -0.0795806 109.241
-0.0782583 -0.0260619 0.996613 50.8306 -0.0962398 0.995193 0.0184674 2.24823 -0.992299 -0.0944662 -0.0803909 109.196
-0.0773597 -0.0273966 0.996648 51.4988 -0.0955933 0.995227 0.0199371 2.24468 -0.992432 -0.093729 -0.07961 109.149
-0.0783993 -0.0284287 0.996538 52.1668 -0.0962007 0.995151 0.0208208 2.24394 -0.992292 -0.0942329 -0.0807546 109.101
-0.0823757 -0.0299213 0.996173 52.8352 -0.10037 0.994722 0.0215775 2.24468 -0.991556 -0.098207 -0.0849447 109.057
-0.0865189 -0.0304845 0.995805 53.4967 -0.102157 0.994541 0.02157 2.2518 -0.991021 -0.0998597 -0.0891613 109.011
-0.0933567 -0.0281698 0.995256 54.1563 -0.100571 0.99476 0.0187217 2.25615 -0.990562 -0.0983447 -0.095701 108.95
-0.0992675 -0.0274196 0.994705 54.807 -0.0989621 0.994943 0.01755 2.26081 -0.99015 -0.0966935 -0.101479 108.88
-0.107032 -0.0269655 0.993912 55.4785 -0.0987953 0.99498 0.016355 2.26894 -0.989357 -0.0964417 -0.109159 108.811
-0.112553 -0.0274742 0.993288 56.1402 -0.100572 0.994806 0.01612 2.27974 -0.988566 -0.0980798 -0.114732 108.739
-0.117817 -0.0286337 0.992644 56.8147 -0.100833 0.99477 0.0167268 2.28117 -0.987925 -0.0981188 -0.120088 108.663
-0.123055 -0.0293827 0.991987 57.4988 -0.102351 0.994614 0.016764 2.28588 -0.987131 -0.0994657 -0.1254 108.587
-0.126392 -0.0305636 0.991532 58.1739 -0.104371 0.994394 0.0173472 2.29721 -0.986497 -0.101293 -0.128874 108.506
-0.12991 -0.0335739 0.99098 58.8748 -0.104883 0.994292 0.0199371 2.30474 -0.985986 -0.101344 -0.13269 108.417
-0.131392 -0.038278 0.990614 59.5693 -0.103454 0.994334 0.0246997 2.30962 -0.985941 -0.0992363 -0.134608 108.325
-0.133771 -0.0417856 0.990154 60.2878 -0.10467 0.994125 0.0278125 2.31929 -0.985493 -0.0999163 -0.137359 108.235
-0.134377 -0.0431597 0.990013 60.9979 -0.105698 0.993983 0.0289859 2.33742 -0.9853 -0.100746 -0.13813 108.144
-0.134943 -0.0429652 0.989944 61.7184 -0.105498 0.994011 0.0287612 2.35431 -0.985245 -0.100553 -0.138668 108.05
-0.136152 -0.0397089 0.989914 62.439 -0.100257 0.994627 0.0261084 2.37221 -0.985626 -0.0956897 -0.139401 107.945
-0.136462 -0.0367304 0.989987 63.1639 -0.0940292 0.995289 0.0239662 2.37444 -0.986197 -0.0898143 -0.139273 107.834
-0.137962 -0.0365436 0.989786 63.8985 -0.0932063 0.995371 0.0237579 2.39363 -0.986067 -0.088975 -0.140729 107.734
-0.13792 -0.0393554 0.989684 64.6338 -0.09515 0.995123 0.026312 2.4101 -0.985887 -0.0905367 -0.140992 107.637
-0.137985 -0.045577 0.989407 65.3701 -0.0949349 0.994958 0.0325926 2.42829 -0.985898 -0.0894305 -0.141615 107.538
-0.139243 -0.0489601 0.98907 66.1062 -0.0914293 0.995154 0.03639 2.43818 -0.986053 -0.08536 -0.143045 107.435
-0.140012 -0.0497269 0.988922 66.837 -0.0900712 0.995244 0.0372922 2.45675 -0.986069 -0.0838505 -0.143825 107.332
-0.142407 -0.0505159 0.988541 67.5736 -0.0922522 0.995035 0.0375585 2.47645 -0.985525 -0.0858437 -0.14636 107.236
-0.144035 -0.0511263 0.988273 68.3021 -0.0926632 0.994981 0.0379679 2.49035 -0.985249 -0.0861063 -0.148049 107.135
-0.146701 -0.0518742 0.987843 69.0384 -0.0929289 0.994938 0.0384466 2.50524 -0.984831 -0.0861561 -0.150779 107.031
-0.148283 -0.0525813 0.987569 69.7705 -0.0928891 0.994919 0.039025 2.52347 -0.984597 -0.0859461 -0.152413 106.925
-0.150364 -0.0533699 0.987213 70.5079 -0.0932921 0.99486 0.0395742 2.54057 -0.984245 -0.0861457 -0.15457 106.817
-0.152545 -0.0538146 0.986853 71.2527 -0.0939058 0.994796 0.0397318 2.56759 -0.98385 -0.0866088 -0.156804 106.706
-0.153118 -0.0543531 0.986735 71.988 -0.0948598 0.994692 0.0400718 2.5839 -0.983671 -0.087463 -0.157461 106.596
-0.154659 -0.0548764 0.986466 72.7428 -0.0946858 0.994691 0.0404888 2.61192 -0.983446 -0.0871407 -0.159034 106.484
-0.155264 -0.055417 0.986341 73.493 -0.0951759 0.994628 0.0409009 2.63673 -0.983303 -0.0875226 -0.159704 106.37
-0.157063 -0.0566942 0.985983 74.2568 -0.0950715 0.99459 0.0420444 2.66249 -0.983028 -0.0871337 -0.161602 106.253
-0.157382 -0.0583864 0.985834 75.0198 -0.0964542 0.994395 0.0434954 2.68965 -0.982842 -0.0882394 -0.162132 106.138
-0.158778 -0.0597964 0.985526 75.7874 -0.0975581 0.994238 0.0446072 2.7213 -0.982509 -0.0890617 -0.163696 106.019
-0.161711 -0.0607679 0.984989 76.5666 -0.0975227 0.994209 0.0453261 2.74331 -0.982034 -0.0887262 -0.1667 105.894
-0.162577 -0.0608991 0.984839 77.3377 -0.097239 0.994232 0.0454275 2.77234 -0.981919 -0.0883775 -0.167561 105.766
-0.165541 -0.0612103 0.984325 78.1262 -0.0977004 0.994188 0.0453929 2.8076 -0.981378 -0.0886517 -0.170559 105.636
-0.165899 -0.0595927 0.984365 78.9003 -0.0973293 0.994297 0.0437905 2.83675 -0.981354 -0.0885411 -0.170752 105.501
-0.167625 -0.058165 0.984158 79.6943 -0.0970101 0.994395 0.0422472 2.86102 -0.981093 -0.0883887 -0.172327 105.364
-0.167305 -0.057003 0.984281 80.4921 -0.0965367 0.994485 0.0411847 2.8875 -0.981194 -0.0881271 -0.171884 105.226
-0.16696 -0.0571692 0.984329 81.3 -0.0960195 0.994524 0.0414749 2.91665 -0.981304 -0.0875873 -0.171534 105.083
-0.167611 -0.0582344 0.984157 82.1208 -0.095154 0.994557 0.0426439 2.93461 -0.981277 -0.0864972 -0.172239 104.94
-0.166398 -0.059202 0.984305 82.9385 -0.0941896 0.994595 0.0438982 2.96637 -0.981576 -0.0854037 -0.171074 104.799
-0.166673 -0.0602516 0.984195 83.7733 -0.094328 0.994537 0.04491 2.99651 -0.981517 -0.0853502 -0.171445 104.662
-0.163769 -0.0616622 0.984595 84.6023 -0.0942249 0.994469 0.0466082 3.0293 -0.982015 -0.0851373 -0.168672 104.524
-0.163451 -0.0642397 0.984483 85.4441 -0.0936878 0.994388 0.049331 3.0584 -0.98212 -0.0841691 -0.168551 104.385
-0.160306 -0.0667307 0.984834 86.2853 -0.0939851 0.99422 0.0520685 3.08861 -0.982609 -0.0842098 -0.165651 104.248
-0.158675 -0.0673621 0.985056 87.124 -0.0944613 0.994138 0.0527669 3.12746 -0.982829 -0.0846751 -0.164107 104.114
-0.158294 -0.0644888 0.985309 87.9719 -0.0936676 0.994355 0.050033 3.15566 -0.982966 -0.0843686 -0.16344 103.978
-0.155532 -0.0595944 0.986058 88.8015 -0.0929182 0.994645 0.0454571 3.19423 -0.983478 -0.0845509 -0.160236 103.846
-0.154994 -0.0583179 0.986218 89.65 -0.0945072 0.994562 0.0439588 3.23025 -0.983411 -0.0863882 -0.159663 103.717
-0.152067 -0.0593674 0.986612 90.4956 -0.0938131 0.994563 0.0453864 3.26759 -0.983935 -0.0856535 -0.156809 103.589
-0.15243 -0.0621466 0.986384 91.3593 -0.0938416 0.994431 0.0481522 3.28863 -0.983876 -0.0852209 -0.157413 103.459
-0.150644 -0.0633892 0.98658 92.2093 -0.0936512 0.994377 0.0495903 3.32404 -0.98417 -0.084922 -0.155733 103.333
-0.149892 -0.0640462 0.986652 93.0678 -0.0941674 0.994297 0.050237 3.35511 -0.984235 -0.0853771 -0.155069 103.206
-0.150299 -0.0645406 0.986558 93.9306 -0.0942645 0.994265 0.0506839 3.39188 -0.984164 -0.0853777 -0.15552 103.077
-0.14866 -0.0656777 0.986732 94.7803 -0.0931442 0.994295 0.0521486 3.42794 -0.984519 -0.0841526 -0.153929 102.95
-0.148619 -0.066709 0.986668 95.6389 -0.0914584 0.994382 0.0534544 3.46048 -0.984684 -0.0822928 -0.153885 102.817
-0.147182 -0.0667856 0.986879 96.4839 -0.0915405 0.994364 0.0536405 3.49378 -0.984892 -0.0824412 -0.152466 102.688
-0.14763 -0.0662329 0.986849 97.3417 -0.0910739 0.994435 0.0531178 3.53107 -0.984869 -0.0820324 -0.15284 102.561
-0.145845 -0.0660852 0.987125 98.1785 -0.0947028 0.994126 0.0525624 3.56393 -0.984792 -0.0858142 -0.151247 102.44
-0.145155 -0.0704242 0.986926 99.0212 -0.0981474 0.993578 0.0564636 3.61137 -0.984557 -0.0886662 -0.151134 102.322
-0.145507 -0.0737646 0.986631 99.8626 -0.102787 0.992957 0.0590793 3.65326 -0.984032 -0.0928126 -0.152064 102.21
-0.145842 -0.0738803 0.986573 100.693 -0.106214 0.992623 0.0586322 3.68735 -0.983618 -0.0962349 -0.152613 102.096
-0.147521 -0.0718688 0.986473 101.527 -0.110451 0.992325 0.0557786 3.72662 -0.982901 -0.100725 -0.154326 101.982
-0.147644 -0.0716377 0.98647 102.35 -0.111075 0.992274 0.0554349 3.7723 -0.982813 -0.101386 -0.15446 101.864
-0.148191 -0.0718242 0.986375 103.174 -0.110492 0.992328 0.0556581 3.80627 -0.982796 -0.100735 -0.15499 101.742
-0.149292 -0.0723058 0.986174 103.991 -0.109658 0.992391 0.0561613 3.84195 -0.982723 -0.099755 -0.156084 101.616
-0.149451 -0.0725462 0.986132 104.804 -0.108925 0.992453 0.0565038 3.87371 -0.98278 -0.0989668 -0.156225 101.49
-0.150576 -0.0723889 0.985972 105.612 -0.108339 0.992526 0.056325 3.90413 -0.982674 -0.0983358 -0.157293 101.365
-0.150688 -0.0724517 0.98595 106.409 -0.107952 0.992563 0.0564394 3.9423 -0.982699 -0.0979267 -0.157388 101.24
-0.152441 -0.072953 0.985644 107.209 -0.108153 0.992523 0.0567355 3.98177 -0.982407 -0.0979488 -0.159191 101.116
-0.153411 -0.0748862 0.985349 107.981 -0.108756 0.992357 0.0584868 4.01768 -0.982189 -0.098187 -0.160382 101.002
-0.156465 -0.0751052 0.984852 108.77 -0.108753 0.992361 0.0584004 4.05022 -0.981708 -0.0979658 -0.163437 100.883
-0.16034 -0.0752053 0.984221 109.549 -0.109065 0.992348 0.0580591 4.08488 -0.981048 -0.0980313 -0.167315 100.758
-0.163165 -0.075293 0.983749 110.327 -0.109366 0.992328 0.0578104 4.12652 -0.980548 -0.0981536 -0.170147 100.631
-0.166943 -0.0755102 0.9831 111.098 -0.109564 0.992318 0.0576137 4.16625 -0.979891 -0.0980904 -0.173933 100.5
-0.16943 -0.0762228 0.982618 111.874 -0.109534 0.992293 0.058087 4.19715 -0.979466 -0.0977858 -0.176473 100.366
-0.173016 -0.0763241 0.981986 112.649 -0.108396 0.992422 0.0580378 4.22889 -0.978967 -0.0963977 -0.179978 100.229
-0.174022 -0.0724457 0.982102 113.411 -0.111566 0.992328 0.0534316 4.26672 -0.978432 -0.100269 -0.180769 100.096
-0.175751 -0.0669004 0.982187 114.17 -0.112672 0.992509 0.0474429 4.30563 -0.977997 -0.102323 -0.181972 99.9664
-0.179526 -0.0645904 0.981659 114.933 -0.109886 0.992923 0.0452361 4.3444 -0.977628 -0.099747 -0.185352 99.8263
-0.181789 -0.0669739 0.981083 115.693 -0.10887 0.992925 0.0476102 4.37784 -0.977324 -0.0981514 -0.187793 99.6854
-0.185861 -0.0741427 0.979803 116.458 -0.109443 0.992516 0.0543444 4.40981 -0.976493 -0.0971299 -0.192584 99.5463
-0.187453 -0.076036 0.979355 117.213 -0.109692 0.992394 0.0560534 4.44489 -0.976161 -0.0969165 -0.194367 99.4095
-0.189867 -0.0756088 0.978923 117.957 -0.110535 0.992347 0.0552074 4.47904 -0.975599 -0.0977203 -0.19677 99.2645
-0.191783 -0.0747569 0.978615 118.705 -0.110833 0.992377 0.0540884 4.51068 -0.97519 -0.0980862 -0.198606 99.123
-0.19447 -0.0719189 0.978297 119.445 -0.110754 0.99255 0.050951 4.54501 -0.974667 -0.0984389 -0.200985 98.9714
-0.197519 -0.0682253 0.977951 120.179 -0.106829 0.993143 0.0477095 4.5632 -0.974493 -0.0950462 -0.203452 98.8214
-0.199106 -0.064083 0.97791 120.9 -0.106722 0.993351 0.0433665 4.58382 -0.974182 -0.0957271 -0.20462 98.6732
-0.202071 -0.0638545 0.977317 121.633 -0.107123 0.993336 0.0427535 4.61482 -0.973528 -0.0960496 -0.207563 98.5231
-0.204359 -0.0650965 0.976759 122.366 -0.106345 0.993366 0.0439542 4.63882 -0.973135 -0.0948884 -0.209925 98.3727
-0.208876 -0.0690298 0.975533 123.094 -0.102833 0.993537 0.0482869 4.65325 -0.972555 -0.0902265 -0.214623 98.2122
-0.21418 -0.0703867 0.974285 123.826 -0.102507 0.993521 0.0492426 4.67396 -0.971433 -0.0893219 -0.220006 98.0465
-0.220534 -0.070919 0.972829 124.542 -0.102907 0.993489 0.0490979 4.71026 -0.96997 -0.0892793 -0.226395 97.887
-0.229211 -0.071269 0.970794 125.257 -0.104093 0.9934 0.0483522 4.74045 -0.967828 -0.0899675 -0.235115 97.7213
-0.239017 -0.0715071 0.96841 125.964 -0.105573 0.993297 0.0472892 4.77469 -0.965294 -0.0909307 -0.244962 97.5472
-0.25134 -0.0718125 0.965261 126.674 -0.106922 0.993208 0.0460516 4.80155 -0.962008 -0.09163 -0.257311 97.3612
-0.263093 -0.0721124 0.962104 127.369 -0.107489 0.993196 0.0450507 4.8329 -0.9588 -0.0915588 -0.269052 97.1711
-0.275419 -0.0725582 0.958613 128.071 -0.106961 0.993277 0.0444518 4.86362 -0.955388 -0.0902882 -0.281328 96.9669
-0.286267 -0.0730626 0.955392 128.761 -0.106861 0.993313 0.0439447 4.89324 -0.952208 -0.0895103 -0.292158 96.7559
-0.296647 -0.0733712 0.952196 129.448 -0.105716 0.993448 0.0436158 4.92439 -0.949151 -0.087721 -0.302459 96.536
-0.306263 -0.0736367 0.949127 130.132 -0.104609 0.99358 0.0433316 4.95364 -0.946218 -0.0860125 -0.311998 96.3078
-0.313565 -0.0733701 0.94676 130.813 -0.102765 0.993786 0.0429795 4.97939 -0.944023 -0.083814 -0.319155 96.0693
-0.320268 -0.0738653 0.944476 131.49 -0.103995 0.993682 0.0424508 5.00711 -0.941639 -0.0846205 -0.325924 95.8398
-0.324872 -0.0750981 0.942804 132.163 -0.103173 0.993716 0.0436027 5.03236 -0.940148 -0.083104 -0.330577 95.6018
-0.328133 -0.0766731 0.941549 132.836 -0.0998885 0.993939 0.0461295 5.05954 -0.939373 -0.0789089 -0.333801 95.3592
-0.329059 -0.0777288 0.941138 133.506 -0.0972919 0.994103 0.0480867 5.07692 -0.939319 -0.075739 -0.334679 95.1146
-0.330238 -0.0780317 0.940701 134.169 -0.0961308 0.994186 0.0487227 5.11222 -0.939028 -0.0743359 -0.335817 94.8795
-0.330646 -0.0740508 0.940878 134.826 -0.0951734 0.994461 0.0448224 5.13262 -0.938979 -0.0747234 -0.335861 94.6478
-0.329077 -0.0735093 0.941473 135.474 -0.0957064 0.994439 0.0441938 5.15834 -0.939479 -0.0755574 -0.33428 94.4223
-0.328935 -0.0738689 0.941492 136.119 -0.0936559 0.994583 0.0453138 5.18276 -0.939732 -0.0732682 -0.33407 94.1971
-0.32696 -0.0747791 0.942111 136.765 -0.0925607 0.994616 0.0468251 5.21342 -0.940533 -0.0718882 -0.33212 93.9699
-0.326129 -0.0756967 0.942324 137.4 -0.0909101 0.994691 0.0484409 5.23949 -0.940979 -0.0698659 -0.331277 93.7488
-0.323893 -0.0763299 0.943045 138.037 -0.0908724 0.994652 0.0492981 5.26844 -0.941758 -0.0697252 -0.329095 93.5263
-0.321878 -0.0758458 0.943772 138.664 -0.0906015 0.99469 0.0490384 5.29371 -0.942471 -0.0697199 -0.327039 93.3116
-0.318792 -0.076077 0.944802 139.277 -0.0898667 0.99472 0.0497756 5.32025 -0.943593 -0.069034 -0.323944 93.1068
-0.313212 -0.076859 0.946603 139.9 -0.0890202 0.994718 0.0513115 5.3435 -0.945538 -0.0681925 -0.318398 92.8962
-0.308823 -0.0780632 0.947947 140.504 -0.0884052 0.994679 0.0531123 5.37215 -0.94704 -0.0673969 -0.314079 92.6986
-0.303696 -0.0791625 0.94951 141.123 -0.0882851 0.994604 0.0546854 5.39825 -0.948706 -0.067217 -0.309044 92.5026
-0.299837 -0.0801979 0.950649 141.731 -0.088392 0.99452 0.0560214 5.42627 -0.949926 -0.0672284 -0.30528 92.3151
-0.296975 -0.0812887 0.951455 142.325 -0.0880362 0.994468 0.057486 5.4543 -0.950855 -0.0666876 -0.302487 92.1282
-0.293104 -0.0822164 0.952575 142.931 -0.086213 0.994521 0.0593109 5.4889 -0.952225 -0.0647359 -0.298584 91.9356
-0.290231 -0.0834612 0.953346 143.522 -0.0851044 0.994505 0.0611566 5.51048 -0.953202 -0.0633813 -0.295738 91.756
-0.286272 -0.0844479 0.954456 144.12 -0.0859007 0.99437 0.0622166 5.54451 -0.954329 -0.0641732 -0.291913 91.5783
-0.282718 -0.0845669 0.955504 144.706 -0.0872353 0.994256 0.062186 5.57437 -0.955265 -0.0657696 -0.28847 91.4096
-0.279168 -0.0841879 0.956581 145.278 -0.0868086 0.994294 0.0621744 5.60422 -0.95635 -0.065678 -0.284882 91.2429
-0.273445 -0.0832457 0.958315 145.856 -0.0849445 0.994457 0.0621481 5.63312 -0.958167 -0.0644065 -0.278999 91.0775
-0.267653 -0.0839915 0.959884 146.423 -0.0856999 0.994332 0.0631108 5.66585 -0.959736 -0.0653657 -0.273333 90.9255
-0.25879 -0.0856569 0.962165 147 -0.0866637 0.994114 0.0651924 5.69982 -0.962076 -0.0665106 -0.264689 90.7773
-0.248836 -0.0871249 0.964656 147.565 -0.0861409 0.994002 0.0675565 5.73045 -0.964747 -0.0662815 -0.254847 90.6384
-0.236312 -0.0883664 0.967688 148.134 -0.0849405 0.993935 0.0700212 5.76245 -0.967995 -0.0656459 -0.242383 90.4989
-0.223339 -0.0894728 0.970663 148.7 -0.0838756 0.993861 0.0723136 5.79785 -0.971165 -0.06526 -0.229471 90.3736
-0.208572 -0.0904347 0.973854 149.261 -0.0832569 0.993755 0.0744522 5.83444 -0.974494 -0.0655482 -0.214798 90.2591
-0.189979 -0.0913456 0.977567 149.827 -0.0818903 0.99368 0.0769381 5.87287 -0.978407 -0.0654321 -0.196258 90.1548
