1 0 0 0 0 1 0 0 0 0 1 0
0.27458 0.0552525 -0.959975 -1.10566 0.039589 0.996851 0.0686987 0.0814143 0.960747 -0.0568676 0.271527 0.261585
-0.841478 0.0847733 -0.5336 -1.77518 0.0870434 0.995991 0.0209667 0.0905245 0.53323 -0.028803 -0.845479 -0.845879
-0.740831 0.0634833 0.668687 -0.900928 0.0721007 0.997288 -0.0148007 0.0292997 -0.667816 0.0372463 -0.743391 -1.75941
0.46193 -0.0305545 0.886398 0.157001 0.0520517 0.998625 0.0072985 0.00518293 -0.885385 0.0427652 0.462887 -0.980533
0.97186 -0.0225214 -0.234507 -0.489317 0.0261294 0.999584 0.0122867 0.00340077 0.234139 -0.018071 0.972031 0.392316
0.0539752 0.0140489 -0.998455 -1.99168 0.0463858 0.998794 0.0165624 0.0280387 0.997462 -0.0472086 0.0532492 0.144176
-0.936951 0.0365905 -0.347568 -2.20648 0.0460669 0.998758 -0.0190402 0.00230595 0.346428 -0.0338501 -0.937457 -1.35894
-0.619385 -0.0228597 0.784771 -0.808499 -0.0368817 0.999328 1.95958e-06 0.0321123 -0.784225 -0.0289444 -0.619794 -2.12022
0.501814 -0.087615 0.860541 0.452047 -0.0106142 0.99416 0.107408 0.22857 -0.864908 -0.0630345 0.497944 -1.06498
0.974329 -0.105696 -0.198835 -0.228783 0.125575 0.987983 0.0901652 0.364106 0.186908 -0.112817 0.975873 0.442466
0.15454 -0.0759312 -0.985076 -1.76144 0.161139 0.985629 -0.050696 0.356668 0.974757 -0.150896 0.16456 0.281795
-0.884777 -0.0218081 -0.465526 -2.19518 0.0346329 0.993068 -0.112346 0.25772 0.46475 -0.115525 -0.877878 -1.30293
-0.71374 -0.0759057 0.696297 -0.867016 -0.12746 0.991587 -0.0225594 0.344042 -0.688723 -0.10485 -0.717409 -2.20694
0.45548 -0.12243 0.881797 0.380082 -0.050589 0.985342 0.162939 0.726637 -0.888811 -0.11882 0.442612 -1.16294
0.967885 -0.120499 -0.220681 -0.379464 0.154263 0.97767 0.142715 0.984745 0.198567 -0.172173 0.964848 0.318384
-0.00308244 -0.0831722 -0.996546 -2.00394 0.218623 0.972374 -0.0818349 0.861537 0.975804 -0.218118 0.0151696 -0.0579107
-0.988925 -0.0094667 -0.148248 -1.92001 0.0103713 0.991131 -0.132504 0.742925 0.148166 -0.132569 -0.980033 -1.69602
-0.279634 -0.0775344 0.956996 -0.310043 -0.0579845 0.996283 0.0637832 0.998534 -0.958355 -0.0376552 -0.283062 -1.85413
0.914126 -0.134591 0.382511 -0.0041483 0.0937117 0.987891 0.123674 1.30595 -0.39449 -0.0772114 0.91564 -0.267592
0.507671 -0.111791 -0.854306 -1.52256 0.175239 0.984222 -0.0246619 1.34535 0.843549 -0.137187 0.519207 0.280523
-0.787909 0.00139877 -0.615851 -2.2037 0.0707621 0.993587 -0.0882837 1.32332 0.611731 -0.113134 -0.782916 -1.28647
-0.737956 -0.0164581 0.674702 -0.797043 -0.039129 0.999068 -0.0184158 1.46639 -0.673731 -0.0399906 -0.737868 -2.27213
0.574145 -0.0453854 0.817543 0.314506 -0.03337 0.996343 0.078754 1.76696 -0.818083 -0.0724982 0.570487 -1.03111
0.904021 -0.0836541 -0.419306 -0.844806 0.114454 0.992233 0.0487994 1.9724 0.411925 -0.0921042 0.906534 0.357931
-0.181715 -0.0706468 -0.980844 -2.53922 0.0724385 0.993752 -0.0850005 1.9158 0.980679 -0.0864927 -0.175426 -0.342429
-0.996822 -0.0444135 -0.066505 -2.26317 -0.0392855 0.996294 -0.0765699 1.93276 0.0696872 -0.0737144 -0.994836 -2.14185
-0.252563 -0.0942609 0.963002 -0.383949 -0.0627632 0.99475 0.0809079 2.24357 -0.96554 -0.0400072 -0.257174 -2.19284
0.898947 -0.158543 0.408401 0.334668 0.105365 0.983102 0.149721 2.50047 -0.425251 -0.0915542 0.900439 -0.445993
0.532753 -0.147118 -0.833401 -1.39218 0.200969 0.978604 -0.0442819 2.35491 0.822071 -0.14389 0.550925 0.64207
-0.73374 -0.0523141 -0.67743 -2.82061 0.0741197 0.984923 -0.156345 2.01466 0.675395 -0.164925 -0.718798 -0.953019
-0.78277 -0.0581429 0.61961 -1.49258 -0.095724 0.995035 -0.0275579 1.97623 -0.614936 -0.0808806 -0.784439 -2.60061
0.453176 -0.104507 0.885289 0.38712 -0.024832 0.991244 0.129729 2.25741 -0.891081 -0.0807688 0.446628 -1.65077
0.940309 -0.139267 -0.310578 -0.285923 0.174306 0.980767 0.0879216 2.4729 0.292382 -0.136806 0.946478 0.35369
-0.172176 -0.0584323 -0.983354 -2.48855 0.151676 0.984766 -0.0850821 2.28224 0.973323 -0.163796 -0.160721 0.0490492
-0.999683 -0.0256379 -0.00582655 -2.69888 -0.0250527 0.996029 -0.0855366 2.04544 0.0079597 -0.0853567 -0.996325 -2.12214
-0.199543 -0.085858 0.976151 -0.598317 -0.0582865 0.995435 0.0756513 2.15884 -0.978163 -0.0417959 -0.203594 -2.75749
0.899693 -0.118494 0.420217 0.518172 0.070639 0.989298 0.127754 2.39273 -0.430808 -0.0852547 0.898406 -0.86284
0.633049 -0.101923 -0.767419 -1.03199 0.188549 0.981746 0.0251362 2.42429 0.750832 -0.160603 0.640662 0.711969
-0.582027 -0.0158692 -0.813063 -2.91466 0.109878 0.989119 -0.097971 2.16477 0.805713 -0.146348 -0.573934 -0.31217
-0.930937 -0.0230834 0.364556 -2.4267 -0.0432611 0.997951 -0.0472452 1.96789 -0.362714 -0.059747 -0.929979 -2.42269
0.0966264 -0.125565 0.987407 -0.30817 -0.0280366 0.991287 0.128811 2.13298 -0.994926 -0.0401312 0.0922678 -2.55198
0.9737 -0.149051 0.172513 0.278529 0.124762 0.981683 0.144027 2.41349 -0.190807 -0.11871 0.97443 -0.507899
0.401408 -0.113121 -0.908918 -1.60654 0.205151 0.97825 -0.0311564 2.33583 0.892648 -0.173949 0.415862 0.513554
-0.800562 -0.0607452 -0.596207 -3.2398 0.0272308 0.990136 -0.137465 1.9486 0.598656 -0.126277 -0.79101 -0.985011
-0.763508 -0.0880168 0.63981 -2.08736 -0.0853994 0.995743 0.0350784 1.92102 -0.640178 -0.0278529 -0.767744 -3.03692
0.451056 -0.153941 0.879149 0.215432 0.0404628 0.98753 0.152169 2.2436 -0.891587 -0.0330555 0.451684 -2.39202
0.958789 -0.163914 -0.232179 0.199311 0.176154 0.98383 0.0328158 2.36978 0.223079 -0.0723574 0.972126 -0.00105023
0.0303702 -0.150858 -0.988124 -2.20433 0.0871371 0.985188 -0.147744 1.98068 0.995753 -0.0816116 0.0430223 0.630414
-0.943067 -0.117 -0.311446 -3.42676 -0.107326 0.993072 -0.0481058 1.73529 0.314866 -0.0119331 -0.94907 -1.53618
-0.626518 -0.152919 0.764313 -1.80213 -0.0680395 0.987559 0.141835 1.99778 -0.776488 0.0368645 -0.629077 -3.42435
0.480378 -0.177773 0.858888 0.571787 0.0939747 0.984049 0.151132 2.32779 -0.871998 0.00811407 0.489441 -2.56049
0.982862 -0.161389 -0.0896378 0.680926 0.163338 0.98647 0.0147205 2.31759 0.0860956 -0.0291032 0.995874 0.0259213
0.366545 -0.132309 -0.92099 -1.46259 0.0727415 0.990894 -0.113418 1.9633 0.927574 -0.0254115 0.372766 1.40074
-0.706829 -0.146677 -0.692092 -3.56963 -0.116272 0.989061 -0.0908984 1.65821 0.697785 0.0162216 -0.716134 0.0291264
-0.894731 -0.161924 0.416322 -3.07353 -0.124867 0.985503 0.114972 1.85609 -0.428902 0.0508843 -0.901912 -2.47359
0.139874 -0.268473 0.953133 -0.629118 0.0889669 0.962065 0.257955 2.40638 -0.986177 0.0487166 0.158466 -2.29913
0.947393 -0.296496 0.120798 -0.0359473 0.28614 0.953385 0.0959847 2.63625 -0.143601 -0.0563713 0.988034 0.152449
0.376086 -0.22809 -0.898117 -2.28986 0.200571 0.966299 -0.161429 2.14406 0.904664 -0.119419 0.409126 1.45093
-0.748487 -0.140617 -0.648099 -4.12951 -0.0822051 0.989413 -0.119736 1.67951 0.658032 -0.0363341 -0.752133 -0.0291458
-0.841855 -0.158615 0.515943 -3.28934 -0.140205 0.987306 0.0747855 1.65072 -0.521293 -0.00937084 -0.853366 -2.30853
0.298604 -0.163115 0.940359 -0.871967 0.0113371 0.985838 0.167412 1.92889 -0.954304 -0.0393274 0.296279 -2.06399
0.983316 -0.176404 0.0454745 -0.209342 0.170358 0.97882 0.113649 2.2498 -0.0644884 -0.103995 0.992512 0.334296
0.3692 -0.150599 -0.917101 -2.22305 0.17948 0.979778 -0.0886518 2.06235 0.911882 -0.131862 0.388687 1.86477
-0.70249 -0.133622 -0.699119 -4.33888 -0.0140835 0.984644 -0.174071 1.54381 0.711575 -0.112428 -0.693582 0.569056
-0.937548 -0.138777 0.319074 -4.30704 -0.165955 0.984356 -0.059488 1.32473 -0.305843 -0.108719 -0.945854 -1.67864
-0.0429807 -0.178224 0.983098 -2.22186 -0.123704 0.977349 0.17179 1.60091 -0.99142 -0.114215 -0.0640225 -2.49509
0.926139 -0.136607 0.351622 -0.598499 0.0897921 0.985184 0.146266 2.00916 -0.366351 -0.103885 0.924674 -0.990605
0.62321 -0.106392 -0.774835 -1.45959 0.175405 0.984492 0.00588577 2.17923 0.762218 -0.139563 0.632163 1.05751
-0.56095 -0.0745858 -0.824503 -3.57579 0.0472399 0.991448 -0.121839 1.9261 0.826484 -0.107281 -0.552673 0.954293
-0.960827 -0.103531 0.25728 -3.97941 -0.111692 0.993604 -0.0171929 1.62436 -0.253927 -0.0452442 -0.966199 -1.34178
-0.0861494 -0.170292 0.981659 -1.97228 -0.046456 0.984926 0.166792 1.78369 -0.995204 -0.0312348 -0.0926723 -2.54192
0.889439 -0.201983 0.410169 -0.181315 0.144279 0.975274 0.167467 2.13353 -0.433761 -0.0897607 0.89656 -1.08063
0.701538 -0.179138 -0.689817 -0.891409 0.207697 0.977294 -0.0425882 2.15336 0.68176 -0.113388 0.72272 1.19308
-0.440475 -0.139821 -0.886881 -3.13469 0.0299268 0.984967 -0.170175 1.67746 0.897276 -0.101489 -0.429678 1.18701
-0.987079 -0.118434 0.1083 -3.8308 -0.120189 0.992735 -0.00972725 1.36943 -0.106391 -0.0226103 -0.994066 -1.02677
-0.216382 -0.181572 0.959332 -1.69871 -0.02562 0.983277 0.180353 1.61643 -0.976006 0.0144516 -0.217363 -2.7161
0.841454 -0.208871 0.498412 0.534192 0.169606 0.977787 0.123445 1.87553 -0.513048 -0.0193399 0.858147 -1.20208
0.695514 -0.182698 -0.694983 -0.274529 0.190197 0.979453 -0.0671709 1.68871 0.692972 -0.0854545 0.715906 1.30417
-0.442418 -0.118296 -0.889024 -2.84499 0.136337 0.970902 -0.197054 1.12688 0.886378 -0.208376 -0.413418 1.2562
-0.979433 -0.085934 0.182883 -3.37388 -0.116839 0.979279 -0.165454 0.361349 -0.164901 -0.1834 -0.969124 -1.26287
0.304941 -0.102304 0.94691 -0.705152 -0.102938 0.984883 0.13957 0.348284 -0.946788 -0.14003 0.289804 -1.53883
0.876019 -0.0463243 -0.480178 -0.927714 0.131056 0.980804 0.144446 0.504151 0.464269 -0.189447 0.865214 0.9583
-0.623902 0.0165441 -0.781388 -3.26814 0.158112 0.981808 -0.105475 0.0943216 0.765348 -0.189337 -0.615136 0.341814
-0.720856 -0.0142375 0.693034 -2.46526 -0.0650698 0.996773 -0.0471782 -0.38714 -0.690102 -0.0790928 -0.719399 -1.9348
0.753344 -0.106711 0.648993 -0.225564 -0.0032316 0.986172 0.165918 -0.306143 -0.657652 -0.127089 0.742526 -0.8927
0.553068 -0.0730694 -0.830009 -1.50776 0.193455 0.98019 0.0426005 -0.267159 0.81041 -0.184114 0.556203 1.23551
-0.930006 -0.0375099 -0.365793 -3.53539 0.0114956 0.991367 -0.130903 -0.691323 0.367502 -0.125937 -0.921453 -0.504907
-0.224286 -0.10357 0.969091 -1.51087 -0.0836008 0.992723 0.0867666 -0.712887 -0.970947 -0.0615432 -0.23129 -2.10154
0.983495 -0.173491 0.0526986 -0.350643 0.167136 0.980085 0.10759 -0.406763 -0.070302 -0.0969984 0.992786 0.0805662
-0.119134 -0.138107 -0.983318 -2.67416 0.106127 0.982845 -0.150924 -0.769495 0.987191 -0.122325 -0.102432 0.916084
-0.949484 -0.10996 0.294189 -2.97612 -0.130973 0.990028 -0.052627 -1.18043 -0.285445 -0.0884977 -0.95428 -1.52201
0.46826 -0.143907 0.871907 -0.551798 -0.0251196 0.984092 0.175941 -0.913852 -0.883242 -0.104271 0.457169 -1.33425
0.75922 -0.0969827 -0.643693 -1.22726 0.142058 0.98973 0.0184027 -0.82705 0.635237 -0.105398 0.765064 1.10927
-0.793495 -0.0746879 -0.604124 -3.51329 -0.0287057 0.995936 -0.0854802 -1.1805 0.607941 -0.0504795 -0.792369 -0.0366986
-0.416767 -0.136462 0.898791 -1.87417 -0.0878422 0.990132 0.109616 -1.14633 -0.904799 -0.0332748 -0.424517 -2.03821
0.972727 -0.115743 0.20137 -0.275016 0.107484 0.992877 0.0515716 -1.0128 -0.205806 -0.0285244 0.978191 -0.106361
-0.024935 -0.142689 -0.989503 -2.46951 0.0250529 0.989409 -0.143306 -1.38871 0.999385 -0.0283638 -0.0211797 1.0228
-0.960888 -0.12989 0.244795 -3.02297 -0.138299 0.990246 -0.017363 -1.67869 -0.240218 -0.0505313 -0.969438 -1.40567
0.472909 -0.138613 0.870178 -0.497054 0.0479796 0.990183 0.131658 -1.47588 -0.879813 -0.0205127 0.474938 -1.37139
0.720987 -0.155323 -0.67538 -1.16857 0.122228 0.987787 -0.0967091 -1.70013 0.682167 -0.0128315 0.731142 1.07673
-0.849566 -0.13652 -0.509587 -3.27728 -0.0949318 0.989785 -0.106884 -2.19474 0.518939 -0.0424342 -0.853789 -0.273196
-0.302909 -0.0827691 0.949481 -1.44319 -0.0329029 0.996548 0.0763799 -2.20044 -0.952475 -0.00810441 -0.304594 -2.01553
0.987861 -0.12941 0.086642 -0.140268 0.132645 0.990682 -0.032658 -2.28183 -0.0816291 0.0437557 0.995704 0.167312
-0.155057 -0.172499 -0.972814 -2.53595 -0.0325726 0.985006 -0.169496 -2.85996 0.987375 0.00540483 -0.15831 0.866386
-0.917556 -0.142324 0.371487 -2.64448 -0.129239 0.989852 0.0600328 -3.01386 -0.376191 0.00706836 -0.926492 -1.67896
0.541763 -0.184842 0.820078 -0.119925 0.122337 0.982483 0.140659 -2.7104 -0.831599 0.0241203 0.554824 -1.29303
0.710702 -0.173933 -0.681788 -0.962737 0.101221 0.984209 -0.145587 -3.14002 0.696245 0.0344612 0.716936 1.11334
-0.799619 -0.169432 -0.57628 -3.11749 -0.158505 0.984909 -0.0696964 -3.65726 0.579273 0.03561 -0.814336 -0.216132
-0.430331 -0.189009 0.882757 -1.43402 -0.0521203 0.981459 0.184743 -3.46394 -0.901196 0.0334833 -0.432067 -2.17728
0.938692 -0.175712 0.296912 0.230271 0.187162 0.982292 -0.0103524 -3.49317 -0.289718 0.0652747 0.954881 -0.260582
0.157197 -0.208561 -0.965365 -1.81776 -0.031721 0.975931 -0.215999 -4.21374 0.987073 0.0645709 0.14668 1.06593
-0.97403 -0.226691 -0.00349482 -2.73208 -0.226603 0.972867 0.0470679 -4.63457 -0.00737314 0.0466289 -0.998907 -1.31466
0.15985 -0.228822 0.960303 -0.218789 0.0993755 0.971612 0.214959 -4.33735 -0.982134 0.0610564 0.178136 -1.83844
0.906253 -0.211508 -0.366165 -0.2721 0.187858 0.977159 -0.0994919 -4.74484 0.378917 0.0213662 0.925245 1.11813
-0.553553 -0.156639 -0.817985 -3.08206 -0.117838 0.98706 -0.109244 -5.4893 0.824449 0.0359187 -0.564875 0.336117
-0.706154 -0.234941 0.667994 -1.77254 -0.065634 0.961012 0.268636 -5.13037 -0.705095 0.145842 -0.694044 -2.30593
0.748986 -0.326006 0.576877 0.650328 0.267104 0.945328 0.187398 -4.69071 -0.606428 0.0137074 0.795079 -0.645937
0.500342 -0.232242 -0.834148 -1.1044 0.184758 0.969809 -0.159199 -5.29118 0.845915 -0.0744817 0.528197 1.64887
-0.866546 -0.154846 -0.474546 -3.18065 -0.11107 0.986709 -0.119103 -6.04736 0.486729 -0.0505264 -0.872133 -0.322067
-0.45069 -0.240413 0.859756 -1.10781 -0.0892501 0.970367 0.224577 -5.82682 -0.8882 0.0244642 -0.458895 -2.41588
0.85667 -0.353697 0.375659 0.833897 0.285997 0.93154 0.224831 -5.21201 -0.429567 -0.0851784 0.899034 -0.307158
0.343259 -0.219355 -0.913343 -1.32616 0.223144 0.963552 -0.14756 -5.69748 0.912306 -0.153176 0.379844 1.60666
-0.940562 -0.182172 -0.286896 -3.0185 -0.16397 0.98272 -0.0863958 -6.37551 0.297839 -0.0342507 -0.954004 -0.616208
-0.184619 -0.188001 0.964762 -0.726929 -0.0781784 0.981235 0.176265 -6.23645 -0.979649 -0.0429023 -0.196055 -2.04309
0.951143 -0.263963 0.160804 0.728718 0.234783 0.955372 0.179524 -5.8352 -0.201224 -0.133003 0.970445 0.243829
0.0946627 -0.202458 -0.974835 -1.56969 0.250867 0.952354 -0.173449 -6.28983 0.963301 -0.228129 0.14118 1.63353
-0.984055 -0.156674 -0.0858202 -2.78638 -0.139633 0.97422 -0.177441 -7.25031 0.111654 -0.162655 -0.980282 -0.7022
-0.135058 -0.224233 0.965296 -0.37177 -0.136897 0.968936 0.205958 -7.20005 -0.981218 -0.104339 -0.161817 -2.02123
0.949508 -0.279909 0.1429 1.07331 0.24363 0.942749 0.227924 -6.70513 -0.198772 -0.181589 0.962982 0.30503
0.177955 -0.229329 -0.957134 -1.15186 0.285449 0.942677 -0.17283 -7.1693 0.941544 -0.242435 0.233479 1.98939
-0.953227 -0.161292 -0.256396 -2.7343 -0.104824 0.969796 -0.220419 -8.17434 0.284445 -0.183259 -0.940888 -0.117393
-0.306647 -0.208256 0.92899 -0.61856 -0.158284 0.973337 0.165993 -8.2069 -0.938336 -0.0961725 -0.331695 -1.8562
0.896371 -0.29003 0.335925 1.27248 0.199415 0.939396 0.278998 -7.5414 -0.396721 -0.183077 0.899343 -0.0297766
0.384954 -0.254636 -0.887378 -0.42433 0.337029 0.933583 -0.12173 -7.71031 0.858893 -0.252168 0.445449 2.04741
-0.849339 -0.157304 -0.504337 -2.48684 -0.00935166 0.958995 -0.283384 -8.63779 0.528411 -0.235989 -0.815346 0.64992
-0.569738 -0.155666 0.807251 -1.08072 -0.206814 0.977444 0.0425506 -8.98177 -0.795027 -0.142758 -0.589276 -1.58726
0.737356 -0.223509 0.637835 1.29076 0.0596067 0.961589 0.268052 -8.47987 -0.673382 -0.159649 0.721641 -0.416844
0.687456 -0.245104 -0.683966 0.297087 0.354172 0.934931 0.0209324 -8.28966 0.633616 -0.256581 0.729663 2.10869
-0.622261 -0.167323 -0.765021 -2.15613 0.139312 0.937695 -0.318374 -9.11203 0.770684 -0.304675 -0.559416 1.52573
-0.839809 -0.114139 0.531168 -1.61066 -0.255797 0.945527 -0.201293 -9.92012 -0.478496 -0.304925 -0.823294 -0.801178
0.38782 -0.113754 0.914918 0.556782 -0.207006 0.956305 0.206596 -9.71657 -0.898355 -0.269556 0.346549 -0.589236
0.96193 -0.117048 -0.247729 0.606031 0.182634 0.947729 0.261589 -9.16577 0.203418 -0.29688 0.9329 1.55275
-0.104901 -0.0892731 -0.990639 -1.5674 0.2851 0.9515 -0.115882 -9.37059 0.9527 -0.29462 -0.0736449 1.96454
-0.99615 -0.0829028 -0.0333978 -2.09189 -0.0716667 0.964307 -0.254855 -10.0456 0.0540053 -0.251531 -0.966289 -0.0690222
-0.14186 -0.101018 0.984858 -0.0502505 -0.257767 0.964267 0.0617144 -10.2045 -0.955576 -0.245162 -0.163444 -0.823636
0.962115 -0.122416 0.244125 0.797461 0.0406625 0.948209 0.31503 -9.70633 -0.270611 -0.293168 0.916944 1.1472
0.420179 -0.132351 -0.897862 -1.06519 0.336295 0.941618 0.0186202 -9.74263 0.84255 -0.309777 0.440605 2.37441
-0.802758 -0.121358 -0.584015 -2.56192 0.0855665 0.945539 -0.314066 -10.5439 0.590675 -0.302103 -0.748214 0.852811
-0.736927 -0.127615 0.663996 -1.21375 -0.270601 0.955638 -0.116693 -11.0047 -0.61914 -0.265692 -0.738948 -0.926668
0.510637 -0.190211 0.838649 0.83814 -0.134516 0.945565 0.296378 -10.4901 -0.849443 -0.264123 0.456749 -0.0394809
0.914946 -0.182867 -0.360182 0.327371 0.279693 0.930118 0.238208 -9.98944 0.29093 -0.318671 0.902062 2.11958
-0.143392 -0.116639 -0.982945 -1.92412 0.301523 0.940682 -0.155631 -10.3388 0.942579 -0.318702 -0.0992304 2.3019
-0.99305 -0.113391 -0.0370132 -2.42157 -0.0972565 0.949301 -0.299086 -11.1724 0.0695034 -0.293423 -0.953365 0.25343
-0.213816 -0.133571 0.967913 -0.378461 -0.331858 0.941636 0.0566622 -11.3256 -0.918556 -0.309076 -0.246075 -0.670768
0.929347 -0.118327 0.35032 0.937101 -0.0123258 0.937002 0.349206 -10.6484 -0.369927 -0.328864 0.868802 1.17464
0.479893 -0.0995348 -0.871914 -0.790393 0.34794 0.933665 0.0849264 -10.3684 0.805048 -0.344124 0.483006 2.77447
-0.79942 -0.0767649 -0.596196 -2.60517 0.142555 0.939346 -0.312059 -11.1002 0.584229 -0.334477 -0.73933 1.41499
-0.670099 -0.091828 0.736857 -1.1794 -0.285084 0.948059 -0.141127 -11.6437 -0.684958 -0.304645 -0.661707 -0.450535
0.642372 -0.121414 0.756972 0.928779 -0.164925 0.942418 0.291059 -11.1044 -0.748873 -0.311827 0.584636 0.588761
0.806619 -0.112147 -0.580671 -0.0526801 0.298397 0.924798 0.235987 -10.3633 0.509825 -0.36359 0.779585 2.63902
-0.529461 -0.0754098 -0.845176 -2.29254 0.27103 0.928882 -0.252586 -10.7961 0.804223 -0.362816 -0.470611 1.8758
-0.878703 -0.0863897 0.46984 -1.64563 -0.222944 0.943919 -0.243519 -11.4361 -0.421707 -0.318733 -0.848826 -0.375525
0.417313 -0.124962 0.900283 0.717457 -0.249977 0.936573 0.245772 -10.9318 -0.873989 -0.327618 0.358838 0.0188484
0.904376 -0.149643 -0.399981 0.280593 0.278505 0.916536 0.287044 -10.0841 0.322889 -0.370929 0.870718 2.1856
-0.403964 -0.0743839 -0.911858 -2.1193 0.321235 0.921754 -0.217389 -10.3776 0.856825 -0.380753 -0.347685 1.87617
-0.896072 -0.0543859 0.440801 -1.5916 -0.200569 0.934974 -0.292584 -11.1277 -0.395471 -0.350603 -0.848964 -0.363354
0.472145 -0.0803371 0.877937 0.644552 -0.284168 0.928888 0.237683 -10.6722 -0.834877 -0.361734 0.414979 0.123219
0.902759 -0.0549617 -0.426799 0.165566 0.225278 0.905262 0.360243 -9.67803 0.365807 -0.421364 0.82991 2.18817
-0.390531 -0.0197101 -0.920425 -2.08062 0.360483 0.916748 -0.172435 -9.80708 0.847457 -0.399193 -0.350121 1.82505
-0.941992 -0.0142548 0.335446 -1.85309 -0.141833 0.922312 -0.35949 -10.6146 -0.30347 -0.386248 -0.871145 -0.22471
0.307782 -0.0375472 0.950719 0.467645 -0.344721 0.927015 0.148047 -10.4417 -0.88717 -0.373355 0.27156 -0.141923
0.952683 -0.0198305 -0.303302 0.321521 0.142383 0.910496 0.388262 -9.40595 0.267656 -0.413101 0.870603 1.97006
-0.296265 0.00373124 -0.955056 -2.07203 0.395431 0.910838 -0.118932 -9.42535 0.869805 -0.412965 -0.270498 1.80113
-0.967468 0.0151739 0.25234 -2.02004 -0.0802996 0.927828 -0.364308 -10.2472 -0.238825 -0.372775 -0.896841 -0.450627
0.18603 -0.0550892 0.980911 0.359147 -0.346412 0.930731 0.117778 -10.1062 -0.919804 -0.36174 0.153201 -0.652085
0.992557 -0.11923 -0.0204776 1.00724 0.117332 0.90993 0.397873 -9.04154 -0.029699 -0.397245 0.917447 1.39273
0.206654 -0.0522088 -0.976887 -1.11019 0.430393 0.901704 0.0430227 -8.58615 0.878682 -0.429371 0.209725 2.44641
-0.910409 0.00892813 -0.413303 -2.68537 0.159376 0.930233 -0.33062 -9.23141 0.382421 -0.366923 -0.848282 0.71687
-0.611325 -0.0388989 0.790245 -1.28988 -0.290719 0.940036 -0.178818 -9.78795 -0.735638 -0.339088 -0.586773 -1.08389
0.605021 -0.0866538 0.791333 0.850976 -0.223753 0.935554 0.273367 -9.27323 -0.764736 -0.342405 0.546225 -0.376407
0.923769 -0.0707357 -0.376072 0.639561 0.207105 0.918827 0.336191 -8.38463 0.321149 -0.388471 0.863917 1.69618
-0.0591064 -0.00390207 -0.998171 -1.57082 0.370401 0.928541 -0.0254398 -8.23589 0.927229 -0.371268 -0.0527024 2.19147
-0.952337 0.0339543 -0.302913 -2.83268 0.130513 0.943744 -0.304096 -8.85097 0.276336 -0.32921 -0.903098 0.470115
-0.643906 -0.00541399 0.765008 -1.71001 -0.21098 0.962442 -0.170935 -9.40225 -0.735002 -0.271472 -0.621645 -1.31144
0.485779 -0.0484614 0.872632 0.249852 -0.211125 0.962499 0.170814 -9.21175 -0.848763 -0.267224 0.456701 -1.0816
0.988813 -0.0380512 -0.143588 0.655935 0.0807768 0.948647 0.305906 -8.54036 0.123808 -0.314067 0.941518 0.768345
0.2253 0.0016464 -0.974168 -1.00172 0.311226 0.947564 0.0737066 -8.14603 0.923267 -0.319838 0.213801 1.74764
-0.807992 0.042654 -0.587481 -2.65569 0.217452 0.948602 -0.229995 -8.37525 0.548268 -0.313642 -0.775549 0.653105
-0.85491 0.0382851 0.517174 -2.31686 -0.11268 0.959761 -0.25755 -8.90772 -0.505709 -0.278524 -0.81675 -1.23524
0.130569 0.00304846 0.991371 -0.448756 -0.258412 0.965559 0.0309502 -8.94582 -0.957471 -0.260222 0.126156 -1.63448
0.97068 -0.0301106 0.23819 0.55446 -0.0405157 0.957563 0.285654 -8.39948 -0.237469 -0.286956 0.928236 -0.158843
0.524785 -0.0112121 -0.851097 -0.653165 0.2766 0.947886 0.158236 -7.87872 0.804745 -0.318467 0.501337 1.20353
-0.652304 0.0262637 -0.757402 -2.19456 0.253632 0.949483 -0.185316 -7.93029 0.71494 -0.313046 -0.625498 0.589289
-0.908789 0.0254281 0.416283 -2.10709 -0.0894453 0.962965 -0.254438 -8.2858 -0.406689 -0.268493 -0.873465 -1.01364
0.0221316 -0.0193122 0.99946 -0.589582 -0.255561 0.966588 0.0241842 -8.29234 -0.966789 -0.255981 0.0156391 -1.61775
0.917932 -0.0574729 0.392289 0.55163 -0.0635796 0.955425 0.288396 -7.7656 -0.392228 -0.28963 0.873345 -0.585489
0.743157 -0.0264795 -0.668442 -0.000670314 0.227433 0.949772 0.215409 -7.17923 0.628747 -0.312128 0.712526 0.7898
-0.307268 0.014662 -0.951434 -1.60351 0.284017 0.95575 -0.0768656 -6.97368 0.90869 -0.293871 -0.297204 0.871167
-0.988237 0.0152876 -0.151741 -2.45717 0.0531877 0.96739 -0.248026 -7.16355 0.14379 -0.253215 -0.956857 -0.452851
-0.614137 -0.0241784 0.788753 -1.58159 -0.207315 0.969364 -0.131872 -7.35193 -0.761085 -0.244483 -0.60113 -1.7677
0.324343 -0.0541085 0.944295 0.00594509 -0.277577 0.949086 0.149564 -7.15802 -0.904775 -0.310635 0.292093 -1.77662
0.973827 -0.00412099 0.226826 0.825552 -0.0682121 0.948492 0.309437 -6.63648 -0.21726 -0.316823 0.923509 -0.485955
0.72033 0.0518501 -0.691553 0.0580842 0.163707 0.956361 0.242389 -6.13157 0.673551 -0.287885 0.681084 0.946393
-0.220716 0.0805958 -0.971939 -1.67895 0.308768 0.951115 0.00888992 -5.97735 0.92554 -0.298223 -0.234143 0.991908
-0.952076 0.0740949 -0.296565 -2.66208 0.146658 0.96218 -0.229941 -6.32429 0.269103 -0.262496 -0.926837 -0.481219
-0.737381 0.0376304 0.67434 -2.01129 -0.152482 0.963367 -0.220719 -6.85432 -0.657484 -0.265606 -0.705366 -2.10751
0.269594 -0.0155202 0.962751 -0.195356 -0.273864 0.957451 0.0919585 -6.94714 -0.923653 -0.288479 0.253123 -2.28346
0.974283 -0.0298093 0.222877 0.829613 -0.0467839 0.942869 0.329945 -6.47686 -0.22083 -0.331873 0.917357 -0.822116
0.69693 -0.00821133 -0.716951 -0.0437102 0.261485 0.934045 0.243654 -5.98987 0.667301 -0.357321 0.653811 0.777096
-0.25251 0.0201403 -0.967315 -1.97537 0.336892 0.939086 -0.0682599 -6.07683 0.907448 -0.343156 -0.243255 0.968207
-0.937737 0.0397189 -0.344889 -3.12569 0.140345 0.952241 -0.27151 -6.6224 0.318428 -0.303069 -0.898398 -0.428771
-0.8226 0.0180794 0.568202 -2.59228 -0.137229 0.963589 -0.229584 -7.26797 -0.551128 -0.266843 -0.790857 -2.16339
0.0633649 -0.0287822 0.997466 -0.614436 -0.264236 0.963527 0.0444367 -7.50706 -0.962662 -0.266391 0.0526485 -2.68155
0.866194 -0.0513906 0.49685 0.743898 -0.0908225 0.962008 0.257566 -7.18684 -0.492033 -0.268184 0.828516 -1.33855
0.896284 -0.0479083 -0.440683 0.376796 0.168448 0.956419 0.238898 -6.76191 0.409456 -0.288345 0.865802 0.494903
0.117528 -0.0420456 -0.992121 -1.38057 0.302247 0.95324 -0.00446236 -6.69295 0.946061 -0.299322 0.125537 1.23676
-0.75982 -0.0994939 -0.642359 -2.91747 0.13663 0.941866 -0.307236 -7.2836 0.636321 -0.321172 -0.701665 0.105024
-0.956686 -0.108859 0.269663 -2.77409 -0.187283 0.939918 -0.285537 -7.92843 -0.221667 -0.323599 -0.920103 -1.72118
-0.308658 -0.110126 0.944657 -1.02844 -0.35485 0.934988 -0.00711069 -8.0601 -0.882464 -0.337375 -0.328481 -2.81054
0.625901 -0.110234 0.771962 0.84206 -0.201822 0.933412 0.296764 -7.49573 -0.753951 -0.341471 0.561586 -2.03732
0.992187 -0.122762 0.018735 1.40429 0.108292 0.929992 0.351511 -6.6376 -0.0613398 -0.346693 0.936179 -0.250672
0.637376 -0.00264275 -0.770456 0.481372 0.307216 0.917911 0.25122 -5.83575 0.70623 -0.396845 0.586647 1.27178
-0.165666 0.0472075 -0.984943 -1.38133 0.416581 0.908822 -0.0263558 -5.4429 0.894252 -0.414773 -0.169481 1.53606
-0.827753 0.0663187 -0.556985 -2.93149 0.272163 0.915889 -0.295179 -5.63523 0.491346 -0.39601 -0.776017 0.401911
-0.967076 0.0922016 0.236872 -3.13897 0.00101303 0.933179 -0.359667 -6.11296 -0.253534 -0.347702 -0.902898 -1.41162
-0.486857 0.0721759 0.870417 -1.92321 -0.286242 0.928349 -0.237264 -6.5646 -0.824999 -0.364729 -0.432122 -2.77645
0.273113 0.0633044 0.959791 0.00869715 -0.36334 0.930817 0.0418431 -6.58581 -0.891178 -0.360259 0.276513 -2.94956
0.893575 0.105018 0.436219 1.44436 -0.256386 0.91758 0.303953 -6.06079 -0.369142 -0.383544 0.846799 -1.72716
0.897273 0.10653 -0.42824 1.31933 0.0715678 0.922449 0.379687 -5.19704 0.434911 -0.371458 0.820544 -0.0451171
0.246347 0.105422 -0.963366 -0.229954 0.337717 0.922419 0.187462 -4.4052 0.908429 -0.371629 0.192411 0.821435
-0.594424 0.107352 -0.796854 -2.0924 0.364625 0.919436 -0.147935 -4.22191 0.717393 -0.378616 -0.585153 0.121024
-0.991917 0.108897 -0.0635881 -2.89597 0.125222 0.914359 -0.385146 -4.63628 0.016992 -0.390097 -0.920853 -1.70144
-0.681302 0.117425 0.722386 -2.01453 -0.200743 0.919244 -0.338927 -5.19395 -0.703516 -0.376063 -0.6034 -3.39021
0.109019 0.126723 0.985853 0.0123608 -0.406792 0.910698 -0.0722246 -5.65674 -0.907291 -0.393272 0.150144 -4.22
0.830409 0.123442 0.543178 2.03728 -0.314084 0.909314 0.273261 -5.34617 -0.460927 -0.397667 0.793602 -3.29269
0.952055 0.122376 -0.280053 2.67529 0.0188469 0.890859 0.45397 -4.33687 0.304374 -0.437603 0.846324 -1.26633
0.411877 0.0874587 -0.906915 1.45015 0.326861 0.915025 0.236833 -3.38028 0.850463 -0.394082 0.349072 0.520506
-0.48709 0.110679 -0.866208 -0.8811 0.396334 0.911981 -0.106182 -2.90072 0.778803 -0.395127 -0.487594 0.644586
-0.940667 0.122462 -0.316226 -2.62389 0.232147 0.912676 -0.33667 -3.1893 0.248136 -0.390241 -0.886869 -0.751952
-0.905091 0.115164 0.409107 -2.79297 -0.0616737 0.916701 -0.394877 -3.9997 -0.419915 -0.382722 -0.823162 -2.81276
-0.284545 0.10418 0.952872 -1.22403 -0.317041 0.928001 -0.196272 -4.69327 -0.904715 -0.358067 -0.231807 -4.23571
0.51219 0.119905 0.850344 0.995415 -0.367454 0.925654 0.0906404 -4.85341 -0.776859 -0.358976 0.517719 -4.12131
0.984544 0.121129 0.125914 2.25126 -0.161308 0.908074 0.386769 -4.22218 -0.0682189 -0.401244 0.913647 -2.46537
0.774139 0.130661 -0.61925 1.50029 0.167364 0.901289 0.399673 -3.33702 0.609919 -0.413162 0.676517 -0.766325
0.0227758 0.172557 -0.984632 -0.518837 0.4046 0.899229 0.167079 -2.7877 0.914431 -0.402361 -0.0485854 -0.336948
-0.7272 0.1895 -0.659596 -2.24359 0.389773 0.905224 -0.169447 -2.93407 0.565687 -0.38047 -0.731893 -1.46803
-0.969848 0.179858 0.163976 -2.43066 0.10167 0.911383 -0.399068 -3.7881 -0.220571 -0.370542 -0.902475 -3.44694
-0.496345 0.153414 0.854377 -0.895278 -0.222912 0.928706 -0.296443 -4.65902 -0.838782 -0.337705 -0.427512 -4.79214
0.330059 0.109748 0.937461 1.23438 -0.363608 0.931476 0.0188202 -4.92188 -0.871596 -0.347207 0.346694 -4.47572
0.915426 0.0987128 0.389922 2.4955 -0.232768 0.920838 0.312969 -4.52923 -0.328943 -0.377347 0.865929 -2.80672
0.934684 0.0555147 -0.35087 2.31983 0.0998906 0.906752 0.409914 -3.69782 0.34031 -0.41829 0.842406 -0.76826
0.35105 0.0728233 -0.933443 0.584323 0.386165 0.896968 0.215374 -3.01335 0.852919 -0.436158 0.287527 0.462751
-0.497941 0.104756 -0.860764 -1.49075 0.400956 0.908164 -0.121241 -2.99888 0.769552 -0.40563 -0.493638 0.271606
-0.970707 0.118652 -0.208418 -2.77003 0.186725 0.919764 -0.345316 -3.5282 0.151518 -0.374221 -0.915116 -1.29151
-0.810146 0.109373 0.575771 -2.50236 -0.0900307 0.947591 -0.306912 -4.26119 -0.578703 -0.300586 -0.758417 -3.40297
-0.0673602 0.101741 0.992453 -0.602106 -0.288435 0.950342 -0.117158 -4.80687 -0.955281 -0.294213 -0.0353991 -4.48496
0.632775 0.0468005 0.772821 1.6741 -0.310489 0.929909 0.197706 -4.81218 -0.710017 -0.365135 0.602471 -4.0269
0.995089 0.0707445 0.0677034 2.85786 -0.0904142 0.931151 0.353348 -4.28439 -0.0388116 -0.3578 0.933225 -2.19971
0.67623 0.0747271 -0.732752 2.1485 0.198187 0.939765 0.278926 -3.60771 0.709137 -0.333922 0.621353 -0.20497
-0.177339 0.0885087 -0.980079 0.0875599 0.331207 0.943248 0.0254053 -3.15287 0.927086 -0.320175 -0.195959 0.677881
-0.873494 0.0976127 -0.476808 -1.88145 0.23652 0.94159 -0.240201 -3.33743 0.426221 -0.32269 -0.845342 -0.339876
-0.925655 0.0980381 0.365216 -2.31972 -0.00961456 0.9593 -0.282346 -3.84249 -0.377426 -0.264934 -0.887566 -2.40288
-0.335254 0.0511209 0.940634 -0.920115 -0.188935 0.974699 -0.120479 -4.21818 -0.922948 -0.218157 -0.317877 -4.07469
0.322702 0.0401152 0.945561 1.19115 -0.240794 0.969754 0.040868 -4.40163 -0.915803 -0.240887 0.322021 -4.48848
0.848795 0.0290196 0.52779 2.72789 -0.167503 0.962005 0.216183 -4.12491 -0.502178 -0.271947 0.821144 -3.2072
0.987353 0.0301893 -0.155037 3.10465 0.0201014 0.949252 0.314001 -3.55899 0.155946 -0.313167 0.93704 -1.32245
0.657191 0.0553013 -0.751568 2.20657 0.221492 0.939172 0.262974 -2.99728 0.720062 -0.33937 0.605628 0.288909
0.104365 0.0722596 -0.99184 0.399145 0.322458 0.941039 0.102661 -2.62908 0.940946 -0.330604 0.0756615 1.22205
-0.519524 0.0768031 -0.850893 -1.71831 0.277714 0.957213 -0.0829689 -2.61603 0.808661 -0.279484 -0.518062 1.07699
-0.931048 0.0850115 -0.354583 -2.96764 0.175547 0.957017 -0.231039 -3.04902 0.320487 -0.277411 -0.90597 -0.46261
-0.974558 0.067907 0.213229 -2.67123 0.00686465 0.961399 -0.275547 -3.77767 -0.22304 -0.26714 -0.937713 -2.39176
-0.694338 0.013418 0.719411 -0.945281 -0.164995 0.970219 -0.177565 -4.44095 -0.700029 -0.241984 -0.672181 -3.8099
-0.246302 0.00336101 0.969083 1.62621 -0.263609 0.962184 -0.0704994 -4.70159 -0.932689 -0.272855 -0.236859 -4.07251
0.287576 -0.000310469 0.957681 4.04655 -0.260951 0.962195 0.0785112 -4.3967 -0.921948 -0.272476 0.276004 -2.78739
0.717818 0.0504411 0.69428 5.42491 -0.213562 0.965411 0.150445 -3.81075 -0.663345 -0.256324 0.703353 -0.340089
0.954023 0.0654195 0.292186 5.54279 -0.130159 0.969612 0.207343 -3.07739 -0.270521 -0.235875 0.933613 2.67
0.989867 0.0777251 -0.118213 4.39204 -0.0464552 0.967668 0.248434 -2.30918 0.13299 -0.2405 0.961712 5.60674
0.868586 0.0839369 -0.488194 2.10712 0.0480599 0.966563 0.252042 -1.6242 0.492507 -0.242437 0.836125 7.92403
0.627758 0.0941087 -0.772587 -1.01235 0.127672 0.966859 0.221684 -1.05557 0.767532 -0.237883 0.595607 9.34266
0.315554 0.100997 -0.943441 -4.47612 0.190051 0.967453 0.167317 -0.689703 0.929635 -0.232167 0.286879 9.59335
-0.00498814 0.116235 -0.993114 -7.91948 0.226617 0.967627 0.112249 -0.547229 0.974215 -0.224589 -0.030433 8.85365
-0.330917 0.139163 -0.933266 -10.9986 0.240987 0.968763 0.0591874 -0.592604 0.912825 -0.205413 -0.353525 6.98586
-0.630161 0.155635 -0.760596 -13.202 0.24278 0.970211 -0.00243188 -0.939597 0.738183 -0.186298 -0.648707 4.11371
-0.882645 0.163697 -0.440421 -14.0557 0.226474 0.969592 -0.0931305 -1.49011 0.41255 -0.182049 -0.892819 0.448654
-0.980551 0.171247 -0.0951456 -13.549 0.182636 0.975293 -0.125327 -2.19315 0.0720835 -0.140371 -0.987685 -3.23016
-0.954854 0.15702 0.251851 -11.8463 0.122381 0.981349 -0.148486 -2.91481 -0.269823 -0.111041 -0.956736 -6.53211
-0.807944 0.128362 0.574976 -9.03868 0.053435 0.988012 -0.145741 -3.61159 -0.586303 -0.0870874 -0.80567 -9.01166
-0.553762 0.0744628 0.829254 -5.4126 -0.0307078 0.993501 -0.109905 -4.15895 -0.831847 -0.0863345 -0.548658 -10.3469
-0.221057 0.0283553 0.974757 -1.48154 -0.0947739 0.994343 -0.0505769 -4.45933 -0.970711 -0.103558 -0.217873 -10.3249
0.13879 -0.0145805 0.990153 2.37379 -0.146118 0.988688 0.0348915 -4.3872 -0.979813 -0.14947 0.134398 -9.02647
0.485243 -0.0398915 0.873374 5.52017 -0.137529 0.983195 0.121132 -4.0106 -0.864063 -0.17886 0.471037 -6.5079
0.760068 -0.053563 0.647532 7.7296 -0.0915622 0.977897 0.188142 -3.39356 -0.644022 -0.202215 0.738116 -3.19104
0.941863 -0.0287363 0.334562 8.63768 -0.0487887 0.974279 0.22058 -2.65248 -0.333058 -0.224065 0.916141 0.706087
0.999118 -0.0225605 -0.0332407 8.10387 0.0299864 0.96811 0.248861 -1.82088 0.0258422 -0.249596 0.968259 4.76074
0.91835 0.0109736 -0.395445 6.08999 0.100017 0.96074 0.259278 -0.963121 0.382168 -0.277687 0.881639 8.34998
0.707606 0.0360256 -0.705602 2.90592 0.177915 0.957406 0.227536 -0.305713 0.683418 -0.286553 0.671798 11.043
0.360144 0.0636125 -0.930634 -1.16771 0.261067 0.951042 0.166176 0.0784685 0.895571 -0.302878 0.326649 12.2437
-0.0119196 0.0688498 -0.997506 -5.41367 0.314983 0.947112 0.0617667 0.0163898 0.949285 -0.313503 -0.0322457 11.8926
-0.393277 0.071216 -0.916565 -9.36942 0.315808 0.946945 -0.0617747 -0.567752 0.864016 -0.313833 -0.394294 10.0628
-0.713571 0.0716537 -0.696831 -12.346 0.25796 0.951805 -0.166076 -1.57713 0.652054 -0.298304 -0.697373 6.93145
-0.928065 0.0692479 -0.365742 -13.9239 0.173464 0.950067 -0.259872 -3.01193 0.330243 -0.3047 -0.893621 2.93934
-0.997196 0.0658641 0.0335916 -13.7968 0.0528279 0.951773 -0.302326 -4.64673 -0.0511636 -0.29974 -0.952917 -1.35359
-0.902615 0.0619923 0.425809 -11.8989 -0.0735618 0.952796 -0.29498 -6.26608 -0.423421 -0.297652 -0.855907 -5.28675
-0.656042 0.0377281 0.753711 -8.48706 -0.203919 0.952729 -0.225384 -7.66094 -0.726299 -0.301569 -0.618093 -8.26744
-0.288213 0.0283839 0.957059 -4.02604 -0.288123 0.950777 -0.115112 -8.62281 -0.913211 -0.308985 -0.266594 -9.7554
0.12689 0.019387 0.991688 0.83607 -0.324012 0.945817 0.0228227 -8.95529 -0.93786 -0.324212 0.125603 -9.43621
0.526225 -0.00225632 0.850243 5.27717 -0.281225 0.943416 0.176374 -8.55719 -0.80311 -0.331965 0.495285 -7.33834
0.831966 0.00597239 0.554698 8.57101 -0.186754 0.94471 0.269673 -7.67602 -0.523166 -0.327939 0.786932 -3.63201
0.987748 -0.0019532 0.155657 10.0889 -0.0514942 0.939998 0.337599 -6.3638 -0.147739 -0.341523 0.928435 1.00349
0.962395 0.010062 -0.271246 9.5558 0.0846514 0.938178 0.335755 -4.94304 0.257224 -0.346089 0.902542 5.86358
0.763818 0.0312169 -0.644569 6.9943 0.195116 0.940977 0.276988 -3.68331 0.614751 -0.337395 0.713246 10.1351
0.449928 0.0442696 -0.891922 2.89307 0.257101 0.950063 0.17704 -2.86897 0.855124 -0.308995 0.416871 13.1304
0.0595338 0.0616496 -0.996238 -2.1493 0.287021 0.955001 0.0763852 -2.60823 0.95629 -0.290554 0.039902 14.2026
-0.315758 0.0638783 -0.946643 -7.19578 0.264478 0.964151 -0.0229942 -2.93883 0.911719 -0.257664 -0.320737 13.0622
-0.641541 0.0668253 -0.764083 -11.4598 0.220856 0.970244 -0.100389 -3.66391 0.735276 -0.233202 -0.636768 10.2168
-0.878123 0.0647398 -0.473921 -14.3894 0.152494 0.977079 -0.148773 -4.67989 0.45419 -0.202939 -0.867788 6.04125
-0.991275 0.044808 -0.123503 -15.5595 0.0673536 0.980817 -0.183517 -5.89382 0.11366 -0.190254 -0.97537 1.16458
-0.970515 0.0222785 0.239776 -14.8338 -0.0190229 0.98544 -0.169156 -7.0804 -0.23941 -0.168718 -0.956424 -3.79952
-0.823096 -0.00395236 0.567781 -12.3302 -0.100033 0.985395 -0.138427 -8.17939 -0.558475 -0.17072 -0.812039 -8.17023
-0.569065 -0.0343832 0.821521 -8.33335 -0.159377 0.984827 -0.0693555 -8.94175 -0.806453 -0.170344 -0.566676 -11.4349
-0.243331 -0.0634567 0.967785 -3.37622 -0.191709 0.981407 0.0159853 -9.2743 -0.950864 -0.181594 -0.251716 -13.1067
0.113283 -0.076893 0.990541 1.90631 -0.186511 0.977672 0.0970858 -9.08262 -0.976236 -0.195656 0.0957181 -12.9568
0.450819 -0.0897031 0.888007 6.75745 -0.151328 0.972989 0.174927 -8.43322 -0.880243 -0.213189 0.424515 -10.9771
0.733756 -0.093322 0.672901 10.5865 -0.0905254 0.968327 0.232799 -7.41165 -0.67403 -0.231638 0.701791 -7.36775
0.9236 -0.0847354 0.373689 12.8213 -0.015443 0.966426 0.256882 -6.23761 -0.383678 -0.242987 0.891189 -2.59312
0.996731 -0.0741166 0.030231 13.1523 0.0638403 0.964705 0.255489 -5.03087 -0.0488316 -0.252645 0.966586 2.69498
0.946974 -0.0606363 -0.315336 11.5118 0.137259 0.964222 0.227258 -3.97056 0.289638 -0.258468 0.921825 7.79175
0.78577 -0.0416312 -0.617021 8.12543 0.197285 0.962434 0.186558 -3.12436 0.58569 -0.268273 0.765178 11.9854
0.539903 -0.0186 -0.841441 3.49859 0.24511 0.959992 0.136221 -2.54062 0.805017 -0.279802 0.523582 14.7409
0.246932 0.0254955 -0.968642 -1.69901 0.276697 0.95615 0.0958774 -2.13832 0.928744 -0.291702 0.229852 15.7091
-0.058768 0.0796526 -0.995012 -6.89856 0.292207 0.954633 0.0592915 -1.99154 0.954849 -0.287347 -0.0786601 14.933
-0.350935 0.114922 -0.929268 -11.5483 0.296002 0.955157 0.00652389 -2.13724 0.888898 -0.272849 -0.368647 12.5579
-0.60588 0.146302 -0.781896 -15.2351 0.28578 0.957489 -0.0421254 -2.55078 0.743111 -0.249088 -0.621477 8.83906
-0.800355 0.139387 -0.583004 -17.6134 0.263697 0.955334 -0.133322 -3.45125 0.539154 -0.260526 -0.801202 4.30808
-0.928356 0.140854 -0.343778 -18.4992 0.214462 0.959027 -0.185831 -4.63733 0.30428 -0.246355 -0.920439 -0.610241
-0.986489 0.137724 -0.0880702 -17.9261 0.154372 0.962796 -0.221745 -5.97675 0.0550028 -0.232418 -0.971323 -5.55114
-0.978683 0.128419 0.159905 -16.1728 0.090618 0.97019 -0.225361 -7.2284 -0.183378 -0.206156 -0.96143 -10.1054
-0.935599 0.120449 0.331706 -13.6148 0.0433155 0.971927 -0.231216 -8.42917 -0.349668 -0.202007 -0.915119 -14.2148
-0.870532 0.117522 0.477753 -10.3235 0.00547434 0.973373 -0.229737 -9.53947 -0.491473 -0.197458 -0.848495 -17.8017
-0.785793 0.11268 0.608044 -6.39595 -0.0348216 0.973571 -0.225674 -10.5473 -0.617024 -0.198546 -0.761825 -20.8151
-0.686236 0.110708 0.718821 -2.02946 -0.0657678 0.974946 -0.21312 -11.4309 -0.724033 -0.1936 -0.662404 -23.22
-0.564826 0.103055 0.818685 2.6221 -0.103404 0.975465 -0.194321 -12.224 -0.818472 -0.194442 -0.541117 -24.9001
-0.44332 0.100377 0.890654 7.43129 -0.128332 0.976471 -0.174067 -12.876 -0.887013 -0.191533 -0.420734 -25.9609
-0.33315 0.107504 0.936674 12.4159 -0.142091 0.976378 -0.162768 -13.4382 -0.932097 -0.18735 -0.310816 -26.4582
-0.237373 0.0989993 0.966291 17.4977 -0.163458 0.976702 -0.140342 -13.8952 -0.957633 -0.191338 -0.216396 -26.4403
-0.126807 0.0951566 0.987317 22.7529 -0.178811 0.976878 -0.117275 -14.3371 -0.975857 -0.191433 -0.107641 -26.0211
-0.0585713 0.0717718 0.99563 27.9732 -0.181952 0.980111 -0.0814843 -14.6004 -0.981775 -0.185983 -0.0450807 -25.3447
-0.0225775 0.0496491 0.99848 33.0941 -0.172786 0.983546 -0.0529605 -14.7374 -0.984964 -0.173703 -0.0143841 -24.5955
0.0179059 0.0212807 0.999547 38.2236 -0.163777 0.986515 -0.0182092 -14.661 -0.98661 -0.163386 0.0204252 -23.5734
0.0457488 -0.00889037 0.998884 43.3087 -0.15638 0.987583 0.0158177 -14.4228 -0.986951 -0.156867 0.0430555 -22.4321
0.0695792 -0.0234788 0.997235 48.3871 -0.157081 0.987185 0.0340559 -14.073 -0.985445 -0.158992 0.0642844 -21.2022
0.106038 -0.0305261 0.993866 53.4324 -0.155368 0.986763 0.0467524 -13.6806 -0.982508 -0.159294 0.0991801 -19.8152
0.140284 -0.0762671 0.987106 58.4135 -0.119157 0.988684 0.0931552 -13.0608 -0.983278 -0.130611 0.128913 -18.3079
0.148261 -0.131246 0.980174 63.4588 -0.0806628 0.986278 0.144153 -12.1656 -0.986041 -0.100277 0.134956 -16.7463
