1 0 0 0 0 1 0 0 0 0 1 0
0.999994 -0.000882714 -0.00339046 0.0188268 0.000871525 0.999994 -0.00330005 0.00831206 0.00339335 0.00329707 0.999989 0.662025
0.999969 0.000603279 -0.00779092 0.0142323 -0.000643594 0.999986 -0.00517313 0.00892154 0.00778769 0.00517799 0.999956 1.37491
0.999934 0.000367486 -0.0115035 -0.000392122 -0.000442647 0.999979 -0.00653194 0.0013763 0.0115009 0.0065366 0.999913 2.07456
0.999861 0.00169027 -0.0166137 -0.0138617 -0.00180716 0.999974 -0.0070233 -0.00522415 0.0166013 0.00705234 0.999837 2.82692
0.999786 0.000563968 -0.0206992 -0.0337096 -0.000716614 0.999973 -0.00736781 -0.014858 0.0206945 0.00738107 0.999759 3.56823
0.999674 0.00225258 -0.0254294 -0.0564159 -0.00247469 0.999959 -0.00870638 -0.0221159 0.0254087 0.00876647 0.999639 4.35402
0.999513 0.00489746 -0.0308139 -0.0800347 -0.00518817 0.999943 -0.00936157 -0.0296912 0.0307663 0.00951688 0.999481 5.15575
0.999378 0.0054221 -0.0348483 -0.114266 -0.0057004 0.999952 -0.00789164 -0.0388806 0.0348039 0.00808538 0.999361 5.9453
0.99923 0.004794 -0.0389387 -0.154985 -0.00501046 0.999972 -0.00546346 -0.0448968 0.0389115 0.00565436 0.999227 6.76859
0.999078 0.00453076 -0.0426951 -0.187 -0.00466131 0.999985 -0.00295855 -0.0533438 0.042681 0.00315484 0.999084 7.59741
0.998963 0.00616502 -0.0451165 -0.235985 -0.00633886 0.999973 -0.00371122 -0.0618029 0.0450924 0.00399336 0.998975 8.43447
0.998884 0.00566429 -0.0468861 -0.283876 -0.00585602 0.999975 -0.00395298 -0.0709153 0.0468626 0.00422314 0.998892 9.26538
0.998831 0.00263878 -0.0482633 -0.328831 -0.00286371 0.999985 -0.00459188 -0.0772186 0.0482505 0.00472472 0.998824 10.1125
0.998754 0.00279294 -0.0498298 -0.378087 -0.00300314 0.999987 -0.00414402 -0.0839353 0.0498176 0.0042885 0.998749 10.9641
0.998701 0.00159787 -0.050936 -0.42677 -0.00184197 0.999987 -0.00474563 -0.09325 0.0509277 0.00483328 0.998691 11.8169
0.998607 0.00373293 -0.0526426 -0.478296 -0.00411712 0.999966 -0.00719151 -0.104018 0.0526139 0.00739822 0.998587 12.6795
0.998566 0.00419248 -0.0533689 -0.545614 -0.00474225 0.999937 -0.0101788 -0.109861 0.0533229 0.0104173 0.998523 13.5808
0.998462 0.00805799 -0.0548489 -0.606445 -0.00873394 0.999889 -0.0120952 -0.12071 0.0547453 0.0125556 0.998421 14.4734
0.998415 0.00904214 -0.0555565 -0.667137 -0.00972648 0.99988 -0.01206 -0.133538 0.0554408 0.0125812 0.998383 15.3757
0.998334 0.00788954 -0.0571612 -0.708424 -0.00849937 0.999909 -0.0104333 -0.154456 0.0570737 0.0109017 0.99831 16.2636
0.998238 0.00841493 -0.0587397 -0.760657 -0.00893828 0.999923 -0.0086526 -0.173167 0.0586623 0.00916239 0.998236 17.1911
0.998193 0.00763589 -0.0596048 -0.817084 -0.00815056 0.999931 -0.00839634 -0.191134 0.0595366 0.00886698 0.998187 18.1124
0.998125 0.0072092 -0.060786 -0.874409 -0.00777864 0.999928 -0.00913645 -0.209819 0.0607157 0.00959214 0.998109 19.0161
0.998109 0.0057568 -0.0611956 -0.956084 -0.00639073 0.999928 -0.0101685 -0.218395 0.0611326 0.0105404 0.998074 19.9816
0.998103 0.00577014 -0.0612975 -1.02096 -0.00630594 0.999943 -0.00855115 -0.233395 0.0612447 0.00892146 0.998083 20.9118
0.998123 0.00704179 -0.0608283 -1.0851 -0.00737561 0.999959 -0.00526518 -0.247103 0.0607887 0.00570394 0.998134 21.8454
0.998175 0.00777933 -0.0598808 -1.14895 -0.00789792 0.999967 -0.00174397 -0.257289 0.0598652 0.00221372 0.998204 22.8029
0.998295 0.00665475 -0.0579893 -1.20815 -0.00660233 0.999977 0.00109551 -0.268053 0.0579953 -0.000710783 0.998316 23.7493
0.998407 0.00691336 -0.0559907 -1.26849 -0.00681617 0.999975 0.00192645 -0.279322 0.0560026 -0.00154174 0.998429 24.6999
0.998506 0.0067823 -0.0542258 -1.32648 -0.00683588 0.999976 -0.000802771 -0.289467 0.054219 0.00117225 0.998528 25.661
0.998565 0.00758753 -0.0530025 -1.38343 -0.00788661 0.999954 -0.00543591 -0.304167 0.0529588 0.00584612 0.998579 26.6221
0.998641 0.00627804 -0.0517264 -1.42737 -0.00669946 0.999946 -0.00797772 -0.322603 0.0516735 0.00831342 0.998629 27.5671
0.998716 0.00340949 -0.0505423 -1.47797 -0.00376303 0.999969 -0.00690145 -0.337977 0.0505171 0.00708277 0.998698 28.537
0.998694 0.00105875 -0.0510851 -1.51871 -0.00115781 0.999997 -0.00190973 -0.350918 0.051083 0.00196638 0.998692 29.5172
0.998658 -0.00308308 -0.0516912 -1.56829 0.00316547 0.999994 0.00151205 -0.362269 0.0516862 -0.00167365 0.998662 30.5104
0.998584 -0.01043 -0.0521537 -1.61834 0.0104911 0.999945 0.000898636 -0.374563 0.0521414 -0.00144452 0.998638 31.5036
0.998483 -0.0130183 -0.0534932 -1.66701 0.0128941 0.999913 -0.00266581 -0.389939 0.0535232 0.00197201 0.998564 32.4945
0.998428 -0.0126896 -0.0545847 -1.72611 0.0123563 0.999903 -0.00643932 -0.405842 0.0546611 0.00575473 0.998488 33.4906
0.998357 -0.0114845 -0.05614 -1.79198 0.0110967 0.999912 -0.00721418 -0.419056 0.0562179 0.00657935 0.998397 34.4989
0.998293 -0.0115117 -0.0572512 -1.85218 0.0111835 0.999919 -0.00605034 -0.428858 0.0573162 0.00539974 0.998341 35.5447
0.998268 -0.00812333 -0.0582631 -1.92188 0.00792763 0.999962 -0.00358942 -0.440561 0.05829 0.00312132 0.998294 36.5722
0.998214 -0.00830208 -0.0591495 -1.98934 0.00817454 0.999964 -0.00239812 -0.453354 0.0591672 0.00191031 0.998246 37.5966
0.998159 -0.00730663 -0.0602133 -2.04966 0.00732713 0.999973 0.000119583 -0.464911 0.0602108 -0.000560555 0.998185 38.6191
0.998155 -0.0075731 -0.0602431 -2.1067 0.007773 0.999965 0.00308454 -0.476612 0.0602176 -0.00354712 0.998179 39.6386
0.998144 -0.00213856 -0.0608528 -2.1828 0.00246507 0.999983 0.00529095 -0.480071 0.0608404 -0.00543114 0.998132 40.6856
0.998152 -0.00228863 -0.060717 -2.25226 0.00256722 0.999986 0.00451064 -0.486057 0.0607059 -0.00465818 0.998144 41.7104
0.998153 -0.00211562 -0.0607021 -2.31694 0.00228566 0.999994 0.00273179 -0.491594 0.0606959 -0.00286549 0.998152 42.7453
0.998143 0.000229848 -0.0609163 -2.37934 -0.000205901 1 0.000399298 -0.500164 0.0609164 -0.000386017 0.998142 43.7609
0.998063 -0.000529103 -0.0622046 -2.43855 0.000547903 1 0.000285083 -0.508256 0.0622044 -0.000318617 0.998063 44.7826
0.99799 -0.00247064 -0.0633238 -2.50341 0.00256635 0.999996 0.00143016 -0.520589 0.06332 -0.0015898 0.997992 45.7969
0.99793 -0.00204575 -0.0642689 -2.56477 0.00220876 0.999995 0.00246525 -0.536121 0.0642635 -0.0026021 0.997929 46.787
0.997918 0.000457123 -0.0644862 -2.64068 -0.00051999 0.999999 -0.000958181 -0.551104 0.0644857 0.000989715 0.997918 47.7989
0.997902 0.00110863 -0.0647223 -2.71941 -0.00143796 0.999986 -0.00504211 -0.568725 0.0647158 0.0051246 0.99789 48.7797
0.997739 0.00104247 -0.0671904 -2.75569 -0.00145045 0.999981 -0.0060235 -0.586291 0.0671828 0.00610733 0.997722 49.7762
0.997668 -0.000330215 -0.0682447 -2.80353 0.000175837 0.999997 -0.00226818 -0.607653 0.0682452 0.00225089 0.997666 50.7623
0.997609 -0.00261766 -0.0690546 -2.85965 0.00269025 0.999996 0.000958154 -0.624669 0.0690518 -0.00114164 0.997612 51.7565
0.997622 -0.00472306 -0.0687499 -2.93243 0.00485482 0.999987 0.00174936 -0.639943 0.0687407 -0.00207897 0.997632 52.7362
0.997624 -0.00789153 -0.0684327 -3.00443 0.00795517 0.999968 0.000657402 -0.653732 0.0684253 -0.00120024 0.997655 53.7211
0.99756 -0.0109338 -0.0689499 -3.06831 0.0109175 0.99994 -0.000613933 -0.667119 0.0689525 -0.000140328 0.997619 54.696
0.997471 -0.0126327 -0.0699409 -3.13457 0.0126969 0.999919 0.000473181 -0.678981 0.0699293 -0.00136002 0.997551 55.6637
0.997335 -0.0160042 -0.0711749 -3.18866 0.0163661 0.999856 0.00450395 -0.691406 0.0710925 -0.0056568 0.997453 56.6083
0.997249 -0.017185 -0.0721026 -3.25312 0.0179156 0.999794 0.00949833 -0.697986 0.0719245 -0.010764 0.997352 57.5896
0.997295 -0.0154188 -0.0718628 -3.33858 0.016291 0.9998 0.0115664 -0.702648 0.0716701 -0.0127059 0.997347 58.5511
0.997063 -0.0148602 -0.0751212 -3.38222 0.0155106 0.999847 0.00808152 -0.716754 0.0749896 -0.00922296 0.997141 59.4876
0.997056 -0.0133748 -0.0754968 -3.47538 0.013426 0.99991 0.000170547 -0.719667 0.0754877 -0.00118367 0.997146 60.4388
0.997033 -0.0117615 -0.0760597 -3.55848 0.0114316 0.999923 -0.00477213 -0.728421 0.07611 0.00388849 0.997091 61.3742
0.997002 -0.00703263 -0.0770468 -3.63838 0.00674604 0.999969 -0.0039794 -0.741177 0.0770724 0.00344771 0.997019 62.3016
0.996952 -0.0046811 -0.0778749 -3.72052 0.00454525 0.999988 -0.00192168 -0.75485 0.0778829 0.00156186 0.996961 63.2214
0.996912 -0.00196041 -0.078498 -3.80055 0.00194678 0.999998 -0.000250153 -0.776057 0.0784983 9.65589e-05 0.996914 64.107
0.996855 -0.00171107 -0.0792238 -3.88871 0.00167974 0.999998 -0.000462172 -0.787217 0.0792245 0.000327641 0.996856 65.0058
0.996722 -0.000520264 -0.0809013 -3.95742 0.000561131 1 0.000482344 -0.802164 0.0809011 -0.000526162 0.996722 65.8609
0.996627 0.000284672 -0.0820569 -4.03766 -0.000204398 0.999999 0.000986616 -0.815705 0.0820571 -0.000966519 0.996627 66.7218
0.996509 0.000169032 -0.0834839 -4.11102 -5.37479e-05 0.999999 0.00138311 -0.828602 0.0834841 -0.0013738 0.996508 67.5616
0.996395 -0.000314924 -0.0848251 -4.18198 0.000540402 0.999996 0.00263515 -0.841337 0.084824 -0.00267149 0.996392 68.3879
0.996328 0.00268866 -0.0855779 -4.27432 -0.0022583 0.999984 0.00512523 -0.847795 0.0855903 -0.00491315 0.996318 69.2189
0.996253 0.00395748 -0.0863894 -4.35313 -0.00315447 0.999951 0.00942974 -0.861 0.0864224 -0.0091219 0.996216 70.0137
0.996098 0.0070242 -0.087965 -4.43315 -0.00605505 0.999918 0.0112794 -0.86955 0.0880371 -0.0107027 0.996059 70.8082
0.99597 0.00966781 -0.0891542 -4.50272 -0.00903523 0.999931 0.00749621 -0.885026 0.0892206 -0.00666048 0.995989 71.5524
0.995869 0.00957059 -0.0902881 -4.58237 -0.00957243 0.999954 0.000412671 -0.896758 0.090288 0.000453308 0.995915 72.3055
0.995764 0.00875719 -0.0915196 -4.64509 -0.00925062 0.999945 -0.00496868 -0.914746 0.091471 0.00579424 0.99579 73.0045
0.995709 0.009608 -0.0920399 -4.71575 -0.0102252 0.999928 -0.00623651 -0.921927 0.0919734 0.00715087 0.995735 73.7204
0.99559 0.0124842 -0.0929721 -4.77674 -0.0127784 0.999915 -0.00257013 -0.93891 0.0929321 0.00374683 0.995665 74.3918
0.995446 0.0124741 -0.094505 -4.83913 -0.0125566 0.999921 -0.000279275 -0.956191 0.0944941 0.00146467 0.995524 75.0621
0.995388 0.0092228 -0.0954772 -4.89741 -0.00958847 0.999948 -0.0033719 -0.973774 0.0954412 0.00427182 0.995425 75.6979
0.995446 0.00114616 -0.0953192 -4.95385 -0.00195446 0.999963 -0.00838695 -0.991456 0.0953061 0.00853505 0.995411 76.3442
0.99553 -0.00292571 -0.0943924 -5.0091 0.00172385 0.999916 -0.0128116 -1.0113 0.0944221 0.0125916 0.995452 76.9862
0.995766 -0.000567798 -0.091913 -5.05424 -0.000609807 0.999918 -0.0127836 -1.02889 0.0919127 0.0127855 0.995685 77.5988
0.996057 0.00436615 -0.0886011 -5.09864 -0.00524305 0.999939 -0.0096668 -1.04358 0.0885536 0.0100932 0.99602 78.213
0.996438 0.00268858 -0.0842755 -5.13942 -0.00325661 0.999972 -0.00660346 -1.05562 0.0842555 0.00685439 0.99642 78.7985
0.996888 -0.00105796 -0.0788116 -5.16943 0.000868952 0.999996 -0.00243252 -1.06683 0.0788139 0.00235647 0.996886 79.3687
0.997482 -0.00553586 -0.0706904 -5.19537 0.00562793 0.999983 0.00110319 -1.08271 0.0706832 -0.00149826 0.997497 79.9068
0.998163 -0.00187632 -0.0605439 -5.21583 0.00195753 0.999997 0.00128194 -1.09595 0.0605413 -0.0013981 0.998164 80.4502
0.998937 0.00323623 -0.0459692 -5.2303 -0.00318399 0.999994 0.00120956 -1.10899 0.0459728 -0.00106191 0.998942 80.9649
0.999568 0.00840813 -0.0281421 -5.2371 -0.00834946 0.999962 0.00220153 -1.11929 0.0281595 -0.00196561 0.999601 81.4707
0.999957 0.00669039 -0.00635885 -5.22009 -0.00667207 0.999973 0.00289857 -1.12509 0.00637808 -0.00285602 0.999975 81.9714
0.9998 0.00315217 0.0197145 -5.18526 -0.0032302 0.999987 0.00392764 -1.13038 -0.0197018 -0.00399054 0.999797 82.4638
0.998799 0.00196704 0.0489339 -5.13462 -0.00225191 0.999981 0.00576715 -1.14006 -0.0489217 -0.00587042 0.998785 82.9188
0.996634 0.00164861 0.0819585 -5.07255 -0.00228141 0.999968 0.00762786 -1.14826 -0.0819433 -0.00778917 0.996606 83.3797
0.992849 0.00175138 0.119355 -4.98588 -0.00277255 0.999961 0.00839025 -1.15202 -0.119336 -0.00866118 0.992816 83.8534
0.98692 0.00190957 0.161198 -4.88798 -0.00336226 0.999956 0.00873956 -1.15589 -0.161174 -0.00916724 0.986883 84.2976
0.978429 0.00170236 0.206574 -4.76818 -0.0036192 0.999954 0.00890168 -1.15926 -0.206549 -0.00945731 0.97839 84.7381
0.966725 0.00388051 0.255787 -4.62526 -0.0058954 0.999957 0.00711096 -1.16541 -0.255749 -0.00838232 0.966706 85.1648
0.951041 0.00471989 0.309027 -4.4563 -0.00649914 0.999967 0.00472844 -1.1735 -0.308994 -0.00650535 0.951041 85.5781
0.931081 0.00459516 0.364783 -4.2662 -0.00614775 0.999976 0.00309501 -1.18167 -0.36476 -0.00512431 0.931087 85.9622
0.906755 0.00475308 0.421629 -4.04894 -0.00619376 0.999978 0.00204741 -1.19107 -0.42161 -0.00446797 0.906765 86.327
0.877804 0.00462006 0.478996 -3.8192 -0.00566301 0.999983 0.000732854 -1.19861 -0.478985 -0.00335587 0.877816 86.6564
0.844483 0.00304775 0.535573 -3.56941 -0.00306547 0.999995 -0.000857027 -1.20654 -0.535573 -0.000918044 0.844488 86.9604
0.807667 0.00280833 0.589631 -3.29175 -0.00224258 0.999996 -0.00169098 -1.21327 -0.589633 4.34495e-05 0.80767 87.2632
0.767453 0.00138181 0.641104 -3.01681 -0.00169085 0.999998 -0.000131267 -1.22291 -0.641103 -0.00098328 0.767454 87.5351
0.724441 0.000797175 0.689336 -2.71896 -0.00365193 0.999989 0.00268148 -1.23113 -0.689326 -0.00445999 0.724437 87.7954
0.678721 -0.000394693 0.734395 -2.40357 -0.00329893 0.999988 0.00358628 -1.23667 -0.734388 -0.00485681 0.678712 88.0406
0.632094 -0.00169517 0.774889 -2.0771 -0.00037507 0.999996 0.00249358 -1.23985 -0.774891 -0.00186682 0.632092 88.2489
0.585309 -0.0043567 0.810798 -1.75005 0.00491496 0.999986 0.00182521 -1.24515 -0.810795 0.00291672 0.585322 88.421
0.539771 -0.00214682 0.841808 -1.39919 0.00281632 0.999995 0.000744401 -1.24785 -0.841806 0.00196898 0.539775 88.5835
0.493677 0.000905242 0.869644 -1.04717 -0.00105028 0.999999 -0.00044471 -1.24853 -0.869644 -0.000693839 0.493677 88.7318
0.448734 0.003258 0.893659 -0.699772 -0.00165954 0.999994 -0.00281236 -1.24918 -0.893663 -0.000221069 0.448737 88.8602
0.406457 0.000672084 0.913669 -0.336088 0.00566858 0.999978 -0.00325731 -1.25143 -0.913652 0.00650316 0.406445 88.9753
0.367458 -0.00698098 0.930014 0.0294776 0.0208598 0.999782 -0.000737248 -1.25274 -0.929806 0.0196708 0.367523 89.0517
0.333352 -0.0105715 0.942743 0.409069 0.0251272 0.999681 0.0023251 -1.25163 -0.942467 0.0229134 0.333511 89.1336
0.300813 -0.00640486 0.953661 0.771947 0.0229973 0.999735 -0.000539734 -1.2518 -0.953405 0.022094 0.30088 89.2178
0.270223 0.00166901 0.962796 1.15025 0.0125845 0.999907 -0.00526539 -1.25409 -0.962715 0.0135392 0.270177 89.3179
0.241779 0.00640122 0.97031 1.5313 0.00785716 0.999932 -0.00855447 -1.26234 -0.970299 0.00969217 0.241712 89.4046
0.215911 0.00819919 0.976378 1.92711 0.00868561 0.999909 -0.0103175 -1.27366 -0.976374 0.0107081 0.21582 89.4778
0.192634 0.009687 0.981222 2.32533 0.0160622 0.999786 -0.0130236 -1.28012 -0.981139 0.0182694 0.192437 89.5233
0.173116 0.0158103 0.984774 2.73885 0.0230632 0.999532 -0.0201015 -1.27856 -0.984631 0.0261919 0.17267 89.5608
0.154138 0.022551 0.987791 3.16718 0.0250018 0.99933 -0.0267158 -1.27764 -0.987733 0.0288145 0.15347 89.6056
0.136957 0.0233454 0.990301 3.60995 0.0228544 0.999381 -0.0267202 -1.28641 -0.990313 0.0262922 0.136339 89.6573
0.121573 0.0191926 0.992396 4.06646 0.0212624 0.999533 -0.0219353 -1.30185 -0.992354 0.0237675 0.121108 89.7065
0.106833 0.0161099 0.994146 4.52844 0.0213889 0.9996 -0.0184968 -1.31716 -0.994046 0.0232398 0.106446 89.7508
0.0934445 0.0137126 0.995529 5.01856 0.0241972 0.999578 -0.0160396 -1.32945 -0.99533 0.0255878 0.0930732 89.7893
0.0815917 0.0130627 0.99658 5.51481 0.0278976 0.999492 -0.0153849 -1.33949 -0.996275 0.0290575 0.0811858 89.8204
0.0715019 0.0137926 0.997345 6.02749 0.0309502 0.999392 -0.0160398 -1.35079 -0.99696 0.0320149 0.0710314 89.8446
0.063496 0.0143939 0.997878 6.56244 0.0330962 0.999316 -0.0165206 -1.36092 -0.997433 0.0340749 0.0629761 89.8735
0.0578235 0.0147755 0.998217 7.12109 0.0348758 0.99925 -0.016811 -1.37186 -0.997717 0.0357857 0.0572648 89.9033
0.0525455 0.0159772 0.99849 7.68699 0.0363414 0.999179 -0.0179007 -1.38221 -0.997957 0.0372272 0.0519217 89.924
0.0474791 0.0165189 0.998735 8.2654 0.0369962 0.999148 -0.0182845 -1.39668 -0.998186 0.0378176 0.0468274 89.9331
0.0433264 0.016552 0.998923 8.87705 0.0391892 0.999065 -0.0182541 -1.41108 -0.998292 0.0399379 0.0426371 89.9536
0.0402516 0.0165695 0.999052 9.50908 0.0403278 0.999021 -0.0181938 -1.42391 -0.998375 0.0410218 0.0395439 89.9783
0.0372079 0.0161385 0.999177 10.1438 0.0411122 0.998998 -0.0176665 -1.43955 -0.998461 0.0417357 0.0365071 89.9981
0.0342275 0.0157132 0.99929 10.8063 0.0425775 0.998945 -0.0171661 -1.45019 -0.998506 0.0431348 0.0335223 90.0303
0.033272 0.0155246 0.999325 11.4847 0.0467743 0.998759 -0.0170731 -1.4636 -0.998351 0.0473108 0.0325045 90.0515
0.0345632 0.014833 0.999292 12.1694 0.0505104 0.998586 -0.0165696 -1.48234 -0.998125 0.0510473 0.033765 90.0653
0.0371997 0.0148233 0.999197 12.8818 0.0524459 0.998483 -0.0167653 -1.49708 -0.99793 0.0530275 0.0363658 90.0873
0.0410268 0.0150442 0.999044 13.6185 0.0547649 0.998349 -0.0172828 -1.50801 -0.997656 0.0554217 0.0401351 90.1175
0.0452713 0.0145787 0.998868 14.3668 0.0553464 0.998321 -0.0170791 -1.52348 -0.99744 0.0560569 0.0443884 90.1513
0.0492892 0.0128795 0.998701 15.1414 0.0570053 0.99825 -0.0156871 -1.53899 -0.997156 0.0577045 0.0484687 90.191
0.0535085 0.0113497 0.998502 15.9505 0.0571504 0.998261 -0.0144096 -1.55497 -0.99693 0.0578358 0.0527668 90.2344
0.0577496 0.00933057 0.998287 16.7709 0.0540223 0.998462 -0.0124573 -1.57013 -0.996868 0.0546492 0.0571566 90.2889
0.0614641 0.00808682 0.998076 17.58 0.053392 0.998508 -0.0113783 -1.58821 -0.99668 0.0539886 0.0609406 90.3525
0.0655223 0.0091259 0.997809 18.4027 0.0507374 0.998634 -0.0124652 -1.60607 -0.99656 0.0514429 0.0649697 90.4161
0.0688981 0.0131296 0.997537 19.1969 0.0487602 0.998674 -0.0165124 -1.62729 -0.996431 0.0497778 0.0681665 90.4658
0.0705497 0.0182132 0.997341 20.0363 0.0431874 0.99884 -0.0212955 -1.65138 -0.996572 0.0445749 0.0696813 90.5336
0.0702702 0.0212839 0.9973 20.8626 0.0403914 0.998891 -0.0241638 -1.67603 -0.996709 0.0419803 0.0693325 90.6009
0.0704783 0.0208798 0.997294 21.6993 0.0382928 0.998987 -0.0236214 -1.70213 -0.996777 0.039854 0.0696073 90.6673
0.0704811 0.0193364 0.997325 22.5477 0.035545 0.999128 -0.0218833 -1.72826 -0.996879 0.0369923 0.0697323 90.7371
0.0705241 0.0181857 0.997344 23.3734 0.0365582 0.999115 -0.0208031 -1.75634 -0.996839 0.0379282 0.0697967 90.7923
0.0715715 0.0174958 0.997281 24.1921 0.0342072 0.999215 -0.0199846 -1.78447 -0.996848 0.0355445 0.0709168 90.8438
0.0723525 0.0177667 0.99722 25.0233 0.0327778 0.999259 -0.0201811 -1.81357 -0.99684 0.0341468 0.0717165 90.8991
0.0732371 0.0182866 0.997146 25.8507 0.0299518 0.99934 -0.0205267 -1.84309 -0.996864 0.0313697 0.0726411 90.955
0.0728769 0.0193976 0.997152 26.6781 0.0272387 0.999399 -0.021432 -1.87343 -0.996968 0.028723 0.0723046 91.0106
0.0714062 0.0187846 0.99727 27.4924 0.0245309 0.999487 -0.0205828 -1.90227 -0.997145 0.0259336 0.0709087 91.0532
0.0684074 0.0174467 0.997504 28.3179 0.0220769 0.999575 -0.0189969 -1.92876 -0.997412 0.0233214 0.0679932 91.1037
0.0643118 0.0150326 0.997816 29.1342 0.0207879 0.999649 -0.0164 -1.95285 -0.997713 0.0217972 0.0639767 91.1477
0.058743 0.0131277 0.998186 29.9523 0.018951 0.999718 -0.0142631 -1.97517 -0.998092 0.0197545 0.0584776 91.1899
0.0512251 0.0135596 0.998594 30.7737 0.0187655 0.999718 -0.0145375 -1.99627 -0.99851 0.0194838 0.0509561 91.2369
0.0432407 0.01433 0.998961 31.5688 0.0191215 0.999702 -0.0151683 -2.02074 -0.998881 0.0197575 0.0429537 91.2574
0.034485 0.0146807 0.999297 32.3644 0.0195953 0.99969 -0.0153627 -2.04349 -0.999212 0.0201113 0.0341865 91.2629
0.0253276 0.0137807 0.999584 33.1672 0.021103 0.999675 -0.0143167 -2.06382 -0.999456 0.0214569 0.0250285 91.2642
0.0149204 0.0128811 0.999805 33.9642 0.0197857 0.999717 -0.0131752 -2.08741 -0.999692 0.0199785 0.0146612 91.2689
0.00489702 0.0121268 0.999914 34.7537 0.0212204 0.9997 -0.0122281 -2.10855 -0.999762 0.0212784 0.00463813 91.2536
-0.00657391 0.0124694 0.9999 35.546 0.0212356 0.999698 -0.0123272 -2.13248 -0.999752 0.0211524 -0.00683681 91.2542
-0.0180453 0.0130473 0.999751 36.3287 0.0214947 0.999689 -0.0126585 -2.15496 -0.999605 0.0212609 -0.0183202 91.2458
-0.0287112 0.0140651 0.999488 37.1094 0.0210628 0.999687 -0.0134628 -2.17786 -0.999365 0.0206655 -0.0289986 91.2268
-0.0389605 0.0152307 0.999124 37.8745 0.0220797 0.999653 -0.0143777 -2.19496 -0.998996 0.0215002 -0.0392834 91.1924
-0.0483046 0.0161081 0.998702 38.6349 0.023117 0.99962 -0.0150048 -2.21311 -0.998564 0.0223622 -0.0486587 91.1494
-0.0572553 0.016663 0.99822 39.386 0.0237426 0.9996 -0.0153242 -2.23587 -0.998077 0.0228229 -0.0576281 91.0879
-0.0658358 0.0168899 0.997687 40.1294 0.0244391 0.999584 -0.0153093 -2.25894 -0.997531 0.0233746 -0.0662213 91.0198
-0.0744848 0.0164446 0.997086 40.8765 0.0259016 0.999558 -0.0145504 -2.27976 -0.996885 0.0247423 -0.0748779 90.9628
-0.0814513 0.0152241 0.99656 41.5848 0.027914 0.999526 -0.0129879 -2.30296 -0.996286 0.0267601 -0.0818378 90.8804
-0.0865438 0.0134803 0.996156 42.3146 0.0309232 0.999463 -0.0108385 -2.32362 -0.995767 0.0298663 -0.0869143 90.8081
-0.0901191 0.0118338 0.99586 43.0236 0.0337747 0.99939 -0.0088193 -2.34297 -0.995358 0.03284 -0.0904639 90.73
-0.0935759 0.010868 0.995552 43.7576 0.0356258 0.999336 -0.00756067 -2.35921 -0.994974 0.0347598 -0.0939011 90.6814
-0.0963487 0.0101825 0.995295 44.4816 0.0358197 0.999335 -0.0067563 -2.37354 -0.994702 0.0350002 -0.0966495 90.6394
-0.0978888 0.0106912 0.995139 45.1651 0.0368668 0.999295 -0.00710934 -2.38872 -0.994514 0.0359917 -0.098214 90.5871
-0.097561 0.0118223 0.995159 45.8486 0.0379506 0.999246 -0.00815032 -2.40465 -0.994505 0.0369717 -0.0979362 90.535
-0.094558 0.0136556 0.995425 46.5241 0.0390605 0.999187 -0.00999678 -2.419 -0.994752 0.0379365 -0.0950146 90.4717
-0.0899895 0.0142621 0.99584 47.1496 0.0394053 0.999165 -0.0107489 -2.43601 -0.995162 0.0382741 -0.0904764 90.4318
-0.0827823 0.0149412 0.996455 47.7522 0.0388715 0.999175 -0.0117527 -2.4546 -0.995809 0.0377608 -0.0832949 90.4039
-0.0711825 0.0150121 0.99735 48.348 0.038008 0.999201 -0.0123273 -2.47115 -0.996738 0.0370297 -0.0716963 90.3625
-0.0575135 0.0152133 0.998228 48.9254 0.0372393 0.999221 -0.0130828 -2.49059 -0.997649 0.0364209 -0.0580353 90.3403
-0.0401954 0.0164843 0.999055 49.4871 0.0363982 0.999224 -0.0150226 -2.51117 -0.998528 0.03576 -0.0407643 90.3294
-0.0186492 0.0189816 0.999645 50.0374 0.034876 0.999223 -0.0183229 -2.53052 -0.999217 0.034522 -0.0192968 90.3303
0.0058735 0.021666 0.999747 50.5725 0.0327253 0.999225 -0.0218469 -2.55625 -0.999447 0.0328454 0.00515986 90.3524
0.0339164 0.0231816 0.999155 51.0934 0.0308822 0.999229 -0.0242316 -2.58065 -0.998947 0.031678 0.0331743 90.3938
0.0671393 0.0225327 0.997488 51.6148 0.0286571 0.999289 -0.0245022 -2.60191 -0.997332 0.0302302 0.0664458 90.4491
0.105363 0.0200744 0.994231 52.1131 0.0277582 0.999347 -0.0231193 -2.62017 -0.994046 0.0300339 0.104737 90.5192
0.147797 0.01633 0.988882 52.6348 0.0256401 0.999464 -0.0203369 -2.64025 -0.988685 0.0283608 0.147299 90.6152
0.193421 0.0118699 0.981043 53.1258 0.0229187 0.999599 -0.016613 -2.66275 -0.980848 0.0256975 0.193071 90.7323
0.242311 0.00845677 0.970161 53.6163 0.0185267 0.999739 -0.0133419 -2.68336 -0.970021 0.0212067 0.242091 90.8757
0.294103 0.00679597 0.955749 54.1047 0.0148892 0.999821 -0.011691 -2.70158 -0.955657 0.0176687 0.293949 91.0493
0.348838 0.00641397 0.937161 54.5696 0.0137384 0.999834 -0.0119567 -2.71734 -0.937082 0.017046 0.348692 91.2487
0.406526 0.00676684 0.913614 55.0109 0.0159818 0.999767 -0.0145163 -2.73369 -0.913499 0.0205024 0.406323 91.4751
0.465981 0.0102129 0.884735 55.425 0.0164596 0.99966 -0.0202086 -2.74915 -0.884641 0.0239792 0.465655 91.7269
0.524092 0.0137944 0.851549 55.8003 0.0174105 0.999486 -0.0269062 -2.76346 -0.851483 0.0289272 0.523583 92.0145
0.581162 0.0179687 0.813589 56.1554 0.0131987 0.999417 -0.0315009 -2.77907 -0.81368 0.0290454 0.580586 92.3295
0.635856 0.0211552 0.771517 56.5037 0.00907785 0.99935 -0.0348841 -2.79194 -0.771754 0.029185 0.635251 92.6782
0.687098 0.0222246 0.726224 56.8087 0.00721826 0.999274 -0.03741 -2.80752 -0.726528 0.0309464 0.686439 93.0379
0.73574 0.0194823 0.676983 57.1112 0.00733242 0.999299 -0.0367268 -2.83145 -0.677224 0.0319853 0.735081 93.4083
0.780009 0.0159885 0.625563 57.3841 0.00515685 0.999475 -0.0319752 -2.85042 -0.625746 0.0281669 0.779517 93.8111
0.820733 0.0108078 0.571209 57.6202 0.00468924 0.99966 -0.025652 -2.86716 -0.571292 0.023732 0.820403 94.2143
0.856701 0.00863931 0.51574 57.8415 0.00196756 0.999798 -0.0200162 -2.88045 -0.515809 0.0181626 0.856511 94.6482
0.886338 0.00557391 0.463004 57.9977 0.000774038 0.999908 -0.0135192 -2.89378 -0.463037 0.012341 0.886253 95.0743
0.910945 0.00634408 0.412477 58.151 -0.00301138 0.999957 -0.00872917 -2.90282 -0.412515 0.00670967 0.910926 95.5326
0.930233 0.00877971 0.366864 58.2785 -0.00695881 0.999956 -0.00628568 -2.9108 -0.366903 0.00329421 0.930253 95.9916
0.944862 0.0151527 0.327116 58.3904 -0.0144707 0.999885 -0.00451863 -2.91498 -0.327147 -0.000464116 0.944973 96.4693
0.955956 0.0199323 0.292832 58.4802 -0.0190724 0.999801 -0.0057916 -2.92204 -0.292889 -4.8484e-05 0.956146 96.9325
0.964927 0.0218968 0.261602 58.5891 -0.0211087 0.99976 -0.00582234 -2.92515 -0.261667 9.60465e-05 0.965158 97.4401
0.970765 0.0164186 0.239465 58.699 -0.0154058 0.999863 -0.00610057 -2.93147 -0.239533 0.00223305 0.970885 97.9179
0.974579 0.013539 0.223634 58.8058 -0.0125892 0.999905 -0.0056721 -2.94299 -0.223689 0.00271253 0.974656 98.3913
0.977272 0.0176428 0.211252 58.8916 -0.0167368 0.999841 -0.00607643 -2.94891 -0.211326 0.00240265 0.977412 98.9134
0.979297 0.0228785 0.201128 58.9843 -0.0221679 0.999738 -0.00578482 -2.95167 -0.201208 0.00120647 0.979547 99.4252
0.980206 0.0306642 0.195587 59.0644 -0.0298195 0.999529 -0.00726251 -2.95462 -0.195717 0.00128645 0.980659 99.9483
0.980561 0.0354142 0.192989 59.1494 -0.0338711 0.999362 -0.0112904 -2.95584 -0.193266 0.00453412 0.981135 100.471
0.980671 0.0363165 0.192262 59.2495 -0.0342536 0.999314 -0.0140434 -2.96825 -0.19264 0.00718625 0.981243 101.006
0.980477 0.0341508 0.193643 59.3758 -0.0312954 0.999352 -0.0177866 -2.98284 -0.194125 0.0113792 0.98091 101.538
0.979903 0.0323965 0.196824 59.5042 -0.0281453 0.999307 -0.0243584 -2.99328 -0.197477 0.0183292 0.980136 102.093
0.97924 0.0325084 0.200078 59.6344 -0.0272183 0.999205 -0.0291353 -3.00402 -0.200866 0.0230847 0.979346 102.656
0.978274 0.0371368 0.203958 59.7492 -0.0319069 0.999074 -0.0288719 -3.02069 -0.204842 0.0217369 0.978553 103.218
0.976962 0.0403103 0.209571 59.8695 -0.0358911 0.999047 -0.024849 -3.03855 -0.210373 0.0167548 0.977477 103.823
0.976677 0.0372416 0.211458 60.0498 -0.0334821 0.999211 -0.0213329 -3.0464 -0.212085 0.0137553 0.977154 104.427
0.97638 0.0327186 0.213569 60.2225 -0.0298224 0.999414 -0.0167698 -3.05437 -0.213992 0.0100045 0.976784 105.057
0.975524 0.030436 0.217773 60.3495 -0.0284765 0.999521 -0.0121314 -3.07138 -0.218038 0.00563304 0.975924 105.68
0.974863 0.0259798 0.221283 60.476 -0.024103 0.999647 -0.011178 -3.08883 -0.221495 0.00556347 0.975145 106.3
0.975028 0.022144 0.220972 60.6407 -0.0194767 0.999709 -0.0142429 -3.10649 -0.221223 0.00958342 0.975176 106.954
0.974993 0.0213441 0.221204 60.7701 -0.017221 0.99964 -0.0205513 -3.13161 -0.221563 0.0162281 0.975011 107.598
0.975011 0.0242281 0.22083 60.9029 -0.018665 0.999454 -0.0272439 -3.14506 -0.22137 0.0224413 0.974931 108.262
0.975544 0.0275988 0.218061 61.0613 -0.0213217 0.999289 -0.0310871 -3.1581 -0.218764 0.0256774 0.97544 108.963
0.976002 0.0270662 0.21607 61.1972 -0.0217895 0.999404 -0.026767 -3.17638 -0.216665 0.0214166 0.976011 109.65
0.976422 0.0233253 0.214602 61.3584 -0.019598 0.999618 -0.0194797 -3.19167 -0.214974 0.0148147 0.976507 110.374
0.977051 0.0242737 0.211615 61.5147 -0.0218206 0.999665 -0.0139198 -3.21044 -0.211882 0.00898279 0.977254 111.097
0.977333 0.0279151 0.209857 61.6584 -0.0254579 0.999572 -0.0144016 -3.23061 -0.210169 0.00873267 0.977626 111.829
0.977548 0.0342094 0.207915 61.7969 -0.0310563 0.999348 -0.0184118 -3.25165 -0.208409 0.0115413 0.977973 112.57
0.978225 0.0362132 0.204362 61.9481 -0.0320633 0.999207 -0.0235826 -3.2627 -0.205054 0.0165165 0.978611 113.341
0.979094 0.0352929 0.200319 62.0969 -0.0306077 0.999182 -0.0264389 -3.28423 -0.201089 0.0197548 0.979374 114.091
0.979983 0.0334927 0.19624 62.2552 -0.0291384 0.999262 -0.0250345 -3.30582 -0.196934 0.0188153 0.980236 114.874
0.980891 0.0298462 0.192252 62.4207 -0.0258437 0.999394 -0.0232935 -3.32854 -0.192831 0.0178799 0.981069 115.671
0.981393 0.0287144 0.189845 62.5892 -0.0252266 0.999466 -0.0207635 -3.34779 -0.19034 0.015588 0.981594 116.489
0.98186 0.0254166 0.187894 62.7542 -0.0223 0.999576 -0.0186822 -3.36842 -0.188289 0.0141533 0.982011 117.293
0.982131 0.0204031 0.187085 62.9177 -0.017414 0.999693 -0.0176072 -3.3893 -0.187387 0.0140347 0.982186 118.105
0.982331 0.0211289 0.185951 63.0798 -0.0184615 0.9997 -0.0160644 -3.41357 -0.186235 0.0123477 0.982427 118.906
0.982204 0.0266228 0.185918 63.2328 -0.0237034 0.999558 -0.0179084 -3.43774 -0.186312 0.0131828 0.982402 119.742
0.981793 0.0323239 0.18718 63.3622 -0.0288379 0.999356 -0.0213177 -3.45632 -0.187749 0.0155317 0.982094 120.615
0.981234 0.0415055 0.188299 63.5045 -0.0378441 0.999019 -0.0229996 -3.4786 -0.189069 0.015442 0.981842 121.453
0.980417 0.0474909 0.191119 63.6562 -0.0439913 0.998778 -0.022515 -3.50394 -0.191955 0.0136665 0.981308 122.294
0.979432 0.0505061 0.19535 63.7906 -0.0472836 0.998658 -0.0211278 -3.52319 -0.196155 0.0114564 0.980506 123.183
0.979275 0.0511447 0.195969 63.9849 -0.0477491 0.998616 -0.0220162 -3.5558 -0.196824 0.0122026 0.980362 123.986
0.97885 0.0498503 0.19841 64.1445 -0.0457848 0.998637 -0.0250287 -3.5761 -0.199388 0.0154152 0.979799 124.865
0.979291 0.0431881 0.197793 64.3571 -0.0393612 0.998954 -0.0232407 -3.61549 -0.19859 0.014974 0.979968 125.667
0.979543 0.0364732 0.197899 64.5415 -0.0321965 0.999174 -0.0247866 -3.64656 -0.19864 0.0179079 0.979909 126.53
0.979269 0.03593 0.199348 64.7162 -0.0315688 0.999188 -0.0250138 -3.6744 -0.200085 0.0182021 0.979609 127.417
0.978894 0.0384602 0.200715 64.8874 -0.0347247 0.999152 -0.0220995 -3.70516 -0.201395 0.0146632 0.9794 128.264
0.978636 0.0404684 0.201577 65.0579 -0.0379183 0.999144 -0.0164977 -3.73227 -0.202072 0.00850176 0.979333 129.106
0.978306 0.0440777 0.202419 65.2226 -0.0424486 0.999022 -0.0123846 -3.7612 -0.202767 0.00352346 0.97922 129.937
0.978194 0.0430054 0.203191 65.4022 -0.040009 0.999022 -0.0188332 -3.78965 -0.203802 0.0102931 0.978958 130.797
0.978485 0.0383161 0.202726 65.5782 -0.0322769 0.998933 -0.0330137 -3.82307 -0.203775 0.0257601 0.978679 131.619
0.978819 0.0354632 0.201631 65.7655 -0.0275059 0.998733 -0.0421313 -3.85505 -0.20287 0.0356929 0.978555 132.46
0.979173 0.0322021 0.200456 65.9405 -0.0260281 0.999104 -0.0333601 -3.88449 -0.201351 0.0274478 0.979134 133.28
0.979601 0.0263364 0.199215 66.1206 -0.0242611 0.999623 -0.0128513 -3.91568 -0.199478 0.00775595 0.979871 134.141
0.979915 0.0228762 0.198097 66.2941 -0.023749 0.999716 0.00203129 -3.94593 -0.197994 -0.0066951 0.98018 134.985
0.979901 0.0272692 0.197606 66.4461 -0.0270332 0.999627 -0.0038922 -3.96347 -0.197639 -0.00152797 0.980273 135.815
0.979864 0.035653 0.196453 66.5868 -0.0323906 0.999279 -0.0197955 -3.98055 -0.197017 0.0130337 0.980313 136.643
0.979944 0.0358296 0.196024 66.7301 -0.0309475 0.999131 -0.0279133 -3.99771 -0.196854 0.021287 0.980202 137.464
0.980501 0.0316943 0.193936 66.8928 -0.0266249 0.999233 -0.0286911 -4.03113 -0.194697 0.0229681 0.980594 138.278
0.981025 0.0314097 0.191318 67.0482 -0.0267267 0.999277 -0.0270097 -4.07026 -0.192028 0.0213839 0.981156 139.116
0.981664 0.0310161 0.188074 67.1937 -0.0261515 0.999257 -0.0282922 -4.09776 -0.188812 0.0228551 0.981747 139.951
0.982809 0.0309711 0.182007 67.3523 -0.0259444 0.999215 -0.0299352 -4.1304 -0.182791 0.0246985 0.982841 140.737
0.983323 0.0355685 0.178352 67.4969 -0.0306569 0.999073 -0.0302202 -4.16287 -0.179262 0.0242485 0.983502 141.539
0.983495 0.0413621 0.17614 67.629 -0.0365131 0.998862 -0.0306834 -4.19183 -0.177208 0.0237456 0.983887 142.357
0.983845 0.0423629 0.173933 67.7642 -0.0378845 0.998861 -0.0289889 -4.2248 -0.174963 0.0219312 0.984331 143.146
0.984215 0.0398489 0.172428 67.9065 -0.0361625 0.999046 -0.0244689 -4.25521 -0.173239 0.0178473 0.984718 143.958
0.984614 0.0380302 0.170551 68.0478 -0.0343324 0.999108 -0.0245801 -4.28559 -0.171334 0.0183465 0.985042 144.769
0.98516 0.0361567 0.167782 68.186 -0.0319758 0.999108 -0.0275542 -4.31766 -0.168628 0.0217804 0.985439 145.578
0.986209 0.0313018 0.162511 68.3228 -0.0265553 0.999157 -0.0312979 -4.35051 -0.163354 0.0265507 0.98621 146.371
0.98743 0.0282644 0.155505 68.451 -0.0234738 0.999194 -0.0325574 -4.37743 -0.1563 0.0284979 0.987298 147.165
0.9886 0.0265779 0.1482 68.5805 -0.0227738 0.999367 -0.0273075 -4.40821 -0.148832 0.0236211 0.98858 147.966
0.989686 0.0242155 0.141188 68.711 -0.0217458 0.999582 -0.0190087 -4.43589 -0.14159 0.0157424 0.9898 148.78
0.990357 0.0216411 0.136831 68.8292 -0.0204861 0.999741 -0.00984336 -4.45569 -0.137009 0.00694531 0.990545 149.594
0.990833 0.0286595 0.132014 68.9408 -0.0279275 0.999582 -0.00739316 -4.474 -0.132171 0.00363858 0.99122 150.426
0.991428 0.0317161 0.126741 69.0478 -0.0304519 0.999465 -0.0119001 -4.49653 -0.127051 0.00793863 0.991864 151.259
0.99226 0.0320773 0.119961 69.1247 -0.0296767 0.999322 -0.0217445 -4.52298 -0.120577 0.0180161 0.99254 152.05
0.993109 0.0288158 0.113593 69.2132 -0.025923 0.999302 -0.0268624 -4.54815 -0.114288 0.0237327 0.993164 152.865
0.993896 0.0278242 0.106748 69.2962 -0.0251912 0.999346 -0.0259352 -4.57217 -0.1074 0.0230878 0.993948 153.681
0.994549 0.0346476 0.0983386 69.373 -0.0325448 0.999207 -0.0229081 -4.59632 -0.0990544 0.0195829 0.994889 154.502
0.995196 0.0398452 0.0894159 69.4482 -0.0377787 0.99898 -0.0246858 -4.62334 -0.0903085 0.0211893 0.995688 155.353
0.996079 0.0421674 0.0777642 69.522 -0.0399169 0.998744 -0.0302717 -4.65423 -0.0789431 0.0270489 0.996512 156.157
0.996801 0.0404848 0.0688986 69.5883 -0.0383226 0.998739 -0.0324192 -4.68774 -0.0701242 0.0296751 0.997097 157.014
0.997325 0.0405726 0.0607907 69.631 -0.0388164 0.998801 -0.0297971 -4.71522 -0.0619268 0.0273578 0.997705 157.843
0.997567 0.043713 0.0542903 69.6394 -0.0424988 0.998824 -0.0233209 -4.74062 -0.055246 0.020957 0.998253 158.665
0.997776 0.0474888 0.046753 69.6593 -0.0466911 0.998746 -0.0180087 -4.76187 -0.0475496 0.0157857 0.998744 159.511
0.998124 0.0469518 0.0392909 69.6834 -0.0463955 0.99881 -0.0149526 -4.78338 -0.0399462 0.0131017 0.999116 160.341
0.99831 0.0478425 0.0329733 69.7078 -0.0474374 0.998789 -0.0129618 -4.80393 -0.0335536 0.0113758 0.999372 161.182
0.998519 0.0465262 0.0281608 69.7334 -0.0461245 0.998826 -0.0147485 -4.82887 -0.028814 0.0134277 0.999494 162.01
0.998466 0.0505573 0.0225711 69.7534 -0.0501051 0.99854 -0.0201707 -4.85097 -0.023558 0.0190089 0.999541 162.855
0.998251 0.0560845 0.0186501 69.7563 -0.0555803 0.998101 -0.0265306 -4.88146 -0.0201027 0.0254476 0.999474 163.676
0.998276 0.0566999 0.0151262 69.7693 -0.0562505 0.998005 -0.0286395 -4.90703 -0.01672 0.0277393 0.999475 164.517
0.998218 0.0584799 0.0117934 69.7754 -0.058198 0.99804 -0.0229777 -4.92968 -0.013114 0.0222504 0.999666 165.346
0.998121 0.060548 0.00933871 69.7814 -0.0604267 0.99809 -0.0127701 -4.9505 -0.0100941 0.0121818 0.999875 166.191
0.998079 0.0616902 0.00566577 69.7839 -0.0616592 0.998082 -0.00549115 -4.97422 -0.00599367 0.00513126 0.999969 167.014
0.998314 0.0580328 0.00094885 69.7743 -0.0580223 0.998276 -0.00876293 -4.9945 -0.00145577 0.00869311 0.999961 167.847
0.998959 0.045319 -0.00510901 69.7852 -0.045406 0.998798 -0.0184474 -5.01989 0.00426683 0.0186602 0.999817 168.649
0.998985 0.0433399 -0.0122648 69.7734 -0.043614 0.998782 -0.0230433 -5.03771 0.0112512 0.0235548 0.999659 169.469
0.998704 0.0470922 -0.0192897 69.7482 -0.0475088 0.998634 -0.0217386 -5.06071 0.0182396 0.0226269 0.999577 170.284
0.998635 0.0450995 -0.026328 69.7086 -0.0455234 0.998839 -0.0157313 -5.08263 0.025588 0.0169084 0.999529 171.129
0.998632 0.0395017 -0.034243 69.6932 -0.0399417 0.999126 -0.0122619 -5.10198 0.0337288 0.0136129 0.999338 171.945
0.998718 0.0310925 -0.0399354 69.6705 -0.0314428 0.999471 -0.00817337 -5.12051 0.0396602 0.00941857 0.999169 172.765
0.998601 0.0264334 -0.0457938 69.6155 -0.0268491 0.999603 -0.00848662 -5.13496 0.0455513 0.00970426 0.998915 173.642
0.998399 0.0228208 -0.0517529 69.5588 -0.0236522 0.999599 -0.0155109 -5.15689 0.0513782 0.0167101 0.998539 174.493
0.99814 0.0134138 -0.0594629 69.5175 -0.0149555 0.999561 -0.0255578 -5.18272 0.059094 0.0263996 0.997903 175.324
0.997693 0.00190378 -0.0678521 69.5167 -0.00390242 0.999561 -0.0293355 -5.20844 0.0677666 0.0295327 0.997264 176.12
0.997271 0.00512109 -0.0736395 69.4219 -0.00677648 0.999729 -0.0222475 -5.22815 0.0735057 0.0226858 0.997037 177.016
0.996769 0.0158808 -0.0787273 69.326 -0.0166615 0.999817 -0.00926914 -5.24677 0.0785658 0.0105509 0.996853 177.897
0.996332 0.0216484 -0.0827899 69.2377 -0.0218804 0.999758 -0.00189563 -5.26995 0.0827289 0.00370014 0.996565 178.731
0.996044 0.0214183 -0.0862415 69.1562 -0.0218961 0.999749 -0.00459786 -5.29294 0.0861215 0.00646802 0.996264 179.567
0.995826 0.0225706 -0.0884344 69.0696 -0.0240185 0.999593 -0.0153424 -5.30933 0.0880522 0.0174024 0.995964 180.417
0.995228 0.0325119 -0.091998 68.9773 -0.0348937 0.999092 -0.0244008 -5.33038 0.0911213 0.0274945 0.99546 181.271
0.995104 0.0304901 -0.0940117 68.8882 -0.0332519 0.999055 -0.0279517 -5.35573 0.0930707 0.030941 0.995179 182.115
0.995051 0.0253565 -0.0960768 68.8154 -0.0277344 0.999338 -0.0234959 -5.3819 0.0954175 0.0260443 0.995097 182.938
0.994964 0.0255251 -0.0969249 68.7453 -0.0270857 0.999522 -0.0148197 -5.40536 0.0965005 0.0173703 0.995181 183.8
0.994855 0.0271644 -0.0976013 68.6705 -0.0282326 0.999554 -0.00958062 -5.42683 0.0972977 0.0122869 0.995179 184.649
0.994693 0.0271389 -0.0992416 68.5761 -0.0283292 0.999541 -0.0106038 -5.44746 0.0989084 0.013359 0.995007 185.514
0.994557 0.0233816 -0.101538 68.4881 -0.0254819 0.999485 -0.0194374 -5.47689 0.101032 0.021919 0.994642 186.362
0.99457 0.0124569 -0.103318 68.3985 -0.0156745 0.999414 -0.0303892 -5.51303 0.102879 0.0318437 0.994184 187.219
0.994362 0.00184137 -0.106022 68.3286 -0.00549106 0.999401 -0.0341421 -5.54928 0.105896 0.0345318 0.993777 188.078
0.994261 0.00435304 -0.106889 68.2112 -0.00755425 0.999533 -0.0295622 -5.58121 0.106711 0.0302001 0.993831 188.983
0.994037 0.0104717 -0.108539 68.1183 -0.0126152 0.999737 -0.019081 -5.61257 0.108311 0.0203364 0.993909 189.825
0.993821 0.0112361 -0.110423 68.028 -0.0130522 0.99979 -0.0157379 -5.64279 0.110223 0.017082 0.99376 190.666
0.9937 0.0100692 -0.111614 67.9396 -0.0122831 0.99974 -0.0191654 -5.67425 0.111392 0.0204156 0.993567 191.503
0.993611 0.0103494 -0.112378 67.8549 -0.0132053 0.999607 -0.0246985 -5.70801 0.112078 0.0260247 0.993359 192.337
0.993558 0.0169561 -0.112042 67.7315 -0.0198796 0.999488 -0.0250276 -5.73442 0.11156 0.0270937 0.993388 193.189
0.993431 0.0199864 -0.112673 67.6304 -0.0226194 0.999498 -0.022139 -5.76455 0.112174 0.0245422 0.993385 194.022
0.993226 0.0239245 -0.113705 67.5283 -0.0262525 0.999473 -0.0190212 -5.79316 0.11319 0.0218774 0.993333 194.856
0.993092 0.0278329 -0.113982 67.4268 -0.0298917 0.999418 -0.0163935 -5.81882 0.113459 0.0196874 0.993348 195.686
0.992932 0.0303921 -0.114727 67.3245 -0.0325395 0.999327 -0.0168916 -5.84354 0.114136 0.0205054 0.993253 196.508
0.992999 0.0271519 -0.114959 67.2266 -0.029719 0.999343 -0.0206757 -5.87284 0.114322 0.0239474 0.993155 197.304
0.992819 0.0290109 -0.116052 67.1247 -0.0322575 0.999135 -0.0261954 -5.89601 0.115192 0.0297509 0.992898 198.114
0.992643 0.0307677 -0.117099 67.0189 -0.0340375 0.99908 -0.0260267 -5.91989 0.116191 0.029821 0.992779 198.912
