1 0 0 0 0 1 0 0 0 0 1 0
0.99902 -0.00117 0.0442446 0.031244 0.00133083 0.999993 -0.00360577 -0.00343536 -0.04424 0.00366112 0.999014 1.02074
0.995943 -0.00611363 0.0897784 0.115343 0.00697331 0.999933 -0.00926504 -0.0147484 -0.0897158 0.0098535 0.995919 2.05334
0.990822 -0.00588411 0.135044 0.245122 0.00779471 0.999877 -0.0136236 -0.0297553 -0.134948 0.0145512 0.990746 3.09155
0.983532 -0.0041468 0.180687 0.424316 0.00719196 0.999843 -0.0162014 -0.0569706 -0.180591 0.017234 0.983407 4.08227
0.973774 -0.00669606 0.227418 0.639921 0.0107551 0.999804 -0.0166139 -0.0796368 -0.227262 0.0186241 0.973655 5.10268
0.962369 -0.00752788 0.271641 0.922714 0.0127879 0.999763 -0.0175987 -0.116068 -0.271445 0.0204102 0.962238 6.06919
0.948617 -0.00986305 0.316272 1.22914 0.0172336 0.999641 -0.0205158 -0.143043 -0.315956 0.0249122 0.948447 7.05268
0.933213 -0.0113367 0.359145 1.58315 0.0206808 0.99954 -0.0221863 -0.174729 -0.358729 0.028132 0.933018 8.01056
0.915732 -0.0111528 0.401634 1.97929 0.022254 0.999488 -0.0229851 -0.210012 -0.401172 0.0299861 0.915512 8.92137
0.895734 -0.0112783 0.444448 2.41878 0.0233155 0.999494 -0.0216266 -0.242206 -0.44398 0.0297342 0.895543 9.84822
0.873467 -0.0110233 0.486758 2.90409 0.0240672 0.999499 -0.0205525 -0.272964 -0.486288 0.0296669 0.873295 10.757
0.849352 -0.0112189 0.527707 3.40037 0.0250463 0.999504 -0.0190633 -0.317255 -0.527232 0.0294086 0.849212 11.561
0.823911 -0.0116174 0.5666 3.96966 0.0268534 0.999467 -0.0185556 -0.356052 -0.566083 0.0305033 0.823784 12.3778
0.796737 -0.0138796 0.604166 4.57263 0.0306839 0.999376 -0.0175053 -0.393762 -0.603546 0.0324853 0.796666 13.152
0.768029 -0.013085 0.640281 5.21617 0.0318269 0.999336 -0.0177543 -0.424723 -0.639624 0.034014 0.767935 13.9134
0.737302 -0.0160243 0.675373 5.8946 0.0364512 0.999206 -0.0160859 -0.453781 -0.674579 0.0364783 0.737301 14.644
0.705357 -0.0148506 0.708696 6.6 0.0365192 0.999214 -0.0154089 -0.483095 -0.707911 0.0367498 0.705345 15.3373
0.671643 -0.0137835 0.740747 7.32191 0.0380902 0.999147 -0.0159451 -0.514844 -0.739895 0.0389246 0.671595 15.982
0.636184 -0.0150894 0.77139 8.07711 0.0430868 0.998943 -0.0159941 -0.541919 -0.770333 0.0434119 0.636162 16.6039
0.599669 -0.0135351 0.800134 8.86183 0.0433774 0.998937 -0.0156116 -0.568281 -0.799071 0.0440695 0.599618 17.195
0.561624 -0.0122051 0.827302 9.67891 0.0464307 0.99878 -0.0167852 -0.593706 -0.826088 0.0478392 0.561506 17.7605
0.522175 -0.0109386 0.852768 10.5028 0.0507923 0.998541 -0.0182931 -0.629245 -0.851324 0.0528663 0.521969 18.273
0.482177 -0.0100896 0.876016 11.3525 0.052663 0.998459 -0.0174869 -0.65508 -0.874489 0.0545654 0.481965 18.7573
0.443992 -0.0116019 0.895956 12.2031 0.058428 0.998163 -0.0160286 -0.675829 -0.894124 0.0594655 0.443854 19.1664
0.407184 -0.0123149 0.913263 13.0972 0.0627443 0.997924 -0.0145184 -0.698696 -0.911188 0.0632137 0.407111 19.5516
0.371862 -0.0100017 0.928234 14.0199 0.0644704 0.997805 -0.0150763 -0.721109 -0.926046 0.06545 0.371691 19.9202
0.339258 -0.0109015 0.94063 14.9537 0.0657767 0.99776 -0.0121601 -0.738961 -0.938391 0.065997 0.339215 20.2385
0.306714 -0.0120385 0.951725 15.9062 0.0683152 0.997619 -0.00939697 -0.753283 -0.949347 0.0678995 0.306806 20.5275
0.274816 -0.0113771 0.961429 16.8773 0.069242 0.997568 -0.00798744 -0.761693 -0.959 0.0687664 0.274935 20.7898
0.24309 -0.00809011 0.96997 17.881 0.0670116 0.997716 -0.00847263 -0.772213 -0.967686 0.0670589 0.243076 21.0468
0.212965 -0.006404 0.977039 18.8707 0.0671765 0.997708 -0.008103 -0.790189 -0.974748 0.0673597 0.212907 21.2482
0.183282 -0.00579177 0.983043 19.9075 0.0695224 0.997555 -0.00708472 -0.80008 -0.980599 0.0696421 0.183236 21.4267
0.153583 -0.00553326 0.98812 20.948 0.0716115 0.997417 -0.00554523 -0.80836 -0.985537 0.0716125 0.153583 21.5719
0.123895 -0.00589429 0.992278 21.9963 0.0704534 0.997511 -0.00287137 -0.816379 -0.989791 0.0702651 0.124002 21.6954
0.0953593 -0.0058861 0.995425 23.0535 0.0712228 0.99746 -0.000924836 -0.822318 -0.992891 0.0709852 0.0955363 21.7898
0.0689548 -0.00558945 0.997604 24.133 0.0740756 0.997252 0.000467345 -0.826809 -0.994866 0.0738659 0.0691793 21.8534
0.0446273 -0.00478836 0.998992 25.2145 0.0785311 0.996911 0.00127021 -0.830078 -0.995912 0.0783953 0.0448654 21.8906
0.0227439 -0.0043472 0.999732 26.3176 0.0827246 0.996569 0.00245147 -0.834413 -0.996313 0.0826467 0.0230254 21.9011
0.00351178 -0.00431601 0.999984 27.4228 0.0885627 0.996062 0.00398807 -0.836104 -0.996064 0.0885473 0.00388012 21.8874
-0.0127443 -0.00499921 0.999906 28.5391 0.0930759 0.99564 0.00616417 -0.839998 -0.995577 0.0931458 -0.0122235 21.8417
-0.0264845 -0.0047999 0.999638 29.6586 0.0966485 0.995291 0.00733965 -0.842959 -0.994966 0.0968079 -0.0258959 21.7776
-0.0396478 -0.00531449 0.999199 30.8161 0.0990451 0.99504 0.00922244 -0.83925 -0.994292 0.0993315 -0.0389248 21.7081
-0.0516959 -0.00632578 0.998643 31.9767 0.0990528 0.995016 0.0114304 -0.832764 -0.993738 0.0995093 -0.0508117 21.6255
-0.0624011 -0.00594498 0.998033 33.1363 0.0990027 0.995013 0.012117 -0.825595 -0.993128 0.0995642 -0.0615014 21.5306
-0.0719355 -0.0030155 0.997405 34.2967 0.0994331 0.994992 0.0101796 -0.820596 -0.99244 0.0999074 -0.0712754 21.4238
-0.0812614 0.000550533 0.996692 35.4982 0.0997849 0.99498 0.00758598 -0.812178 -0.991685 0.100071 -0.0809085 21.3128
-0.0894 0.00320701 0.99599 36.6967 0.100913 0.994878 0.00585449 -0.805984 -0.99087 0.101032 -0.0892657 21.1931
-0.0953204 0.00426839 0.995437 37.9345 0.100499 0.994922 0.00535736 -0.799953 -0.99036 0.100551 -0.0952655 21.0494
-0.0995597 0.00507689 0.995018 39.1932 0.10029 0.994946 0.0049583 -0.792951 -0.989964 0.100284 -0.0995657 20.8964
-0.103109 0.00693995 0.994646 40.4709 0.101496 0.994829 0.00358022 -0.785916 -0.989478 0.101322 -0.10328 20.7382
-0.105627 0.00897169 0.994365 41.7485 0.100882 0.994897 0.00173974 -0.781316 -0.989275 0.100497 -0.105993 20.5767
-0.108347 0.0101542 0.994061 43.0798 0.101452 0.99484 0.000895544 -0.775215 -0.988922 0.100947 -0.108818 20.406
-0.110187 0.00918844 0.993868 44.388 0.101029 0.994881 0.00200289 -0.778181 -0.988762 0.10063 -0.110551 20.2676
-0.112099 0.00731295 0.99367 45.7185 0.102016 0.994774 0.00418767 -0.786745 -0.988446 0.101839 -0.11226 20.1405
-0.114038 0.00579437 0.993459 47.1169 0.101842 0.994783 0.00588829 -0.789302 -0.988242 0.101848 -0.114034 19.982
-0.115879 0.0065462 0.993241 48.544 0.104375 0.994522 0.00562256 -0.784322 -0.987764 0.104321 -0.115927 19.8061
-0.117429 0.00610998 0.993062 49.9288 0.104372 0.994519 0.00622297 -0.793604 -0.987581 0.104379 -0.117423 19.69
-0.118776 0.00692905 0.992897 51.3492 0.105902 0.99436 0.00572928 -0.799627 -0.987257 0.10583 -0.11884 19.5612
-0.119267 0.00685003 0.992838 52.8088 0.105359 0.994417 0.00579561 -0.802426 -0.987256 0.105296 -0.119323 19.4132
-0.118579 0.00802068 0.992912 54.302 0.104965 0.994465 0.00450223 -0.804302 -0.987381 0.104755 -0.118765 19.2451
-0.117318 0.00790307 0.993063 55.7944 0.10532 0.994428 0.00452832 -0.805284 -0.987493 0.105121 -0.117496 19.0903
-0.115966 0.0067545 0.99323 57.3183 0.104181 0.994543 0.00540038 -0.805721 -0.987774 0.104102 -0.116037 18.9301
-0.114406 0.00744803 0.993406 58.8419 0.105434 0.994415 0.00468684 -0.810302 -0.987823 0.105275 -0.114553 18.775
-0.113567 0.00800221 0.993498 60.4317 0.105165 0.994446 0.00401157 -0.809407 -0.987948 0.104937 -0.113778 18.6088
-0.112654 0.00862607 0.993596 62.0215 0.106093 0.99435 0.00339622 -0.809549 -0.987953 0.105796 -0.112933 18.4443
-0.110894 0.00872975 0.993793 63.6115 0.105844 0.994378 0.00307596 -0.810453 -0.988179 0.105529 -0.111195 18.2828
-0.109832 0.00709439 0.993924 65.2475 0.107555 0.994187 0.00478894 -0.811439 -0.988113 0.107427 -0.109957 18.1136
-0.109009 0.00537609 0.994026 66.9212 0.109201 0.993997 0.00659958 -0.806767 -0.988024 0.109268 -0.108942 17.9303
-0.107715 0.00661347 0.994159 68.5947 0.110587 0.993851 0.00537038 -0.80453 -0.988011 0.11052 -0.107784 17.7494
-0.106266 0.00806135 0.994305 70.2397 0.112072 0.993692 0.00392122 -0.811383 -0.988001 0.11185 -0.106499 17.5961
-0.105164 0.00750519 0.994426 71.967 0.110846 0.993828 0.00422162 -0.812519 -0.988257 0.110672 -0.105347 17.4057
-0.105246 0.00709032 0.99442 73.6087 0.111771 0.993722 0.00474411 -0.836592 -0.988144 0.111646 -0.105378 17.3123
-0.105769 0.00615525 0.994371 75.2391 0.112672 0.993615 0.00583401 -0.866185 -0.987986 0.112654 -0.105787 17.2656
-0.106004 0.00638909 0.994345 76.8783 0.115093 0.993337 0.00588704 -0.897024 -0.987682 0.115066 -0.106033 17.2178
-0.106474 0.00631749 0.994295 78.5509 0.117455 0.993058 0.00626804 -0.933457 -0.987353 0.117453 -0.106477 17.1636
-0.107254 0.00805817 0.994198 80.2325 0.120406 0.992712 0.00494334 -0.972028 -0.986913 0.120238 -0.107443 17.1039
-0.108383 0.00854052 0.994072 81.9638 0.120971 0.992645 0.00466113 -1.00688 -0.986721 0.120759 -0.108619 17.0062
-0.110141 0.00849994 0.993879 83.6966 0.120359 0.992718 0.00484811 -1.04062 -0.986601 0.120157 -0.110362 16.9034
-0.111443 0.00807493 0.993737 85.4296 0.119588 0.992809 0.00534389 -1.07337 -0.986548 0.119435 -0.111608 16.7984
-0.111898 0.0064835 0.993698 87.1919 0.118922 0.992879 0.00691343 -1.09933 -0.986577 0.118946 -0.111873 16.6763
-0.112067 0.00566335 0.993684 89.0107 0.118339 0.992943 0.0076871 -1.10265 -0.986628 0.118453 -0.111946 16.4813
-0.111413 0.00421073 0.993765 90.8345 0.115289 0.993293 0.00871654 -1.10249 -0.987063 0.115541 -0.111152 16.2868
-0.111911 0.00474183 0.993706 92.6994 0.114732 0.993362 0.00818096 -1.09806 -0.987072 0.114926 -0.111712 16.0793
-0.113227 0.00564129 0.993553 94.5633 0.113892 0.993465 0.00733851 -1.09582 -0.987019 0.113989 -0.11313 15.8704
-0.116292 0.00637424 0.993194 96.4691 0.113922 0.993465 0.006963 -1.08618 -0.986659 0.113956 -0.116258 15.6431
-0.120018 0.00612466 0.992752 98.3929 0.112464 0.993627 0.00746612 -1.07595 -0.98638 0.112545 -0.119942 15.4036
-0.123745 0.00572276 0.992297 100.316 0.110607 0.993831 0.00806171 -1.06465 -0.98613 0.110753 -0.123614 15.1571
-0.126855 0.00698418 0.991896 102.24 0.109421 0.99397 0.00699524 -1.05571 -0.985867 0.109421 -0.126855 14.9048
-0.129909 0.00881203 0.991486 104.162 0.109641 0.993955 0.00553168 -1.04983 -0.985445 0.109427 -0.13009 14.6466
-0.132784 0.0110738 0.991083 106.086 0.109419 0.993989 0.00355349 -1.04852 -0.985086 0.108915 -0.133197 14.3821
-0.137008 0.0118383 0.990499 108.088 0.107971 0.994149 0.00305297 -1.04525 -0.984667 0.107364 -0.137485 14.0979
-0.141237 0.012049 0.989902 110.081 0.106151 0.994345 0.00304234 -1.04641 -0.984267 0.105509 -0.141718 13.8148
-0.146435 0.0115906 0.989152 112.112 0.104194 0.994549 0.00377118 -1.04845 -0.983717 0.103616 -0.146844 13.518
-0.151782 0.0113154 0.988349 114.131 0.103525 0.994616 0.00451123 -1.05369 -0.982977 0.103003 -0.152137 13.2202
-0.157547 0.0112915 0.987446 116.116 0.103482 0.994617 0.00513703 -1.05594 -0.982074 0.102992 -0.157868 12.9371
-0.162989 0.0128425 0.986544 118.114 0.103637 0.994606 0.00417462 -1.06147 -0.981169 0.102923 -0.163441 12.6285
-0.167336 0.013753 0.985803 120.124 0.103022 0.994672 0.00361092 -1.06746 -0.980502 0.102164 -0.167862 12.2855
-0.173018 0.0135332 0.984825 122.127 0.103231 0.994647 0.00446793 -1.07247 -0.979493 0.102438 -0.173489 11.9435
-0.178497 0.0137658 0.983844 124.164 0.102384 0.994734 0.00465712 -1.07584 -0.978598 0.101561 -0.178967 11.5959
-0.182154 0.0147932 0.983158 126.159 0.102459 0.994729 0.00401569 -1.08142 -0.977917 0.101465 -0.182709 11.212
-0.187074 0.0154894 0.982223 128.219 0.101852 0.994792 0.00371106 -1.08606 -0.977051 0.100736 -0.187677 10.8349
-0.191359 0.0145337 0.981412 130.33 0.102535 0.994715 0.00526178 -1.08635 -0.976149 0.101636 -0.191838 10.4129
-0.194947 0.0141791 0.980711 132.43 0.104019 0.994555 0.00629781 -1.08554 -0.975282 0.103241 -0.19536 9.98947
-0.197642 0.0152596 0.980155 134.529 0.10551 0.994401 0.00579406 -1.08574 -0.974579 0.104562 -0.198145 9.56009
-0.199735 0.0163344 0.979713 136.626 0.106201 0.994331 0.00507311 -1.08748 -0.974077 0.10506 -0.200338 9.12591
-0.202077 0.0162339 0.979235 138.746 0.105097 0.994448 0.00520188 -1.08744 -0.973714 0.103966 -0.202661 8.6779
-0.205076 0.0168388 0.978601 140.864 0.103466 0.994622 0.00456789 -1.08884 -0.973261 0.102189 -0.205715 8.22328
-0.207659 0.0168802 0.978055 142.929 0.101795 0.994795 0.00444385 -1.09904 -0.972889 0.100484 -0.208297 7.77947
-0.210914 0.0160196 0.977373 145.026 0.100473 0.994924 0.00537455 -1.10628 -0.972327 0.0993336 -0.211453 7.33187
-0.214268 0.0162788 0.976639 147.136 0.100342 0.994937 0.00543052 -1.11338 -0.971607 0.0991617 -0.214816 6.87156
-0.218397 0.01555 0.975736 149.288 0.09954 0.995012 0.00642256 -1.12909 -0.970769 0.0985274 -0.218855 6.39993
-0.224083 0.0143605 0.974464 151.419 0.0978315 0.995171 0.00783121 -1.14257 -0.969647 0.0970881 -0.224406 5.92175
-0.225964 0.0133671 0.974043 153.539 0.0966447 0.99528 0.0087617 -1.14553 -0.969329 0.096116 -0.22619 5.4156
-0.227807 0.0132223 0.973616 155.667 0.0969015 0.995251 0.00915687 -1.14497 -0.968872 0.0964309 -0.228007 4.9039
-0.230637 0.0140169 0.972938 157.82 0.0977633 0.99517 0.00883787 -1.14097 -0.968115 0.0971561 -0.230894 4.39904
-0.233377 0.0156328 0.97226 159.994 0.0981706 0.99514 0.00756372 -1.13484 -0.967417 0.0972126 -0.233777 3.88495
-0.236336 0.0173296 0.971516 162.183 0.0977363 0.995193 0.00602381 -1.13443 -0.966743 0.0963761 -0.236893 3.36801
-0.239031 0.0179611 0.970845 164.371 0.0976886 0.9952 0.00564011 -1.13484 -0.966085 0.0961888 -0.239638 2.84494
-0.24156 0.0191148 0.970197 166.557 0.0977132 0.995203 0.00472115 -1.13825 -0.965453 0.0959416 -0.242269 2.31385
-0.243906 0.0186665 0.969619 168.761 0.097251 0.995245 0.00530347 -1.14271 -0.96491 0.09559 -0.244562 1.76559
-0.247 0.0188837 0.968831 170.962 0.0971757 0.995252 0.00537591 -1.14765 -0.96413 0.0954747 -0.247663 1.2102
-0.249934 0.019567 0.968065 173.127 0.0992733 0.995044 0.00551789 -1.15575 -0.96316 0.0974821 -0.250638 0.64907
-0.251681 0.0193308 0.967617 175.309 0.10095 0.99487 0.00638208 -1.16119 -0.96253 0.0992868 -0.252341 0.0699087
-0.252554 0.0190704 0.967394 177.486 0.101889 0.99477 0.00698974 -1.16599 -0.962202 0.100333 -0.253176 -0.51298
-0.254233 0.0187093 0.966961 179.735 0.101768 0.994779 0.0075093 -1.16152 -0.961773 0.100315 -0.25481 -1.10107
-0.255767 0.0189939 0.966551 181.982 0.100216 0.994941 0.00696712 -1.15836 -0.961529 0.0986455 -0.256377 -1.69283
-0.257218 0.0207727 0.966129 184.234 0.0992421 0.99505 0.00502729 -1.15909 -0.961243 0.0971738 -0.258007 -2.29399
-0.258771 0.0229623 0.965665 186.48 0.0988444 0.995098 0.00282528 -1.16341 -0.960867 0.0961817 -0.259772 -2.90405
-0.260074 0.0241968 0.965285 188.738 0.0980318 0.995181 0.00146622 -1.17076 -0.960599 0.09501 -0.261193 -3.52922
-0.261307 0.0249194 0.964933 191.003 0.0962116 0.99536 0.000349315 -1.18212 -0.960448 0.0929291 -0.262493 -4.16415
-0.26355 0.0249243 0.964323 193.288 0.0962461 0.995357 0.000577649 -1.1873 -0.959832 0.0929646 -0.264725 -4.78649
-0.266358 0.0258367 0.963527 195.569 0.0970758 0.995276 0.000147677 -1.19314 -0.958973 0.0935746 -0.267608 -5.41537
-0.268537 0.0264106 0.962907 197.85 0.0977184 0.995213 -4.47798e-05 -1.19964 -0.958299 0.0940817 -0.269833 -6.04942
-0.270649 0.0275126 0.962284 200.128 0.0988047 0.995106 -0.000661571 -1.20895 -0.957594 0.0948993 -0.272043 -6.68941
-0.272384 0.0282599 0.961773 202.416 0.0980436 0.99518 -0.00147457 -1.22349 -0.95718 0.0938941 -0.273842 -7.34125
-0.273712 0.0286913 0.961383 204.711 0.0969646 0.995285 -0.00209659 -1.2436 -0.956911 0.0926463 -0.275204 -8.00558
-0.275207 0.029363 0.960936 207.004 0.0967484 0.995304 -0.00270496 -1.26527 -0.956504 0.0922247 -0.276755 -8.67368
-0.276478 0.0301877 0.960546 209.297 0.0973712 0.995242 -0.00325137 -1.28833 -0.956074 0.0926306 -0.278102 -9.34519
-0.277442 0.0301057 0.96027 211.6 0.0984854 0.995134 -0.0027443 -1.31105 -0.95568 0.0938113 -0.279057 -10.0188
-0.27896 0.0299471 0.959835 213.9 0.100212 0.994963 -0.00191815 -1.33299 -0.955059 0.0956521 -0.280557 -10.6977
-0.280305 0.0308043 0.959416 216.199 0.101235 0.994859 -0.00236528 -1.35612 -0.954557 0.0964637 -0.281982 -11.3801
-0.281332 0.0314459 0.959095 218.523 0.100764 0.994905 -0.00306296 -1.37985 -0.954305 0.0957802 -0.283067 -12.0741
-0.28293 0.0317961 0.958613 220.837 0.100145 0.994966 -0.00344444 -1.40539 -0.953897 0.0950261 -0.284691 -12.7608
-0.283255 0.033089 0.958473 223.11 0.100061 0.994969 -0.00477808 -1.43916 -0.95381 0.0945528 -0.285141 -13.4647
-0.283467 0.0341835 0.958372 225.382 0.0998773 0.994981 -0.00594765 -1.47569 -0.953766 0.0940337 -0.285458 -14.1693
-0.283107 0.0344918 0.958467 227.655 0.0978098 0.99518 -0.0069225 -1.51458 -0.954087 0.0917877 -0.285116 -14.8728
-0.283254 0.0358567 0.958374 229.937 0.0990421 0.99505 -0.00795645 -1.55577 -0.953916 0.0926657 -0.285403 -15.5801
-0.282688 0.0352049 0.958565 232.219 0.100593 0.994903 -0.00687383 -1.59413 -0.953922 0.0944818 -0.284789 -16.2857
-0.285321 0.0342184 0.957821 234.535 0.100276 0.994942 -0.0056738 -1.63542 -0.953171 0.0944279 -0.287309 -16.971
-0.287113 0.0345315 0.957274 236.757 0.101674 0.994802 -0.0053904 -1.6739 -0.952485 0.0957825 -0.289131 -17.663
-0.290676 0.0349472 0.956183 239.121 0.0996761 0.995 -0.00606474 -1.70821 -0.951615 0.0935457 -0.292707 -18.357
-0.294934 0.0350027 0.954876 241.45 0.0980253 0.995164 -0.0062023 -1.74204 -0.950475 0.0917728 -0.296939 -19.0568
-0.299251 0.0345815 0.953547 243.817 0.0969178 0.995275 -0.00567923 -1.77749 -0.949239 0.0907162 -0.301189 -19.7792
-0.303172 0.0351611 0.952286 246.171 0.0962492 0.995337 -0.0061086 -1.81169 -0.948062 0.0898049 -0.305143 -20.5214
-0.306983 0.034904 0.951074 248.522 0.0958183 0.995382 -0.00560235 -1.84451 -0.946878 0.0894105 -0.308911 -21.2729
-0.310407 0.034462 0.949978 250.823 0.0944702 0.995513 -0.00524559 -1.87822 -0.945897 0.0881164 -0.31227 -22.0277
-0.314384 0.0338352 0.948692 253.081 0.0934595 0.995612 -0.00453737 -1.92956 -0.944683 0.0872379 -0.316167 -22.7712
-0.319637 0.0339888 0.94693 255.34 0.0935159 0.995608 -0.00416969 -1.97719 -0.942913 0.0872202 -0.321412 -23.5235
-0.323576 0.033815 0.945597 257.626 0.0938548 0.995579 -0.003486 -2.02179 -0.941535 0.0876209 -0.32532 -24.2882
-0.329085 0.0334697 0.943706 259.908 0.0938429 0.995583 -0.00258512 -2.06453 -0.939625 0.0877094 -0.330773 -25.0657
-0.33468 0.033673 0.94173 262.193 0.0921108 0.995744 -0.00286923 -2.09682 -0.937819 0.0857833 -0.336357 -25.8408
-0.339449 0.0339518 0.940011 264.473 0.0929068 0.995671 -0.0024125 -2.12798 -0.936024 0.0865145 -0.341134 -26.6275
-0.343749 0.0349833 0.938409 266.776 0.0937156 0.995594 -0.00278625 -2.15177 -0.934373 0.0869858 -0.345513 -27.4412
-0.347584 0.0361004 0.936953 269.075 0.0946682 0.995503 -0.00323712 -2.17677 -0.932857 0.0875745 -0.349438 -28.2647
-0.351044 0.0382497 0.935577 271.38 0.0970752 0.995267 -0.00426588 -2.20442 -0.931313 0.0893238 -0.353096 -29.1156
-0.354011 0.0389071 0.934431 273.682 0.0978213 0.995193 -0.0043773 -2.2322 -0.930111 0.0898577 -0.356115 -29.9752
-0.357751 0.0415347 0.932892 275.948 0.0997777 0.99499 -0.00603618 -2.26383 -0.92847 0.0909224 -0.360103 -30.7876
-0.360445 0.0428273 0.931796 278.258 0.10054 0.994908 -0.0068363 -2.29319 -0.927345 0.0912188 -0.362916 -31.6697
-0.363584 0.0427264 0.930581 280.57 0.100814 0.994884 -0.0062903 -2.31777 -0.92609 0.0915284 -0.366031 -32.5662
-0.366386 0.043912 0.929426 282.866 0.101088 0.994851 -0.0071537 -2.34636 -0.924955 0.0913327 -0.368938 -33.4756
-0.369072 0.0437623 0.92837 285.165 0.0999994 0.994961 -0.00714684 -2.37523 -0.924005 0.0901987 -0.371588 -34.394
-0.371778 0.0450267 0.927229 287.461 0.101105 0.994844 -0.00777167 -2.40576 -0.922799 0.0908578 -0.374414 -35.3194
-0.374412 0.0454236 0.926149 289.76 0.100277 0.994924 -0.00825795 -2.43846 -0.921824 0.0897798 -0.377066 -36.2489
-0.375769 0.0456334 0.925589 292.059 0.0991509 0.995032 -0.00880407 -2.47249 -0.921393 0.0884647 -0.378427 -37.1818
-0.376523 0.0464464 0.925242 294.357 0.101023 0.994844 -0.00882975 -2.50656 -0.920882 0.0901456 -0.379274 -38.1171
-0.376131 0.0478581 0.925329 296.665 0.104471 0.994486 -0.00896937 -2.54164 -0.920657 0.093296 -0.379057 -39.0853
-0.375228 0.047689 0.925705 298.978 0.105497 0.994383 -0.00846446 -2.57628 -0.920909 0.0944832 -0.378152 -40.0536
-0.376364 0.0470009 0.925278 301.292 0.104768 0.994464 -0.0079001 -2.6052 -0.920528 0.0939662 -0.379205 -41.0185
-0.376457 0.04686 0.925248 303.602 0.105151 0.994426 -0.00758067 -2.63393 -0.920447 0.0944371 -0.379286 -41.9779
-0.376782 0.0471438 0.925101 305.949 0.106735 0.99426 -0.00719634 -2.65928 -0.920131 0.0960294 -0.379652 -42.9531
-0.376369 0.0467988 0.925287 308.298 0.106607 0.994276 -0.00692465 -2.68418 -0.920315 0.0960362 -0.379204 -43.9276
-0.375773 0.0477761 0.925479 310.648 0.106101 0.99432 -0.00824973 -2.71259 -0.920617 0.0950939 -0.378708 -44.9009
-0.37613 0.0496786 0.925234 312.997 0.10501 0.994413 -0.010704 -2.7473 -0.920596 0.0931325 -0.379245 -45.8755
-0.377365 0.0500321 0.924712 315.345 0.104498 0.994461 -0.0111615 -2.78313 -0.920149 0.0924184 -0.380504 -46.8534
-0.379669 0.0489622 0.923826 317.69 0.102963 0.99463 -0.0103995 -2.81707 -0.919374 0.0911719 -0.382671 -47.8365
-0.384449 0.0467776 0.92196 320.153 0.100485 0.9949 -0.00857695 -2.84529 -0.91766 0.0893462 -0.387189 -48.8519
-0.387376 0.046098 0.920768 322.564 0.0998215 0.994974 -0.00781723 -2.8758 -0.916501 0.0888842 -0.390031 -49.8854
-0.389672 0.0466862 0.919769 324.979 0.100676 0.994887 -0.00784657 -2.90695 -0.915434 0.089541 -0.39238 -50.9256
-0.392201 0.04719 0.918668 327.414 0.10226 0.994729 -0.00744003 -2.93811 -0.914177 0.0910245 -0.39496 -51.9818
-0.394129 0.0469706 0.917854 329.799 0.101949 0.994763 -0.00712923 -2.96867 -0.913382 0.0907645 -0.396854 -52.978
-0.396045 0.0459518 0.91708 332.179 0.101865 0.99478 -0.0058541 -2.9989 -0.912563 0.0911003 -0.398658 -53.9444
-0.399586 0.0455479 0.915563 334.578 0.103363 0.994633 -0.00437018 -3.04184 -0.910849 0.0928889 -0.40215 -54.9136
-0.404363 0.044374 0.913521 337.018 0.102788 0.994698 -0.00281913 -3.0879 -0.908804 0.0927586 -0.406781 -55.8939
-0.409842 0.043229 0.911132 339.504 0.100482 0.994936 -0.00200662 -3.11368 -0.906604 0.0907302 -0.41211 -56.9439
-0.415389 0.04303 0.908625 341.97 0.100074 0.994978 -0.00136963 -3.14227 -0.904122 0.0903605 -0.417609 -57.9888
-0.421068 0.0427566 0.906021 344.449 0.100429 0.994943 -0.000279482 -3.16947 -0.901451 0.0908727 -0.423233 -59.0709
-0.427015 0.0414138 0.903296 346.915 0.099676 0.995018 0.00150071 -3.1912 -0.898733 0.0906776 -0.429015 -60.166
-0.432313 0.0401802 0.900828 349.365 0.0974603 0.995235 0.00238069 -3.21499 -0.896441 0.0888241 -0.43417 -61.2657
-0.436947 0.0383392 0.89867 351.82 0.0960835 0.995363 0.00425285 -3.23572 -0.89434 0.0882055 -0.438605 -62.3921
-0.440995 0.0373812 0.896731 354.27 0.095877 0.995376 0.00565704 -3.25319 -0.892373 0.0884705 -0.44254 -63.5229
-0.44524 0.0367171 0.894658 356.764 0.0927706 0.995672 0.00530592 -3.26446 -0.890592 0.0853603 -0.44672 -64.7206
-0.449277 0.0354274 0.892689 359.199 0.0883437 0.996077 0.00493154 -3.28362 -0.889013 0.0810791 -0.450645 -65.8712
-0.453442 0.0352714 0.890587 361.691 0.0852818 0.996348 0.00396107 -3.3026 -0.887196 0.0777469 -0.454794 -67.106
-0.458218 0.032738 0.888237 364.2 0.0826509 0.99656 0.00590682 -3.31377 -0.884988 0.0761201 -0.459347 -68.3852
-0.464821 0.0305704 0.884877 366.577 0.0812201 0.996661 0.00823219 -3.31998 -0.881671 0.0756962 -0.465752 -69.4136
-0.470788 0.0308765 0.881706 368.932 0.080441 0.996726 0.00804703 -3.32481 -0.878571 0.0747136 -0.47173 -70.4778
-0.477188 0.0326933 0.878193 371.269 0.0800216 0.996772 0.00637385 -3.33518 -0.87515 0.0733158 -0.478264 -71.5108
-0.485363 0.0281731 0.873859 373.598 0.0745535 0.997173 0.00926009 -3.34141 -0.871128 0.0696436 -0.486092 -72.5579
-0.491647 0.026422 0.870394 376.022 0.0715603 0.997383 0.0101442 -3.33982 -0.867849 0.0672729 -0.492251 -73.8261
-0.497856 0.0258922 0.866873 378.448 0.0697966 0.997507 0.0102909 -3.33358 -0.864446 0.0656281 -0.498422 -75.1212
-0.499368 0.0259594 0.866001 380.797 0.0698227 0.997504 0.0103609 -3.34205 -0.863571 0.0656403 -0.499935 -76.4809
-0.502778 0.0253423 0.864044 383.206 0.0686752 0.99758 0.0107024 -3.33334 -0.861683 0.0647192 -0.503302 -77.8422
-0.505958 0.0250738 0.862194 385.564 0.0686336 0.997577 0.0112649 -3.33283 -0.859823 0.064875 -0.506453 -79.2058
-0.509244 0.0242747 0.86028 387.918 0.0660766 0.997753 0.0109602 -3.33305 -0.858082 0.0624257 -0.509704 -80.5783
-0.509528 0.02353 0.860132 390.166 0.0581223 0.998283 0.00712133 -3.33295 -0.858488 0.0536212 -0.510021 -81.9573
-0.513213 0.0270477 0.857835 392.554 0.0498826 0.998752 -0.00164786 -3.35353 -0.85681 0.0419452 -0.513922 -83.3298
-0.516572 0.0364334 0.855468 394.898 0.0598999 0.998183 -0.00634107 -3.39462 -0.854145 0.0479667 -0.517816 -84.7206
-0.516567 0.0369985 0.855447 397.186 0.0683724 0.997657 -0.00186217 -3.43684 -0.853512 0.0575269 -0.517886 -86.1134
-0.518324 0.0273409 0.854747 399.521 0.0675585 0.997673 0.00905514 -3.45514 -0.852511 0.0624389 -0.518965 -87.525
-0.521725 0.0169687 0.852945 401.865 0.0611205 0.997975 0.0175318 -3.43783 -0.850921 0.0612791 -0.521706 -88.9201
-0.524161 0.0113348 0.851543 404.158 0.0560839 0.998199 0.0212351 -3.42428 -0.84977 0.0588883 -0.523853 -90.3217
-0.527326 0.0107278 0.849595 406.497 0.0545954 0.99828 0.0212809 -3.39923 -0.847907 0.0576058 -0.527005 -91.7312
-0.529839 0.0156268 0.847954 408.783 0.0602825 0.997994 0.0192752 -3.38513 -0.845953 0.0613295 -0.529719 -93.1346
-0.531706 0.0225085 0.84663 411.09 0.0654418 0.997749 0.0145729 -3.36622 -0.844397 0.0631534 -0.531982 -94.5927
-0.534243 0.0250328 0.84496 413.359 0.0666948 0.997692 0.0126114 -3.36934 -0.842696 0.0630919 -0.53468 -96.0029
-0.536486 0.0251987 0.843533 415.632 0.0670018 0.997669 0.0128098 -3.36905 -0.841245 0.0633904 -0.536924 -97.4477
-0.539325 0.0248757 0.84173 417.917 0.0686674 0.997533 0.0145174 -3.36002 -0.839293 0.0656289 -0.539703 -98.899
-0.541413 0.0241613 0.84041 420.184 0.0695711 0.997445 0.0161433 -3.34675 -0.837873 0.0672083 -0.541711 -100.346
-0.543324 0.0250082 0.83915 422.492 0.0703655 0.997394 0.0158353 -3.32547 -0.836569 0.0676509 -0.543668 -101.828
-0.544418 0.0254553 0.838428 424.772 0.0706173 0.997381 0.0155728 -3.30957 -0.835836 0.0676855 -0.54479 -103.302
-0.546396 0.0264167 0.83711 427.032 0.0719204 0.997289 0.0154722 -3.30122 -0.834433 0.0686592 -0.546815 -104.758
-0.547903 0.0258565 0.836142 429.296 0.0735663 0.997138 0.0173711 -3.28775 -0.8333 0.0710294 -0.548238 -106.223
-0.551907 0.024481 0.833546 431.565 0.0744236 0.997025 0.019995 -3.27496 -0.830577 0.0730708 -0.552088 -107.647
-0.553409 0.0239342 0.832565 433.804 0.076348 0.996835 0.0220921 -3.25214 -0.829403 0.0757906 -0.553485 -109.118
-0.553045 0.0247485 0.832784 435.994 0.0763753 0.996854 0.0210958 -3.24293 -0.829643 0.075271 -0.553196 -110.589
-0.554086 0.0259271 0.832056 438.224 0.0738243 0.997106 0.0180912 -3.23008 -0.829179 0.0714499 -0.554397 -112.071
-0.554835 0.0256449 0.831565 440.451 0.0711818 0.997321 0.0167369 -3.21972 -0.828909 0.0684784 -0.555175 -113.55
-0.553618 0.0261505 0.83236 442.699 0.0720214 0.997264 0.0165714 -3.19463 -0.82965 0.0691218 -0.553988 -115.094
-0.555276 0.02563 0.831271 444.939 0.0704275 0.997382 0.0162928 -3.18695 -0.828679 0.0675912 -0.555628 -116.558
-0.557342 0.0251364 0.829902 447.218 0.0675773 0.997597 0.0151675 -3.16781 -0.827528 0.0645359 -0.557702 -118.06
-0.559843 0.0252861 0.828213 449.441 0.0669759 0.997643 0.0148144 -3.15909 -0.825887 0.0637638 -0.560218 -119.509
-0.564792 0.0235982 0.824896 451.686 0.0675264 0.997559 0.0176964 -3.16193 -0.822466 0.0656969 -0.565007 -120.943
-0.569039 0.0218173 0.822021 453.953 0.0698476 0.997316 0.0218817 -3.14832 -0.819339 0.0698676 -0.569036 -122.414
-0.56989 0.0209474 0.821454 456.191 0.0752237 0.996806 0.026768 -3.1093 -0.81827 0.0770475 -0.569647 -123.944
-0.569725 0.0192073 0.821611 458.452 0.0776974 0.996506 0.0305813 -3.0522 -0.818154 0.0812598 -0.569228 -125.491
-0.568865 0.0171435 0.822252 460.653 0.0719338 0.996987 0.0289799 -3.0127 -0.819279 0.0756333 -0.568385 -126.989
-0.568626 0.0176209 0.822407 462.86 0.0649328 0.997611 0.0235208 -2.98231 -0.820029 0.0667756 -0.568413 -128.493
-0.56791 0.0161608 0.822932 465.063 0.0601219 0.997949 0.0218925 -2.9605 -0.820892 0.0619091 -0.567718 -129.974
-0.566407 0.01631 0.823965 467.299 0.0578261 0.998125 0.0199932 -2.92835 -0.822094 0.0589708 -0.566289 -131.477
-0.563097 0.0169717 0.826216 469.492 0.0608792 0.997923 0.0209925 -2.91375 -0.824145 0.0621201 -0.562961 -132.993
-0.559629 0.0159399 0.82859 471.734 0.0593698 0.998016 0.0208991 -2.87356 -0.826614 0.0608888 -0.559465 -134.516
-0.556667 0.0174184 0.830553 473.954 0.0574852 0.99819 0.0175945 -2.85415 -0.828744 0.0575386 -0.556661 -136.018
-0.55435 0.0139753 0.832167 476.177 0.0517079 0.998504 0.0176766 -2.83641 -0.830676 0.0528285 -0.554244 -137.516
-0.55472 0.00879288 0.831991 478.429 0.0433917 0.998888 0.018374 -2.82447 -0.830905 0.0462938 -0.554485 -138.971
-0.554473 0.00640466 0.832177 480.671 0.0365867 0.99919 0.0166873 -2.80933 -0.831397 0.0396991 -0.554258 -140.439
-0.553856 0.00602271 0.832591 482.909 0.0347472 0.999268 0.015886 -2.7969 -0.831887 0.0377286 -0.553661 -141.907
-0.553332 0.00727553 0.832929 485.143 0.038959 0.999092 0.0171542 -2.79051 -0.832049 0.0419419 -0.553114 -143.378
-0.55175 0.00545289 0.833992 487.409 0.0405497 0.99897 0.0202951 -2.78086 -0.833023 0.0450157 -0.551403 -144.87
-0.548261 0.00336593 0.836301 489.69 0.0391209 0.998999 0.021626 -2.74674 -0.835392 0.0445734 -0.547844 -146.4
-0.544636 0.00451991 0.838661 491.783 0.0397234 0.999001 0.0204127 -2.7249 -0.837731 0.0444318 -0.544272 -147.899
-0.541721 0.00629041 0.840535 493.935 0.0403103 0.999014 0.0185033 -2.70333 -0.839591 0.0439057 -0.541441 -149.373
-0.539245 0.0082574 0.842109 496.157 0.0420662 0.998966 0.0171416 -2.6889 -0.841098 0.0446677 -0.539035 -150.838
-0.537854 0.00767987 0.843003 498.484 0.0425793 0.998928 0.0180661 -2.67921 -0.841962 0.0456113 -0.537605 -152.301
-0.538761 0.00762828 0.842425 500.701 0.0469214 0.998677 0.0209647 -2.69859 -0.841151 0.0508225 -0.538406 -153.654
-0.54048 0.00770783 0.841322 503.016 0.0465424 0.998699 0.0207499 -2.66886 -0.840069 0.0503718 -0.540136 -155.064
-0.542042 0.00699292 0.840322 505.331 0.0456507 0.998732 0.0211353 -2.64353 -0.83911 0.0498174 -0.541675 -156.473
-0.540278 0.00669765 0.84146 507.56 0.0472255 0.998632 0.0223734 -2.61799 -0.84016 0.0518261 -0.539855 -157.938
-0.538507 0.00615618 0.842599 509.836 0.0457267 0.998712 0.0219272 -2.56534 -0.841379 0.0503371 -0.538095 -159.402
-0.5373 0.00775572 0.843356 512.124 0.0452893 0.998779 0.0196686 -2.52857 -0.842174 0.0487628 -0.536995 -160.852
-0.537119 0.00939228 0.843454 514.361 0.0453796 0.99881 0.0177758 -2.50872 -0.842285 0.0478232 -0.536907 -162.256
-0.536768 0.00920379 0.84368 516.598 0.0460101 0.99877 0.0183769 -2.48713 -0.842475 0.0486818 -0.536531 -163.658
-0.535768 0.00849209 0.844323 518.794 0.0476636 0.998658 0.0202006 -2.48057 -0.843019 0.0510661 -0.535454 -165.08
-0.535163 0.00668598 0.844723 520.964 0.0442438 0.998816 0.0201244 -2.46472 -0.843589 0.0481434 -0.534826 -166.382
-0.535141 0.00700769 0.844734 523.236 0.0450129 0.99878 0.0202301 -2.43869 -0.843563 0.0488497 -0.534804 -167.831
-0.534625 0.00751155 0.845056 525.5 0.0454199 0.998769 0.0198569 -2.41848 -0.843868 0.0489982 -0.534309 -169.266
-0.533967 0.00751321 0.845472 527.775 0.0455049 0.998765 0.0198636 -2.39286 -0.84428 0.0490795 -0.53365 -170.716
-0.533387 0.00595999 0.84585 530.012 0.045128 0.99875 0.0214199 -2.36982 -0.844667 0.0495965 -0.53299 -172.128
-0.532723 0.00487172 0.846276 532.188 0.0462905 0.998653 0.0233905 -2.34543 -0.845023 0.051635 -0.532231 -173.549
-0.530483 0.00836624 0.847654 534.424 0.0500047 0.998517 0.0214389 -2.30789 -0.846219 0.0537596 -0.530116 -174.985
-0.529204 0.00868081 0.84845 536.736 0.0490078 0.998589 0.0203506 -2.26729 -0.847078 0.0523502 -0.528883 -176.442
-0.527083 0.00956816 0.84976 539.119 0.0478979 0.99868 0.0184647 -2.23464 -0.848463 0.0504341 -0.526846 -177.886
-0.524843 0.0117763 0.851118 541.354 0.0506411 0.998564 0.0174113 -2.20427 -0.849691 0.0522396 -0.524686 -179.337
-0.522789 0.0122622 0.852374 543.632 0.0514844 0.998524 0.0172122 -2.18139 -0.850906 0.0528822 -0.522649 -180.779
-0.525146 0.0114468 0.850935 545.96 0.0501436 0.998587 0.0175125 -2.18081 -0.849533 0.0518655 -0.524979 -182.143
-0.527086 0.0123372 0.849723 548.208 0.0513614 0.998528 0.0173618 -2.17585 -0.848258 0.052794 -0.526944 -183.504
-0.527897 0.0116249 0.849229 550.467 0.0518205 0.998483 0.0185445 -2.16162 -0.847726 0.0537969 -0.527698 -184.894
-0.526795 0.0109382 0.849922 552.71 0.0526093 0.998418 0.0197586 -2.14606 -0.848363 0.0551224 -0.526537 -186.306
-0.528849 0.0087659 0.848671 555.078 0.0498708 0.998538 0.020763 -2.12346 -0.84725 0.0533043 -0.528513 -187.649
-0.529058 0.0101735 0.848525 557.359 0.0510871 0.998495 0.0198813 -2.09894 -0.847046 0.0538669 -0.528782 -189.066
-0.528129 0.0118063 0.849082 559.585 0.054688 0.998299 0.0201348 -2.08639 -0.847401 0.0570683 -0.527877 -190.494
-0.5261 0.0121313 0.850336 561.862 0.0563127 0.998199 0.0205996 -2.06121 -0.848556 0.0587221 -0.525836 -191.947
-0.523357 0.0113766 0.852038 564.144 0.0563523 0.998183 0.0212858 -2.03395 -0.850248 0.0591542 -0.523047 -193.393
-0.521966 0.0115189 0.852889 566.396 0.0573367 0.99812 0.0216095 -2.01324 -0.851037 0.0601812 -0.521645 -194.804
-0.520737 0.0115711 0.853639 568.652 0.0570351 0.998144 0.0212626 -1.99368 -0.851809 0.0597594 -0.520431 -196.172
-0.520865 0.0100003 0.85358 570.925 0.0560566 0.998172 0.022512 -1.9717 -0.851796 0.0595744 -0.520474 -197.554
-0.521412 0.00862684 0.853261 573.196 0.0570016 0.998066 0.0247417 -1.94357 -0.851399 0.0615377 -0.520896 -198.937
-0.521476 0.00760047 0.853232 575.481 0.0565785 0.998066 0.0256888 -1.90729 -0.851388 0.0616706 -0.520899 -200.326
-0.523022 0.00958947 0.852265 577.762 0.0570046 0.99809 0.0237525 -1.87636 -0.85041 0.0610059 -0.52257 -201.72
-0.527457 0.0120445 0.849496 580.106 0.056192 0.998203 0.0207369 -1.83779 -0.847721 0.0586726 -0.527186 -203.095
-0.530461 0.0114594 0.847631 582.545 0.051571 0.998491 0.0187749 -1.80392 -0.846139 0.0536724 -0.530253 -204.441
-0.542835 0.0117358 0.839757 584.936 0.0537269 0.998338 0.020778 -1.78071 -0.838119 0.0563965 -0.542564 -205.825
-0.543897 0.0101515 0.83909 587.195 0.0545638 0.998237 0.0232912 -1.76343 -0.837376 0.0584518 -0.543493 -207.243
-0.54198 0.0128754 0.840292 589.402 0.0575671 0.998101 0.0218367 -1.72945 -0.838417 0.0602081 -0.541693 -208.715
-0.542975 0.0139149 0.839633 591.67 0.0572579 0.998148 0.0204856 -1.6972 -0.837794 0.0591987 -0.542767 -210.152
-0.54287 0.0149175 0.839684 593.958 0.058849 0.998059 0.0203157 -1.68194 -0.837752 0.0604432 -0.542694 -211.637
-0.543055 0.0143088 0.839575 596.224 0.0592508 0.998014 0.0213156 -1.66315 -0.837604 0.0613209 -0.542825 -213.091
-0.543315 0.0125063 0.839436 598.509 0.0588292 0.997997 0.0232078 -1.63134 -0.837465 0.0619924 -0.542963 -214.547
-0.544326 0.011613 0.838793 600.752 0.0592827 0.997935 0.0246546 -1.61577 -0.836776 0.0631459 -0.543892 -215.967
-0.540287 0.011314 0.841404 602.98 0.0569476 0.998107 0.0231463 -1.55871 -0.839551 0.0604215 -0.53991 -217.462
-0.534869 0.0123227 0.844845 605.192 0.0581913 0.998055 0.0222832 -1.51558 -0.842928 0.0610811 -0.534546 -218.973
-0.529543 0.0118601 0.8482 607.446 0.0587467 0.998013 0.0227213 -1.47115 -0.846246 0.0618607 -0.529188 -220.474
-0.525507 0.0123029 0.8507 609.714 0.0591499 0.998003 0.0221056 -1.43796 -0.848731 0.0619353 -0.525185 -221.959
-0.522865 0.0123693 0.852325 611.983 0.0598504 0.997958 0.0222327 -1.40526 -0.850311 0.0626366 -0.522539 -223.414
-0.521437 0.0131652 0.853188 614.294 0.0606599 0.997922 0.0216745 -1.38534 -0.851131 0.063056 -0.521152 -224.855
-0.52038 0.0136605 0.853825 616.62 0.0615118 0.997873 0.0215243 -1.37052 -0.851716 0.0637209 -0.520114 -226.255
-0.517188 0.0150195 0.85574 618.919 0.0645356 0.997683 0.0214929 -1.34448 -0.853435 0.0663414 -0.516959 -227.702
-0.515129 0.0142506 0.856994 621.216 0.0648423 0.997643 0.0223864 -1.3207 -0.854656 0.0671012 -0.514839 -229.109
-0.51403 0.0141727 0.857655 623.451 0.0661525 0.997539 0.0231637 -1.28804 -0.855218 0.0686427 -0.513703 -230.454
-0.51105 0.0195089 0.859329 625.646 0.071012 0.997282 0.0195905 -1.27264 -0.856612 0.0710343 -0.511046 -231.798
-0.505277 0.0173124 0.862783 627.872 0.0661109 0.997636 0.0186985 -1.24239 -0.860421 0.0664872 -0.505227 -233.116
-0.505211 0.0169807 0.862828 630.161 0.0656689 0.997663 0.0188167 -1.22835 -0.860493 0.0661673 -0.505146 -234.443
-0.505813 0.0163365 0.862488 632.452 0.0652263 0.997681 0.0193552 -1.21793 -0.860173 0.0660469 -0.505706 -235.751
-0.505928 0.0158316 0.86243 634.759 0.0645559 0.997721 0.0195552 -1.19772 -0.860156 0.0655684 -0.505797 -237.081
-0.505751 0.0150445 0.862548 637.072 0.0638078 0.99776 0.0200105 -1.1766 -0.860316 0.0651575 -0.505579 -238.424
-0.507144 0.0149851 0.861731 639.304 0.0640067 0.997741 0.0203187 -1.16482 -0.859481 0.0654609 -0.506958 -239.73
-0.508593 0.0158473 0.860861 641.584 0.0638257 0.997772 0.0193402 -1.15335 -0.858638 0.0647811 -0.508472 -241.034
-0.508686 0.0163727 0.860796 643.924 0.0638 0.997786 0.0187241 -1.12327 -0.858585 0.0644433 -0.508605 -242.409
-0.508015 0.0156013 0.861207 646.265 0.0637012 0.997777 0.0195011 -1.09113 -0.858989 0.0647666 -0.50788 -243.783
-0.506105 0.0145141 0.862349 648.527 0.0627003 0.997831 0.0200038 -1.06451 -0.860189 0.0641934 -0.505918 -245.153
-0.504878 0.0154755 0.863052 650.81 0.0618024 0.99792 0.01826 -1.04226 -0.860975 0.0625576 -0.504785 -246.507
-0.504615 0.0175826 0.863165 653.099 0.0624289 0.997917 0.016169 -1.02658 -0.861084 0.0620455 -0.504663 -247.856
-0.505433 0.0190537 0.862655 655.381 0.0626008 0.99793 0.0146364 -1.01956 -0.860592 0.0614005 -0.50558 -249.152
-0.506426 0.0190989 0.862072 657.69 0.0637131 0.997849 0.0153213 -1.01602 -0.859926 0.0626842 -0.506554 -250.485
-0.50676 0.018345 0.861892 660.003 0.0643175 0.99779 0.0165787 -1.00841 -0.859684 0.063836 -0.50682 -251.832
-0.507184 0.0181624 0.861646 662.358 0.0637583 0.997828 0.0164966 -0.985004 -0.859476 0.0633038 -0.50724 -253.165
-0.501067 0.0190208 0.865199 664.604 0.0643632 0.997807 0.0153388 -0.943008 -0.863011 0.0633726 -0.501193 -254.61
-0.499801 0.0197871 0.865914 666.909 0.0647168 0.997796 0.0145534 -0.930401 -0.863719 0.0633128 -0.49998 -255.962
-0.499656 0.0204623 0.865982 669.256 0.0639332 0.997864 0.0133097 -0.919383 -0.863861 0.0620152 -0.499897 -257.287
-0.499892 0.0203463 0.865849 671.558 0.0642548 0.997839 0.0136491 -0.918665 -0.863701 0.0624578 -0.500119 -258.603
-0.499989 0.0201539 0.865797 673.863 0.0644345 0.997822 0.013983 -0.916259 -0.863631 0.0627784 -0.500199 -259.921
-0.500398 0.020262 0.865558 676.163 0.0649379 0.997787 0.0141846 -0.913181 -0.863356 0.0633053 -0.500607 -261.239
-0.503349 0.020203 0.863847 678.53 0.0629747 0.997924 0.0133556 -0.905422 -0.861785 0.0611229 -0.503577 -262.517
-0.504535 0.021832 0.863115 680.899 0.0630843 0.997939 0.0116336 -0.89734 -0.861084 0.0603185 -0.504872 -263.857
-0.505193 0.0218789 0.862729 683.261 0.0624624 0.997982 0.0112674 -0.892221 -0.860743 0.0595802 -0.505541 -265.19
-0.504021 0.0226111 0.863395 685.567 0.0632598 0.997937 0.0107943 -0.881017 -0.861371 0.0600586 -0.504412 -266.543
-0.503078 0.0225359 0.863947 687.856 0.0631751 0.997943 0.0107557 -0.884665 -0.861929 0.0599907 -0.503467 -267.863
-0.503113 0.0236982 0.863896 690.127 0.063238 0.997952 0.00945262 -0.89264 -0.861904 0.0593867 -0.503581 -269.198
-0.503774 0.0254787 0.86346 692.44 0.0641863 0.997904 0.00800267 -0.900771 -0.861447 0.0594536 -0.504354 -270.515
-0.504436 0.02527 0.863079 694.717 0.0646324 0.997871 0.00855844 -0.922103 -0.861027 0.0600999 -0.504996 -271.813
-0.504731 0.0249539 0.862916 696.987 0.0665433 0.997731 0.0100695 -0.938193 -0.860708 0.0625036 -0.505247 -273.125
-0.50614 0.0236524 0.862127 699.365 0.065749 0.997772 0.0112262 -0.956397 -0.859941 0.0623658 -0.506567 -274.447
-0.505392 0.0228441 0.862588 701.624 0.0648021 0.99783 0.0115419 -0.968064 -0.860453 0.0617305 -0.505776 -275.776
