1 0 0 0 0 1 0 0 0 0 1 0
0.999999 0.00149372 -0.000788489 -0.0130749 -0.00149152 0.999995 0.00278563 -0.0407077 0.000792646 -0.00278445 0.999996 1.60113
0.999996 0.00102211 -0.00272111 -0.00797251 -0.00101217 0.999993 0.00365361 -0.0569129 0.00272482 -0.00365084 0.99999 3.18311
0.999985 0.00222749 -0.00498865 0.000794888 -0.00221074 0.999992 0.00336031 -0.0705722 0.00499609 -0.00334924 0.999982 4.7317
0.999973 0.00268641 -0.00679192 -0.00447989 -0.00266511 0.999992 0.00314372 -0.0842853 0.00680031 -0.00312553 0.999972 6.28238
0.99996 0.00294712 -0.00840869 -0.0154597 -0.00291926 0.99999 0.00332381 -0.0947999 0.0084184 -0.00329913 0.999959 7.83257
0.999948 0.00248432 -0.00992778 -0.0418676 -0.00245246 0.999992 0.00322031 -0.104355 0.0099357 -0.00319579 0.999945 9.34235
0.999945 0.00072506 -0.0104476 -0.0790438 -0.000700516 0.999997 0.00235265 -0.119339 0.0104493 -0.00234521 0.999943 10.8485
0.999952 -0.000623994 -0.009771 -0.139347 0.000648041 0.999997 0.00245809 -0.132331 0.00976943 -0.00246431 0.999949 12.3558
0.999959 -0.000860213 -0.00898342 -0.189842 0.000883859 0.999996 0.00262857 -0.151968 0.00898112 -0.00263641 0.999956 13.8345
0.999961 -8.49326e-05 -0.00888499 -0.229553 0.000108607 0.999996 0.00266415 -0.17009 0.00888473 -0.002665 0.999957 15.3381
0.999961 0.0012595 -0.00877178 -0.266572 -0.0012312 0.999994 0.00323058 -0.184553 0.00877579 -0.00321965 0.999956 16.8658
0.99996 0.00282443 -0.0084924 -0.300226 -0.00279029 0.999988 0.00402935 -0.196949 0.00850367 -0.00400549 0.999956 18.3935
0.999956 0.00356515 -0.00872955 -0.321321 -0.00352369 0.999982 0.00476048 -0.205694 0.00874637 -0.0047295 0.99995 19.9075
0.999954 0.0036011 -0.00891727 -0.340746 -0.00356035 0.999983 0.00458219 -0.215529 0.00893362 -0.00455023 0.99995 21.4187
0.999946 0.00477678 -0.00921665 -0.358553 -0.00473379 0.999978 0.00467947 -0.223939 0.0092388 -0.00463558 0.999946 22.9259
0.999942 0.00542092 -0.00937932 -0.374738 -0.00537468 0.999973 0.00494807 -0.23203 0.00940589 -0.00489737 0.999944 24.4134
0.99995 0.00610784 -0.00789637 -0.409232 -0.00605737 0.999961 0.00639901 -0.250861 0.00793515 -0.00635086 0.999948 25.8643
0.999955 0.00633771 -0.00702937 -0.436182 -0.00630111 0.999967 0.00521687 -0.264835 0.00706219 -0.00517234 0.999962 27.3267
0.999956 0.00688648 -0.00636489 -0.463116 -0.00687143 0.999974 0.00238361 -0.258335 0.00638114 -0.00233977 0.999977 28.8558
0.999969 0.00511168 -0.00610447 -0.478243 -0.00509725 0.999984 0.00237822 -0.279466 0.00611653 -0.00234703 0.999978 30.2871
0.999969 0.00425773 -0.00672688 -0.481526 -0.00422205 0.999977 0.00530949 -0.301046 0.00674933 -0.00528092 0.999963 31.7128
0.999969 0.00304919 -0.00728364 -0.486812 -0.0029993 0.999972 0.00685128 -0.322034 0.00730432 -0.00682922 0.99995 33.1323
0.999968 0.00223303 -0.00768324 -0.493341 -0.00218516 0.999978 0.00623305 -0.337603 0.007697 -0.00621606 0.999951 34.5447
0.999971 0.00168788 -0.00747819 -0.502994 -0.00165323 0.999988 0.00463756 -0.354366 0.00748593 -0.00462506 0.999961 35.9654
0.999973 0.00210374 -0.0070859 -0.517443 -0.00207686 0.999991 0.003798 -0.366153 0.00709382 -0.00378318 0.999968 37.377
0.999976 0.00286591 -0.00631975 -0.532892 -0.00284936 0.999993 0.00262717 -0.377704 0.00632724 -0.0026091 0.999976 38.7765
0.999983 0.00337338 -0.00487808 -0.549555 -0.00335613 0.999988 0.00353996 -0.393328 0.00488996 -0.00352353 0.999982 40.1357
0.999986 0.00398557 -0.00357219 -0.561448 -0.00396637 0.999978 0.00536653 -0.407998 0.0035935 -0.00535229 0.999979 41.4632
0.999992 0.00343709 -0.0023521 -0.566099 -0.00342188 0.999974 0.00643996 -0.424456 0.00237417 -0.00643186 0.999976 42.7805
0.999994 0.00351593 -0.000627592 -0.559738 -0.00351156 0.999971 0.00682494 -0.431669 0.000651573 -0.0068227 0.999976 44.1377
0.999992 0.00305891 0.00253683 -0.558875 -0.00307472 0.999976 0.00625129 -0.448709 -0.00251765 -0.00625904 0.999977 45.4321
0.999981 0.00212319 0.00584596 -0.54817 -0.00214824 0.999989 0.0042825 -0.460042 -0.0058368 -0.00429498 0.999974 46.7311
0.999953 0.00229824 0.00940387 -0.543667 -0.00232086 0.999995 0.00239457 -0.473736 -0.00939831 -0.00241628 0.999953 47.9901
0.999905 0.00224175 0.0136249 -0.534201 -0.00228008 0.999994 0.00279854 -0.488217 -0.0136186 -0.00282935 0.999903 49.2446
0.999815 0.00296924 0.0189966 -0.513207 -0.00301638 0.999993 0.00245355 -0.501625 -0.0189892 -0.0025104 0.999816 50.4931
0.999664 0.00475182 0.0255101 -0.48433 -0.00478815 0.999988 0.00136347 -0.513233 -0.0255033 -0.00148516 0.999674 51.7379
0.999436 0.00636028 0.0329793 -0.450152 -0.00640216 0.999979 0.00116456 -0.524578 -0.0329712 -0.00137505 0.999455 52.9592
0.999147 0.00731369 0.0406619 -0.400928 -0.00739914 0.999971 0.00195137 -0.539435 -0.0406465 -0.00225057 0.999171 54.1499
0.998672 0.00930047 0.0506835 -0.339695 -0.00944071 0.999953 0.00252843 -0.552964 -0.0506576 -0.00300356 0.998711 55.3431
0.997923 0.0115455 0.0633821 -0.268214 -0.0117187 0.999929 0.00236091 -0.567219 -0.0633502 -0.00309875 0.997986 56.5157
0.996842 0.0138887 0.0781845 -0.194358 -0.0141502 0.999896 0.00279078 -0.583411 -0.0781375 -0.0038883 0.996935 57.6465
0.995456 0.0159849 0.0938789 -0.0859686 -0.0164165 0.999858 0.00382679 -0.592209 -0.0938043 -0.00535056 0.995576 58.8021
0.993648 0.0158097 0.111419 0.0339086 -0.0164066 0.999856 0.00444242 -0.605334 -0.111332 -0.00624221 0.993764 59.9246
0.991339 0.0155249 0.130409 0.174336 -0.0161198 0.999864 0.00350752 -0.61691 -0.130337 -0.00557931 0.991454 61.0472
0.9885 0.0146972 0.150507 0.330555 -0.0152551 0.999881 0.00255283 -0.63231 -0.150451 -0.00481946 0.988606 62.1203
0.985185 0.0119105 0.171083 0.51247 -0.0125137 0.999919 0.00244797 -0.649062 -0.17104 -0.00455259 0.985254 63.1839
0.981192 0.00687619 0.192914 0.716926 -0.00789141 0.999959 0.00449464 -0.664359 -0.192875 -0.00593247 0.981205 64.2402
0.976391 0.0013254 0.21601 0.947917 -0.00267666 0.999979 0.00596312 -0.678726 -0.215997 -0.00640052 0.976373 65.2898
0.970845 -0.00330021 0.239688 1.2017 0.00203357 0.999983 0.00553165 -0.69357 -0.239702 -0.00488295 0.970834 66.3256
0.964185 -0.00862682 0.26509 1.4802 0.00793744 0.999962 0.00367168 -0.70104 -0.265112 -0.00143604 0.964217 67.3655
0.956678 -0.0122366 0.290893 1.78343 0.0114409 0.999925 0.00443616 -0.715302 -0.290925 -0.000915905 0.956745 68.3412
0.948 -0.0149314 0.317923 2.11538 0.0135337 0.999887 0.00660482 -0.720649 -0.317985 -0.00195871 0.948094 69.3336
0.938236 -0.0190131 0.345476 2.45915 0.0167709 0.999815 0.00947819 -0.732024 -0.345592 -0.00309883 0.93838 70.2622
0.927376 -0.02225 0.373471 2.84105 0.0203659 0.999752 0.00899025 -0.739762 -0.373578 -0.000731261 0.927598 71.1879
0.915306 -0.0215565 0.402183 3.24604 0.0212799 0.99976 0.00515618 -0.74829 -0.402197 0.00383892 0.915545 72.0977
0.902393 -0.0227415 0.430314 3.67552 0.0253212 0.99968 -0.00026835 -0.757713 -0.43017 0.0111382 0.902679 72.9695
0.888315 -0.0250054 0.458554 4.1274 0.0294611 0.999563 -0.00256529 -0.771484 -0.458289 0.0157883 0.888663 73.8195
0.872685 -0.0256444 0.487611 4.60831 0.0290999 0.999577 0.000488946 -0.780343 -0.487416 0.0137627 0.873061 74.6665
0.855156 -0.0246815 0.517784 5.11502 0.0251989 0.999664 0.00603386 -0.787907 -0.517759 0.00788772 0.85549 75.4904
0.835227 -0.0252244 0.549327 5.60886 0.0235197 0.999672 0.010143 -0.809675 -0.549402 0.0044483 0.835546 76.2636
0.813868 -0.0190217 0.58074 6.1521 0.0196445 0.999794 0.00521704 -0.817069 -0.580719 0.00716236 0.814073 77.0431
0.791937 -0.0121583 0.610483 6.74004 0.0168641 0.999856 -0.00196353 -0.820916 -0.61037 0.0118502 0.792027 77.8083
0.769381 -0.00993372 0.638714 7.3393 0.0162852 0.999859 -0.00406628 -0.829097 -0.638583 0.0135301 0.769434 78.5363
0.745971 -0.0124035 0.665864 7.96144 0.0175041 0.999846 -0.000985116 -0.842345 -0.665748 0.0123902 0.746073 79.2291
0.721402 -0.0127536 0.6924 8.60651 0.0180614 0.999837 -0.000401492 -0.857376 -0.692281 0.0127953 0.721514 79.8919
0.696022 -0.0110237 0.717937 9.27491 0.0189318 0.999816 -0.00300193 -0.875034 -0.717771 0.0156812 0.696102 80.531
0.669766 -0.00891084 0.74252 9.96695 0.0190478 0.999805 -0.00518299 -0.892685 -0.742328 0.0176148 0.669805 81.1466
0.642864 -0.00683144 0.765951 10.6726 0.0176271 0.999828 -0.00587711 -0.909996 -0.765778 0.0172797 0.642873 81.7331
0.614966 -0.00540519 0.788536 11.4161 0.0177337 0.999819 -0.00697674 -0.925179 -0.788354 0.0182741 0.61495 82.3062
0.586353 0.000846975 0.810056 12.1783 0.0166035 0.999777 -0.0130637 -0.946273 -0.809886 0.0211097 0.586208 82.8523
0.556564 0.00977883 0.830748 12.9376 0.01574 0.999627 -0.0223118 -0.973037 -0.830656 0.0254939 0.556202 83.3555
0.525882 0.0180468 0.850367 13.7297 0.0149023 0.999426 -0.030426 -0.99763 -0.850427 0.0286728 0.525311 83.8386
0.494337 0.0232054 0.868961 14.5389 0.012425 0.999353 -0.0337558 -1.02532 -0.869182 0.0274836 0.493729 84.2933
0.462039 0.0231219 0.886559 15.3768 0.0104914 0.999448 -0.0315338 -1.05338 -0.886797 0.0238711 0.461542 84.7305
0.428791 0.0222839 0.903129 16.2389 0.00585023 0.999606 -0.027442 -1.08141 -0.903385 0.0170504 0.428492 85.1502
0.394467 0.0239466 0.918599 17.1074 0.00177617 0.999639 -0.0268219 -1.10848 -0.918908 0.0122119 0.394282 85.5274
0.359404 0.0271215 0.932788 17.9895 -0.00526683 0.999621 -0.0270354 -1.13582 -0.933167 0.0048038 0.359411 85.8715
0.32452 0.0293514 0.945424 18.9128 -0.010041 0.999569 -0.0275857 -1.16274 -0.945825 -0.000540886 0.324675 86.1714
0.289302 0.0291758 0.956794 19.8426 -0.0126016 0.999565 -0.0266698 -1.18948 -0.957155 -0.00434149 0.289543 86.436
0.253754 0.0291132 0.966831 20.7855 -0.0131939 0.999558 -0.0266358 -1.21681 -0.967179 -0.00599728 0.254026 86.6699
0.218393 0.0289111 0.975433 21.7435 -0.0123506 0.999563 -0.0268611 -1.24529 -0.975783 -0.00618094 0.218655 86.8725
0.183338 0.027765 0.982659 22.6894 -0.00984107 0.999603 -0.0264077 -1.27648 -0.983001 -0.00482887 0.183539 87.0397
0.148786 0.0269896 0.988502 23.6456 -0.00146603 0.999633 -0.0270729 -1.31035 -0.988868 0.00257891 0.148771 87.1731
0.115373 0.03061 0.992851 24.6145 0.00128553 0.99952 -0.030965 -1.34533 -0.993321 0.00484888 0.115279 87.2759
0.0831488 0.0353464 0.995911 25.6065 0.00287463 0.999358 -0.0357088 -1.38407 -0.996533 0.00583202 0.0829941 87.3501
0.0539191 0.0391253 0.997779 26.5873 0.0100393 0.999161 -0.039722 -1.42789 -0.998495 0.0121588 0.0534813 87.397
0.0284184 0.0374459 0.998895 27.5618 0.0120288 0.999213 -0.0378 -1.47142 -0.999524 0.0130897 0.0279459 87.4215
0.00637854 0.0345588 0.999383 28.5749 0.0140193 0.999301 -0.0346455 -1.51217 -0.999881 0.0142316 0.00588994 87.4198
-0.0126756 0.0324372 0.999394 29.5791 0.0143693 0.999377 -0.0322544 -1.54933 -0.999816 0.0139518 -0.0131334 87.4109
-0.028732 0.0355499 0.998955 30.5921 0.0162974 0.999251 -0.0350917 -1.59251 -0.999454 0.0152721 -0.0292894 87.3709
-0.0432784 0.0397704 0.998272 31.5947 0.019452 0.999052 -0.0389582 -1.63759 -0.998874 0.0177324 -0.0440106 87.3226
-0.054783 0.0449285 0.997488 32.6032 0.0241113 0.998756 -0.0436614 -1.68413 -0.998207 0.0216588 -0.0557977 87.2534
-0.0632619 0.048627 0.996812 33.6197 0.029793 0.998459 -0.0468166 -1.73112 -0.997552 0.0267363 -0.0646128 87.1721
-0.0693046 0.0539475 0.996136 34.6061 0.033808 0.99809 -0.0517012 -1.78947 -0.997022 0.0300943 -0.0709956 87.1006
-0.0730795 0.0587259 0.995596 35.6134 0.0358769 0.997774 -0.0562209 -1.84886 -0.99668 0.0316103 -0.0750232 87.0235
-0.0759612 0.0629563 0.995122 36.6236 0.0379781 0.997463 -0.0602055 -1.91172 -0.996387 0.0332196 -0.078159 86.9416
-0.0787717 0.0661565 0.994696 37.6399 0.0382679 0.997261 -0.0632966 -1.97727 -0.996158 0.0330789 -0.0810872 86.8589
-0.0814789 0.0698694 0.994224 38.6477 0.0391614 0.996994 -0.0668547 -2.04765 -0.995905 0.033488 -0.0839697 86.7741
-0.084001 0.0737152 0.993736 39.6723 0.0405962 0.996685 -0.0705024 -2.1221 -0.995638 0.0344197 -0.0867147 86.6912
-0.0866781 0.0753065 0.993387 40.6937 0.0430922 0.996489 -0.0717817 -2.19693 -0.995304 0.0365853 -0.0896184 86.6051
-0.0891414 0.0744866 0.99323 41.7149 0.0431818 0.996551 -0.0708602 -2.27077 -0.995082 0.0365729 -0.09205 86.5164
-0.0919286 0.0742537 0.992994 42.7631 0.0423578 0.996605 -0.0706023 -2.35017 -0.994864 0.0355706 -0.0947613 86.4282
-0.0945222 0.0756359 0.992646 43.8098 0.0421674 0.996519 -0.0719158 -2.42954 -0.994629 0.0350596 -0.0973821 86.3373
-0.096552 0.0776455 0.992295 44.8608 0.0413194 0.996406 -0.0739467 -2.51407 -0.99447 0.0338614 -0.0994128 86.2301
-0.0989458 0.0798382 0.991885 45.9103 0.0400764 0.996287 -0.0761947 -2.60134 -0.994285 0.032212 -0.101778 86.121
-0.100972 0.0832332 0.991402 46.9711 0.0377008 0.996099 -0.0797878 -2.69148 -0.994175 0.0293203 -0.103715 86.0018
-0.103196 0.0870619 0.990844 48.0092 0.0344603 0.995877 -0.0839151 -2.78813 -0.994064 0.025485 -0.105771 85.9023
-0.105899 0.0898556 0.990309 49.1102 0.0317376 0.995707 -0.0869515 -2.87307 -0.99387 0.0222219 -0.108296 85.7769
-0.108636 0.0885782 0.990128 50.1862 0.0294501 0.995872 -0.0858609 -2.96401 -0.993645 0.0198317 -0.110796 85.6557
-0.111199 0.0846056 0.990191 51.2829 0.0262394 0.996272 -0.0821786 -3.0555 -0.993451 0.0168438 -0.113004 85.5239
-0.113456 0.0833329 0.990043 52.3785 0.0263755 0.996378 -0.0808436 -3.14484 -0.993193 0.0169407 -0.115242 85.3932
-0.114908 0.0838534 0.989831 53.4569 0.0255832 0.99635 -0.0814358 -3.2365 -0.993046 0.0159654 -0.116633 85.2631
-0.115847 0.0867117 0.989475 54.54 0.0270783 0.996088 -0.0841208 -3.32999 -0.992898 0.0170482 -0.117742 85.1303
-0.116183 0.089419 0.989195 55.6225 0.0276985 0.995844 -0.0867668 -3.42697 -0.992841 0.0173184 -0.118176 84.9993
-0.116659 0.0903011 0.989059 56.705 0.0265841 0.995785 -0.0877797 -3.5262 -0.992816 0.016053 -0.118567 84.873
-0.116458 0.0891608 0.989186 57.8116 0.0235747 0.99593 -0.0869932 -3.62564 -0.992916 0.0131887 -0.118085 84.7439
-0.117398 0.0889968 0.98909 58.8896 0.0195213 0.995991 -0.0873007 -3.72278 -0.992893 0.00905931 -0.118665 84.6284
-0.117149 0.0903219 0.988999 60.0058 0.0158156 0.995899 -0.0890787 -3.82217 -0.992988 0.00520616 -0.118096 84.4901
-0.117717 0.0905332 0.988912 61.1024 0.0115614 0.995893 -0.0897961 -3.92583 -0.99298 0.000862691 -0.11828 84.3686
-0.117965 0.0901295 0.98892 62.2183 0.00800308 0.995927 -0.0898134 -4.02761 -0.992985 -0.0026804 -0.118205 84.2349
-0.118354 0.0851738 0.989312 63.3288 0.00803449 0.996364 -0.0848197 -4.12577 -0.992939 -0.00209011 -0.118607 84.1047
-0.119042 0.0770542 0.989895 64.4338 0.0107741 0.997026 -0.0763136 -4.21797 -0.992831 0.00158071 -0.119518 83.9798
-0.119276 0.0718914 0.990255 65.5553 0.0158291 0.997386 -0.0705025 -4.30705 -0.992735 0.00726563 -0.120102 83.8436
-0.119144 0.0741067 0.990108 66.6539 0.0240661 0.997133 -0.0717365 -4.39644 -0.992585 0.015281 -0.120586 83.7135
-0.117732 0.0798183 0.989833 67.7811 0.0297979 0.9966 -0.0768198 -4.48259 -0.992598 0.0204507 -0.11971 83.563
-0.116686 0.0856076 0.989473 68.9099 0.0334664 0.996051 -0.0822302 -4.57512 -0.992605 0.0235189 -0.11909 83.417
-0.116039 0.0899548 0.989163 70.0356 0.0342359 0.995661 -0.0865295 -4.6753 -0.992654 0.023824 -0.118615 83.2796
-0.116199 0.0872516 0.989387 71.1735 0.0310835 0.995966 -0.0841812 -4.77316 -0.992739 0.0209718 -0.118442 83.1482
-0.117823 0.0831682 0.989546 72.2815 0.0298534 0.996333 -0.080184 -4.87194 -0.992586 0.0200938 -0.119874 83.0577
-0.117447 0.081364 0.989741 73.4558 0.0270513 0.99653 -0.0787122 -4.96386 -0.992711 0.0175292 -0.11924 82.9046
-0.117401 0.0820575 0.989689 74.5963 0.0250106 0.996509 -0.0796561 -5.06015 -0.992769 0.015401 -0.119043 82.7759
-0.117493 0.0871794 0.98924 75.7472 0.0258614 0.99607 -0.0847097 -5.16015 -0.992737 0.0156303 -0.119286 82.6415
-0.117384 0.089731 0.989025 76.8937 0.0250481 0.99586 -0.0873783 -5.26307 -0.992771 0.0145164 -0.119145 82.5166
-0.116882 0.0888004 0.989169 78.0789 0.0248287 0.995945 -0.0864749 -5.36259 -0.992835 0.0144524 -0.118613 82.3644
-0.118155 0.0824915 0.989564 79.2266 0.0255855 0.996466 -0.080012 -5.46346 -0.992665 0.0158647 -0.119847 82.2624
-0.11899 0.081141 0.989575 80.3989 0.0244338 0.996593 -0.0787784 -5.56118 -0.992595 0.0148052 -0.120567 82.1301
-0.119063 0.0841005 0.989319 81.5691 0.0220231 0.996385 -0.0820507 -5.66248 -0.992642 0.0120186 -0.120484 81.9967
-0.118881 0.0871164 0.98908 82.7609 0.0216638 0.996134 -0.0851339 -5.76546 -0.992672 0.0113064 -0.120309 81.8503
-0.118708 0.0867277 0.989135 83.9528 0.0206493 0.996178 -0.0848671 -5.868 -0.992714 0.0103506 -0.120044 81.7043
-0.118264 0.0835728 0.98946 85.1419 0.0202067 0.996448 -0.0817479 -5.9697 -0.992776 0.0103258 -0.119533 81.5601
-0.117398 0.0827826 0.989629 86.3328 0.0209265 0.996505 -0.0808753 -6.07131 -0.992864 0.0112149 -0.11872 81.4169
-0.116123 0.0834544 0.989723 87.5453 0.0225939 0.996428 -0.0813689 -6.17352 -0.992978 0.0129129 -0.117593 81.2714
-0.115224 0.0837666 0.989802 88.7464 0.0250156 0.996367 -0.0814101 -6.27619 -0.993024 0.01538 -0.116901 81.1307
-0.114823 0.0833577 0.989883 89.9422 0.0246955 0.996405 -0.0810423 -6.38092 -0.993079 0.0151401 -0.116468 81.0027
-0.114219 0.0840785 0.989892 91.1462 0.0260359 0.996323 -0.0816206 -6.48635 -0.993114 0.0164502 -0.115987 80.8719
-0.113441 0.082299 0.990131 92.3568 0.0260733 0.996467 -0.0798384 -6.59102 -0.993202 0.016759 -0.115186 80.7381
-0.112262 0.0816684 0.990318 93.5961 0.0243288 0.996544 -0.079424 -6.69238 -0.99338 0.0151769 -0.113861 80.6011
-0.111458 0.0810942 0.990456 94.8009 0.0256312 0.996568 -0.0787103 -6.79633 -0.993438 0.0166137 -0.113154 80.4721
-0.109791 0.0821694 0.990553 96.0408 0.0238547 0.996508 -0.0800194 -6.89979 -0.993668 0.0148439 -0.111368 80.3357
-0.108662 0.0846149 0.990472 97.2508 0.0244458 0.996297 -0.0824307 -7.0072 -0.993778 0.0152558 -0.110328 80.2085
-0.107345 0.0832843 0.990728 98.4851 0.0223554 0.996435 -0.0813419 -7.11595 -0.99397 0.0134165 -0.108824 80.0764
-0.10771 0.0817914 0.990813 99.7316 0.0188082 0.996599 -0.0802245 -7.2263 -0.994004 0.00999436 -0.108882 79.9617
-0.108073 0.0827516 0.990694 100.969 0.0157444 0.996547 -0.081523 -7.3338 -0.994018 0.00678738 -0.109003 79.8378
-0.10751 0.0818386 0.990831 102.182 0.0135991 0.996634 -0.0808424 -7.44429 -0.994111 0.00478307 -0.10826 79.6858
-0.108458 0.0792168 0.99094 103.431 0.0113864 0.996853 -0.0784433 -7.55045 -0.994035 0.00277551 -0.109018 79.5516
-0.110092 0.0778321 0.99087 104.704 0.00927202 0.996966 -0.0772808 -7.65682 -0.993878 0.000679371 -0.110479 79.4246
-0.11138 0.0773688 0.990762 105.984 0.00736461 0.997002 -0.0770281 -7.76019 -0.99375 -0.00128283 -0.111616 79.2878
-0.113112 0.0778036 0.990532 107.258 0.00768838 0.996968 -0.0774311 -7.86538 -0.993552 -0.00114283 -0.113367 79.1489
-0.115502 0.0766896 0.990343 108.535 0.00747483 0.997054 -0.0763375 -7.96782 -0.993279 -0.00141451 -0.115735 79.0055
-0.117903 0.0718139 0.990426 109.765 0.00482442 0.997411 -0.0717462 -8.07451 -0.993013 -0.00368087 -0.117944 78.8537
-0.121589 0.0719384 0.989971 111.019 0.00420277 0.997398 -0.071962 -8.17504 -0.992571 -0.00458917 -0.121575 78.6971
-0.126566 0.0775602 0.988922 112.264 -0.00071432 0.996931 -0.0782798 -8.28172 -0.991957 -0.010614 -0.126122 78.5408
-0.133331 0.0805564 0.987793 113.504 0.000458577 0.996696 -0.0812206 -8.39215 -0.991071 -0.0103762 -0.132927 78.3762
-0.14255 0.0765136 0.986826 114.768 0.00211936 0.997029 -0.0769985 -8.49907 -0.989785 -0.00888466 -0.142288 78.1984
-0.152604 0.0744517 0.98548 116.003 0.00428181 0.997199 -0.0746741 -8.60588 -0.988278 -0.0071759 -0.152495 78.0004
-0.165752 0.0752852 0.98329 117.206 0.00439724 0.997128 -0.0756035 -8.7127 -0.986157 -0.00820766 -0.165607 77.8106
-0.179927 0.0756015 0.980771 118.415 0.00653117 0.997112 -0.075663 -8.81638 -0.983658 -0.00720819 -0.1799 77.5975
-0.194687 0.073355 0.978119 119.626 0.00718627 0.997279 -0.0733616 -8.92372 -0.980839 -0.00725351 -0.194684 77.3696
-0.209468 0.0759758 0.97486 120.84 0.0118654 0.997101 -0.0751596 -9.02798 -0.977743 -0.00417647 -0.209762 77.0992
-0.224758 0.0799709 0.971128 122.014 0.01259 0.996781 -0.0791696 -9.12916 -0.974333 -0.00556744 -0.22504 76.8266
-0.239534 0.0839151 0.967255 123.175 0.0132083 0.996447 -0.0831768 -9.2394 -0.970798 -0.00714792 -0.239791 76.536
-0.255114 0.0818467 0.963441 124.367 0.0101202 0.996582 -0.0819823 -9.35006 -0.966858 -0.0111646 -0.255069 76.2216
-0.271279 0.0758707 0.959507 125.548 0.0046887 0.99698 -0.0775082 -9.46226 -0.962489 -0.0165275 -0.270815 75.9062
-0.286724 0.0717963 0.95532 126.724 0.00121153 0.997214 -0.0745813 -9.57063 -0.958012 -0.0202269 -0.286012 75.5647
-0.302138 0.0732657 0.950445 127.894 -0.000366515 0.997033 -0.0769735 -9.67246 -0.953264 -0.023605 -0.301215 75.2142
-0.31607 0.0754235 0.945734 129.05 -6.26437e-05 0.996833 -0.0795198 -9.77498 -0.948735 -0.0251931 -0.315064 74.8329
-0.329776 0.0779025 0.94084 130.201 0.00189124 0.996642 -0.0818601 -9.88071 -0.944057 -0.0252161 -0.328816 74.4336
-0.343171 0.0781076 0.93602 131.347 0.00440872 0.996659 -0.0815514 -9.98592 -0.939262 -0.0238594 -0.342368 74.0045
-0.357007 0.0761224 0.930996 132.471 0.00447531 0.996802 -0.0797869 -10.0965 -0.934091 -0.0243179 -0.356205 73.5787
-0.371091 0.0748891 0.925572 133.598 0.00460487 0.996878 -0.0788124 -10.2042 -0.928585 -0.0249844 -0.370277 73.1275
-0.385194 0.0763953 0.919669 134.721 0.00354275 0.996682 -0.0813089 -10.3093 -0.922829 -0.0280615 -0.384186 72.6518
-0.399842 0.0787106 0.913199 135.822 0.00475661 0.99647 -0.0838053 -10.4157 -0.916572 -0.0291651 -0.398804 72.1743
-0.41457 0.0804292 0.906457 136.906 0.0061296 0.99631 -0.0855986 -10.5258 -0.909997 -0.0299304 -0.413533 71.6901
-0.428709 0.0829685 0.899625 137.989 0.00909622 0.99612 -0.087533 -10.6403 -0.903397 -0.029343 -0.4278 71.1731
-0.443208 0.0864156 0.892245 139.085 0.00920144 0.995728 -0.0918676 -10.7559 -0.896372 -0.0325065 -0.442109 70.6305
-0.457394 0.088905 0.884809 140.174 0.0105917 0.995463 -0.0945482 -10.8698 -0.889201 -0.0338741 -0.45626 70.0586
-0.47251 0.0864484 0.877076 141.241 0.00944037 0.995617 -0.0930465 -10.9853 -0.881275 -0.0356854 -0.471254 69.4883
-0.488218 0.082316 0.868831 142.309 0.00692356 0.995875 -0.090462 -11.1023 -0.872694 -0.0381498 -0.486774 68.8945
-0.503745 0.0827003 0.859885 143.379 0.00685626 0.995758 -0.0917514 -11.2176 -0.863825 -0.0403237 -0.502174 68.2666
-0.519197 0.0819687 0.850716 144.465 0.00620424 0.995725 -0.0921543 -11.3344 -0.854632 -0.0425681 -0.517485 67.6153
-0.534486 0.0809433 0.841293 145.477 0.00618475 0.995751 -0.0918749 -11.4571 -0.845155 -0.0439026 -0.532714 66.9685
-0.550052 0.0804457 0.831247 146.512 0.00521429 0.995661 -0.0929068 -11.5803 -0.835114 -0.0467692 -0.548084 66.2963
-0.565186 0.0799185 0.821084 147.555 0.00539119 0.995633 -0.093197 -11.7025 -0.824946 -0.048247 -0.563148 65.5904
-0.580237 0.0772841 0.810773 148.586 0.00502535 0.995808 -0.0913255 -11.8221 -0.814432 -0.048916 -0.578192 64.8636
-0.594779 0.0741002 0.800467 149.595 0.00548742 0.996093 -0.0881322 -11.9389 -0.80387 -0.0480266 -0.592861 64.1188
-0.609496 0.0723066 0.789485 150.574 0.00610245 0.99623 -0.0865306 -12.0574 -0.792765 -0.0479223 -0.607639 63.3761
-0.623802 0.0703521 0.77841 151.575 0.00517337 0.99629 -0.0858982 -12.1739 -0.781565 -0.0495565 -0.621851 62.5819
-0.638086 0.0714205 0.766646 152.565 0.00430325 0.996004 -0.0892057 -12.2931 -0.769953 -0.0536218 -0.635842 61.7554
-0.653345 0.0711162 0.753714 153.55 0.00221071 0.995753 -0.0920374 -12.4056 -0.757057 -0.0584659 -0.650726 60.9138
-0.668873 0.0682675 0.740236 154.495 0.000944378 0.995851 -0.090988 -12.525 -0.743376 -0.0601603 -0.666161 60.0724
-0.684793 0.0613386 0.726152 155.429 -0.00193939 0.996294 -0.0859866 -12.6431 -0.728735 -0.0602913 -0.682135 59.2035
-0.701065 0.0593788 0.710621 156.334 -0.00202367 0.996357 -0.085251 -12.7623 -0.713094 -0.0612046 -0.69839 58.3118
-0.718378 0.0566111 0.693347 157.235 -0.00346402 0.996379 -0.0849425 -12.8804 -0.695645 -0.0634225 -0.71558 57.3972
-0.735663 0.0531096 0.675263 158.113 -0.00599631 0.996371 -0.0848975 -12.9984 -0.677321 -0.066505 -0.732674 56.4598
-0.75223 0.0512823 0.656903 158.969 -0.00532757 0.99646 -0.0838912 -13.1154 -0.658879 -0.0666051 -0.749293 55.4987
-0.767985 0.0535894 0.638223 159.789 -0.00273814 0.996209 -0.0869431 -13.2368 -0.640462 -0.0685185 -0.764926 54.5227
-0.782908 0.0529508 0.619881 160.602 0.000924814 0.996469 -0.0839514 -13.3586 -0.622137 -0.0651529 -0.780192 53.4986
-0.797276 0.0545609 0.601144 161.385 0.00542069 0.996513 -0.083256 -13.4807 -0.60359 -0.0631194 -0.794791 52.4622
-0.811454 0.0555979 0.581766 162.141 0.00732214 0.996353 -0.0850059 -13.6033 -0.58437 -0.0647186 -0.808901 51.405
-0.825651 0.0573773 0.561256 162.86 0.00878094 0.996001 -0.0889039 -13.7237 -0.564112 -0.0684752 -0.822853 50.4
-0.838649 0.0581707 0.541557 163.568 0.0121643 0.996032 -0.0881503 -13.8498 -0.544536 -0.0673395 -0.836029 49.3115
-0.850462 0.0567654 0.522964 164.245 0.014137 0.996267 -0.0851502 -13.9717 -0.525846 -0.0650239 -0.84809 48.2154
-0.8609 0.0591466 0.505326 164.891 0.0177923 0.996112 -0.0862794 -14.096 -0.508464 -0.065287 -0.858604 47.1093
-0.870479 0.0622117 0.488258 165.517 0.0210887 0.995783 -0.0892806 -14.2198 -0.491753 -0.0674202 -0.86812 45.9985
-0.879706 0.0604417 0.471662 166.127 0.0199296 0.995703 -0.0904245 -14.3445 -0.475101 -0.0701469 -0.87713 44.8804
-0.888228 0.0576076 0.455778 166.722 0.018732 0.995823 -0.0893608 -14.4693 -0.459022 -0.0708351 -0.885596 43.749
-0.895707 0.0553689 0.441185 167.299 0.0176275 0.995858 -0.0891928 -14.594 -0.444296 -0.0721136 -0.892972 42.6079
-0.902547 0.0533472 0.427276 167.859 0.0170297 0.995941 -0.0883753 -14.7176 -0.430256 -0.0724864 -0.899791 41.4578
-0.90904 0.0506894 0.413616 168.401 0.0158406 0.996059 -0.0872546 -14.8397 -0.416409 -0.0727659 -0.90626 40.299
-0.915012 0.0460733 0.400789 168.927 0.0136916 0.996431 -0.083288 -14.9566 -0.403196 -0.070722 -0.912376 39.1322
-0.920461 0.042763 0.38849 169.466 0.0125696 0.99672 -0.0799325 -15.073 -0.390633 -0.0686915 -0.917979 37.9215
-0.924872 0.0431087 0.377828 169.961 0.0152763 0.996963 -0.0763554 -15.1865 -0.379972 -0.0648471 -0.922721 36.7273
-0.928185 0.0468091 0.369163 170.45 0.0193048 0.996777 -0.0778513 -15.3019 -0.371618 -0.0651337 -0.926097 35.5196
-0.92992 0.0522362 0.364034 170.872 0.0251188 0.996571 -0.078835 -15.4208 -0.366904 -0.0641661 -0.928042 34.3293
-0.931086 0.0559257 0.360488 171.323 0.0285757 0.996323 -0.0807618 -15.5375 -0.363679 -0.064895 -0.92926 33.0769
-0.932885 0.053093 0.356242 171.782 0.0264106 0.996496 -0.079353 -15.6531 -0.359207 -0.0646185 -0.931017 31.8658
-0.934857 0.0458003 0.352059 172.251 0.0203848 0.996932 -0.0755638 -15.7641 -0.35444 -0.0634647 -0.932922 30.6473
-0.936809 0.03982 0.347569 172.713 0.0150714 0.997172 -0.0736207 -15.8725 -0.349518 -0.0637301 -0.934759 29.4309
-0.93851 0.0336122 0.343613 173.17 0.00843567 0.997185 -0.0745041 -15.9817 -0.345149 -0.0670242 -0.93615 28.2074
-0.939631 0.0314033 0.340747 173.614 0.00542143 0.997021 -0.0769355 -16.0912 -0.342148 -0.0704436 -0.937001 26.9807
-0.940361 0.0321622 0.338656 174.051 0.00565859 0.996861 -0.0789597 -16.2058 -0.340132 -0.0723343 -0.93759 25.7832
-0.940785 0.0328517 0.337411 174.505 0.00591451 0.996732 -0.0805547 -16.323 -0.338954 -0.073789 -0.937904 24.5587
-0.940693 0.0357025 0.337376 174.947 0.00842728 0.996599 -0.0819665 -16.4397 -0.339155 -0.0742622 -0.937794 23.3394
-0.940322 0.0372224 0.338246 175.382 0.00944923 0.996472 -0.0833882 -16.5579 -0.340156 -0.0752156 -0.937355 22.1439
-0.939914 0.0385148 0.339232 175.827 0.0101075 0.996319 -0.0851126 -16.6784 -0.341262 -0.0765697 -0.936843 20.9286
-0.93917 0.0399122 0.341128 176.268 0.0114889 0.996319 -0.0849394 -16.7967 -0.343263 -0.0758532 -0.93617 19.7163
-0.937959 0.0403118 0.344396 176.714 0.0116141 0.996314 -0.0849883 -16.9147 -0.346552 -0.0757157 -0.934969 18.4786
-0.936641 0.039398 0.348069 177.163 0.0103327 0.996329 -0.08497 -17.035 -0.350139 -0.0759898 -0.933609 17.2805
-0.935016 0.0382522 0.352539 177.62 0.00959819 0.99653 -0.0826718 -17.1529 -0.354477 -0.0739157 -0.932137 16.0857
-0.932834 0.0364075 0.358463 178.085 0.00815192 0.996759 -0.0800225 -17.2673 -0.360215 -0.0717255 -0.930107 14.8788
-0.930266 0.0342845 0.365282 178.554 0.0064264 0.996994 -0.0772092 -17.3799 -0.366831 -0.0694776 -0.927688 13.6885
-0.927351 0.0370457 0.372355 179.044 0.0088808 0.996985 -0.0770725 -17.4897 -0.374088 -0.0681664 -0.924883 12.4827
-0.923896 0.0377102 0.380781 179.533 0.00884857 0.996971 -0.0772645 -17.6002 -0.382541 -0.0680149 -0.92143 11.2963
-0.91969 0.0410999 0.390489 180.039 0.0105183 0.996728 -0.0801351 -17.7062 -0.392505 -0.0695921 -0.917112 10.0991
-0.915215 0.0428082 0.400686 180.554 0.0117219 0.996748 -0.0797158 -17.8135 -0.402795 -0.0682602 -0.91274 8.92349
-0.910034 0.0449956 0.412085 181.086 0.0123152 0.996587 -0.0816208 -17.9242 -0.414351 -0.0692028 -0.907481 7.75223
-0.903909 0.0475623 0.425074 181.643 0.0132298 0.996431 -0.0833598 -18.0341 -0.427521 -0.069726 -0.901311 6.57039
-0.897784 0.0500672 0.437583 182.206 0.0145952 0.996354 -0.0840559 -18.146 -0.440195 -0.0690773 -0.89524 5.42167
-0.890854 0.0500671 0.451523 182.79 0.014443 0.996527 -0.082004 -18.2566 -0.45406 -0.0665323 -0.888482 4.25043
-0.883588 0.0531701 0.465238 183.385 0.0162868 0.996421 -0.0829446 -18.3736 -0.467983 -0.0657116 -0.88129 3.09488
-0.876043 0.0559713 0.478975 183.998 0.0189022 0.996463 -0.0818713 -18.4921 -0.481863 -0.0626691 -0.874002 1.956
-0.868065 0.0584404 0.493 184.63 0.0217022 0.996565 -0.0799204 -18.6079 -0.495976 -0.0586769 -0.86635 0.826998
-0.860031 0.0604855 0.506644 185.309 0.0244705 0.996695 -0.0774513 -18.7234 -0.509654 -0.0542127 -0.858669 -0.296523
-0.851551 0.0635851 0.520402 185.985 0.0279457 0.996712 -0.0760544 -18.8339 -0.523526 -0.0502212 -0.850527 -1.39044
-0.841883 0.0670419 0.53548 186.661 0.0314133 0.996659 -0.0753931 -18.9404 -0.538745 -0.046651 -0.841175 -2.45525
-0.83084 0.0699256 0.552102 187.353 0.0337768 0.996582 -0.0753909 -19.0476 -0.555486 -0.0439895 -0.83036 -3.51812
-0.819657 0.0728866 0.568199 188.07 0.0367097 0.996517 -0.0748739 -19.154 -0.571676 -0.0405125 -0.819477 -4.54962
-0.807933 0.0742501 0.584578 188.813 0.0376178 0.996505 -0.0745803 -19.2598 -0.588072 -0.0382654 -0.807902 -5.57286
-0.7949 0.0758258 0.601984 189.586 0.0374333 0.996399 -0.0760767 -19.3729 -0.605584 -0.0379391 -0.794875 -6.61172
-0.779674 0.0833939 0.620609 190.298 0.0496926 0.996206 -0.0714355 -19.4723 -0.624211 -0.0248567 -0.780859 -7.61017
-0.767064 0.0843305 0.636005 191.086 0.0513148 0.996212 -0.0702028 -19.5725 -0.639515 -0.0212136 -0.768484 -8.53672
-0.753852 0.085716 0.65143 191.863 0.0518917 0.996124 -0.0710208 -19.6677 -0.654992 -0.0197353 -0.755377 -9.41972
-0.74538 0.0901884 0.660512 192.806 0.0544701 0.995733 -0.0744917 -19.7458 -0.66441 -0.0195464 -0.747111 -10.2416
-0.726293 0.093661 0.680975 193.606 0.0544444 0.995399 -0.0788391 -19.8458 -0.685226 -0.020185 -0.728049 -11.1548
-0.70851 0.0943546 0.699365 194.454 0.0534834 0.99535 -0.0801047 -19.9559 -0.70367 -0.0193506 -0.710261 -12.0247
-0.68945 0.0941965 0.718183 195.314 0.0518694 0.995383 -0.0807597 -20.0654 -0.722473 -0.018428 -0.691152 -12.8624
-0.66946 0.0938817 0.736892 196.194 0.0497382 0.99542 -0.081632 -20.1754 -0.74118 -0.0179978 -0.671063 -13.6687
-0.649322 0.0940229 0.754679 197.092 0.0473114 0.9954 -0.083307 -20.2891 -0.75904 -0.0183881 -0.650783 -14.446
-0.629108 0.0942322 0.771585 198.019 0.0444059 0.99536 -0.0853552 -20.3922 -0.776048 -0.0194347 -0.630373 -15.1924
-0.607987 0.0945611 0.788296 198.965 0.0426308 0.995337 -0.0865173 -20.4991 -0.792801 -0.0189957 -0.609183 -15.924
-0.584649 0.0949731 0.805708 199.912 0.0421254 0.995338 -0.0867581 -20.6088 -0.810191 -0.0167823 -0.585924 -16.6321
-0.561166 0.0958439 0.822136 200.883 0.0411758 0.995275 -0.087923 -20.7204 -0.826678 -0.0154873 -0.562461 -17.2875
-0.534558 0.0991713 0.839293 201.873 0.0424784 0.994989 -0.0905132 -20.8362 -0.844062 -0.0127328 -0.536091 -17.9497
-0.507917 0.0997774 0.855608 202.879 0.0411997 0.994946 -0.0915688 -20.9519 -0.860419 -0.0112585 -0.50946 -18.5558
-0.480105 0.0907247 0.872507 203.917 0.0305751 0.995763 -0.0867168 -21.0743 -0.876677 -0.0149562 -0.480845 -19.1426
-0.451895 0.0886834 0.887653 204.962 0.0303099 0.995998 -0.0840775 -21.1906 -0.891555 -0.0110895 -0.452773 -19.694
-0.421814 0.0899978 0.902205 206.016 0.0304734 0.995906 -0.0850973 -21.3031 -0.906169 -0.00840193 -0.422829 -20.2015
-0.392438 0.0846113 0.915879 207.096 0.030332 0.996408 -0.0790541 -21.4499 -0.919277 -0.00324339 -0.393595 -20.6557
-0.36063 0.0851312 0.928816 208.186 0.0347484 0.996361 -0.0778304 -21.585 -0.93206 0.00420688 -0.362275 -21.0883
-0.329225 0.0850789 0.940411 209.302 0.0366193 0.996334 -0.0773183 -21.6945 -0.94354 0.00898198 -0.331133 -21.4807
-0.295743 0.0846103 0.951514 210.447 0.0357183 0.996352 -0.0774957 -21.7979 -0.954598 0.0110676 -0.297686 -21.8658
-0.261889 0.0834689 0.961482 211.564 0.0370422 0.996388 -0.0764096 -21.9005 -0.964386 0.0156045 -0.264035 -22.1807
-0.226904 0.0816256 0.970491 212.72 0.0366761 0.996491 -0.0752373 -22.0022 -0.973225 0.0185221 -0.229101 -22.4729
-0.191856 0.0804084 0.978124 213.876 0.0366957 0.996529 -0.0747236 -22.1025 -0.980736 0.0215567 -0.19414 -22.7184
-0.15646 0.0800052 0.984439 215.051 0.0367667 0.996495 -0.0751415 -22.202 -0.986999 0.0244378 -0.158852 -22.9251
-0.121041 0.0797139 0.989442 216.218 0.0366341 0.99645 -0.0757969 -22.2996 -0.99197 0.0270727 -0.123531 -23.0808
-0.0853005 0.0797387 0.99316 217.389 0.0361008 0.996385 -0.076897 -22.398 -0.9957 0.0292944 -0.0878705 -23.1956
-0.0500779 0.0804458 0.995501 218.578 0.0334974 0.996325 -0.0788274 -22.4967 -0.998182 0.0293991 -0.0525883 -23.2712
-0.0152273 0.0801193 0.996669 219.76 0.0317516 0.99632 -0.0796061 -22.5958 -0.999379 0.0304336 -0.017715 -23.3067
0.0187115 0.0795121 0.996659 220.947 0.0294488 0.996356 -0.0800408 -22.6977 -0.99939 0.030848 0.0163019 -23.3001
0.0520867 0.0800551 0.995429 222.129 0.0272571 0.996296 -0.0815511 -22.8015 -0.998269 0.0313802 0.0497118 -23.2539
0.0854726 0.0799431 0.993129 223.327 0.0276056 0.996203 -0.0825664 -22.9083 -0.995957 0.034473 0.0829412 -23.1759
0.117618 0.0777241 0.990013 224.487 0.0275223 0.996294 -0.081487 -23.014 -0.992676 0.0368318 0.115043 -23.0494
0.148341 0.0767267 0.985956 225.645 0.0275455 0.996278 -0.0816743 -23.1185 -0.988551 0.0392742 0.145675 -22.8805
0.179221 0.076195 0.980854 226.853 0.0282982 0.996184 -0.0825565 -23.2364 -0.9834 0.0425522 0.176381 -22.6895
0.210339 0.0750811 0.974742 228.038 0.0300009 0.996081 -0.0831987 -23.3548 -0.977167 0.0467429 0.207262 -22.4653
0.240315 0.0739053 0.967878 229.18 0.0318876 0.995958 -0.0839669 -23.4644 -0.97017 0.0510417 0.236987 -22.1905
0.270325 0.0720286 0.960071 230.334 0.033562 0.995886 -0.0841655 -23.5768 -0.962183 0.0549739 0.266796 -21.8815
0.300622 0.0704907 0.951135 231.485 0.0348712 0.995786 -0.0848214 -23.689 -0.953105 0.0586663 0.296896 -21.542
0.330434 0.069597 0.94126 232.623 0.0368734 0.995564 -0.0865569 -23.8026 -0.943107 0.0633087 0.326402 -21.1654
0.359118 0.068581 0.930769 233.734 0.0368264 0.995478 -0.0875576 -23.9152 -0.932564 0.0657203 0.354968 -20.7519
0.387124 0.0667795 0.919607 234.843 0.0365939 0.995475 -0.0876937 -24.0281 -0.9213 0.0676002 0.382928 -20.2991
0.414223 0.0658951 0.907787 235.921 0.0355917 0.99544 -0.0884981 -24.142 -0.909478 0.0689675 0.409988 -19.8057
0.442355 0.0668878 0.894343 237.015 0.0358684 0.995097 -0.0921643 -24.2596 -0.896121 0.0728478 0.437787 -19.2808
0.470463 0.0673669 0.879845 238.097 0.0365252 0.99474 -0.0956945 -24.3831 -0.881662 0.077157 0.465527 -18.73
0.497804 0.0652509 0.864832 239.156 0.0373436 0.994628 -0.0965392 -24.5038 -0.866484 0.0803534 0.492692 -18.1432
0.52385 0.0622469 0.849534 240.167 0.0372369 0.9947 -0.0958449 -24.6318 -0.850995 0.0818422 0.518754 -17.5243
0.548366 0.0596119 0.834112 241.181 0.0358255 0.994865 -0.0946531 -24.7657 -0.83547 0.0817868 0.543414 -16.8622
0.57084 0.0594432 0.818907 242.194 0.0336788 0.994841 -0.0956906 -24.8957 -0.820369 0.0822036 0.565892 -16.1484
0.591253 0.0588866 0.804334 243.19 0.031973 0.994835 -0.0963364 -25.0252 -0.805851 0.082676 0.586316 -15.4087
0.610205 0.0574103 0.790161 244.159 0.0305139 0.994928 -0.0958524 -25.1521 -0.791655 0.0826003 0.605357 -14.6621
0.628407 0.0548884 0.775947 245.122 0.0296966 0.995087 -0.0944399 -25.2748 -0.777317 0.0823895 0.623689 -13.8919
0.645515 0.0515509 0.762006 246.075 0.0303288 0.995202 -0.0930193 -25.3983 -0.763144 0.0831559 0.640854 -13.0984
0.661604 0.0490072 0.748251 247.001 0.0303976 0.995289 -0.0920648 -25.5208 -0.749236 0.0836553 0.656996 -12.2922
0.67703 0.0466517 0.734475 247.903 0.0313863 0.995251 -0.0921468 -25.6449 -0.735285 0.0854385 0.67235 -11.4745
0.692305 0.0457107 0.720157 248.809 0.0307199 0.99522 -0.0927015 -25.7704 -0.720951 0.0863006 0.68759 -10.6232
0.706737 0.0446876 0.706065 249.689 0.0301421 0.995195 -0.0931578 -25.8913 -0.706834 0.08712 0.701993 -9.74518
0.721127 0.0426324 0.69149 250.566 0.0290308 0.995369 -0.0916424 -26.003 -0.692194 0.0861602 0.716549 -8.8434
0.73524 0.0403433 0.676606 251.425 0.0286356 0.995487 -0.090474 -26.1135 -0.677201 0.0858949 0.730765 -7.92332
0.749589 0.0386226 0.660776 252.312 0.028474 0.99549 -0.0904879 -26.232 -0.66129 0.0866435 0.745108 -6.96789
0.763128 0.0381818 0.64512 253.135 0.0284325 0.995303 -0.0925412 -26.3579 -0.645621 0.0889629 0.758456 -6.02057
0.775585 0.0369671 0.630161 253.941 0.0283483 0.995237 -0.0932739 -26.4854 -0.630606 0.0902056 0.770841 -5.05186
0.787151 0.0362076 0.615697 254.735 0.0270863 0.995283 -0.0931591 -26.6142 -0.616165 0.090007 0.782456 -4.05746
0.796717 0.033774 0.603409 255.432 0.0265485 0.995517 -0.0907748 -26.7437 -0.603769 0.0883412 0.792248 -3.05173
0.805761 0.0311396 0.591422 256.145 0.0274318 0.995582 -0.089793 -26.8722 -0.591605 0.0885753 0.801346 -2.02146
0.815039 0.0307392 0.578591 256.888 0.0267047 0.995537 -0.0905084 -26.9956 -0.57879 0.0892187 0.81058 -0.966631
0.823655 0.0280781 0.566396 257.614 0.0298906 0.995236 -0.092804 -27.1202 -0.566302 0.0933682 0.81889 0.0941814
0.831565 0.0257902 0.55483 258.314 0.0304577 0.995301 -0.0919139 -27.2457 -0.554592 0.0933309 0.82687 1.14782
0.838518 0.023121 0.544383 258.999 0.0316374 0.995348 -0.0910057 -27.3822 -0.543954 0.0935326 0.833884 2.19023
0.844708 0.0216675 0.53479 259.675 0.0321244 0.995326 -0.0910674 -27.5104 -0.534263 0.0941049 0.840062 3.27165
0.84959 0.0200905 0.527061 260.351 0.0326103 0.995362 -0.0905069 -27.6343 -0.526433 0.0940812 0.844993 4.37961
0.852891 0.019642 0.52172 261.024 0.0314405 0.995546 -0.0888785 -27.7612 -0.521141 0.0922066 0.848473 5.51488
0.85589 0.0179976 0.516846 261.708 0.0319679 0.995642 -0.0876086 -27.885 -0.516169 0.0915056 0.851583 6.64617
0.858134 0.0176185 0.513125 262.374 0.0317355 0.99568 -0.0872608 -28.0132 -0.512444 0.0911655 0.853866 7.77558
0.860257 0.0171819 0.509572 263.038 0.0317163 0.995693 -0.0871164 -28.1363 -0.508873 0.091104 0.856005 8.89
0.862159 0.0151351 0.506412 263.695 0.0324818 0.995846 -0.0850625 -28.2605 -0.505595 0.0897863 0.858085 10.0007
0.864231 0.0132926 0.50292 264.362 0.0337936 0.995859 -0.0843933 -28.3834 -0.501958 0.0899305 0.860202 11.1364
0.866286 0.012766 0.499386 265.024 0.0342326 0.995806 -0.0848394 -28.507 -0.498374 0.0905902 0.862214 12.2746
0.868269 0.0106285 0.49598 265.683 0.0356738 0.995844 -0.0837912 -28.6323 -0.494809 0.0904466 0.864281 13.4333
0.87029 0.0104284 0.49243 266.35 0.0352875 0.995886 -0.0834553 -28.7547 -0.491273 0.0900067 0.866341 14.6312
0.872218 0.0116293 0.48898 267.013 0.0338521 0.995885 -0.0840684 -28.8781 -0.487944 0.0898787 0.868233 15.8321
0.873982 0.0132769 0.485778 267.671 0.0316877 0.995942 -0.0842309 -29.0017 -0.484924 0.0890092 0.870013 17.0352
0.875153 0.0150444 0.483613 268.326 0.0296407 0.995972 -0.0846212 -29.125 -0.482938 0.0883909 0.871181 18.2333
0.875826 0.017248 0.48232 268.979 0.0268133 0.996079 -0.0843094 -29.2473 -0.481882 0.0867727 0.871927 19.4338
0.87617 0.0177038 0.481678 269.622 0.0262779 0.996084 -0.0844098 -29.3756 -0.481286 0.0866145 0.872272 20.5987
0.876654 0.0203939 0.480691 270.269 0.0237769 0.996044 -0.0856211 -29.5028 -0.480534 0.0864891 0.872699 21.7753
0.877302 0.0216464 0.479451 270.914 0.0230234 0.995934 -0.0870931 -29.632 -0.479386 0.0874453 0.873235 22.9495
0.877635 0.0228156 0.478787 271.561 0.0224033 0.995822 -0.0885199 -29.7585 -0.478805 0.0884143 0.873456 24.137
