1 0 0 0 0 1 0 0 0 0 1 0
0.999995 -0.00267515 -0.00170644 0.0200506 0.00266956 0.999991 -0.00326779 -0.0156355 0.00171516 0.00326322 0.999993 0.918752
0.999984 -0.00535169 -0.0019207 0.0339789 0.0053438 0.999977 -0.00409064 -0.0159459 0.00194255 0.00408031 0.99999 1.86375
0.999972 -0.00716476 -0.00237815 0.0377335 0.00716417 0.999974 -0.000256445 -0.0135129 0.00237992 0.000239401 0.999997 2.82171
0.99994 -0.00979403 -0.00491312 0.060116 0.00982159 0.999936 0.00561761 -0.0126327 0.00485778 -0.00566552 0.999972 3.77437
0.999888 -0.0134024 -0.0066728 0.05855 0.0134396 0.999894 0.00555447 -0.00795124 0.00659765 -0.00564353 0.999962 4.73252
0.99984 -0.0160819 -0.00786936 0.0521297 0.0161035 0.999867 0.00269222 -0.00166141 0.00782502 -0.00281851 0.999965 5.69714
0.999818 -0.0166478 -0.00928204 0.0496847 0.0166429 0.999861 -0.000604175 -0.00173846 0.00929081 0.000449585 0.999957 6.63126
0.999807 -0.0164994 -0.0106311 0.0415119 0.0164867 0.999863 -0.00127432 0.00118335 0.0106507 0.0010988 0.999943 7.58011
0.99979 -0.0162233 -0.012539 0.0359794 0.0162293 0.999868 0.00037524 0.00449945 0.0125313 -0.000578661 0.999921 8.5218
0.999769 -0.0160282 -0.0143403 0.0300704 0.0160728 0.999866 0.00299986 0.0093552 0.0142903 -0.00322965 0.999893 9.46275
0.999743 -0.0162218 -0.0158639 0.017923 0.016293 0.999858 0.00436668 0.013474 0.0157908 -0.00462402 0.999865 10.4084
0.999694 -0.0177673 -0.0171907 0.0111108 0.0178595 0.999827 0.00522739 0.0163477 0.0170948 -0.00553281 0.999839 11.3333
0.999667 -0.0178933 -0.0186192 -0.000546627 0.0179946 0.999824 0.00528583 0.019123 0.0185213 -0.00561911 0.999813 12.2598
0.999639 -0.018232 -0.0197577 -0.0141688 0.0183135 0.999824 0.00395381 0.0214809 0.0196821 -0.00431421 0.999797 13.1812
0.999591 -0.0187578 -0.0215908 -0.0301949 0.0188063 0.999821 0.00204486 0.0252147 0.0215486 -0.00245007 0.999765 14.1163
0.999522 -0.0199845 -0.0235994 -0.0446053 0.0200084 0.999799 0.00077918 0.026659 0.0235791 -0.001251 0.999721 15.0358
0.999472 -0.0196789 -0.025866 -0.0606194 0.0196885 0.999806 0.000119087 0.0277725 0.0258586 -0.000628288 0.999665 15.9518
0.99944 -0.0183198 -0.0280008 -0.0825409 0.0183062 0.999832 -0.000741994 0.0274952 0.0280097 0.000228988 0.999608 16.8574
0.999396 -0.0169186 -0.0303505 -0.105841 0.0169035 0.999857 -0.000756125 0.0268034 0.030359 0.000242638 0.999539 17.7468
0.999324 -0.0173756 -0.0324038 -0.130678 0.0173874 0.999849 8.08625e-05 0.0270298 0.0323975 -0.000644225 0.999475 18.6401
0.999276 -0.0168024 -0.0341279 -0.162703 0.0168588 0.999857 0.00136706 0.0282378 0.0341001 -0.00194143 0.999417 19.5485
0.999229 -0.0166119 -0.0355893 -0.200348 0.0166999 0.999858 0.00217757 0.025955 0.035548 -0.00277023 0.999364 20.4365
0.999159 -0.0174657 -0.0371026 -0.237692 0.0175633 0.999843 0.0023071 0.0245271 0.0370564 -0.0029568 0.999309 21.3198
0.999101 -0.0176482 -0.0385581 -0.278583 0.0177353 0.999841 0.00191883 0.0253344 0.0385181 -0.00260094 0.999255 22.2119
0.999099 -0.0172543 -0.0387748 -0.33647 0.0173473 0.999847 0.00206358 0.0293457 0.0387332 -0.00273436 0.999246 23.0717
0.999076 -0.0169515 -0.0395061 -0.382493 0.0171215 0.999846 0.0039676 0.0327079 0.0394327 -0.00464033 0.999212 23.938
0.999032 -0.0180528 -0.0401039 -0.422544 0.018329 0.999811 0.00652945 0.0382736 0.0399785 -0.00725819 0.999174 24.8049
0.999012 -0.0180455 -0.0406184 -0.460893 0.0183855 0.999799 0.00801053 0.0416737 0.0404656 -0.0087494 0.999143 25.6525
0.998965 -0.0177438 -0.0418787 -0.491026 0.0180482 0.999813 0.00690196 0.0451066 0.0417484 -0.00765066 0.999099 26.5055
0.998918 -0.0164188 -0.0435103 -0.518576 0.0166284 0.999852 0.0044591 0.0471388 0.0434307 -0.00517779 0.999043 27.3314
0.998879 -0.016246 -0.0444684 -0.554203 0.0163769 0.999863 0.00258243 0.0528303 0.0444203 -0.00330779 0.999008 28.1457
0.998836 -0.0154709 -0.045697 -0.589532 0.0155808 0.999877 0.00205048 0.0586437 0.0456596 -0.00276008 0.998953 28.9628
0.998787 -0.0155326 -0.0467279 -0.63146 0.0156116 0.999877 0.00132625 0.0610173 0.0467016 -0.00205413 0.998907 29.7549
0.998707 -0.0152833 -0.0484883 -0.674385 0.015319 0.999883 0.000364183 0.0620084 0.048477 -0.0011065 0.998824 30.5446
0.998644 -0.0148588 -0.049888 -0.723539 0.014887 0.999889 0.000192508 0.064446 0.0498796 -0.000934929 0.998755 31.3162
0.99854 -0.0146339 -0.0520061 -0.762868 0.014718 0.999891 0.0012347 0.0694782 0.0519823 -0.00199833 0.998646 32.101
0.998455 -0.0146383 -0.0536043 -0.812845 0.0148426 0.999884 0.00341336 0.0710377 0.0535481 -0.00420371 0.998556 32.8526
0.998376 -0.0133346 -0.0553833 -0.860738 0.0136286 0.999895 0.00493453 0.0740503 0.0553117 -0.00568131 0.998453 33.6108
0.998295 -0.0118497 -0.0571593 -0.908592 0.0121635 0.999913 0.00514469 0.0779532 0.0570934 -0.00583117 0.998352 34.3587
0.998223 -0.00918512 -0.0588841 -0.957735 0.00945732 0.999946 0.00434558 0.0829063 0.058841 -0.00489474 0.998255 35.1093
0.998149 -0.0070012 -0.0604093 -1.01135 0.00722165 0.999968 0.00343177 0.0890692 0.0603834 -0.00386168 0.998168 35.8254
0.998083 -0.00623089 -0.0615757 -1.06588 0.00651256 0.999969 0.00437476 0.0960341 0.0615466 -0.00476739 0.998093 36.539
0.998013 -0.00487308 -0.0628225 -1.11179 0.00524904 0.999969 0.00582077 0.105615 0.0627922 -0.00613896 0.998008 37.2504
0.998049 -0.00157641 -0.0624119 -1.16884 0.00196236 0.999979 0.0061231 0.10975 0.0624009 -0.00623363 0.998032 37.9388
0.998135 0.00160055 -0.0610304 -1.22195 -0.00136667 0.999992 0.00387379 0.112961 0.0610361 -0.00378316 0.998128 38.6238
0.998229 0.00318866 -0.0594096 -1.26393 -0.00314035 0.999995 0.000906547 0.114324 0.0594122 -0.000718375 0.998233 39.3009
0.998362 0.00362837 -0.0571072 -1.30438 -0.00368924 0.999993 -0.000960579 0.118984 0.0571033 0.00116969 0.998368 39.9713
0.998494 0.00454284 -0.0546828 -1.32886 -0.0045623 0.99999 -0.000230927 0.124883 0.0546812 0.000480057 0.998504 40.646
0.998633 0.00934314 -0.0514287 -1.36786 -0.00924122 0.999955 0.00221942 0.127654 0.0514471 -0.00174112 0.998674 41.2866
0.998785 0.0136485 -0.0473458 -1.41096 -0.0133937 0.999894 0.00569466 0.126566 0.0474185 -0.00505361 0.998862 41.9031
0.998898 0.0187608 -0.0430262 -1.44219 -0.0185021 0.999808 0.00640377 0.132401 0.0431381 -0.00560064 0.999053 42.5245
0.999049 0.0223087 -0.037452 -1.47126 -0.0220717 0.999734 0.00673177 0.13649 0.0375922 -0.00589875 0.999276 43.1229
0.999186 0.0261776 -0.0306808 -1.50615 -0.0259213 0.999626 0.00872291 0.140467 0.0308977 -0.00792053 0.999491 43.6907
0.999236 0.0309795 -0.0238146 -1.53096 -0.0307502 0.999478 0.00993507 0.144149 0.0241099 -0.00919518 0.999667 44.2516
0.999277 0.0344634 -0.0160601 -1.55675 -0.0343146 0.999366 0.00944785 0.148567 0.0163755 -0.00888992 0.999826 44.794
0.999255 0.0375071 -0.00903773 -1.55941 -0.037419 0.999252 0.00972505 0.147661 0.00939572 -0.00937963 0.999912 45.3154
0.999124 0.0418223 -0.00155983 -1.5633 -0.0418061 0.999083 0.00923661 0.152411 0.00194469 -0.00916331 0.999956 45.8295
0.998923 0.0460176 0.00588248 -1.5632 -0.0460552 0.998918 0.00642434 0.157952 -0.00558049 -0.00668834 0.999962 46.3126
0.998788 0.0472756 0.0136927 -1.55255 -0.0473259 0.998874 0.00336869 0.161872 -0.013518 -0.00401262 0.9999 46.7764
0.998626 0.0477338 0.0216412 -1.54262 -0.0478151 0.998851 0.00325175 0.162842 -0.0214611 -0.00428205 0.99976 47.2083
0.998455 0.047036 0.0295879 -1.52694 -0.0471937 0.998875 0.00465656 0.163313 -0.0293356 -0.00604572 0.999551 47.6178
0.998111 0.0486582 0.0375057 -1.51025 -0.0488916 0.99879 0.00533109 0.166853 -0.0372009 -0.00715473 0.999282 48.0103
0.997573 0.0519937 0.0463097 -1.4967 -0.0523051 0.998616 0.00553514 0.168911 -0.0459578 -0.00794394 0.998912 48.3699
0.996857 0.0569407 0.0550882 -1.48355 -0.0573034 0.998344 0.00502473 0.168593 -0.0547109 -0.00816567 0.998469 48.698
0.996091 0.0606545 0.0642244 -1.4676 -0.0611004 0.998119 0.00499889 0.171767 -0.0638004 -0.00890349 0.997923 49.0215
0.99549 0.0599469 0.0735239 -1.4396 -0.0605257 0.998151 0.00566821 0.170048 -0.0730481 -0.0100927 0.997277 49.3068
0.994715 0.0587551 0.0842037 -1.40852 -0.0592936 0.998233 0.00390669 0.16775 -0.0838254 -0.00887879 0.996441 49.5918
0.993718 0.0575098 0.096004 -1.37181 -0.057733 0.998332 -0.000453939 0.16479 -0.0958699 -0.00509151 0.995381 49.865
0.992312 0.0583792 0.109124 -1.3315 -0.0582643 0.998292 -0.00424362 0.160852 -0.109185 -0.00214703 0.994019 50.1367
0.990433 0.0596833 0.124419 -1.28649 -0.059349 0.998217 -0.00639498 0.159289 -0.124579 -0.00105036 0.992209 50.4048
0.98819 0.0609711 0.140579 -1.23896 -0.0605068 0.998139 -0.00757817 0.157619 -0.140779 -0.00101731 0.99004 50.6705
0.985619 0.0613809 0.15744 -1.18658 -0.0607773 0.998114 -0.00864988 0.155316 -0.157674 -0.00104326 0.98749 50.9333
0.982628 0.060831 0.175337 -1.12793 -0.0600273 0.998148 -0.00988856 0.152734 -0.175614 -0.000808225 0.984459 51.1804
0.979047 0.0597714 0.194663 -1.06289 -0.0589443 0.998211 -0.0100439 0.14985 -0.194915 -0.00164087 0.980818 51.4272
0.974805 0.0600755 0.214816 -0.992396 -0.0590478 0.998193 -0.011204 0.144161 -0.215101 -0.0017627 0.97659 51.6581
0.969804 0.061857 0.235913 -0.913666 -0.0603875 0.998085 -0.0134559 0.143561 -0.236293 -0.00119659 0.971681 51.9091
0.963908 0.0632112 0.258622 -0.830273 -0.0613124 0.998 -0.0154096 0.138802 -0.259079 -0.0010033 0.965855 52.1504
0.956911 0.0645099 0.283125 -0.736382 -0.0623471 0.997916 -0.0166526 0.13859 -0.283609 -0.00171699 0.958938 52.4129
0.948628 0.0673941 0.309132 -0.641363 -0.06524 0.99772 -0.0173124 0.131726 -0.309594 -0.00374472 0.950861 52.6579
0.939154 0.069429 0.336408 -0.528879 -0.0671603 0.997573 -0.0183901 0.124781 -0.336868 -0.00532216 0.941536 52.9125
0.92834 0.0700843 0.365067 -0.407776 -0.0675778 0.997521 -0.0196548 0.117204 -0.365539 -0.0064241 0.930773 53.1637
0.916043 0.067905 0.395291 -0.270749 -0.0645933 0.997676 -0.0216978 0.110375 -0.395846 -0.00565706 0.918299 53.412
0.901609 0.065042 0.427634 -0.117534 -0.0604209 0.997875 -0.0243847 0.102701 -0.428311 -0.00385254 0.903623 53.6565
0.88482 0.0642355 0.461483 0.0550275 -0.0576354 0.997934 -0.0283993 0.094662 -0.462354 -0.0014695 0.886694 53.9029
0.865885 0.0659888 0.495871 0.237379 -0.0569528 0.99782 -0.033336 0.0851914 -0.49699 0.000623931 0.867756 54.1426
0.844679 0.0677987 0.530963 0.429641 -0.056402 0.997697 -0.0376693 0.0745821 -0.532294 0.00187107 0.846557 54.3761
0.820811 0.0704528 0.566839 0.631842 -0.0572658 0.997514 -0.041058 0.0629139 -0.568322 0.00124035 0.822805 54.601
0.794069 0.0741938 0.603282 0.851775 -0.0599288 0.997243 -0.0437632 0.0484536 -0.604865 -0.00140297 0.796326 54.8386
0.764806 0.0785358 0.639456 1.09897 -0.0637057 0.996897 -0.0462417 0.0313355 -0.641103 -0.00537109 0.767435 55.084
0.732345 0.0796599 0.676258 1.35788 -0.0635698 0.996795 -0.0485754 0.0135799 -0.677959 -0.00741558 0.735061 55.3167
0.695816 0.0769746 0.714084 1.59874 -0.0599068 0.996996 -0.0490968 -0.00642371 -0.715717 -0.00861606 0.698337 55.5364
0.656737 0.0753324 0.750348 1.89542 -0.0570181 0.99711 -0.0502018 -0.0285596 -0.75196 -0.00981397 0.659134 55.7735
0.614525 0.0746965 0.785353 2.20463 -0.0550845 0.997141 -0.0517375 -0.0512989 -0.786971 -0.0114667 0.616882 55.9938
0.568452 0.0743618 0.819349 2.56033 -0.0516005 0.997169 -0.0547005 -0.0705802 -0.821096 -0.0111842 0.570679 56.2185
0.520232 0.0735186 0.850855 2.96446 -0.0485758 0.997222 -0.0564653 -0.0864556 -0.852642 -0.0119559 0.522358 56.4436
0.471615 0.0717564 0.878881 3.36839 -0.0469666 0.997313 -0.0562233 -0.10598 -0.880553 -0.0147623 0.473717 56.6363
0.422055 0.0696334 0.903892 3.80103 -0.0467598 0.997391 -0.0550027 -0.126644 -0.905363 -0.0190516 0.42421 56.8164
0.372204 0.0694416 0.92555 4.25095 -0.0497878 0.997256 -0.0547996 -0.145434 -0.926814 -0.0256844 0.37464 56.979
0.322742 0.0699658 0.943898 4.74328 -0.0476689 0.9972 -0.0576177 -0.16004 -0.945285 -0.0263989 0.325173 57.1389
0.27675 0.066608 0.958631 5.2033 -0.0368338 0.997597 -0.0586818 -0.187954 -0.960235 -0.0190698 0.278538 57.2091
0.233736 0.0604654 0.970418 5.68401 -0.0233473 0.998126 -0.0565683 -0.217288 -0.972019 -0.00943459 0.23471 57.256
0.192248 0.0591528 0.979562 6.19926 -0.0142742 0.998245 -0.0574795 -0.245109 -0.981242 -0.00293213 0.192754 57.3058
0.153726 0.0607831 0.986242 6.75348 -0.0110013 0.99815 -0.0598022 -0.263115 -0.988052 -0.00165677 0.15411 57.3805
0.122275 0.0612902 0.990602 7.26718 -0.00217596 0.998106 -0.0614859 -0.297698 -0.992493 0.00536266 0.122176 57.3827
0.0940619 0.0595049 0.993787 7.81303 0.00529582 0.998169 -0.0602686 -0.3306 -0.995552 0.0109319 0.0935745 57.3896
0.0693099 0.0577078 0.995925 8.39705 0.0125491 0.998196 -0.0587128 -0.35809 -0.997516 0.0165673 0.0684607 57.4073
0.0496538 0.0567908 0.997151 8.97841 0.0171342 0.998187 -0.0577031 -0.383514 -0.998619 0.0199505 0.0485908 57.4138
0.0339569 0.0583951 0.997716 9.56467 0.0200507 0.998051 -0.0590971 -0.412111 -0.999222 0.0220117 0.0327199 57.4129
0.0214735 0.0576967 0.998103 10.1427 0.0209639 0.998088 -0.0581468 -0.449931 -0.999549 0.0221728 0.0202229 57.3887
0.00965242 0.0586623 0.998231 10.7858 0.0218402 0.998028 -0.0588615 -0.478963 -0.999714 0.0223698 0.00835226 57.4012
0.000646591 0.0615948 0.998101 11.4165 0.0266843 0.997745 -0.0615902 -0.50873 -0.999643 0.0266735 -0.0009984 57.3929
-0.00580461 0.0634725 0.997967 12.0464 0.0309642 0.997517 -0.0632638 -0.539692 -0.999503 0.030534 -0.00775548 57.3803
-0.0102925 0.0628271 0.997971 12.6761 0.0314251 0.997552 -0.0624766 -0.570282 -0.999453 0.0307182 -0.0122415 57.3643
-0.0137146 0.0603769 0.998082 13.3496 0.0289264 0.997782 -0.0599613 -0.597485 -0.999487 0.0280485 -0.0154305 57.3579
-0.0163261 0.0536135 0.998428 14.0266 0.0269218 0.998223 -0.0531623 -0.626075 -0.999504 0.0260116 -0.0177403 57.3499
-0.0178335 0.0480185 0.998687 14.6983 0.0280584 0.998477 -0.0475073 -0.657094 -0.999447 0.0271743 -0.0191536 57.3387
-0.0182463 0.0453862 0.998803 15.4072 0.0307962 0.998521 -0.0448108 -0.687777 -0.999359 0.0299416 -0.0196169 57.3203
-0.0180473 0.0475692 0.998705 16.1091 0.0341681 0.998314 -0.0469331 -0.719806 -0.999253 0.0332768 -0.0196422 57.3041
-0.0168609 0.0545443 0.998369 16.8328 0.0352951 0.997922 -0.0539238 -0.75443 -0.999234 0.0343283 -0.0187509 57.2825
-0.014434 0.062193 0.99796 17.5567 0.036218 0.997442 -0.0616369 -0.788846 -0.999239 0.0352544 -0.0166495 57.2673
-0.0140682 0.0627754 0.997928 18.2602 0.0370902 0.997374 -0.0622176 -0.82303 -0.999212 0.0361381 -0.0163595 57.296
-0.013 0.058625 0.998195 19.0125 0.0362334 0.997652 -0.0581212 -0.856619 -0.999258 0.0354124 -0.0150936 57.3067
-0.0119714 0.0526289 0.998542 19.7603 0.0354074 0.99801 -0.0521764 -0.892241 -0.999301 0.0347311 -0.013811 57.3273
-0.00857124 0.0512231 0.99865 20.5346 0.0332804 0.998149 -0.0509118 -0.927629 -0.999409 0.0327991 -0.01026 57.3131
-0.00587425 0.0561557 0.998405 21.2502 0.041345 0.997582 -0.0558661 -0.970708 -0.999127 0.0409508 -0.00818171 57.3077
-0.00268025 0.0614413 0.998107 21.9797 0.0433271 0.997181 -0.0612679 -1.01085 -0.999057 0.0430808 -0.00533468 57.3022
-0.000160386 0.061934 0.99808 22.7313 0.0373016 0.997386 -0.061885 -1.05052 -0.999303 0.03722 -0.00247012 57.3106
0.00308053 0.0585775 0.998278 23.4964 0.0329299 0.997736 -0.0586473 -1.0876 -0.999452 0.0330539 0.00114468 57.3271
0.00748712 0.0551097 0.998452 24.2433 0.0374456 0.997765 -0.0553525 -1.12761 -0.99927 0.0378021 0.00540685 57.3279
0.0121473 0.0556909 0.998374 24.9525 0.0418337 0.997546 -0.0561537 -1.17716 -0.99905 0.0424478 0.00978781 57.287
0.0154681 0.0601598 0.998069 25.7134 0.0415088 0.99729 -0.0607561 -1.21763 -0.999018 0.0423684 0.0129291 57.2928
0.0186995 0.0612342 0.997948 26.4928 0.0379767 0.997359 -0.0619096 -1.25256 -0.999103 0.0390565 0.0163247 57.3308
0.0218123 0.0609067 0.997905 27.2702 0.0375447 0.997389 -0.0616959 -1.29106 -0.999056 0.0388118 0.0194687 57.3696
0.0258822 0.0576843 0.997999 28.0086 0.041661 0.997405 -0.0587303 -1.33456 -0.998796 0.0430977 0.023412 57.3691
0.0298274 0.0582062 0.997859 28.7544 0.0463794 0.997148 -0.0595511 -1.37773 -0.998478 0.0480563 0.0270429 57.3709
0.0336199 0.0589435 0.997695 29.5457 0.0490851 0.996958 -0.060554 -1.42111 -0.998228 0.0510077 0.0306244 57.3925
0.0363639 0.0590199 0.997594 30.3148 0.0494166 0.996928 -0.0607817 -1.45954 -0.998115 0.0515079 0.0333357 57.4209
0.0397804 0.0578021 0.997535 31.0917 0.0508283 0.996916 -0.0597932 -1.49746 -0.997914 0.0530815 0.0367198 57.4525
0.0431833 0.0570755 0.997435 31.8683 0.052808 0.996841 -0.0593277 -1.53642 -0.99767 0.0552345 0.0400329 57.4883
0.0456991 0.0575524 0.997296 32.6662 0.0511135 0.996897 -0.0598716 -1.57761 -0.997646 0.0537113 0.0426157 57.5428
0.0486029 0.0591893 0.997063 33.422 0.0485553 0.996923 -0.0615478 -1.6199 -0.997636 0.051404 0.0455795 57.5861
0.0511052 0.0590796 0.996944 34.1791 0.05052 0.996818 -0.0616618 -1.66255 -0.997414 0.0535168 0.0479579 57.6302
0.0539064 0.0588198 0.996812 34.9097 0.0483267 0.996941 -0.0614408 -1.70304 -0.997375 0.0514847 0.050899 57.6593
0.0571951 0.0593146 0.996599 35.6757 0.04683 0.996976 -0.0620246 -1.74196 -0.997263 0.0502182 0.0542445 57.6899
0.0607264 0.0596523 0.99637 36.4477 0.0438672 0.997089 -0.0623689 -1.78234 -0.997189 0.0474954 0.0579329 57.7306
0.0645713 0.0617743 0.995999 37.2201 0.0424836 0.997008 -0.0645911 -1.82485 -0.997008 0.0464843 0.0617537 57.7748
0.0673854 0.0651746 0.995596 38.0327 0.0415678 0.996815 -0.0680679 -1.87375 -0.99686 0.0459715 0.0644616 57.8549
0.0714723 0.067302 0.995169 38.7719 0.0416852 0.996648 -0.0703959 -1.92126 -0.99657 0.0465151 0.0684272 57.8822
0.0740375 0.0694572 0.994833 39.5665 0.0355878 0.996753 -0.0722397 -1.97245 -0.996619 0.0407523 0.0713253 57.9599
0.0766024 0.068671 0.994694 40.345 0.0318722 0.996947 -0.071281 -2.02222 -0.996551 0.0371634 0.0741799 58.0272
0.0797376 0.0693109 0.994403 41.1019 0.0340474 0.996809 -0.0722087 -2.0732 -0.996233 0.0396145 0.0771233 58.082
0.0839452 0.0705881 0.993967 41.9053 0.0335377 0.996723 -0.0736163 -2.12462 -0.995905 0.039515 0.0813027 58.1504
0.0873393 0.0712688 0.993626 42.7119 0.0297188 0.996808 -0.0741093 -2.17834 -0.995734 0.036002 0.0849425 58.2373
0.0908948 0.069505 0.993432 43.5015 0.0287276 0.996964 -0.0723806 -2.22899 -0.995445 0.0351179 0.0886221 58.3188
0.0961049 0.0693307 0.992953 44.2885 0.0293043 0.996942 -0.0724455 -2.28638 -0.994939 0.0360601 0.0937793 58.3812
0.101572 0.0726614 0.992171 45.0883 0.0259673 0.996796 -0.0756584 -2.34518 -0.994488 0.0334488 0.0993597 58.4626
0.106731 0.0812877 0.990959 45.9007 0.0240816 0.996149 -0.0843071 -2.40379 -0.993995 0.032862 0.104363 58.577
0.113956 0.085763 0.989777 46.6918 0.0227814 0.99578 -0.0889061 -2.46689 -0.993224 0.0326799 0.111521 58.6668
0.120412 0.0888734 0.988737 47.5287 0.0182442 0.995619 -0.0917137 -2.53248 -0.992555 0.0290821 0.118263 58.8034
0.12687 0.0872905 0.988071 48.3503 0.0142874 0.995857 -0.0898128 -2.6017 -0.991816 0.0255115 0.125097 58.9318
0.134265 0.0854439 0.987255 49.1652 0.0142617 0.996006 -0.0881409 -2.67136 -0.990842 0.0259141 0.13251 59.0481
0.141415 0.081867 0.986559 49.9794 0.0139468 0.996311 -0.0846754 -2.738 -0.989851 0.0257337 0.139751 59.1702
0.148687 0.076456 0.985924 50.7922 0.0120128 0.996794 -0.0791106 -2.79988 -0.98881 0.0236064 0.147292 59.2967
0.155706 0.0691848 0.985377 51.6117 0.0100322 0.997382 -0.071613 -2.85571 -0.987751 0.0210361 0.154605 59.4352
0.163121 0.066569 0.984357 52.4365 0.0103684 0.997551 -0.0691794 -2.91476 -0.986551 0.0214908 0.162031 59.5823
0.170527 0.0681589 0.982992 53.2207 0.0100858 0.997432 -0.0709098 -2.97522 -0.9853 0.0220063 0.169402 59.707
0.176608 0.0742352 0.981478 54.0463 0.0105904 0.996951 -0.0773112 -3.04019 -0.984223 0.024048 0.175283 59.8687
0.182043 0.0773703 0.980242 54.8632 0.00911996 0.996724 -0.080365 -3.10554 -0.983247 0.0235696 0.180741 60.0341
0.187407 0.0802085 0.979002 55.6483 0.00764031 0.996512 -0.0831057 -3.1709 -0.982252 0.0230544 0.18614 60.1854
0.193661 0.0796412 0.97783 56.4186 0.00559954 0.996594 -0.0822784 -3.23184 -0.981051 0.0214095 0.192556 60.3281
0.199773 0.0765067 0.97685 57.1765 0.00974322 0.996743 -0.0800572 -3.29023 -0.979793 0.0255109 0.198377 60.4619
0.205321 0.0699355 0.976192 57.946 0.0107 0.997224 -0.0736928 -3.34385 -0.978635 0.0255759 0.204002 60.6111
0.208637 0.0636961 0.975916 58.7175 0.00907236 0.997708 -0.0670579 -3.40033 -0.97795 0.0228446 0.20758 60.7877
0.212833 0.0604332 0.975218 59.4798 0.0054445 0.997997 -0.063033 -3.45277 -0.977073 0.018725 0.212077 60.9589
0.216641 0.060684 0.974363 60.199 0.00377838 0.998007 -0.0629966 -3.49925 -0.976243 0.0173292 0.21598 61.1116
0.22043 0.0631735 0.973354 60.9359 0.00175775 0.997874 -0.0651629 -3.54266 -0.9754 0.0160748 0.21985 61.2619
0.221536 0.0674114 0.972819 61.6449 -0.00239269 0.997643 -0.0685867 -3.59293 -0.975148 0.0128667 0.221175 61.4403
0.223818 0.0714651 0.972007 62.3353 -0.00359841 0.997362 -0.0725007 -3.64311 -0.974623 0.0127293 0.223485 61.5995
0.226814 0.076749 0.970909 63.0277 -0.00410869 0.996957 -0.0778483 -3.69385 -0.973929 0.0136679 0.226439 61.7529
0.228934 0.0786598 0.970258 63.7101 -0.00322736 0.996786 -0.080049 -3.74544 -0.973436 0.0151946 0.228452 61.9077
0.230497 0.0787678 0.969879 64.4006 -0.0058045 0.996813 -0.0795757 -3.7958 -0.973055 0.0127123 0.230219 62.08
0.230873 0.0760763 0.970005 65.0417 -0.00604122 0.997032 -0.0767581 -3.84833 -0.972964 0.0118613 0.230647 62.23
0.231424 0.0737402 0.970054 65.7039 -0.00591137 0.997212 -0.0743944 -3.89813 -0.972834 0.0114823 0.231214 62.3942
0.231584 0.0723728 0.970119 66.3423 -0.00462893 0.9973 -0.0732956 -3.94534 -0.972803 0.0124834 0.231293 62.5364
0.23096 0.0714422 0.970336 66.9882 -0.00451062 0.997369 -0.0723589 -3.99255 -0.972952 0.0123352 0.230675 62.6832
0.230555 0.0723568 0.970365 67.6099 -0.00553919 0.997313 -0.0730501 -4.03872 -0.973043 0.011467 0.230336 62.8113
0.228218 0.0752868 0.970694 68.2347 -0.00616155 0.997098 -0.075886 -4.08515 -0.97359 0.0113376 0.22802 62.9693
0.225973 0.0789999 0.970924 68.827 -0.00437256 0.996779 -0.0800859 -4.1342 -0.974123 0.0138518 0.225591 63.0993
0.224199 0.0794196 0.971301 69.4326 -0.0020375 0.99671 -0.0810269 -4.18024 -0.97454 0.0161871 0.223623 63.24
0.222332 0.0781711 0.971831 70.0273 -0.00258996 0.996825 -0.0795889 -4.22424 -0.974967 0.0151782 0.221829 63.3735
0.220317 0.0753876 0.97251 70.6116 -0.00264173 0.997052 -0.0766915 -4.267 -0.975424 0.0143274 0.219867 63.5
0.218572 0.0715388 0.973194 71.1875 -0.00194659 0.997339 -0.0728765 -4.31166 -0.975818 0.0140343 0.218129 63.6232
0.217037 0.0702407 0.973632 71.7458 0.00210758 0.997372 -0.0724232 -4.35692 -0.97616 0.0177705 0.216319 63.7341
0.2158 0.0707057 0.973873 72.3014 0.00672935 0.997244 -0.0738936 -4.40107 -0.976413 0.0224998 0.21473 63.8423
0.213404 0.0721155 0.974298 72.8429 0.0113371 0.997022 -0.0762807 -4.44162 -0.976897 0.0273243 0.211951 63.9492
0.212046 0.0737578 0.974472 73.3831 0.0108803 0.996908 -0.0778236 -4.48246 -0.977198 0.0271047 0.210588 64.0543
0.210817 0.0762998 0.974543 73.9262 0.0105163 0.996715 -0.0803106 -4.52308 -0.977468 0.0271794 0.209322 64.1671
0.209449 0.0744215 0.974983 74.4667 0.0127923 0.996806 -0.0788353 -4.56368 -0.977735 0.0289842 0.207828 64.2747
0.209756 0.0725261 0.97506 75.0208 0.0190111 0.996754 -0.0782294 -4.606 -0.977568 0.034946 0.207696 64.39
0.212126 0.0702297 0.974715 75.5615 0.0243272 0.996726 -0.0771099 -4.64297 -0.976938 0.0400691 0.209723 64.4802
0.214235 0.0691296 0.974332 76.1118 0.0277385 0.99666 -0.0768129 -4.68119 -0.976387 0.0434825 0.211601 64.5845
0.217892 0.0682556 0.973582 76.6774 0.026262 0.996781 -0.0757595 -4.72108 -0.975618 0.0420757 0.215398 64.7132
0.223249 0.0687458 0.972333 77.2453 0.0253766 0.996762 -0.0762994 -4.76132 -0.97443 0.0417082 0.220782 64.8498
0.229658 0.0673043 0.970941 77.8067 0.0270797 0.996778 -0.0755005 -4.80015 -0.972894 0.043632 0.227095 64.9804
0.236858 0.067155 0.96922 78.3945 0.0256738 0.996828 -0.0753421 -4.84095 -0.971204 0.0427289 0.234382 65.1494
0.245211 0.0645663 0.967317 78.9643 0.0267925 0.996948 -0.0733359 -4.87956 -0.969098 0.0438996 0.242733 65.2907
0.254121 0.0642567 0.965035 79.5413 0.0237015 0.997078 -0.0726315 -4.92036 -0.966881 0.0413299 0.251855 65.447
0.263683 0.0640135 0.962482 80.1191 0.0227313 0.997107 -0.0725438 -4.95948 -0.96434 0.0410071 0.261465 65.6038
0.273101 0.0676371 0.959604 80.7156 0.0176549 0.997005 -0.0752978 -5.00172 -0.961822 0.0375056 0.271089 65.7918
0.282016 0.069721 0.956873 81.289 0.0145182 0.996932 -0.0769187 -5.04079 -0.959299 0.0355843 0.280138 65.9614
0.291896 0.0726799 0.953684 81.9779 0.0110084 0.996788 -0.0793342 -5.08263 -0.956386 0.0336559 0.290158 66.2685
0.302222 0.0746376 0.95031 82.5608 0.00985641 0.996632 -0.0814103 -5.12172 -0.953186 0.0339706 0.300468 66.4326
0.312056 0.075416 0.947065 83.1912 0.00673072 0.996644 -0.0815818 -5.16982 -0.950039 0.0318325 0.310501 66.653
0.322111 0.0758045 0.943661 83.8111 0.00594328 0.996608 -0.0820864 -5.21575 -0.946682 0.0320493 0.320568 66.8666
0.3321 0.0768007 0.940112 84.4591 0.00183284 0.996626 -0.082065 -5.26156 -0.943241 0.0289768 0.330838 67.1162
0.341932 0.0717547 0.936981 85.1258 0.00282938 0.996998 -0.0773835 -5.30706 -0.939719 0.029111 0.340702 67.3882
0.352751 0.0644866 0.933492 85.7576 0.00652874 0.997429 -0.0713706 -5.35389 -0.935694 0.0312705 0.351422 67.5974
0.363616 0.0597226 0.929632 86.4338 0.00863028 0.997684 -0.0674702 -5.40166 -0.931508 0.0325562 0.362259 67.8598
0.373423 0.056374 0.925946 87.1414 0.00820111 0.997912 -0.064063 -5.44577 -0.927624 0.0315163 0.372181 68.1747
0.382666 0.0531856 0.922354 87.8198 0.0149192 0.997856 -0.063729 -5.48753 -0.923765 0.0381476 0.381051 68.4449
0.390969 0.0479972 0.919151 88.5243 0.0216023 0.997886 -0.0612975 -5.51812 -0.920149 0.0438211 0.389105 68.7369
0.397419 0.0380574 0.916847 89.2301 0.0318713 0.997965 -0.0552395 -5.55636 -0.917082 0.0511743 0.395397 69.0293
0.404359 0.0334221 0.913989 89.9563 0.0378635 0.997864 -0.0532404 -5.59116 -0.913815 0.056135 0.40223 69.339
0.410898 0.0332437 0.911074 90.6614 0.0401479 0.997706 -0.0545117 -5.6359 -0.910796 0.0589764 0.408621 69.6551
0.418303 0.0397329 0.907438 91.416 0.0423755 0.997102 -0.0631928 -5.66864 -0.907317 0.0648868 0.415407 70.0092
0.424732 0.0439337 0.904252 92.1128 0.0460861 0.996478 -0.0700615 -5.70974 -0.904144 0.0714308 0.421211 70.3406
0.429398 0.0464411 0.90192 92.8084 0.0440966 0.996408 -0.0723005 -5.7535 -0.902037 0.0708172 0.425807 70.6768
0.433428 0.0483734 0.899888 93.509 0.0371553 0.99675 -0.071476 -5.80339 -0.900421 0.0644153 0.430222 71.035
0.436897 0.0519738 0.898008 94.2085 0.0308019 0.99688 -0.0726818 -5.85854 -0.898983 0.0594148 0.433932 71.408
0.440202 0.0551346 0.896204 94.8971 0.0298609 0.996662 -0.075982 -5.91721 -0.897401 0.0602088 0.437086 71.7682
0.443675 0.0592819 0.894224 95.6385 0.0266843 0.996494 -0.0793014 -5.98454 -0.895789 0.0590458 0.440537 72.2009
0.446784 0.0623846 0.892463 96.3271 0.0237987 0.996384 -0.081563 -6.04132 -0.894324 0.0576805 0.443684 72.5775
0.450612 0.0611243 0.890624 96.9778 0.0225699 0.996555 -0.0798137 -6.09394 -0.892433 0.0560663 0.44768 72.9083
0.454647 0.0581549 0.88877 97.6325 0.0238051 0.996717 -0.0773956 -6.14422 -0.890352 0.0563449 0.45177 73.2433
0.458242 0.0556891 0.887081 98.2856 0.0237315 0.996913 -0.0748432 -6.19277 -0.88851 0.055348 0.455505 73.581
0.462205 0.054831 0.885076 98.9349 0.0231466 0.997001 -0.0738525 -6.24091 -0.88647 0.0546215 0.45955 73.9215
0.466119 0.0566301 0.882907 99.5687 0.0213521 0.996939 -0.0752168 -6.28891 -0.884463 0.0539119 0.463483 74.2554
0.468946 0.0571272 0.881377 100.171 0.0225113 0.996809 -0.0765865 -6.33651 -0.882939 0.0557558 0.466164 74.568
0.471271 0.0552144 0.880258 100.794 0.0248985 0.996808 -0.0758552 -6.38417 -0.881635 0.0576654 0.468392 74.9024
0.473436 0.0539945 0.879171 101.399 0.0271537 0.996751 -0.075838 -6.43168 -0.880408 0.0597772 0.470431 75.2182
0.475535 0.054134 0.878029 101.993 0.0258707 0.996813 -0.0754689 -6.4793 -0.879315 0.0586033 0.472619 75.5408
0.477735 0.0534162 0.876878 102.563 0.0276356 0.996742 -0.0757741 -6.52414 -0.878068 0.060433 0.474702 75.8395
0.480885 0.0550894 0.875051 103.132 0.0272345 0.996604 -0.0777087 -6.57021 -0.876359 0.0612005 0.477752 76.1404
0.484139 0.0548503 0.873269 103.694 0.0305627 0.996364 -0.0795258 -6.6165 -0.874456 0.065191 0.480703 76.4369
0.487446 0.0539231 0.871486 104.257 0.0327265 0.996262 -0.0799486 -6.66475 -0.872538 0.0674913 0.483859 76.7531
0.490857 0.0520986 0.869681 104.8 0.0360625 0.99614 -0.0800284 -6.70904 -0.870492 0.0706453 0.487083 77.0509
0.494776 0.0510423 0.867519 105.326 0.0377909 0.996066 -0.0801591 -6.75119 -0.868197 0.0724451 0.490901 77.3262
0.498059 0.050666 0.865661 105.861 0.0389829 0.995974 -0.0807219 -6.79763 -0.866265 0.0739502 0.494078 77.6475
0.502549 0.0495209 0.863129 106.36 0.0400899 0.99595 -0.0804833 -6.83727 -0.863618 0.0750495 0.498528 77.8905
0.506335 0.0488299 0.860953 106.878 0.0419031 0.995823 -0.0811229 -6.88267 -0.861317 0.0771519 0.502174 78.1902
0.510733 0.0500843 0.858279 107.391 0.0414582 0.995706 -0.0827743 -6.92951 -0.858738 0.0778582 0.506463 78.4936
0.515299 0.0502138 0.855537 107.9 0.0435658 0.995457 -0.0846662 -6.97623 -0.855901 0.0809005 0.51077 78.7992
0.520388 0.0535414 0.852249 108.391 0.0415026 0.995267 -0.0878681 -7.02369 -0.852919 0.081096 0.515703 79.0928
0.526252 0.0593743 0.848252 108.878 0.037978 0.994923 -0.0932021 -7.07376 -0.849479 0.0812627 0.521325 79.3937
0.532393 0.0665274 0.843878 109.361 0.0325289 0.994563 -0.0989289 -7.1258 -0.84587 0.0801194 0.527334 79.706
0.538731 0.0726286 0.839341 109.839 0.0274091 0.994239 -0.103625 -7.17929 -0.842031 0.0788312 0.533636 80.0191
0.545251 0.0769812 0.83473 110.325 0.0236263 0.993968 -0.1071 -7.23756 -0.837938 0.0781178 0.540143 80.3493
0.550961 0.0774226 0.830931 110.814 0.0191987 0.994248 -0.10537 -7.2943 -0.834309 0.0740074 0.546305 80.6856
0.556441 0.0767298 0.827336 111.315 0.0127507 0.994821 -0.100839 -7.35125 -0.830788 0.0666599 0.552581 81.0526
0.562219 0.0746888 0.823608 111.811 0.00652401 0.995482 -0.0947286 -7.40591 -0.826962 0.0586314 0.559191 81.412
0.56764 0.0730396 0.82003 112.316 0.000650048 0.996017 -0.0891647 -7.45897 -0.823275 0.0511464 0.565331 81.805
0.574165 0.0708406 0.815669 112.814 -0.00145734 0.996337 -0.0855057 -7.50949 -0.818737 0.0479056 0.572164 82.1434
0.580878 0.0745485 0.810569 113.324 -0.00675368 0.996204 -0.0867816 -7.56082 -0.813962 0.0449351 0.579176 82.5127
0.587016 0.0784748 0.805762 113.842 -0.010761 0.995959 -0.0891589 -7.61382 -0.809503 0.0436669 0.585488 82.911
0.593449 0.0817741 0.800706 114.354 -0.0138496 0.995716 -0.0914252 -7.66818 -0.804751 0.0431667 0.592039 83.2825
0.599922 0.0838864 0.795648 114.886 -0.0160026 0.995547 -0.0928961 -7.71939 -0.799897 0.0429979 0.598593 83.6926
0.606472 0.0847315 0.790576 115.424 -0.0187754 0.995554 -0.0922973 -7.77179 -0.794881 0.0411323 0.605367 84.1116
0.612307 0.0867631 0.785844 115.97 -0.0244726 0.995564 -0.0908494 -7.82856 -0.79024 0.036396 0.611714 84.5797
0.621387 0.0844727 0.778936 116.524 -0.025011 0.995803 -0.0880388 -7.88928 -0.783104 0.0352241 0.620891 84.9536
0.628586 0.0824522 0.773356 117.092 -0.0253966 0.99601 -0.0855483 -7.9482 -0.777324 0.0341338 0.628172 85.4347
0.636256 0.0822982 0.767075 117.659 -0.0257965 0.996007 -0.0854629 -8.00519 -0.771045 0.0345884 0.635838 85.9086
0.644049 0.0846338 0.760288 118.23 -0.0302765 0.995902 -0.0852144 -8.05916 -0.764384 0.0318633 0.643972 86.4059
0.653092 0.0851637 0.752474 118.809 -0.031192 0.995838 -0.085635 -8.11469 -0.756635 0.0324563 0.65303 86.8785
0.660015 0.0860054 0.746312 119.385 -0.0329722 0.995784 -0.0855951 -8.16462 -0.750527 0.0318864 0.660068 87.3977
0.665217 0.0852245 0.74177 119.961 -0.0328094 0.995841 -0.0849923 -8.21598 -0.745928 0.0322013 0.665246 87.9215
0.668908 0.0840088 0.738582 120.552 -0.0315212 0.995905 -0.0847299 -8.26948 -0.742675 0.0333954 0.668816 88.4691
0.673276 0.0813126 0.734906 121.154 -0.0280377 0.996027 -0.0845176 -8.32907 -0.738858 0.0362985 0.67288 88.9996
0.6764 0.0774631 0.732449 121.769 -0.0225346 0.996165 -0.0845432 -8.38764 -0.736188 0.0406795 0.675551 89.5827
0.680619 0.0706153 0.729226 122.387 -0.0146666 0.996458 -0.0828041 -8.45514 -0.732489 0.0456627 0.679244 90.1337
0.684712 0.0644127 0.725961 123.008 -0.00894929 0.996755 -0.0799988 -8.52085 -0.728757 0.0482793 0.683066 90.7016
0.688291 0.058656 0.723058 123.634 -0.00344343 0.996979 -0.0775991 -8.58498 -0.725425 0.050921 0.686414 91.2802
0.692157 0.0571238 0.719482 124.257 -0.00332442 0.997105 -0.0759678 -8.64779 -0.721738 0.0501897 0.690343 91.8622
0.694236 0.0586357 0.717355 124.862 -0.00412079 0.996983 -0.0775043 -8.70948 -0.719735 0.0508501 0.692383 92.4812
0.697326 0.0632874 0.713954 125.487 -0.00968026 0.996835 -0.0789082 -8.77039 -0.716688 0.0481134 0.695731 93.1196
0.699945 0.0670545 0.711042 126.121 -0.0159736 0.996804 -0.0782789 -8.83088 -0.714017 0.0434329 0.698778 93.7835
0.703223 0.0641673 0.708067 126.746 -0.0163336 0.997114 -0.0741398 -8.88979 -0.71078 0.0405715 0.702242 94.389
0.70713 0.0616681 0.704388 127.38 -0.0195788 0.997515 -0.0676759 -8.94724 -0.706811 0.0340645 0.70658 95.0196
0.71069 0.0561626 0.70126 128.01 -0.0188163 0.997969 -0.0608562 -9.00024 -0.703253 0.0300547 0.710303 95.6515
0.715073 0.0522338 0.697095 128.643 -0.0167779 0.9982 -0.0575852 -9.0502 -0.698847 0.0294818 0.714662 96.3024
0.719511 0.0487813 0.692765 129.269 -0.0108738 0.998199 -0.058995 -9.09859 -0.694395 0.0349145 0.718745 96.9299
0.724291 0.0451433 0.688014 129.889 -0.000517454 0.99789 -0.0649308 -9.15075 -0.689493 0.0466727 0.722785 97.5562
0.72923 0.0463316 0.682697 130.529 0.0051477 0.997305 -0.0731812 -9.20581 -0.684247 0.0568802 0.727026 98.2501
0.734483 0.0462805 0.677046 131.164 0.00826687 0.996988 -0.0771188 -9.26429 -0.678575 0.0622394 0.731888 98.9486
0.740095 0.041848 0.671199 131.789 0.010849 0.997189 -0.0741355 -9.32151 -0.672414 0.0621491 0.73756 99.6294
0.745688 0.0363105 0.665304 132.436 0.0154831 0.9973 -0.0717838 -9.38435 -0.666114 0.0638292 0.743112 100.375
0.751172 0.0325741 0.659301 133.045 0.0201889 0.997181 -0.0722699 -9.44463 -0.659796 0.0675976 0.748396 100.988
0.755325 0.0343266 0.65445 133.67 0.0222216 0.996712 -0.0779254 -9.51372 -0.654972 0.0734018 0.752078 101.754
0.758971 0.0353832 0.650161 134.276 0.0216924 0.996594 -0.0795596 -9.57598 -0.650761 0.0744869 0.755618 102.444
0.761949 0.0324783 0.646821 134.888 0.0241815 0.996619 -0.078528 -9.64184 -0.647183 0.0754754 0.758587 103.158
0.765024 0.0265716 0.643453 135.511 0.0280182 0.996829 -0.0744763 -9.70454 -0.64339 0.0750045 0.761853 103.847
0.766658 0.0225843 0.641658 136.133 0.0309715 0.996917 -0.0720932 -9.76711 -0.641307 0.0751438 0.763594 104.571
0.767635 0.0177417 0.640641 136.75 0.0347744 0.996991 -0.0692782 -9.82668 -0.639941 0.0754582 0.764708 105.28
0.768006 0.0166213 0.640227 137.367 0.0351992 0.997057 -0.0681097 -9.88703 -0.639473 0.074844 0.76516 106.031
0.768149 0.0170064 0.640044 137.976 0.0340195 0.997151 -0.0673235 -9.9466 -0.639365 0.0734884 0.765382 106.754
0.768042 0.0187548 0.640124 138.585 0.0328952 0.997096 -0.0686824 -10.0075 -0.639553 0.0738078 0.765194 107.478
0.767331 0.0228417 0.640844 139.192 0.0287043 0.99714 -0.0699111 -10.0688 -0.640607 0.0720398 0.76448 108.191
0.765907 0.0263824 0.642409 139.799 0.0255279 0.997122 -0.0713852 -10.1319 -0.642443 0.0710737 0.763029 108.903
0.764325 0.0292993 0.644164 140.414 0.0214207 0.997262 -0.0707761 -10.1954 -0.644473 0.0678943 0.761604 109.643
0.762607 0.0308178 0.646127 141.028 0.0192206 0.997344 -0.0702551 -10.2567 -0.646575 0.0659959 0.759988 110.348
0.761029 0.0301177 0.648018 141.645 0.0186632 0.997492 -0.0682781 -10.3163 -0.648448 0.0640556 0.758557 111.043
0.759232 0.0289372 0.650176 142.268 0.0177834 0.997715 -0.0651714 -10.3735 -0.650576 0.0610425 0.756982 111.758
0.757155 0.0248591 0.652762 142.888 0.0219459 0.997743 -0.0634526 -10.4316 -0.652865 0.0623688 0.7549 112.444
0.755278 0.0284185 0.654787 143.505 0.0217327 0.997424 -0.0683574 -10.4931 -0.655042 0.065859 0.752715 113.108
0.752207 0.0383579 0.657809 144.112 0.0163706 0.996908 -0.0768512 -10.5569 -0.658721 0.0685767 0.749253 113.81
0.749676 0.0446743 0.660294 144.752 0.0141229 0.996412 -0.08345 -10.6182 -0.661652 0.0718857 0.746355 114.531
0.745935 0.0438889 0.66457 145.332 0.0123519 0.996743 -0.0796902 -10.6812 -0.665902 0.0676524 0.742964 115.202
0.743205 0.0423238 0.667722 146.001 0.00974259 0.997207 -0.0740522 -10.7484 -0.66899 0.0615413 0.740717 115.931
0.74012 0.0405587 0.67125 146.63 0.00806623 0.997572 -0.0691697 -10.8135 -0.672425 0.0566083 0.737995 116.622
0.737159 0.0402153 0.67452 147.261 0.00871369 0.997579 -0.0689992 -10.8788 -0.675661 0.0567409 0.735024 117.31
0.734708 0.0382533 0.677303 147.887 0.0108159 0.997621 -0.0680771 -10.9389 -0.678295 0.0573424 0.732546 117.958
0.732444 0.0368664 0.679827 148.528 0.0150317 0.997414 -0.0702839 -10.9997 -0.680659 0.061698 0.729996 118.616
0.728818 0.035721 0.683774 149.147 0.0187247 0.997225 -0.0720542 -11.0621 -0.684449 0.0653179 0.726126 119.27
0.725128 0.035953 0.687674 149.778 0.0218112 0.996936 -0.0751211 -11.1234 -0.688267 0.0694713 0.722121 119.926
0.721369 0.0362137 0.691603 150.411 0.0216927 0.99696 -0.0748291 -11.1843 -0.69221 0.0689821 0.71839 120.58
0.717148 0.0379708 0.695885 151.049 0.0195739 0.997023 -0.0745744 -11.2498 -0.696645 0.067102 0.714269 121.261
0.71263 0.0371752 0.700553 151.674 0.0209411 0.997022 -0.0742096 -11.3088 -0.701225 0.0675543 0.70973 121.865
0.707557 0.0399182 0.705527 152.319 0.0184671 0.997017 -0.0749307 -11.3696 -0.706413 0.0660467 0.704709 122.495
0.701749 0.0466135 0.710897 152.979 0.0152571 0.996645 -0.0804108 -11.4338 -0.712259 0.0672744 0.698683 123.173
0.696288 0.0517896 0.715891 153.635 0.0130749 0.996312 -0.0847931 -11.4973 -0.717642 0.0684005 0.693043 123.807
0.690619 0.053859 0.721209 154.305 0.0136371 0.996076 -0.0874444 -11.5619 -0.723088 0.0702259 0.687175 124.444
0.684205 0.0489627 0.727643 154.971 0.0126808 0.996794 -0.0789976 -11.6298 -0.729177 0.0632777 0.681391 125.064
0.677973 0.0456894 0.733665 155.662 0.00707888 0.997614 -0.0686686 -11.6912 -0.735051 0.051749 0.676032 125.705
0.671539 0.0407888 0.739845 156.355 0.00823551 0.998011 -0.0624971 -11.7484 -0.740922 0.0480622 0.669867 126.318
0.6647 0.042035 0.745926 157.074 0.00383045 0.998211 -0.0596654 -11.8007 -0.747099 0.0425168 0.663349 126.983
0.656925 0.0431471 0.752719 157.776 0.00555501 0.998057 -0.0620583 -11.8507 -0.753934 0.044949 0.655409 127.589
0.650519 0.0424533 0.758302 158.479 0.0113329 0.997783 -0.0655826 -11.9131 -0.759404 0.0512564 0.648595 128.164
0.643882 0.05015 0.763479 159.213 0.012641 0.997016 -0.0761511 -11.9763 -0.765018 0.0586834 0.641327 128.775
0.6368 0.0509016 0.769346 159.966 0.0168401 0.996662 -0.0798801 -12.0317 -0.770843 0.0638234 0.633817 129.395
0.629684 0.0471318 0.77542 160.692 0.0194324 0.99689 -0.0763735 -12.0961 -0.776607 0.0631594 0.626809 129.99
0.622781 0.0412569 0.781307 161.441 0.0237953 0.997148 -0.0716216 -12.1594 -0.782032 0.0631959 0.620023 130.571
0.616273 0.0404318 0.786494 162.196 0.0244444 0.997218 -0.0704187 -12.2218 -0.787151 0.0626225 0.61357 131.152
0.609182 0.0422471 0.791904 162.916 0.0228397 0.997231 -0.0707708 -12.2837 -0.7927 0.0611991 0.60653 131.715
0.602463 0.0397242 0.797157 163.663 0.0277573 0.997113 -0.0706666 -12.3462 -0.797662 0.0647009 0.599621 132.306
0.596858 0.033545 0.801645 164.41 0.0330043 0.997253 -0.0663033 -12.4087 -0.801666 0.0660313 0.594111 132.878
0.591816 0.0307163 0.805487 165.125 0.0336917 0.997457 -0.0627912 -12.4705 -0.805367 0.064299 0.589276 133.395
0.587544 0.0296114 0.80865 165.867 0.0323274 0.997673 -0.0600214 -12.5298 -0.808545 0.0614067 0.585219 133.942
0.582982 0.0318189 0.811861 166.631 0.0321811 0.997544 -0.062205 -12.5826 -0.811845 0.062391 0.580527 134.514
0.579698 0.0337883 0.81413 167.285 0.0336458 0.997295 -0.0653474 -12.6366 -0.814135 0.0652737 0.576993 134.917
0.577087 0.039342 0.815734 168.005 0.0331177 0.99689 -0.071508 -12.6929 -0.816009 0.0682816 0.57399 135.412
0.573752 0.0420742 0.817947 168.745 0.0311756 0.996834 -0.0731441 -12.7494 -0.818434 0.0674665 0.570623 135.963
0.57098 0.0372776 0.820117 169.445 0.0320626 0.997194 -0.067649 -12.8035 -0.820336 0.0649212 0.568182 136.446
