1 0 0 0 0 1 0 0 0 0 1 0
1 0.000828367 0.000472878 -0.0209666 -0.000828718 0.999999 0.00074183 -0.0189783 -0.000472264 -0.000742222 1 1.35894
1 -8.02853e-05 0.0006598 -0.0416279 7.98308e-05 1 0.000688993 -0.0380559 -0.000659856 -0.000688941 1 2.71789
0.999998 -0.00164504 0.00133311 -0.0593133 0.00164565 0.999999 -0.000458929 -0.0590083 -0.00133235 0.000461121 0.999999 4.07267
0.999996 -0.00172144 0.00217861 -0.0758072 0.00172223 0.999999 -0.000360769 -0.079823 -0.00217798 0.000364519 0.999998 5.42746
0.999993 -0.00239306 0.00298661 -0.0910211 0.00239223 0.999997 0.000280718 -0.0997081 -0.00298727 -0.000273571 0.999996 6.78226
0.999986 -0.00357906 0.00403544 -0.104763 0.00357385 0.999993 0.00129823 -0.118215 -0.00404006 -0.00128379 0.999991 8.1371
0.999987 -0.00309567 0.00399213 -0.0971996 0.00309011 0.999994 0.0013972 -0.13087 -0.00399644 -0.00138484 0.999991 9.5223
0.999989 -0.00206222 0.0042126 -0.106026 0.00206491 0.999998 -0.000635004 -0.150084 -0.00421128 0.000643695 0.999991 10.8874
0.999991 0.000774825 0.00425692 -0.100261 -0.000762675 0.999996 -0.00285492 -0.171427 -0.00425912 0.00285164 0.999987 12.2772
0.999972 0.00448002 0.00603545 -0.139593 -0.00445661 0.999983 -0.00388609 -0.195713 -0.00605276 0.00385908 0.999974 13.6121
0.999944 0.00725511 0.00771338 -0.177063 -0.00722291 0.999965 -0.00419433 -0.219172 -0.00774355 0.00413839 0.999962 14.9541
0.999925 0.00855764 0.00877895 -0.19225 -0.00852583 0.999957 -0.00365426 -0.241239 -0.00880985 0.00357914 0.999955 16.3115
0.999927 0.00631639 0.0103426 -0.202974 -0.0063035 0.99998 -0.00127921 -0.260875 -0.0103505 0.00121393 0.999946 17.6889
0.999926 0.00245848 0.0119446 -0.21722 -0.00246145 0.999997 0.000233894 -0.280564 -0.0119439 -0.000263277 0.999929 19.0519
0.999913 0.000212834 0.0132205 -0.224694 -0.000184416 0.999998 -0.00215076 -0.303994 -0.0132209 0.00214813 0.99991 20.4246
0.999879 -0.000757739 0.0155809 -0.254405 0.000824395 0.999991 -0.00427212 -0.328226 -0.0155775 0.00428444 0.99987 21.775
0.999839 0.00144804 0.0179244 -0.267032 -0.00134046 0.999981 -0.00601248 -0.354878 -0.0179327 0.00598748 0.999821 23.1586
0.999784 0.00431784 0.0203393 -0.276916 -0.00423229 0.999982 -0.00424752 -0.378772 -0.0203573 0.00416052 0.999784 24.5427
0.999727 0.00471696 0.0229096 -0.284116 -0.00469521 0.999989 -0.00100295 -0.400448 -0.0229141 0.000895112 0.999737 25.9361
0.999686 0.00293091 0.0249104 -0.283438 -0.00295075 0.999996 0.000759447 -0.417588 -0.0249081 -0.000832713 0.99969 27.3159
0.999664 -0.000460893 0.0259288 -0.280678 0.00049185 0.999999 -0.00118752 -0.437874 -0.0259283 0.00119987 0.999663 28.6932
0.999633 -0.00065207 0.0271169 -0.27283 0.000753812 0.999993 -0.00374193 -0.461569 -0.0271142 0.00376099 0.999625 30.0755
0.999567 -0.000534146 0.0294201 -0.280069 0.000722826 0.99998 -0.00640305 -0.48909 -0.029416 0.00642154 0.999547 31.4442
0.999496 0.0033764 0.0315701 -0.279049 -0.00314189 0.999968 -0.00747476 -0.514975 -0.0315943 0.00737179 0.999474 32.8303
0.999454 0.00475938 0.0327245 -0.254439 -0.00444334 0.999943 -0.00972331 -0.545899 -0.0327689 0.00957258 0.999417 34.2338
0.999443 0.00541218 0.0329419 -0.212076 -0.005103 0.999943 -0.00946263 -0.575071 -0.0329912 0.00928925 0.999413 35.6577
0.999441 0.00564121 0.0329566 -0.171513 -0.00535885 0.999949 -0.00864954 -0.602829 -0.0330037 0.00846809 0.999419 37.0791
0.999442 0.00680169 0.0327213 -0.134868 -0.0065647 0.999952 -0.00734475 -0.63188 -0.0327697 0.00712584 0.999438 38.5122
0.999404 0.00978707 0.0331106 -0.100864 -0.00954629 0.999927 -0.00742231 -0.659026 -0.0331808 0.0071018 0.999424 39.9636
0.99936 0.0120675 0.0336875 -0.066129 -0.011811 0.9999 -0.00780265 -0.690924 -0.0337783 0.00739977 0.999402 41.4057
0.999312 0.0144903 0.0341649 -0.03076 -0.0142413 0.999871 -0.00752115 -0.722352 -0.0342695 0.00702941 0.999388 42.8477
0.999285 0.0152787 0.0345871 0.00537025 -0.0150256 0.999859 -0.00756627 -0.754419 -0.0346978 0.00704117 0.999373 44.3002
0.999298 0.0145142 0.0345614 0.0479047 -0.0142525 0.999868 -0.00780652 -0.784968 -0.0346701 0.00730845 0.999372 45.754
0.999332 0.0140028 0.0337673 0.0981239 -0.0137235 0.99987 -0.00848959 -0.813247 -0.0338818 0.00802051 0.999394 47.2064
0.999364 0.0134384 0.0330308 0.139671 -0.0131677 0.999878 -0.00840147 -0.84526 -0.0331397 0.00796119 0.999419 48.6452
0.999398 0.0138733 0.0318193 0.189363 -0.0136355 0.999878 -0.00767589 -0.871951 -0.0319219 0.00723739 0.999464 50.1069
0.999418 0.0142269 0.0310185 0.228615 -0.0139774 0.999869 -0.00824567 -0.906163 -0.0311317 0.00780731 0.999485 51.5633
0.999435 0.0146546 0.0302541 0.264304 -0.0144206 0.999865 -0.00794015 -0.939724 -0.0303664 0.00749938 0.999511 53.0221
0.999448 0.0149597 0.0296582 0.294912 -0.0147516 0.999866 -0.00722185 -0.972777 -0.0297623 0.00678036 0.999534 54.472
0.999475 0.0137857 0.0293366 0.332284 -0.0135942 0.999886 -0.00671875 -1.00133 -0.0294259 0.00631642 0.999547 55.9366
0.999449 0.0129308 0.0305905 0.342422 -0.012715 0.999893 -0.00723637 -1.02685 -0.0306808 0.00684342 0.999506 57.377
0.999487 0.0108559 0.0301267 0.383806 -0.0106149 0.999911 -0.00815101 -1.05818 -0.0302124 0.00782704 0.999513 58.8297
0.999481 0.0102793 0.0305271 0.412883 -0.0100243 0.999914 -0.00849465 -1.08656 -0.0306118 0.00818423 0.999498 60.276
0.999431 0.00970791 0.0322975 0.432827 -0.00943676 0.99992 -0.00853763 -1.11354 -0.0323777 0.00822799 0.999442 61.7212
0.999382 0.00905681 0.0339764 0.461876 -0.00876645 0.999924 -0.00868527 -1.13965 -0.0340525 0.00838205 0.999385 63.1685
0.999379 0.00775219 0.0343775 0.513413 -0.00742348 0.999926 -0.00967923 -1.17182 -0.03445 0.00941801 0.999362 64.6261
0.999385 0.00603615 0.0345422 0.564475 -0.00566322 0.999925 -0.0108841 -1.20635 -0.0346053 0.0106818 0.999344 66.0827
0.999352 0.00659182 0.0354021 0.610531 -0.00618966 0.999916 -0.0114577 -1.24642 -0.0354747 0.0112311 0.999307 67.521
0.999301 0.00804534 0.0365112 0.653291 -0.00761794 0.999901 -0.0118303 -1.28592 -0.0366028 0.0115438 0.999263 68.9703
0.999221 0.0112273 0.0378341 0.689079 -0.0108395 0.999887 -0.0104398 -1.33235 -0.037947 0.0100216 0.999229 70.3892
0.999136 0.0145487 0.0389408 0.726388 -0.0141888 0.999855 -0.00950172 -1.3687 -0.0390733 0.00894098 0.999196 71.8347
0.999007 0.0184402 0.0405613 0.76123 -0.0180839 0.999795 -0.0091347 -1.4141 -0.0407214 0.00839213 0.999135 73.2449
0.998888 0.0227622 0.0413076 0.804595 -0.0223794 0.999703 -0.00970576 -1.44994 -0.0415162 0.00877052 0.999099 74.7112
0.998783 0.0257666 0.0420595 0.847186 -0.0253541 0.999626 -0.0103137 -1.48734 -0.0423095 0.00923481 0.999062 76.1734
0.99871 0.0273768 0.0427662 0.894999 -0.0269506 0.999582 -0.0105108 -1.52762 -0.043036 0.00934465 0.99903 77.6237
0.99869 0.0274212 0.0432072 0.943428 -0.0270074 0.999584 -0.0101333 -1.56667 -0.043467 0.0089531 0.999015 79.0711
0.998706 0.0263622 0.0435014 0.999689 -0.0259286 0.999609 -0.010502 -1.6083 -0.0437613 0.00936043 0.998998 80.4871
0.998743 0.0248918 0.0435138 1.06018 -0.0244145 0.999637 -0.0114652 -1.65017 -0.0437834 0.0103884 0.998987 81.8954
0.998764 0.0245209 0.0432441 1.12017 -0.0240434 0.999645 -0.0115259 -1.69204 -0.0435113 0.0104719 0.998998 83.3039
0.998777 0.0241202 0.0431704 1.18024 -0.0236473 0.999655 -0.0114312 -1.7333 -0.0434313 0.0103964 0.999002 84.7192
0.998817 0.0236759 0.0424867 1.23779 -0.0231805 0.999658 -0.0121133 -1.76641 -0.042759 0.0111141 0.999023 86.1549
0.998851 0.0236513 0.04168 1.29348 -0.0231645 0.999659 -0.012124 -1.80048 -0.0419525 0.0111445 0.999057 87.5882
0.998925 0.0226884 0.0404216 1.34598 -0.0222366 0.999686 -0.0115937 -1.83488 -0.0406719 0.0106824 0.999115 89.0304
0.999014 0.0202993 0.0395046 1.4008 -0.0198914 0.999745 -0.0106911 -1.87791 -0.0397116 0.00989474 0.999162 90.4458
0.999099 0.0180244 0.03843 1.45414 -0.0176482 0.999793 -0.0101063 -1.9201 -0.0386042 0.00941895 0.99921 91.8613
0.999161 0.0158828 0.0377666 1.50659 -0.0155144 0.99983 -0.0100284 -1.9622 -0.0379195 0.00943408 0.999236 93.2768
0.999199 0.0144323 0.0373311 1.55843 -0.0140516 0.999847 -0.0104416 -2.00495 -0.0374761 0.00990865 0.999248 94.6923
0.999223 0.0133046 0.0371139 1.60998 -0.0129137 0.999859 -0.010755 -2.04813 -0.0372518 0.0102674 0.999253 96.1079
0.999185 0.0137231 0.0379578 1.64263 -0.0133055 0.999849 -0.011232 -2.08951 -0.0381062 0.0107178 0.999216 97.4948
0.999158 0.0135003 0.0387526 1.67659 -0.0130551 0.999846 -0.0117178 -2.13181 -0.0389048 0.011202 0.99918 98.8799
0.999119 0.0144323 0.0394126 1.71358 -0.013956 0.999827 -0.0123339 -2.17584 -0.0395838 0.011773 0.999147 100.259
0.999069 0.0154926 0.0402777 1.75525 -0.0150277 0.999818 -0.011819 -2.21921 -0.0404534 0.0112027 0.999118 101.63
0.999036 0.0163321 0.0407531 1.80185 -0.0159226 0.99982 -0.0103512 -2.25917 -0.0409148 0.00969237 0.999115 102.994
0.999005 0.0178119 0.040895 1.84846 -0.0174519 0.999806 -0.0091439 -2.29895 -0.0410499 0.0084211 0.999121 104.351
0.999013 0.0168503 0.0411136 1.89998 -0.0164276 0.999809 -0.0105982 -2.33557 -0.0412843 0.00991236 0.999098 105.727
0.99902 0.0165841 0.0410408 1.95625 -0.0160644 0.999787 -0.0129627 -2.37334 -0.041247 0.0122907 0.999073 107.104
0.999041 0.0156043 0.040929 2.00808 -0.0150409 0.999789 -0.0140372 -2.41687 -0.0411394 0.0134081 0.999063 108.457
0.999057 0.0134259 0.0412868 2.06031 -0.0129012 0.999833 -0.0129483 -2.45876 -0.0414537 0.0124035 0.999063 109.81
0.999058 0.0108618 0.042026 2.11358 -0.0104069 0.999885 -0.0110296 -2.50049 -0.042141 0.0105819 0.999056 111.17
0.999038 0.00917385 0.0428862 2.17228 -0.00872281 0.999905 -0.0106925 -2.53609 -0.0429802 0.0103081 0.999023 112.54
0.999008 0.00835809 0.0437424 2.22511 -0.00782778 0.999894 -0.0122807 -2.5753 -0.0438404 0.0119261 0.998967 113.888
0.998943 0.0106043 0.0447317 2.27393 -0.0099549 0.999842 -0.0147145 -2.61726 -0.0448806 0.0142536 0.998891 115.237
0.998813 0.0131354 0.0469129 2.30881 -0.0123503 0.99978 -0.0169854 -2.658 -0.0471257 0.0163859 0.998755 116.579
0.99865 0.016606 0.049227 2.34539 -0.0157877 0.999732 -0.0169669 -2.7045 -0.0494955 0.0161668 0.998643 117.891
0.998534 0.018101 0.0510083 2.40301 -0.0173368 0.999731 -0.015385 -2.74348 -0.0512731 0.0144781 0.99858 119.256
0.998441 0.0183735 0.0527165 2.45584 -0.0176885 0.999753 -0.0134327 -2.78314 -0.0529503 0.0124792 0.998519 120.596
0.998363 0.0177721 0.0543672 2.51118 -0.0170856 0.999769 -0.0130652 -2.82248 -0.0545868 0.0121149 0.998436 121.936
0.998268 0.0184453 0.0558715 2.57753 -0.0176961 0.999747 -0.0138749 -2.86074 -0.0561133 0.0128622 0.998342 123.289
0.998135 0.0203624 0.0575502 2.64613 -0.0195581 0.999704 -0.0145046 -2.89983 -0.0578284 0.013352 0.998237 124.641
0.997994 0.0220645 0.0593343 2.70679 -0.0212243 0.999666 -0.0147529 -2.94214 -0.05964 0.013464 0.998129 126.019
0.997871 0.0229168 0.0610548 2.77118 -0.0219874 0.999633 -0.0158505 -2.98538 -0.0613956 0.0144743 0.998009 127.394
0.997751 0.0240547 0.0625659 2.8379 -0.023057 0.999596 -0.0166198 -3.02953 -0.0629404 0.0151398 0.997903 128.768
0.997681 0.02308 0.0640392 2.90968 -0.0220456 0.999616 -0.0168118 -3.07407 -0.0644026 0.015361 0.997806 130.136
0.997573 0.0227898 0.0657966 2.98153 -0.0218001 0.999639 -0.015721 -3.12248 -0.0661311 0.0142485 0.997709 131.484
0.997488 0.0212325 0.067575 3.05459 -0.0202809 0.999686 -0.0147372 -3.16877 -0.0678666 0.0133297 0.997605 132.84
0.99742 0.0203159 0.0688577 3.13031 -0.0193746 0.99971 -0.0143103 -3.21561 -0.0691284 0.0129393 0.997524 134.191
0.997379 0.0182202 0.0700205 3.20772 -0.0172722 0.999751 -0.0141201 -3.26201 -0.0702603 0.0128736 0.997446 135.542
0.99735 0.0164585 0.070874 3.28836 -0.015561 0.999792 -0.0131969 -3.30814 -0.0710764 0.012059 0.997398 136.898
0.997363 0.0151737 0.0709674 3.36335 -0.014222 0.999803 -0.0138965 -3.34401 -0.0711642 0.0128505 0.997382 138.296
0.997389 0.0139937 0.0708536 3.44478 -0.0130393 0.999818 -0.0139153 -3.3904 -0.0710354 0.0129551 0.99739 139.643
0.997416 0.0124383 0.070761 3.52165 -0.0115498 0.99985 -0.0129514 -3.43125 -0.0709115 0.0121006 0.997409 141.026
0.997441 0.0108701 0.0706582 3.59888 -0.00998782 0.999868 -0.0128284 -3.47326 -0.0707883 0.0120899 0.997418 142.396
0.997457 0.0107683 0.070456 3.6739 -0.00988516 0.999869 -0.0128708 -3.51573 -0.0705854 0.0121416 0.997432 143.76
0.997508 0.0104046 0.0697872 3.75892 -0.00948893 0.999865 -0.0134401 -3.55777 -0.0699176 0.0127444 0.997471 145.136
0.997534 0.0101188 0.0694544 3.8391 -0.00918175 0.999863 -0.0137978 -3.59993 -0.0695845 0.0131261 0.99749 146.515
0.997596 0.00772375 0.0688666 3.9271 -0.00662073 0.999847 -0.0162305 -3.64346 -0.0689813 0.0157355 0.997494 147.904
0.997663 0.0020968 0.0682951 4.0144 -0.000963973 0.999862 -0.0166158 -3.68727 -0.0683205 0.0165111 0.997527 149.293
0.997688 -0.00624447 0.0676792 4.10953 0.00718089 0.999882 -0.0136015 -3.74411 -0.0675863 0.014056 0.997615 150.627
0.997619 -0.0125222 0.0678147 4.1864 0.0134058 0.999831 -0.0125905 -3.77824 -0.0676455 0.0134697 0.997619 152.014
0.997575 -0.0153669 0.0678865 4.27081 0.0165038 0.999733 -0.0162174 -3.81714 -0.0676191 0.0172984 0.997561 153.398
0.997523 -0.0143414 0.0688694 4.3512 0.0157135 0.999688 -0.0194239 -3.86161 -0.0685693 0.0204579 0.997437 154.772
0.997483 -0.0109844 0.0700484 4.43331 0.0125279 0.999688 -0.0216343 -3.91224 -0.0697888 0.0224574 0.997309 156.123
0.997413 -0.0104986 0.0711154 4.53016 0.0120988 0.999683 -0.0221084 -3.95679 -0.0708607 0.0229116 0.997223 157.504
0.997218 -0.0135399 0.0732969 4.5859 0.0149746 0.999706 -0.0190595 -4.00114 -0.0730173 0.0201041 0.997128 158.828
0.997126 -0.0185392 0.0734614 4.70731 0.0198137 0.999665 -0.0166581 -4.04507 -0.073128 0.0180657 0.997159 160.216
0.997069 -0.0222643 0.0731995 4.8292 0.0234664 0.999603 -0.0156032 -4.08743 -0.072823 0.0172752 0.997195 161.604
0.996963 -0.0236436 0.0742003 4.90909 0.0248886 0.999564 -0.0158988 -4.13045 -0.0737921 0.0176972 0.997117 162.947
0.996884 -0.0216045 0.0758679 4.99634 0.0228554 0.999616 -0.015659 -4.17046 -0.0755004 0.0173442 0.996995 164.311
0.996789 -0.017405 0.0781596 5.07034 0.0187662 0.999684 -0.0167141 -4.21463 -0.077844 0.0181272 0.996801 165.662
0.996694 -0.0134838 0.0801245 5.15185 0.0150503 0.999707 -0.0189798 -4.2617 -0.0798451 0.020123 0.996604 167.011
0.996611 -0.0101793 0.0816228 5.24799 0.0118311 0.999735 -0.0197797 -4.31098 -0.0813998 0.0206783 0.996467 168.392
0.9965 -0.00819554 0.0831891 5.3352 0.00978098 0.999778 -0.0186686 -4.3597 -0.0830176 0.0194169 0.996359 169.758
0.996476 -0.00637649 0.0836363 5.43764 0.0079869 0.999789 -0.0189344 -4.41075 -0.0834979 0.0195356 0.996316 171.147
0.996387 -0.00408562 0.0848336 5.52263 0.00591563 0.999755 -0.0213315 -4.46206 -0.0847256 0.0217562 0.996167 172.507
0.996356 -0.000298959 0.0852923 5.61702 0.00235722 0.999709 -0.0240321 -4.51467 -0.0852602 0.0241456 0.996066 173.884
0.996279 0.00493367 0.0860494 5.71181 -0.00276071 0.999675 -0.0253532 -4.56912 -0.0861464 0.0250213 0.995968 175.265
0.996141 0.00954235 0.087244 5.80394 -0.00743871 0.999675 -0.0244055 -4.62218 -0.0874485 0.0236623 0.995888 176.642
0.995991 0.0123368 0.0885951 5.90217 -0.0103664 0.99969 -0.0226668 -4.67256 -0.0888472 0.0216575 0.99581 178.044
0.995721 0.0131339 0.0914667 5.97411 -0.0112795 0.999721 -0.0207616 -4.72096 -0.0917138 0.0196411 0.995592 179.393
0.99578 0.0102349 0.0911957 6.09382 -0.00842915 0.999762 -0.0201636 -4.7674 -0.0913803 0.0193098 0.995629 180.795
0.995892 0.00832245 0.0901694 6.21211 -0.00650938 0.999772 -0.0203827 -4.81432 -0.0903184 0.019712 0.995718 182.198
0.996032 0.00863888 0.0885781 6.32817 -0.00647186 0.999674 -0.0247224 -4.86789 -0.0887628 0.0240511 0.995762 183.6
0.996114 0.0105845 0.0874314 6.44161 -0.00808737 0.999551 -0.0288663 -4.92583 -0.0876976 0.028047 0.995752 185.007
0.996059 0.0153418 0.0873609 6.54464 -0.0128113 0.999484 -0.0294531 -4.98713 -0.0877678 0.0282178 0.995741 186.412
0.995959 0.018451 0.0878985 6.64809 -0.0159927 0.999464 -0.0285903 -5.04827 -0.0883788 0.027069 0.995719 187.815
0.995838 0.020137 0.0888854 6.75304 -0.0179539 0.999519 -0.0252921 -5.10473 -0.089352 0.023591 0.995721 189.218
0.99573 0.0207268 0.0899584 6.86024 -0.0186962 0.999553 -0.0233566 -5.16286 -0.0904022 0.021575 0.995672 190.616
0.995678 0.02024 0.0906372 6.97473 -0.0182793 0.999582 -0.0224099 -5.21888 -0.0910529 0.0206563 0.995632 192.033
0.995637 0.0185879 0.0914444 7.09051 -0.0166665 0.999625 -0.0217303 -5.27375 -0.091814 0.0201114 0.995573 193.467
0.995618 0.0159303 0.0921508 7.21169 -0.0140412 0.999679 -0.021112 -5.33112 -0.0924575 0.0197256 0.995521 194.894
0.99558 0.013281 0.092977 7.33371 -0.0113759 0.999715 -0.0209899 -5.38725 -0.0932292 0.0198394 0.995447 196.334
0.995529 0.0103957 0.0938811 7.46665 -0.00855847 0.999765 -0.0199515 -5.43865 -0.0940664 0.0190589 0.995383 197.793
0.995477 0.0058016 0.094827 7.59058 -0.00406017 0.99982 -0.0185468 -5.49047 -0.0949175 0.0180779 0.995321 199.208
0.995445 0.00327301 0.0952826 7.72245 -0.0015045 0.999826 -0.0186264 -5.54266 -0.095327 0.0183982 0.995276 200.65
0.995391 0.00566223 0.0957312 7.85513 -0.00348481 0.999732 -0.0228969 -5.5967 -0.0958352 0.0224578 0.995144 202.099
0.995271 0.0129878 0.0962599 7.97995 -0.0103509 0.999559 -0.0278418 -5.65633 -0.096579 0.0267137 0.994967 203.536
0.994851 0.0221758 0.0988871 8.07745 -0.0194913 0.999418 -0.0280308 -5.71381 -0.099451 0.0259591 0.994704 204.979
0.994466 0.0299432 0.100703 8.1956 -0.0275867 0.999314 -0.0247128 -5.76678 -0.101373 0.021798 0.994609 206.446
0.994259 0.0312115 0.102349 8.31553 -0.0289968 0.999314 -0.023056 -5.81669 -0.102998 0.0199558 0.994481 207.889
0.994327 0.0292607 0.102264 8.45752 -0.0270725 0.999376 -0.0227214 -5.86858 -0.102865 0.0198239 0.994498 209.356
0.994377 0.0262748 0.102583 8.5688 -0.0240265 0.999445 -0.0230915 -5.92261 -0.103133 0.020497 0.994456 210.795
0.9944 0.0245061 0.102796 8.70101 -0.0221866 0.999475 -0.0236475 -5.98074 -0.103322 0.0212344 0.994421 212.268
0.994237 0.0250313 0.104236 8.81012 -0.022632 0.999453 -0.0241379 -6.04068 -0.104783 0.0216397 0.994259 213.727
0.993898 0.0264458 0.107083 8.90556 -0.0240095 0.999425 -0.0239773 -6.10048 -0.107655 0.02126 0.993961 215.177
0.993827 0.0271899 0.107557 9.05018 -0.0248513 0.999427 -0.0230244 -6.16061 -0.108122 0.0202093 0.993932 216.651
0.993822 0.0265045 0.107774 9.19684 -0.0241119 0.999435 -0.0234427 -6.22115 -0.108334 0.0206993 0.993899 218.125
0.993855 0.0262977 0.107516 9.3519 -0.0237815 0.999415 -0.024619 -6.2775 -0.108101 0.0219108 0.993898 219.615
0.993828 0.0257502 0.107902 9.48787 -0.0231791 0.999419 -0.0250148 -6.33654 -0.108484 0.0223594 0.993846 221.079
0.993894 0.0261101 0.107203 9.65943 -0.0235441 0.999407 -0.0251322 -6.39973 -0.107795 0.0224548 0.993919 222.623
0.993957 0.0266241 0.10649 9.83018 -0.0240671 0.999393 -0.0252257 -6.46186 -0.107097 0.0225104 0.993993 224.162
0.993975 0.0267105 0.106299 9.97532 -0.024154 0.999389 -0.0252652 -6.52642 -0.106909 0.0225454 0.994013 225.633
0.994012 0.0278728 0.105656 10.1347 -0.0252671 0.999345 -0.0259211 -6.58212 -0.10631 0.0230962 0.994065 227.146
0.994067 0.0277078 0.10518 10.2934 -0.0250683 0.999339 -0.0263353 -6.63848 -0.10584 0.0235424 0.994104 228.658
0.994048 0.0285871 0.105121 10.4338 -0.025924 0.99931 -0.0266129 -6.69384 -0.105809 0.0237294 0.994103 230.152
0.994039 0.0282293 0.105305 10.5744 -0.0255145 0.999309 -0.0270397 -6.74978 -0.105995 0.0241917 0.994072 231.645
0.994 0.0276452 0.10583 10.7157 -0.0248474 0.999309 -0.0276645 -6.80664 -0.106521 0.0248689 0.993999 233.139
0.99399 0.0270052 0.106088 10.87 -0.0241902 0.999323 -0.0277326 -6.86724 -0.106765 0.0249996 0.99397 234.663
0.993966 0.0260664 0.106542 11.0236 -0.0232661 0.999353 -0.0274429 -6.92752 -0.107188 0.0247985 0.993929 236.184
0.993946 0.0264108 0.10665 11.1808 -0.0236082 0.999345 -0.0274554 -6.99026 -0.107305 0.0247714 0.993917 237.713
0.993916 0.0269288 0.106798 11.3441 -0.0240798 0.999322 -0.0278774 -7.05583 -0.107476 0.0251361 0.99389 239.235
0.993853 0.0277828 0.107166 11.508 -0.0248349 0.999279 -0.0287447 -7.12279 -0.107887 0.0259065 0.993825 240.757
0.993734 0.0290673 0.107926 11.673 -0.0261505 0.999257 -0.0283441 -7.18909 -0.10867 0.0253442 0.993755 242.279
0.993606 0.0288432 0.109153 11.84 -0.0261148 0.999312 -0.0263438 -7.25229 -0.109838 0.0233249 0.993676 243.801
0.993464 0.0286069 0.1105 12.009 -0.0258657 0.999324 -0.0261625 -7.31528 -0.111174 0.0231333 0.993531 245.322
0.993337 0.0289883 0.11154 12.1743 -0.0260339 0.999273 -0.0278535 -7.3797 -0.112267 0.0247641 0.993369 246.855
0.993174 0.0297659 0.112776 12.3416 -0.0266037 0.999213 -0.0294412 -7.44641 -0.113564 0.02624 0.993184 248.387
0.993091 0.0304692 0.113319 12.5086 -0.0273274 0.999201 -0.0291764 -7.51325 -0.114117 0.0258781 0.99313 249.921
0.993087 0.0301572 0.113439 12.6759 -0.0271018 0.99923 -0.028381 -7.57887 -0.114208 0.0251104 0.993139 251.456
0.993071 0.0305584 0.113469 12.8432 -0.0275201 0.999223 -0.0282477 -7.64436 -0.114244 0.0249293 0.99314 252.991
0.993037 0.0312449 0.113583 13.0124 -0.0281755 0.999196 -0.0285297 -7.71057 -0.114383 0.0251308 0.993119 254.517
0.992937 0.0329908 0.113961 13.1815 -0.0299173 0.999144 -0.0285762 -7.77699 -0.114806 0.024965 0.993074 256.063
0.992827 0.0343249 0.114526 13.3485 -0.0312163 0.999097 -0.0288271 -7.84373 -0.115412 0.0250452 0.993002 257.607
0.992754 0.0347859 0.115018 13.5166 -0.0316581 0.999081 -0.0289106 -7.91098 -0.115918 0.0250598 0.992942 259.15
0.992726 0.0333489 0.115686 13.6858 -0.0301954 0.999126 -0.0289059 -7.97817 -0.116549 0.0252024 0.992865 260.692
0.992678 0.0314607 0.11662 13.8563 -0.0283328 0.999196 -0.0283829 -8.04453 -0.117419 0.0248709 0.992771 262.234
0.992589 0.02927 0.117941 14.0302 -0.0261243 0.999263 -0.0281308 -8.11136 -0.118678 0.0248412 0.992622 263.782
0.99254 0.0281341 0.118629 14.2036 -0.0248091 0.99926 -0.029413 -8.17658 -0.119369 0.0262505 0.992503 265.342
0.992603 0.0275248 0.118244 14.3895 -0.0240622 0.999242 -0.030612 -8.24896 -0.118997 0.0275403 0.992512 266.917
0.992436 0.0249018 0.120208 14.5172 -0.0216377 0.999363 -0.0283833 -8.33326 -0.120838 0.0255676 0.992343 268.401
0.992138 0.0227501 0.123063 14.6494 -0.0196547 0.999461 -0.0263091 -8.41462 -0.123595 0.0236835 0.99205 269.884
0.99198 0.0218624 0.12449 14.8145 -0.018642 0.999463 -0.0269752 -8.48657 -0.125013 0.0244381 0.991854 271.423
0.991866 0.0212219 0.125504 14.9908 -0.0178727 0.999456 -0.0277523 -8.55958 -0.126024 0.0252835 0.991705 272.973
0.991602 0.0219454 0.127447 15.1491 -0.0184888 0.999431 -0.0282416 -8.62939 -0.127994 0.0256481 0.991443 274.462
0.99156 0.0235723 0.127488 15.3573 -0.0201435 0.999402 -0.0281179 -8.70242 -0.128075 0.0253125 0.991441 276.048
0.991401 0.0251904 0.128408 15.5469 -0.0216875 0.999356 -0.0286054 -8.77432 -0.129046 0.0255746 0.991309 277.59
0.991233 0.0262697 0.129484 15.7381 -0.0227191 0.999327 -0.0288225 -8.84688 -0.130154 0.025628 0.991162 279.134
0.991093 0.0264217 0.130522 15.9307 -0.0228143 0.999318 -0.029057 -8.91972 -0.131201 0.0258204 0.991019 280.677
0.990918 0.0267976 0.131769 16.1216 -0.0230373 0.999286 -0.0299798 -8.99277 -0.132478 0.0266719 0.990827 282.226
0.990801 0.0257727 0.132848 16.3111 -0.0218462 0.999283 -0.0309297 -9.05713 -0.13355 0.027743 0.990654 283.823
0.990656 0.0253167 0.134016 16.5196 -0.0213832 0.9993 -0.0307094 -9.13539 -0.1347 0.0275567 0.990503 285.367
0.990598 0.0240108 0.134679 16.7235 -0.0201852 0.999356 -0.0296994 -9.21027 -0.135306 0.0267017 0.990444 286.943
0.9906 0.0229757 0.134849 16.9291 -0.0191588 0.999381 -0.0295356 -9.28368 -0.135444 0.0266744 0.990426 288.521
0.990633 0.0223448 0.13471 17.1347 -0.0182058 0.999326 -0.0318795 -9.36098 -0.135331 0.0291283 0.990372 290.099
0.990733 0.0209022 0.134203 17.3421 -0.0164854 0.999288 -0.0339387 -9.43736 -0.134817 0.0314118 0.990372 291.682
0.990816 0.021407 0.133509 17.5462 -0.0169792 0.999271 -0.0342152 -9.51442 -0.134144 0.0316341 0.990457 293.258
0.990897 0.0202173 0.133093 17.75 -0.0157836 0.999288 -0.0342837 -9.59122 -0.133692 0.0318709 0.99051 294.833
0.990944 0.0203568 0.13272 17.9511 -0.0158329 0.999261 -0.0350532 -9.67037 -0.133335 0.0326344 0.990533 296.406
0.990943 0.0203822 0.13273 18.1516 -0.015813 0.999249 -0.0353887 -9.74963 -0.133351 0.0329693 0.99052 297.979
0.990944 0.0203398 0.132725 18.3519 -0.015816 0.999261 -0.0350493 -9.82872 -0.133339 0.0326327 0.990533 299.556
0.991006 0.0198999 0.132332 18.5517 -0.0153981 0.999271 -0.034956 -9.90778 -0.132931 0.0326039 0.990589 301.132
0.991184 0.0193968 0.131068 18.769 -0.015076 0.999313 -0.0338785 -9.98415 -0.131635 0.0316038 0.990794 302.757
0.99122 0.0210815 0.13053 18.978 -0.0169394 0.99932 -0.032763 -10.0616 -0.131132 0.0302643 0.990903 304.371
0.991143 0.0213767 0.131069 19.1998 -0.0171487 0.999299 -0.0333025 -10.1317 -0.131688 0.0307599 0.990814 306.045
0.991014 0.0216696 0.131987 19.4099 -0.0173337 0.999275 -0.0339114 -10.2047 -0.132626 0.0313188 0.990671 307.655
0.99106 0.0201853 0.131883 19.6303 -0.0157968 0.999289 -0.0342379 -10.2802 -0.13248 0.0318484 0.990674 309.272
0.991106 0.0182162 0.131821 19.8445 -0.0136417 0.999276 -0.0355225 -10.3558 -0.132373 0.0334083 0.990637 310.885
0.991105 0.017174 0.131969 20.0609 -0.0122913 0.999213 -0.0377244 -10.4352 -0.132513 0.0357668 0.990536 312.498
0.991171 0.0169778 0.1315 20.2818 -0.0119405 0.999168 -0.0390007 -10.5178 -0.132053 0.0370862 0.990548 314.126
0.991489 0.0180158 0.128936 20.4874 -0.0129477 0.999115 -0.0400379 -10.6036 -0.129543 0.0380277 0.990844 315.747
0.991786 0.0188564 0.126513 20.7036 -0.0139459 0.999119 -0.0395887 -10.6913 -0.127148 0.0374992 0.991175 317.407
0.991899 0.0194523 0.125531 20.9184 -0.014939 0.999212 -0.0367953 -10.7743 -0.126147 0.0346219 0.991407 319.068
0.991943 0.0175897 0.125455 21.1364 -0.0134312 0.999335 -0.033917 -10.857 -0.125968 0.0319587 0.991519 320.737
0.991933 0.0167033 0.125658 21.3327 -0.0125984 0.999363 -0.0333912 -10.9368 -0.126136 0.0315387 0.991511 322.389
0.991894 0.0156825 0.126098 21.531 -0.0113971 0.999336 -0.0346347 -11.0191 -0.126557 0.0329168 0.991413 324.038
0.991819 0.0150283 0.12676 21.7337 -0.0106855 0.999335 -0.0348711 -11.102 -0.127199 0.0332313 0.99132 325.689
0.991726 0.0151189 0.127474 21.933 -0.0107679 0.999339 -0.0347525 -11.186 -0.127915 0.0330924 0.991233 327.334
0.991685 0.0149953 0.127809 22.159 -0.0105889 0.999329 -0.0350863 -11.2679 -0.12825 0.0334411 0.991178 329.028
0.991635 0.0170731 0.127935 22.3693 -0.0125213 0.999263 -0.0362996 -11.3507 -0.12846 0.0343941 0.991118 330.668
0.991556 0.0180021 0.128425 22.5798 -0.0133198 0.999219 -0.0372256 -11.4354 -0.128994 0.0352006 0.99102 332.31
0.99151 0.0165235 0.128973 22.7878 -0.0120405 0.999299 -0.0354614 -11.525 -0.129468 0.0336074 0.991014 333.951
0.991495 0.0157491 0.129187 22.9883 -0.0112757 0.999314 -0.0352858 -11.6056 -0.129654 0.033529 0.990992 335.562
0.991428 0.0143883 0.129856 23.181 -0.00968493 0.999277 -0.036779 -11.6905 -0.130291 0.035206 0.99085 337.183
0.991281 0.0157118 0.130823 23.3738 -0.0109496 0.999254 -0.0370423 -11.7756 -0.131307 0.0352869 0.990713 338.808
0.991197 0.017692 0.131202 23.5676 -0.0126613 0.999156 -0.039079 -11.8656 -0.131783 0.0370738 0.990585 340.43
0.991211 0.0196694 0.130819 23.7729 -0.0142598 0.99901 -0.0421604 -11.9575 -0.131519 0.0399244 0.990509 342.081
0.99127 0.0205524 0.130233 23.9838 -0.015217 0.999009 -0.0418317 -12.049 -0.130963 0.0394847 0.9906 343.742
0.991393 0.020291 0.129338 24.1863 -0.0154717 0.999152 -0.0381582 -12.1471 -0.130003 0.0358287 0.990866 345.333
0.991529 0.0210745 0.12816 24.3878 -0.0166657 0.999236 -0.0353768 -12.2367 -0.128807 0.0329413 0.991122 346.947
0.991772 0.0212223 0.126242 24.6045 -0.0167133 0.999188 -0.0366702 -12.3227 -0.126917 0.0342586 0.991321 348.582
0.991968 0.0204205 0.124829 24.7964 -0.0157596 0.999146 -0.0382127 -12.4093 -0.125503 0.0359385 0.991442 350.171
0.992181 0.0185716 0.123414 24.9892 -0.0140896 0.999213 -0.0370905 -12.4986 -0.124006 0.0350617 0.991661 351.779
0.992285 0.0172756 0.122767 25.1815 -0.0128591 0.999245 -0.0366763 -12.5895 -0.123308 0.0348146 0.991757 353.403
0.992295 0.0169725 0.122729 25.3737 -0.0124759 0.999226 -0.0373149 -12.6817 -0.123267 0.0354963 0.991738 355.027
0.992315 0.0167938 0.122593 25.5668 -0.012191 0.999196 -0.0381996 -12.7753 -0.123136 0.0364115 0.991721 356.644
0.992303 0.0161295 0.122773 25.7598 -0.0115241 0.999207 -0.0381296 -12.868 -0.12329 0.0364213 0.991702 358.26
0.992297 0.0155294 0.122898 25.9531 -0.0109072 0.999211 -0.0381933 -12.9609 -0.123394 0.0365586 0.991684 359.877
0.992288 0.0148305 0.123062 26.1464 -0.0101384 0.999201 -0.0386666 -13.054 -0.123538 0.0371208 0.991645 361.49
0.99228 0.014335 0.123181 26.3399 -0.00958215 0.99919 -0.0390903 -13.1477 -0.123642 0.0376082 0.991614 363.103
0.992262 0.0136602 0.123407 26.5333 -0.00891647 0.999203 -0.0389107 -13.2395 -0.12384 0.0375092 0.991593 364.708
0.99224 0.0134551 0.123603 26.7283 -0.00863737 0.999186 -0.0394307 -13.3317 -0.124033 0.0380571 0.991547 366.316
0.992245 0.0122421 0.123689 26.921 -0.00727061 0.999151 -0.0405652 -13.4237 -0.124081 0.0393513 0.991491 367.911
0.992231 0.0105548 0.123957 27.1142 -0.00576612 0.999226 -0.0389273 -13.5137 -0.124272 0.0379101 0.991523 369.513
0.992223 0.00915433 0.124134 27.3087 -0.00443748 0.99926 -0.0382211 -13.6016 -0.124392 0.037373 0.991529 371.13
0.992176 0.00864403 0.124544 27.5039 -0.00376961 0.99922 -0.0393207 -13.6913 -0.124786 0.0385436 0.991434 372.747
0.992091 0.00963336 0.125143 27.7001 -0.00468766 0.999199 -0.0397547 -13.7817 -0.125426 0.0388537 0.991341 374.364
0.99196 0.0113872 0.126037 27.8895 -0.00648244 0.999209 -0.0392573 -13.8686 -0.126384 0.0381247 0.991248 375.981
0.991859 0.0124493 0.126727 28.0829 -0.00759198 0.999221 -0.0387397 -13.9535 -0.12711 0.0374622 0.99118 377.601
0.991757 0.0129998 0.127468 28.2754 -0.00805127 0.999197 -0.0392598 -14.0393 -0.127876 0.0379099 0.991065 379.21
0.99169 0.0131103 0.127975 28.4684 -0.00798934 0.99915 -0.0404472 -14.127 -0.128396 0.0390887 0.990952 380.819
0.991597 0.0136861 0.128632 28.6615 -0.00846928 0.999123 -0.0410159 -14.2159 -0.129081 0.0395819 0.990843 382.429
0.991397 0.0142363 0.130112 28.8567 -0.00889408 0.999098 -0.0415482 -14.3044 -0.130586 0.0400335 0.990628 384.042
0.991236 0.015763 0.131155 29.0496 -0.0103554 0.999072 -0.0418114 -14.3931 -0.131692 0.0400868 0.990479 385.65
0.991033 0.0175769 0.132449 29.2457 -0.0121454 0.999057 -0.0417049 -14.483 -0.133057 0.0397223 0.990312 387.26
0.990868 0.0186803 0.133532 29.4506 -0.0131003 0.999009 -0.0425447 -14.5753 -0.134194 0.0404069 0.99013 388.882
0.990825 0.0198572 0.133681 29.666 -0.014187 0.998965 -0.0432356 -14.6705 -0.134401 0.0409424 0.99008 390.513
0.990849 0.0200819 0.13347 29.8807 -0.0144075 0.998957 -0.0433456 -14.7661 -0.134201 0.0410259 0.990104 392.133
0.990837 0.0212503 0.133375 30.0929 -0.0156824 0.998967 -0.0426587 -14.86 -0.134144 0.0401762 0.990147 393.761
0.990784 0.0229625 0.133489 30.3052 -0.0174097 0.99894 -0.0426174 -14.9535 -0.134326 0.0399007 0.990133 395.396
0.990781 0.0229312 0.133512 30.5183 -0.0173097 0.998921 -0.0431145 -15.0503 -0.134356 0.040406 0.990108 397.024
0.990781 0.0227343 0.133551 30.7315 -0.0171232 0.998928 -0.0430145 -15.1468 -0.134386 0.0403312 0.990108 398.651
