1 0 0 0 0 1 0 0 0 0 1 0
0.999996 -0.00107123 0.00259971 -0.104287 0.0010739 0.999999 -0.00102448 0.000411759 -0.00259861 0.00102726 0.999996 0.569694
0.999993 -0.000847193 0.00356158 -0.145397 0.000857118 0.999996 -0.00278629 -0.0116027 -0.0035592 0.00278932 0.99999 1.09757
0.999998 -0.00150395 0.00162835 -0.146265 0.00151097 0.99999 -0.00431692 -0.0197158 -0.00162184 0.00431937 0.999989 1.67266
0.999993 -0.00379194 -0.000299936 -0.148297 0.00379004 0.999974 -0.00609132 -0.0288568 0.000323026 0.00609014 0.999981 2.24798
0.99998 -0.00609478 -0.00174238 -0.146908 0.00608044 0.999949 -0.00811908 -0.0406757 0.00179177 0.00810832 0.999966 2.80377
0.999969 -0.00734446 -0.00303366 -0.150525 0.00731703 0.999933 -0.00895751 -0.0495352 0.00309925 0.00893502 0.999955 3.37838
0.999963 -0.00758199 -0.00420171 -0.154762 0.00754618 0.999936 -0.00847313 -0.0580572 0.00426569 0.0084411 0.999955 3.95296
0.999954 -0.00822354 -0.00504123 -0.160082 0.00817783 0.999926 -0.00902314 -0.0685136 0.00511506 0.00898149 0.999947 4.53208
0.999955 -0.00761978 -0.00569127 -0.167156 0.00755119 0.9999 -0.0119785 -0.08124 0.00578198 0.011935 0.999912 5.11408
0.999962 -0.00569818 -0.00664958 -0.181474 0.00559169 0.999858 -0.0159254 -0.0977502 0.00673938 0.0158876 0.999851 5.71777
0.999965 -0.00428783 -0.00714456 -0.239706 0.00414669 0.999798 -0.0196539 -0.115934 0.00722739 0.0196236 0.999781 6.40013
0.99997 -0.00255016 -0.0072985 -0.295233 0.00240704 0.999806 -0.019552 -0.133959 0.00734695 0.0195338 0.999782 7.07775
0.999974 -0.000146563 -0.00720984 -0.342127 5.36242e-05 0.999917 -0.0128889 -0.145486 0.00721113 0.0128882 0.999891 7.74504
0.999977 0.00038688 -0.00676963 -0.353977 -0.000406372 0.999996 -0.00287806 -0.149783 0.00676849 0.00288075 0.999973 8.37448
0.999979 0.00119789 -0.00636816 -0.358293 -0.00117786 0.999994 0.00314939 -0.15246 0.00637189 -0.00314182 0.999975 9.00575
0.999971 0.00331787 -0.00682898 -0.381408 -0.00330547 0.999993 0.00182636 -0.162894 0.00683498 -0.00180373 0.999975 9.69402
0.99996 0.00576707 -0.00691291 -0.402895 -0.00580234 0.99997 -0.00509252 -0.177142 0.00688333 0.00513243 0.999963 10.3839
0.999958 0.00580208 -0.00706453 -0.419503 -0.00587563 0.999928 -0.0104353 -0.191492 0.00700347 0.0104764 0.999921 11.0799
0.999968 0.00395315 -0.00698437 -0.444747 -0.00401233 0.999956 -0.00847954 -0.204513 0.00695054 0.0085073 0.99994 11.8219
0.999965 0.00283819 -0.00791597 -0.428781 -0.00283481 0.999996 0.000437696 -0.209389 0.00791718 -0.000415236 0.999969 12.5642
0.999955 0.00200446 -0.00924365 -0.424197 -0.0019348 0.99997 0.00753921 -0.211139 0.00925848 -0.00752099 0.999929 13.3586
0.999945 0.00103572 -0.0104212 -0.422507 -0.000933697 0.999952 0.00978985 -0.212433 0.0104308 -0.00977958 0.999898 14.1548
0.999941 -0.000914868 -0.0108362 -0.421058 0.00100975 0.999961 0.00875421 -0.214782 0.0108278 -0.00876463 0.999903 14.951
0.99994 -0.00156261 -0.0108609 -0.420582 0.00163189 0.999978 0.00637301 -0.215763 0.0108507 -0.00639035 0.999921 15.7749
0.999943 0.000783704 -0.010632 -0.426537 -0.000749213 0.999994 0.00324774 -0.220865 0.0106344 -0.00323959 0.999938 16.6134
0.999956 -0.00238224 -0.00913944 -0.443243 0.00236085 0.999994 -0.00234992 -0.2273 0.00914499 0.00232824 0.999956 17.4737
0.999949 -0.00524542 -0.00861393 -0.444988 0.00517104 0.999949 -0.00863456 -0.239315 0.00865879 0.00858958 0.999926 18.3544
0.999961 -0.00422108 -0.00772778 -0.451406 0.004114 0.999896 -0.0138202 -0.254933 0.00778531 0.0137879 0.999875 19.2653
0.999966 -0.00298807 -0.00773743 -0.45916 0.00287455 0.999889 -0.0146415 -0.272099 0.00778032 0.0146187 0.999863 20.1857
0.999966 -0.00276048 -0.0078262 -0.467391 0.00264875 0.999895 -0.0142515 -0.291732 0.00786471 0.0142303 0.999868 21.1039
0.999971 -0.00128117 -0.007478 -0.483089 0.00116466 0.999878 -0.0155637 -0.316345 0.00749702 0.0155546 0.999851 22.0462
0.999973 0.00149254 -0.00722765 -0.497814 -0.00161913 0.999845 -0.0175405 -0.342461 0.00720035 0.0175518 0.99982 22.9961
0.999961 0.00496174 -0.00733334 -0.511244 -0.00509537 0.999819 -0.0183178 -0.368858 0.00724112 0.0183545 0.999805 23.9671
0.999954 0.00666545 -0.00696694 -0.530079 -0.00679264 0.999808 -0.018395 -0.397019 0.00684299 0.0184415 0.999807 24.9358
0.999951 0.00730128 -0.00668082 -0.549331 -0.00742424 0.9998 -0.0185689 -0.42634 0.0065439 0.0186176 0.999805 25.9058
0.999952 0.00738402 -0.00653677 -0.56156 -0.00750346 0.999802 -0.0184398 -0.457426 0.00639932 0.018488 0.999809 26.8965
0.999945 0.0083674 -0.00645685 -0.580162 -0.00847821 0.999814 -0.0173299 -0.489629 0.00631064 0.0173837 0.999829 27.8935
0.999938 0.00894575 -0.00672081 -0.592851 -0.00904781 0.999842 -0.0153117 -0.520668 0.00658277 0.0153716 0.99986 28.9043
0.99993 0.00943339 -0.00714636 -0.603963 -0.00953358 0.999855 -0.0141185 -0.550944 0.00701214 0.0141856 0.999875 29.9256
0.999931 0.00916692 -0.00740617 -0.61467 -0.00927792 0.999843 -0.0150955 -0.582857 0.00726662 0.0151632 0.999859 30.9493
0.999915 0.0103542 -0.00798056 -0.623134 -0.0104802 0.999818 -0.0159076 -0.613315 0.0078144 0.0159899 0.999842 31.9957
0.999913 0.00988109 -0.00879212 -0.631103 -0.010012 0.999838 -0.0149723 -0.643259 0.00864275 0.015059 0.999849 33.0459
0.99992 0.00924293 -0.00867113 -0.656214 -0.00934933 0.99988 -0.0123118 -0.671944 0.00855629 0.0123919 0.999887 34.0825
0.999912 0.0097279 -0.00901663 -0.673021 -0.00980757 0.999913 -0.00883468 -0.696235 0.0089299 0.00892234 0.99992 35.1463
0.999914 0.00993577 -0.00860628 -0.707194 -0.00999202 0.999929 -0.00651827 -0.722715 0.0085409 0.00660371 0.999942 36.2064
0.999922 0.0100685 -0.00742721 -0.753428 -0.0101136 0.99993 -0.00606305 -0.746038 0.00736564 0.0061377 0.999954 37.2555
0.999928 0.00963943 -0.00725186 -0.778318 -0.00969489 0.999924 -0.00765239 -0.767412 0.00717754 0.00772214 0.999945 38.3464
0.999921 0.010172 -0.00742246 -0.801136 -0.0102334 0.999913 -0.0082948 -0.789387 0.00733744 0.00837011 0.999938 39.4399
0.999921 0.00985764 -0.00786945 -0.819194 -0.00991512 0.999924 -0.00730041 -0.813212 0.00779688 0.00737786 0.999942 40.5201
0.999915 0.00997581 -0.00844163 -0.837766 -0.0100219 0.999935 -0.00543914 -0.835982 0.00838682 0.00552328 0.99995 41.5963
0.999909 0.0103075 -0.00877663 -0.85877 -0.0103358 0.999941 -0.00319374 -0.85696 0.0087432 0.00328417 0.999956 42.6736
0.99989 0.0116791 -0.00918063 -0.878022 -0.0117112 0.999925 -0.00344896 -0.880372 0.00913966 0.00355611 0.999952 43.7599
0.999869 0.0128788 -0.00982796 -0.888104 -0.0129496 0.99989 -0.00716673 -0.907388 0.00973458 0.00729307 0.999926 44.8653
0.999853 0.0140048 -0.00991481 -0.905639 -0.0141116 0.999842 -0.0107913 -0.939421 0.00976211 0.0109297 0.999893 45.9552
0.999851 0.0144543 -0.0094629 -0.932693 -0.014558 0.999834 -0.0109917 -0.970301 0.00930244 0.0111278 0.999895 47.0261
0.999861 0.0149527 -0.00746293 -0.980105 -0.0150146 0.999853 -0.00830388 -0.998689 0.00733766 0.00841478 0.999938 48.1017
0.999859 0.0157308 -0.00599303 -1.01449 -0.0157694 0.999855 -0.00645084 -1.02445 0.00589068 0.00654444 0.999961 49.1872
0.99989 0.0142971 -0.00400036 -1.05338 -0.0143184 0.999883 -0.00535286 -1.049 0.00392336 0.00540956 0.999978 50.2636
0.999895 0.014317 -0.00223305 -1.08338 -0.0143313 0.999876 -0.00653119 -1.07217 0.00213926 0.00656251 0.999976 51.3609
0.999906 0.0135702 -0.00210555 -1.07327 -0.013587 0.999874 -0.00817061 -1.10154 0.00199441 0.00819845 0.999964 52.4163
0.999906 0.0135871 -0.00204371 -1.08514 -0.0136079 0.999852 -0.0104973 -1.12583 0.00190078 0.0105241 0.999943 53.5363
0.999921 0.0124323 -0.00218516 -1.0806 -0.0124598 0.999837 -0.0130741 -1.15823 0.00202226 0.0131003 0.999912 54.5997
0.999938 0.0108511 -0.00278071 -1.06921 -0.010895 0.999808 -0.0162879 -1.1951 0.00260343 0.0163172 0.999864 55.6657
0.999952 0.00909459 -0.00379083 -1.05749 -0.00916131 0.999796 -0.0179725 -1.2301 0.0036266 0.0180063 0.999831 56.7645
0.999964 0.00725036 -0.00457115 -1.05074 -0.00732171 0.999848 -0.0157908 -1.26396 0.00445596 0.0158237 0.999865 57.8723
0.99997 0.00570104 -0.00527842 -1.0403 -0.00575346 0.999934 -0.00997024 -1.29534 0.00522123 0.0100003 0.999936 58.9662
0.999973 0.00413597 -0.00610197 -1.0303 -0.00416003 0.999983 -0.00393546 -1.32472 0.00608558 0.00396075 0.999974 60.0534
0.999981 0.00251344 -0.0057684 -1.04692 -0.00253186 0.999992 -0.00318921 -1.35075 0.00576033 0.00320376 0.999978 61.1657
0.999986 -0.000711732 -0.00538873 -1.0605 0.000679387 0.999982 -0.00600103 -1.37905 0.0053929 0.00599729 0.999967 62.2606
0.999986 -0.00195537 -0.0050322 -1.0746 0.00191035 0.999958 -0.00893387 -1.4088 0.00504945 0.00892414 0.999947 63.3391
0.999985 -6.61945e-05 -0.00547898 -1.08493 -2.79519e-06 0.999921 -0.0125903 -1.44353 0.00547937 0.0125901 0.999906 64.4607
0.999988 5.06362e-05 -0.00497651 -1.10435 -0.000133496 0.999861 -0.0166508 -1.4791 0.00497497 0.0166513 0.999849 65.5459
0.999991 0.00296717 -0.00317618 -1.1378 -0.00302086 0.99985 -0.0170333 -1.51581 0.00312516 0.0170428 0.99985 66.6274
0.999976 0.00683939 -0.0014434 -1.16995 -0.00685817 0.999886 -0.0134342 -1.55022 0.00135135 0.0134438 0.999909 67.7433
0.999967 0.00816235 -0.000817799 -1.18746 -0.00817091 0.999905 -0.011077 -1.58708 0.000727302 0.0110833 0.999938 68.827
0.999973 0.00735837 -0.000932685 -1.19016 -0.00736732 0.999923 -0.00998357 -1.62001 0.000859145 0.00999018 0.99995 69.9163
0.999987 0.00520285 -0.000506072 -1.20289 -0.00520726 0.999944 -0.00914402 -1.64781 0.000458464 0.00914655 0.999958 71.0089
0.999991 0.00422176 -0.000119309 -1.21738 -0.00422257 0.99996 -0.00788607 -1.67713 8.60059e-05 0.00788652 0.999969 72.0977
0.999997 0.00248687 -0.000370038 -1.22227 -0.00248896 0.99998 -0.00574024 -1.70613 0.000355751 0.00574115 0.999983 73.1966
0.999999 0.00135459 -0.000554367 -1.23637 -0.00135684 0.999991 -0.00408681 -1.73332 0.00054882 0.00408757 0.999991 74.2952
1 0.000605188 -0.000492267 -1.25247 -0.000607762 0.999986 -0.00524246 -1.76198 0.000489082 0.00524277 0.999986 75.3732
0.999997 0.000839205 -0.00225539 -1.24077 -0.000860167 0.999956 -0.00930855 -1.78488 0.00224747 0.00931048 0.999954 76.492
0.999994 0.00110485 -0.00341368 -1.24229 -0.00114387 0.999934 -0.0114484 -1.81229 0.0034008 0.0114522 0.999929 77.5647
0.999985 0.00294643 -0.00462056 -1.2468 -0.00299133 0.999948 -0.00974083 -1.84344 0.00459161 0.00975452 0.999942 78.6459
0.999978 0.00381928 -0.0055003 -1.25461 -0.00384943 0.999977 -0.0054817 -1.87084 0.00547923 0.00550276 0.99997 79.729
0.999969 0.00513991 -0.00599131 -1.27166 -0.00514887 0.999986 -0.00148157 -1.89652 0.0059836 0.00151239 0.999981 80.8168
0.99996 0.00613044 -0.00650614 -1.28933 -0.006136 0.999981 -0.000834146 -1.92168 0.00650089 0.000874049 0.999978 81.9044
0.999959 0.00586003 -0.00698436 -1.30728 -0.00587899 0.999979 -0.00269718 -1.94897 0.0069684 0.00273815 0.999972 82.9926
0.999961 0.00572517 -0.00678855 -1.34151 -0.00574879 0.999977 -0.0034646 -1.97099 0.00676855 0.0035035 0.999971 84.0283
0.999965 0.00511426 -0.00672053 -1.36894 -0.00513877 0.99998 -0.00363533 -1.9969 0.0067018 0.00366975 0.999971 85.0813
0.999969 0.00416299 -0.00669902 -1.39725 -0.00418562 0.999985 -0.00336699 -2.02297 0.0066849 0.00339494 0.999972 86.1322
0.999977 0.00276633 -0.0062036 -1.43101 -0.00277754 0.999994 -0.00179879 -2.0493 0.00619859 0.00181599 0.999979 87.1547
0.999978 0.00277136 -0.00615078 -1.45676 -0.00276584 0.999996 0.000905292 -2.07436 0.00615325 -0.000888246 0.999981 88.1596
0.999979 0.00183516 -0.00627952 -1.48197 -0.0018238 0.999997 0.00181435 -2.09783 0.00628282 -0.00180284 0.999979 89.159
0.999971 0.000898378 -0.00757797 -1.5101 -0.000883392 0.999998 0.00198096 -2.11731 0.00757972 -0.00197419 0.999969 90.1149
0.999941 3.10266e-05 -0.0109124 -1.52466 -1.91103e-05 0.999999 0.00109236 -2.14022 0.0109124 -0.00109207 0.99994 91.0707
0.999906 -6.04918e-05 -0.0137229 -1.55381 6.40686e-05 1 0.000260413 -2.16232 0.0137229 -0.000261255 0.999906 91.9895
0.999871 -0.00018625 -0.0161019 -1.58832 0.000196223 1 0.00061798 -2.18527 0.0161017 -0.000621046 0.99987 92.8899
0.999826 0.000713527 -0.0186621 -1.62005 -0.00068048 0.999998 0.00177723 -2.20615 0.0186634 -0.0017642 0.999824 93.7741
0.999785 0.00162123 -0.0206971 -1.65979 -0.00156006 0.999994 0.00297158 -2.22676 0.0207017 -0.00293863 0.999781 94.6231
0.99972 0.00245416 -0.0235358 -1.68316 -0.00234904 0.999987 0.00449317 -2.24644 0.0235466 -0.00443661 0.999713 95.4307
0.999658 0.00404932 -0.025835 -1.71845 -0.00391556 0.999979 0.00522637 -2.26252 0.0258556 -0.00512341 0.999653 96.2305
0.999573 0.00596337 -0.0286098 -1.7444 -0.00579599 0.999966 0.00592991 -2.28289 0.0286442 -0.00576154 0.999573 97
0.999473 0.00780948 -0.0315115 -1.77386 -0.00766321 0.999959 0.00476002 -2.30083 0.0315474 -0.00451602 0.999492 97.7434
0.999371 0.00907443 -0.0342845 -1.80442 -0.00904054 0.999959 0.00114327 -2.31951 0.0342935 -0.000832586 0.999411 98.4602
0.999244 0.0116662 -0.0371042 -1.83404 -0.0117652 0.999928 -0.00245137 -2.33751 0.0370729 0.00288607 0.999308 99.1392
0.999139 0.0135266 -0.0392316 -1.86689 -0.0137386 0.999893 -0.00513925 -2.35194 0.0391579 0.00567383 0.999217 99.8132
0.999054 0.0155678 -0.0406256 -1.88636 -0.0158364 0.999855 -0.00629696 -2.36641 0.0405216 0.00693437 0.999155 100.465
0.999037 0.0179953 -0.0400342 -1.91177 -0.0182517 0.999815 -0.00604859 -2.38117 0.0399179 0.00677347 0.99918 101.073
0.999056 0.0218122 -0.0375819 -1.92858 -0.0220054 0.999747 -0.00473607 -2.3957 0.037469 0.00555861 0.999282 101.674
0.999158 0.0244535 -0.032942 -1.93052 -0.0245791 0.999692 -0.00341323 -2.41099 0.0328484 0.00422005 0.999451 102.252
0.999329 0.0252886 -0.0265171 -1.92029 -0.0253391 0.999678 -0.00156908 -2.42559 0.0264688 0.00223996 0.999647 102.798
0.999527 0.0251231 -0.017776 -1.90308 -0.0251127 0.999684 0.000809945 -2.43759 0.0177907 -0.000363146 0.999842 103.325
0.999667 0.0247875 -0.00724097 -1.87091 -0.0247742 0.999691 0.00191851 -2.44997 0.00728628 -0.00173847 0.999972 103.836
0.999699 0.0240604 0.00496069 -1.83038 -0.0240697 0.999709 0.00181457 -2.46086 -0.00491559 -0.00193342 0.999986 104.328
0.999543 0.0241755 0.018171 -1.77218 -0.024191 0.999707 0.000631611 -2.46885 -0.0181505 -0.00107088 0.999835 104.787
0.999135 0.0231579 0.0345464 -1.70621 -0.0230772 0.99973 -0.00273388 -2.47844 -0.0346004 0.00193429 0.999399 105.245
0.998252 0.0229346 0.0544819 -1.64315 -0.0225589 0.999717 -0.00750158 -2.48805 -0.0546385 0.00625942 0.998487 105.659
0.99675 0.0211178 0.0777487 -1.57176 -0.020218 0.99972 -0.0123425 -2.49899 -0.0779875 0.0107305 0.996897 106.067
0.994465 0.0191053 0.103322 -1.47177 -0.0176252 0.999729 -0.0152192 -2.51089 -0.103585 0.0133139 0.994531 106.488
0.991177 0.0166783 0.131491 -1.36026 -0.0146136 0.999755 -0.0166513 -2.52233 -0.131736 0.0145829 0.991177 106.891
0.986607 0.0145335 0.162468 -1.23601 -0.0116496 0.999758 -0.0186895 -2.53449 -0.1627 0.0165466 0.986537 107.29
0.980348 0.0123218 0.196892 -1.10139 -0.00845629 0.999755 -0.0204615 -2.54774 -0.197096 0.0183944 0.980212 107.684
0.972113 0.00921863 0.234332 -0.949024 -0.00437284 0.999766 -0.0211903 -2.56114 -0.234473 0.0195747 0.971926 108.084
0.961807 0.00762326 0.273622 -0.786537 -0.0015321 0.999747 -0.022468 -2.57288 -0.273723 0.0211907 0.961575 108.472
0.949267 0.00893329 0.314344 -0.62161 -0.0014807 0.999712 -0.0239392 -2.58483 -0.314467 0.0222593 0.949007 108.833
0.933721 0.0115908 0.357816 -0.450495 -0.00285961 0.999685 -0.0249207 -2.59481 -0.357992 0.0222458 0.93346 109.178
0.915709 0.0117493 0.40167 -0.266598 -0.00225407 0.999707 -0.0241038 -2.60453 -0.401835 0.0211667 0.915467 109.505
0.895177 0.011368 0.445565 -0.0670127 -0.00110177 0.999728 -0.0232931 -2.61393 -0.445709 0.0203606 0.894946 109.823
0.871551 0.0103617 0.490196 0.133629 0.00160677 0.999711 -0.0239886 -2.62767 -0.490303 0.0216949 0.871282 110.116
0.845538 0.0109714 0.533802 0.348985 0.003443 0.999656 -0.0259999 -2.64596 -0.533904 0.0238218 0.845209 110.414
0.817193 0.0129826 0.576218 0.575178 0.00467755 0.999564 -0.0291546 -2.66535 -0.576345 0.0265202 0.816776 110.691
0.785846 0.017624 0.618171 0.815556 0.0035479 0.999449 -0.0330045 -2.68691 -0.618412 0.0281297 0.785351 110.958
0.751353 0.0235186 0.659481 1.07242 0.000386315 0.999349 -0.0360792 -2.7076 -0.6599 0.027363 0.750855 111.215
0.714382 0.0277481 0.699205 1.35547 -0.00183669 0.999285 -0.0377803 -2.72879 -0.699753 0.0257054 0.713922 111.45
0.675449 0.0276071 0.73689 1.65854 0.000168269 0.999293 -0.0375921 -2.75407 -0.737407 0.0255155 0.674967 111.663
0.634988 0.0248882 0.772121 1.98631 0.00417324 0.999356 -0.0356448 -2.77286 -0.77251 0.0258563 0.634475 111.864
0.591629 0.0227845 0.805888 2.32001 0.00557193 0.999461 -0.0323479 -2.78871 -0.806191 0.0236283 0.591183 112.043
0.5461 0.0211405 0.837453 2.66676 0.00676365 0.999538 -0.0296427 -2.80085 -0.837693 0.0218521 0.545704 112.209
0.498837 0.0186031 0.866496 3.02792 0.009198 0.9996 -0.026756 -2.81086 -0.866647 0.0213169 0.498466 112.358
0.448803 0.0148311 0.893507 3.39987 0.0130143 0.999648 -0.02313 -2.81982 -0.893536 0.0220093 0.448452 112.486
0.397146 0.0150875 0.917632 3.7777 0.0117367 0.9997 -0.0215165 -2.83009 -0.91768 0.0193152 0.396849 112.615
0.346297 0.0200193 0.937911 4.16906 0.00897419 0.999656 -0.0246507 -2.84136 -0.938082 0.0169535 0.345998 112.726
0.296379 0.0250515 0.954742 4.57994 0.00932919 0.999533 -0.0291228 -2.84968 -0.955025 0.0175384 0.296007 112.817
0.250199 0.0271706 0.967813 4.98452 0.0113423 0.999456 -0.0309912 -2.86247 -0.968128 0.0187312 0.249755 112.882
0.209009 0.026911 0.977543 5.42221 0.019185 0.999316 -0.0316123 -2.87658 -0.977725 0.0253614 0.20835 112.941
0.174039 0.0268209 0.984374 5.86078 0.0276357 0.999102 -0.0321083 -2.88897 -0.984351 0.032792 0.173141 112.981
0.143678 0.0281461 0.989224 6.32339 0.032665 0.998916 -0.0331662 -2.9006 -0.989085 0.0370783 0.142603 113.022
0.115797 0.0266458 0.992915 6.80117 0.0313507 0.999044 -0.0304665 -2.91605 -0.992778 0.0346565 0.114851 113.064
0.0905108 0.0230973 0.995628 7.29711 0.0260796 0.999333 -0.0255541 -2.9316 -0.995554 0.0282785 0.0898481 113.103
0.0666294 0.01916 0.997594 7.80314 0.0213184 0.99956 -0.0206216 -2.94766 -0.99755 0.0226412 0.0661917 113.131
0.0438549 0.0168482 0.998896 8.32029 0.0252337 0.99952 -0.0179666 -2.96731 -0.998719 0.0259938 0.0434088 113.139
0.0230341 0.0174829 0.999582 8.8559 0.0333824 0.999276 -0.0182469 -2.98523 -0.999177 0.0337887 0.0224339 113.138
0.00609045 0.0198076 0.999785 9.42196 0.0388898 0.999043 -0.0200298 -3.00398 -0.999225 0.0390034 0.00531442 113.118
-0.0081362 0.0251355 0.999651 9.99493 0.0390317 0.99893 -0.0247996 -3.01769 -0.999205 0.0388164 -0.00910846 113.105
-0.0193818 0.0298733 0.999366 10.5956 0.0360757 0.998924 -0.0291604 -3.03073 -0.999161 0.0354877 -0.0204385 113.101
-0.0257737 0.0296818 0.999227 11.1984 0.0386603 0.998841 -0.0286731 -3.04886 -0.99892 0.0378914 -0.0268912 113.076
-0.0281167 0.0265691 0.999252 11.8199 0.0444197 0.998692 -0.0253044 -3.07423 -0.998617 0.043675 -0.02926 113.039
-0.0277757 0.0248739 0.999305 12.4863 0.046126 0.998657 -0.0235758 -3.09759 -0.998549 0.0454391 -0.0288856 113.022
-0.0258426 0.0245257 0.999365 13.1634 0.0447841 0.998724 -0.0233519 -3.12093 -0.998662 0.0441522 -0.0269079 113.007
-0.0244402 0.0246904 0.999396 13.88 0.0410756 0.998876 -0.0236731 -3.14457 -0.998857 0.0404723 -0.0254267 113.004
-0.0234622 0.0260369 0.999386 14.5894 0.0397941 0.998893 -0.0250898 -3.16479 -0.998932 0.039181 -0.0244722 112.995
-0.0223607 0.0267545 0.999392 15.309 0.0393733 0.99889 -0.0258601 -3.1914 -0.998974 0.0387711 -0.0233891 112.978
-0.0215863 0.0262357 0.999423 16.0577 0.0389464 0.998919 -0.0253812 -3.21842 -0.999008 0.0383761 -0.0225846 112.967
-0.0211207 0.0248807 0.999467 16.8141 0.03787 0.998993 -0.0240686 -3.24494 -0.999059 0.0373415 -0.0220415 112.958
-0.0209755 0.0236914 0.999499 17.5876 0.0388261 0.998984 -0.0228644 -3.27049 -0.999026 0.0383271 -0.021874 112.951
-0.0215156 0.0217042 0.999533 18.361 0.0394855 0.999003 -0.0208428 -3.29398 -0.998988 0.0390187 -0.022351 112.933
-0.0226138 0.020228 0.99954 19.1395 0.0369071 0.999131 -0.0193848 -3.31679 -0.999063 0.0364518 -0.0233405 112.917
-0.0237297 0.0193663 0.999531 19.937 0.0358694 0.999185 -0.0185081 -3.33842 -0.999075 0.0354134 -0.0244049 112.901
-0.0252889 0.017095 0.999534 20.7443 0.038474 0.99913 -0.0161147 -3.35927 -0.998939 0.0380486 -0.0259244 112.885
-0.0265854 0.0158437 0.999521 21.5581 0.0397106 0.999102 -0.0147808 -3.3807 -0.998857 0.0392986 -0.0271905 112.865
-0.0284574 0.0149735 0.999483 22.4017 0.0369081 0.999222 -0.0139188 -3.40729 -0.998913 0.0364929 -0.0289877 112.854
-0.0292285 0.0195957 0.999381 23.2315 0.0343172 0.999238 -0.0185892 -3.43339 -0.998983 0.0337526 -0.0298786 112.835
-0.0300981 0.0242306 0.999253 24.0476 0.0357792 0.999092 -0.023149 -3.45893 -0.998906 0.0350558 -0.0309376 112.809
-0.0311933 0.0260988 0.999173 24.876 0.0361294 0.999035 -0.0249672 -3.48591 -0.99886 0.0353207 -0.032106 112.783
-0.0325629 0.0242373 0.999176 25.7234 0.0327366 0.999195 -0.0231709 -3.51346 -0.998933 0.0319552 -0.03333 112.763
-0.0339329 0.0201944 0.99922 26.5847 0.0298165 0.999371 -0.0191849 -3.54349 -0.998979 0.0291423 -0.0345136 112.749
-0.0339491 0.0150643 0.99931 27.4134 0.0281954 0.999503 -0.0141094 -3.57174 -0.999026 0.027697 -0.0343569 112.709
-0.0340348 0.00941588 0.999376 28.2583 0.0248271 0.999655 -0.00857301 -3.59644 -0.999112 0.0245198 -0.0342567 112.68
-0.0336585 0.00850101 0.999397 29.1102 0.0220462 0.999727 -0.00776133 -3.6193 -0.99919 0.0217717 -0.0338366 112.658
-0.0324213 0.0153715 0.999356 29.9482 0.0254688 0.99957 -0.0145485 -3.64811 -0.99915 0.0249807 -0.0327987 112.63
-0.031408 0.0264577 0.999157 30.7911 0.0276249 0.999291 -0.0255929 -3.67796 -0.999125 0.0267978 -0.0321165 112.609
-0.0311668 0.0313925 0.999021 31.6281 0.0293991 0.999103 -0.0304779 -3.7091 -0.999082 0.0284204 -0.0320616 112.592
-0.0284202 0.0261774 0.999253 32.4736 0.0314409 0.999186 -0.0252814 -3.73923 -0.999102 0.0306989 -0.02922 112.551
-0.0271615 0.0188104 0.999454 33.303 0.035893 0.999197 -0.0178302 -3.76593 -0.998987 0.0353891 -0.0278147 112.522
-0.0260724 0.0160223 0.999532 34.1308 0.037155 0.999196 -0.0150478 -3.79489 -0.998969 0.0367453 -0.0266466 112.492
-0.0260572 0.0167159 0.999521 34.9684 0.0366004 0.999206 -0.0157565 -3.82387 -0.99899 0.0361724 -0.0266482 112.475
-0.0265959 0.0178334 0.999487 35.7885 0.0340803 0.999276 -0.0169228 -3.84848 -0.999065 0.0336127 -0.0271843 112.456
-0.0282256 0.0181932 0.999436 36.6079 0.032691 0.999316 -0.0172678 -3.87314 -0.999067 0.0321852 -0.0288009 112.435
-0.0300482 0.018324 0.999381 37.4221 0.0329018 0.999308 -0.0173335 -3.90223 -0.999007 0.0323606 -0.0306302 112.41
-0.0318382 0.0186807 0.999319 38.2354 0.0323681 0.99932 -0.0176495 -3.93136 -0.998969 0.0317841 -0.0324211 112.384
-0.0340528 0.0190601 0.999238 39.0573 0.0307487 0.999365 -0.0180146 -3.96099 -0.998947 0.0301118 -0.0346172 112.367
-0.0358792 0.0181464 0.999191 39.8646 0.0287048 0.999441 -0.0171202 -3.99108 -0.998944 0.0280673 -0.0363799 112.342
-0.0377007 0.016939 0.999146 40.6572 0.0293474 0.999444 -0.0158367 -4.02244 -0.998858 0.0287253 -0.0381767 112.312
-0.0394577 0.017044 0.999076 41.4452 0.0290876 0.99945 -0.0159016 -4.05211 -0.998798 0.0284333 -0.0399316 112.283
-0.0411656 0.0180368 0.99899 42.2307 0.0287389 0.999445 -0.0168608 -4.08036 -0.998739 0.0280158 -0.041661 112.253
-0.0419214 0.018236 0.998955 43.0072 0.0289427 0.999436 -0.0170302 -4.10836 -0.998702 0.0281986 -0.0424254 112.22
-0.0428923 0.0173163 0.99893 43.7888 0.0311722 0.999386 -0.0159857 -4.13582 -0.998593 0.0304532 -0.0434056 112.186
-0.0439708 0.0168466 0.998891 44.5581 0.0316718 0.999379 -0.0154607 -4.16226 -0.998531 0.0309569 -0.0444769 112.151
-0.0453078 0.0163618 0.998839 45.3338 0.0302659 0.999429 -0.0149986 -4.19127 -0.998515 0.0295512 -0.045777 112.124
-0.0462285 0.0153375 0.998813 46.0829 0.0284718 0.999496 -0.0140302 -4.21904 -0.998525 0.0277895 -0.0466417 112.092
-0.0469899 0.0141083 0.998796 46.8225 0.0274772 0.99954 -0.0128261 -4.2452 -0.998518 0.0268415 -0.0473558 112.065
-0.047108 0.0139289 0.998793 47.5389 0.0278513 0.999532 -0.0126256 -4.27105 -0.998502 0.0272229 -0.0474738 112.03
-0.046531 0.0167409 0.998777 48.245 0.0284838 0.999475 -0.0154256 -4.29483 -0.998511 0.0277312 -0.0469833 111.994
-0.0463489 0.0196548 0.998732 48.9443 0.0284749 0.999426 -0.018347 -4.32001 -0.99852 0.0275884 -0.0468819 111.965
-0.0460842 0.0213575 0.998709 49.6517 0.0266728 0.999441 -0.0201424 -4.34631 -0.998582 0.0257101 -0.046628 111.936
-0.0460301 0.0222248 0.998693 50.3512 0.027271 0.999408 -0.0209838 -4.37554 -0.998568 0.0262694 -0.0466088 111.907
-0.0461566 0.0219177 0.998694 51.0591 0.0285597 0.99938 -0.0206128 -4.40392 -0.998526 0.027571 -0.0467538 111.881
-0.0459667 0.0214405 0.998713 51.7414 0.0292938 0.999369 -0.0201063 -4.43078 -0.998514 0.0283319 -0.0465656 111.844
-0.0458969 0.021562 0.998713 52.4264 0.0259211 0.999456 -0.0203869 -4.45706 -0.99861 0.0249521 -0.0464307 111.818
-0.0457811 0.0218694 0.998712 53.1219 0.0235309 0.999506 -0.0208082 -4.48577 -0.998674 0.022548 -0.046273 111.8
-0.0451712 0.0203615 0.998772 53.798 0.0254256 0.999492 -0.0192263 -4.51359 -0.998656 0.0245259 -0.0456658 111.763
-0.0456225 0.0195955 0.998767 54.4743 0.0253932 0.999507 -0.0184501 -4.54012 -0.998636 0.0245202 -0.0460975 111.727
-0.0489186 0.0190151 0.998622 55.1621 0.0221774 0.999593 -0.0179472 -4.56687 -0.998557 0.0212689 -0.0493203 111.701
-0.0541596 0.0186997 0.998357 55.8393 0.018367 0.999674 -0.017728 -4.59361 -0.998363 0.0173767 -0.0544853 111.675
-0.0601624 0.0222535 0.997941 56.5014 0.0214067 0.99955 -0.0209989 -4.62145 -0.997959 0.0200993 -0.0606116 111.636
-0.0667224 0.0248404 0.997462 57.1704 0.0233822 0.999454 -0.023326 -4.64938 -0.997498 0.0217665 -0.0672667 111.589
-0.0734699 0.02635 0.996949 57.8458 0.0230294 0.999429 -0.0247184 -4.67663 -0.997032 0.0211431 -0.0740347 111.536
-0.0793877 0.0255959 0.996515 58.5271 0.0199018 0.999512 -0.0240874 -4.7015 -0.996645 0.0179203 -0.0798583 111.484
-0.0847049 0.024515 0.996105 59.208 0.0195551 0.999546 -0.0229368 -4.7259 -0.996214 0.0175361 -0.0851457 111.429
-0.0892209 0.0249465 0.9957 59.9097 0.0171222 0.999577 -0.0235094 -4.75285 -0.995865 0.014951 -0.0896101 111.372
-0.0930776 0.0242108 0.995365 60.6114 0.0148212 0.999627 -0.0229285 -4.77912 -0.995548 0.0126184 -0.0934016 111.312
-0.0953304 0.021112 0.995222 61.31 0.0154757 0.999685 -0.0197243 -4.80238 -0.995325 0.0135215 -0.095627 111.243
-0.0967336 0.0183004 0.995142 62.0178 0.0176307 0.999705 -0.0166705 -4.82369 -0.995154 0.0159325 -0.0970277 111.172
-0.097548 0.0155786 0.995109 62.7281 0.017506 0.999749 -0.0139352 -4.84903 -0.995077 0.016061 -0.0977962 111.098
-0.0987141 0.015482 0.994996 63.4712 0.0166567 0.999764 -0.0139037 -4.86715 -0.994976 0.0152008 -0.0989487 111.034
-0.0980048 0.0194342 0.994996 64.1933 0.0184885 0.999672 -0.0177045 -4.88777 -0.995014 0.0166608 -0.0983319 110.954
-0.0978492 0.0235914 0.994922 64.9347 0.0244637 0.999474 -0.0212934 -4.91178 -0.9949 0.022256 -0.0983747 110.877
-0.0980822 0.0284626 0.994771 65.6719 0.031893 0.999167 -0.0254438 -4.93953 -0.994667 0.0292307 -0.0989082 110.794
-0.0989437 0.0297217 0.994649 66.4346 0.0326035 0.999114 -0.0266119 -4.96529 -0.994558 0.0297959 -0.099825 110.726
-0.099144 0.027672 0.994688 67.1835 0.0309164 0.999216 -0.0247165 -4.99255 -0.994592 0.0283017 -0.0999217 110.657
-0.098528 0.0229694 0.994869 67.9303 0.0313907 0.999308 -0.019963 -5.02223 -0.994639 0.0292628 -0.0991807 110.582
-0.0983763 0.0211283 0.994925 68.693 0.0335767 0.999276 -0.0179007 -5.04955 -0.994582 0.0316454 -0.0990143 110.507
-0.0991071 0.0208517 0.994859 69.4427 0.0338936 0.999271 -0.0175678 -5.07783 -0.994499 0.0319783 -0.0997415 110.435
-0.100606 0.0217656 0.994688 70.1921 0.0324347 0.999301 -0.018586 -5.10485 -0.994397 0.0303926 -0.101242 110.365
-0.102781 0.0224342 0.994451 70.9539 0.0318285 0.999308 -0.0192542 -5.13246 -0.994194 0.0296729 -0.103424 110.294
-0.104666 0.0226198 0.99425 71.6906 0.0327911 0.999276 -0.0192822 -5.16002 -0.993966 0.0305843 -0.105332 110.216
-0.105896 0.0226528 0.994119 72.433 0.0337016 0.999248 -0.0191797 -5.18814 -0.993805 0.0314724 -0.10658 110.133
-0.107806 0.0223253 0.993922 73.1921 0.0335604 0.99926 -0.0188051 -5.21621 -0.993605 0.0313292 -0.108475 110.056
-0.109379 0.0228813 0.993737 73.947 0.0315715 0.99931 -0.0195346 -5.24154 -0.993498 0.0292371 -0.110026 109.979
-0.110438 0.0243162 0.993586 74.6931 0.0320654 0.999267 -0.0208911 -5.27117 -0.993365 0.0295525 -0.111137 109.897
-0.111106 0.0245902 0.993504 75.4522 0.0309593 0.999294 -0.0212713 -5.30122 -0.993326 0.0283949 -0.111789 109.817
-0.112545 0.0249401 0.993334 76.2179 0.0308405 0.999291 -0.0215954 -5.32871 -0.993167 0.0282044 -0.113235 109.737
-0.113449 0.0231528 0.993274 76.9936 0.0312202 0.999318 -0.0197278 -5.35854 -0.993053 0.0287721 -0.114095 109.65
-0.114255 0.0207769 0.993234 77.7796 0.0289938 0.999425 -0.0175712 -5.38583 -0.993028 0.0267901 -0.114791 109.564
-0.115982 0.0186181 0.993077 78.5691 0.0258231 0.999543 -0.0157234 -5.41134 -0.992915 0.0238208 -0.116409 109.48
-0.1175 0.018173 0.992907 79.3664 0.0274279 0.99951 -0.0150481 -5.43553 -0.992694 0.0254653 -0.117941 109.382
-0.118974 0.0188906 0.992718 80.1495 0.0288198 0.999463 -0.015565 -5.4597 -0.992478 0.0267581 -0.119455 109.281
-0.120599 0.020306 0.992494 80.9495 0.0282442 0.999456 -0.0170164 -5.48357 -0.992299 0.02598 -0.121107 109.178
-0.122354 0.0241214 0.992193 81.7911 0.0296711 0.999347 -0.0206364 -5.50721 -0.992042 0.0269146 -0.12299 109.088
-0.122746 0.0281536 0.992039 82.5849 0.0317961 0.999196 -0.0244226 -5.53555 -0.991928 0.0285452 -0.123543 108.986
-0.123395 0.0322343 0.991834 83.4103 0.0330555 0.999051 -0.0283563 -5.56572 -0.991806 0.0292866 -0.124344 108.881
-0.122674 0.033436 0.991884 84.2418 0.0354812 0.998941 -0.0292857 -5.59793 -0.991812 0.0316006 -0.12373 108.775
-0.121727 0.0331351 0.992011 85.0628 0.0395524 0.998811 -0.0285089 -5.62926 -0.991775 0.0357661 -0.122892 108.66
-0.12154 0.0312731 0.992094 85.9059 0.039883 0.99885 -0.0266001 -5.66349 -0.991784 0.0363347 -0.122648 108.56
-0.120297 0.0296804 0.992294 86.7404 0.0393766 0.998909 -0.0251046 -5.69866 -0.991956 0.0360532 -0.121334 108.457
-0.118578 0.0273514 0.992568 87.5841 0.0383242 0.999002 -0.0229502 -5.73195 -0.992204 0.035318 -0.119508 108.363
-0.116756 0.0241977 0.992866 88.433 0.0387447 0.999053 -0.0197924 -5.764 -0.992404 0.0361574 -0.117583 108.264
-0.114735 0.0211368 0.993171 89.2827 0.0394656 0.999081 -0.0167033 -5.79249 -0.992611 0.0372796 -0.115464 108.161
-0.113018 0.020967 0.993372 90.1396 0.0376971 0.999148 -0.0168 -5.82382 -0.992877 0.0355485 -0.113712 108.069
-0.111339 0.0251457 0.993464 90.9933 0.0387701 0.999029 -0.0209415 -5.85822 -0.993025 0.0361851 -0.112206 107.974
-0.108363 0.0311043 0.993625 91.8243 0.0393958 0.998859 -0.0269718 -5.8943 -0.99333 0.0362219 -0.109465 107.867
-0.107426 0.0347802 0.993605 92.7156 0.0376833 0.998812 -0.0308883 -5.9274 -0.993498 0.0341241 -0.108609 107.795
-0.105793 0.0322792 0.993864 93.5723 0.0363413 0.998931 -0.0285754 -5.96321 -0.993723 0.0330953 -0.106853 107.707
-0.104765 0.0300138 0.994044 94.4573 0.0376253 0.998948 -0.0261964 -5.99864 -0.993784 0.0346567 -0.105784 107.619
-0.103996 0.0284207 0.994172 95.321 0.0385522 0.998955 -0.0245247 -6.03483 -0.99383 0.0357771 -0.104982 107.529
-0.103001 0.0282404 0.99428 96.1834 0.0380982 0.998975 -0.024427 -6.07041 -0.993951 0.0353643 -0.103972 107.441
-0.102384 0.0282121 0.994345 97.0548 0.0373546 0.999002 -0.024498 -6.10696 -0.994043 0.0346351 -0.103335 107.356
-0.10104 0.0265342 0.994528 97.9068 0.0404636 0.998927 -0.0225407 -6.14088 -0.994058 0.0379647 -0.102005 107.259
-0.0991938 0.0259041 0.994731 98.7649 0.0430185 0.998838 -0.0217213 -6.17253 -0.994137 0.0406372 -0.100193 107.16
-0.0980784 0.027188 0.994807 99.6211 0.0449708 0.998727 -0.0228614 -6.20675 -0.994161 0.0424951 -0.0991761 107.07
-0.0965638 0.0295627 0.994888 100.464 0.0461295 0.998618 -0.0251962 -6.23964 -0.994256 0.0434606 -0.0977939 106.975
-0.0953647 0.031316 0.99495 101.332 0.0433079 0.998689 -0.0272827 -6.27063 -0.994499 0.0404873 -0.0965958 106.894
-0.0945044 0.0272266 0.995152 102.208 0.0387604 0.998968 -0.0236502 -6.30448 -0.994769 0.0363375 -0.0954621 106.816
-0.0943573 0.0252473 0.995218 103.078 0.0340299 0.999176 -0.0221213 -6.3433 -0.994956 0.0317799 -0.0951385 106.742
-0.095793 0.0258387 0.995066 103.922 0.0304164 0.999272 -0.0230198 -6.37936 -0.994936 0.0280612 -0.096509 106.674
-0.0969881 0.0308142 0.994808 104.782 0.0273219 0.999226 -0.0282873 -6.41133 -0.99491 0.0244366 -0.0977548 106.599
-0.0981612 0.0336257 0.994602 105.614 0.0265821 0.999161 -0.0311563 -6.446 -0.994815 0.0233803 -0.0989726 106.528
-0.0979424 0.0345041 0.994594 106.467 0.027324 0.999115 -0.0319703 -6.47955 -0.994816 0.024045 -0.0987983 106.438
-0.0983896 0.0343331 0.994555 107.297 0.028703 0.999086 -0.03165 -6.51799 -0.994733 0.0254327 -0.0992851 106.358
-0.0985263 0.0355851 0.994498 108.153 0.0298709 0.999016 -0.0327874 -6.55155 -0.994685 0.0264762 -0.0994921 106.27
-0.0987871 0.0389672 0.994345 108.969 0.0310233 0.998868 -0.0360622 -6.59409 -0.994624 0.0272854 -0.099884 106.187
-0.100039 0.0403062 0.994167 109.79 0.0305808 0.998831 -0.037418 -6.638 -0.994513 0.0266592 -0.101155 106.119
-0.101296 0.0409999 0.994011 110.614 0.0298063 0.998827 -0.038161 -6.67562 -0.994409 0.0257623 -0.1024 106.044
-0.103232 0.0402242 0.993843 111.409 0.0281896 0.998899 -0.0375006 -6.71756 -0.994257 0.0241449 -0.104252 105.96
-0.106075 0.0417052 0.993483 112.203 0.0284122 0.998839 -0.0388965 -6.76093 -0.993951 0.0241011 -0.107137 105.873
-0.109082 0.044587 0.993032 113.002 0.0280292 0.998734 -0.0417641 -6.80563 -0.993636 0.0232782 -0.110194 105.788
-0.111972 0.0459452 0.992649 113.796 0.026562 0.998712 -0.0432296 -6.85119 -0.993355 0.0215263 -0.113048 105.699
-0.114733 0.046039 0.992329 114.579 0.0273309 0.998693 -0.0431742 -6.89865 -0.993019 0.0221678 -0.115841 105.604
-0.117018 0.0447649 0.99212 115.354 0.029055 0.99871 -0.0416352 -6.94603 -0.992704 0.0239541 -0.118167 105.505
-0.119159 0.0456438 0.991825 116.131 0.0307544 0.998633 -0.0422622 -6.99394 -0.992398 0.0254672 -0.120399 105.406
-0.120862 0.0501999 0.991399 116.913 0.0261946 0.998534 -0.0473678 -7.04316 -0.992323 0.0202444 -0.122 105.319
-0.122433 0.0569907 0.990839 117.679 0.0236631 0.998234 -0.0544921 -7.09859 -0.992194 0.0167748 -0.123565 105.23
-0.123826 0.0598486 0.990497 118.422 0.0285377 0.997981 -0.0567332 -7.1483 -0.991892 0.0212415 -0.125284 105.111
-0.126344 0.0581796 0.990279 119.197 0.0309276 0.998024 -0.0546887 -7.19647 -0.991503 0.0237174 -0.127894 105.008
-0.129434 0.0504697 0.990303 119.969 0.0293523 0.998461 -0.0470491 -7.25199 -0.991152 0.022978 -0.130716 104.909
-0.131253 0.0482517 0.990174 120.743 0.0285273 0.998585 -0.0448801 -7.30627 -0.990937 0.0223564 -0.132444 104.808
-0.132659 0.0513871 0.989829 121.505 0.0284533 0.998441 -0.0480208 -7.35365 -0.990752 0.0217936 -0.133914 104.707
-0.134906 0.0548982 0.989336 122.263 0.0262311 0.998312 -0.0518193 -7.40263 -0.99051 0.0189606 -0.136118 104.603
-0.137073 0.0575495 0.988888 123.026 0.0259341 0.998177 -0.0544952 -7.45534 -0.99022 0.0181761 -0.138315 104.498
-0.138809 0.0618553 0.988385 123.758 0.0298503 0.997855 -0.0582557 -7.51113 -0.989868 0.0214172 -0.140357 104.389
-0.140814 0.0662069 0.98782 124.493 0.029672 0.997595 -0.0626324 -7.5681 -0.98959 0.0204912 -0.142439 104.283
-0.143784 0.0684497 0.987239 125.243 0.0287108 0.997473 -0.0649778 -7.62265 -0.989191 0.0190017 -0.145386 104.181
-0.146064 0.0662566 0.987054 125.996 0.0298515 0.997595 -0.0625467 -7.67689 -0.988823 0.0203292 -0.14769 104.075
-0.149413 0.0627128 0.986784 126.71 0.0343165 0.997714 -0.0582114 -7.73452 -0.988178 0.0251655 -0.151223 103.943
-0.154961 0.0613655 0.986013 127.456 0.037209 0.997723 -0.0562466 -7.79072 -0.987218 0.0279725 -0.156892 103.825
-0.160757 0.060104 0.985162 128.197 0.0359784 0.997837 -0.0550064 -7.84649 -0.986337 0.0266019 -0.162572 103.7
-0.16876 0.0603647 0.983807 128.932 0.0352221 0.997854 -0.0551847 -7.9017 -0.985026 0.0253388 -0.170524 103.57
-0.178952 0.0606089 0.981989 129.651 0.0347851 0.997866 -0.0552498 -7.95706 -0.983242 0.0242715 -0.180678 103.429
-0.190493 0.0614498 0.979763 130.364 0.0353302 0.997821 -0.0557132 -8.00978 -0.981051 0.0240023 -0.192249 103.279
-0.202858 0.0622387 0.977228 131.076 0.0365138 0.997764 -0.0559669 -8.0621 -0.978526 0.024329 -0.204676 103.124
-0.214215 0.0622897 0.974798 131.788 0.0396545 0.997696 -0.0550387 -8.11318 -0.97598 0.0268651 -0.216191 102.951
-0.224999 0.0624349 0.972356 132.502 0.0431177 0.997605 -0.0540788 -8.16378 -0.973403 0.0297581 -0.227152 102.771
-0.234378 0.0622921 0.970147 133.189 0.047559 0.997484 -0.0525575 -8.21364 -0.97098 0.033821 -0.236751 102.578
-0.242677 0.062915 0.968064 133.895 0.0536674 0.997237 -0.0513574 -8.26239 -0.96862 0.0394902 -0.245383 102.383
-0.249769 0.0629379 0.966257 134.596 0.0587118 0.997033 -0.049766 -8.31082 -0.966523 0.0443007 -0.252724 102.182
-0.255383 0.0629711 0.964787 135.314 0.059154 0.997025 -0.0494169 -8.36113 -0.965028 0.0444508 -0.258348 101.981
-0.259689 0.0606654 0.963784 136.031 0.0629992 0.996963 -0.0457788 -8.40886 -0.963634 0.0488294 -0.262722 101.781
-0.261082 0.0577826 0.963585 136.701 0.0693888 0.996748 -0.0409703 -8.4533 -0.962818 0.0561654 -0.264243 101.576
-0.261171 0.0562322 0.963653 137.386 0.0760139 0.996399 -0.0375416 -8.49503 -0.962294 0.0634463 -0.264504 101.367
-0.261189 0.0544098 0.963753 138.059 0.0786251 0.996291 -0.0349385 -8.53979 -0.962079 0.0666497 -0.264498 101.166
-0.259994 0.0595116 0.963774 138.737 0.0812192 0.995909 -0.0395856 -8.58226 -0.962187 0.0679849 -0.263764 100.971
-0.25847 0.0624795 0.963996 139.403 0.080831 0.995805 -0.0428684 -8.62497 -0.96263 0.0668406 -0.262436 100.788
-0.257515 0.0623798 0.964258 140.073 0.0827923 0.995668 -0.0423012 -8.66439 -0.96272 0.06894 -0.261564 100.605
-0.256141 0.0606493 0.964734 140.736 0.0837495 0.995669 -0.0403582 -8.70521 -0.963003 0.0704587 -0.260111 100.432
-0.253883 0.0579915 0.965494 141.391 0.0858859 0.995609 -0.037216 -8.74704 -0.963413 0.0734738 -0.257749 100.248
-0.252036 0.0583032 0.965959 142.066 0.0867471 0.995526 -0.0374538 -8.78927 -0.963821 0.0743545 -0.255966 100.072
-0.248561 0.0602021 0.966743 142.701 0.0882363 0.995324 -0.0392952 -8.83022 -0.964588 0.0755346 -0.252711 99.8923
-0.243534 0.061638 0.967931 143.355 0.0897529 0.995128 -0.0407879 -8.87053 -0.965729 0.0769414 -0.24788 99.7211
-0.237366 0.0605122 0.969533 143.972 0.0909921 0.995054 -0.0398279 -8.90924 -0.967148 0.0787661 -0.241698 99.5508
-0.231086 0.0589606 0.971145 144.608 0.0927766 0.994948 -0.0383294 -8.94633 -0.968498 0.0812421 -0.235389 99.3896
-0.225543 0.0570491 0.972561 145.238 0.0934121 0.99495 -0.0366995 -8.98284 -0.969743 0.0825717 -0.229733 99.234
-0.220654 0.0561756 0.973733 145.863 0.0939413 0.994922 -0.0361103 -9.01834 -0.970816 0.0835058 -0.224811 99.0824
-0.216458 0.0549469 0.974744 146.499 0.0951551 0.994848 -0.0349494 -9.05124 -0.971642 0.0851868 -0.220571 98.9457
-0.212556 0.0535392 0.97568 147.114 0.0980513 0.994626 -0.0332179 -9.08337 -0.972216 0.0886061 -0.216664 98.8074
-0.208418 0.0519678 0.976657 147.715 0.100338 0.994454 -0.0315027 -9.11339 -0.972878 0.0914297 -0.212477 98.6665
-0.204866 0.0505386 0.977484 148.32 0.0985082 0.99466 -0.0307807 -9.14814 -0.973819 0.0899842 -0.208751 98.5374
-0.200723 0.0515448 0.97829 148.935 0.0957461 0.994866 -0.0327732 -9.18369 -0.974957 0.0870892 -0.204627 98.417
-0.195822 0.0548764 0.979102 149.529 0.0966801 0.994649 -0.0364115 -9.21755 -0.975861 0.0875295 -0.20008 98.2966
-0.1897 0.0580924 0.980121 150.123 0.0984055 0.994346 -0.0398894 -9.2503 -0.976897 0.0888824 -0.194344 98.1769
-0.182337 0.0589215 0.981468 150.705 0.0976918 0.994349 -0.0415456 -9.28348 -0.97837 0.0883061 -0.187062 98.0625
-0.173049 0.0574716 0.983234 151.286 0.0944417 0.994664 -0.0415179 -9.31684 -0.980373 0.0856737 -0.177553 97.9571
-0.161886 0.0556263 0.98524 151.879 0.0939268 0.994745 -0.0407297 -9.35245 -0.982328 0.0859469 -0.16626 97.866
-0.14966 0.0541979 0.98725 152.46 0.0946818 0.994693 -0.0402534 -9.39003 -0.984192 0.0874504 -0.153997 97.7853
