1 0 0 0 0 1 0 0 0 0 1 0
0.999999 0.0016839 0.000177427 0.0248823 -0.00168374 0.999998 -0.000900949 -0.0509978 -0.000178943 0.000900649 1 1.1869
0.999996 0.0022604 0.00140944 0.0235939 -0.00226009 0.999997 -0.000222449 -0.074399 -0.00140994 0.000219262 0.999999 2.42063
0.999996 0.00172249 0.00216979 0.020627 -0.00172325 0.999998 0.000348873 -0.0999644 -0.00216918 -0.000352611 0.999998 3.62495
0.999995 0.00156589 0.00268647 0.0193277 -0.00156723 0.999999 0.000496651 -0.121542 -0.00268569 -0.000500859 0.999996 4.85011
0.999994 0.00131252 0.00325133 0.0171202 -0.00131491 0.999999 0.000731148 -0.145247 -0.00325037 -0.000735418 0.999994 6.05855
0.999992 0.00169432 0.0037406 0.0151815 -0.00169387 0.999999 -0.000122498 -0.167458 -0.0037408 0.000116161 0.999993 7.26702
0.999991 0.0016344 0.00404694 0.0201146 -0.00163212 0.999999 -0.000566718 -0.186897 -0.00404786 0.000560108 0.999992 8.4746
0.999992 0.00150155 0.00366182 0.0245352 -0.00150448 0.999999 0.000799096 -0.204859 -0.00366062 -0.000804599 0.999993 9.68213
0.999997 0.00103931 0.0023489 0.0209109 -0.00104313 0.999998 0.00162216 -0.222542 -0.00234721 -0.0016246 0.999996 10.9041
1 0.000171418 -8.189e-05 0.0111354 -0.000171315 0.999999 0.00127251 -0.243665 8.21068e-05 -0.00127249 0.999999 12.1327
0.999998 0.000672644 -0.00205006 -0.00589559 -0.000670641 0.999999 0.000978033 -0.265171 0.00205072 -0.000976656 0.999997 13.3568
0.999995 0.000749262 -0.00325232 -0.0244151 -0.000746512 0.999999 0.000846993 -0.286844 0.00325295 -0.000844561 0.999994 14.5808
0.999989 0.00230752 -0.00407423 -0.0395964 -0.00230482 0.999997 0.000666624 -0.308071 0.00407576 -0.000657226 0.999992 15.8098
0.999988 0.00211081 -0.00451461 -0.0639313 -0.00210702 0.999997 0.000844968 -0.331446 0.00451638 -0.000835445 0.99999 17.018
0.999987 0.00157984 -0.00485158 -0.0835927 -0.00157301 0.999998 0.0014123 -0.353276 0.0048538 -0.00140465 0.999987 18.2509
0.999986 0.0012103 -0.00511484 -0.102111 -0.0012017 0.999998 0.00168547 -0.374305 0.00511687 -0.0016793 0.999986 19.4829
0.999984 0.00145779 -0.00554095 -0.125378 -0.00145298 0.999999 0.000872305 -0.397548 0.00554221 -0.00086424 0.999984 20.7048
0.999982 0.00128606 -0.00589157 -0.146831 -0.00128537 0.999999 0.000121708 -0.421104 0.00589172 -0.000114133 0.999983 21.9248
0.999976 0.00204378 -0.00674131 -0.169395 -0.0020394 0.999998 0.000656901 -0.443923 0.00674263 -0.000643136 0.999977 23.1447
0.999972 0.00166832 -0.00738017 -0.192645 -0.00166454 0.999999 0.000518426 -0.466925 0.00738102 -0.000506127 0.999973 24.3647
0.999966 0.00164539 -0.00815078 -0.217849 -0.00164633 0.999999 -0.000107755 -0.491194 0.00815059 0.00012117 0.999967 25.5843
0.99996 0.00205691 -0.00876786 -0.244508 -0.00205124 0.999998 0.000655008 -0.514192 0.00876918 -0.000636997 0.999961 26.8056
0.99995 0.000973571 -0.00999955 -0.250805 -0.000948389 0.999997 0.00252281 -0.534106 0.010002 -0.0025132 0.999947 28.0458
0.999942 0.000433217 -0.010824 -0.278753 -0.000404894 0.999997 0.00261874 -0.555497 0.0108251 -0.00261421 0.999938 29.2306
0.999934 -5.12846e-05 -0.011553 -0.300379 7.14888e-05 0.999999 0.00174848 -0.57526 0.0115529 -0.00174919 0.999932 30.4445
0.99992 -0.000771838 -0.0126248 -0.319756 0.000781111 1 0.000729686 -0.595599 0.0126242 -0.000739489 0.99992 31.6555
0.999902 -0.000552911 -0.0140477 -0.336425 0.000561589 1 0.000613919 -0.614752 0.0140473 -0.000621747 0.999901 32.8721
0.999888 -0.000779063 -0.0149382 -0.357999 0.000792609 0.999999 0.000900964 -0.633615 0.0149375 -0.000912703 0.999888 34.0903
0.999866 -0.00105945 -0.0163525 -0.371559 0.00107502 0.999999 0.000942905 -0.648966 0.0163515 -0.000960357 0.999866 35.334
0.999841 -0.00189994 -0.017766 -0.384215 0.00191261 0.999998 0.000696164 -0.667171 0.0177646 -0.000730032 0.999842 36.5595
0.999816 -0.00245305 -0.0190403 -0.402243 0.00246367 0.999997 0.000534721 -0.686587 0.0190389 -0.000581531 0.999819 37.7677
0.9998 -0.00342566 -0.0197342 -0.424376 0.00344796 0.999994 0.00109634 -0.70906 0.0197303 -0.00116416 0.999805 38.9901
0.999792 -0.00309366 -0.020158 -0.44866 0.00314247 0.999992 0.00239006 -0.728833 0.0201505 -0.00245291 0.999794 40.2228
0.99978 -0.00263085 -0.0208216 -0.473783 0.00269637 0.999992 0.0031193 -0.747735 0.0208132 -0.00317476 0.999778 41.4555
0.999771 -0.00183819 -0.0213379 -0.50655 0.00189384 0.999995 0.00258777 -0.765138 0.021333 -0.00262759 0.999769 42.6812
0.999768 -0.000792312 -0.0215449 -0.539246 0.000846894 0.999997 0.00252445 -0.783031 0.0215429 -0.00254211 0.999765 43.9049
0.999774 0.0017928 -0.0211838 -0.573321 -0.00170266 0.99999 0.0042725 -0.802165 0.0211912 -0.00423546 0.999766 45.1532
0.999795 0.00189524 -0.0201833 -0.59861 -0.00174821 0.999972 0.00730013 -0.818387 0.0201966 -0.00726335 0.99977 46.3856
0.999831 0.00240431 -0.0182314 -0.637239 -0.00222055 0.999947 0.0100931 -0.8307 0.0182547 -0.0100509 0.999783 47.6151
0.999862 0.00272962 -0.0163997 -0.673539 -0.00251112 0.999908 0.0133297 -0.839131 0.0164345 -0.0132867 0.999777 48.8474
0.999879 0.00255813 -0.0153557 -0.699932 -0.00233273 0.99989 0.014679 -0.845844 0.0153916 -0.0146414 0.999774 50.0727
0.999905 0.000761489 -0.0138123 -0.724197 -0.000575502 0.999909 0.0134644 -0.854023 0.0138213 -0.0134552 0.999814 51.2978
0.99992 0.00117914 -0.0125754 -0.753229 -0.0010295 0.999929 0.0118991 -0.863792 0.0125885 -0.0118852 0.99985 52.5135
0.999941 0.00127374 -0.0107953 -0.806784 -0.00114985 0.999934 0.0114749 -0.872475 0.0108092 -0.0114618 0.999876 53.7113
0.999951 0.000866273 -0.00987624 -0.840729 -0.000757669 0.999939 0.010995 -0.883678 0.00988516 -0.010987 0.999891 54.9245
0.99995 0.000203357 -0.010068 -0.872434 -0.000100482 0.999948 0.0102176 -0.895661 0.0100696 -0.0102161 0.999897 56.143
0.999938 0.000550976 -0.0111372 -0.904559 -0.000431507 0.999942 0.0107267 -0.905759 0.0111425 -0.0107212 0.999881 57.378
0.99992 0.000288761 -0.0126493 -0.926163 -0.000136299 0.999927 0.0120523 -0.918142 0.0126518 -0.0120496 0.999847 58.5837
0.999904 -0.000464941 -0.0138988 -0.949141 0.000637734 0.999923 0.0124305 -0.928186 0.0138919 -0.0124382 0.999826 59.8118
0.999891 0.000691103 -0.0147675 -0.974877 -0.000506744 0.999922 0.0124843 -0.937617 0.0147749 -0.0124754 0.999813 61.0425
0.999881 0.00096495 -0.0154232 -1.0061 -0.00077123 0.999921 0.0125614 -0.950743 0.0154341 -0.012548 0.999802 62.2392
0.999879 0.000116475 -0.0155727 -1.03049 6.88395e-05 0.999929 0.011899 -0.956828 0.015573 -0.0118986 0.999808 63.4669
0.999869 -0.000569137 -0.0161828 -1.04165 0.000742331 0.999942 0.0106985 -0.958132 0.0161757 -0.0107091 0.999812 64.7172
0.999858 -0.000639382 -0.0168293 -1.06845 0.000837052 0.999931 0.0117413 -0.965279 0.0168207 -0.0117537 0.999789 65.9274
0.999882 -0.000875309 -0.0153273 -1.1409 0.00108117 0.999909 0.013428 -0.979891 0.0153141 -0.013443 0.999792 67.1006
0.999878 -0.000502976 -0.0156485 -1.16118 0.00068478 0.999932 0.0116149 -0.985084 0.0156416 -0.0116242 0.99981 68.3278
0.99987 0.00108447 -0.0160951 -1.18286 -0.000916749 0.999945 0.0104245 -0.991899 0.0161056 -0.0104084 0.999816 69.5404
0.999855 0.00320562 -0.0167177 -1.20592 -0.0030293 0.99994 0.0105617 -0.9983 0.0167505 -0.0105095 0.999805 70.7519
0.99984 0.00535395 -0.0170837 -1.22949 -0.00517704 0.999933 0.0103826 -1.00495 0.0171381 -0.0102925 0.9998 71.9633
0.999831 0.00730778 -0.0168768 -1.26113 -0.00712904 0.999918 0.0106264 -1.01167 0.016953 -0.0105043 0.999801 73.1714
0.999855 0.00805107 -0.014998 -1.30127 -0.007881 0.999904 0.0113638 -1.01893 0.015088 -0.011244 0.999823 74.3749
0.999872 0.00994163 -0.0125315 -1.33605 -0.00978991 0.999879 0.0121109 -1.02756 0.0126504 -0.0119866 0.999848 75.574
0.999921 0.00856788 -0.00926744 -1.36469 -0.00847592 0.999915 0.00991705 -1.03887 0.00935162 -0.00983771 0.999908 76.7734
0.99996 0.00560283 -0.006978 -1.36877 -0.00556985 0.999973 0.00473562 -1.04853 0.00700435 -0.00469656 0.999965 77.9855
0.999968 0.0066795 -0.00452541 -1.37905 -0.00666015 0.999969 0.00427652 -1.06059 0.00455384 -0.00424624 0.999981 79.1732
0.999979 0.00636939 -0.00148159 -1.38552 -0.00635849 0.999953 0.00725289 -1.07094 0.00152772 -0.00724331 0.999973 80.3657
0.999969 0.00753061 0.00254401 -1.39448 -0.00755182 0.999936 0.0084347 -1.0849 -0.00248033 -0.00845364 0.999961 81.546
0.999947 0.00789468 0.00661757 -1.38976 -0.00794015 0.999945 0.00687446 -1.09963 -0.00656293 -0.00692663 0.999955 82.7399
0.999927 0.00682238 0.010042 -1.38164 -0.00686416 0.999968 0.00413263 -1.11792 -0.0100135 -0.00420125 0.999941 83.9167
0.999893 0.00572259 0.0134603 -1.36484 -0.00572846 0.999983 0.000397626 -1.13308 -0.0134578 -0.000474685 0.999909 85.104
0.999852 0.00494559 0.0164935 -1.34175 -0.00493648 0.999988 -0.000593134 -1.1535 -0.0164962 0.000511632 0.999864 86.2919
0.999802 0.004262 0.019429 -1.31478 -0.00427862 0.99999 0.000814148 -1.1723 -0.0194253 -0.000897111 0.999811 87.4735
0.99973 0.00545051 0.0225917 -1.28741 -0.00547468 0.999984 0.00100806 -1.19177 -0.0225858 -0.00113146 0.999744 88.6514
0.99965 0.00499717 0.025989 -1.25978 -0.00496674 0.999987 -0.00123561 -1.20972 -0.0259949 0.0011061 0.999662 89.8428
0.999585 0.00458464 0.0284377 -1.22573 -0.00449407 0.999985 -0.00324797 -1.23904 -0.0284521 0.00311883 0.999591 90.9873
0.999497 0.00431136 0.0314126 -1.18856 -0.00419366 0.999984 -0.00381189 -1.25436 -0.0314285 0.00367825 0.999499 92.1784
0.999425 0.00293414 0.033779 -1.15353 -0.00285515 0.999993 -0.00238651 -1.28193 -0.0337857 0.0022887 0.999427 93.3295
0.999342 0.00209358 0.0362275 -1.1113 -0.00205096 0.999997 -0.00121355 -1.30125 -0.0362299 0.00113845 0.999343 94.5096
0.99925 0.00133481 0.0386964 -1.06975 -0.00134277 0.999999 0.000179706 -1.31729 -0.0386961 -0.000231526 0.999251 95.6931
0.999155 -0.000398602 0.0411158 -1.02947 0.000355213 0.999999 0.00106251 -1.33393 -0.0411162 -0.00104701 0.999154 96.8714
0.999116 -0.00198074 0.0420044 -0.965376 0.00203516 0.999997 -0.00125291 -1.35914 -0.0420018 0.00133729 0.999117 98.0287
0.999074 -0.00383167 0.0428585 -0.901933 0.00403599 0.999981 -0.00468203 -1.38443 -0.0428397 0.00485068 0.99907 99.1953
0.999072 -0.00307407 0.0429745 -0.834248 0.00339143 0.999967 -0.00731392 -1.41344 -0.0429506 0.00745289 0.99905 100.359
0.99904 -0.00319525 0.0436951 -0.772932 0.00355491 0.99996 -0.00815605 -1.43855 -0.0436673 0.00830356 0.999012 101.54
0.999064 -0.00252481 0.0431817 -0.712306 0.00285193 0.999968 -0.00751573 -1.46288 -0.0431614 0.00763185 0.999039 102.72
0.999149 -0.00276525 0.0411676 -0.654232 0.00301674 0.999977 -0.00604822 -1.48541 -0.04115 0.00616727 0.999134 103.902
0.999236 -0.00285526 0.0389721 -0.597161 0.00302935 0.999986 -0.0044089 -1.50926 -0.0389589 0.0045236 0.999231 105.112
0.999339 -0.00224003 0.0362835 -0.546403 0.00237684 0.99999 -0.00372792 -1.53149 -0.0362748 0.00381171 0.999335 106.334
0.999448 -0.00204636 0.0331642 -0.500059 0.00215279 0.999993 -0.0031741 -1.55531 -0.0331575 0.00324375 0.999445 107.562
0.999575 -0.00161224 0.0291074 -0.440837 0.00170702 0.999993 -0.00323185 -1.58155 -0.0291019 0.00328017 0.999571 108.826
0.999695 0.000225805 0.0246984 -0.418192 -0.000135364 0.999993 -0.00366354 -1.60545 -0.0246991 0.00365909 0.999688 110.048
0.999786 0.000651306 0.0206692 -0.401261 -0.00058309 0.999994 -0.00330634 -1.62824 -0.0206712 0.00329359 0.999781 111.285
0.999863 0.00164981 0.0164568 -0.389603 -0.00161009 0.999996 -0.00242679 -1.64999 -0.0164607 0.00239997 0.999862 112.523
0.99992 0.00211506 0.0124476 -0.398894 -0.00209789 0.999997 -0.00139269 -1.6769 -0.0124505 0.00136647 0.999922 113.743
0.99996 0.00223218 0.00863315 -0.423512 -0.00222373 0.999997 -0.000989319 -1.69621 -0.00863532 0.00097009 0.999962 114.963
0.999985 0.00306741 0.00451059 -0.440141 -0.00306277 0.999995 -0.00103481 -1.71624 -0.00451374 0.00102099 0.999989 116.216
0.999993 0.00376369 -0.000352552 -0.462929 -0.00376406 0.999992 -0.00105325 -1.73628 0.000348589 0.00105457 1 117.468
0.999978 0.00386342 -0.0054136 -0.485468 -0.00387183 0.999991 -0.00154237 -1.75524 0.0054076 0.00156331 0.999984 118.74
0.999938 0.00466875 -0.0101008 -0.512927 -0.00469282 0.999986 -0.00236042 -1.77557 0.0100897 0.00240768 0.999946 120.012
0.999884 0.00646438 -0.0137897 -0.538194 -0.00649786 0.999976 -0.00238431 -1.79614 0.013774 0.00247364 0.999902 121.285
0.999838 0.00855501 -0.0158705 -0.570652 -0.00859475 0.99996 -0.00243725 -1.81878 0.015849 0.00257327 0.999871 122.531
0.999809 0.00980497 -0.0169465 -0.604189 -0.00985322 0.999948 -0.00276618 -1.84271 0.0169185 0.00293263 0.999853 123.784
0.999785 0.0117814 -0.01708 -0.660114 -0.0118261 0.999927 -0.00251706 -1.86799 0.0170491 0.00271852 0.999851 125.026
0.99977 0.0131379 -0.0169386 -0.713402 -0.0131695 0.999912 -0.00175435 -1.89155 0.0169141 0.00197703 0.999855 126.28
0.999781 0.0130381 -0.0163632 -0.768558 -0.0130609 0.999914 -0.00129155 -1.91441 0.0163449 0.001505 0.999865 127.539
0.999712 0.0171899 -0.0167644 -0.818329 -0.0171796 0.999852 0.00076144 -1.93614 0.016775 -0.000473208 0.999859 128.801
0.999681 0.0182936 -0.0174162 -0.850998 -0.018224 0.999825 0.00414733 -1.9574 0.017489 -0.0038286 0.99984 130.046
0.999666 0.0172582 -0.0192526 -0.870427 -0.0171882 0.999845 0.00379234 -1.97361 0.019315 -0.00346014 0.999807 131.327
0.999645 0.0172031 -0.0203451 -0.90309 -0.0171642 0.99985 0.00208605 -1.98535 0.0203779 -0.00173609 0.999791 132.626
0.999653 0.0141747 -0.022228 -0.924892 -0.0141134 0.999896 0.00291223 -2.00007 0.022267 -0.0025975 0.999749 133.908
0.999623 0.0119829 -0.0247323 -0.945095 -0.0118769 0.99992 0.00442926 -2.01346 0.0247834 -0.00413384 0.999684 135.188
0.999629 0.00848456 -0.0258848 -0.971417 -0.00833188 0.999947 0.00600066 -2.02436 0.0259343 -0.00578275 0.999647 136.466
0.999613 0.00631621 -0.0271062 -1.00089 -0.00613735 0.999959 0.00667689 -2.03668 0.0271472 -0.00650794 0.99961 137.745
0.999632 0.00209313 -0.0270758 -1.03536 -0.00196179 0.999986 0.00487651 -2.05158 0.0270856 -0.00482159 0.999622 139.049
0.999622 -0.0005007 -0.0274962 -1.06738 0.000605878 0.999992 0.00381723 -2.06722 0.0274941 -0.00383244 0.999615 140.342
0.999629 -0.00215447 -0.0271473 -1.10946 0.00224773 0.999992 0.00340584 -2.08396 0.0271398 -0.00346558 0.999626 141.64
0.999638 -0.00233842 -0.0268091 -1.14991 0.00243678 0.99999 0.00363682 -2.10069 0.0268003 -0.00370082 0.999634 142.92
0.999632 -0.00209184 -0.0270499 -1.18103 0.00222823 0.999985 0.00501315 -2.11015 0.027039 -0.00507157 0.999622 144.231
0.999629 0.000601043 -0.0272469 -1.21211 -0.000429676 0.99998 0.00629507 -2.12044 0.0272502 -0.00628102 0.999609 145.541
0.999628 0.000377641 -0.0272946 -1.24413 -0.000261844 0.999991 0.00424622 -2.13418 0.0272959 -0.00423749 0.999619 146.855
0.999633 0.0010342 -0.0270823 -1.28324 -0.000972068 0.999997 0.00230765 -2.15207 0.0270846 -0.00228046 0.999631 148.166
0.999636 0.00105582 -0.0269783 -1.32298 -0.00106403 0.999999 -0.000289876 -2.1732 0.026978 0.000318485 0.999636 149.478
0.999656 0.000117527 -0.0262448 -1.37737 -0.000234901 0.99999 -0.00446895 -2.19966 0.026244 0.00447358 0.999646 150.753
0.999686 0.000280266 -0.0250851 -1.43721 -0.000474479 0.99997 -0.00773627 -2.23193 0.0250822 0.00774575 0.999656 152.048
0.999718 0.000523313 -0.023761 -1.50585 -0.000726382 0.999963 -0.0085382 -2.27006 0.0237557 0.00855306 0.999681 153.324
0.999719 0.000654092 -0.0237167 -1.55005 -0.000841347 0.999968 -0.00788608 -2.31001 0.0237108 0.00790383 0.999688 154.597
0.999702 0.00114098 -0.0243916 -1.58657 -0.00132292 0.999971 -0.0074442 -2.34224 0.0243824 0.00747427 0.999675 155.902
0.999684 0.00205315 -0.0250486 -1.62167 -0.0022116 0.999978 -0.00629956 -2.37645 0.0250351 0.00635298 0.999667 157.184
0.999656 0.00226365 -0.026123 -1.65436 -0.00241902 0.999979 -0.00591757 -2.4057 0.0261091 0.00597874 0.999641 158.475
0.999618 0.00244141 -0.0275393 -1.68586 -0.00261647 0.999976 -0.00632254 -2.43491 0.0275232 0.00639219 0.999601 159.762
0.999568 0.00270592 -0.0292693 -1.71597 -0.00288781 0.999977 -0.00617396 -2.46365 0.0292519 0.00625583 0.999553 161.056
0.999518 0.00206596 -0.0310005 -1.74285 -0.00222142 0.999985 -0.00498089 -2.49337 0.0309898 0.00504736 0.999507 162.351
0.999478 0.00278802 -0.0322091 -1.78012 -0.00293688 0.999985 -0.0045751 -2.52362 0.0321959 0.00466731 0.999471 163.639
0.999448 0.00316023 -0.0330839 -1.83023 -0.00334543 0.999979 -0.00554382 -2.55495 0.0330657 0.00565145 0.999438 164.914
0.999418 0.0033181 -0.0339726 -1.88416 -0.00354745 0.999971 -0.00669274 -2.58838 0.0339494 0.00680936 0.999401 166.188
0.99941 0.00428696 -0.0340865 -1.95662 -0.00450756 0.999969 -0.00639761 -2.62306 0.034058 0.00654749 0.999399 167.459
0.999379 0.00385089 -0.0350366 -2.00517 -0.00411368 0.999964 -0.00743146 -2.65303 0.0350068 0.00757099 0.999359 168.766
0.999348 0.00422871 -0.0358573 -2.06357 -0.00453966 0.999953 -0.00859483 -2.68435 0.0358192 0.00875202 0.99932 170.062
0.999316 0.00457555 -0.0367092 -2.12123 -0.00488541 0.999953 -0.00835571 -2.716 0.0366692 0.00852934 0.999291 171.358
0.999304 0.00521605 -0.0369453 -2.19479 -0.00547681 0.999961 -0.00696012 -2.74956 0.0369076 0.00715762 0.999293 172.63
0.999293 0.00535655 -0.0372345 -2.26302 -0.00560171 0.999963 -0.00648289 -2.78131 0.0371984 0.00668689 0.999286 173.919
0.999277 0.00593393 -0.0375626 -2.33096 -0.00616894 0.999962 -0.00614369 -2.81222 0.0375247 0.00637098 0.999276 175.206
0.999276 0.0066792 -0.0374671 -2.41028 -0.0069048 0.999959 -0.00589494 -2.84135 0.0374262 0.00614939 0.999281 176.477
0.999283 0.00735591 -0.0371537 -2.48453 -0.0076145 0.999948 -0.00682318 -2.87097 0.0371016 0.00710121 0.999286 177.771
0.999278 0.00864012 -0.0370172 -2.56313 -0.00891752 0.999933 -0.00733534 -2.90166 0.0369514 0.00766015 0.999288 179.047
0.999291 0.00872531 -0.0366476 -2.63421 -0.00899321 0.999934 -0.00715182 -2.93209 0.0365828 0.00747633 0.999303 180.342
0.999315 0.00875599 -0.0359686 -2.70454 -0.00905898 0.999925 -0.00826943 -2.96414 0.0358935 0.00858961 0.999319 181.637
0.999346 0.00725672 -0.0354479 -2.76594 -0.0076062 0.999924 -0.00973403 -2.99972 0.0353746 0.0099973 0.999324 182.938
0.999339 0.00433745 -0.036112 -2.81381 -0.00468601 0.999943 -0.00957306 -3.03539 0.0360685 0.00973596 0.999302 184.213
0.999309 0.00477717 -0.0368751 -2.85558 -0.00500157 0.99997 -0.00599553 -3.06779 0.0368454 0.00617583 0.999302 185.527
0.999314 0.00389168 -0.0368527 -2.90542 -0.00396283 0.99999 -0.00185796 -3.09777 0.0368451 0.00200273 0.999319 186.814
0.999341 0.00492274 -0.0359759 -2.97142 -0.00501302 0.999985 -0.00241949 -3.12762 0.0359635 0.00259826 0.99935 188.078
0.999359 0.00673219 -0.0351797 -3.02887 -0.00693147 0.999961 -0.00554591 -3.15356 0.035141 0.00578621 0.999366 189.357
0.999361 0.00714589 -0.0350432 -3.08688 -0.00741645 0.999944 -0.00759674 -3.18211 0.0349869 0.00785179 0.999357 190.613
0.999369 0.00745087 -0.0347275 -3.14453 -0.00772044 0.999941 -0.00763482 -3.2106 0.0346686 0.00789813 0.999368 191.869
0.999395 0.00758807 -0.033942 -3.2049 -0.00782399 0.999946 -0.00682324 -3.23982 0.0338885 0.00708469 0.999401 193.122
0.999422 0.00775926 -0.0330989 -3.26571 -0.00793179 0.999955 -0.00508442 -3.26828 0.0330581 0.00534403 0.999439 194.373
0.99944 0.00727894 -0.0326697 -3.30947 -0.00742315 0.999963 -0.00429505 -3.2991 0.0326373 0.00453516 0.999457 195.643
0.999473 0.00724303 -0.0316358 -3.34985 -0.00740027 0.999961 -0.00485586 -3.33044 0.0315994 0.00508743 0.999488 196.908
0.999525 0.00602535 -0.0302187 -3.39558 -0.00621257 0.999962 -0.00610542 -3.3657 0.0301808 0.00629027 0.999525 198.158
0.999567 0.00599219 -0.0288214 -3.43901 -0.00620536 0.999954 -0.00731251 -3.40128 0.0287763 0.0074882 0.999558 199.405
0.999622 0.00483066 -0.0270825 -3.4846 -0.00504241 0.999957 -0.00775594 -3.43685 0.0270439 0.00788958 0.999603 200.64
0.99966 0.00535068 -0.0255054 -3.52828 -0.00553078 0.99996 -0.00699611 -3.47028 0.025467 0.00713482 0.99965 201.873
0.999713 0.005122 -0.0234239 -3.57448 -0.00524595 0.999972 -0.00523311 -3.50171 0.0233965 0.0053545 0.999712 203.099
0.99973 0.00600914 -0.0224627 -3.60588 -0.00612085 0.999969 -0.00490786 -3.53062 0.0224325 0.00504404 0.999736 204.33
0.999738 0.0063986 -0.0219877 -3.63703 -0.00651013 0.999966 -0.00500443 -3.55742 0.021955 0.00514628 0.999746 205.554
0.99975 0.00677655 -0.0213059 -3.66769 -0.00688707 0.999963 -0.00511829 -3.5853 0.0212705 0.00526376 0.99976 206.788
0.999776 0.00661993 -0.0200951 -3.71304 -0.00671944 0.999965 -0.00488838 -3.61757 0.0200621 0.00502232 0.999786 207.993
0.999801 0.00683446 -0.0187701 -3.76396 -0.00693123 0.999963 -0.00509517 -3.65078 0.0187346 0.00522427 0.999811 209.186
0.99982 0.00657017 -0.0177853 -3.79858 -0.00665702 0.999966 -0.00482809 -3.68676 0.017753 0.00494564 0.99983 210.387
0.999842 0.0056178 -0.0168769 -3.82893 -0.00569929 0.999972 -0.00478427 -3.71961 0.0168496 0.00487972 0.999846 211.577
0.999842 0.00555421 -0.0168575 -3.85233 -0.00562057 0.999976 -0.00389183 -3.7516 0.0168355 0.00398598 0.999851 212.748
0.999836 0.0050037 -0.0173976 -3.87536 -0.00505369 0.999983 -0.00283075 -3.78212 0.0173832 0.00291822 0.999845 213.916
0.999823 0.00534091 -0.0180322 -3.9019 -0.00538862 0.999982 -0.00259829 -3.8142 0.018018 0.00269501 0.999834 215.068
0.999819 0.0056112 -0.0181933 -3.93276 -0.00567242 0.999978 -0.00331509 -3.84547 0.0181744 0.0034177 0.999829 216.185
0.999824 0.00590209 -0.017793 -3.97235 -0.00597144 0.999975 -0.00384714 -3.8764 0.0177699 0.00395272 0.999835 217.291
0.99982 0.00584039 -0.0180557 -4.00405 -0.00591375 0.999974 -0.00401252 -3.90542 0.0180318 0.00411859 0.999829 218.366
0.999802 0.00543825 -0.0191562 -4.02957 -0.00551523 0.999977 -0.00396805 -3.93299 0.0191342 0.00407292 0.999809 219.45
0.999767 0.00494931 -0.0209911 -4.05365 -0.00502091 0.999982 -0.00336005 -3.95678 0.0209741 0.00346467 0.999774 220.521
0.99972 0.00399938 -0.0233219 -4.08149 -0.00404089 0.99999 -0.00173298 -3.98145 0.0233148 0.00182675 0.999727 221.57
0.999662 0.00428461 -0.0256484 -4.10997 -0.00429245 0.999991 -0.000250578 -4.00343 0.0256471 0.000360598 0.999671 222.641
0.999572 0.00446824 -0.0289163 -4.13204 -0.0044748 0.99999 -0.000162063 -4.02783 0.0289153 0.000291399 0.999582 223.672
0.999464 0.00457152 -0.0324145 -4.15367 -0.00459411 0.999989 -0.000622334 -4.04986 0.0324113 0.000770927 0.999475 224.718
0.999344 0.00471972 -0.035899 -4.18189 -0.00474431 0.999988 -0.000600106 -4.07027 0.0358958 0.00077004 0.999356 225.721
0.99924 0.00536335 -0.0386008 -4.23116 -0.00536973 0.999985 -6.15627e-05 -4.09394 0.0386 0.000268802 0.999255 226.669
0.999127 0.00568348 -0.0413803 -4.27654 -0.00570742 0.999984 -0.00046034 -4.11537 0.0413771 0.000696124 0.999144 227.621
0.999021 0.00535395 -0.0439073 -4.32772 -0.00540414 0.999985 -0.00102462 -4.13652 0.0439012 0.00126091 0.999035 228.549
0.998941 0.00536435 -0.0457055 -4.3988 -0.00544326 0.999984 -0.00160235 -4.15871 0.0456962 0.00184945 0.998954 229.426
0.998858 0.00654757 -0.047335 -4.46806 -0.0066407 0.999976 -0.00181049 -4.1806 0.0473221 0.00212277 0.998878 230.295
0.998734 0.00716575 -0.0497961 -4.52374 -0.0073086 0.99997 -0.00268721 -4.19887 0.0497753 0.00304776 0.998756 231.137
0.998627 0.00927816 -0.0515531 -4.58141 -0.00943084 0.999952 -0.00271927 -4.21821 0.0515254 0.00320174 0.998667 231.97
0.998649 0.0102088 -0.0509457 -4.64811 -0.0103427 0.999944 -0.00236451 -4.23727 0.0509187 0.00288824 0.998699 232.767
0.998699 0.0105312 -0.0498974 -4.70202 -0.0106255 0.999942 -0.00162425 -4.25423 0.0498775 0.00215233 0.998753 233.56
0.998797 0.0112427 -0.0477249 -4.76743 -0.0113111 0.999935 -0.001163 -4.2701 0.0477088 0.00170144 0.99886 234.318
0.998863 0.0118429 -0.0461665 -4.82098 -0.0119442 0.999927 -0.00191991 -4.28378 0.0461404 0.00246917 0.998932 235.073
0.9989 0.0126468 -0.0451403 -4.8698 -0.0128458 0.999909 -0.00412005 -4.29994 0.0450842 0.00469539 0.998973 235.812
0.998954 0.0127678 -0.0439043 -4.9094 -0.0130615 0.999894 -0.00641011 -4.31594 0.0438179 0.00697687 0.999016 236.559
0.999011 0.0131315 -0.04248 -4.9491 -0.0134739 0.999879 -0.00778391 -4.3352 0.0423727 0.0083486 0.999067 237.286
0.999071 0.0138641 -0.0408051 -4.98742 -0.0142152 0.999864 -0.0083266 -4.35339 0.0406842 0.00889893 0.999133 238.026
0.999155 0.0135753 -0.0387933 -5.02165 -0.0139187 0.999866 -0.0085949 -4.37146 0.0386714 0.0091276 0.999211 238.762
0.999217 0.0137517 -0.0370988 -5.05027 -0.0140912 0.999861 -0.0089063 -4.38833 0.0369712 0.00942211 0.999272 239.486
0.999252 0.0139107 -0.0360675 -5.06505 -0.0142547 0.999855 -0.00929617 -4.40667 0.035933 0.00980336 0.999306 240.211
0.999295 0.0137298 -0.0349302 -5.07609 -0.0140773 0.999854 -0.00972218 -4.42871 0.0347917 0.0102071 0.999343 240.941
0.99934 0.0142255 -0.0334075 -5.0836 -0.0145413 0.999852 -0.00923068 -4.45175 0.0332713 0.0097104 0.999399 241.663
0.999399 0.0133406 -0.0319939 -5.08158 -0.013597 0.999877 -0.00780952 -4.48163 0.0318858 0.00823986 0.999458 242.378
0.999479 0.0126374 -0.029682 -5.09382 -0.0128204 0.9999 -0.00598073 -4.52302 0.0296034 0.00635816 0.999542 243.087
0.999582 0.012344 -0.0261447 -5.1225 -0.0124909 0.999907 -0.0054623 -4.54793 0.0260749 0.0057866 0.999644 243.785
0.999675 0.0119297 -0.0225151 -5.14925 -0.0120594 0.999911 -0.00563267 -4.56798 0.022446 0.00590237 0.999731 244.472
0.999735 0.0115673 -0.0199101 -5.1585 -0.011676 0.999917 -0.00535385 -4.59105 0.0198466 0.00558492 0.999788 245.197
0.999778 0.0121595 -0.0171827 -5.17147 -0.0122706 0.999904 -0.00637625 -4.60633 0.0171036 0.00658569 0.999832 245.892
0.999824 0.0121314 -0.0142977 -5.18116 -0.0122332 0.9999 -0.00705309 -4.6226 0.0142107 0.00722677 0.999873 246.61
0.999857 0.0121743 -0.0116838 -5.18835 -0.0122484 0.999905 -0.00629239 -4.63865 0.0116061 0.00643461 0.999912 247.324
0.999888 0.0121142 -0.00874323 -5.20044 -0.0121625 0.999911 -0.005493 -4.65777 0.00867593 0.00559874 0.999947 248.038
0.999915 0.0115487 -0.00605757 -5.20757 -0.0115824 0.999917 -0.00555249 -4.67523 0.00599297 0.00562219 0.999966 248.76
0.999928 0.0115455 -0.00335046 -5.21593 -0.0115692 0.999907 -0.00712848 -4.69323 0.00326788 0.00716674 0.999969 249.474
0.999932 0.0116246 -0.000847479 -5.22639 -0.011632 0.999889 -0.00932367 -4.71059 0.000739027 0.00933291 0.999956 250.191
0.999942 0.010733 0.000515587 -5.22645 -0.0107267 0.999882 -0.0109687 -4.72569 -0.000633227 0.0109626 0.99994 250.92
0.999936 0.0112419 0.000710248 -5.2258 -0.011233 0.99987 -0.0115186 -4.74098 -0.000839621 0.0115099 0.999934 251.648
0.999943 0.0106671 0.000582595 -5.22299 -0.0106593 0.99987 -0.0120861 -4.761 -0.000711418 0.0120792 0.999927 252.387
0.999925 0.0121813 0.000654933 -5.22263 -0.0121723 0.99985 -0.0122995 -4.78027 -0.000804633 0.0122906 0.999924 253.137
0.999904 0.0138299 0.000146724 -5.22086 -0.0138267 0.999814 -0.0134128 -4.79356 -0.00033217 0.0134096 0.99991 253.886
0.999914 0.0130973 0.000300847 -5.21928 -0.0130911 0.999795 -0.015436 -4.81496 -0.000502929 0.0154307 0.999881 254.643
0.999953 0.00962498 0.000723785 -5.21489 -0.00961077 0.999799 -0.0175933 -4.83971 -0.000892949 0.0175855 0.999845 255.395
0.99998 0.00605046 0.00158322 -5.21389 -0.00602025 0.999812 -0.0184406 -4.86227 -0.00169447 0.0184307 0.999829 256.154
0.999967 0.00797012 0.0013873 -5.20487 -0.00794911 0.999862 -0.0145437 -4.88098 -0.00150299 0.0145322 0.999893 256.959
0.999928 0.0119151 0.00102166 -5.19355 -0.0119056 0.99989 -0.00881553 -4.89507 -0.00112656 0.00880275 0.999961 257.778
0.999935 0.0112499 0.00173705 -5.1933 -0.0112407 0.999923 -0.00522024 -4.91692 -0.00179562 0.00520039 0.999985 258.58
0.999943 0.00993282 0.00389273 -5.19361 -0.00990434 0.999924 -0.00727119 -4.93936 -0.00396463 0.00723223 0.999966 259.369
0.999909 0.0109358 0.00787723 -5.19202 -0.0108289 0.99985 -0.0134861 -4.95663 -0.00802351 0.0133996 0.999878 260.175
0.999846 0.013017 0.0117852 -5.19197 -0.0128147 0.999772 -0.0170852 -4.97703 -0.0120049 0.0169315 0.999785 260.984
0.999776 0.0148414 0.0150506 -5.18464 -0.0145875 0.999751 -0.0168456 -5.00064 -0.0152968 0.0166223 0.999745 261.813
0.999726 0.0134073 0.0191944 -5.18302 -0.013131 0.999809 -0.0144526 -5.02633 -0.0193845 0.0141966 0.999711 262.66
0.999689 0.0104751 0.0226055 -5.16959 -0.0102165 0.999881 -0.011525 -5.04775 -0.0227235 0.0112904 0.999678 263.504
0.999635 0.00818352 0.0257326 -5.15035 -0.0079267 0.999918 -0.0100668 -5.06951 -0.0258129 0.00985913 0.999618 264.354
0.999536 0.00863209 0.0292092 -5.13692 -0.0083537 0.999918 -0.00963973 -5.09188 -0.0292901 0.00939126 0.999527 265.197
0.999432 0.0112264 0.0317785 -5.11186 -0.0108476 0.999868 -0.0120663 -5.10758 -0.0319097 0.0117148 0.999422 266.069
0.999336 0.0129204 0.0340528 -5.09188 -0.0124319 0.999817 -0.0145203 -5.12469 -0.0342341 0.0140873 0.999315 266.905
0.999239 0.0136797 0.0365218 -5.06444 -0.0131444 0.999803 -0.0148569 -5.14267 -0.0367178 0.0143656 0.999223 267.749
0.999115 0.0150207 0.0392905 -5.03309 -0.0145191 0.999809 -0.013022 -5.165 -0.0394786 0.01244 0.999143 268.599
0.998948 0.0168058 0.0426544 -5.00887 -0.0163219 0.999798 -0.0116675 -5.18789 -0.0428418 0.0109591 0.999022 269.443
0.998808 0.0174399 0.0455815 -4.98462 -0.0169135 0.999786 -0.0119087 -5.21104 -0.0457794 0.0111236 0.99889 270.275
0.998653 0.0185403 0.0484522 -4.95129 -0.0179372 0.999756 -0.0128534 -5.22385 -0.0486787 0.011967 0.998743 271.129
0.99854 0.0173943 0.0511407 -4.91112 -0.0167123 0.999766 -0.0137338 -5.24056 -0.0513676 0.012859 0.998597 271.986
0.998479 0.0147447 0.0531156 -4.87107 -0.0140484 0.99981 -0.0134595 -5.25948 -0.053304 0.0126929 0.998498 272.832
0.998433 0.0140497 0.054159 -4.83045 -0.0133129 0.999814 -0.0139411 -5.27891 -0.0543447 0.0131983 0.998435 273.694
0.998381 0.0132939 0.0552938 -4.79704 -0.0125364 0.999823 -0.0140254 -5.30289 -0.0554705 0.0133096 0.998372 274.546
0.998316 0.0137676 0.0563391 -4.76208 -0.0129981 0.999817 -0.0140014 -5.32492 -0.0565216 0.0132456 0.998314 275.404
0.998278 0.0144004 0.0568508 -4.72696 -0.0136569 0.999816 -0.0134448 -5.34838 -0.057034 0.0126453 0.998292 276.266
0.99824 0.0154597 0.0572388 -4.69648 -0.0147311 0.999805 -0.01313 -5.37138 -0.0574307 0.0122637 0.998274 277.122
0.998377 0.0150713 0.0549133 -4.63816 -0.0143143 0.999797 -0.014153 -5.39505 -0.0551155 0.013344 0.998391 277.977
0.998417 0.0156345 0.0540143 -4.60605 -0.0148399 0.999776 -0.0150809 -5.42085 -0.054238 0.0142555 0.998426 278.843
0.998481 0.0175185 0.0522306 -4.55752 -0.0166822 0.999726 -0.0164054 -5.43621 -0.0525037 0.0155091 0.9985 279.734
0.998523 0.0191903 0.0508089 -4.52291 -0.0183278 0.99968 -0.017386 -5.45541 -0.0511263 0.0164291 0.998557 280.595
0.998532 0.0218047 0.0495701 -4.49975 -0.0209405 0.99962 -0.0178866 -5.47619 -0.0499413 0.0168223 0.99861 281.44
0.998586 0.0226026 0.0480973 -4.47587 -0.0217702 0.999605 -0.0177596 -5.4981 -0.0484797 0.0166874 0.998685 282.286
0.998721 0.0225522 0.0452462 -4.44056 -0.0218266 0.999626 -0.0164668 -5.52451 -0.0456006 0.0154582 0.99884 283.138
0.998931 0.0212071 0.0410709 -4.40878 -0.0206333 0.999684 -0.014345 -5.54901 -0.0413621 0.0134823 0.999053 283.988
0.999153 0.0202453 0.0357996 -4.37585 -0.0197938 0.99972 -0.0129228 -5.57366 -0.0360511 0.0122032 0.999276 284.833
0.99932 0.0201414 0.0308523 -4.35351 -0.0197854 0.999734 -0.0118028 -5.59846 -0.0310818 0.0111843 0.999454 285.658
0.999458 0.0201845 0.02598 -4.33609 -0.019897 0.999738 -0.0112793 -5.62007 -0.0262008 0.0107563 0.999599 286.492
0.999602 0.0191706 0.0206627 -4.31314 -0.0189524 0.999763 -0.0107051 -5.64436 -0.020863 0.0103093 0.999729 287.314
0.999701 0.0180862 0.0163903 -4.30978 -0.0179174 0.999785 -0.0103865 -5.66947 -0.0165746 0.0100897 0.999812 288.108
0.999767 0.0179132 0.0119731 -4.2983 -0.0177843 0.999783 -0.0107911 -5.6931 -0.0121638 0.0105757 0.99987 288.909
0.999809 0.0178283 0.00791715 -4.29604 -0.0177442 0.999786 -0.010568 -5.72062 -0.00810382 0.0104255 0.999913 289.68
0.999835 0.01755 0.00448589 -4.30267 -0.0175025 0.999792 -0.0104274 -5.74645 -0.0046679 0.0103471 0.999936 290.438
0.999848 0.0174053 0.000847607 -4.31163 -0.0173956 0.999794 -0.0103955 -5.76883 -0.00102831 0.0103792 0.999946 291.168
0.999856 0.0167023 -0.00285162 -4.33079 -0.016733 0.999798 -0.0111002 -5.79047 0.0026657 0.0111463 0.999934 291.874
0.999807 0.0180961 -0.00753109 -4.34773 -0.0181903 0.999754 -0.0126439 -5.81236 0.0073005 0.0127785 0.999892 292.571
0.999715 0.0194502 -0.0138247 -4.36863 -0.0196507 0.999701 -0.0145157 -5.83457 0.0135383 0.0147833 0.999799 293.242
0.999551 0.0205171 -0.0217882 -4.40361 -0.0208683 0.999653 -0.0160162 -5.86006 0.0214522 0.0164637 0.999634 293.888
0.999278 0.0203547 -0.0320613 -4.43855 -0.0209071 0.999637 -0.0169881 -5.88026 0.031704 0.0176462 0.999342 294.54
0.998811 0.0204305 -0.0442526 -4.5106 -0.0211923 0.999633 -0.0168158 -5.9074 0.043893 0.0177337 0.998879 295.135
0.997955 0.0216774 -0.0601188 -4.59266 -0.0226536 0.999621 -0.0156036 -5.93359 0.059758 0.0169336 0.998069 295.725
0.996542 0.0243201 -0.0794437 -4.68538 -0.0255204 0.999574 -0.0141284 -5.95942 0.0790665 0.016107 0.996739 296.32
0.994484 0.0257301 -0.101677 -4.79148 -0.0272364 0.999538 -0.0134537 -5.98478 0.101284 0.0161489 0.994727 296.913
0.991605 0.027013 -0.126445 -4.91244 -0.0288355 0.999504 -0.0126043 -6.00954 0.126042 0.0161446 0.991894 297.504
0.98771 0.0287684 -0.153626 -5.04961 -0.030856 0.99946 -0.0112214 -6.03337 0.153221 0.0158238 0.988065 298.091
0.982528 0.0302496 -0.183638 -5.20435 -0.0324389 0.999433 -0.00892896 -6.05565 0.183264 0.01473 0.982953 298.673
0.975687 0.0296859 -0.217148 -5.35989 -0.0318418 0.999472 -0.00643523 -6.06248 0.216842 0.0131932 0.976117 299.252
0.966923 0.0298411 -0.253316 -5.5185 -0.0318381 0.999485 -0.00378659 -6.07439 0.253073 0.0117265 0.967376 299.773
0.956209 0.0314764 -0.290985 -5.6958 -0.0329953 0.999455 -0.000313005 -6.08517 0.290817 0.00990045 0.956727 300.281
0.943415 0.0332164 -0.329946 -5.89357 -0.0340504 0.999414 0.00325291 -6.09401 0.329861 0.00816595 0.943994 300.781
0.928552 0.0342213 -0.369621 -6.11221 -0.0342854 0.999391 0.00639749 -6.10117 0.369615 0.00673222 0.929161 301.271
0.911256 0.0341912 -0.410418 -6.34606 -0.0332512 0.999402 0.00943048 -6.10634 0.410496 0.00505334 0.911849 301.746
0.891217 0.0338795 -0.452309 -6.60176 -0.0319339 0.999418 0.0119382 -6.11023 0.452451 0.00380446 0.891781 302.21
0.868213 0.033282 -0.495073 -6.87963 -0.030264 0.999442 0.0141147 -6.113 0.495267 0.00272836 0.868737 302.66
0.842245 0.0324383 -0.538117 -7.17977 -0.0278641 0.999473 0.0166373 -6.11448 0.538374 0.000981529 0.842705 303.096
0.813055 0.0327477 -0.581264 -7.50223 -0.026214 0.999463 0.0196412 -6.11439 0.581596 -0.000732088 0.813478 303.515
0.780683 0.0343748 -0.623981 -7.84672 -0.0267383 0.999409 0.0216038 -6.11334 0.624355 -0.000181567 0.78114 303.917
0.745073 0.033673 -0.666131 -8.19972 -0.0244208 0.999432 0.0232065 -6.11293 0.666535 -0.00102308 0.745473 304.285
0.705634 0.0326015 -0.707825 -8.55712 -0.0196379 0.999457 0.0264565 -6.10811 0.708304 -0.00476842 0.705892 304.604
0.662012 0.0320827 -0.748806 -8.93358 -0.0131493 0.999426 0.0311955 -6.10145 0.749377 -0.0108056 0.662055 304.894
0.61455 0.0324001 -0.788212 -9.34522 -0.00810362 0.999362 0.0347615 -6.08434 0.788836 -0.0149753 0.614421 305.136
0.56368 0.0360158 -0.825207 -9.75558 -0.00804829 0.999241 0.0381138 -6.06877 0.825954 -0.0148425 0.563542 305.335
0.511316 0.0419727 -0.858367 -10.1891 -0.0115664 0.999052 0.0419621 -6.04852 0.859315 -0.0115277 0.511317 305.487
0.457146 0.0456713 -0.888218 -10.6181 -0.0133158 0.99892 0.0445102 -6.02499 0.889292 -0.00852029 0.45726 305.598
0.401469 0.0476107 -0.914634 -11.057 -0.0127843 0.998842 0.0463825 -6.00072 0.915783 -0.00692815 0.401613 305.681
0.345301 0.0492948 -0.937196 -11.5001 -0.0098678 0.998755 0.048897 -5.97566 0.93844 -0.0076361 0.345357 305.737
0.288783 0.0519176 -0.955985 -11.9376 -0.00643309 0.998611 0.0522892 -5.94794 0.957373 -0.0089503 0.288716 305.764
0.231482 0.0550603 -0.971279 -12.4065 -0.00334083 0.998436 0.0558036 -5.91366 0.972833 -0.00967266 0.231304 305.766
0.170441 0.0573364 -0.983698 -12.8002 0.000170942 0.998304 0.0582173 -5.88457 0.985368 -0.0100908 0.170142 305.768
0.107297 0.0608002 -0.992366 -13.2274 0.00187777 0.998114 0.0613554 -5.85287 0.994225 -0.00844669 0.10698 305.742
0.0433925 0.0656365 -0.996899 -13.6667 0.00467323 0.997815 0.0659002 -5.81862 0.999047 -0.00751831 0.0429908 305.691
-0.0223586 0.0719155 -0.99716 -14.0965 0.00775446 0.997391 0.0717584 -5.78601 0.99972 -0.00612802 -0.0228581 305.617
-0.0895687 0.0782864 -0.992899 -14.5687 0.0116017 0.99692 0.0775569 -5.74825 0.995913 -0.00457264 -0.0902013 305.529
-0.156408 0.0841307 -0.984103 -15.0115 0.015481 0.996452 0.082726 -5.7136 0.987571 -0.00229589 -0.157155 305.413
-0.222411 0.090218 -0.970769 -15.4621 0.0213178 0.995921 0.0876713 -5.68186 0.97472 -0.00119558 -0.223428 305.267
-0.286771 0.0944265 -0.953334 -15.9119 0.0270558 0.995531 0.0904676 -5.64682 0.957617 0.000150233 -0.288044 305.089
-0.349274 0.0971552 -0.93197 -16.3695 0.0325077 0.995267 0.0915709 -5.61201 0.936456 0.00168716 -0.35078 304.885
-0.408468 0.0984692 -0.907445 -16.8168 0.0379117 0.995136 0.0909196 -5.57886 0.911985 0.00273499 -0.410215 304.64
-0.464091 0.0991316 -0.880222 -17.2633 0.0421549 0.995063 0.0898393 -5.5415 0.884783 0.00458796 -0.46598 304.356
-0.516257 0.0995797 -0.850624 -17.7404 0.0462026 0.995009 0.0884412 -5.49108 0.855186 0.00635744 -0.518282 304.04
-0.563097 0.0998019 -0.820342 -18.1931 0.0495219 0.994971 0.0870545 -5.4438 0.824906 0.00839522 -0.565208 303.695
-0.604294 0.100723 -0.790369 -18.6655 0.0525601 0.994856 0.0865964 -5.3915 0.795026 0.0107878 -0.606479 303.304
-0.641479 0.104171 -0.760034 -19.1246 0.0584094 0.994493 0.0870085 -5.33671 0.764913 0.011421 -0.644032 302.879
-0.678069 0.110397 -0.726659 -19.5801 0.0673904 0.993829 0.0881028 -5.28022 0.731901 0.01077 -0.681325 302.426
-0.713748 0.11523 -0.690858 -20.0426 0.0743976 0.993266 0.0888063 -5.21854 0.696439 0.0119873 -0.717515 301.931
-0.746703 0.115838 -0.654993 -20.483 0.0775707 0.993164 0.087213 -5.15653 0.660618 0.014314 -0.750585 301.394
-0.777226 0.112211 -0.619134 -20.9276 0.0781951 0.993567 0.0819113 -5.09545 0.624343 0.0152504 -0.781001 300.811
-0.803989 0.10951 -0.584473 -21.3043 0.0802396 0.993885 0.0758439 -5.0523 0.589205 0.0140798 -0.807861 300.212
-0.828922 0.10531 -0.54936 -21.6979 0.0801525 0.994344 0.0696712 -5.0098 0.553591 0.0137194 -0.832676 299.552
-0.85173 0.10291 -0.513774 -22.0986 0.0814667 0.994608 0.0641669 -4.95884 0.517608 0.0127974 -0.855522 298.849
-0.872492 0.101431 -0.477984 -22.457 0.0816467 0.994727 0.062052 -4.91667 0.481758 0.015114 -0.876174 298.139
-0.892045 0.0977964 -0.441238 -22.8097 0.0798626 0.995053 0.0590872 -4.8719 0.444833 0.0174701 -0.895443 297.363
-0.909339 0.0977989 -0.404398 -23.1269 0.0820253 0.995044 0.0561958 -4.82732 0.40789 0.0179302 -0.912855 296.56
-0.92541 0.1 -0.365534 -23.4368 0.0858902 0.994801 0.0547053 -4.78674 0.369105 0.0192291 -0.929189 295.737
-0.939236 0.103571 -0.327275 -23.7132 0.0911974 0.994422 0.0529758 -4.74551 0.330936 0.0199102 -0.943443 294.885
-0.95133 0.104994 -0.289735 -23.9635 0.0935051 0.994193 0.0532573 -4.70538 0.293644 0.0235736 -0.955624 293.989
-0.961506 0.108184 -0.252588 -24.1919 0.0979607 0.993791 0.0527425 -4.66671 0.256726 0.0259685 -0.966135 293.045
-0.970089 0.107506 -0.217645 -24.3559 0.0987991 0.993823 0.0505323 -4.62853 0.221733 0.0275177 -0.974719 292.12
-0.977361 0.106076 -0.183065 -24.5428 0.099398 0.994016 0.0453004 -4.58739 0.186774 0.0260786 -0.982057 291.103
-0.983156 0.104578 -0.149887 -24.6907 0.0995814 0.994205 0.0404833 -4.54896 0.153252 0.0248755 -0.987874 290.062
-0.987505 0.103824 -0.118545 -24.7982 0.0999146 0.994251 0.0384709 -4.5139 0.121858 0.0261459 -0.992203 289.029
-0.990853 0.102451 -0.0878218 -24.8857 0.0995142 0.99434 0.0372058 -4.4866 0.0911365 0.028126 -0.995441 287.976
-0.993058 0.10174 -0.0590307 -24.9438 0.0998481 0.994415 0.0341693 -4.45071 0.0621773 0.028038 -0.997671 286.847
-0.994354 0.100934 -0.0327422 -24.9683 0.0998811 0.994473 0.0323419 -4.4233 0.0358255 0.028889 -0.99894 285.725
-0.995119 0.0983636 -0.00783209 -24.9652 0.0980648 0.994659 0.0321726 -4.39252 0.0109547 0.0312475 -0.999452 284.559
-0.995189 0.0967565 0.015353 -24.9381 0.097208 0.994747 0.032058 -4.36564 -0.0121707 0.0333963 -0.999368 283.376
-0.994898 0.0941774 0.0361683 -24.8938 0.0952752 0.995 0.0299323 -4.33833 -0.0331687 0.0332255 -0.998897 282.152
