1 0 0 0 0 1 0 0 0 0 1 0
0.999977 -0.0030273 -0.00599747 -0.0250781 0.00302873 0.999995 0.000229316 0.00917612 0.00599675 -0.000247475 0.999982 0.0986913
0.99992 -0.00236958 -0.0124196 -0.0426772 0.00236899 0.999997 -6.18096e-05 0.0109121 0.0124197 3.23828e-05 0.999923 0.181918
0.999804 -0.00200816 -0.0197075 -0.057734 0.00199047 0.999998 -0.000917086 0.011539 0.0197093 0.000877678 0.999805 0.276973
0.999572 -0.00130865 -0.0292209 -0.0644476 0.00123697 0.999996 -0.00247095 0.0119254 0.0292241 0.00243375 0.99957 0.373013
0.999168 -0.00129579 -0.0407723 -0.0777779 0.00113279 0.999991 -0.00402072 0.0115962 0.0407772 0.00397118 0.99916 0.483761
0.998507 -0.00151888 -0.0546078 -0.0910926 0.00124155 0.999986 -0.00511212 0.0115175 0.0546148 0.00503669 0.998495 0.599402
0.99749 -0.00159632 -0.070787 -0.115573 0.00123447 0.999986 -0.00515523 0.0108551 0.0707943 0.00505491 0.997478 0.727245
0.99602 -0.00306669 -0.0890736 -0.147541 0.00260938 0.999983 -0.00525009 0.00811431 0.0890882 0.00499677 0.996011 0.862822
0.994057 -0.00410609 -0.108784 -0.183664 0.0035272 0.999979 -0.0055134 0.00471137 0.108804 0.00509693 0.99405 1.0149
0.991397 -0.00429778 -0.130819 -0.231451 0.00355258 0.999976 -0.00592925 0.0010773 0.130841 0.0054135 0.991388 1.17867
0.988017 -0.000358568 -0.154344 -0.296703 -0.000788568 0.999973 -0.00737107 -0.00475285 0.154342 0.00740445 0.98799 1.34361
0.9838 0.00394298 -0.179227 -0.368786 -0.00563809 0.999944 -0.00894945 -0.0113633 0.179182 0.00981496 0.983767 1.51025
0.978629 0.00680612 -0.205521 -0.447297 -0.00902068 0.999911 -0.00984031 -0.0184313 0.205436 0.0114839 0.978603 1.67665
0.972264 0.00794388 -0.233751 -0.5413 -0.0105715 0.999894 -0.00999033 -0.0254153 0.233647 0.0121843 0.972245 1.85645
0.964632 0.0101859 -0.263404 -0.640699 -0.0131274 0.99987 -0.0094099 -0.0319768 0.263274 0.0125349 0.964639 2.03319
0.955551 0.0123752 -0.294567 -0.745063 -0.0155562 0.999843 -0.00845786 -0.0351287 0.294416 0.0126642 0.955593 2.21705
0.944681 0.01472 -0.32766 -0.853913 -0.0181617 0.999807 -0.00744632 -0.0382411 0.327488 0.0129853 0.944766 2.39897
0.9325 0.0173171 -0.360755 -0.966906 -0.0212908 0.999749 -0.00704322 -0.0423283 0.360542 0.0142486 0.932634 2.58125
0.918898 0.0203908 -0.393967 -1.08562 -0.0248544 0.999672 -0.00623018 -0.0458446 0.393711 0.0155167 0.919103 2.76115
0.903141 0.0210756 -0.428827 -1.21444 -0.0259784 0.999647 -0.00558249 -0.0459037 0.428558 0.016182 0.903369 2.9487
0.884972 0.0167044 -0.465344 -1.34495 -0.0222004 0.999733 -0.00633247 -0.0463354 0.465114 0.0159349 0.885107 3.13594
0.863988 0.0115823 -0.503379 -1.47947 -0.0173939 0.999825 -0.00684927 -0.0478189 0.503212 0.0146734 0.864038 3.31419
0.839035 0.0129175 -0.543924 -1.63774 -0.0179574 0.999831 -0.00395556 -0.0494803 0.543781 0.0130863 0.839125 3.50371
0.809765 0.0184102 -0.586466 -1.81329 -0.0229905 0.999736 -0.000360716 -0.0516638 0.586304 0.0137752 0.809974 3.68287
0.776998 0.0209703 -0.629154 -2.00648 -0.0259074 0.999663 0.00132442 -0.0528995 0.62897 0.0152707 0.777279 3.86344
0.740885 0.0204553 -0.67132 -2.21425 -0.0256223 0.999669 0.00218278 -0.055537 0.671143 0.0155836 0.741164 4.03618
0.701199 0.0164901 -0.712775 -2.4301 -0.0200282 0.999794 0.00342739 -0.0572592 0.712684 0.0118723 0.701385 4.19667
0.658869 0.0130029 -0.752146 -2.67383 -0.0149929 0.999879 0.00415209 -0.0583017 0.752109 0.00854118 0.658984 4.35414
0.614341 0.012506 -0.788942 -2.93898 -0.0125256 0.999903 0.00609646 -0.0579529 0.788941 0.00613669 0.614438 4.50424
0.566588 0.0131662 -0.823896 -3.22134 -0.010114 0.999908 0.00902364 -0.0564637 0.823939 0.00322017 0.566669 4.64254
0.515627 0.0137274 -0.856704 -3.51245 -0.00836331 0.999905 0.0109883 -0.0536078 0.856773 0.001499 0.515692 4.76446
0.462966 0.0149723 -0.88625 -3.82761 -0.00766722 0.999888 0.0128868 -0.0461598 0.886343 0.0008289 0.463029 4.87655
0.40852 0.0167638 -0.912596 -4.154 -0.00664758 0.999859 0.015391 -0.0370109 0.912725 -0.000220987 0.408574 4.97378
0.352413 0.0184586 -0.935663 -4.49965 -0.00599658 0.999829 0.0174659 -0.0303545 0.935825 -0.000544447 0.352464 5.06559
0.298963 0.0206049 -0.954043 -4.85876 -0.0042565 0.999786 0.020259 -0.0157848 0.954255 -0.0019958 0.298986 5.10545
0.247599 0.021816 -0.968617 -5.23235 -0.00120871 0.999753 0.0222083 -0.00214842 0.968862 -0.00432797 0.247564 5.12617
0.19796 0.0221494 -0.97996 -5.61947 -0.000614063 0.999747 0.0224726 0.00231099 0.98021 -0.00384691 0.197923 5.1486
0.150851 0.0232246 -0.988284 -6.03214 -0.00400232 0.99973 0.0228827 0.00856377 0.988548 0.000503553 0.150903 5.16377
0.108355 0.0237306 -0.993829 -6.4544 -0.00673328 0.99971 0.0231369 0.0162051 0.994089 0.00418472 0.108484 5.17108
0.0701177 0.022406 -0.997287 -6.89854 -0.00867165 0.999724 0.0218511 0.025567 0.997501 0.00711598 0.0702926 5.17176
0.0356015 0.0197347 -0.999172 -7.36269 -0.00796891 0.999779 0.0194628 0.0331478 0.999334 0.0072694 0.0357508 5.16168
0.00386671 0.0170613 -0.999847 -7.8402 -0.00777208 0.999825 0.0170309 0.036453 0.999962 0.00770504 0.00399858 5.1447
-0.023194 0.0151446 -0.999617 -8.32838 -0.00854632 0.999846 0.0153464 0.0398017 0.999694 0.00889898 -0.023061 5.11744
-0.0443453 0.0128341 -0.998934 -8.8442 -0.00921416 0.99987 0.0132552 0.0481396 0.998974 0.00979214 -0.0442213 5.07889
-0.0609146 0.0117478 -0.998074 -9.36581 -0.00854328 0.999888 0.0122906 0.0597842 0.998106 0.0092755 -0.0608074 5.03594
-0.0741058 0.0120359 -0.997178 -9.91164 -0.00766326 0.999891 0.0126381 0.0686638 0.997221 0.00857819 -0.0740055 4.98689
-0.0835215 0.0130452 -0.996421 -10.4705 -0.00881691 0.999865 0.0138293 0.0704505 0.996467 0.00994039 -0.0833953 4.92579
-0.0902695 0.0144742 -0.995812 -11.0504 -0.0102599 0.999828 0.0154627 0.0696701 0.995864 0.0116128 -0.0901055 4.8627
-0.0951108 0.0155634 -0.995345 -11.6496 -0.0101601 0.99981 0.0166041 0.0722063 0.995415 0.011692 -0.0949347 4.80348
-0.0968132 0.016239 -0.99517 -12.2482 -0.0081907 0.99982 0.0171117 0.078077 0.995269 0.00980778 -0.0966628 4.74791
-0.0961441 0.018359 -0.995198 -12.8889 -0.0059968 0.999801 0.0190233 0.0858884 0.995349 0.00779698 -0.0960149 4.6888
-0.09509 0.0206743 -0.995254 -13.5345 -0.00633388 0.999751 0.0213729 0.092645 0.995448 0.00833617 -0.0949355 4.6296
-0.0938097 0.0204676 -0.99538 -14.189 -0.00860908 0.999734 0.0213685 0.0973239 0.995553 0.0105739 -0.0936086 4.56543
-0.0923863 0.0179403 -0.995562 -14.8706 -0.0103944 0.999766 0.0189806 0.104931 0.995669 0.0121018 -0.0921782 4.49635
-0.0915528 0.0177389 -0.995642 -15.5531 -0.0101279 0.999773 0.0187438 0.116416 0.995749 0.0117999 -0.0913524 4.4373
-0.09043 0.0203445 -0.995695 -16.2545 -0.00980212 0.999725 0.021317 0.126641 0.995855 0.0116876 -0.0902057 4.38181
-0.0890043 0.0235964 -0.995752 -16.9821 -0.0106657 0.999639 0.0246419 0.138171 0.995974 0.0128136 -0.0887206 4.31741
-0.0874879 0.0253854 -0.995842 -17.7103 -0.0105857 0.999595 0.026411 0.150742 0.996109 0.0128523 -0.0871838 4.25384
-0.085742 0.0246025 -0.996014 -18.4677 -0.0124717 0.99959 0.0257644 0.163776 0.996239 0.0146311 -0.0854001 4.18237
-0.0843507 0.0215659 -0.996203 -19.2237 -0.0150061 0.999625 0.0229106 0.174032 0.996323 0.0168817 -0.0839955 4.1149
-0.083199 0.0207428 -0.996317 -20.0017 -0.0161128 0.999625 0.0221572 0.189467 0.996403 0.0178969 -0.0828335 4.04891
-0.0816174 0.0229724 -0.996399 -20.7771 -0.0136509 0.999615 0.0241647 0.200591 0.99657 0.015574 -0.0812724 3.97991
-0.0810666 0.0250337 -0.996394 -21.5779 -0.0112765 0.999597 0.0260317 0.208937 0.996645 0.0133461 -0.0807517 3.91975
-0.0800562 0.0266562 -0.996434 -22.3944 -0.0102706 0.999567 0.0275652 0.219643 0.996737 0.0124407 -0.0797478 3.85638
-0.0796876 0.0220521 -0.996576 -23.2005 -0.0104596 0.999682 0.0229572 0.226585 0.996765 0.0122532 -0.0794316 3.78932
-0.0786942 0.0151409 -0.996784 -24.0075 -0.00945741 0.999828 0.0159338 0.231522 0.996854 0.0106809 -0.0785375 3.70945
-0.0781836 0.0105125 -0.996884 -24.8331 -0.00715243 0.999913 0.0111054 0.239201 0.996913 0.0079984 -0.0781016 3.63409
-0.0771148 0.0115976 -0.996955 -25.6452 -0.00575288 0.999911 0.012077 0.239181 0.997005 0.00666667 -0.0770412 3.5406
-0.0771698 0.0188692 -0.99684 -26.4905 -0.00626768 0.999792 0.0194103 0.241021 0.996998 0.00774576 -0.0770354 3.47123
-0.0776114 0.0258987 -0.996647 -27.3385 -0.00728906 0.999621 0.0265436 0.249404 0.996957 0.0093247 -0.0773932 3.40142
-0.0780861 0.031049 -0.996463 -28.1698 -0.00905945 0.999452 0.0318521 0.257555 0.996905 0.0115146 -0.077762 3.33466
-0.0780909 0.0312513 -0.996457 -29.0217 -0.0105765 0.999426 0.0321733 0.269387 0.99689 0.0130515 -0.0777155 3.25355
-0.0786592 0.0278079 -0.996514 -29.8636 -0.0106666 0.99953 0.028734 0.278441 0.996844 0.0128896 -0.0783257 3.18454
-0.0800147 0.0249834 -0.996481 -30.7061 -0.0106437 0.999607 0.0259164 0.29102 0.996737 0.01268 -0.0797174 3.12605
-0.0803353 0.0261956 -0.996424 -31.5494 -0.0121048 0.999555 0.0272539 0.300697 0.996694 0.014251 -0.0799825 3.05418
-0.0802348 0.0283632 -0.996372 -32.3897 -0.0128208 0.999483 0.0294842 0.309867 0.996693 0.01514 -0.0798297 2.98236
-0.0803362 0.0265682 -0.996414 -33.2234 -0.013373 0.999526 0.0277294 0.317152 0.996678 0.0155527 -0.0799429 2.91327
-0.0802894 0.0214904 -0.99654 -34.0587 -0.0141706 0.999642 0.022699 0.321867 0.996671 0.0159441 -0.0799561 2.84419
-0.0802337 0.0175551 -0.996622 -34.8987 -0.0155812 0.999701 0.0188637 0.325542 0.996654 0.0170421 -0.0799361 2.769
-0.0801473 0.0183285 -0.996615 -35.7251 -0.0148867 0.999698 0.0195824 0.328173 0.996672 0.0164057 -0.0798502 2.70633
-0.0800724 0.0207754 -0.996573 -36.5544 -0.013683 0.999666 0.0219393 0.330851 0.996695 0.0153928 -0.0797613 2.64937
-0.0810041 0.0256627 -0.996383 -37.3803 -0.0129922 0.999556 0.0268007 0.337008 0.996629 0.0151162 -0.0806347 2.60755
-0.0806844 0.0310401 -0.996256 -38.2502 -0.0122521 0.999409 0.0321306 0.349414 0.996664 0.0147987 -0.0802563 2.53253
-0.0816023 0.0340765 -0.996082 -39.0812 -0.0124016 0.999303 0.0352027 0.359557 0.996588 0.0152256 -0.0811228 2.47616
-0.0817414 0.0339457 -0.996075 -39.9303 -0.012061 0.999313 0.0350458 0.371082 0.99658 0.0148783 -0.0812758 2.40485
-0.0829311 0.030072 -0.996102 -40.7312 -0.0122027 0.999439 0.0311887 0.374317 0.99648 0.0147416 -0.0825175 2.3626
-0.0832557 0.0260835 -0.996187 -41.5723 -0.0133985 0.999538 0.027291 0.380081 0.996438 0.0156195 -0.0828677 2.29319
-0.0846839 0.0235746 -0.996129 -42.3888 -0.0171703 0.999537 0.025115 0.383454 0.99626 0.0192307 -0.0842399 2.24539
-0.0870199 0.0218195 -0.995968 -43.232 -0.0203196 0.999513 0.0236725 0.390168 0.995999 0.0222976 -0.0865342 2.18888
-0.0889735 0.0197281 -0.995839 -44.0582 -0.017633 0.999616 0.0213784 0.395532 0.995878 0.0194617 -0.0885914 2.13483
-0.0913909 0.0161288 -0.995685 -44.889 -0.0142533 0.999745 0.0175029 0.398205 0.995713 0.0157914 -0.0911377 2.07753
-0.0926257 0.0148752 -0.99559 -45.7185 -0.00992735 0.999825 0.0158621 0.398902 0.995651 0.0113528 -0.0924618 2.0081
-0.095062 0.0181144 -0.995307 -46.5563 -0.00930785 0.999775 0.0190847 0.404669 0.995428 0.0110784 -0.0948719 1.93053
-0.0972973 0.023855 -0.994969 -47.3767 -0.00669074 0.999674 0.024622 0.411061 0.995233 0.00905274 -0.0971059 1.85678
-0.100475 0.0276235 -0.994556 -48.1948 -0.00458954 0.999591 0.028227 0.414589 0.994929 0.00740065 -0.100307 1.79172
-0.101689 0.0268194 -0.994455 -49.0268 -0.00468323 0.999613 0.0274374 0.420198 0.994805 0.00744735 -0.101524 1.6973
-0.102249 0.0227951 -0.994498 -49.8281 -0.00806835 0.999686 0.0237435 0.423956 0.994726 0.0104517 -0.102033 1.59728
-0.103207 0.0193553 -0.994471 -50.6292 -0.0126984 0.999704 0.0207749 0.426934 0.994579 0.0147723 -0.10293 1.49703
-0.104944 0.0177958 -0.994319 -51.44 -0.016874 0.999664 0.0196724 0.431905 0.994335 0.0188426 -0.104608 1.40312
-0.106063 0.0185484 -0.994186 -52.2494 -0.0185925 0.999614 0.0206332 0.435932 0.994185 0.0206728 -0.105677 1.30737
-0.107385 0.0200254 -0.994016 -53.0362 -0.0180816 0.999592 0.0220912 0.437884 0.994053 0.0203456 -0.106979 1.2192
-0.108441 0.0195089 -0.993911 -53.8243 -0.0198446 0.999566 0.021785 0.440117 0.993905 0.0220862 -0.108007 1.12629
-0.108117 0.0193947 -0.993949 -54.5958 -0.0208636 0.999545 0.0217734 0.441356 0.993919 0.0230914 -0.107663 1.01804
-0.107925 0.0210696 -0.993936 -55.3706 -0.0195087 0.999538 0.0233067 0.445291 0.993967 0.0219058 -0.107464 0.918143
-0.108051 0.0242675 -0.993849 -56.1437 -0.0184504 0.999481 0.026411 0.446913 0.993974 0.0211906 -0.107547 0.826155
-0.108531 0.0285177 -0.993684 -56.9233 -0.0183115 0.999361 0.0306807 0.451226 0.993924 0.0215257 -0.10794 0.738282
-0.109261 0.030423 -0.993547 -57.6954 -0.0181226 0.999304 0.0325922 0.460912 0.993848 0.0215667 -0.108633 0.647461
-0.109815 0.0303286 -0.993489 -58.4391 -0.0177617 0.999315 0.0324697 0.467888 0.993793 0.0212118 -0.109201 0.559762
-0.110366 0.0284656 -0.993483 -59.1857 -0.0169447 0.999391 0.0305173 0.473478 0.993746 0.0202023 -0.109816 0.475054
-0.110935 0.0248007 -0.993518 -59.9187 -0.0165848 0.999503 0.0268019 0.480864 0.993689 0.0194506 -0.110469 0.389721
-0.111321 0.0219439 -0.993542 -60.6434 -0.0168378 0.999571 0.0239636 0.485228 0.993641 0.0193967 -0.110904 0.309684
-0.11035 0.019524 -0.993701 -61.372 -0.0171945 0.99962 0.0215497 0.490984 0.993744 0.0194642 -0.109972 0.220424
-0.108187 0.0186746 -0.993955 -62.0697 -0.0196352 0.999588 0.0209177 0.491842 0.993936 0.0217795 -0.107776 0.137763
-0.104386 0.0195523 -0.994344 -62.7535 -0.0198696 0.999566 0.0217408 0.49217 0.994338 0.0220266 -0.103952 0.0611997
-0.0988612 0.0210979 -0.994877 -63.423 -0.0190323 0.999552 0.0230883 0.492543 0.994919 0.0212173 -0.0984154 -0.00360902
-0.0919863 0.0225345 -0.995505 -64.0796 -0.0179003 0.999545 0.02428 0.494435 0.995599 0.0200533 -0.0915411 -0.061794
-0.0836479 0.0237669 -0.996212 -64.7186 -0.0186818 0.999502 0.025414 0.495493 0.99632 0.0207369 -0.0831622 -0.113085
-0.071836 0.0251149 -0.9971 -65.3571 -0.0204631 0.999435 0.026648 0.503123 0.997206 0.022318 -0.0712815 -0.164305
-0.0575244 0.0265663 -0.99799 -65.9726 -0.0235855 0.999331 0.0279615 0.507354 0.998065 0.0251466 -0.0568593 -0.193596
-0.0397559 0.0276151 -0.998828 -66.5561 -0.0249552 0.999279 0.0286208 0.512808 0.998897 0.0260638 -0.0390381 -0.203971
-0.0179189 0.0282864 -0.999439 -67.1355 -0.0257013 0.999256 0.028742 0.518362 0.999509 0.0262019 -0.0171786 -0.202432
0.00705605 0.0286668 -0.999564 -67.6838 -0.025032 0.999281 0.028482 0.520093 0.999662 0.0248201 0.00776857 -0.176799
0.035953 0.0282657 -0.998954 -68.2332 -0.0231553 0.999355 0.0274437 0.523756 0.999085 0.0221444 0.0365843 -0.13024
0.0692251 0.0282752 -0.9972 -68.7507 -0.0214404 0.999409 0.0268495 0.525992 0.99737 0.0195217 0.0697904 -0.0524327
0.10572 0.0286251 -0.993984 -69.2277 -0.0203815 0.999438 0.0266144 0.526031 0.994187 0.0174452 0.106244 0.045759
0.145614 0.0283425 -0.988935 -69.7276 -0.0196998 0.999474 0.0257439 0.528537 0.989145 0.0157332 0.146096 0.166568
0.190734 0.0290431 -0.981212 -70.1999 -0.0182662 0.999494 0.0260336 0.532496 0.981472 0.0129576 0.191168 0.292414
0.239307 0.0275859 -0.970552 -70.6465 -0.0145788 0.999586 0.0248164 0.532814 0.970834 0.00821077 0.23961 0.436753
0.29001 0.0226772 -0.956755 -71.0924 -0.00651151 0.999743 0.0217223 0.532341 0.957001 -6.9775e-05 0.290083 0.608759
0.341931 0.0174936 -0.939562 -71.5281 -0.000732501 0.999831 0.0183492 0.530288 0.939725 -0.00558592 0.341886 0.805044
0.394383 0.0129973 -0.918854 -71.9385 0.00503737 0.999854 0.0163051 0.528436 0.918932 -0.0110591 0.39426 1.02649
0.445719 0.0127647 -0.895082 -72.3442 0.00521172 0.999844 0.0168539 0.529421 0.895158 -0.012177 0.445583 1.26935
0.493863 0.0116755 -0.869461 -72.7271 0.00746098 0.999816 0.0176639 0.52878 0.869507 -0.0152106 0.493685 1.53528
0.539458 0.00774308 -0.841977 -73.075 0.0154666 0.999698 0.019103 0.526899 0.84187 -0.0233278 0.539175 1.81113
0.583686 0.00117396 -0.811978 -73.3854 0.0264803 0.999439 0.0204802 0.525253 0.811547 -0.0334555 0.583328 2.10477
0.626292 -0.00392556 -0.779578 -73.701 0.0285754 0.999431 0.0179241 0.524435 0.779064 -0.0335025 0.626048 2.41987
0.667852 -0.00879123 -0.744241 -74.0071 0.0259555 0.999597 0.0114838 0.525692 0.743841 -0.0269867 0.667812 2.74455
0.708794 -0.0154807 -0.705245 -74.2864 0.0227608 0.99974 0.000930287 0.522972 0.705048 -0.0167114 0.708962 3.08574
0.748873 -0.0187415 -0.662448 -74.5698 0.0189288 0.999797 -0.00688731 0.524257 0.662443 -0.0073816 0.749076 3.45492
0.786772 -0.0200814 -0.616917 -74.8339 0.0180257 0.999791 -0.00955574 0.523647 0.61698 -0.00360216 0.78697 3.84858
0.821756 -0.0221148 -0.56941 -75.0816 0.0190414 0.999754 -0.0113486 0.524496 0.569521 -0.0015166 0.821975 4.26769
0.853505 -0.0213503 -0.520646 -75.3397 0.0168016 0.999768 -0.0134546 0.525137 0.520813 0.00273592 0.853666 4.72952
0.880132 -0.0202991 -0.474294 -75.5413 0.0166473 0.99979 -0.0118978 0.515891 0.474436 0.00257593 0.880286 5.19915
0.902181 -0.0149478 -0.431099 -75.7503 0.011434 0.999876 -0.0107408 0.50949 0.431206 0.00476098 0.902241 5.70382
0.920559 -0.0112698 -0.390441 -75.9507 0.00715403 0.999902 -0.0119941 0.503286 0.390538 0.00824802 0.92055 6.22885
0.934916 -0.00656117 -0.354808 -76.133 0.00311946 0.999942 -0.0102713 0.497656 0.354855 0.00849602 0.934883 6.75982
0.945751 -0.00529593 -0.324848 -76.3165 0.00286168 0.999964 -0.0079708 0.483637 0.324878 0.00660879 0.945733 7.32424
0.953751 -0.00628381 -0.300531 -76.4935 0.00457456 0.999969 -0.00639072 0.475568 0.300562 0.00472036 0.95375 7.91461
0.95997 -0.00595083 -0.280039 -76.638 0.00498013 0.999978 -0.0041777 0.465949 0.280058 0.00261584 0.95998 8.49174
0.964782 -0.00325861 -0.263031 -76.7756 0.00299776 0.999994 -0.00139299 0.456132 0.263034 0.000555424 0.964786 9.09826
0.968743 0.00140591 -0.248062 -76.9401 -0.00138275 0.999999 0.000267605 0.45113 0.248062 8.37664e-05 0.968744 9.73673
0.972021 0.0048216 -0.234842 -77.0976 -0.00461498 0.999988 0.00142945 0.445472 0.234847 -0.000305667 0.972032 10.3818
0.974936 0.00375153 -0.222451 -77.2243 -0.0035257 0.999992 0.00141234 0.43493 0.222454 -0.000592647 0.974943 11.0302
0.977767 0.00399844 -0.209656 -77.3425 -0.00380925 0.999991 0.00130621 0.425108 0.209659 -0.000478543 0.977774 11.6947
0.980616 0.00453175 -0.195888 -77.47 -0.0041756 0.999988 0.00223112 0.417865 0.195896 -0.00136993 0.980624 12.3935
0.983187 0.00588392 -0.182506 -77.5791 -0.00542895 0.99998 0.00299243 0.409889 0.18252 -0.0019513 0.9832 13.088
0.985261 0.00564841 -0.170965 -77.6876 -0.00565349 0.999983 0.000457186 0.399131 0.170964 0.000516098 0.985277 13.8132
0.987079 0.00603153 -0.160121 -77.8155 -0.0068328 0.999966 -0.00445401 0.386451 0.160088 0.00549053 0.987087 14.5669
0.988522 0.00399685 -0.151025 -77.9091 -0.00560538 0.999932 -0.0102265 0.372054 0.150974 0.0109557 0.988477 15.2946
0.989668 0.00395859 -0.143324 -78.0014 -0.00548302 0.999932 -0.0102428 0.35981 0.143273 0.0109228 0.989623 16.0364
0.990538 0.00587635 -0.137113 -78.1049 -0.00650406 0.99997 -0.00413043 0.347676 0.137085 0.00498314 0.990547 16.8077
0.991125 0.0100142 -0.132549 -78.2017 -0.00960612 0.999947 0.00371824 0.336837 0.13258 -0.00241196 0.991169 17.5701
0.991647 0.0106748 -0.128535 -78.3079 -0.00981869 0.999925 0.00729209 0.327595 0.128603 -0.00596914 0.991678 18.3522
0.992024 0.009618 -0.125676 -78.3898 -0.00887544 0.999939 0.00646718 0.314556 0.125731 -0.00530017 0.99205 19.1055
0.992352 0.00955282 -0.123063 -78.4834 -0.0089101 0.999943 0.00577204 0.303747 0.123111 -0.0046314 0.992382 19.8793
0.992633 0.00831394 -0.120873 -78.5616 -0.0073924 0.99994 0.00807049 0.293572 0.120933 -0.00711749 0.992635 20.6406
0.992829 0.00651012 -0.11936 -78.6406 -0.00528798 0.99993 0.010553 0.284301 0.119421 -0.00984617 0.992795 21.411
0.993084 0.00426252 -0.117328 -78.7106 -0.00285558 0.999922 0.0121571 0.274969 0.11737 -0.0117379 0.993019 22.1712
0.993263 0.00363112 -0.115818 -78.7841 -0.00263281 0.999958 0.00877146 0.263007 0.115845 -0.00840745 0.993232 22.9353
0.993385 0.00598285 -0.114674 -78.8777 -0.00584632 0.999981 0.0015269 0.254765 0.114681 -0.000846382 0.993402 23.7057
0.993574 0.00611645 -0.113011 -78.9694 -0.00683349 0.999959 -0.00595852 0.241814 0.11297 0.0066925 0.993576 24.4668
0.993667 0.00676734 -0.112154 -79.0568 -0.00799115 0.999913 -0.0104659 0.233273 0.112074 0.0112959 0.993636 25.2309
0.993783 0.00756923 -0.111069 -79.1274 -0.00860991 0.999923 -0.0088931 0.218892 0.110993 0.00979412 0.993773 25.977
0.993905 0.0103151 -0.109754 -79.2058 -0.0109232 0.999928 -0.00494078 0.201249 0.109695 0.00610954 0.993946 26.7483
0.993981 0.0138108 -0.10867 -79.2858 -0.0138979 0.999903 -4.39179e-05 0.18686 0.108659 0.00155395 0.994078 27.5285
0.994201 0.0109998 -0.106969 -79.3616 -0.0108887 0.999939 0.00162332 0.177283 0.106981 -0.00044915 0.994261 28.2989
0.994196 0.00780446 -0.107294 -79.4226 -0.0077214 0.999969 0.00118962 0.164176 0.1073 -0.000354255 0.994227 29.0464
0.994235 0.0061635 -0.107039 -79.4988 -0.00604449 0.99998 0.00143632 0.148146 0.107046 -0.000781042 0.994254 29.8117
0.994302 0.00629668 -0.106407 -79.5815 -0.00638369 0.999979 -0.000477154 0.139621 0.106402 0.00115371 0.994322 30.5816
0.99431 0.00455836 -0.106423 -79.6556 -0.00478099 0.999987 -0.00183688 0.128744 0.106414 0.00233524 0.994319 31.3427
0.994387 0.00321645 -0.10575 -79.74 -0.0034131 0.999992 -0.00167869 0.115528 0.105744 0.00203021 0.994391 32.1156
0.994473 0.00651976 -0.104789 -79.8325 -0.0066479 0.999977 -0.00087359 0.107232 0.104781 0.00156539 0.994494 32.8853
0.994455 0.00644306 -0.104956 -79.9195 -0.00669018 0.999975 -0.00200263 0.0989674 0.104941 0.00269371 0.994475 33.6666
0.994374 0.00675675 -0.105702 -80.0256 -0.00703379 0.999972 -0.00224838 0.0876297 0.105684 0.00297923 0.994395 34.4166
0.994243 0.00494983 -0.107026 -80.127 -0.00519438 0.999984 -0.00200622 0.0757753 0.107015 0.00255061 0.994254 35.1926
0.993911 0.00603517 -0.110012 -80.2269 -0.00630826 0.999977 -0.0021344 0.0641107 0.109996 0.00281539 0.993928 35.9939
0.993532 0.010061 -0.113101 -80.3217 -0.0104046 0.999943 -0.00244772 0.0466186 0.11307 0.00360866 0.99358 36.777
0.993205 0.0100119 -0.11594 -80.4202 -0.0108957 0.999916 -0.0069921 0.0266818 0.115861 0.00820785 0.993231 37.5711
0.99289 0.0113098 -0.118492 -80.5201 -0.0126182 0.999867 -0.0102974 0.0066719 0.11836 0.0117193 0.992902 38.3687
0.992623 0.00997415 -0.120826 -80.6139 -0.0114515 0.999868 -0.0115387 -0.0131246 0.120695 0.0128372 0.992607 39.1791
0.99235 0.00999597 -0.123046 -80.7362 -0.0113081 0.999886 -0.00997005 -0.0333474 0.122932 0.0112852 0.992351 40.031
0.991984 0.00867791 -0.126058 -80.8313 -0.00995057 0.999905 -0.00946956 -0.0512183 0.125964 0.010648 0.991978 40.8628
0.991738 0.00823267 -0.128014 -80.9428 -0.00931511 0.999925 -0.00785914 -0.066496 0.12794 0.00898668 0.991741 41.7048
0.991567 0.00816143 -0.129335 -81.0593 -0.00880666 0.999951 -0.00441769 -0.0799951 0.129292 0.00551945 0.991591 42.5585
0.99147 0.00794967 -0.130084 -81.1751 -0.00803765 0.999967 -0.0001513 -0.0904493 0.130079 0.00119558 0.991503 43.4052
0.991458 0.00809863 -0.130169 -81.2797 -0.00789717 0.999967 0.00206381 -0.106615 0.130181 -0.00101822 0.99149 44.2603
0.991666 0.0112874 -0.128335 -81.4002 -0.0111066 0.999936 0.0021246 -0.117327 0.12835 -0.000681532 0.991728 45.1349
0.991913 0.0113012 -0.12641 -81.5158 -0.0112781 0.999936 0.000898635 -0.128508 0.126412 0.000534298 0.991977 45.9957
0.99216 0.00914605 -0.124631 -81.629 -0.00940402 0.999955 -0.00148163 -0.141602 0.124612 0.00264205 0.992202 46.8613
0.992457 0.00571407 -0.122455 -81.7408 -0.00614833 0.999976 -0.00316864 -0.156347 0.122434 0.00389764 0.992469 47.7306
0.992728 0.00443923 -0.120294 -81.853 -0.00488199 0.999982 -0.00338612 -0.17195 0.120276 0.00394877 0.992732 48.6039
0.992867 0.00243849 -0.119196 -81.9618 -0.00255211 0.999996 -0.000800573 -0.188208 0.119194 0.00109907 0.99287 49.4881
0.993026 7.48889e-05 -0.117889 -82.0707 0.00014413 0.999998 0.00184931 -0.20839 0.117889 -0.0018534 0.993025 50.3489
0.993137 -0.000378754 -0.116949 -82.1748 0.000632744 0.999997 0.00213468 -0.223944 0.116948 -0.00219403 0.993136 51.2186
0.993272 0.000709268 -0.115793 -82.2849 -0.000812829 0.999999 -0.000847147 -0.24381 0.115792 0.00093557 0.993273 52.0914
0.993361 0.00313107 -0.11499 -82.397 -0.00389161 0.999972 -0.00639014 -0.268159 0.114967 0.00679522 0.993346 52.9616
0.993442 0.00462251 -0.114235 -82.4962 -0.00598492 0.999915 -0.0115863 -0.29234 0.114171 0.0121941 0.993386 53.8171
0.993467 0.00893067 -0.113761 -82.6055 -0.0109501 0.999793 -0.0171389 -0.321001 0.113585 0.0182727 0.99336 54.6942
0.99359 0.00905755 -0.112677 -82.7099 -0.0111559 0.999775 -0.0180061 -0.348401 0.112489 0.0191477 0.993468 55.5498
0.99365 0.00621984 -0.112338 -82.813 -0.00765042 0.999895 -0.0123079 -0.369717 0.11225 0.0130892 0.993594 56.416
0.99368 0.00651709 -0.11205 -82.9311 -0.00695166 0.99997 -0.00348807 -0.393193 0.112024 0.00424496 0.993697 57.2874
0.993459 0.00537203 -0.11406 -83.0145 -0.0049416 0.999979 0.00405618 -0.413855 0.114079 -0.00346601 0.993466 58.1172
0.993093 0.00316774 -0.117278 -83.1019 -0.00293604 0.999993 0.00214838 -0.43389 0.117284 -0.00178921 0.993097 58.9539
0.992772 -0.00174242 -0.119999 -83.1907 0.00164918 0.999998 -0.000876348 -0.456249 0.12 0.000672115 0.992774 59.7895
0.992222 -0.00319205 -0.124436 -83.2678 0.00294539 0.999993 -0.00216618 -0.476574 0.124442 0.00178282 0.992225 60.6166
0.991807 -0.00109637 -0.127732 -83.3771 0.000514042 0.999989 -0.00459182 -0.49615 0.127736 0.00448855 0.991798 61.4524
0.99123 -1.36205e-05 -0.132144 -83.4858 -0.00103094 0.999969 -0.00783631 -0.517313 0.13214 0.00790383 0.991199 62.2881
0.990565 0.000300471 -0.137036 -83.5943 -0.0018589 0.999935 -0.0112446 -0.539307 0.137024 0.0113932 0.990502 63.1014
0.990166 0.00212135 -0.139879 -83.7237 -0.00431908 0.999872 -0.0154099 -0.562328 0.139828 0.0158626 0.990049 63.9164
0.989646 0.00660379 -0.143374 -83.8481 -0.00892643 0.999839 -0.0155626 -0.587906 0.143248 0.0166813 0.989546 64.714
0.988986 0.00993215 -0.147669 -83.9718 -0.0121025 0.999831 -0.0138063 -0.611067 0.147507 0.0154414 0.98894 65.5186
0.988308 0.0135493 -0.151863 -84.1065 -0.0149688 0.999854 -0.00820825 -0.632094 0.15173 0.0103855 0.988367 66.3307
0.987721 0.014544 -0.155546 -84.2439 -0.0151051 0.999883 -0.00242575 -0.656081 0.155493 0.00474552 0.987826 67.1123
0.986858 0.0138986 -0.160984 -84.3761 -0.0139462 0.999902 0.000834093 -0.670096 0.16098 0.00142199 0.986957 67.9257
0.985775 0.0131416 -0.16755 -84.516 -0.0131077 0.999913 0.00130878 -0.679086 0.167553 0.000906039 0.985863 68.7077
0.984777 0.0113672 -0.173445 -84.6593 -0.0107325 0.999932 0.00459667 -0.688952 0.173486 -0.00266518 0.984833 69.49
0.983481 0.0115612 -0.18064 -84.8059 -0.011019 0.999931 0.00400479 -0.70076 0.180674 -0.00194816 0.983541 70.2883
0.982241 0.0161645 -0.186923 -84.9604 -0.0159165 0.999869 0.00282768 -0.712089 0.186944 0.000197695 0.982371 71.0545
0.981096 0.0178355 -0.192695 -85.1237 -0.018439 0.999829 -0.00133887 -0.721877 0.192638 0.00486667 0.981258 71.8188
0.979866 0.0160585 -0.199006 -85.2763 -0.0172827 0.999841 -0.00441571 -0.732688 0.198903 0.00776617 0.979989 72.572
0.978771 0.0172278 -0.204226 -85.4466 -0.0187992 0.999807 -0.0057569 -0.749141 0.204088 0.009474 0.978907 73.3352
0.977776 0.0191859 -0.20877 -85.6261 -0.0198095 0.999803 -0.000896407 -0.759677 0.208712 0.00501214 0.977964 74.1037
0.976513 0.0201149 -0.214515 -85.8053 -0.0199709 0.999796 0.00283874 -0.768783 0.214528 0.00151199 0.976717 74.8564
0.975138 0.0195947 -0.220727 -85.9804 -0.0190237 0.999808 0.00471248 -0.784977 0.220777 -0.000396259 0.975324 75.6015
0.973555 0.0175731 -0.227771 -86.163 -0.0177799 0.999841 0.00114421 -0.802638 0.227755 0.00293579 0.973714 76.3507
0.971646 0.0151853 -0.235948 -86.3513 -0.0170264 0.999838 -0.0057672 -0.815978 0.235822 0.00962104 0.971749 77.0903
0.969363 0.0124904 -0.245314 -86.5411 -0.014818 0.999861 -0.0076447 -0.832306 0.245184 0.0110456 0.969414 77.827
0.966924 0.012426 -0.254758 -86.7574 -0.0142029 0.999886 -0.0051363 -0.848264 0.254665 0.00858473 0.966991 78.547
0.964158 0.0125792 -0.265029 -86.9816 -0.0128158 0.999917 0.000836869 -0.859825 0.265018 0.00258969 0.96424 79.2685
0.961114 0.0146463 -0.275761 -87.214 -0.0128578 0.999883 0.00829267 -0.871047 0.275851 -0.00442451 0.96119 79.9826
0.957801 0.0146604 -0.287056 -87.4386 -0.0117211 0.99986 0.0119555 -0.885813 0.287191 -0.00808641 0.957839 80.7081
0.954283 0.0173711 -0.298398 -87.6762 -0.0158946 0.999846 0.00737446 -0.899669 0.29848 -0.0022944 0.954413 81.4257
0.950422 0.016219 -0.310537 -87.9147 -0.0175563 0.999845 -0.00151146 -0.913568 0.310464 0.00688841 0.95056 82.1312
0.94625 0.0130163 -0.323171 -88.157 -0.0159454 0.999852 -0.00641748 -0.923686 0.32304 0.0112256 0.946319 82.8363
0.941936 0.0121993 -0.335568 -88.4071 -0.0135783 0.999906 -0.0017636 -0.930116 0.335515 0.00621766 0.942014 83.5308
0.937792 0.0138938 -0.346917 -88.68 -0.0128581 0.999903 0.00528716 -0.942327 0.346957 -0.000497545 0.937881 84.2409
0.933288 0.0141338 -0.358848 -88.9546 -0.0112128 0.999885 0.0102199 -0.950574 0.358952 -0.00551437 0.93334 84.9421
0.928582 0.0117859 -0.370938 -89.2549 -0.00935708 0.999921 0.00834692 -0.960834 0.371007 -0.0042799 0.92862 85.6507
0.924358 0.00967581 -0.381401 -89.5572 -0.00879307 0.999953 0.00405718 -0.972441 0.381423 -0.0003966 0.924401 86.3346
0.920905 0.00501913 -0.389754 -89.858 -0.0065773 0.999975 -0.00266334 -0.987168 0.389731 0.00501623 0.920915 87.016
0.917957 0.000725879 -0.396677 -90.1835 -0.00453531 0.999952 -0.00866541 -0.999905 0.396652 0.00975355 0.917917 87.7163
0.914524 0.000325357 -0.404531 -90.4732 -0.00514193 0.999928 -0.0108201 -1.01503 0.404498 0.0119754 0.914461 88.3971
0.911215 0.00496041 -0.411901 -90.8103 -0.0105339 0.999881 -0.0112621 -1.02973 0.411796 0.0146011 0.911159 89.0882
0.90756 0.00488965 -0.419892 -91.1148 -0.00965635 0.999911 -0.00922739 -1.04836 0.419809 0.012429 0.907527 89.7609
0.903867 0.00619027 -0.427768 -91.4405 -0.00818636 0.999962 -0.00282708 -1.0616 0.427735 0.00605718 0.903884 90.4508
0.900724 0.00799519 -0.434317 -91.7715 -0.00644591 0.999966 0.00503998 -1.07133 0.434343 -0.00174005 0.900746 91.14
0.897907 0.0174785 -0.439837 -92.1492 -0.01385 0.999838 0.0114582 -1.08131 0.439967 -0.0041967 0.898004 91.8413
0.894965 0.024312 -0.445473 -92.4993 -0.0228789 0.999701 0.00859519 -1.09298 0.445549 0.00249952 0.895254 92.5086
0.892294 0.0203915 -0.450993 -92.848 -0.0222571 0.999751 0.00116764 -1.10524 0.450905 0.00899593 0.892527 93.1862
0.890099 0.0127989 -0.455585 -93.1927 -0.0174613 0.999829 -0.0060264 -1.11946 0.455431 0.0133192 0.890172 93.8598
0.88806 0.0133652 -0.459533 -93.5518 -0.0184253 0.999809 -0.00652847 -1.13354 0.459358 0.0142647 0.888137 94.5443
0.885687 0.0192249 -0.463884 -93.93 -0.0224799 0.999746 -0.00148759 -1.14654 0.463738 0.0117456 0.885895 95.2326
0.882433 0.0216258 -0.46994 -94.27 -0.0229575 0.999732 0.00289728 -1.16404 0.469877 0.00823202 0.882693 95.9066
0.879777 0.0178476 -0.475051 -94.6361 -0.0196707 0.999806 0.00113326 -1.18438 0.474979 0.00834757 0.879958 96.5869
0.877035 0.0161583 -0.480154 -95.0131 -0.0212404 0.999761 -0.00515276 -1.20185 0.479956 0.0147178 0.877169 97.2681
0.874361 0.0130158 -0.485101 -95.4007 -0.021313 0.999706 -0.0115919 -1.21609 0.484808 0.0204745 0.874381 97.9484
0.871767 0.0133362 -0.489739 -95.7837 -0.0226981 0.999655 -0.0131822 -1.23176 0.489394 0.022608 0.87177 98.6174
0.869021 0.015968 -0.494517 -96.1563 -0.0235626 0.999681 -0.00912705 -1.24928 0.494214 0.0195837 0.86912 99.2931
0.866312 0.017139 -0.499208 -96.5447 -0.0239851 0.999686 -0.00730165 -1.26697 0.498927 0.0182991 0.866451 99.9682
0.863023 0.0175069 -0.50486 -96.9177 -0.0242192 0.999684 -0.00673527 -1.2857 0.504583 0.01804 0.863175 100.637
0.860165 0.0154247 -0.509782 -97.3054 -0.0224468 0.999719 -0.00762592 -1.3065 0.509521 0.0180025 0.86027 101.302
0.857433 0.0135894 -0.514416 -97.7007 -0.0208488 0.999748 -0.00834052 -1.32597 0.514173 0.0178764 0.8575 101.967
0.854889 0.0130624 -0.518646 -98.0966 -0.0200382 0.999768 -0.00784947 -1.34655 0.518423 0.0171032 0.854953 102.616
0.852666 0.0143256 -0.522259 -98.5232 -0.0213134 0.999746 -0.00737416 -1.36635 0.522021 0.0174188 0.852755 103.273
0.84993 0.0142404 -0.526702 -98.9162 -0.0213548 0.999744 -0.00742984 -1.38706 0.526462 0.0175625 0.850018 103.909
0.846957 0.0110075 -0.531547 -99.3261 -0.0202586 0.999728 -0.011577 -1.40801 0.531275 0.0205737 0.84695 104.565
0.844345 0.00716506 -0.535752 -99.7244 -0.0186572 0.999697 -0.0160339 -1.43434 0.535476 0.0235338 0.844223 105.191
0.84175 0.00513267 -0.539843 -100.123 -0.0180681 0.999662 -0.0186681 -1.45725 0.539566 0.0254679 0.841559 105.815
0.839543 0.00678547 -0.543251 -100.526 -0.0178697 0.999726 -0.0151289 -1.47693 0.543 0.0224091 0.839434 106.432
0.837365 0.0105308 -0.546542 -100.932 -0.0169871 0.999833 -0.00676143 -1.49108 0.54638 0.014946 0.837405 107.048
0.835194 0.0120746 -0.549822 -101.321 -0.0129426 0.999914 0.00229891 -1.50545 0.549802 0.0051961 0.835279 107.664
0.833686 0.0120766 -0.552106 -101.737 -0.00977521 0.999927 0.00711142 -1.52405 0.552152 -0.000531734 0.833744 108.262
0.832069 0.00925032 -0.554594 -102.131 -0.00690812 0.999956 0.00631431 -1.53686 0.554629 -0.00142273 0.832097 108.839
0.830142 0.00733546 -0.557503 -102.527 -0.00687078 0.999972 0.00292649 -1.5521 0.557509 0.00140109 0.83017 109.414
0.828258 0.00528547 -0.560321 -102.906 -0.00627112 0.99998 0.000162876 -1.56598 0.560311 0.00337895 0.828276 109.967
0.826562 0.00341589 -0.562835 -103.267 -0.00496457 0.999987 -0.0012218 -1.57555 0.562824 0.00380413 0.826569 110.493
0.824889 0.00182466 -0.565292 -103.618 -0.00332597 0.999993 -0.00162554 -1.58836 0.565286 0.00322104 0.824889 111.014
0.823209 0.00204604 -0.567735 -103.971 -0.0031649 0.999994 -0.000985213 -1.59832 0.56773 0.00260787 0.823211 111.522
0.821819 0.00225137 -0.569744 -104.306 -0.00245379 0.999997 0.000412102 -1.61091 0.569743 0.00105937 0.821822 111.999
0.820281 0.00117415 -0.571959 -104.642 -0.000805608 0.999999 0.0008975 -1.62292 0.57196 -0.000275422 0.820282 112.47
0.819175 -0.000492898 -0.573543 -104.967 0.00113371 0.999999 0.000759865 -1.63227 0.573543 -0.00127269 0.819175 112.913
0.818178 -0.00152885 -0.574963 -105.278 0.0015305 0.999999 -0.0004811 -1.64304 0.574964 -0.000486354 0.818179 113.333
0.816947 -0.00176105 -0.57671 -105.582 -0.000666001 0.999992 -0.00399703 -1.65585 0.576712 0.00364946 0.81694 113.739
0.815582 -0.00442666 -0.578625 -105.88 -0.000260807 0.999968 -0.00801767 -1.67067 0.578642 0.00668998 0.815555 114.128
0.813326 -0.00821791 -0.58175 -106.159 0.00296264 0.999946 -0.00998344 -1.68627 0.581801 0.00639628 0.813307 114.501
0.810726 -0.0118661 -0.585304 -106.434 0.00775791 0.999925 -0.00952601 -1.70018 0.585374 0.00318225 0.810758 114.861
0.807291 -0.0107089 -0.590055 -106.697 0.00739236 0.99994 -0.00803401 -1.71199 0.590107 0.00212389 0.807323 115.201
0.803245 -0.00702849 -0.595607 -106.953 0.00411845 0.999972 -0.00624599 -1.7219 0.595635 0.00256409 0.803252 115.527
0.799578 -0.000990383 -0.600561 -107.199 -0.000188981 0.999998 -0.00190069 -1.73085 0.600562 0.00163325 0.799577 115.825
0.795507 0.00449458 -0.605928 -107.424 -0.00200014 0.999986 0.00479167 -1.73877 0.605941 -0.00259986 0.795505 116.099
0.790249 0.00638148 -0.612752 -107.632 -0.0012203 0.99996 0.00884026 -1.74807 0.612785 -0.00623826 0.790226 116.364
0.784317 0.00407416 -0.620346 -107.833 0.00274726 0.999946 0.0100406 -1.75634 0.620354 -0.00957928 0.784264 116.615
0.776781 0.00246564 -0.629766 -108.032 0.00587577 0.99992 0.0111623 -1.76387 0.629744 -0.012371 0.776705 116.857
0.767414 0.0013292 -0.64115 -108.221 0.00854239 0.999888 0.0122976 -1.77102 0.641095 -0.0149143 0.767317 117.075
0.756134 0.00210662 -0.654413 -108.405 0.00869011 0.999874 0.0132596 -1.77928 0.654359 -0.0157129 0.756021 117.279
0.742625 0.00380255 -0.669697 -108.581 0.00676834 0.99989 0.0131828 -1.78914 0.669674 -0.0143226 0.742517 117.463
0.72774 0.00272641 -0.685847 -108.754 0.0064148 0.999921 0.0107816 -1.79975 0.685823 -0.0122458 0.727666 117.624
0.711882 0.000521086 -0.702299 -108.929 0.00529728 0.999967 0.00611153 -1.81035 0.702279 -0.00807096 0.711856 117.78
0.695658 -0.00280336 -0.718368 -109.087 0.0053442 0.999985 0.00127291 -1.82229 0.718354 -0.00472461 0.695662 117.915
0.679537 -0.00238984 -0.733637 -109.264 0.000924346 0.999997 -0.00240133 -1.82738 0.733641 0.00095366 0.679537 118.048
0.66289 0.000778216 -0.748717 -109.45 -0.00661865 0.999967 -0.00482057 -1.82457 0.748688 0.00815101 0.662873 118.183
0.644898 0.00233387 -0.764265 -109.637 -0.00947581 0.999943 -0.00494225 -1.82226 0.764211 0.0104293 0.644883 118.31
0.624687 0.00101004 -0.780874 -109.799 -0.00655188 0.999971 -0.00394796 -1.82327 0.780848 0.00758245 0.624676 118.432
0.603283 0.000217525 -0.797527 -109.973 -0.00394766 0.999989 -0.00271342 -1.82248 0.797518 0.00478533 0.603277 118.553
0.579713 0.0017748 -0.814819 -110.154 -0.00430696 0.99999 -0.000886092 -1.81995 0.81481 0.00402307 0.579714 118.66
0.554423 0.00605231 -0.832213 -110.35 -0.00829649 0.999964 0.00174514 -1.81579 0.832194 0.00593691 0.554453 118.762
0.528704 0.00979087 -0.84875 -110.541 -0.0108634 0.99993 0.00476777 -1.81172 0.848737 0.00669961 0.528773 118.852
0.503249 0.0121847 -0.864055 -110.744 -0.013269 0.999892 0.00637209 -1.80516 0.86404 0.00825838 0.503356 118.924
0.477022 0.0151045 -0.878762 -110.939 -0.0168831 0.999825 0.00802065 -1.80628 0.87873 0.0110102 0.477193 118.987
0.449608 0.0189778 -0.893025 -111.15 -0.0216175 0.999713 0.0103614 -1.80282 0.892965 0.0146464 0.449889 119.057
0.421493 0.0220785 -0.906563 -111.352 -0.0245974 0.999614 0.0129085 -1.80741 0.906498 0.0168583 0.421873 119.11
0.38995 0.0209622 -0.920597 -111.559 -0.0236694 0.999639 0.012736 -1.80568 0.920532 0.0168236 0.390305 119.183
0.356048 0.017679 -0.9343 -111.778 -0.0236417 0.999671 0.00990647 -1.80734 0.934169 0.0185613 0.356349 119.248
0.321148 0.0138071 -0.946928 -112 -0.0238188 0.999695 0.00649839 -1.81329 0.94673 0.0204678 0.321379 119.288
0.28027 0.0104977 -0.959864 -112.245 -0.0239542 0.999705 0.0039391 -1.80177 0.959623 0.0218888 0.280438 119.342
0.238037 0.00935813 -0.971211 -112.519 -0.0238424 0.999708 0.00378912 -1.79878 0.970964 0.022254 0.238191 119.378
0.192495 0.00695089 -0.981273 -112.815 -0.0232649 0.999726 0.00251776 -1.79007 0.981023 0.0223446 0.192604 119.417
0.145105 0.00430627 -0.989407 -113.116 -0.0229431 0.999736 0.000986437 -1.78785 0.989151 0.022557 0.145165 119.424
0.0953977 0.00245033 -0.995436 -113.434 -0.0228686 0.999738 0.000269311 -1.78548 0.995177 0.0227386 0.0954283 119.422
0.0444697 0.00197077 -0.999009 -113.762 -0.0227891 0.99974 0.000957793 -1.78188 0.998751 0.022724 0.0445026 119.407
-0.00819195 0.00350342 -0.99996 -114.113 -0.0221195 0.999748 0.00368389 -1.78116 0.999722 0.0221488 -0.00811286 119.373
-0.0618485 0.00590527 -0.998068 -114.48 -0.0193429 0.999787 0.0071141 -1.77936 0.997899 0.0197455 -0.0617217 119.323
-0.11546 0.0077837 -0.993282 -114.839 -0.0163091 0.999819 0.00973071 -1.77569 0.993179 0.017323 -0.115312 119.249
-0.1688 0.00933563 -0.985606 -115.197 -0.0132212 0.999843 0.0117348 -1.77106 0.985562 0.0150117 -0.168651 119.154
-0.221568 0.0109273 -0.975084 -115.572 -0.0110303 0.999845 0.0137112 -1.76574 0.975083 0.0137934 -0.221413 119.038
-0.272249 0.0125593 -0.962145 -115.963 -0.00947324 0.999831 0.0157318 -1.76206 0.96218 0.0133976 -0.272085 118.889
-0.321006 0.0141176 -0.946972 -116.355 -0.0066491 0.99983 0.0171595 -1.75975 0.947054 0.0118049 -0.320859 118.722
-0.368146 0.0158833 -0.929632 -116.761 -0.00213081 0.999837 0.0179266 -1.75594 0.929766 0.00858048 -0.368052 118.524
-0.413377 0.0175378 -0.910391 -117.162 0.0023349 0.999831 0.0182006 -1.75258 0.910557 0.00539805 -0.413349 118.306
-0.456162 0.0190962 -0.889692 -117.575 0.00619357 0.999813 0.0182843 -1.74193 0.889875 0.00283024 -0.456196 118.053
-0.496112 0.020247 -0.868022 -117.985 0.00885542 0.999794 0.0182593 -1.73574 0.868213 0.001372 -0.49619 117.771
-0.532997 0.0210618 -0.845855 -118.404 0.0104673 0.999778 0.0182987 -1.73183 0.846052 0.000899353 -0.5331 117.467
-0.565345 0.0212974 -0.82458 -118.849 0.010917 0.999772 0.0183375 -1.72215 0.824783 0.00136507 -0.565449 117.127
-0.592268 0.0205011 -0.80548 -119.286 0.010057 0.999786 0.0180517 -1.71625 0.805678 0.00259069 -0.592348 116.77
