1 0 0 0 0 1 0 0 0 0 1 0
0.999997 0.00248361 -0.000876554 0.0162415 -0.00248243 0.999996 0.0013462 -0.00960736 0.000879894 -0.00134402 0.999999 0.735113
0.999986 0.00531479 -0.000623234 0.0041069 -0.00531372 0.999984 0.00169033 -0.0266733 0.000632208 -0.001687 0.999998 1.49441
0.999976 0.00682587 -0.000872986 -0.00228573 -0.00682476 0.999976 0.0012692 -0.0424455 0.000881628 -0.00126322 0.999999 2.23991
0.999962 0.00850355 -0.0017905 -0.00657891 -0.00850166 0.999963 0.00106083 -0.057869 0.00179946 -0.00104557 0.999998 2.9761
0.99996 0.00863119 -0.00224964 0.00416099 -0.00862902 0.999962 0.000970169 -0.0780463 0.00225793 -0.000950718 0.999997 3.68873
0.999959 0.00858008 -0.00284101 0.0130359 -0.0085744 0.999961 0.00200655 -0.0945957 0.00285811 -0.00198211 0.999994 4.41236
0.999951 0.00952979 -0.00257085 0.0156568 -0.0095175 0.999943 0.00475354 -0.10799 0.00261601 -0.00472884 0.999985 5.12085
0.999958 0.00916144 -0.000914408 0.0103073 -0.00915296 0.999919 0.00888781 -0.123135 0.000995759 -0.00887907 0.99996 5.78689
0.999963 0.00853443 0.000540909 0.00621616 -0.0085405 0.999886 0.0124361 -0.139462 -0.000434712 -0.0124402 0.999923 6.40263
0.999964 0.0079305 0.0029934 -0.0274595 -0.00797511 0.999853 0.0151975 -0.160384 -0.00287244 -0.0152209 0.99988 6.97195
0.999952 0.00844415 0.00506034 -0.0449318 -0.00852092 0.999846 0.0153444 -0.175154 -0.00492999 -0.0153868 0.99987 7.5666
0.999941 0.00919924 0.0057299 -0.0317278 -0.00927191 0.999875 0.0127871 -0.183727 -0.00561156 -0.0128395 0.999902 8.15061
0.999938 0.00921614 0.00629087 -0.0199122 -0.00927815 0.999908 0.00989896 -0.18982 -0.00619906 -0.00995671 0.999931 8.69292
0.999941 0.00752001 0.00778177 -0.0128996 -0.00758703 0.999934 0.00861924 -0.199373 -0.00771644 -0.00867778 0.999933 9.20915
0.999946 0.00360437 0.00972067 -0.00472805 -0.00366607 0.999973 0.00633721 -0.209687 -0.00969757 -0.0063725 0.999933 9.72449
0.999923 0.0017021 0.0122733 -0.0155948 -0.00176836 0.999984 0.00539007 -0.221088 -0.0122639 -0.00541136 0.99991 10.1496
0.999873 0.00590681 0.0148157 -0.0235108 -0.00595847 0.999976 0.00344557 -0.23302 -0.014795 -0.00353341 0.999884 10.5728
0.999781 0.0106696 0.0180119 -0.0250505 -0.0107166 0.999939 0.00251304 -0.239529 -0.017984 -0.00270552 0.999835 10.962
0.999708 0.0110651 0.0214845 -0.0187643 -0.0111423 0.999932 0.0034765 -0.245299 -0.0214445 -0.00371487 0.999763 11.3274
0.999666 0.00688266 0.0249059 -0.0121189 -0.00698356 0.999968 0.00396642 -0.251281 -0.0248778 -0.00413903 0.999682 11.6436
0.999613 0.00221491 0.0277529 -0.00203375 -0.0023199 0.99999 0.00375119 -0.255801 -0.0277443 -0.00381412 0.999608 11.9367
0.999533 -0.0013229 0.0305277 0.00805379 0.00116537 0.999986 0.00517725 -0.263763 -0.0305341 -0.00513925 0.999521 12.2031
0.999442 -0.00169506 0.0333588 0.0115187 0.00148374 0.999979 0.00635856 -0.271022 -0.0333688 -0.00630552 0.999423 12.4351
0.999384 -0.00094643 0.0350861 0.0259786 0.000755625 0.999985 0.00545094 -0.27646 -0.0350908 -0.00542106 0.99937 12.6502
0.999301 -0.000110723 0.0373894 0.0309752 -3.8362e-05 0.999992 0.00398652 -0.280898 -0.0373896 -0.00398517 0.999293 12.8434
0.999204 0.00214281 0.0398339 0.037916 -0.00227053 0.999992 0.00316142 -0.285935 -0.0398268 -0.00324935 0.999201 13.0254
0.999124 0.0049376 0.0415626 0.040132 -0.00505147 0.999984 0.00263504 -0.294891 -0.0415489 -0.00284268 0.999133 13.1889
0.999063 0.00620079 0.0428416 0.0512615 -0.00625675 0.99998 0.00117218 -0.299968 -0.0428334 -0.00143913 0.999081 13.36
0.998981 0.00542612 0.0448003 0.0596494 -0.00540995 0.999985 -0.000482429 -0.304937 -0.0448022 0.000239573 0.998996 13.5094
0.998918 0.00413423 0.0463293 0.0682094 -0.00405781 0.99999 -0.00174336 -0.30982 -0.046336 0.00155348 0.998925 13.6573
0.998863 0.00341406 0.0475546 0.0796263 -0.00328016 0.99999 -0.0028934 -0.310669 -0.0475641 0.00273413 0.998865 13.806
0.998788 0.00412677 0.0490405 0.0879142 -0.00391487 0.999982 -0.00441617 -0.312639 -0.0490579 0.00421883 0.998787 13.9385
0.998725 0.00510876 0.0502189 0.0967835 -0.00478937 0.999967 -0.00647835 -0.31522 -0.0502504 0.00622957 0.998717 14.0693
0.998689 0.00535694 0.050907 0.10539 -0.0049308 0.999952 -0.00849303 -0.319712 -0.0509501 0.00823089 0.998667 14.1876
0.998661 0.00448981 0.0515257 0.114629 -0.00393493 0.999933 -0.0108656 -0.322483 -0.051571 0.0106483 0.998613 14.3117
0.998696 0.00383221 0.0509135 0.1237 -0.00318361 0.999913 -0.0128144 -0.325456 -0.0509582 0.0126356 0.998621 14.4359
0.99881 0.00333296 0.0486633 0.132443 -0.00264996 0.999897 -0.0140932 -0.328509 -0.0487052 0.0139475 0.998716 14.5602
0.998961 0.00344118 0.0454415 0.140141 -0.00275757 0.999882 -0.015098 -0.331545 -0.0454882 0.0149571 0.998853 14.6838
0.999142 0.00413455 0.041206 0.143239 -0.00345825 0.999858 -0.0164705 -0.331945 -0.0412683 0.0163139 0.999015 14.8111
0.999369 0.00443191 0.0352316 0.145488 -0.00380741 0.999835 -0.0177729 -0.332976 -0.0353045 0.0176276 0.999221 14.9343
0.999587 0.00457401 0.0283615 0.145646 -0.00405105 0.999821 -0.0184693 -0.334489 -0.0284409 0.0183468 0.999427 15.0572
0.999768 0.00458238 0.0210335 0.143114 -0.00417806 0.999806 -0.0192264 -0.336169 -0.0211175 0.0191341 0.999594 15.1846
0.999909 0.00449048 0.0126918 0.138458 -0.00423379 0.999787 -0.0201802 -0.338407 -0.0127798 0.0201247 0.999716 15.3161
0.999991 0.00331052 0.00265103 0.129485 -0.00325271 0.999763 -0.0215242 -0.338811 -0.00272166 0.0215153 0.999765 15.4635
0.999945 0.00182163 -0.0102667 0.118516 -0.0020598 0.999728 -0.0232353 -0.34024 0.0102216 0.0232552 0.999677 15.6102
0.999645 0.00113479 -0.0266015 0.101367 -0.00180284 0.999683 -0.0251026 -0.344232 0.0265646 0.0251417 0.999331 15.7623
0.998954 0.00152016 -0.0457017 0.0690891 -0.00271323 0.999657 -0.026055 -0.349054 0.0456465 0.0261518 0.998615 15.9383
0.997731 0.00238086 -0.0672841 0.0295567 -0.0041189 0.999661 -0.0257045 -0.352803 0.0672001 0.0259233 0.997403 16.1276
0.995885 0.00324405 -0.0905697 -0.0226467 -0.00547966 0.999686 -0.024446 -0.356909 0.090462 0.0248417 0.99559 16.3256
0.993161 0.00458637 -0.116661 -0.0830127 -0.00731812 0.999709 -0.0229986 -0.362579 0.116521 0.0236951 0.992905 16.5288
0.989263 0.00541754 -0.146041 -0.170014 -0.0085693 0.999744 -0.0209608 -0.368563 0.14589 0.0219872 0.989056 16.7671
0.983857 0.00569997 -0.178865 -0.241535 -0.00900503 0.999803 -0.0176714 -0.374498 0.178729 0.0189969 0.983715 16.9917
0.976451 0.00670025 -0.215636 -0.318396 -0.00986512 0.999859 -0.0136039 -0.381146 0.215514 0.0154108 0.976379 17.2233
0.96682 0.00835599 -0.255321 -0.421164 -0.0108336 0.999907 -0.00829913 -0.385185 0.255228 0.0107898 0.966821 17.4774
0.954841 0.0119567 -0.296874 -0.542358 -0.0135483 0.999903 -0.00330397 -0.387362 0.296806 0.00717691 0.954911 17.7414
0.940705 0.0157347 -0.33886 -0.700149 -0.0163725 0.999865 0.000976432 -0.388893 0.33883 0.00462946 0.940836 18.0218
0.924094 0.0185845 -0.381714 -0.831965 -0.0173062 0.999827 0.00678185 -0.399632 0.381774 0.000338954 0.924256 18.2705
0.904887 0.0223161 -0.425065 -0.991305 -0.01777 0.999735 0.0146573 -0.407256 0.42528 -0.00570984 0.905044 18.5353
0.883144 0.026949 -0.468326 -1.19595 -0.019195 0.999588 0.0213227 -0.408086 0.468708 -0.00984151 0.883298 18.8236
0.858521 0.0317731 -0.511794 -1.43452 -0.0216885 0.999435 0.0256649 -0.400638 0.51232 -0.0109338 0.858725 19.118
0.830552 0.0350021 -0.555839 -1.67182 -0.0227914 0.999323 0.0288733 -0.396141 0.556474 -0.0113125 0.830788 19.3996
0.799669 0.0385226 -0.599204 -1.9261 -0.0251172 0.999212 0.0307188 -0.389632 0.599916 -0.00951454 0.800007 19.6695
0.765991 0.0411146 -0.641534 -2.21884 -0.0254803 0.99911 0.0336075 -0.37782 0.642345 -0.0093966 0.766358 19.9488
0.728909 0.0446517 -0.683153 -2.53866 -0.0261947 0.998959 0.037344 -0.358399 0.68411 -0.00932534 0.72932 20.2361
0.689793 0.0456441 -0.722566 -2.86503 -0.0241058 0.998905 0.0400878 -0.340212 0.723605 -0.0102343 0.690139 20.5008
0.648504 0.0452728 -0.759863 -3.23357 -0.0211103 0.998915 0.041499 -0.323831 0.760918 -0.0108714 0.648757 20.7798
0.605622 0.0440089 -0.794534 -3.60652 -0.0158885 0.998939 0.04322 -0.308177 0.795594 -0.0135511 0.605679 21.0269
0.560846 0.0440377 -0.826748 -4.00491 -0.0116135 0.998905 0.0453296 -0.290358 0.827838 -0.0158215 0.560743 21.2605
0.513686 0.045236 -0.856785 -4.44504 -0.00943841 0.998847 0.0470777 -0.268273 0.857926 -0.0160965 0.51352 21.4921
0.463721 0.0447041 -0.884852 -4.91389 -0.00790653 0.998895 0.0463222 -0.246169 0.885946 -0.0144845 0.463563 21.6993
0.411305 0.0434237 -0.910463 -5.4023 -0.00283197 0.998921 0.0463632 -0.223339 0.911493 -0.016491 0.410984 21.8825
0.357692 0.0424191 -0.932876 -5.90366 0.00213893 0.998928 0.0462427 -0.200938 0.933837 -0.018536 0.357218 22.0364
0.303489 0.0413362 -0.951938 -6.4634 0.00448117 0.998985 0.0448079 -0.172099 0.952824 -0.0178645 0.302996 22.1875
0.249596 0.0468536 -0.967216 -7.02523 0.0052251 0.998749 0.0497295 -0.141817 0.968336 -0.0174661 0.249039 22.3016
0.198396 0.0515205 -0.978767 -7.62047 0.00730833 0.998512 0.0540412 -0.108604 0.980095 -0.0178747 0.197724 22.3875
0.150454 0.0525804 -0.987218 -8.23133 0.0121768 0.99841 0.0550323 -0.0794553 0.988542 -0.020301 0.149575 22.4485
0.106367 0.053683 -0.992877 -8.86421 0.0141483 0.998358 0.0554951 -0.054377 0.994226 -0.0199504 0.105433 22.4857
0.06583 0.0519575 -0.996477 -9.52415 0.0140437 0.998496 0.0529906 -0.0243752 0.997732 -0.0174826 0.0650014 22.5037
0.02958 0.0477165 -0.998423 -10.2087 0.011355 0.998779 0.04807 0.0133787 0.999498 -0.012759 0.0290021 22.5075
0.000657689 0.0474832 -0.998872 -10.9025 0.00942965 0.998827 0.0474873 0.0506264 0.999955 -0.00945024 0.00020921 22.4901
-0.0197033 0.0513546 -0.998486 -11.6013 0.00785324 0.998657 0.0512084 0.0816721 0.999775 -0.00683237 -0.0200801 22.4476
-0.0320831 0.0571317 -0.997851 -12.3356 0.00916934 0.99834 0.0568649 0.116342 0.999443 -0.00732523 -0.0325537 22.4059
-0.0400835 0.0594423 -0.997427 -13.0942 0.00848312 0.998213 0.0591482 0.154044 0.99916 -0.00609041 -0.0405161 22.3673
-0.0441986 0.0565654 -0.99742 -13.8735 0.0100489 0.99837 0.056174 0.189755 0.998972 -0.00754018 -0.0446949 22.3332
-0.0431466 0.052616 -0.997682 -14.6676 0.0173955 0.9985 0.0519069 0.228232 0.998917 -0.0151156 -0.0439971 22.3007
-0.0387014 0.051208 -0.997938 -15.4734 0.0289846 0.998323 0.0501037 0.266995 0.99883 -0.0269857 -0.0401207 22.2779
-0.0337567 0.0512585 -0.998115 -16.3178 0.0294113 0.998302 0.0502734 0.304929 0.998997 -0.0276588 -0.0352069 22.2616
-0.0292373 0.0497691 -0.998333 -17.1896 0.0275533 0.99842 0.0489666 0.340151 0.999193 -0.0260757 -0.0305624 22.2448
-0.0257268 0.0435133 -0.998721 -18.039 0.0311767 0.998601 0.042705 0.369563 0.999183 -0.0300382 -0.0270474 22.2193
-0.0243416 0.0325082 -0.999175 -18.9366 0.0287723 0.99908 0.0318042 0.405544 0.999289 -0.0279744 -0.0252545 22.2069
-0.024934 0.0240161 -0.9994 -19.8759 0.0215597 0.999491 0.0234804 0.435514 0.999456 -0.0209613 -0.0254391 22.1959
-0.0277896 0.0208718 -0.999396 -20.8348 0.0161508 0.99966 0.0204283 0.462357 0.999483 -0.0155734 -0.0281172 22.1881
-0.031108 0.0268357 -0.999156 -21.8084 0.00687595 0.999621 0.0266342 0.48184 0.999492 -0.00604161 -0.0312807 22.1301
-0.036805 0.0344037 -0.99873 -22.7724 0.00194167 0.999407 0.0343555 0.506907 0.99932 -0.000674754 -0.0368499 22.0965
-0.042759 0.0438325 -0.998123 -23.7763 0.00066927 0.999038 0.043844 0.539953 0.999085 0.00120671 -0.0427472 22.0677
-0.0459158 0.0534057 -0.997517 -24.7963 -0.000439022 0.998568 0.0534823 0.583331 0.998945 0.00289361 -0.0458266 22.0364
-0.0486136 0.0605335 -0.996982 -25.7972 0.00185054 0.998165 0.0605152 0.629592 0.998816 0.00109691 -0.0486364 22.0139
-0.051337 0.0612719 -0.9968 -26.8546 0.00339385 0.998121 0.0611784 0.684406 0.998675 -0.000242281 -0.0514485 21.9705
-0.0550498 0.0581318 -0.99679 -27.8386 0.00279781 0.998308 0.0580659 0.72965 0.998479 0.000407686 -0.0551193 21.9548
-0.060334 0.0528686 -0.996777 -28.9389 0.00317975 0.998601 0.052773 0.788298 0.998173 1.45013e-05 -0.0604177 21.9233
-0.0657247 0.0476735 -0.996698 -29.972 0.00366118 0.998862 0.0475356 0.826092 0.997831 -0.000524833 -0.0658245 21.8612
-0.0708803 0.0427854 -0.996567 -31.0029 0.00383846 0.999083 0.0426205 0.859997 0.997477 -0.000804332 -0.0709796 21.7769
-0.076289 0.0405757 -0.99626 -32.0496 0.00229881 0.999176 0.0405185 0.89712 0.997083 0.000800896 -0.0763194 21.6665
-0.0821636 0.0430014 -0.995691 -33.086 0.00222502 0.999074 0.042964 0.925319 0.996616 0.00131465 -0.0821832 21.5646
-0.0881573 0.0476156 -0.994968 -34.1606 0.000799755 0.998859 0.047731 0.961112 0.996106 0.00341211 -0.0880949 21.4559
-0.094119 0.0504061 -0.994284 -35.2296 -0.00205256 0.998705 0.0508246 0.996465 0.995559 0.00682438 -0.0938936 21.3411
-0.0987685 0.0523664 -0.993732 -36.3362 -0.00525228 0.998572 0.0531435 1.04389 0.995096 0.0104683 -0.0983525 21.2191
-0.101074 0.0534252 -0.993443 -37.4388 -0.00980612 0.998454 0.0546924 1.09101 0.99483 0.0152698 -0.100394 21.0886
-0.102842 0.0544675 -0.993205 -38.5271 -0.0137005 0.998327 0.0561671 1.1357 0.994603 0.0193837 -0.101924 20.9623
-0.104313 0.0540217 -0.993076 -39.6218 -0.0151447 0.998321 0.0558979 1.17947 0.994429 0.0208708 -0.10332 20.8349
-0.105793 0.0533126 -0.992958 -40.6905 -0.0155071 0.998351 0.0552544 1.21851 0.994267 0.0212435 -0.104792 20.7034
-0.107161 0.0526073 -0.992849 -41.7949 -0.0168229 0.99836 0.0547151 1.26278 0.994099 0.0225659 -0.106101 20.5795
-0.10844 0.0516135 -0.992762 -42.8969 -0.0189474 0.998362 0.0539743 1.30629 0.993922 0.0246632 -0.107284 20.4515
-0.10963 0.049156 -0.992756 -43.9897 -0.0234579 0.99837 0.0520244 1.3459 0.993695 0.0289914 -0.108298 20.3211
-0.110033 0.0442431 -0.992943 -45.106 -0.0290147 0.998439 0.0477033 1.38596 0.993504 0.0340589 -0.108578 20.185
-0.10943 0.043578 -0.993039 -46.2222 -0.0302506 0.998429 0.0471481 1.4258 0.993534 0.0351995 -0.107939 20.0495
-0.108001 0.0476554 -0.993008 -47.3321 -0.0312094 0.998195 0.0512988 1.46637 0.99366 0.0365315 -0.106319 19.9124
-0.10642 0.0507915 -0.993023 -48.4787 -0.0314536 0.998022 0.054418 1.51118 0.993823 0.0370254 -0.104612 19.7866
-0.105319 0.0505 -0.993155 -49.5997 -0.0292963 0.998118 0.0538591 1.5545 0.994006 0.0347682 -0.103641 19.6648
-0.102959 0.0497493 -0.99344 -50.7339 -0.0291519 0.998168 0.0530074 1.59868 0.994258 0.0344183 -0.10132 19.5434
-0.0991856 0.0501355 -0.993805 -51.8676 -0.0334527 0.997997 0.0536857 1.64268 0.994506 0.0385703 -0.0973098 19.423
-0.0938911 0.0508718 -0.994282 -53.03 -0.0381741 0.997775 0.0546553 1.68948 0.99485 0.0430874 -0.0917403 19.3088
-0.0882711 0.0504137 -0.99482 -54.193 -0.0419344 0.997644 0.0542777 1.73587 0.995213 0.0465083 -0.0859491 19.2014
-0.0828239 0.0496071 -0.995329 -55.3406 -0.0434001 0.997632 0.0533334 1.7792 0.995618 0.0476147 -0.0804749 19.1021
-0.0774137 0.0489245 -0.995798 -56.4685 -0.0431156 0.997696 0.0523696 1.81986 0.996066 0.0469886 -0.075126 19.0072
-0.0724321 0.0486637 -0.996185 -57.6311 -0.0411957 0.99781 0.0517384 1.86349 0.996522 0.0447861 -0.0702688 18.925
-0.0674512 0.0492917 -0.996504 -58.7941 -0.0402304 0.997832 0.0520805 1.90755 0.996911 0.0436027 -0.065322 18.8487
-0.0620893 0.0509219 -0.996771 -59.9541 -0.0392627 0.997799 0.0534202 1.95035 0.997298 0.0424528 -0.0599534 18.7739
-0.0567924 0.0521707 -0.997022 -61.1234 -0.0399885 0.997713 0.0544847 1.99559 0.997584 0.0429637 -0.0545763 18.7041
-0.0516638 0.0514502 -0.997338 -62.2931 -0.0396551 0.997778 0.0535271 2.03963 0.997877 0.042315 -0.0495088 18.6401
-0.0472102 0.0470554 -0.997776 -63.4784 -0.0399236 0.998002 0.0489551 2.08046 0.998087 0.042146 -0.0452373 18.5864
-0.0427728 0.0419292 -0.998204 -64.6554 -0.0396289 0.998261 0.0436297 2.117 0.998298 0.0414239 -0.0410369 18.5281
-0.0389686 0.0413013 -0.998386 -65.8265 -0.0395141 0.998299 0.04284 2.1533 0.998459 0.0411197 -0.0372704 18.4702
-0.0359937 0.0438176 -0.998391 -67.0212 -0.0390273 0.998214 0.0452168 2.18694 0.998589 0.0405921 -0.0342194 18.4256
-0.0321841 0.0435573 -0.998532 -68.1669 -0.0393498 0.998219 0.044812 2.22067 0.998707 0.0407343 -0.0304128 18.329
-0.0294531 0.0432869 -0.998628 -69.3436 -0.0414849 0.998147 0.0444896 2.25911 0.998705 0.0427384 -0.0276028 18.2465
-0.0269587 0.0440152 -0.998667 -70.5258 -0.0427935 0.998063 0.0451438 2.29798 0.99872 0.0439535 -0.0250229 18.1697
-0.0239616 0.0433964 -0.99877 -71.6966 -0.0436966 0.998056 0.0444137 2.33521 0.998757 0.0447071 -0.0220188 18.0968
-0.0218044 0.041078 -0.998918 -72.9118 -0.0443472 0.998132 0.0420137 2.37336 0.998778 0.0452153 -0.019942 18.0454
-0.0203218 0.0398823 -0.998997 -74.1092 -0.0427958 0.998253 0.0407232 2.40619 0.998877 0.0435805 -0.0185795 18.0045
-0.0195207 0.0398004 -0.999017 -75.3067 -0.0395884 0.998392 0.0405491 2.43614 0.999025 0.040341 -0.0179137 17.974
-0.0192969 0.0403116 -0.999 -76.5082 -0.0374955 0.998454 0.0410139 2.46888 0.99911 0.0382495 -0.0177556 17.9486
-0.0181588 0.0427892 -0.998919 -77.6902 -0.0375371 0.998349 0.0434473 2.50095 0.99913 0.0382855 -0.0165227 17.9031
-0.0172298 0.0458389 -0.9988 -78.8854 -0.0405123 0.998095 0.0465054 2.53776 0.99903 0.041265 -0.01534 17.8652
-0.0167418 0.0456174 -0.998818 -80.0835 -0.0428892 0.998006 0.0462992 2.57327 0.998939 0.0436137 -0.014752 17.8388
-0.0163223 0.043212 -0.998932 -81.2941 -0.0442773 0.998053 0.0438975 2.61156 0.998885 0.0449466 -0.0143773 17.8112
-0.0162435 0.0406202 -0.999042 -82.5062 -0.0444222 0.998158 0.0413065 2.64659 0.99888 0.0450506 -0.0144092 17.7915
-0.0158595 0.0397812 -0.999082 -83.7118 -0.042204 0.99829 0.0404197 2.67921 0.998983 0.0428063 -0.0141535 17.764
-0.0152074 0.0412485 -0.999033 -84.8959 -0.040642 0.998297 0.0418368 2.7096 0.999058 0.041239 -0.0135052 17.7327
-0.0153765 0.0438412 -0.99892 -86.1033 -0.0398589 0.998216 0.044424 2.74255 0.999086 0.040499 -0.0136017 17.7177
-0.0153475 0.0460095 -0.998823 -87.3018 -0.04012 0.998107 0.0465931 2.77665 0.999076 0.0407879 -0.0134726 17.704
-0.0156639 0.0462046 -0.998809 -88.4959 -0.0412752 0.998049 0.0468168 2.81053 0.999025 0.0419594 -0.0137263 17.6853
-0.0154419 0.0440689 -0.998909 -89.6798 -0.0408926 0.998164 0.0446683 2.84229 0.999044 0.0415377 -0.0136115 17.664
-0.015613 0.0426897 -0.998966 -90.856 -0.0390011 0.998301 0.0432709 2.87315 0.999117 0.0396364 -0.0139216 17.6463
-0.0163973 0.0435136 -0.998918 -92.0477 -0.0374604 0.998323 0.0441027 2.90684 0.999163 0.038143 -0.0147398 17.6335
-0.017101 0.0461456 -0.998788 -93.2485 -0.0349798 0.998294 0.0467218 2.94406 0.999241 0.0357364 -0.0154578 17.6235
-0.0177724 0.0485517 -0.998662 -94.4239 -0.0336736 0.998224 0.0491297 2.97861 0.999274 0.0345017 -0.016106 17.6054
-0.018208 0.050279 -0.998569 -95.6162 -0.0342966 0.998115 0.0508815 3.01657 0.999245 0.035174 -0.0164493 17.5882
-0.0184272 0.052164 -0.998468 -96.7814 -0.0366224 0.997932 0.0528119 3.05219 0.999159 0.0375395 -0.0164788 17.5616
-0.0191523 0.0515132 -0.998488 -97.9722 -0.0383966 0.997896 0.0522192 3.08857 0.999079 0.0393387 -0.0171341 17.548
-0.0190072 0.0476475 -0.998683 -99.1539 -0.0408735 0.997991 0.0483925 3.12647 0.998983 0.0417395 -0.0170215 17.5165
-0.0186462 0.0458861 -0.998772 -100.327 -0.0424929 0.998006 0.0466443 3.16341 0.998922 0.0433105 -0.0166593 17.4807
-0.0184078 0.0442278 -0.998851 -101.483 -0.0426215 0.998077 0.0449791 3.19518 0.998921 0.0434005 -0.0164874 17.4501
-0.0182814 0.0446576 -0.998835 -102.661 -0.0411777 0.99812 0.0453794 3.23184 0.998984 0.0419593 -0.0164081 17.4269
-0.0185698 0.0466256 -0.998739 -103.829 -0.0408929 0.99804 0.0473533 3.26915 0.99899 0.0417208 -0.0166268 17.4016
-0.0189053 0.0485275 -0.998643 -105.037 -0.0393346 0.998011 0.0492415 3.31294 0.999047 0.0402121 -0.0169589 17.3816
-0.0203168 0.0474168 -0.998668 -106.214 -0.0424355 0.997933 0.0482453 3.35345 0.998892 0.0433592 -0.0182627 17.3595
-0.0210877 0.0483227 -0.998609 -107.41 -0.0462335 0.997714 0.0492558 3.39837 0.998707 0.0472079 -0.0188054 17.3282
-0.0216899 0.0473724 -0.998641 -108.58 -0.0489552 0.997627 0.0483876 3.43582 0.998565 0.0499383 -0.0193193 17.2977
-0.0222896 0.0434513 -0.998806 -109.788 -0.049779 0.997766 0.044517 3.47678 0.998511 0.0507119 -0.0200769 17.2644
-0.0234533 0.0395676 -0.998941 -110.988 -0.0496022 0.997939 0.0406925 3.51244 0.998493 0.0505041 -0.0214424 17.2327
-0.02442 0.0385014 -0.99896 -112.193 -0.0460672 0.998152 0.0395965 3.54602 0.998639 0.0469863 -0.0226013 17.2021
-0.0252288 0.0375814 -0.998975 -113.425 -0.0411457 0.998406 0.0385992 3.5827 0.998834 0.0420773 -0.0236423 17.1756
-0.026289 0.0391776 -0.998886 -114.656 -0.0405653 0.998366 0.0402249 3.62127 0.99883 0.0415776 -0.0246568 17.1471
-0.027576 0.0427126 -0.998706 -115.879 -0.0394115 0.998262 0.0437819 3.66144 0.998842 0.0405679 -0.0258447 17.1116
-0.0286127 0.0425022 -0.998686 -117.1 -0.0378646 0.998331 0.043572 3.70018 0.998873 0.0390616 -0.0269557 17.0739
-0.0295956 0.0380847 -0.998836 -118.354 -0.037792 0.998516 0.0391924 3.73682 0.998847 0.038908 -0.0281124 17.0329
-0.0315578 0.0344289 -0.998908 -119.613 -0.0378023 0.998649 0.0356143 3.76816 0.998786 0.038885 -0.0302137 17.0025
-0.0326052 0.0328742 -0.998927 -120.864 -0.0370067 0.998733 0.0340758 3.79749 0.998782 0.0380781 -0.0313474 16.9562
-0.0330919 0.0337876 -0.998881 -122.118 -0.0389885 0.998623 0.0350706 3.82737 0.998691 0.0401055 -0.0317291 16.8978
-0.0339047 0.0379664 -0.998703 -123.366 -0.0436979 0.998265 0.0394334 3.85877 0.998469 0.0449783 -0.0321869 16.8404
-0.0342801 0.0408233 -0.998578 -124.632 -0.0492081 0.997883 0.0424843 3.89231 0.998199 0.0505945 -0.0321987 16.7788
-0.0345098 0.0405774 -0.99858 -125.922 -0.056602 0.997491 0.0424893 3.92873 0.9978 0.0579879 -0.0321265 16.718
-0.0347602 0.0384325 -0.998656 -127.193 -0.0598128 0.997388 0.0404657 3.96142 0.997603 0.0611391 -0.0323707 16.6629
-0.0357768 0.0371109 -0.99867 -128.454 -0.0620429 0.997299 0.0392827 3.99017 0.997431 0.0633659 -0.0333778 16.6095
-0.0364756 0.0364756 -0.998668 -129.719 -0.0619252 0.99733 0.0386886 4.0169 0.997413 0.063254 -0.0341195 16.5547
-0.0372368 0.0353442 -0.998681 -130.979 -0.0596581 0.997512 0.0375273 4.04314 0.997523 0.0609769 -0.0350356 16.5061
-0.0381478 0.0358996 -0.998627 -132.259 -0.0595511 0.997495 0.0381339 4.07249 0.997495 0.0609241 -0.0359144 16.4537
-0.0400707 0.0405167 -0.998375 -133.513 -0.0584713 0.997369 0.0428227 4.10549 0.997484 0.0600923 -0.0375963 16.4179
-0.0411267 0.0442751 -0.998172 -134.805 -0.0571876 0.997274 0.0465916 4.14368 0.997515 0.0589993 -0.0384826 16.3614
-0.0419668 0.0429738 -0.998194 -136.074 -0.0578073 0.997295 0.0453656 4.17943 0.997445 0.0596068 -0.0393691 16.3099
-0.0422795 0.0415034 -0.998243 -137.333 -0.0572852 0.997391 0.0438944 4.21477 0.997461 0.0590404 -0.0397917 16.2612
-0.0418314 0.0406982 -0.998295 -138.611 -0.0562391 0.997489 0.0430221 4.2504 0.99754 0.057943 -0.0394376 16.2056
-0.0417897 0.0398106 -0.998332 -139.87 -0.0563986 0.997517 0.042139 4.28359 0.997533 0.0580656 -0.0394407 16.1522
-0.0416463 0.041716 -0.998261 -141.141 -0.0564742 0.997431 0.0440375 4.31845 0.997534 0.0582101 -0.0391835 16.0994
-0.0413686 0.0452939 -0.998116 -142.396 -0.0573828 0.997214 0.0476314 4.35176 0.997494 0.0592452 -0.0386543 16.0464
-0.0406863 0.0462984 -0.998098 -143.642 -0.0590965 0.997064 0.0486595 4.38456 0.997422 0.060964 -0.0378308 15.9918
-0.0402115 0.0434697 -0.998245 -144.908 -0.0615692 0.997045 0.0458977 4.42406 0.997292 0.0633068 -0.0374164 15.9332
-0.0402297 0.0407432 -0.998359 -146.145 -0.0603536 0.997243 0.0431298 4.45338 0.997365 0.0619897 -0.0376599 15.863
-0.0398291 0.039388 -0.998429 -147.387 -0.0579448 0.997449 0.0416609 4.48307 0.997524 0.0595132 -0.0374453 15.7902
-0.0400646 0.0391161 -0.99843 -148.642 -0.0567275 0.997531 0.0413573 4.51048 0.997585 0.0582955 -0.0377468 15.7316
-0.0406415 0.0396283 -0.998387 -149.904 -0.0542686 0.997649 0.0418082 4.53943 0.997698 0.0558802 -0.0383954 15.6795
-0.0413732 0.0383008 -0.998409 -151.168 -0.0522089 0.997816 0.0404417 4.56837 0.997778 0.0537991 -0.0392832 15.6306
-0.0416121 0.0384223 -0.998394 -152.426 -0.0514173 0.997852 0.0405446 4.59975 0.997809 0.0530219 -0.0395473 15.5719
-0.0423026 0.0410682 -0.99826 -153.653 -0.048773 0.997877 0.0431194 4.62678 0.997913 0.0505122 -0.0402099 15.5183
-0.0439303 0.0424833 -0.99813 -154.897 -0.0458133 0.997957 0.0444924 4.65861 0.997983 0.0476823 -0.0418943 15.4816
-0.044924 0.0410711 -0.998145 -156.144 -0.0436091 0.99812 0.0430329 4.69144 0.998037 0.0454614 -0.0430486 15.4331
-0.0462824 0.0412281 -0.998077 -157.397 -0.0444147 0.998073 0.0432877 4.72585 0.99794 0.0463327 -0.0443622 15.378
-0.0473661 0.0458888 -0.997822 -158.637 -0.044945 0.997833 0.0480229 4.75971 0.997865 0.0471218 -0.0452011 15.3262
-0.0470768 0.0518506 -0.997544 -159.929 -0.0499716 0.997278 0.0541951 4.80972 0.99764 0.0524003 -0.0443577 15.2578
-0.046404 0.0516478 -0.997586 -161.169 -0.0544784 0.997044 0.054154 4.85389 0.997435 0.0568599 -0.0434532 15.1902
-0.0453692 0.0478894 -0.997821 -162.414 -0.0582446 0.997023 0.0504995 4.89622 0.99727 0.0604089 -0.0424449 15.1212
-0.0443359 0.0425189 -0.998111 -163.651 -0.0601784 0.997164 0.0451518 4.93288 0.997202 0.0620666 -0.0416516 15.0569
-0.04463 0.0410493 -0.998159 -164.885 -0.0628782 0.997057 0.0438156 4.96554 0.997022 0.064718 -0.0419176 14.9974
-0.0442349 0.0383632 -0.998284 -166.091 -0.0576557 0.997497 0.0408879 4.98658 0.997355 0.0593655 -0.0419124 14.9495
-0.0444248 0.0341243 -0.998429 -167.349 -0.0547576 0.997829 0.0365403 5.01782 0.99751 0.056295 -0.0424598 14.8955
-0.0451188 0.0312635 -0.998492 -168.553 -0.0486224 0.998255 0.0334533 5.03404 0.997797 0.0500585 -0.0435201 14.8424
-0.0467352 0.0342195 -0.99832 -169.801 -0.0464767 0.998255 0.0363931 5.06195 0.997825 0.0480995 -0.0450633 14.7895
-0.04677 0.0403164 -0.998091 -171.076 -0.0466661 0.998004 0.0424997 5.09473 0.997814 0.0485648 -0.0447953 14.7382
-0.045819 0.0436237 -0.997996 -172.31 -0.0485582 0.997766 0.0458431 5.12449 0.997768 0.0505614 -0.0435985 14.6754
-0.0442983 0.0404952 -0.998197 -173.533 -0.0493796 0.997867 0.0426733 5.15442 0.997796 0.051181 -0.0422043 14.6133
-0.0442153 0.040553 -0.998198 -174.778 -0.0517886 0.997738 0.0428284 5.18971 0.997678 0.053589 -0.0420151 14.5578
-0.0441677 0.0416918 -0.998153 -175.991 -0.0496745 0.9978 0.0438752 5.21593 0.997788 0.0515207 -0.0419995 14.5048
-0.0437323 0.039664 -0.998255 -177.205 -0.0499278 0.997875 0.0418363 5.24635 0.997794 0.0516704 -0.0416591 14.4462
-0.0423969 0.0382916 -0.998366 -178.391 -0.0502446 0.997918 0.0404082 5.27248 0.997836 0.0518757 -0.0403847 14.3903
-0.0410044 0.0399655 -0.998359 -179.572 -0.0518453 0.997767 0.0420713 5.29904 0.997812 0.0534854 -0.0388409 14.3383
-0.0400566 0.0418719 -0.998319 -180.712 -0.051859 0.997686 0.0439263 5.32087 0.99785 0.0535314 -0.0377925 14.2886
-0.0398437 0.0432685 -0.998268 -181.846 -0.052743 0.997576 0.0453437 5.3451 0.997812 0.0544584 -0.0374651 14.2389
-0.0395272 0.0445568 -0.998224 -182.933 -0.053031 0.997502 0.0466246 5.36712 0.997809 0.0547799 -0.0370656 14.1855
-0.0398282 0.0455297 -0.998168 -183.985 -0.0521835 0.997502 0.0475816 5.38822 0.997842 0.053983 -0.0373529 14.1351
-0.0395178 0.0448404 -0.998211 -185.02 -0.0521332 0.997538 0.0468741 5.40902 0.997857 0.0538924 -0.0370828 14.0865
-0.038732 0.0447778 -0.998245 -185.999 -0.0526537 0.997514 0.0467881 5.42733 0.997861 0.0543736 -0.036278 14.0487
-0.0373788 0.0456381 -0.998258 -186.995 -0.0531923 0.997448 0.0475929 5.45223 0.997884 0.0548787 -0.0348559 14.0079
-0.0383909 0.0440744 -0.998289 -187.951 -0.0515686 0.997607 0.0460275 5.4717 0.99793 0.0532475 -0.0360263 13.9693
-0.0419453 0.0412088 -0.998269 -188.903 -0.049135 0.997853 0.0432563 5.49006 0.99791 0.0508644 -0.0398306 13.9288
-0.0473744 0.0377012 -0.998165 -189.841 -0.0487215 0.998009 0.0400078 5.50731 0.997687 0.0505275 -0.0454433 13.8849
-0.0526749 0.034577 -0.998012 -190.779 -0.0503114 0.998038 0.0372334 5.52596 0.997343 0.0521728 -0.050832 13.8298
-0.0571292 0.0334877 -0.997804 -191.734 -0.0521681 0.99797 0.0364802 5.5508 0.997002 0.0541377 -0.0552663 13.7751
-0.0603903 0.0337734 -0.997603 -192.685 -0.0537212 0.997867 0.0370345 5.57452 0.996727 0.055829 -0.0584473 13.7151
-0.0625951 0.035238 -0.997416 -193.633 -0.0523043 0.997886 0.0385372 5.59704 0.996667 0.0545815 -0.0606197 13.6546
-0.0642183 0.0367009 -0.99726 -194.556 -0.04928 0.997986 0.0399011 5.61652 0.996717 0.0517075 -0.0622805 13.5899
-0.0657917 0.0368774 -0.997151 -195.501 -0.0477223 0.998055 0.0400597 5.64184 0.996691 0.050222 -0.063904 13.525
-0.0668143 0.0355835 -0.99713 -196.42 -0.0481418 0.998083 0.0388435 5.66272 0.996602 0.0505991 -0.0649732 13.4563
-0.0677858 0.0343211 -0.997109 -197.339 -0.049894 0.998039 0.0377452 5.6826 0.996451 0.0523085 -0.0659406 13.3867
-0.0680319 0.0334641 -0.997121 -198.257 -0.0535684 0.997871 0.0371442 5.70203 0.996243 0.0559412 -0.0660946 13.3169
-0.0674405 0.0316044 -0.997222 -199.179 -0.0561058 0.997795 0.035417 5.71979 0.996144 0.0583385 -0.0655187 13.247
-0.0666764 0.0291041 -0.997349 -200.088 -0.0562853 0.997871 0.0328823 5.73329 0.996185 0.0583286 -0.0648964 13.1787
-0.0663804 0.0267937 -0.997434 -201.002 -0.0561036 0.997956 0.0305416 5.74495 0.996215 0.0579871 -0.0647415 13.1144
-0.0654933 0.0266229 -0.997497 -201.95 -0.0561646 0.997959 0.0303229 5.75781 0.99627 0.0580101 -0.0638645 13.04
-0.0648867 0.0293328 -0.997461 -202.881 -0.0535029 0.998026 0.03283 5.77483 0.996457 0.0554973 -0.0631893 12.9743
-0.0647678 0.0305221 -0.997433 -203.825 -0.0530962 0.998009 0.0339876 5.79115 0.996486 0.0551613 -0.0630183 12.9054
-0.063587 0.0273069 -0.997602 -204.788 -0.0480621 0.99838 0.0303917 5.80407 0.996818 0.0498795 -0.0621717 12.8352
-0.0635059 0.0242292 -0.997686 -205.711 -0.0464007 0.998551 0.0272038 5.81942 0.996901 0.048021 -0.0622897 12.7743
-0.062763 0.0244768 -0.997727 -206.67 -0.0507837 0.998324 0.0276861 5.837 0.996735 0.0524061 -0.0614148 12.6979
-0.0608215 0.0281129 -0.997752 -207.64 -0.0523123 0.998138 0.0313128 5.85322 0.996776 0.0540993 -0.0592377 12.6247
-0.0586911 0.0277339 -0.99789 -208.618 -0.0499701 0.998278 0.0306837 5.87039 0.997024 0.0516656 -0.0572042 12.559
-0.0564774 0.0291018 -0.997979 -209.599 -0.0485613 0.99831 0.0318598 5.89144 0.997221 0.0502625 -0.0549688 12.499
-0.0547148 0.0338229 -0.997928 -210.589 -0.0493035 0.998114 0.0365325 5.91327 0.997283 0.0512003 -0.0529441 12.4391
-0.0529906 0.0380302 -0.99787 -211.594 -0.0460129 0.998119 0.0404832 5.93609 0.997533 0.0480602 -0.0511411 12.3816
-0.0523988 0.0386014 -0.997879 -212.599 -0.045559 0.998118 0.041003 5.95951 0.997585 0.0476109 -0.0505416 12.3367
-0.0507933 0.0391015 -0.997943 -213.625 -0.0488514 0.997938 0.0415879 5.98896 0.997513 0.0508634 -0.0487785 12.2854
-0.0487653 0.0407437 -0.997978 -214.646 -0.0515049 0.997734 0.0432506 6.01804 0.99748 0.0535099 -0.0465563 12.2347
-0.0482029 0.0411844 -0.997987 -215.672 -0.0522354 0.997677 0.0436947 6.04065 0.99747 0.0542365 -0.0459397 12.2122
-0.0458409 0.0384339 -0.998208 -216.726 -0.0549533 0.997648 0.0409361 6.07333 0.997435 0.0567315 -0.0436211 12.1641
-0.0436229 0.0351108 -0.99843 -217.786 -0.0544208 0.997813 0.0374669 6.10497 0.997564 0.0559699 -0.0416168 12.1254
-0.042427 0.034192 -0.998514 -218.844 -0.0535711 0.997897 0.0364472 6.1333 0.997661 0.0550379 -0.0405061 12.084
-0.0412874 0.0360408 -0.998496 -219.902 -0.0536765 0.997824 0.0382361 6.16134 0.997703 0.0551746 -0.039263 12.0416
-0.0407695 0.0388202 -0.998413 -220.986 -0.0550719 0.997637 0.0410389 6.19506 0.997649 0.0566577 -0.0385353 12.0046
-0.0402861 0.0380882 -0.998461 -222.071 -0.0547681 0.997685 0.0402685 6.22725 0.997685 0.0563062 -0.0381069 11.9673
-0.0401572 0.035298 -0.998569 -223.156 -0.0533421 0.997873 0.0374186 6.2565 0.997767 0.0547685 -0.0381889 11.9314
-0.0400806 0.0325168 -0.998666 -224.238 -0.0504466 0.998128 0.0345241 6.28018 0.997921 0.0517632 -0.0383653 11.8875
-0.0404254 0.0315361 -0.998684 -225.331 -0.0490928 0.99823 0.0335091 6.30343 0.997975 0.0503829 -0.0388057 11.8454
-0.0407794 0.0306187 -0.998698 -226.442 -0.049494 0.99824 0.0326257 6.32714 0.997941 0.0507601 -0.0391922 11.8023
-0.0410009 0.0305031 -0.998693 -227.552 -0.0494481 0.998245 0.0325196 6.35076 0.997934 0.0507168 -0.0394207 11.7589
-0.041803 0.030971 -0.998645 -228.664 -0.0516362 0.998115 0.0331161 6.37532 0.99779 0.0529507 -0.040125 11.7123
-0.0428496 0.0332956 -0.998526 -229.796 -0.0528265 0.997969 0.0355441 6.40044 0.997683 0.0542718 -0.0410037 11.6602
-0.0441108 0.0349015 -0.998416 -230.942 -0.0532008 0.997888 0.0372336 6.42829 0.997608 0.0547591 -0.0421609 11.6108
-0.0450601 0.0366897 -0.998309 -232.077 -0.0544022 0.99775 0.0391247 6.45577 0.997501 0.0560733 -0.0429628 11.5498
-0.045854 0.0376526 -0.998237 -233.231 -0.0567638 0.997575 0.0402351 6.48646 0.997333 0.0585088 -0.0436055 11.482
-0.0472524 0.0364187 -0.998218 -234.384 -0.0588246 0.997497 0.0391771 6.51372 0.997148 0.0605711 -0.0449919 11.4154
-0.0475441 0.032267 -0.998347 -235.534 -0.0576345 0.997722 0.0349917 6.53526 0.997204 0.0592029 -0.0455761 11.3308
-0.0492319 0.0263741 -0.998438 -236.723 -0.0543077 0.9981 0.0290431 6.5568 0.997309 0.0556528 -0.0477061 11.2761
-0.0516991 0.0225334 -0.998408 -237.903 -0.0494624 0.998459 0.0250959 6.56922 0.997436 0.0506812 -0.0505049 11.2173
-0.0538332 0.0230867 -0.998282 -239.09 -0.0433645 0.998734 0.0254357 6.58343 0.997607 0.0446593 -0.0527639 11.1459
-0.055761 0.0270804 -0.998076 -240.267 -0.0391463 0.998802 0.0292872 6.59981 0.997675 0.0407041 -0.0546342 11.0646
-0.0577308 0.0297957 -0.997887 -241.474 -0.037206 0.998794 0.0319754 6.6184 0.997638 0.0389734 -0.0565526 10.9861
-0.0592867 0.0294526 -0.997806 -242.672 -0.0355247 0.998867 0.0315948 6.63665 0.997608 0.0373199 -0.0581733 10.8986
-0.0598474 0.0299425 -0.997757 -243.895 -0.0356583 0.998846 0.0321141 6.66431 0.997569 0.0375004 -0.0587107 10.7876
-0.0617435 0.0313738 -0.997598 -245.126 -0.0347723 0.99883 0.0335647 6.68959 0.997485 0.0367612 -0.0605803 10.6987
-0.0635885 0.0309981 -0.997494 -246.344 -0.0339613 0.998869 0.0332059 6.71244 0.997397 0.0359878 -0.062464 10.6078
-0.0650568 0.0293542 -0.997449 -247.601 -0.0339075 0.998923 0.0316092 6.74087 0.997304 0.0358775 -0.0639915 10.5034
-0.0673685 0.0292492 -0.997298 -248.842 -0.0337361 0.99893 0.0315761 6.76161 0.997157 0.0357723 -0.0663098 10.4154
-0.0700666 0.0301705 -0.997085 -250.078 -0.034159 0.998882 0.0326253 6.78232 0.996956 0.0363454 -0.0689578 10.3308
-0.0739115 0.0302439 -0.996805 -251.333 -0.0339068 0.998884 0.0328212 6.8075 0.996687 0.0362244 -0.0728037 10.2538
-0.0768848 0.0311639 -0.996552 -252.605 -0.0349322 0.998812 0.0339297 6.83212 0.996427 0.0374205 -0.0757049 10.1547
-0.0795113 0.0326384 -0.996298 -253.886 -0.0365841 0.998693 0.0356366 6.86013 0.996161 0.0392823 -0.0782134 10.0487
-0.0814519 0.0336732 -0.996107 -255.148 -0.0381908 0.998588 0.03688 6.87974 0.995944 0.0410461 -0.0800509 9.94346
-0.0824356 0.0336634 -0.996027 -256.431 -0.0407905 0.998476 0.0371223 6.90983 0.99576 0.0436887 -0.0809369 9.82696
-0.0827352 0.0336744 -0.996001 -257.704 -0.0413251 0.998451 0.0371901 6.93591 0.995713 0.0442368 -0.0812156 9.71902
-0.0830466 0.0327026 -0.996008 -258.978 -0.0402083 0.998536 0.0361382 6.96119 0.995733 0.043049 -0.0816102 9.61129
-0.0826438 0.0320669 -0.996062 -260.202 -0.0375173 0.998672 0.0352638 6.97682 0.995872 0.040284 -0.081331 9.49327
-0.0827652 0.0319505 -0.996056 -261.464 -0.0363685 0.998721 0.0350581 6.99737 0.995904 0.0391267 -0.0814975 9.37719
-0.0830749 0.0323455 -0.996017 -262.737 -0.0361407 0.998716 0.0354477 7.0214 0.995887 0.0389416 -0.0817993 9.26549
-0.0827117 0.032318 -0.996048 -264.023 -0.0354161 0.998745 0.0353465 7.04523 0.995943 0.0381997 -0.0814634 9.14767
-0.0833348 0.0327011 -0.995984 -265.273 -0.0348067 0.998754 0.0357045 7.07052 0.995912 0.0376424 -0.0820929 9.0465
-0.0829596 0.0336767 -0.995983 -266.556 -0.0322064 0.998814 0.0364552 7.09466 0.996031 0.0351014 -0.0817768 8.92625
-0.0833524 0.0362563 -0.995859 -267.828 -0.0274903 0.998872 0.038667 7.12019 0.99614 0.0305995 -0.0822618 8.81904
-0.0843029 0.039539 -0.995654 -269.07 -0.0241451 0.998836 0.0417099 7.1478 0.996147 0.0275565 -0.0832502 8.7237
-0.0847888 0.0418658 -0.995518 -270.336 -0.0220442 0.998792 0.043881 7.1788 0.996154 0.025666 -0.0837636 8.62058
-0.0855585 0.0403355 -0.995515 -271.588 -0.0220123 0.998858 0.0423628 7.20901 0.996089 0.0255381 -0.084573 8.51912
-0.0853958 0.038605 -0.995598 -272.826 -0.0247738 0.998856 0.0408564 7.23849 0.996038 0.0281538 -0.0843418 8.39988
-0.0860026 0.0412409 -0.99544 -274.081 -0.0303567 0.998568 0.0439933 7.27295 0.995831 0.0340018 -0.0846276 8.28178
-0.086472 0.047111 -0.995139 -275.321 -0.0354081 0.998103 0.0503282 7.30391 0.995624 0.039588 -0.08464 8.16639
-0.0866826 0.0466105 -0.995144 -276.567 -0.0395513 0.997954 0.0501873 7.3382 0.995449 0.0437097 -0.0846618 8.04888
-0.0864394 0.0399786 -0.995453 -277.809 -0.0389684 0.998292 0.0434765 7.37538 0.995494 0.0425494 -0.084734 7.93389
-0.087355 0.0347636 -0.995569 -279.045 -0.0359285 0.998629 0.0380231 7.40464 0.995528 0.0390909 -0.0859863 7.82632
-0.0876643 0.0342131 -0.995561 -280.302 -0.0301407 0.998859 0.0369806 7.43266 0.995693 0.0332489 -0.0865332 7.72242
-0.0867897 0.0358189 -0.995581 -281.553 -0.0271897 0.998894 0.0383084 7.46002 0.995854 0.0303944 -0.0857199 7.61043
-0.0855185 0.0380385 -0.995609 -282.776 -0.0264927 0.998829 0.0404372 7.482 0.995983 0.0298345 -0.0844107 7.49896
-0.0846503 0.0406283 -0.995581 -284.029 -0.0276808 0.998685 0.0431087 7.50822 0.996025 0.0312077 -0.0834145 7.38361
-0.0832877 0.0421504 -0.995632 -285.267 -0.0288045 0.998584 0.044685 7.53779 0.996108 0.0324004 -0.0819557 7.25644
-0.081818 0.0431684 -0.995711 -286.53 -0.0298695 0.998505 0.0457441 7.57238 0.996198 0.0334841 -0.0804063 7.13533
-0.0805025 0.0426458 -0.99584 -287.78 -0.0298684 0.998531 0.0451756 7.60519 0.996306 0.033381 -0.0791105 7.0143
-0.0793586 0.0410946 -0.995997 -289.009 -0.0305269 0.998579 0.0436335 7.63503 0.996377 0.0338675 -0.0779914 6.88359
-0.0781967 0.0401885 -0.996126 -290.236 -0.0304374 0.998623 0.0426787 7.66346 0.996472 0.0336569 -0.0768659 6.75315
-0.0773256 0.0400527 -0.9962 -291.464 -0.0308313 0.998617 0.0425431 7.69155 0.996528 0.0340038 -0.0759838 6.62546
-0.07617 0.0399285 -0.996294 -292.716 -0.0316149 0.998597 0.0424379 7.72284 0.996592 0.0347303 -0.0748009 6.50332
-0.0752032 0.0400238 -0.996363 -293.965 -0.0324366 0.998565 0.0425606 7.75711 0.996639 0.0355194 -0.0737971 6.38249
-0.0757671 0.0404365 -0.996304 -295.185 -0.0315867 0.998577 0.042931 7.78165 0.996624 0.0347228 -0.0743821 6.29104
-0.0762157 0.0389348 -0.996329 -296.423 -0.0314773 0.998643 0.0414332 7.81095 0.996593 0.0345197 -0.0748868 6.19116
-0.0769036 0.036607 -0.996365 -297.662 -0.0313434 0.998741 0.0391136 7.83788 0.996544 0.0342375 -0.0756594 6.09202
-0.0783039 0.0338909 -0.996352 -298.881 -0.0323074 0.998809 0.0365136 7.86111 0.996405 0.0350487 -0.0771158 5.9974
-0.0796009 0.0325516 -0.996294 -300.108 -0.0340148 0.998794 0.035351 7.8847 0.996245 0.0367028 -0.0783977 5.89785
-0.0800896 0.032557 -0.996254 -301.349 -0.0372225 0.99867 0.0356283 7.908 0.996091 0.0399366 -0.0787713 5.7797
-0.0802777 0.0336182 -0.996204 -302.583 -0.0407312 0.998484 0.0369775 7.9322 0.995939 0.0435451 -0.0787867 5.65663
-0.0805393 0.0343702 -0.996157 -303.822 -0.0448396 0.998267 0.0380683 7.96019 0.995741 0.0477334 -0.0788586 5.53639
-0.0806891 0.0341537 -0.996153 -305.081 -0.0466912 0.998184 0.0380054 7.99039 0.995644 0.0495782 -0.0789479 5.41955
-0.0809056 0.0320717 -0.996204 -306.337 -0.0465341 0.998269 0.0359175 8.0174 0.995634 0.0492635 -0.0792732 5.30319
-0.0812642 0.0299241 -0.996242 -307.604 -0.0444575 0.998444 0.0336168 8.04296 0.995699 0.0470223 -0.0798075 5.18787
-0.0821885 0.0298482 -0.996168 -308.859 -0.0418599 0.998564 0.0333737 8.06397 0.995736 0.0444426 -0.0808211 5.0769
-0.0825021 0.0319142 -0.996078 -310.089 -0.0399741 0.998575 0.0353053 8.08754 0.995788 0.0427302 -0.0811089 4.95107
-0.0830153 0.03292 -0.996003 -311.354 -0.0386178 0.998595 0.0362245 8.11489 0.995799 0.0414707 -0.0816274 4.83504
-0.0834749 0.0320159 -0.995994 -312.625 -0.0399218 0.998572 0.0354448 8.14281 0.995709 0.0427207 -0.0820777 4.71814
-0.0832151 0.0303355 -0.996068 -313.876 -0.0411842 0.998576 0.0338526 8.16977 0.995679 0.0438394 -0.0818473 4.59854
-0.0813949 0.0297324 -0.996237 -315.117 -0.0415319 0.998584 0.0331958 8.19534 0.995815 0.0440777 -0.0800448 4.46039
