1 0 0 0 0 1 0 0 0 0 1 0
0.99986 -0.00476075 0.0160597 -0.210037 0.00479097 0.999987 -0.00184366 0.0135957 -0.0160507 0.00192035 0.999869 0.247503
0.999734 -0.00676443 0.0220396 -0.182936 0.0067926 0.999976 -0.00120348 2.9345e-05 -0.022031 0.00135286 0.999756 0.540756
0.999683 -0.00954388 0.0232975 -0.159181 0.00959713 0.999952 -0.00217526 -0.00845583 -0.0232756 0.00239816 0.999726 0.843475
0.99972 -0.0109369 0.0209724 -0.152646 0.0110174 0.999932 -0.00372444 -0.0121302 -0.0209302 0.00395446 0.999773 1.16124
0.999813 -0.0133034 0.0139994 -0.147657 0.0133766 0.999897 -0.00514979 -0.0163031 -0.0139294 0.0053361 0.999889 1.47713
0.999886 -0.0150152 0.00132375 -0.146988 0.0150245 0.99986 -0.00735126 -0.0183657 -0.00121318 0.00737031 0.999972 1.79961
0.999765 -0.0146003 -0.0160263 -0.153073 0.0144719 0.999862 -0.00810337 -0.0206111 0.0161424 0.00786953 0.999839 2.12138
0.999302 -0.0100847 -0.0359679 -0.173789 0.00977934 0.999915 -0.00865622 -0.019202 0.0360521 0.00829844 0.999315 2.47625
0.998425 -0.00649774 -0.0557203 -0.218515 0.00592344 0.999928 -0.0104658 -0.0153268 0.0557842 0.0101193 0.998391 2.82673
0.997097 -0.00626983 -0.0758799 -0.27037 0.00539933 0.999917 -0.0116718 -0.0119005 0.0759468 0.0112282 0.997049 3.17659
0.995351 -0.00776123 -0.0960032 -0.341479 0.00668933 0.999912 -0.0114821 -0.0133286 0.0960838 0.0107865 0.995315 3.55963
0.993339 -0.00941105 -0.11484 -0.413334 0.00818524 0.999904 -0.0111411 -0.0165188 0.114934 0.0101269 0.993321 3.92435
0.99142 -0.0083073 -0.13045 -0.522013 0.0070379 0.999923 -0.0101889 -0.0323306 0.130525 0.00918341 0.991402 4.30947
0.98959 -0.00701 -0.143743 -0.635342 0.00571408 0.999939 -0.00942641 -0.0452279 0.1438 0.00850693 0.98957 4.7098
0.98779 -0.00641453 -0.155662 -0.742282 0.00501725 0.999943 -0.00936767 -0.0584588 0.155713 0.00847229 0.987766 5.12826
0.985994 -0.00777636 -0.166597 -0.842617 0.00620856 0.999931 -0.00992948 -0.0723528 0.166663 0.00875609 0.985975 5.56017
0.984158 -0.0113035 -0.176932 -0.926152 0.0093134 0.999884 -0.0120744 -0.0834037 0.177048 0.0102353 0.984149 6.02725
0.982673 -0.0107074 -0.185036 -1.01896 0.00833312 0.999873 -0.0136045 -0.0951527 0.185158 0.0118269 0.982638 6.48575
0.981287 -0.0101739 -0.19228 -1.12572 0.00732064 0.999852 -0.0155439 -0.100826 0.19241 0.0138454 0.981217 6.95732
0.979707 -0.0106541 -0.20015 -1.24011 0.00705837 0.999801 -0.0186702 -0.108176 0.200309 0.0168786 0.979587 7.44759
0.978359 -0.0137153 -0.206461 -1.36271 0.00967671 0.999742 -0.0205582 -0.122059 0.206689 0.0181154 0.978239 7.93579
0.976507 -0.0201384 -0.214543 -1.46862 0.015754 0.999631 -0.0221266 -0.136599 0.21491 0.0182269 0.976464 8.45028
0.974958 -0.0205655 -0.221435 -1.61509 0.0155814 0.999585 -0.0242316 -0.158931 0.221841 0.0201745 0.974874 8.95526
0.973338 -0.0168591 -0.228754 -1.81106 0.0102137 0.999492 -0.0302034 -0.153534 0.229147 0.0270617 0.973016 9.5266
0.971365 -0.013813 -0.23719 -1.96777 0.00601818 0.999419 -0.0335558 -0.169381 0.237516 0.0311675 0.970883 10.078
0.969325 -0.0159998 -0.245262 -2.11675 0.00749044 0.999339 -0.0355887 -0.19405 0.245669 0.0326599 0.968803 10.6266
0.966792 -0.0192271 -0.25484 -2.26419 0.00992073 0.999238 -0.0377539 -0.219593 0.255372 0.033972 0.966246 11.2299
0.964321 -0.0191092 -0.264046 -2.43053 0.00872613 0.999144 -0.0404402 -0.244267 0.264593 0.0366932 0.963662 11.8365
0.961928 -0.0180896 -0.272702 -2.59971 0.00630559 0.99901 -0.0440266 -0.272857 0.273229 0.0406308 0.961091 12.4279
0.959464 -0.0192236 -0.281174 -2.77208 0.00565868 0.998784 -0.0489764 -0.30665 0.281773 0.0454001 0.958406 13.0333
0.957932 -0.0206839 -0.28625 -2.96663 0.00458729 0.998376 -0.0567895 -0.342175 0.28696 0.0530874 0.956471 13.6333
0.95652 -0.02178 -0.290851 -3.15558 0.00303299 0.997897 -0.0647514 -0.38373 0.29165 0.0610539 0.954575 14.2591
0.955177 -0.0218585 -0.295228 -3.35121 0.000173653 0.997311 -0.0732783 -0.430959 0.296036 0.0699425 0.952612 14.8917
0.953836 -0.0210448 -0.299588 -3.5661 -0.00375137 0.996629 -0.0819524 -0.485817 0.300303 0.0792931 0.950542 15.5471
0.952429 -0.0207244 -0.304053 -3.78226 -0.00670018 0.99602 -0.0888771 -0.546303 0.304685 0.0866864 0.9485 16.2036
0.950345 -0.0191276 -0.310611 -4 -0.011196 0.995362 -0.0955501 -0.609305 0.310997 0.0942832 0.945723 16.9058
0.948785 -0.0177326 -0.315424 -4.23931 -0.0152054 0.994703 -0.101658 -0.678019 0.315556 0.101247 0.94349 17.5891
0.94701 -0.0157427 -0.320818 -4.47453 -0.0197515 0.994054 -0.107082 -0.753515 0.320596 0.107745 0.941068 18.27
0.94529 -0.0127885 -0.325979 -4.74268 -0.0247995 0.993523 -0.110892 -0.826218 0.325286 0.112909 0.938851 18.9926
0.943651 -0.0122684 -0.330715 -5.01805 -0.0266498 0.99325 -0.112888 -0.902649 0.329868 0.11534 0.936954 19.7106
0.941784 -0.0121744 -0.335998 -5.29923 -0.02737 0.993251 -0.112706 -0.984688 0.335102 0.115341 0.935095 20.43
0.939784 -0.012275 -0.341548 -5.5866 -0.0275702 0.993375 -0.111562 -1.06941 0.340655 0.114261 0.93322 21.1528
0.937197 -0.0125689 -0.348572 -5.85674 -0.0275358 0.993565 -0.109861 -1.16039 0.34771 0.11256 0.930821 21.8789
0.933976 -0.0120522 -0.357133 -6.15155 -0.0281404 0.993846 -0.107133 -1.24889 0.356226 0.110109 0.927889 22.6307
0.930502 -0.0100231 -0.366148 -6.45549 -0.0293399 0.994374 -0.101783 -1.3353 0.365108 0.105452 0.924973 23.4057
0.926824 -0.00664276 -0.375436 -6.7592 -0.03189 0.994839 -0.0963279 -1.42702 0.374138 0.101252 0.921829 24.15
0.92309 -0.00276648 -0.384574 -7.09399 -0.0354596 0.995102 -0.092272 -1.51319 0.382945 0.0988122 0.918471 24.9304
0.919173 -0.00162389 -0.393849 -7.44331 -0.0371835 0.995167 -0.090883 -1.59116 0.392093 0.0981819 0.914671 25.7207
0.915094 -0.00171287 -0.403236 -7.79151 -0.0380381 0.995165 -0.09055 -1.66847 0.401442 0.0982001 0.910605 26.4925
0.911362 -0.00172723 -0.411601 -8.13468 -0.0384238 0.995267 -0.0892542 -1.74989 0.409807 0.0971582 0.906983 27.2405
0.908084 -6.68818e-05 -0.418787 -8.51136 -0.0405223 0.995293 -0.0880263 -1.82928 0.416822 0.0969056 0.903808 27.995
0.903631 -0.00177674 -0.428309 -8.90648 -0.0387487 0.995552 -0.0858806 -1.90538 0.426556 0.0942008 0.899542 28.8374
0.899621 -0.00138771 -0.436669 -9.29153 -0.0382923 0.995892 -0.0820544 -1.98212 0.434988 0.090539 0.895872 29.6365
0.895639 0.00108957 -0.444781 -9.69549 -0.0393439 0.996271 -0.0767848 -2.05764 0.443039 0.0862709 0.892342 30.4452
0.891442 0.00145875 -0.453133 -10.1701 -0.0389472 0.996541 -0.0734122 -2.13114 0.451459 0.083091 0.888415 31.3174
0.887237 -0.000942018 -0.461314 -10.5893 -0.0360806 0.996793 -0.0714286 -2.19965 0.459901 0.0800185 0.884357 32.1478
0.88366 -0.00210893 -0.468124 -11.0036 -0.0347501 0.996935 -0.0700878 -2.27096 0.466837 0.0782012 0.880879 32.9619
0.880159 -0.00238342 -0.474672 -11.4336 -0.0339399 0.997112 -0.0679396 -2.3399 0.473463 0.075908 0.877537 33.788
0.877108 -0.00423677 -0.480274 -11.872 -0.0316643 0.997275 -0.066625 -2.40829 0.479247 0.0736449 0.874585 34.6145
0.874605 -0.00624827 -0.484795 -12.366 -0.0298249 0.99733 -0.0666604 -2.47651 0.483917 0.0727605 0.872084 35.4707
0.872284 -0.00725598 -0.488946 -12.8389 -0.0294831 0.99729 -0.0673981 -2.54689 0.48811 0.0732059 0.869707 36.3255
0.871005 -0.00732669 -0.491219 -13.3394 -0.0298053 0.997259 -0.0677238 -2.61801 0.490368 0.0736288 0.868399 37.1927
0.870453 -0.00774892 -0.49219 -13.8517 -0.0289904 0.997333 -0.0669723 -2.68695 0.491396 0.0725651 0.867908 38.0805
0.870257 -0.00785117 -0.492535 -14.3716 -0.0281637 0.997444 -0.0656619 -2.75688 0.491792 0.0710143 0.867812 38.9826
0.870054 -0.0093879 -0.492867 -14.8919 -0.0264355 0.997491 -0.0656661 -2.82698 0.492247 0.0701622 0.867623 39.8845
0.869667 -0.0114233 -0.493507 -15.4124 -0.0248242 0.997455 -0.066834 -2.89887 0.493015 0.0703743 0.86717 40.7852
0.868639 -0.0139427 -0.495249 -15.9536 -0.0224384 0.997471 -0.0674373 -2.97429 0.494937 0.0696912 0.86613 41.71
0.867213 -0.0139811 -0.49774 -16.4975 -0.0217736 0.997585 -0.0659575 -3.04798 0.49746 0.0680369 0.864814 42.6335
0.865098 -0.0135804 -0.501419 -17.0307 -0.0203441 0.997861 -0.0621258 -3.12381 0.50119 0.0639459 0.862971 43.5548
0.862188 -0.0139586 -0.506396 -17.5756 -0.0182252 0.998118 -0.0585427 -3.19823 0.50626 0.059704 0.860311 44.4784
0.857845 -0.0145213 -0.513704 -18.1227 -0.0171027 0.99824 -0.0567784 -3.27482 0.513624 0.0574929 0.856087 45.4057
0.852534 -0.0181473 -0.522356 -18.6908 -0.0148446 0.998153 -0.0589048 -3.35446 0.52246 0.0579726 0.850691 46.3227
0.846846 -0.0215712 -0.531401 -19.2612 -0.0135538 0.997977 -0.0621103 -3.43346 0.531665 0.0598004 0.844841 47.203
0.842066 -0.0216158 -0.538941 -19.8909 -0.013791 0.998007 -0.0615758 -3.50874 0.539197 0.0592835 0.84009 48.0818
0.83734 -0.0181791 -0.54638 -20.5121 -0.0150909 0.998297 -0.0563423 -3.58484 0.546474 0.0554231 0.83564 48.9555
0.832605 -0.0134432 -0.553703 -21.1298 -0.0182907 0.998492 -0.0517459 -3.66051 0.553564 0.0532116 0.831105 49.8454
0.828927 -0.0132213 -0.5592 -21.7301 -0.0197646 0.998404 -0.0529034 -3.73673 0.559007 0.0549054 0.827343 50.7091
0.824732 -0.0151498 -0.56532 -22.3244 -0.0203648 0.998197 -0.0564601 -3.81755 0.565156 0.0580772 0.822937 51.5948
0.823621 -0.0171845 -0.56688 -23.0038 -0.0231399 0.99769 -0.0638643 -3.88751 0.566667 0.0657176 0.821321 52.4675
0.819738 -0.018134 -0.572451 -23.5977 -0.0229883 0.997651 -0.0645223 -3.97741 0.572276 0.0660511 0.817397 53.3314
0.81607 -0.0165297 -0.577716 -24.2141 -0.0225336 0.99792 -0.0603833 -4.06025 0.577513 0.0622951 0.814001 54.2012
0.813952 -0.0138769 -0.580765 -24.8811 -0.0227274 0.998188 -0.0557037 -4.13007 0.580486 0.0585395 0.812163 55.0754
0.811849 -0.0120868 -0.583743 -25.5416 -0.0235109 0.998297 -0.0533687 -4.19482 0.583394 0.0570516 0.810183 55.9223
0.809686 -0.0117718 -0.586746 -26.2129 -0.0245549 0.998243 -0.0539124 -4.26387 0.586349 0.0580596 0.807975 56.7846
0.806587 -0.0130215 -0.590972 -26.8623 -0.024614 0.99815 -0.0555875 -4.33514 0.590603 0.0593824 0.804775 57.6453
0.801956 -0.0154384 -0.597183 -27.4766 -0.0237401 0.998052 -0.0576822 -4.41584 0.596911 0.0604358 0.800028 58.5111
0.797661 -0.0167132 -0.602874 -28.1278 -0.0229806 0.998047 -0.058074 -4.48999 0.602668 0.0601779 0.79572 59.376
0.792849 -0.0169623 -0.609182 -28.8135 -0.0223902 0.998126 -0.0569331 -4.56912 0.609006 0.0587792 0.790984 60.2619
0.78767 -0.0166293 -0.615873 -29.5037 -0.0227131 0.998172 -0.0560006 -4.64702 0.615679 0.0580984 0.785853 61.1428
0.782317 -0.0180658 -0.622618 -30.2035 -0.0224878 0.998108 -0.0572168 -4.72128 0.622474 0.058763 0.780431 62.0097
0.77671 -0.0194696 -0.629557 -30.9005 -0.0216338 0.998107 -0.0575578 -4.80214 0.629487 0.0583255 0.774819 62.8696
0.770991 -0.0209051 -0.636503 -31.5902 -0.0210693 0.998076 -0.0583016 -4.88037 0.636498 0.0583607 0.769068 63.7092
0.765249 -0.0224486 -0.643342 -32.2982 -0.0203552 0.998048 -0.0590379 -4.95975 0.643412 0.0582741 0.763299 64.5517
0.758781 -0.0247457 -0.650875 -33.0195 -0.0190057 0.998011 -0.0601002 -5.03769 0.651068 0.0579733 0.756802 65.4014
0.752554 -0.0260408 -0.658015 -33.76 -0.0180725 0.998024 -0.0601657 -5.11542 0.658282 0.05717 0.750597 66.2451
0.746121 -0.0261219 -0.665297 -34.5087 -0.0173322 0.998129 -0.0586279 -5.19139 0.665584 0.0552747 0.744273 67.0817
0.739298 -0.0264877 -0.672857 -35.2486 -0.0167134 0.998196 -0.0576589 -5.27321 0.673171 0.0538729 0.737522 67.91
0.732624 -0.0288874 -0.68002 -36.0469 -0.0148707 0.998181 -0.0584239 -5.34879 0.680471 0.0529151 0.730862 68.7501
0.725964 -0.030608 -0.687051 -36.8526 -0.0149238 0.998072 -0.0602331 -5.42647 0.687571 0.0539805 0.724108 69.5819
0.719718 -0.0301499 -0.693611 -37.6657 -0.0162531 0.998051 -0.0602482 -5.50401 0.694076 0.0546351 0.717826 70.4064
0.714271 -0.029558 -0.699245 -38.4229 -0.0174749 0.998043 -0.060039 -5.5784 0.699651 0.0551034 0.712357 71.1948
0.709294 -0.0290182 -0.704315 -39.1845 -0.0191587 0.997989 -0.0604119 -5.6541 0.704653 0.0563435 0.707312 71.9772
0.704026 -0.0290699 -0.709579 -39.928 -0.0208349 0.997886 -0.061553 -5.7419 0.709869 0.0581189 0.701932 72.761
0.698066 -0.0306218 -0.715378 -40.7108 -0.0218172 0.997711 -0.0639964 -5.83266 0.715701 0.0602814 0.695801 73.5599
0.692442 -0.0332397 -0.720707 -41.5556 -0.0214694 0.997546 -0.0666352 -5.91808 0.721154 0.0616142 0.69003 74.3737
0.687103 -0.033651 -0.72578 -42.3804 -0.0220472 0.997501 -0.0671216 -6.0084 0.726226 0.0621209 0.684644 75.1648
0.682078 -0.033193 -0.730525 -43.2335 -0.0216007 0.997618 -0.0654971 -6.09863 0.73096 0.0604541 0.679737 75.9577
0.676914 -0.0330698 -0.735319 -44.0922 -0.0216041 0.997667 -0.0647566 -6.18791 0.735745 0.0597206 0.67462 76.7449
0.671526 -0.0343153 -0.740185 -44.933 -0.0206566 0.997671 -0.0649929 -6.27786 0.740693 0.0589342 0.669254 77.5267
0.666377 -0.0355702 -0.744766 -45.771 -0.0194426 0.997692 -0.0650463 -6.36807 0.745362 0.0578256 0.664148 78.3054
0.661378 -0.0361958 -0.749178 -46.6372 -0.0185997 0.997736 -0.0646246 -6.45978 0.749822 0.0566758 0.659208 79.0893
0.657432 -0.0370948 -0.7526 -47.5469 -0.0171647 0.997791 -0.0641742 -6.55242 0.753318 0.0551084 0.655344 79.869
0.653591 -0.0401803 -0.755781 -48.4699 -0.0142301 0.99776 -0.065351 -6.64278 0.756715 0.0534677 0.651555 80.6511
0.649115 -0.0452207 -0.759345 -49.3826 -0.0104852 0.997604 -0.0683728 -6.73599 0.760618 0.0523437 0.647086 81.433
0.644196 -0.0492549 -0.763272 -50.3091 -0.00648243 0.997536 -0.0698434 -6.82888 0.764833 0.0499408 0.64229 82.2111
0.637491 -0.0530601 -0.768628 -51.2422 -0.00153146 0.997536 -0.0701323 -6.92214 0.770456 0.0458859 0.63584 82.9813
0.629243 -0.0567984 -0.775131 -52.1907 0.00263467 0.997476 -0.0709521 -7.01702 0.777205 0.0426039 0.627804 83.7442
0.620326 -0.0579924 -0.782197 -53.1478 0.00534359 0.997552 -0.069721 -7.1104 0.784326 0.03907 0.619117 84.4967
0.611548 -0.0568209 -0.789164 -54.1549 0.00560477 0.997703 -0.0674927 -7.20016 0.791188 0.036852 0.610462 85.256
0.602615 -0.0566114 -0.796022 -55.1307 0.00481815 0.99772 -0.0673083 -7.29622 0.798018 0.0367256 0.601514 85.9855
0.593285 -0.0578543 -0.802911 -56.115 0.00408281 0.997617 -0.0688671 -7.39425 0.804983 0.0375797 0.592107 86.7035
0.583285 -0.0599329 -0.810053 -57.1317 0.00447176 0.997496 -0.0705812 -7.49634 0.812255 0.0375466 0.582093 87.4268
0.573532 -0.0615122 -0.81687 -58.1569 0.00496385 0.997419 -0.0716228 -7.59968 0.819168 0.0370231 0.572357 88.1379
0.563709 -0.0623131 -0.823619 -59.1905 0.00776236 0.997505 -0.0701562 -7.70102 0.825937 0.0331545 0.562787 88.8371
0.553718 -0.06261 -0.830347 -60.2309 0.00894138 0.997558 -0.0692555 -7.80064 0.832657 0.0309235 0.552925 89.5241
0.543616 -0.0632609 -0.836947 -61.2652 0.00854088 0.99752 -0.0698504 -7.90014 0.839291 0.0308235 0.542808 90.1993
0.533445 -0.0641378 -0.843399 -62.3204 0.00757823 0.997443 -0.0710591 -8.0017 0.845801 0.0315147 0.532567 90.8656
0.523474 -0.0644984 -0.849597 -63.3875 0.0053787 0.99736 -0.0724021 -8.10471 0.852025 0.0333309 0.522439 91.5216
0.513555 -0.0655702 -0.855548 -64.4625 0.00433916 0.997261 -0.0738267 -8.21014 0.858046 0.0342017 0.512433 92.166
0.503757 -0.0654357 -0.861364 -65.5344 0.00327962 0.997264 -0.0738418 -8.31505 0.86384 0.0343733 0.502593 92.8046
0.494707 -0.0634059 -0.866744 -66.6346 0.00236991 0.997429 -0.0716135 -8.41823 0.869057 0.0333736 0.493586 93.4379
0.486409 -0.0621482 -0.871518 -67.7409 0.00304753 0.997581 -0.069437 -8.51881 0.873726 0.0311188 0.485421 94.0607
0.478314 -0.062548 -0.875959 -68.8519 0.00318588 0.997577 -0.0694926 -8.62075 0.878183 0.0304485 0.477354 94.6727
0.470644 -0.0657145 -0.879872 -69.9916 0.00476397 0.997397 -0.0719438 -8.72492 0.88231 0.0296682 0.469732 95.2775
0.463801 -0.0691262 -0.883239 -71.1345 0.00761907 0.997225 -0.0740465 -8.83258 0.885907 0.0276134 0.46304 95.8723
0.457637 -0.0719271 -0.886225 -72.2806 0.00872428 0.997037 -0.0764157 -8.94311 0.889096 0.0272389 0.456909 96.4607
0.452189 -0.0754682 -0.888723 -73.4268 0.0104801 0.996794 -0.079313 -9.05677 0.89186 0.0265506 0.451531 97.0382
0.447132 -0.0764825 -0.891192 -74.5661 0.0126781 0.996779 -0.0791831 -9.17027 0.894378 0.0241067 0.446662 97.6151
0.442572 -0.0745242 -0.893631 -75.7087 0.0146386 0.997008 -0.0758956 -9.27935 0.896614 0.0205077 0.442338 98.1866
0.438347 -0.0729382 -0.895842 -76.8394 0.0178194 0.997211 -0.0724723 -9.39021 0.898629 0.0158046 0.438424 98.7546
0.434863 -0.0723676 -0.897584 -77.9932 0.0195544 0.997289 -0.0709326 -9.50236 0.900284 0.0132943 0.4351 99.3111
0.432089 -0.0722142 -0.898935 -79.1209 0.0212996 0.997327 -0.0698804 -9.61236 0.901579 0.0110476 0.432472 99.853
0.429213 -0.0713839 -0.900378 -80.2591 0.0233935 0.997415 -0.0679256 -9.71978 0.9029 0.00809151 0.429774 100.397
0.427139 -0.0707189 -0.901416 -81.3746 0.0248477 0.997478 -0.0664811 -9.82187 0.903844 0.00599854 0.427819 100.927
0.42583 -0.0717588 -0.901953 -82.5048 0.0273431 0.997415 -0.0664445 -9.92558 0.90439 0.0036319 0.426692 101.445
0.423782 -0.0723292 -0.902872 -83.624 0.0300346 0.99738 -0.0658029 -10.0249 0.905266 0.000768678 0.424844 101.964
0.421812 -0.071915 -0.903827 -84.7236 0.0326145 0.997407 -0.06414 -10.1211 0.906097 -0.00242293 0.423063 102.476
0.420593 -0.0722961 -0.904364 -85.8757 0.0339652 0.997375 -0.0639354 -10.2044 0.906614 -0.0038262 0.421944 102.981
0.41917 -0.0746525 -0.904833 -87.0225 0.0377328 0.997184 -0.064792 -10.2914 0.907124 -0.0069831 0.420806 103.485
0.417973 -0.0766858 -0.905217 -88.1425 0.0394104 0.997023 -0.066266 -10.3825 0.907604 -0.00797761 0.419751 103.987
0.416942 -0.0786652 -0.905523 -89.2302 0.0396803 0.996873 -0.0683306 -10.4734 0.908067 -0.00744158 0.418759 104.491
0.416316 -0.0803049 -0.905667 -90.3118 0.0404057 0.996741 -0.0698068 -10.5651 0.908322 -0.00753246 0.418204 104.994
0.417306 -0.080793 -0.905167 -91.3929 0.0392988 0.996712 -0.0708463 -10.6577 0.907916 -0.00600746 0.419109 105.498
0.420604 -0.081809 -0.903548 -92.4053 0.0387815 0.996636 -0.0721845 -10.75 0.906416 -0.00467997 0.422362 105.991
0.426088 -0.0823725 -0.900924 -93.4521 0.0376756 0.996597 -0.0733016 -10.8505 0.903897 -0.00270992 0.427742 106.465
0.432304 -0.0828378 -0.897915 -94.5182 0.0382636 0.996559 -0.0735162 -10.9491 0.900916 -0.00257619 0.433986 106.949
0.439691 -0.081827 -0.894414 -95.5436 0.0371461 0.996645 -0.072919 -11.0449 0.897381 -0.00116224 0.441255 107.435
0.447732 -0.0811931 -0.890474 -96.5423 0.0367698 0.996698 -0.0723907 -11.1388 0.893412 -0.000330976 0.449239 107.928
0.457009 -0.081396 -0.88573 -97.5723 0.0372173 0.996681 -0.0723891 -11.2295 0.888684 0.000117941 0.458521 108.431
0.46506 -0.0807345 -0.88159 -98.5169 0.0369523 0.996734 -0.0717861 -11.3301 0.884508 0.000808045 0.466525 108.96
0.474259 -0.0814938 -0.876605 -99.4746 0.0365881 0.99667 -0.0728609 -11.4282 0.879625 0.00248163 0.475662 109.488
0.484953 -0.0829695 -0.870595 -100.457 0.0348991 0.996532 -0.0755315 -11.5243 0.873844 0.00624621 0.486167 110.014
0.496915 -0.0837282 -0.863751 -101.418 0.0335101 0.996443 -0.0773126 -11.6236 0.867152 0.00947343 0.497953 110.547
0.507025 -0.0816356 -0.858057 -102.303 0.0311781 0.996589 -0.0763926 -11.7229 0.861368 0.0119803 0.507841 111.117
0.518213 -0.0788495 -0.851609 -103.198 0.029437 0.996795 -0.0743793 -11.8204 0.854745 0.0134754 0.518873 111.703
0.528781 -0.0764411 -0.845309 -104.095 0.0284947 0.996973 -0.0723312 -11.9166 0.84828 0.0141605 0.529358 112.3
0.538977 -0.0761406 -0.838872 -104.958 0.0289155 0.996991 -0.0719141 -12.01 0.841825 0.0145036 0.539557 112.89
0.549414 -0.0770826 -0.831987 -105.865 0.0290306 0.996894 -0.0731904 -12.0996 0.835046 0.0160587 0.549946 113.506
0.560273 -0.0784493 -0.824585 -106.782 0.0293771 0.99676 -0.0748692 -12.1915 0.827787 0.0177233 0.560762 114.119
0.570267 -0.0811959 -0.817436 -107.656 0.0322273 0.996547 -0.0765044 -12.2767 0.820827 0.0172842 0.570916 114.743
0.580664 -0.0815302 -0.81005 -108.511 0.0331408 0.996514 -0.0765415 -12.3682 0.813469 0.0175992 0.581343 115.361
0.58969 -0.079341 -0.803723 -109.325 0.0325304 0.996688 -0.0745225 -12.4626 0.806975 0.0177997 0.590318 115.999
0.598442 -0.0769252 -0.797464 -110.078 0.0333864 0.996908 -0.0711099 -12.5512 0.80047 0.0159307 0.599161 116.645
0.609599 -0.0753118 -0.789124 -110.877 0.0322808 0.997008 -0.0702148 -12.6351 0.792053 0.0173293 0.610207 117.228
0.620326 -0.0744706 -0.780801 -111.686 0.0300287 0.997006 -0.0712348 -12.726 0.783769 0.0207424 0.620706 117.841
0.630284 -0.0740005 -0.77283 -112.483 0.0288931 0.996992 -0.0719009 -12.8184 0.775827 0.0229885 0.630527 118.465
0.640178 -0.0729213 -0.764757 -113.273 0.0282182 0.997044 -0.0714489 -12.9103 0.767708 0.02416 0.640344 119.1
0.649223 -0.0709515 -0.757281 -114.026 0.0287439 0.997216 -0.0687893 -12.9989 0.760055 0.0228924 0.649456 119.744
0.657479 -0.0688931 -0.750317 -114.757 0.0289965 0.997386 -0.06617 -13.0862 0.752915 0.0217488 0.657758 120.397
0.66496 -0.068364 -0.743743 -115.463 0.0299201 0.99744 -0.0649329 -13.1712 0.74628 0.020925 0.665304 121.05
0.67213 -0.0675182 -0.737348 -116.175 0.0292803 0.997477 -0.0646476 -13.2536 0.739854 0.0218619 0.672413 121.713
0.678901 -0.066739 -0.73119 -116.873 0.0292965 0.997529 -0.0638476 -13.3322 0.733645 0.0219249 0.679179 122.381
0.685872 -0.0640386 -0.724899 -117.551 0.0289263 0.997731 -0.0607721 -13.4112 0.727147 0.0207133 0.68617 123.033
0.692917 -0.0613446 -0.718402 -118.22 0.0285674 0.997926 -0.0576593 -13.4875 0.720451 0.0194303 0.693234 123.692
0.699744 -0.0600007 -0.711869 -118.868 0.0282254 0.99801 -0.0563738 -13.5593 0.713836 0.0193544 0.700045 124.352
0.707101 -0.0594681 -0.704607 -119.513 0.0279987 0.998029 -0.0561349 -13.6246 0.706558 0.019965 0.707374 125.007
0.714913 -0.0570713 -0.69688 -120.147 0.0263927 0.998155 -0.0546688 -13.6892 0.698716 0.0206909 0.7151 125.662
0.723855 -0.0546788 -0.687781 -120.769 0.0266063 0.998324 -0.0513654 -13.751 0.689439 0.0188818 0.724098 126.32
0.733444 -0.0511487 -0.677823 -121.358 0.0256443 0.998536 -0.0476012 -13.8123 0.679266 0.0175305 0.733683 126.96
0.743863 -0.0494532 -0.666499 -121.946 0.0247828 0.998613 -0.0464361 -13.8662 0.667872 0.0180243 0.744058 127.612
0.75432 -0.0487456 -0.654695 -122.519 0.0235646 0.998606 -0.0472013 -13.9162 0.656084 0.0201773 0.754418 128.259
0.764564 -0.0498898 -0.642614 -123.061 0.0240944 0.998514 -0.0488536 -13.9685 0.644098 0.0218683 0.764631 128.908
0.775113 -0.0488632 -0.62993 -123.588 0.023901 0.998558 -0.048048 -14.0216 0.631371 0.0221867 0.775164 129.562
0.785672 -0.0469936 -0.616855 -124.109 0.0235899 0.99866 -0.0460348 -14.0739 0.618193 0.0216167 0.785729 130.229
0.796116 -0.044548 -0.603502 -124.619 0.0233887 0.998806 -0.0428743 -14.1229 0.604692 0.0200178 0.796208 130.904
0.806177 -0.0428845 -0.590118 -125.125 0.0237321 0.99891 -0.0401708 -14.171 0.591199 0.01838 0.806317 131.591
0.815678 -0.0413915 -0.577022 -125.633 0.0244759 0.999012 -0.0370631 -14.2166 0.577987 0.0161084 0.815887 132.298
0.824225 -0.0404408 -0.564816 -126.13 0.0251809 0.999076 -0.0347879 -14.2601 0.565702 0.0144505 0.824483 133.012
0.831573 -0.0409715 -0.553901 -126.603 0.0270752 0.999079 -0.0332529 -14.3009 0.554754 0.0126553 0.831918 133.723
0.838317 -0.0411538 -0.543627 -127.076 0.0278815 0.999077 -0.0326369 -14.3411 0.54447 0.0122029 0.838692 134.453
0.845102 -0.0406394 -0.533058 -127.539 0.0276635 0.999094 -0.0323119 -14.3811 0.533889 0.0125606 0.845461 135.189
0.851915 -0.0384479 -0.522267 -127.995 0.026003 0.999176 -0.031141 -14.4198 0.523034 0.012949 0.852213 135.931
0.858347 -0.0373936 -0.511704 -128.438 0.0253718 0.999213 -0.0304598 -14.4572 0.512441 0.0131622 0.858622 136.68
0.864297 -0.0381962 -0.501529 -128.872 0.0266126 0.999187 -0.0302357 -14.4942 0.502277 0.0127856 0.864612 137.434
0.86945 -0.0398677 -0.49241 -129.296 0.0282111 0.999117 -0.0310806 -14.5297 0.493215 0.0131316 0.869808 138.194
0.873834 -0.0407456 -0.484514 -129.716 0.0292314 0.999081 -0.0312989 -14.5646 0.485345 0.013187 0.874223 138.961
0.877065 -0.0406548 -0.478647 -130.14 0.0296788 0.999093 -0.0304772 -14.5962 0.479453 0.0125248 0.877478 139.754
0.880201 -0.0388789 -0.473006 -130.55 0.0295757 0.999194 -0.0270928 -14.629 0.473679 0.00985758 0.880643 140.542
0.883311 -0.0349052 -0.467486 -130.964 0.0274939 0.999364 -0.0226689 -14.6629 0.467981 0.00717067 0.88371 141.344
0.886741 -0.0325264 -0.46112 -131.376 0.0265376 0.999457 -0.0194675 -14.6965 0.461503 0.00502557 0.887124 142.15
0.890039 -0.0299036 -0.454901 -131.809 0.024675 0.999542 -0.0174285 -14.7158 0.455215 0.00428735 0.890371 142.999
0.893546 -0.027792 -0.44811 -132.239 0.0233485 0.999607 -0.0154385 -14.7352 0.448364 0.00333226 0.893845 143.846
0.896873 -0.0261739 -0.441513 -132.667 0.0228541 0.999655 -0.012837 -14.7542 0.441697 0.00142277 0.897163 144.718
0.900493 -0.0261814 -0.434081 -133.085 0.0238618 0.999656 -0.010793 -14.7742 0.434215 -0.000638905 0.900809 145.581
0.9044 -0.0261631 -0.425882 -133.507 0.0243276 0.999655 -0.00974974 -14.7949 0.425991 -0.00154306 0.904726 146.459
0.908543 -0.0267554 -0.416934 -133.919 0.0250586 0.999639 -0.00954363 -14.8155 0.417039 -0.001777 0.908887 147.342
0.913031 -0.0289387 -0.406861 -134.335 0.0272119 0.999578 -0.0100311 -14.8365 0.40698 -0.00191272 0.913435 148.237
0.917886 -0.0304071 -0.395676 -134.743 0.0284542 0.999535 -0.0108051 -14.8585 0.395822 -0.00134081 0.918327 149.136
0.923388 -0.0311389 -0.382601 -135.172 0.0285003 0.999514 -0.0125638 -14.8835 0.382807 0.00069697 0.923828 150.069
0.929603 -0.0292104 -0.367404 -135.571 0.0263351 0.999569 -0.0128381 -14.9084 0.367621 0.00225873 0.929973 150.999
0.936283 -0.0256266 -0.350308 -135.961 0.0230445 0.999667 -0.0115383 -14.9272 0.350488 0.00273038 0.936563 151.971
0.943051 -0.0226061 -0.331877 -136.325 0.0209738 0.999743 -0.00850005 -14.9445 0.331985 0.00105525 0.943284 152.978
0.949697 -0.0187237 -0.312609 -136.659 0.0175554 0.999823 -0.0065518 -14.9625 0.312677 0.000734242 0.949859 153.998
0.955845 -0.0177325 -0.293335 -136.933 0.016743 0.999841 -0.00588416 -14.9736 0.293393 0.000713036 0.955992 155.012
0.961351 -0.0181987 -0.274723 -137.177 0.017577 0.999833 -0.00472511 -14.9716 0.274763 -0.000286324 0.961512 156.06
0.967039 -0.0179384 -0.253994 -137.439 0.0180916 0.999833 -0.00173301 -14.9879 0.253984 -0.0029193 0.967204 157.113
0.972551 -0.0165582 -0.2321 -137.705 0.0175662 0.999842 0.0022763 -14.9956 0.232026 -0.00629096 0.972689 158.206
0.977617 -0.0136787 -0.209946 -137.948 0.0153889 0.999859 0.00651416 -14.9979 0.209828 -0.00959923 0.977691 159.305
0.982124 -0.0117965 -0.187863 -138.166 0.0138676 0.999855 0.00971356 -14.9965 0.187722 -0.0121452 0.982147 160.431
0.985791 -0.0115352 -0.167582 -138.331 0.0133567 0.999862 0.0097464 -14.9913 0.167447 -0.0118463 0.98581 161.565
0.989019 -0.0124664 -0.147263 -138.476 0.0137733 0.999873 0.00785807 -14.994 0.147146 -0.0098001 0.989066 162.703
0.991767 -0.0127242 -0.12742 -138.626 0.013838 0.999872 0.00785928 -14.9955 0.127304 -0.00955785 0.991818 163.894
0.993898 -0.0149931 -0.109275 -138.718 0.0162269 0.999813 0.0104098 -14.9991 0.109099 -0.0121195 0.993957 165.063
0.995924 -0.0143359 -0.0890519 -138.832 0.0155105 0.9998 0.0125113 -14.9985 0.088855 -0.0138416 0.995949 166.265
0.997489 -0.0149274 -0.0692252 -138.908 0.0159555 0.999769 0.0143215 -14.9957 0.0689956 -0.0153901 0.997498 167.47
0.998687 -0.0125833 -0.0496643 -138.954 0.0133709 0.999788 0.0155569 -14.9922 0.0494583 -0.0162006 0.998645 168.672
0.99957 -0.0110301 -0.0271765 -139.034 0.0114781 0.999799 0.0163817 -14.9781 0.0269904 -0.0166866 0.999497 169.949
0.99994 -0.0093061 -0.0058149 -139.066 0.00939936 0.999823 0.0162136 -14.966 0.0056631 -0.0162673 0.999852 171.212
0.999874 -0.00957973 0.0126296 -139.033 0.00938325 0.999834 0.0155293 -14.9594 -0.0127762 -0.0154089 0.9998 172.466
0.999465 -0.010712 0.0309156 -138.986 0.0102907 0.999851 0.0137575 -14.9495 -0.0310583 -0.0134321 0.999427 173.766
0.998738 -0.00828287 0.0495472 -138.928 0.00769079 0.999896 0.0121297 -14.9503 -0.0496424 -0.0117334 0.998698 175.06
0.997609 -0.00822056 0.0686191 -138.846 0.00747855 0.999909 0.0110641 -14.9525 -0.0687039 -0.0105245 0.997582 176.353
0.996114 -0.00892514 0.087623 -138.74 0.00818771 0.999927 0.00877235 -14.9534 -0.0876948 -0.00802085 0.996115 177.661
0.994343 -0.00781651 0.10593 -138.598 0.00741467 0.999962 0.00418728 -14.9659 -0.105959 -0.00337818 0.994365 178.958
0.992219 -0.00644363 0.124342 -138.449 0.00669967 0.999975 -0.00164069 -14.9803 -0.124328 0.00246097 0.992238 180.287
0.990015 -0.00463072 0.140887 -138.257 0.00554773 0.999965 -0.00611635 -14.9978 -0.140854 0.00683688 0.990007 181.628
0.987536 -0.00318718 0.157362 -138.04 0.00480303 0.999938 -0.00988876 -15.0179 -0.157321 0.0105213 0.987492 182.975
0.984559 -0.00271604 0.17503 -137.802 0.00503623 0.999904 -0.0128128 -15.0502 -0.174978 0.0134964 0.98448 184.338
0.981395 -0.00376939 0.191965 -137.537 0.00622679 0.999905 -0.0121993 -15.0798 -0.191901 0.0131676 0.981326 185.703
0.978018 -0.00518909 0.208456 -137.236 0.00813443 0.999877 -0.0132743 -15.0993 -0.208362 0.0146782 0.977942 187.074
0.974527 -0.00643316 0.22418 -136.92 0.0107694 0.999776 -0.018125 -15.1289 -0.224013 0.0200776 0.97438 188.396
0.97046 -0.00582025 0.241192 -136.602 0.0112352 0.999713 -0.0210813 -15.1806 -0.241 0.0231684 0.970249 189.753
0.966311 -0.00247323 0.257366 -136.244 0.00796121 0.999761 -0.0202835 -15.2295 -0.257255 0.0216492 0.966101 191.136
0.96154 -0.00224744 0.274655 -135.857 0.00793954 0.999775 -0.0196144 -15.2769 -0.274549 0.0210407 0.961343 192.518
0.956286 0.000795331 0.292434 -135.461 0.00568449 0.999755 -0.0213076 -15.3281 -0.29238 0.0220385 0.956049 193.893
0.950691 0.0011537 0.310139 -135.042 0.00671223 0.999681 -0.024294 -15.3789 -0.310068 0.0251779 0.950381 195.251
0.944999 0.00672473 0.327006 -134.611 0.00157711 0.999682 -0.0251154 -15.4216 -0.327071 0.0242498 0.944689 196.595
0.938859 -0.00301497 0.344289 -134.104 0.0151044 0.999358 -0.0324372 -15.4851 -0.34397 0.0356542 0.938304 197.966
0.931731 -0.00206996 0.363143 -133.56 0.0168034 0.999157 -0.0374176 -15.55 -0.36276 0.0409653 0.930982 199.356
0.923498 0.00312014 0.383591 -132.979 0.0132555 0.999109 -0.0400393 -15.6068 -0.383375 0.042061 0.922635 200.756
0.913524 0.00795317 0.406707 -132.368 0.00928714 0.999139 -0.0403983 -15.6674 -0.406679 0.040682 0.912665 202.139
0.902245 0.0144577 0.430983 -131.722 0.00410314 0.999103 -0.0421053 -15.7346 -0.431206 0.0397577 0.901378 203.503
0.889909 0.0176411 0.455798 -131.039 0.00301263 0.999001 -0.0445469 -15.8041 -0.456129 0.0410159 0.888968 204.848
0.87722 0.0207518 0.479641 -130.314 0.00203125 0.998894 -0.0469323 -15.8713 -0.480085 0.0421442 0.876209 206.166
0.863978 0.0201023 0.503129 -129.551 0.00471904 0.998834 -0.0480114 -15.9563 -0.503509 0.0438551 0.862877 207.5
0.84948 0.0223037 0.527151 -128.746 0.00495686 0.998723 -0.0502435 -16.031 -0.527599 0.0452939 0.848286 208.862
0.834503 0.025752 0.550402 -127.909 0.00456797 0.998548 -0.0536453 -16.1267 -0.550986 0.0472814 0.833175 210.182
0.819413 0.0273381 0.572552 -127.034 0.00732434 0.998279 -0.0581479 -16.2216 -0.573158 0.0518407 0.817804 211.51
0.804878 0.029083 0.592728 -126.139 0.00901895 0.998082 -0.0612192 -16.3111 -0.593373 0.0546198 0.803073 212.745
0.790506 0.0297448 0.611732 -125.213 0.012246 0.997851 -0.064344 -16.4059 -0.612333 0.0583557 0.788444 213.958
0.776094 0.0306715 0.629871 -124.257 0.0135133 0.997777 -0.0652369 -16.5208 -0.630472 0.0591418 0.773956 215.162
0.762165 0.0308538 0.646648 -123.299 0.0152812 0.997726 -0.0656159 -16.6484 -0.647203 0.0598918 0.759962 216.306
0.748317 0.0307591 0.662628 -122.265 0.0182118 0.997593 -0.066875 -16.7766 -0.663092 0.0621114 0.745957 217.492
0.734673 0.0324038 0.677647 -121.2 0.0203911 0.997351 -0.0697985 -16.8971 -0.678115 0.0650972 0.732068 218.661
0.720846 0.0344889 0.692237 -120.105 0.0228827 0.997031 -0.0735027 -17.0227 -0.692718 0.0688244 0.717917 219.833
0.705274 0.0368804 0.707975 -119.028 0.0235097 0.996878 -0.07535 -17.1543 -0.708545 0.0697868 0.702206 220.949
0.690937 0.0376708 0.721933 -117.886 0.0243707 0.996858 -0.0753408 -17.2892 -0.722505 0.0696498 0.687849 222.041
0.674752 0.0398593 0.736968 -116.794 0.0227697 0.996939 -0.0747674 -17.4211 -0.737694 0.0672301 0.67178 223.096
0.658301 0.0414163 0.751615 -115.659 0.0204332 0.997132 -0.0728414 -17.5482 -0.752478 0.0633095 0.655568 224.12
0.64147 0.0434512 0.765917 -114.499 0.0172364 0.997325 -0.0710149 -17.6759 -0.766955 0.0587557 0.639006 225.126
0.625048 0.0456121 0.779253 -113.334 0.0146066 0.997431 -0.0700988 -17.8027 -0.78045 0.0551974 0.622777 226.072
0.609334 0.0484523 0.791432 -112.144 0.013957 0.99732 -0.0718025 -17.9323 -0.792792 0.0547978 0.607025 226.987
0.593816 0.0521563 0.802909 -110.946 0.0112816 0.997257 -0.0731247 -18.0669 -0.804522 0.0524808 0.591601 227.855
0.577212 0.0525008 0.814905 -109.746 0.0105664 0.997366 -0.0717403 -18.2022 -0.816526 0.05002 0.575138 228.677
0.559422 0.0517518 0.827266 -108.528 0.00891006 0.997614 -0.0684335 -18.3327 -0.828836 0.0456542 0.557627 229.471
0.542249 0.0500862 0.838724 -107.294 0.00804946 0.997864 -0.0647936 -18.4608 -0.84018 0.0418856 0.540689 230.219
0.523588 0.0488123 0.850572 -106.069 0.00646093 0.998099 -0.0612557 -18.5875 -0.851947 0.0375683 0.522279 230.952
0.505024 0.0475871 0.861793 -104.817 0.0066527 0.998233 -0.0590197 -18.7103 -0.86308 0.0355397 0.503816 231.681
0.484803 0.0470762 0.873356 -103.585 0.0062892 0.998335 -0.057304 -18.8336 -0.874601 0.0332739 0.483701 232.387
0.465286 0.0461503 0.883957 -102.361 0.00784877 0.998384 -0.0562557 -18.946 -0.885126 0.033113 0.464173 233.029
0.447399 0.046753 0.893112 -101.109 0.00915572 0.998339 -0.0568479 -19.0509 -0.894288 0.0336108 0.446229 233.63
0.429019 0.0460578 0.902121 -99.8668 0.0123512 0.998305 -0.0568423 -19.1566 -0.903212 0.0355287 0.427724 234.203
0.410897 0.044288 0.910606 -98.6209 0.0138414 0.998399 -0.0548037 -19.2548 -0.911577 0.0351228 0.409628 234.734
0.392088 0.0439677 0.918877 -97.3735 0.0144727 0.998437 -0.0539502 -19.3537 -0.919814 0.0344519 0.39084 235.263
0.372879 0.0481343 0.926631 -96.158 0.0138633 0.998251 -0.0574333 -19.4659 -0.927777 0.0342619 0.371561 235.777
0.355282 0.0567516 0.933035 -94.8984 0.0133589 0.997743 -0.0657743 -19.5754 -0.934664 0.0358328 0.353723 236.247
0.337586 0.064378 0.939091 -93.6351 0.010456 0.997339 -0.0721298 -19.6987 -0.941237 0.0341692 0.336015 236.691
0.319066 0.0683988 0.945261 -92.3727 0.00744832 0.997179 -0.0746696 -19.818 -0.947703 0.0308652 0.317658 237.13
0.300113 0.0698354 0.951344 -91.1225 0.00465614 0.997196 -0.07467 -19.9365 -0.953893 0.0268391 0.298948 237.539
0.281132 0.0704904 0.957077 -89.8837 0.000420202 0.997288 -0.0735753 -20.0516 -0.959669 0.0210865 0.280341 237.923
0.262451 0.0711455 0.962319 -88.6751 -0.00175498 0.99731 -0.0732538 -20.1678 -0.964944 0.0175367 0.261871 238.271
0.243945 0.0695178 0.967295 -87.4657 -0.002308 0.997465 -0.071104 -20.2844 -0.969787 0.0151129 0.243487 238.594
0.225734 0.0692204 0.971727 -86.2515 -0.00238126 0.997507 -0.0705036 -20.4003 -0.974186 0.0136012 0.225337 238.89
0.207593 0.0697239 0.975728 -85.0365 -0.00171232 0.997479 -0.0709139 -20.508 -0.978214 0.0130505 0.20719 239.161
0.189392 0.0734686 0.97915 -83.8174 -0.0057668 0.997261 -0.0737121 -20.6172 -0.981885 0.00831388 0.189297 239.411
0.171486 0.0753571 0.982301 -82.5911 -0.00555692 0.997127 -0.0755243 -20.7209 -0.985171 0.00749281 0.171413 239.636
0.154572 0.0729232 0.985287 -81.4234 -0.00673822 0.997325 -0.072757 -20.8295 -0.987959 0.00460711 0.154651 239.838
0.14095 0.0686699 0.987633 -80.2465 -0.00409391 0.997622 -0.0687801 -20.9322 -0.990009 0.00565126 0.140897 239.979
0.127421 0.0645081 0.989749 -79.0776 -0.00356902 0.997904 -0.0645801 -21.036 -0.991843 0.00469644 0.127385 240.132
0.115182 0.0609022 0.991476 -77.9122 -0.00216389 0.99813 -0.0610595 -21.1397 -0.993343 0.00488749 0.115099 240.273
0.105048 0.060727 0.992612 -76.7454 -0.00157282 0.998141 -0.0608988 -21.2433 -0.994467 0.00483605 0.104948 240.402
0.096096 0.0626288 0.9934 -75.671 -0.00220429 0.998028 -0.0627073 -21.3458 -0.99537 0.00383616 0.096045 240.539
0.0897995 0.064631 0.993861 -74.5318 -0.00341591 0.997904 -0.0645852 -21.4343 -0.995955 0.00240477 0.0898326 240.643
0.084125 0.0689264 0.994069 -73.4215 -0.00411655 0.997618 -0.0688241 -21.5305 -0.996447 0.00169767 0.0842088 240.745
0.0789871 0.0773252 0.993872 -72.3087 -0.00325773 0.997 -0.0773096 -21.6352 -0.996871 0.00286867 0.0790024 240.84
0.0743906 0.0795542 0.994051 -71.1957 -0.00540247 0.996828 -0.0793721 -21.7414 -0.997215 0.00053419 0.0745849 240.929
0.0707956 0.0715967 0.994918 -70.1191 -0.00455235 0.997432 -0.0714536 -21.8331 -0.997481 0.000529358 0.0709402 241.016
0.0677321 0.0621826 0.995764 -69.0574 -0.00344465 0.998063 -0.0620918 -21.9182 -0.997698 0.000775526 0.0678155 241.112
0.0657737 0.0586169 0.996112 -67.9952 -0.00282959 0.998278 -0.0585575 -21.9998 -0.997831 0.00103293 0.0658267 241.206
0.0650804 0.0605365 0.996042 -66.9321 -0.00395108 0.998164 -0.0604072 -22.0834 -0.997873 -4.14802e-06 0.0652005 241.298
0.065055 0.0635096 0.995859 -65.8941 -0.00359104 0.997979 -0.0634102 -22.1676 -0.997876 0.000548961 0.0651521 241.384
0.0665691 0.0659279 0.995602 -64.8515 -0.00574602 0.997822 -0.0656907 -22.2538 -0.997766 -0.0013478 0.0668034 241.467
0.0688158 0.0667453 0.995394 -63.8203 -0.00770077 0.997763 -0.0663717 -22.3389 -0.9976 -0.00309792 0.0691763 241.549
0.072375 0.0683891 0.99503 -62.7922 -0.00845211 0.997651 -0.0679543 -22.4235 -0.997342 -0.00349195 0.0727834 241.627
0.0764196 0.0695096 0.99465 -61.7743 -0.0104086 0.997566 -0.0689136 -22.5078 -0.997022 -0.00508657 0.0769575 241.713
0.0813288 0.0707877 0.994171 -60.7791 -0.0115113 0.997473 -0.0700811 -22.5915 -0.996622 -0.00574458 0.0819386 241.804
0.0879032 0.0699991 0.993667 -59.7515 -0.012411 0.997526 -0.0691729 -22.6716 -0.996052 -0.00625188 0.088555 241.897
0.0942218 0.0684862 0.993193 -58.7667 -0.0112024 0.997639 -0.06773 -22.7572 -0.995489 -0.00474456 0.094767 242.007
0.100704 0.0676792 0.992612 -57.7935 -0.00912533 0.997703 -0.0671004 -22.8391 -0.994875 -0.00230069 0.10109 242.125
0.108596 0.0683377 0.991735 -56.8012 -0.00749847 0.99766 -0.0679249 -22.9239 -0.994058 -6.01484e-05 0.108855 242.23
0.115889 0.0681821 0.99092 -55.7898 -0.00806936 0.997671 -0.0677028 -23.0041 -0.99323 -0.000150068 0.11617 242.351
0.122617 0.067029 0.990188 -54.8185 -0.0087814 0.997749 -0.0664533 -23.0859 -0.992416 -0.000546988 0.12293 242.478
0.129605 0.0651288 0.989425 -53.8233 -0.00912034 0.997875 -0.0644903 -23.1643 -0.991524 -0.000665621 0.129925 242.61
0.136409 0.0635598 0.988612 -52.8415 -0.00891214 0.997976 -0.0629321 -23.2426 -0.990613 -0.000226179 0.1367 242.751
0.143105 0.0639409 0.98764 -51.8664 -0.00863885 0.997952 -0.0633568 -23.3209 -0.989671 0.000534546 0.143365 242.9
0.150334 0.0659561 0.986433 -50.9036 -0.00753307 0.997818 -0.0655692 -23.3994 -0.988607 0.00242637 0.150503 243.048
0.157053 0.0672469 0.985298 -49.9391 -0.00690171 0.997728 -0.066995 -23.4769 -0.987567 0.00372151 0.157161 243.207
0.163655 0.0690922 0.984095 -48.9702 -0.00838364 0.997604 -0.0686464 -23.5564 -0.986483 0.00298403 0.163843 243.376
0.169728 0.0697473 0.98302 -48.0214 -0.0103868 0.997562 -0.0689856 -23.637 -0.985437 0.00149836 0.17004 243.556
0.176401 0.0694508 0.981865 -47.061 -0.0103377 0.997582 -0.0687052 -23.7155 -0.984265 0.00196939 0.176693 243.738
0.183233 0.0672217 0.980769 -46.0905 -0.0107856 0.997735 -0.0663695 -23.7937 -0.983011 0.00158287 0.183543 243.921
0.189806 0.0657412 0.979618 -45.1317 -0.0105743 0.997833 -0.0649147 -23.8705 -0.981765 0.0019624 0.190091 244.112
0.197028 0.0650082 0.97824 -44.2053 -0.0100238 0.997879 -0.0642943 -23.9477 -0.980347 0.00286205 0.197262 244.298
0.203733 0.066456 0.976769 -43.2661 -0.0100265 0.997781 -0.0657943 -24.0207 -0.978976 0.00361088 0.203948 244.503
0.210808 0.0666533 0.975253 -42.3314 -0.00736595 0.997751 -0.0665987 -24.0932 -0.9775 0.00685587 0.210826 244.71
0.218843 0.0685785 0.973347 -41.4052 -0.00629625 0.997604 -0.0688719 -24.1664 -0.97574 0.00894367 0.218751 244.93
0.227791 0.0709502 0.971122 -40.4818 -0.00567583 0.99742 -0.0715401 -24.2424 -0.973694 0.0107842 0.227606 245.159
0.237063 0.0722672 0.968803 -39.5505 -0.00548728 0.997311 -0.073051 -24.3196 -0.971479 0.0120016 0.236823 245.395
0.244523 0.0716653 0.966992 -38.621 -0.00695363 0.997367 -0.0721581 -24.3968 -0.969619 0.0109202 0.244378 245.637
