1 0 0 0 0 1 0 0 0 0 1 0
0.999902 -0.00535616 0.0129392 0.0871516 0.00532516 0.999983 0.00242863 0.0159975 -0.012952 -0.00235948 0.999913 0.0846218
0.999392 -0.00271058 0.0347502 0.0989983 0.00260528 0.999992 0.00307521 0.0180438 -0.0347583 -0.00298281 0.999391 0.242177
0.998053 -0.000917632 0.062359 0.13123 0.000598435 0.999987 0.0051372 0.00769607 -0.0623629 -0.00508988 0.998041 0.37942
0.995255 -0.00111798 0.0972974 0.172622 0.000357609 0.999969 0.00783199 0.00274871 -0.0973032 -0.00776003 0.995225 0.536419
0.990651 -0.0044296 0.136351 0.226633 0.00299204 0.999938 0.0107463 -0.00865899 -0.13639 -0.0102378 0.990602 0.727767
0.984297 -0.00746211 0.176361 0.303836 0.00547808 0.999916 0.011734 -0.0147068 -0.176434 -0.0105836 0.984256 0.937548
0.975486 -0.00746383 0.219933 0.396907 0.00459447 0.999898 0.0135551 -0.0188815 -0.220012 -0.0122124 0.975421 1.144
0.963204 -0.00691656 0.268683 0.486185 0.0025705 0.99986 0.0165238 -0.00983049 -0.26876 -0.0152252 0.963087 1.39096
0.948587 -0.0110914 0.316323 0.616219 0.00385828 0.999717 0.0234835 -0.00011972 -0.316494 -0.0210557 0.948361 1.62999
0.931086 -0.0192966 0.364289 0.757054 0.0082795 0.999461 0.0317805 0.00473814 -0.364706 -0.0265742 0.930743 1.89282
0.909362 -0.0245683 0.41528 0.931075 0.0106525 0.999303 0.0357931 0.0171025 -0.415869 -0.0281251 0.908989 2.15061
0.884009 -0.0255676 0.466771 1.11931 0.00794941 0.999181 0.0396755 0.0304596 -0.467403 -0.0313629 0.883488 2.39744
0.85562 -0.0278129 0.516856 1.32147 0.00585537 0.999012 0.0440653 0.045112 -0.517571 -0.0346767 0.854937 2.63306
0.823348 -0.0319935 0.566635 1.53895 0.00560716 0.99882 0.0482482 0.059405 -0.56751 -0.0365478 0.822555 2.85565
0.787281 -0.0373136 0.615464 1.76952 0.00729891 0.998661 0.0512091 0.0745302 -0.616551 -0.0358237 0.786499 3.06465
0.749231 -0.0412283 0.661024 2.04461 0.00764753 0.998533 0.0536108 0.0872142 -0.662264 -0.0351117 0.748447 3.29571
0.709308 -0.0443115 0.703505 2.33257 0.0080806 0.998468 0.0547431 0.100446 -0.704853 -0.0331449 0.708579 3.51038
0.667306 -0.0458765 0.74337 2.66158 0.00676786 0.998433 0.0555422 0.126541 -0.744753 -0.0320326 0.666571 3.74715
0.62457 -0.0457879 0.779625 3.01951 0.00195939 0.998369 0.0570651 0.161396 -0.780967 -0.0341136 0.62364 3.99096
0.58252 -0.0461615 0.811504 3.37955 -0.00130868 0.998332 0.0577284 0.1895 -0.812815 -0.0346899 0.581488 4.21177
0.542122 -0.0472847 0.838968 3.76541 -0.00329703 0.998288 0.0583945 0.21499 -0.840293 -0.0344231 0.541038 4.42784
0.50335 -0.0490263 0.862691 4.194 -0.00515937 0.998201 0.0597376 0.244786 -0.864067 -0.0345198 0.502191 4.64851
0.466158 -0.0487906 0.883355 4.62351 -0.00820207 0.998197 0.059462 0.265003 -0.884664 -0.034964 0.464917 4.84443
0.429592 -0.0478559 0.901754 5.10417 -0.00915433 0.998313 0.0573413 0.295407 -0.902977 -0.0328883 0.428429 5.04739
0.396039 -0.0463002 0.917066 5.59512 -0.00801581 0.998516 0.0538741 0.323039 -0.918199 -0.0286872 0.39508 5.23336
0.366555 -0.044391 0.929336 6.12118 -0.00607046 0.998726 0.0500998 0.352556 -0.930377 -0.0240058 0.365819 5.41595
0.341574 -0.0423281 0.938901 6.65201 -0.00506976 0.998888 0.0468769 0.380196 -0.939841 -0.0207719 0.34098 5.58489
0.322176 -0.0412977 0.945778 7.26238 -0.00407958 0.998978 0.0450104 0.416696 -0.946671 -0.0183596 0.321678 5.75591
0.308335 -0.0415318 0.95037 7.88112 -0.00316839 0.998996 0.0446847 0.446556 -0.951273 -0.016789 0.307894 5.93061
0.297303 -0.0428471 0.953821 8.50892 -0.00215954 0.99896 0.0455479 0.473681 -0.954781 -0.0156014 0.296902 6.11077
0.286962 -0.0445725 0.956904 9.16408 -0.00349283 0.998862 0.0475743 0.501567 -0.957936 -0.0169943 0.28648 6.29569
0.277209 -0.0459433 0.95971 9.87723 -0.00472948 0.998779 0.0491796 0.540339 -0.960798 -0.018172 0.276654 6.48321
0.268047 -0.0472614 0.962246 10.5994 -0.00558558 0.998703 0.0506079 0.579327 -0.96339 -0.01894 0.267435 6.66568
0.258782 -0.0486962 0.964707 11.3232 -0.00634293 0.998621 0.0521096 0.619409 -0.965915 -0.0196041 0.258116 6.84114
0.249015 -0.0501046 0.967202 12.0592 -0.00643035 0.998553 0.0533842 0.650318 -0.968478 -0.0195129 0.248333 7.01371
0.239293 -0.0512017 0.969596 12.8298 -0.0064796 0.998502 0.0543273 0.687783 -0.970926 -0.0192827 0.238603 7.19243
0.22938 -0.0537249 0.971853 13.602 -0.00739771 0.99835 0.0569358 0.727391 -0.973309 -0.0202494 0.228604 7.36305
0.218733 -0.0572032 0.974106 14.3983 -0.00883894 0.998123 0.0605983 0.767458 -0.975745 -0.0218649 0.217817 7.53131
0.207082 -0.0607533 0.976435 15.1921 -0.00969652 0.997894 0.0641449 0.807031 -0.978276 -0.0227513 0.206057 7.69166
0.19445 -0.0626918 0.978907 16.0133 -0.0105763 0.997764 0.0660003 0.850366 -0.980855 -0.023187 0.193352 7.84973
0.180765 -0.0630459 0.981503 16.8271 -0.0110996 0.997749 0.0661337 0.89079 -0.983464 -0.0228489 0.179658 7.99462
0.166799 -0.0619766 0.984041 17.6437 -0.0124634 0.99781 0.0649565 0.929632 -0.985912 -0.0230992 0.165661 8.12758
0.150538 -0.0608743 0.986728 18.467 -0.0131163 0.997892 0.0635641 0.968228 -0.988517 -0.022511 0.149422 8.24764
0.130551 -0.0592477 0.98967 19.2975 -0.0156301 0.997966 0.0618062 1.00488 -0.991318 -0.0235375 0.129359 8.35141
0.10561 -0.0580416 0.992712 20.1417 -0.0198909 0.997972 0.0604652 1.0406 -0.994209 -0.0261317 0.104241 8.43082
0.0750844 -0.0571702 0.995537 20.9946 -0.0238372 0.997967 0.0591075 1.08108 -0.996892 -0.0281688 0.0735689 8.49472
0.0418411 -0.0567247 0.997512 21.8607 -0.0270425 0.997957 0.0578843 1.12077 -0.998758 -0.0293971 0.0402216 8.52448
0.00749037 -0.0557543 0.998416 22.7102 -0.0284297 0.998029 0.055946 1.15398 -0.999568 -0.0288037 0.00589045 8.52551
-0.0264141 -0.0544879 0.998165 23.57 -0.0295021 0.998121 0.0537048 1.18423 -0.999216 -0.0280294 -0.0279721 8.49554
-0.0591283 -0.0526555 0.99686 24.4273 -0.0313508 0.998213 0.0508674 1.21216 -0.997758 -0.0282446 -0.0606735 8.43797
-0.0913778 -0.0498793 0.994566 25.2849 -0.0336275 0.99833 0.0469784 1.23683 -0.995248 -0.029152 -0.0929026 8.3539
-0.12414 -0.0455439 0.991219 26.1381 -0.0307709 0.998642 0.0420312 1.25734 -0.991787 -0.0252829 -0.125373 8.24224
-0.155712 -0.0397478 0.987002 26.9875 -0.0254209 0.99902 0.0362213 1.27466 -0.987475 -0.0194503 -0.15657 8.09511
-0.186378 -0.0334851 0.981907 27.8275 -0.0191817 0.999352 0.0304392 1.28795 -0.982291 -0.0131614 -0.186899 7.92394
-0.215085 -0.0279293 0.976196 28.6639 -0.0135954 0.99958 0.0256028 1.29575 -0.9765 -0.00776499 -0.215375 7.72328
-0.243136 -0.0216123 0.969751 29.4852 -0.00508391 0.999766 0.0210066 1.30094 -0.969979 0.000177345 -0.243189 7.49918
-0.268494 -0.0110149 0.963218 30.2964 0.00165395 0.999928 0.0118958 1.29273 -0.96328 0.00478707 -0.268456 7.24249
-0.29339 0.00440336 0.955982 31.0995 0.00620749 0.999977 -0.00270092 1.27713 -0.955972 0.00514185 -0.293411 6.97545
-0.317804 0.0218477 0.947904 31.8957 0.00693153 0.999761 -0.0207189 1.25962 -0.948131 -1.41156e-05 -0.31788 6.69592
-0.342547 0.0367711 0.938781 32.6888 0.00722805 0.999307 -0.0365044 1.22717 -0.939473 -0.0057189 -0.342575 6.39028
-0.366865 0.0474279 0.929064 33.4694 0.011155 0.998852 -0.0465857 1.18536 -0.930207 -0.00672698 -0.366973 6.0685
-0.390043 0.0516952 0.919344 34.2384 0.0141974 0.998642 -0.0501307 1.13382 -0.920687 -0.00650083 -0.390247 5.72562
-0.412166 0.0517372 0.909639 34.9997 0.0181532 0.998654 -0.0485748 1.08292 -0.910928 -0.003508 -0.41255 5.36279
-0.432422 0.0470731 0.900441 35.7508 0.0212867 0.998891 -0.0419972 1.02832 -0.90142 0.00100694 -0.432945 4.98993
-0.450123 0.0459639 0.891783 36.4775 0.0293381 0.998896 -0.0366764 0.975262 -0.892484 0.0096543 -0.450975 4.6067
-0.463834 0.0461483 0.884719 37.2061 0.0316096 0.998868 -0.0355304 0.925891 -0.885358 0.0114854 -0.464768 4.21021
-0.474945 0.0502807 0.878577 37.9125 0.0359196 0.998642 -0.0377343 0.877327 -0.879282 0.0136364 -0.476106 3.82299
-0.484921 0.0526507 0.872971 38.6142 0.0363873 0.998536 -0.0400113 0.833191 -0.8738 0.0123628 -0.486127 3.43198
-0.495613 0.05228 0.866968 39.3153 0.0306779 0.998617 -0.0426814 0.785969 -0.868001 0.00544331 -0.496532 3.03463
-0.506847 0.0510854 0.860521 40.0085 0.0300496 0.998683 -0.0415883 0.742461 -0.861512 0.00477941 -0.507715 2.63197
-0.515726 0.0524003 0.85515 40.6999 0.031688 0.998611 -0.0420807 0.701512 -0.856167 0.00539591 -0.51667 2.21212
-0.523023 0.0555267 0.850508 41.39 0.0345628 0.998436 -0.0439299 0.656698 -0.851617 0.00641959 -0.524125 1.78512
-0.526212 0.0586636 0.848327 42.081 0.0359525 0.99826 -0.0467307 0.608437 -0.849593 0.00590924 -0.527406 1.35714
-0.525658 0.0608951 0.848513 42.8125 0.0357694 0.998135 -0.0494736 0.561603 -0.849943 0.00434465 -0.526856 0.896265
-0.522743 0.0608907 0.850313 43.5506 0.0372425 0.998125 -0.0485801 0.513617 -0.851676 0.0062729 -0.52403 0.464055
-0.516925 0.0598611 0.853935 44.3119 0.0350191 0.998196 -0.0487752 0.46514 -0.855314 0.00469093 -0.518089 0.0159056
-0.509818 0.0585952 0.858284 45.0911 0.0324951 0.998277 -0.0488505 0.417273 -0.859668 0.0029852 -0.510844 -0.438936
-0.502408 0.0581871 0.86267 45.8755 0.0303709 0.998305 -0.0496481 0.367965 -0.864097 0.0012565 -0.503324 -0.887743
-0.495596 0.0568723 0.866689 46.6923 0.0274649 0.998381 -0.0498088 0.313828 -0.868119 -0.000881472 -0.496355 -1.35465
-0.490968 0.0546252 0.869463 47.5263 0.0230067 0.998497 -0.0497405 0.259088 -0.870873 -0.00441747 -0.491487 -1.81988
-0.489197 0.0520731 0.870617 48.3681 0.0185625 0.998611 -0.0492984 0.205878 -0.871976 -0.0079558 -0.489484 -2.28507
-0.489474 0.0495047 0.870611 49.2285 0.0150467 0.998718 -0.0483296 0.150664 -0.871888 -0.0105562 -0.489592 -2.76017
-0.490219 0.04867 0.870239 50.0983 0.0145168 0.998757 -0.0476802 0.0901645 -0.871478 -0.0107407 -0.490316 -3.24815
-0.490326 0.0481771 0.870206 50.9762 0.0142516 0.998781 -0.0472651 0.0345179 -0.871422 -0.0107735 -0.490415 -3.74474
-0.49044 0.0479041 0.870157 51.8623 0.014546 0.998799 -0.0467877 -0.0234228 -0.871353 -0.0102892 -0.490548 -4.24304
-0.489987 0.0472584 0.870448 52.7634 0.0148345 0.998837 -0.0458784 -0.0815925 -0.871603 -0.0095672 -0.490118 -4.75565
-0.489582 0.0470831 0.870685 53.6634 0.0141131 0.998838 -0.0460774 -0.141317 -0.871843 -0.0102706 -0.489677 -5.26354
-0.489336 0.0458926 0.870887 54.5741 0.0127455 0.998884 -0.0454762 -0.201921 -0.872002 -0.0111532 -0.489375 -5.77273
-0.489122 0.0455464 0.871025 55.4808 0.0125808 0.9989 -0.0451684 -0.264799 -0.872124 -0.0111347 -0.489157 -6.28141
-0.488237 0.0447496 0.871563 56.3915 0.0109239 0.99892 -0.0451692 -0.327711 -0.872643 -0.0125324 -0.488198 -6.79125
-0.486735 0.0431912 0.872481 57.295 0.0105371 0.998994 -0.0435757 -0.391362 -0.873486 -0.0120163 -0.4867 -7.29235
-0.484199 0.041212 0.873987 58.2023 0.0110222 0.999098 -0.0410051 -0.454626 -0.874888 -0.0102214 -0.484216 -7.79572
-0.481437 0.0400977 0.875563 59.1048 0.0120901 0.999162 -0.0391102 -0.515822 -0.876397 -0.00824341 -0.481518 -8.29597
-0.478286 0.0401587 0.877286 60.0084 0.0132141 0.99917 -0.0385339 -0.575099 -0.878105 -0.00683762 -0.478419 -8.79955
-0.476053 0.0403104 0.878492 60.923 0.0133839 0.999165 -0.0385949 -0.636262 -0.879315 -0.00661555 -0.476195 -9.29112
-0.475294 0.0409459 0.878874 61.812 0.0137064 0.99914 -0.0391366 -0.697764 -0.87972 -0.00655511 -0.475446 -9.76824
-0.476165 0.0424289 0.878332 62.7122 0.0134508 0.99907 -0.0409693 -0.758669 -0.879253 -0.00769386 -0.476292 -10.2525
-0.479296 0.0445647 0.876521 63.6059 0.0126377 0.998957 -0.0438792 -0.817828 -0.877562 -0.00995383 -0.479359 -10.7317
-0.484081 0.0452337 0.873853 64.4944 0.011531 0.998906 -0.0453192 -0.878709 -0.874947 -0.0118617 -0.484073 -11.2149
-0.490021 0.0441363 0.870593 65.3788 0.0129553 0.998976 -0.0433529 -0.937008 -0.871615 -0.00996501 -0.49009 -11.7036
-0.495903 0.0417438 0.867374 66.2657 0.01343 0.999093 -0.0404046 -0.996688 -0.868274 -0.00838793 -0.496014 -12.2018
-0.501892 0.0397132 0.864018 67.1205 0.0110301 0.999158 -0.0395175 -1.05541 -0.86486 -0.0103033 -0.501907 -12.684
-0.5072 0.0430306 0.860753 67.9829 0.013244 0.999024 -0.0421389 -1.11565 -0.861726 -0.00997299 -0.507275 -13.1867
-0.512251 0.0445288 0.857681 68.8413 0.0140368 0.998956 -0.04348 -1.17659 -0.858721 -0.0102335 -0.512341 -13.6965
-0.516887 0.0458552 0.854824 69.6649 0.0131953 0.998873 -0.0456035 -1.23886 -0.855951 -0.0122922 -0.516909 -14.1958
-0.520973 0.0460467 0.85233 70.5422 0.0117883 0.998837 -0.0467562 -1.29792 -0.853491 -0.0143112 -0.52091 -14.7123
-0.523716 0.0455288 0.850676 71.3753 0.0131086 0.998883 -0.0453907 -1.36038 -0.851792 -0.0126206 -0.523727 -15.2322
-0.525552 0.0387244 0.84988 72.2119 0.0139155 0.999221 -0.036924 -1.41458 -0.850647 -0.007579 -0.525681 -15.7567
-0.527908 0.0303032 0.848761 73.041 0.0135076 0.999537 -0.027285 -1.46576 -0.849194 -0.00293921 -0.528072 -16.2619
-0.529264 0.029226 0.847954 73.8695 0.0149749 0.999573 -0.025105 -1.51141 -0.848325 -0.000589082 -0.529475 -16.7796
-0.529814 0.0338208 0.847439 74.6892 0.014763 0.999421 -0.0306566 -1.55432 -0.847985 -0.00373153 -0.530006 -17.2982
-0.531374 0.0401789 0.846184 75.5133 0.0163453 0.999175 -0.0371789 -1.60168 -0.84698 -0.00592473 -0.531592 -17.8106
-0.531843 0.0438484 0.845707 76.3263 0.0211813 0.999035 -0.0384779 -1.64632 -0.846578 -0.002551 -0.532258 -18.321
-0.531874 0.0446242 0.845647 77.1272 0.0231437 0.999004 -0.0381605 -1.69327 -0.846507 -0.000725161 -0.532376 -18.8174
-0.531328 0.0407992 0.846183 77.969 0.0208506 0.999167 -0.0350831 -1.74147 -0.84691 -0.00099716 -0.531735 -19.3573
-0.530688 0.0359257 0.846806 78.7704 0.0196799 0.999354 -0.0300642 -1.78986 -0.847339 0.000710378 -0.531052 -19.8431
-0.529807 0.029185 0.847616 79.6105 0.0160445 0.999574 -0.0243885 -1.83429 -0.847966 0.00067842 -0.530049 -20.375
-0.529509 0.0234671 0.84798 80.4385 0.0074101 0.999707 -0.0230389 -1.87895 -0.848272 -0.00591569 -0.529527 -20.8705
-0.527904 0.0183955 0.849105 81.273 0.0002625 0.999769 -0.0214964 -1.91718 -0.849304 -0.0111251 -0.527787 -21.3794
-0.526294 0.0188709 0.850093 82.0825 0.00269018 0.999786 -0.0205284 -1.95316 -0.850298 -0.00851704 -0.526231 -21.8672
-0.522765 0.022037 0.852192 82.8899 0.00633428 0.999739 -0.0219668 -1.99467 -0.852453 -0.00608543 -0.522767 -22.3701
-0.517255 0.0253864 0.855454 83.7079 0.00898067 0.999666 -0.0242359 -2.03274 -0.855784 -0.00485356 -0.51731 -22.8704
-0.509243 0.027679 0.860177 84.5172 0.0136589 0.999617 -0.0240796 -2.06871 -0.860514 -0.000513313 -0.509425 -23.3558
-0.500997 0.0309905 0.864894 85.3318 0.0209117 0.9995 -0.0237005 -2.11008 -0.865196 0.00621258 -0.501394 -23.8365
-0.49168 0.0300524 0.870257 86.1675 0.0179891 0.999541 -0.0243534 -2.14478 -0.87059 0.00368106 -0.491995 -24.2981
-0.480762 0.0277648 0.876411 86.9982 0.0153983 0.999612 -0.023221 -2.17809 -0.876716 0.00233156 -0.481002 -24.7455
-0.469039 0.024479 0.882838 87.8259 0.0158159 0.999688 -0.0193162 -2.21847 -0.883036 0.0049029 -0.469279 -25.1813
-0.457598 0.0237976 0.888841 88.6533 0.0151717 0.999705 -0.0189551 -2.2545 -0.88903 0.00481144 -0.457824 -25.6019
-0.446418 0.0229798 0.894529 89.4962 0.0153176 0.99972 -0.0180378 -2.2839 -0.894693 0.00564967 -0.446644 -26.0078
-0.434125 0.0247489 0.900513 90.3364 0.0168887 0.99967 -0.0193323 -2.3113 -0.900694 0.00681593 -0.434399 -26.4147
-0.42152 0.0291489 0.90635 91.1693 0.0166582 0.999563 -0.0243994 -2.34759 -0.906666 0.0048133 -0.421821 -26.8012
-0.409608 0.0385213 0.911448 92.0189 0.0182749 0.999254 -0.0340196 -2.37856 -0.912078 0.00272196 -0.410006 -27.1872
-0.396654 0.0430115 0.91696 92.8733 0.016498 0.999074 -0.0397266 -2.41615 -0.91782 -0.000629722 -0.396996 -27.5596
-0.3852 0.0395228 0.921986 93.7375 0.0135024 0.999217 -0.0371922 -2.46037 -0.922734 -0.00187739 -0.385432 -27.914
-0.373775 0.0354467 0.926842 94.5979 0.00950438 0.999363 -0.0343873 -2.50293 -0.92747 -0.00404404 -0.373874 -28.2509
-0.363904 0.0360333 0.930739 95.4527 0.00525849 0.999315 -0.0366323 -2.55202 -0.931421 -0.00843633 -0.363844 -28.5788
-0.356614 0.0405422 0.933372 96.3062 0.000434491 0.999065 -0.0432296 -2.60636 -0.934251 -0.0150107 -0.356298 -28.8959
-0.351283 0.0458545 0.935146 97.1634 -0.00370952 0.998724 -0.0503655 -2.66522 -0.936262 -0.0211615 -0.350664 -29.2096
-0.347684 0.0479551 0.936385 98.0268 -0.00636884 0.998547 -0.0535034 -2.72585 -0.93759 -0.0245659 -0.346873 -29.5236
-0.343828 0.0476105 0.937825 98.8865 -0.00757342 0.99854 -0.0534695 -2.79074 -0.939002 -0.0254868 -0.342965 -29.8335
-0.338814 0.0475076 0.939653 99.7542 -0.00825374 0.998536 -0.0534607 -2.85511 -0.940817 -0.0258689 -0.337925 -30.1416
-0.333335 0.0429816 0.941828 100.614 -0.0114998 0.9987 -0.0496471 -2.91683 -0.942738 -0.0273799 -0.332407 -30.4336
-0.327485 0.0395261 0.944029 101.475 -0.0116128 0.99888 -0.0458512 -2.97632 -0.944785 -0.0259784 -0.326659 -30.7329
-0.321402 0.0367929 0.946228 102.351 -0.0137585 0.998958 -0.0435166 -3.03336 -0.946843 -0.027005 -0.320561 -31.0262
-0.31538 0.0351272 0.948315 103.215 -0.0215704 0.998791 -0.0441706 -3.09087 -0.94872 -0.0343861 -0.314241 -31.3005
-0.309017 0.0351644 0.950406 104.092 -0.0285014 0.998525 -0.0462118 -3.14789 -0.950629 -0.0413681 -0.307559 -31.5684
-0.302419 0.039478 0.952357 104.962 -0.0265749 0.998404 -0.0498256 -3.20478 -0.952804 -0.040377 -0.300887 -31.8358
-0.295865 0.0427882 0.954271 105.809 -0.0246504 0.998321 -0.0524061 -3.26483 -0.954912 -0.0390282 -0.294313 -32.0875
-0.289444 0.0410275 0.956315 106.682 -0.0259277 0.998378 -0.0506795 -3.32085 -0.956844 -0.0394639 -0.28791 -32.3431
-0.282602 0.0367649 0.958532 107.555 -0.0265782 0.998581 -0.046137 -3.37481 -0.958869 -0.0385144 -0.281224 -32.5915
-0.275389 0.034412 0.960716 108.422 -0.0282266 0.998638 -0.0438615 -3.42998 -0.960918 -0.0391967 -0.274043 -32.8355
-0.26852 0.0375724 0.962541 109.302 -0.0302033 0.998419 -0.0473988 -3.48816 -0.9628 -0.0417994 -0.266961 -33.0789
-0.262225 0.0407589 0.964145 110.169 -0.0287462 0.998334 -0.0500225 -3.54311 -0.964578 -0.0408327 -0.260617 -33.3057
-0.254969 0.0411799 0.966072 111.055 -0.0316109 0.998203 -0.0508925 -3.60318 -0.966432 -0.0435144 -0.253209 -33.5409
-0.247545 0.0403339 0.968036 111.925 -0.0317981 0.998256 -0.0497244 -3.66497 -0.968354 -0.0430908 -0.245831 -33.7599
-0.239107 0.040022 0.970168 112.797 -0.028125 0.998445 -0.0481202 -3.72536 -0.970586 -0.0387919 -0.237609 -33.978
-0.231055 0.0408817 0.972081 113.676 -0.0258615 0.998505 -0.0481401 -3.78783 -0.972597 -0.0362625 -0.229652 -34.1926
-0.224974 0.041298 0.973489 114.56 -0.025471 0.99851 -0.0482459 -3.84576 -0.974032 -0.0356498 -0.223586 -34.3824
-0.21769 0.0410629 0.975153 115.449 -0.0299453 0.998363 -0.0487252 -3.89436 -0.975558 -0.0398083 -0.216104 -34.5747
-0.211423 0.0396167 0.976591 116.329 -0.0338644 0.998281 -0.0478279 -3.95072 -0.976808 -0.0431835 -0.209718 -34.7555
-0.206713 0.0399259 0.977586 117.197 -0.031572 0.998374 -0.0474509 -4.00708 -0.977892 -0.0406731 -0.205116 -34.9312
-0.201648 0.0402687 0.97863 118.087 -0.0302739 0.99842 -0.0473211 -4.06508 -0.97899 -0.0391691 -0.20011 -35.1165
-0.196631 0.0415271 0.979598 118.973 -0.0297944 0.998388 -0.0483042 -4.12088 -0.980025 -0.0386846 -0.195076 -35.2901
-0.1913 0.0405579 0.980693 119.858 -0.0241558 0.998648 -0.0460124 -4.17454 -0.981234 -0.0324916 -0.190061 -35.4563
-0.186004 0.0393311 0.981761 120.753 -0.0170433 0.998918 -0.0432475 -4.2281 -0.982401 -0.0247766 -0.185132 -35.6318
-0.182535 0.0388344 0.982432 121.607 -0.0155829 0.998979 -0.0423838 -4.28067 -0.983076 -0.0230456 -0.181743 -35.7615
-0.178824 0.0405821 0.983044 122.498 -0.0175465 0.998858 -0.0444268 -4.33169 -0.983725 -0.0251935 -0.177908 -35.9108
-0.175168 0.0425203 0.98362 123.394 -0.0189885 0.998735 -0.0465553 -4.38339 -0.984355 -0.0268324 -0.174138 -36.0703
-0.173429 0.0423427 0.983935 124.251 -0.0209053 0.998691 -0.0466625 -4.43784 -0.984624 -0.0286621 -0.172317 -36.2046
-0.173046 0.0412183 0.984051 125.147 -0.0214783 0.998728 -0.0456101 -4.49095 -0.984679 -0.0290284 -0.17194 -36.3527
-0.172956 0.0368967 0.984238 126.036 -0.0215791 0.998916 -0.041239 -4.53413 -0.984693 -0.0283714 -0.171971 -36.4981
-0.172535 0.0320003 0.984483 126.915 -0.0239894 0.999039 -0.0366777 -4.57729 -0.984711 -0.0299453 -0.171601 -36.6378
-0.172014 0.0301321 0.984633 127.791 -0.0243066 0.999097 -0.0348211 -4.62479 -0.984795 -0.0299228 -0.171126 -36.781
-0.170946 0.0346791 0.98467 128.663 -0.0247734 0.998913 -0.0394816 -4.67409 -0.984969 -0.0311429 -0.169901 -36.9263
-0.170811 0.0383529 0.984557 129.517 -0.0254788 0.998735 -0.0433255 -4.72245 -0.984974 -0.0324858 -0.169618 -37.0668
-0.171218 0.0374853 0.98452 130.391 -0.028835 0.998657 -0.0430383 -4.77304 -0.984811 -0.0357575 -0.169907 -37.2076
-0.171003 0.036765 0.984584 131.266 -0.0314955 0.998588 -0.0427581 -4.82326 -0.984767 -0.0383217 -0.169603 -37.348
-0.170034 0.037371 0.984729 132.139 -0.026915 0.998731 -0.0425498 -4.87982 -0.985071 -0.0337388 -0.168812 -37.5046
-0.169118 0.0396107 0.984799 132.999 -0.0294342 0.998543 -0.0452182 -4.9308 -0.985156 -0.0366339 -0.167705 -37.6507
-0.169139 0.0407062 0.984751 133.858 -0.0382049 0.998124 -0.047821 -4.98559 -0.984852 -0.0457107 -0.167266 -37.7865
-0.169369 0.0421967 0.984649 134.71 -0.0446572 0.997728 -0.0504387 -5.04085 -0.984541 -0.0525144 -0.1671 -37.9112
-0.168984 0.0456408 0.984561 135.551 -0.0423189 0.997669 -0.0535119 -5.09907 -0.98471 -0.0507082 -0.166658 -38.0524
-0.168483 0.0469877 0.984584 136.391 -0.0410111 0.997663 -0.0546298 -5.1589 -0.984851 -0.0495831 -0.166162 -38.1925
-0.166608 0.0481612 0.984846 137.225 -0.0417792 0.997564 -0.0558509 -5.21972 -0.985138 -0.0504512 -0.164189 -38.3293
-0.164301 0.0475323 0.985264 138.049 -0.0344799 0.99795 -0.0538942 -5.27573 -0.985808 -0.0428266 -0.162325 -38.4722
-0.16033 0.0446605 0.986052 138.875 -0.0298846 0.998298 -0.0500744 -5.33139 -0.986611 -0.0374961 -0.158722 -38.6195
-0.158603 0.0398357 0.986538 139.706 -0.0272758 0.998627 -0.0447089 -5.38571 -0.986966 -0.0339995 -0.157298 -38.7536
-0.15463 0.0393974 0.987187 140.511 -0.0260633 0.998694 -0.0439392 -5.44073 -0.987629 -0.0325236 -0.1534 -38.8766
-0.149478 0.0443539 0.98777 141.344 -0.0249371 0.998506 -0.0486097 -5.49969 -0.988451 -0.0318982 -0.148148 -39.0067
-0.142489 0.0472016 0.98867 142.16 -0.0223125 0.998455 -0.0508845 -5.55889 -0.989545 -0.0293101 -0.141215 -39.1248
-0.133832 0.0480824 0.989837 142.978 -0.0218586 0.998435 -0.0514555 -5.60938 -0.990763 -0.0285228 -0.132572 -39.236
-0.123772 0.043848 0.991341 143.787 -0.0208434 0.998687 -0.0467753 -5.66192 -0.992092 -0.0264524 -0.122695 -39.3352
-0.110903 0.0426632 0.992915 144.583 -0.0169979 0.99885 -0.0448168 -5.71523 -0.993686 -0.0218478 -0.110049 -39.4296
-0.0972308 0.0459095 0.994202 145.387 -0.0134062 0.998784 -0.0474322 -5.76018 -0.995172 -0.0179403 -0.0964967 -39.5076
-0.0828941 0.0471858 0.99544 146.2 -0.0143732 0.998717 -0.048538 -5.81048 -0.996455 -0.0183311 -0.0821091 -39.5743
-0.0683843 0.047428 0.996531 146.993 -0.012768 0.998745 -0.0484096 -5.86205 -0.997577 -0.0160341 -0.0676925 -39.6293
-0.0544663 0.0491633 0.997304 147.79 -0.0125503 0.998674 -0.0499163 -5.91638 -0.998437 -0.0152351 -0.0537766 -39.6733
-0.0405468 0.0554933 0.997635 148.568 -0.0149821 0.99831 -0.0561398 -5.97688 -0.999065 -0.0172229 -0.0396464 -39.6958
-0.0277953 0.0646915 0.997518 149.354 -0.0214398 0.997635 -0.0652965 -6.03758 -0.999384 -0.0232014 -0.0263421 -39.7063
-0.0138778 0.0726483 0.997261 150.123 -0.0251904 0.997014 -0.0729809 -6.09845 -0.999586 -0.0261342 -0.0120058 -39.7048
-0.00080371 0.0735509 0.997291 150.904 -0.0265242 0.996938 -0.0735463 -6.1584 -0.999648 -0.0265114 0.00115013 -39.6978
0.0111348 0.0696331 0.99751 151.674 -0.0300849 0.997143 -0.0692717 -6.22618 -0.999485 -0.0292387 0.0131985 -39.6751
0.0217084 0.0672664 0.997499 152.451 -0.033922 0.997208 -0.0665086 -6.297 -0.999189 -0.0323933 0.0239301 -39.6444
0.0306062 0.0741769 0.996775 153.214 -0.0386371 0.996584 -0.0729764 -6.36278 -0.998785 -0.0362789 0.0333682 -39.6092
0.0372613 0.082279 0.995912 153.974 -0.0425375 0.995831 -0.0806809 -6.42638 -0.9984 -0.0393573 0.0406064 -39.572
0.0401524 0.0852951 0.995546 154.738 -0.0456241 0.995466 -0.0834482 -6.49021 -0.998152 -0.0420702 0.0438624 -39.5318
0.0398798 0.0811994 0.995899 155.497 -0.0499126 0.995609 -0.0791771 -6.55285 -0.997957 -0.0465504 0.0437582 -39.4897
0.0377849 0.0769292 0.99632 156.251 -0.0523832 0.995813 -0.0749035 -6.62665 -0.997912 -0.0493602 0.041657 -39.448
0.0349631 0.0741281 0.996635 157.02 -0.050992 0.996078 -0.0722978 -6.69441 -0.998087 -0.0482927 0.0386065 -39.4201
0.0321956 0.0743878 0.996709 157.77 -0.0492202 0.996134 -0.072755 -6.75984 -0.998269 -0.0467158 0.035733 -39.3937
0.0290374 0.0744415 0.996802 158.531 -0.0476599 0.996191 -0.0730076 -6.82872 -0.998442 -0.0453875 0.0324752 -39.3765
0.024855 0.0731629 0.99701 159.281 -0.048239 0.996243 -0.0719042 -6.8964 -0.998527 -0.0463075 0.0282915 -39.3567
0.0199924 0.0732183 0.997115 160.033 -0.048197 0.996225 -0.0721867 -6.96153 -0.998638 -0.0466147 0.0234464 -39.3426
0.013897 0.0713452 0.997355 160.781 -0.0495826 0.996272 -0.070577 -7.02538 -0.998674 -0.0484706 0.0173832 -39.3254
0.00845032 0.0686143 0.997607 161.516 -0.0467434 0.996579 -0.0681477 -7.09374 -0.998871 -0.0460557 0.0116292 -39.3179
0.00346364 0.068535 0.997643 162.258 -0.0471668 0.996548 -0.0682962 -7.15665 -0.998881 -0.046819 0.00668476 -39.3152
-0.00181492 0.06973 0.997564 162.994 -0.0487435 0.996373 -0.0697355 -7.22041 -0.99881 -0.0487513 0.00159104 -39.3111
-0.00592077 0.0721311 0.997377 163.732 -0.0495833 0.996146 -0.0723365 -7.28575 -0.998753 -0.0498815 -0.00232096 -39.3118
-0.0087169 0.0743573 0.997193 164.463 -0.0500654 0.995947 -0.0747021 -7.35092 -0.998708 -0.050576 -0.00495835 -39.3141
-0.0102517 0.0756551 0.997081 165.177 -0.0469537 0.995996 -0.0760557 -7.4157 -0.998845 -0.0475963 -0.00665786 -39.3172
-0.00932316 0.0740335 0.997212 165.894 -0.0436457 0.996274 -0.074372 -7.47999 -0.999004 -0.0442174 -0.00605668 -39.324
-0.00525414 0.0703117 0.997511 166.611 -0.0416934 0.996641 -0.0704701 -7.54568 -0.999117 -0.0419599 -0.00230446 -39.3263
0.00241791 0.0701542 0.997533 167.325 -0.0407788 0.996712 -0.0699977 -7.61122 -0.999165 -0.0405089 0.00527127 -39.3211
0.0140439 0.070762 0.997394 168.032 -0.0384442 0.996792 -0.0701781 -7.67346 -0.999162 -0.0373584 0.0167197 -39.3097
0.0292433 0.0706712 0.997071 168.731 -0.0356558 0.996935 -0.0696159 -7.735 -0.998936 -0.0335155 0.0316741 -39.2908
0.0454724 0.0683066 0.996627 169.421 -0.0370783 0.997086 -0.0666464 -7.79238 -0.998277 -0.0339226 0.0478732 -39.2581
0.0617855 0.0636307 0.996059 170.117 -0.0424063 0.997231 -0.0610752 -7.84874 -0.997188 -0.0384656 0.0643134 -39.2012
0.0781902 0.0569186 0.995312 170.803 -0.0440613 0.997589 -0.0535875 -7.90137 -0.995964 -0.0396646 0.0805102 -39.1346
0.0958245 0.0494713 0.994168 171.491 -0.0447007 0.997969 -0.045352 -7.94889 -0.994394 -0.0400941 0.0978419 -39.0639
0.114253 0.0420139 0.992563 172.162 -0.0451127 0.998293 -0.0370636 -7.99179 -0.992427 -0.0405425 0.115954 -38.9837
0.131693 0.036109 0.990633 172.831 -0.0467568 0.998449 -0.0301783 -8.03163 -0.990187 -0.0423445 0.133178 -38.8828
0.149855 0.0338416 0.988128 173.485 -0.0475267 0.998504 -0.0269893 -8.06787 -0.987565 -0.042918 0.15124 -38.7734
0.167775 0.0321082 0.985302 174.143 -0.0460532 0.998632 -0.0247009 -8.09901 -0.984749 -0.041232 0.169025 -38.6521
0.185713 0.0317324 0.982091 174.786 -0.0475934 0.998595 -0.0232659 -8.12346 -0.981451 -0.0424202 0.186963 -38.5238
0.202425 0.0310205 0.978806 175.424 -0.0529447 0.998382 -0.0206916 -8.14699 -0.977865 -0.0476341 0.203741 -38.3836
0.216681 0.0276357 0.975851 176.054 -0.055153 0.998348 -0.0160266 -8.17039 -0.974683 -0.0503484 0.217848 -38.2296
0.228748 0.0236958 0.973197 176.68 -0.0519033 0.998577 -0.0121141 -8.19145 -0.972101 -0.047741 0.229654 -38.0756
0.238927 0.0224743 0.970778 177.287 -0.0503971 0.99867 -0.0107165 -8.21273 -0.969729 -0.0463638 0.239742 -37.9089
0.248997 0.0264086 0.968144 177.879 -0.0546647 0.998416 -0.0131752 -8.23286 -0.96696 -0.0496426 0.250047 -37.7506
0.258021 0.0337376 0.96555 178.484 -0.0586751 0.998091 -0.0191952 -8.2527 -0.964356 -0.0517009 0.259509 -37.5737
0.266754 0.04314 0.962799 179.073 -0.0583905 0.997885 -0.0285345 -8.28003 -0.961994 -0.0486066 0.268709 -37.3937
0.274666 0.0483612 0.960323 179.637 -0.0527671 0.997986 -0.0351658 -8.30518 -0.96009 -0.0410145 0.276666 -37.2205
0.281112 0.0465878 0.958544 180.225 -0.0520138 0.998091 -0.0332559 -8.32564 -0.958264 -0.0405088 0.282999 -37.0397
0.286771 0.0393509 0.957191 180.831 -0.0549995 0.998183 -0.0245586 -8.3462 -0.956419 -0.0456022 0.288415 -36.842
0.290614 0.0297667 0.956377 181.436 -0.0596199 0.998136 -0.0129498 -8.36117 -0.954981 -0.0532557 0.291848 -36.6378
0.29272 0.022194 0.955941 182.037 -0.0602785 0.998169 -0.00471657 -8.38267 -0.954296 -0.056242 0.293523 -36.4445
0.293725 0.021409 0.95565 182.672 -0.0570956 0.998356 -0.00481713 -8.40149 -0.954183 -0.0531484 0.294465 -36.2576
0.295244 0.0228532 0.955149 183.271 -0.0532448 0.998552 -0.00743348 -8.421 -0.953937 -0.0486619 0.296034 -36.0752
0.296938 0.0219323 0.954645 183.865 -0.0498189 0.998729 -0.00744923 -8.43772 -0.953596 -0.0453474 0.297654 -35.8868
0.299126 0.0195632 0.954013 184.484 -0.051833 0.998645 -0.0042266 -8.45006 -0.952805 -0.048185 0.299736 -35.6955
0.301597 0.0164588 0.953293 185.089 -0.05241 0.998624 -0.000660433 -8.45614 -0.951994 -0.0497628 0.302046 -35.4913
0.304552 0.0123673 0.952415 185.715 -0.052814 0.998595 0.00392121 -8.4584 -0.95103 -0.0514951 0.304779 -35.2864
0.308813 0.010054 0.95107 186.337 -0.0518757 0.998632 0.0062872 -8.4603 -0.949707 -0.0512789 0.308913 -35.0791
0.314707 0.00819804 0.949153 186.948 -0.0504316 0.998693 0.00809536 -8.46114 -0.947848 -0.0504149 0.31471 -34.8657
0.321791 0.00552396 0.946795 187.553 -0.0490803 0.998734 0.010854 -8.46234 -0.945538 -0.0499616 0.321656 -34.6428
0.331915 0.00373926 0.943302 188.187 -0.0464075 0.998844 0.0123696 -8.46573 -0.942167 -0.0478819 0.331706 -34.4231
0.342764 0.00619209 0.939401 188.814 -0.0483061 0.99877 0.0110421 -8.46887 -0.938179 -0.0491637 0.342642 -34.1774
0.354675 0.00985284 0.934938 189.417 -0.0491903 0.998755 0.00813515 -8.47389 -0.933695 -0.0488751 0.354719 -33.9453
0.36564 0.0125442 0.930672 190.051 -0.0503608 0.998709 0.00632423 -8.47832 -0.929393 -0.0491818 0.365801 -33.6681
0.376756 0.0126481 0.926226 190.67 -0.0497404 0.998739 0.00659423 -8.48528 -0.924976 -0.0485552 0.376911 -33.3946
0.388069 0.00941891 0.921582 191.275 -0.0482691 0.998781 0.0101176 -8.48701 -0.920365 -0.0484102 0.388052 -33.1399
0.399526 0.00799125 0.916687 191.891 -0.0485654 0.998741 0.01246 -8.48728 -0.915434 -0.0494973 0.399412 -32.8667
0.410485 0.00772606 0.911835 192.528 -0.0500249 0.998647 0.0140582 -8.4828 -0.910494 -0.0513851 0.410317 -32.5609
0.419781 0.00692429 0.907599 193.162 -0.0535043 0.998419 0.0171294 -8.47601 -0.906047 -0.0557511 0.419489 -32.2504
0.427572 0.00818274 0.903945 193.782 -0.0569213 0.998217 0.0178879 -8.47361 -0.902188 -0.0591021 0.427276 -31.957
0.432672 0.00536076 0.901535 194.419 -0.0567333 0.998161 0.0212925 -8.47154 -0.899764 -0.0603597 0.432182 -31.6577
0.435389 0.00155573 0.900241 195.062 -0.0536715 0.998263 0.0242322 -8.46616 -0.898641 -0.0588677 0.434718 -31.3514
0.43601 0.00195253 0.89994 195.704 -0.0489566 0.998567 0.0215523 -8.46216 -0.898609 -0.053455 0.435482 -31.0467
0.435603 0.00244542 0.900135 196.364 -0.0479806 0.998636 0.0205062 -8.45875 -0.898859 -0.0521216 0.435128 -30.7339
0.435704 0.00341504 0.900083 197.037 -0.0445208 0.998849 0.0177613 -8.45315 -0.898988 -0.0478111 0.435356 -30.421
0.436057 0.00145673 0.899918 197.728 -0.041181 0.998982 0.0183372 -8.44334 -0.898976 -0.0450556 0.435674 -30.1005
0.435669 -0.00406574 0.900098 198.395 -0.0380632 0.99901 0.0229359 -8.4379 -0.899302 -0.044253 0.435084 -29.7839
0.434208 -0.00654501 0.900789 199.074 -0.0381295 0.998942 0.0256377 -8.43216 -0.900005 -0.0454786 0.433501 -29.449
0.432268 -0.0086272 0.901704 199.746 -0.0376855 0.998906 0.0276231 -8.4263 -0.900957 -0.0459217 0.431471 -29.1186
0.430933 -0.00910198 0.902338 200.427 -0.0379576 0.998879 0.0282033 -8.41743 -0.901585 -0.0464043 0.430106 -28.789
0.429065 -0.00937202 0.903225 201.109 -0.0394616 0.998795 0.0291093 -8.40792 -0.902411 -0.0481324 0.428179 -28.4609
0.428332 -0.00816761 0.903584 201.816 -0.0397683 0.998818 0.0278799 -8.39905 -0.902746 -0.0478758 0.427502 -28.1385
0.426996 -0.00486932 0.90424 202.492 -0.0393506 0.998936 0.0239611 -8.40032 -0.903397 -0.0458136 0.426351 -27.816
0.426641 0.000492754 0.904421 203.172 -0.0391921 0.999069 0.0179436 -8.39767 -0.903571 -0.0431016 0.426264 -27.4979
0.424454 0.00346124 0.905442 203.858 -0.0412495 0.999026 0.0155179 -8.38745 -0.904509 -0.0439357 0.424185 -27.1461
0.421928 0.00133124 0.906628 204.538 -0.0424686 0.998928 0.0182972 -8.37928 -0.905634 -0.0462234 0.421534 -26.8075
0.420367 -0.0015918 0.907353 205.226 -0.0438102 0.998795 0.0220489 -8.37381 -0.906296 -0.0490199 0.419791 -26.4705
0.418091 -0.0008537 0.908405 205.928 -0.0473171 0.99862 0.0227159 -8.3739 -0.907172 -0.0524804 0.417474 -26.1378
0.413582 -0.000765768 0.910466 206.614 -0.050702 0.998427 0.0238712 -8.37563 -0.909054 -0.0560352 0.412894 -25.8201
0.407016 -0.00196082 0.913419 207.293 -0.0504819 0.998419 0.0246377 -8.36976 -0.912025 -0.056139 0.406275 -25.5163
0.398447 -0.00203804 0.917189 207.982 -0.0501715 0.99845 0.0240141 -8.36508 -0.915818 -0.0555851 0.397729 -25.2193
0.388766 -0.000992567 0.921336 208.67 -0.0476646 0.998637 0.0211883 -8.36571 -0.920102 -0.0521524 0.38819 -24.9337
0.378567 0.00192863 0.925572 209.364 -0.048693 0.998653 0.0178348 -8.36745 -0.924292 -0.0518205 0.378152 -24.6521
0.367718 0.00201724 0.929935 210.061 -0.0517945 0.998488 0.0183147 -8.3608 -0.928494 -0.0549001 0.367267 -24.3804
0.357077 -0.00592145 0.934056 210.758 -0.0465404 0.998623 0.0241225 -8.35582 -0.932914 -0.0520849 0.356311 -24.1196
0.348591 -0.0139393 0.937171 211.466 -0.0426793 0.998614 0.0307281 -8.34738 -0.936302 -0.0507094 0.347514 -23.8639
0.341727 -0.019134 0.939604 212.2 -0.0420695 0.998477 0.0356331 -8.33285 -0.938857 -0.0517054 0.340402 -23.5992
0.337832 -0.0197589 0.940999 212.921 -0.0474491 0.998149 0.0379937 -8.31506 -0.940009 -0.0574851 0.33627 -23.3408
0.335076 -0.0215156 0.941945 213.631 -0.0462293 0.998158 0.0392446 -8.29891 -0.941056 -0.0566954 0.333465 -23.0813
0.333937 -0.0226042 0.942324 214.342 -0.0444557 0.99822 0.039699 -8.28163 -0.941546 -0.0551486 0.332339 -22.8412
0.332592 -0.0203492 0.942851 215.055 -0.0446072 0.998307 0.0372812 -8.26144 -0.942015 -0.0544574 0.331122 -22.5768
0.331892 -0.0180683 0.943144 215.78 -0.0479353 0.9982 0.0359913 -8.24141 -0.942098 -0.0571551 0.33043 -22.3073
0.333027 -0.0187567 0.94273 216.497 -0.0483743 0.998144 0.0369477 -8.22649 -0.941675 -0.0579085 0.331502 -22.0593
0.335067 -0.0200837 0.94198 217.217 -0.0486855 0.998066 0.0385971 -8.21017 -0.940935 -0.0587933 0.333442 -21.808
0.336352 -0.0218472 0.941482 217.962 -0.0474753 0.998064 0.040121 -8.19316 -0.940539 -0.058192 0.334665 -21.5327
0.338289 -0.0232281 0.940755 218.684 -0.0438109 0.998221 0.040401 -8.17981 -0.940022 -0.0548826 0.33667 -21.2805
0.342131 -0.0248047 0.939324 219.404 -0.0424103 0.998223 0.0418071 -8.16115 -0.938694 -0.0541405 0.340472 -21.03
0.346298 -0.0259648 0.937765 220.151 -0.0440066 0.998065 0.043885 -8.13616 -0.937092 -0.0564651 0.344486 -20.741
0.351623 -0.0297848 0.935667 220.878 -0.0448855 0.997806 0.0486306 -8.11201 -0.935065 -0.0590975 0.349516 -20.4663
0.357178 -0.0333738 0.93344 221.604 -0.045604 0.997545 0.0531159 -8.089 -0.932922 -0.0615405 0.35478 -20.1925
0.36151 -0.0333907 0.93177 222.342 -0.0464308 0.997472 0.0537593 -8.06332 -0.931212 -0.0626973 0.359046 -19.9015
0.366475 -0.0287591 0.929983 223.062 -0.0512443 0.997379 0.0510368 -8.04314 -0.929016 -0.0663601 0.364042 -19.6175
0.371048 -0.022818 0.928333 223.788 -0.0561562 0.997315 0.0469586 -8.01479 -0.926914 -0.0695556 0.368771 -19.3169
0.375695 -0.0193696 0.92654 224.525 -0.0602092 0.997157 0.0452594 -7.98621 -0.924785 -0.0727901 0.373462 -19.009
0.379523 -0.0195535 0.924975 225.244 -0.0624152 0.996956 0.0466843 -7.96778 -0.923074 -0.0754503 0.377148 -18.695
0.383358 -0.0171065 0.923441 225.991 -0.0648711 0.996858 0.0453971 -7.94802 -0.921318 -0.0773081 0.381045 -18.3761
0.38712 -0.0147563 0.921911 226.737 -0.065253 0.996924 0.0433572 -7.92814 -0.919717 -0.0769419 0.384967 -18.0551
0.391619 -0.0143442 0.920015 227.466 -0.0653705 0.996916 0.043369 -7.90444 -0.917802 -0.0771261 0.389474 -17.7374
0.396607 -0.0156996 0.917854 228.216 -0.0650943 0.996854 0.0451782 -7.88289 -0.915677 -0.0776652 0.394339 -17.4157
0.40102 -0.0166787 0.915917 228.939 -0.0607543 0.997147 0.044758 -7.86604 -0.914052 -0.0735947 0.398863 -17.0969
0.405319 -0.0166971 0.914022 229.666 -0.0576216 0.997376 0.0437717 -7.84459 -0.912357 -0.070409 0.403295 -16.773
0.409798 -0.0148316 0.912055 230.403 -0.0581576 0.997406 0.0423504 -7.82343 -0.91032 -0.0703981 0.407874 -16.4446
0.413723 -0.0146766 0.910284 231.121 -0.0637263 0.996948 0.0450372 -7.80315 -0.908169 -0.076642 0.411526 -16.0986
0.418367 -0.0153104 0.908148 231.83 -0.066636 0.996644 0.0475002 -7.79097 -0.90583 -0.080388 0.415944 -15.7573
0.422955 -0.0133669 0.906052 232.582 -0.0633696 0.997005 0.0442902 -7.77636 -0.903932 -0.076149 0.420842 -15.4219
0.427241 -0.00744285 0.904107 233.307 -0.0623723 0.997339 0.0376846 -7.76593 -0.901984 -0.0724917 0.425641 -15.0847
0.43077 -0.0010087 0.902461 234.027 -0.0681702 0.997104 0.0336539 -7.74574 -0.899883 -0.076018 0.429455 -14.7312
0.433421 -0.00133675 0.90119 234.742 -0.0744331 0.996527 0.0372761 -7.72035 -0.898112 -0.0832347 0.431818 -14.3641
0.435888 -0.0107795 0.899936 235.476 -0.0742248 0.996089 0.0478823 -7.69328 -0.896934 -0.087669 0.433385 -14.0035
0.4375 -0.0223735 0.89894 236.196 -0.0711886 0.995688 0.0594277 -7.66041 -0.896396 -0.0899939 0.434022 -13.6459
0.438913 -0.0295477 0.898043 236.911 -0.072732 0.995009 0.0682853 -7.62575 -0.895581 -0.0952879 0.434574 -13.2856
0.44084 -0.030924 0.897053 237.647 -0.0744944 0.994695 0.0708987 -7.58945 -0.894489 -0.0980804 0.436199 -12.9147
0.443641 -0.0264274 0.895815 238.363 -0.0743744 0.995029 0.0661871 -7.55344 -0.893113 -0.0959891 0.439472 -12.5573
0.447851 -0.0211508 0.893858 239.073 -0.0730026 0.995515 0.0601327 -7.51811 -0.891123 -0.0921846 0.4443 -12.2028
0.452325 -0.0169312 0.891692 239.795 -0.0728027 0.99578 0.0558378 -7.48476 -0.888876 -0.0901745 0.449185 -11.8367
0.456684 -0.0151524 0.8895 240.509 -0.0711815 0.996024 0.0535127 -7.45657 -0.886776 -0.0877544 0.453791 -11.4727
0.460975 -0.0130701 0.887317 241.223 -0.0705298 0.996186 0.051315 -7.42684 -0.884605 -0.0862373 0.458297 -11.1029
0.464709 -0.0142653 0.885349 241.935 -0.0697004 0.996176 0.0526358 -7.39471 -0.882715 -0.0861695 0.461939 -10.7241
0.468567 -0.019494 0.883213 242.664 -0.0678171 0.99601 0.0579622 -7.36391 -0.880821 -0.0870561 0.465377 -10.3426
0.471926 -0.0251599 0.881279 243.383 -0.0661582 0.995761 0.063856 -7.33225 -0.879152 -0.0884392 0.468263 -9.96555
0.474816 -0.0307096 0.879549 244.109 -0.0645197 0.995485 0.0695878 -7.29409 -0.877716 -0.0897897 0.470692 -9.58162
0.477126 -0.0358367 0.878104 244.829 -0.0626723 0.995235 0.0746704 -7.25058 -0.876597 -0.0906601 0.472608 -9.1948
0.479257 -0.0424453 0.876648 245.554 -0.0609466 0.994807 0.0814852 -7.20343 -0.875555 -0.0924811 0.474183 -8.81002
0.481199 -0.0429118 0.875561 246.261 -0.0611214 0.994726 0.0823436 -7.15772 -0.874478 -0.0931392 0.476039 -8.42611
0.483119 -0.0311988 0.874999 246.97 -0.0701078 0.994775 0.0741784 -7.11381 -0.872743 -0.0971813 0.478409 -8.02139
0.483985 -0.0182504 0.874886 247.664 -0.0716959 0.995592 0.0604303 -7.07561 -0.872134 -0.0919732 0.480545 -7.63148
0.485181 -0.0108839 0.874346 248.372 -0.0718812 0.996039 0.0522859 -7.0353 -0.871454 -0.0882172 0.482478 -7.24239
0.485186 -0.012707 0.874319 249.079 -0.0717488 0.995942 0.05429 -6.99421 -0.871462 -0.0890721 0.482306 -6.85171
0.485674 -0.0170973 0.873973 249.811 -0.0724462 0.99558 0.0597351 -6.94955 -0.871132 -0.0923279 0.48229 -6.44103
0.487652 -0.0185227 0.872842 250.509 -0.0710525 0.995614 0.0608245 -6.92183 -0.870142 -0.0916788 0.484198 -6.06565
0.487831 -0.0189035 0.872734 251.251 -0.067964 0.995906 0.059561 -6.88116 -0.870288 -0.0883702 0.48455 -5.62802
0.488619 -0.0211355 0.872241 251.963 -0.0641065 0.996132 0.060049 -6.84407 -0.870138 -0.0852574 0.485376 -5.22211
