0.999867 -0.00108991 -0.0161497 0.170165 0.00110783 0.999999 0.00111372 -0.0113075 0.0161489 -0.00113149 0.999868 0.975215
1 -0.0015875 -0.00113273 0.00573923 0.00158814 1 0.000470743 -0.0285665 0.00113255 -0.000472912 1 1.39836
0.999994 0.00213042 0.00226823 -0.0603572 -0.00212464 0.999993 -0.00245045 -0.00261672 -0.00227394 0.00244588 0.999992 1.2364
1 -0.000384784 2.94498e-05 -0.0069638 0.000384576 1 0.000210257 -0.0218247 -2.91094e-05 -0.000210531 1 1.35924
0.999998 0.000749459 -0.000815448 0.0271018 -0.000748633 0.999997 0.000682852 -0.0372545 0.000815568 -0.000682009 0.999997 1.30197
0.999999 -0.00220526 -0.00117938 0.058244 0.00220651 1 0.00134815 -0.0242733 0.0011768 -0.00135094 1 1.34623
0.999998 0.000128458 -0.00114755 0.0179863 -0.00012773 0.999997 0.000379751 -0.0175104 0.00114726 -0.000379415 0.999996 1.37255
1 0.000743541 -0.000995527 0.0183463 -0.000746137 1 -0.00232092 -0.0214873 0.000994149 0.00232148 0.999999 1.37272
0.999996 0.00234378 -0.000793398 0.0105097 -0.00234523 0.999993 -0.00220304 -0.0224049 0.000787925 0.00220506 0.999995 1.39962
0.999995 0.00351438 0.000928909 -0.0339941 -0.00351375 0.999996 -0.00105495 -0.0193636 -0.00093236 0.00105151 1 1.3408
0.999996 0.00246033 0.000375334 -0.0148285 -0.00245996 0.999995 0.000184454 -0.0247073 -0.000375174 -0.000185186 0.999998 1.39469
0.999999 0.00096661 0.00112415 -0.0282271 -0.000968213 1 0.00115314 -0.0220729 -0.00112274 -0.00115444 1 1.36251
0.999996 -0.00231267 0.00125516 -0.0252974 0.00230947 0.999991 0.00279115 -0.0226041 -0.00126189 -0.00278801 0.999992 1.37562
