1 0.000492089 0.00102179 0.00114616 -0.00048816 0.999992 -0.0040927 -0.00839477 -0.00102374 0.00409217 0.999992 0.988333
0.999998 -0.00227748 0.00123441 0.0152554 0.0022838 0.999984 -0.00536947 -0.00441648 -0.001222 0.00537229 0.999987 1.93001
0.999994 -0.00363144 0.00130371 0.0177166 0.00363353 0.999994 -0.00176238 0.00155219 -0.00129723 0.00176707 1 2.89412
0.999975 -0.00737233 -0.000764507 0.0420945 0.00737514 0.999967 0.00386141 0.00490502 0.000736292 -0.00386707 0.999996 3.84371
0.999945 -0.0105223 -0.00190425 0.0404441 0.0105295 0.99994 0.00393377 0.00700282 0.00186281 -0.00395364 0.999993 4.81477
0.999903 -0.0136871 -0.00380484 0.0460647 0.0136902 0.999908 0.000887926 0.0192374 0.00379264 -0.000940079 0.999997 5.77667
0.999888 -0.0144185 -0.004703 0.0471616 0.0144058 0.999897 -0.00263781 0.0210542 0.00474052 0.00256957 0.999991 6.70982
0.999882 -0.0146558 -0.00550027 0.0355826 0.014635 0.999889 -0.00374014 0.033107 0.00555473 0.003659 0.999984 7.64755
0.999871 -0.0144643 -0.00740735 0.0336356 0.0144522 0.999898 -0.00163197 0.0304332 0.00743021 0.00152464 0.999976 8.59344
0.999871 -0.0138275 -0.00863787 0.0305144 0.0138396 0.999906 0.00139032 0.0309214 0.00861808 -0.00150986 0.999967 9.53838
0.999848 -0.0144557 -0.00998898 0.0211936 0.0144862 0.999894 0.00303129 0.0332013 0.00994409 -0.0031756 0.999952 10.4908
0.999826 -0.0158171 -0.0102739 0.00947309 0.0158552 0.999871 0.00368866 0.038923 0.0102145 -0.00385112 0.999947 11.4213
0.999805 -0.0163131 -0.0114926 0.000761634 0.0163499 0.999865 0.00315806 0.054734 0.0114395 -0.00334536 0.999936 12.3479
0.999715 -0.018597 -0.0152468 0.0520874 0.0186175 0.999829 0.00124605 0.0808396 0.0152213 -0.0015298 0.999889 13.2093
0.999672 -0.019221 -0.0172153 0.039021 0.0192041 0.999819 -0.00112732 0.0892842 0.0172338 0.000796316 0.999859 14.1733
0.999608 -0.0203275 -0.0193986 0.0296397 0.0202821 0.999795 -0.00249672 0.0894944 0.0194456 0.00210209 0.999815 15.0987
0.999572 -0.019998 -0.0215604 0.0153173 0.0199332 0.9998 -0.00319546 0.0878447 0.0216199 0.00276431 0.99977 16.0277
0.999556 -0.0184557 -0.0235257 -0.00302957 0.018362 0.999826 -0.00417427 0.0881055 0.0235989 0.00374019 0.999721 16.9291
0.999536 -0.0168644 -0.0255838 -0.0263562 0.0167605 0.999854 -0.0042522 0.089417 0.0256518 0.00382141 0.999671 17.8263
0.999463 -0.0176962 -0.0277169 -0.0429579 0.0176147 0.999844 -0.00316001 0.0823691 0.0277688 0.00266982 0.999618 18.729
0.999424 -0.0173408 -0.0293688 -0.0725615 0.0172968 0.999852 -0.00173656 0.0781288 0.0293945 0.00122754 0.999575 19.656
0.999377 -0.0171379 -0.0309753 -0.101942 0.0171294 0.999857 -0.000525001 0.0706653 0.0309802 -6.2169e-06 0.999527 20.5573
0.999317 -0.0179055 -0.0324994 -0.135303 0.0178971 0.999843 -0.000539153 0.0683821 0.0325038 -4.28372e-05 0.99948 21.4548
0.999278 -0.0181318 -0.0334949 -0.178249 0.018119 0.999839 -0.000671664 0.0632246 0.0335021 6.40158e-05 0.999446 22.3535
0.999284 -0.0179888 -0.0334512 -0.235238 0.017996 0.999841 -7.18616e-05 0.0588532 0.0334472 -0.000530164 0.999449 23.2275
0.999261 -0.0180332 -0.0340459 -0.276566 0.0180984 0.999839 0.00162386 0.061751 0.0340115 -0.00223914 0.999427 24.1007
0.999205 -0.0189824 -0.0352587 -0.302751 0.0191529 0.999812 0.00451666 0.0608063 0.0351662 -0.00518839 0.999378 24.9712
0.99917 -0.0184141 -0.0364503 -0.329829 0.0186726 0.999807 0.00678145 0.0516202 0.0363187 -0.00745677 0.99932 25.8364
0.999131 -0.0180431 -0.037766 -0.358702 0.018264 0.999823 0.00552079 0.0565171 0.0376595 -0.00620575 0.999282 26.6957
0.999056 -0.0167933 -0.040167 -0.377379 0.0169285 0.999857 0.00304252 0.0582132 0.0401104 -0.00371998 0.999197 27.5352
0.999008 -0.0167091 -0.0414612 -0.410823 0.0167758 0.999863 0.00126893 0.0617137 0.0414342 -0.00196329 0.999151 28.3595
0.998977 -0.0156605 -0.0425292 -0.444391 0.015715 0.999881 0.000962168 0.0618001 0.0425095 -0.00162992 0.999103 29.1864
0.998936 -0.0161688 -0.0433987 -0.488076 0.016227 0.999872 0.000996886 0.0526323 0.0433769 -0.00170008 0.99907 29.9847
0.998864 -0.0156921 -0.0450971 -0.528039 0.015729 0.999882 0.000474521 0.0431813 0.0450848 -0.0011838 0.998991 30.777
0.998807 -0.0152237 -0.0466351 -0.574753 0.015248 0.999888 0.000170009 0.0496034 0.0466273 -0.000880923 0.998926 31.5561
0.998476 -0.0159603 -0.0529322 -0.524003 0.0161125 0.999872 0.00246357 0.0255276 0.0528866 -0.0033132 0.998605 32.3265
0.998374 -0.0164244 -0.0547637 -0.573371 0.016708 0.999854 0.00472992 0.0280037 0.0546779 -0.00563718 0.998502 33.0756
0.998237 -0.0156338 -0.0573463 -0.613036 0.0160035 0.999859 0.00600796 0.0336359 0.0572447 -0.00691561 0.998347 33.8403
0.998107 -0.0143324 -0.0599898 -0.648748 0.0147184 0.99988 0.00599799 0.0419343 0.0598964 -0.00686961 0.998197 34.5852
0.997972 -0.0115083 -0.0626884 -0.678432 0.0118614 0.999921 0.00527832 0.0503527 0.0626232 -0.0060116 0.99803 35.3036
0.997861 -0.00986382 -0.0648156 -0.726771 0.0101919 0.999944 0.00473234 0.0540078 0.064765 -0.00538285 0.997904 36.0219
0.997757 -0.00927821 -0.0663839 -0.778306 0.00967699 0.999943 0.00569767 0.0631472 0.0663278 -0.00632774 0.99779 36.7337
0.997703 -0.0079344 -0.0674695 -0.833422 0.00846677 0.999942 0.0076074 0.066628 0.0674048 -0.0081612 0.997712 37.4399
0.997718 -0.00489676 -0.0674288 -0.888069 0.00544995 0.999959 0.00803049 0.066503 0.0673873 -0.00838007 0.997704 38.1042
0.997816 -0.00181418 -0.066248 -0.942087 0.00221167 0.999988 0.00592687 0.0704026 0.066236 -0.00606052 0.997805 38.7888
0.99789 -0.000203559 -0.0650236 -0.980415 0.000413408 1 0.00322171 0.0677907 0.0650236 -0.00324218 0.99789 39.469
0.998035 0.000326994 -0.0628711 -1.02619 -0.000231196 1.00001 0.00152935 0.0724231 0.0628716 -0.00151192 0.998039 40.1382
0.998186 0.00125125 -0.0603031 -1.06084 -0.00112585 1 0.00212174 0.0827631 0.0603065 -0.00205037 0.99819 40.8198
0.998355 0.00586656 -0.0572767 -1.10217 -0.0055913 0.999979 0.00496279 0.08293 0.0573042 -0.0046345 0.998365 41.4861
0.998547 0.0098994 -0.0530983 -1.15104 -0.00944282 0.999922 0.00884783 0.07875 0.0531824 -0.008334 0.998561 42.0968
0.998731 0.0147572 -0.0484299 -1.19279 -0.0143057 0.999858 0.00965245 0.0897311 0.048565 -0.00894751 0.998799 42.7349
0.998936 0.0181852 -0.0425383 -1.23497 -0.0178001 0.999804 0.00941747 0.107304 0.0427018 -0.0086507 0.999062 43.3336
0.999119 0.0219604 -0.0361472 -1.27151 -0.0215493 0.999707 0.0117202 0.109983 0.0363935 -0.010931 0.999298 43.9001
0.999225 0.0269342 -0.0289373 -1.30391 -0.0265632 0.999568 0.0131304 0.110346 0.0292791 -0.0123519 0.999508 44.4681
0.999326 0.0302809 -0.0214049 -1.33054 -0.0300098 0.999475 0.0128653 0.114383 0.0217827 -0.0122144 0.999709 45.0127
0.999342 0.0334289 -0.0146281 -1.32946 -0.0332349 0.999367 0.0133151 0.112527 0.0150646 -0.0128206 0.999817 45.533
0.99928 0.037696 -0.00683487 -1.35088 -0.0376074 0.999221 0.0126366 0.12306 0.00730549 -0.0123706 0.999917 46.0639
0.999109 0.0423934 0.0011591 -1.372 -0.042402 0.999069 0.00884315 0.154306 -0.00078246 -0.00888477 0.999973 46.4908
0.998968 0.0446752 0.00977876 -1.38841 -0.0447335 0.998992 0.00581688 0.1583 -0.0095093 -0.00624851 0.999957 46.9642
0.998835 0.0452088 0.0174098 -1.37595 -0.0453108 0.998965 0.00551483 0.164593 -0.0171417 -0.00629768 0.999847 47.3636
0.998709 0.0442626 0.0255032 -1.37159 -0.0444511 0.998999 0.00686945 0.167574 -0.0251737 -0.00799433 0.999674 47.7376
0.998392 0.0460357 0.0333969 -1.36003 -0.0463029 0.99891 0.00727635 0.182108 -0.0330248 -0.00881158 0.999431 48.1178
0.997899 0.0495115 0.042142 -1.35685 -0.0498809 0.998736 0.00775715 0.182642 -0.0417045 -0.00984324 0.999106 48.4179
0.997282 0.0534915 0.0509153 -1.35652 -0.0539074 0.998533 0.00683543 0.193963 -0.0504742 -0.00956213 0.998696 48.7078
0.996526 0.0557271 0.0621226 -1.43006 -0.0561278 0.998424 0.00472501 0.263042 -0.0617609 -0.00819583 0.998083 49.0043
0.995967 0.0551033 0.0709945 -1.40124 -0.0556009 0.998452 0.00505321 0.272674 -0.0706052 -0.00898088 0.997482 49.2748
0.995066 0.0542005 0.0832957 -1.42873 -0.0547103 0.998507 0.00385095 0.25905 -0.0829619 -0.00838961 0.996543 49.5503
0.994224 0.0519596 0.0940649 -1.35709 -0.0521363 0.998653 -0.000578033 0.263139 -0.093967 -0.0043302 0.995586 49.7262
0.99286 0.0488448 0.108972 -1.40865 -0.0483127 0.998817 -0.00751887 0.35486 -0.109209 0.00219973 0.994043 49.9926
0.991199 0.0478495 0.123559 -1.36637 -0.0468232 0.998853 -0.0111982 0.407151 -0.123952 0.0053134 0.992295 50.1825
0.989109 0.0496181 0.138685 -1.29206 -0.0484679 0.99877 -0.0116587 0.387766 -0.139091 0.00480909 0.990295 50.402
0.986484 0.0499419 0.156169 -1.26409 -0.0485329 0.998752 -0.012825 0.393562 -0.156613 0.0050716 0.98767 50.6555
0.983542 0.0489496 0.174021 -1.19682 -0.0471816 0.998797 -0.0142841 0.409778 -0.174509 0.00583759 0.984667 50.8937
0.980167 0.0472651 0.192545 -1.11843 -0.0453369 0.99888 -0.0144105 0.40638 -0.193009 0.00539457 0.981205 51.0892
0.976192 0.0472012 0.211788 -1.03387 -0.045026 0.998885 -0.0150836 0.398117 -0.212262 0.00518771 0.977228 51.2659
0.97124 0.0491383 0.233053 -0.958794 -0.0463758 0.998786 -0.0173211 0.406311 -0.233619 0.00601403 0.972334 51.5579
0.96562 0.0500078 0.25517 -0.854356 -0.046707 0.998741 -0.0189825 0.403469 -0.255795 0.00641087 0.96674 51.8025
0.95888 0.0509922 0.279257 -0.755011 -0.0474049 0.998697 -0.0195881 0.395245 -0.27989 0.00554363 0.960041 52.0358
0.951201 0.0530308 0.304041 -0.621707 -0.0493448 0.998599 -0.0197997 0.383781 -0.304661 0.00382982 0.952484 52.2995
0.942206 0.054731 0.330585 -0.493852 -0.0508047 0.998511 -0.0205117 0.379462 -0.331214 0.00253015 0.943578 52.5367
0.932042 0.0553368 0.35815 -0.336982 -0.0510971 0.99848 -0.0212988 0.373045 -0.358781 0.00155024 0.933452 52.7858
0.920621 0.0530684 0.386882 -0.149192 -0.0479436 0.998601 -0.0228912 0.365584 -0.387553 0.0025247 0.921871 53.0511
0.90712 0.0499367 0.417944 0.0521541 -0.0434855 0.998758 -0.0249512 0.354508 -0.418667 0.00445851 0.908162 53.2892
0.891257 0.0485182 0.450938 0.274134 -0.0402216 0.998815 -0.02797 0.334501 -0.451757 0.00679019 0.892145 53.55
0.873411 0.0503295 0.484416 0.5025 -0.0396428 0.998708 -0.0322865 0.326153 -0.48541 0.00899511 0.874275 53.804
0.85398 0.051689 0.517768 0.761333 -0.0391185 0.998632 -0.0351734 0.303333 -0.518873 0.00978214 0.854827 54.0218
0.832459 0.0537586 0.551508 1.04623 -0.0397282 0.998528 -0.0373656 0.28061 -0.552698 0.00919422 0.833367 54.2259
0.807735 0.057221 0.586793 1.31359 -0.042168 0.998353 -0.0393085 0.271443 -0.588071 0.00700609 0.808812 54.4517
0.781092 0.060785 0.621483 1.64159 -0.0450559 0.99816 -0.0409993 0.258198 -0.622824 0.00402216 0.78239 54.7068
0.75038 0.0619469 0.658126 1.92577 -0.045065 0.998093 -0.0425643 0.245109 -0.659502 0.00228021 0.751736 54.9299
0.715924 0.0594359 0.695674 2.20853 -0.0419495 0.998248 -0.0421164 0.223997 -0.696951 0.000968406 0.717161 55.1375
0.678329 0.0583174 0.732466 2.52678 -0.0399985 0.998314 -0.0424416 0.202798 -0.733701 -0.000508856 0.679514 55.3735
0.637276 0.0578007 0.768492 2.81812 -0.0384417 0.998343 -0.0432107 0.18922 -0.769708 -0.00200549 0.638441 55.5902
0.592226 0.0574431 0.803745 3.19187 -0.0355593 0.998363 -0.0451512 0.167787 -0.805017 -0.00184157 0.593296 55.8383
0.545167 0.056354 0.836458 3.59647 -0.0326577 0.998424 -0.0459816 0.152282 -0.837724 -0.00224969 0.546147 56.0775
0.497589 0.0541801 0.865741 4.03745 -0.0312078 0.998536 -0.044554 0.131809 -0.866881 -0.00484902 0.498549 56.2989
0.448981 0.0524374 0.892027 4.49328 -0.0325754 0.99859 -0.0423059 0.112459 -0.892979 -0.010064 0.450056 56.4946
0.400014 0.0526227 0.915017 4.94586 -0.0356217 0.998505 -0.0418516 0.105308 -0.915845 -0.015854 0.401289 56.6675
0.351389 0.0530167 0.934751 5.45352 -0.0343984 0.998469 -0.0437001 0.0932066 -0.935628 -0.0167984 0.352676 56.8391
0.305773 0.0492869 0.950848 5.9201 -0.0232541 0.998765 -0.0442927 0.0775528 -0.951849 -0.00856823 0.30654 56.9264
0.262592 0.0428673 0.963978 6.40225 -0.0107293 0.999097 -0.0415068 0.0566188 -0.964878 0.000556125 0.262816 56.9941
0.221451 0.0414721 0.974308 6.93155 -0.00274057 0.999135 -0.0419061 0.0370328 -0.975196 0.00660932 0.221373 57.059
0.184268 0.0423167 0.981988 7.51237 -0.000635871 0.999094 -0.0429349 0.0135304 -0.982906 0.00728673 0.18413 57.1404
0.152773 0.0426163 0.987361 8.03092 0.00653723 0.999022 -0.0441313 -0.00919899 -0.988268 0.0131962 0.152345 57.1629
0.124696 0.0409174 0.991374 8.57391 0.0125527 0.999021 -0.0428123 -0.0317841 -0.992146 0.0177825 0.124063 57.1856
0.0996025 0.038811 0.994288 9.1716 0.0195291 0.998989 -0.040951 -0.0511664 -0.994864 0.0234958 0.098745 57.2285
0.0797104 0.037537 0.996135 9.76365 0.023979 0.998947 -0.0395621 -0.0699051 -0.996561 0.0270392 0.0787292 57.2629
0.0640117 0.0385336 0.997223 10.3581 0.0258956 0.998872 -0.0402598 -0.0986527 -0.997642 0.0284002 0.0629433 57.2838
0.0513353 0.0381675 0.997976 10.9505 0.0259824 0.998899 -0.0395395 -0.122201 -0.998374 0.0279591 0.0502901 57.2906
0.0394107 0.0388483 0.998487 11.5975 0.0264585 0.998872 -0.0399078 -0.145667 -0.998902 0.0279908 0.0383404 57.3211
0.0311115 0.0416161 0.998674 12.2336 0.0310421 0.99863 -0.0425816 -0.16279 -0.999066 0.0323251 0.0297802 57.3206
0.0245653 0.0433982 0.998775 12.8651 0.0356987 0.998402 -0.0442602 -0.180098 -0.999091 0.0367415 0.022979 57.3329
0.0204247 0.042461 0.998915 13.5245 0.0361396 0.998434 -0.0431798 -0.205556 -0.999171 0.0369816 0.0188614 57.3318
0.016032 0.0394543 0.999114 14.2019 0.0338869 0.998647 -0.0399799 -0.229676 -0.999328 0.0344971 0.0146757 57.373
0.0134855 0.0321762 0.999418 14.8877 0.0319448 0.998979 -0.0325933 -0.255558 -0.999432 0.0323652 0.0124473 57.3866
0.0124603 0.0262636 0.999599 15.5466 0.0335222 0.999104 -0.0266688 -0.276394 -0.999391 0.0338402 0.0115712 57.3848
0.0126923 0.0233097 0.999675 16.2793 0.03638 0.999077 -0.0237578 -0.296245 -0.999291 0.036669 0.011836 57.3754
0.0126206 0.0251807 0.999625 16.9823 0.0395345 0.998911 -0.0256621 -0.317805 -0.999169 0.0398425 0.0116139 57.3867
0.0130922 0.0320011 0.99943 17.7224 0.0408791 0.998657 -0.032512 -0.337214 -0.999114 0.0412805 0.01177 57.4042
0.0153532 0.0398114 0.999111 18.4675 0.0417468 0.998332 -0.0404221 -0.354414 -0.999041 0.0423293 0.013668 57.4187
0.0158324 0.0401678 0.999096 19.1719 0.0432007 0.998255 -0.0408189 -0.377939 -0.998977 0.0438071 0.014073 57.4584
0.0172752 0.0357571 0.999234 19.9309 0.0425708 0.99845 -0.0364652 -0.397144 -0.998976 0.0431671 0.0157287 57.4896
0.0193983 0.0290964 0.999418 20.6885 0.0419844 0.998694 -0.0298906 -0.424299 -0.998966 0.042539 0.0181549 57.5145
0.0210345 0.0271615 0.999433 21.4824 0.0398292 0.998838 -0.0279838 -0.447486 -0.999017 0.0403941 0.0199308 57.5675
0.0241072 0.0321274 0.999223 22.1824 0.0477198 0.998331 -0.0332505 -0.468135 -0.998607 0.0484836 0.0225373 57.5744
0.0276152 0.0375896 0.998936 22.9119 0.0502466 0.998001 -0.0389436 -0.483966 -0.998388 0.0512672 0.0256736 57.5826
0.0298286 0.0386268 0.99884 23.6657 0.044183 0.99825 -0.039924 -0.502358 -0.998616 0.045322 0.0280731 57.626
0.0339744 0.0351729 0.99883 24.4491 0.0399278 0.99856 -0.0365217 -0.527678 -0.998658 0.0411206 0.0325234 57.6534
0.0384946 0.0313605 0.998799 25.2091 0.0437971 0.998518 -0.0330404 -0.555621 -0.998336 0.0450156 0.0370673 57.6828
0.042033 0.0322623 0.998622 25.8613 0.0490519 0.998232 -0.0343147 -0.573048 -0.997945 0.0504253 0.0403785 57.6851
0.0442271 0.0364083 0.99839 26.6632 0.0488294 0.998087 -0.0385611 -0.609078 -0.997865 0.0504554 0.0423679 57.7432
0.0457739 0.0370434 0.998292 27.4246 0.0458465 0.998207 -0.0391428 -0.636736 -0.997934 0.0475585 0.0439959 57.8413
0.0488203 0.0368369 0.998161 28.2497 0.0452327 0.998238 -0.0390527 -0.662018 -0.997821 0.0470551 0.0470713 57.9016
0.0533225 0.033346 0.998048 28.9521 0.0495863 0.998146 -0.0359989 -0.689718 -0.99738 0.0514074 0.0515725 57.9088
0.0570568 0.0330947 0.997855 29.6952 0.0543499 0.99789 -0.0362042 -0.721843 -0.996928 0.0562979 0.0551409 57.944
0.0603748 0.0332907 0.997649 30.5367 0.0570545 0.997721 -0.0367462 -0.758399 -0.996579 0.0591372 0.0583402 58.0116
0.0635878 0.0332112 0.997455 31.2901 0.0576811 0.997678 -0.0368964 -0.778596 -0.996345 0.0598794 0.0615277 58.0437
0.0672766 0.0319967 0.99725 32.0622 0.059262 0.997619 -0.0360069 -0.798795 -0.996009 0.0615195 0.0652224 58.0908
0.0708118 0.0309775 0.997041 32.8553 0.0614066 0.997512 -0.0353539 -0.82123 -0.995636 0.0637271 0.0687364 58.1427
0.0742859 0.0320035 0.996752 33.6873 0.0595974 0.997582 -0.0364722 -0.832407 -0.99549 0.0621112 0.0722009 58.2001
0.0771377 0.0337826 0.996481 34.4421 0.0569666 0.997669 -0.0382333 -0.856175 -0.99543 0.0597142 0.0750364 58.2748
0.080335 0.033855 0.996221 35.244 0.0587714 0.99755 -0.0386399 -0.877685 -0.99507 0.0616515 0.0781503 58.3351
0.0833825 0.0335402 0.995986 35.9731 0.0567212 0.99768 -0.0383464 -0.904957 -0.99494 0.0596898 0.0812895 58.395
0.0866899 0.0338211 0.995689 36.7605 0.0550393 0.997761 -0.0386839 -0.92975 -0.99475 0.0581536 0.084636 58.4501
0.0900052 0.0337572 0.995403 37.546 0.0521366 0.997922 -0.0385574 -0.960363 -0.994614 0.0553662 0.0880609 58.5208
0.0941794 0.0355401 0.994949 38.3175 0.0509926 0.997905 -0.0404728 -0.989249 -0.994285 0.0545449 0.0921714 58.5847
0.0972955 0.0383712 0.994549 39.1517 0.0496725 0.997851 -0.0433585 -1.02897 -0.994054 0.0536192 0.095183 58.6857
0.102016 0.0396942 0.994019 39.8903 0.0495563 0.997787 -0.0449308 -1.06894 -0.993584 0.0538417 0.0998245 58.7357
0.104834 0.0413579 0.993664 40.6984 0.0436236 0.99801 -0.0461416 -1.10909 -0.993572 0.0481833 0.102824 58.834
0.108232 0.0405106 0.993329 41.4835 0.0396914 0.998223 -0.0450351 -1.1427 -0.99337 0.044299 0.106433 58.9197
0.111905 0.0408828 0.992913 42.2471 0.0421453 0.998087 -0.0458463 -1.17404 -0.992865 0.046976 0.10997 59.002
0.115608 0.0420857 0.992433 43.0592 0.0414945 0.998052 -0.0471578 -1.20781 -0.992466 0.0466303 0.113638 59.1035
0.119086 0.0428585 0.991994 43.8617 0.0376018 0.998185 -0.0476404 -1.24218 -0.992212 0.0429729 0.117261 59.2185
0.123488 0.0406587 0.991543 44.6572 0.0366999 0.998317 -0.0455073 -1.27117 -0.991705 0.0420072 0.121789 59.316
0.128483 0.040848 0.990906 45.4497 0.0371375 0.99828 -0.0459679 -1.30406 -0.991057 0.0427043 0.126747 59.4119
0.134144 0.043992 0.990017 46.2394 0.033957 0.998252 -0.0489592 -1.34403 -0.99042 0.0401834 0.132416 59.5188
0.139906 0.0527929 0.988795 47.0491 0.0323553 0.99783 -0.0578541 -1.38058 -0.989677 0.0400855 0.137896 59.6516
0.146669 0.0578027 0.987529 47.8149 0.0307041 0.997574 -0.0629509 -1.4103 -0.98875 0.0395519 0.144538 59.7896
0.15251 0.0613084 0.986439 48.6669 0.0261593 0.997504 -0.0660416 -1.45181 -0.987997 0.0358752 0.150527 59.9612
0.158739 0.0598219 0.985539 49.4848 0.0226087 0.997711 -0.0642023 -1.49656 -0.987103 0.0324708 0.157022 60.13
0.165565 0.0580689 0.984529 50.2914 0.0226688 0.997807 -0.0626652 -1.54131 -0.985981 0.0326919 0.163887 60.2882
0.171725 0.0550101 0.983641 51.0879 0.0223246 0.997996 -0.0597105 -1.58278 -0.984933 0.0322108 0.170152 60.4507
0.179894 0.0496948 0.982471 51.9273 0.0205913 0.998345 -0.0542691 -1.62486 -0.983513 0.0299916 0.178574 60.602
0.186707 0.0425941 0.981525 52.7511 0.0182015 0.998768 -0.0468049 -1.66304 -0.982288 0.0266017 0.185701 60.7713
0.193603 0.0399254 0.980309 53.5957 0.0178584 0.998893 -0.0442102 -1.71151 -0.98096 0.0260646 0.192677 60.9544
0.200638 0.0416135 0.978815 54.3787 0.0168916 0.998831 -0.0459272 -1.75381 -0.979561 0.0257461 0.1997 61.1068
0.206313 0.0471483 0.977392 55.2023 0.0174093 0.998534 -0.0518442 -1.80482 -0.978374 0.0277104 0.20519 61.2998
0.211315 0.0500744 0.976168 56.0178 0.0158919 0.998408 -0.0546555 -1.85477 -0.97733 0.0270603 0.210181 61.4927
0.216331 0.0525838 0.974945 56.8126 0.014648 0.998292 -0.0570946 -1.90371 -0.976253 0.026631 0.215192 61.6753
0.222234 0.0524873 0.973614 57.5823 0.012001 0.998357 -0.0565606 -1.94541 -0.974962 0.0242516 0.221237 61.8465
0.227639 0.049344 0.972537 58.3282 0.016099 0.998419 -0.0544267 -1.9834 -0.973655 0.0280453 0.226485 62.006
0.232626 0.0426431 0.971666 59.0948 0.0174238 0.998725 -0.0480021 -2.01842 -0.972453 0.0280939 0.231585 62.1871
0.235941 0.0367501 0.971115 59.8761 0.0153747 0.99905 -0.0415437 -2.05422 -0.971688 0.024731 0.235152 62.3947
0.23966 0.0333787 0.970317 60.6377 0.0118757 0.999263 -0.0373076 -2.09052 -0.970827 0.0204617 0.239084 62.5963
0.243783 0.0333847 0.969298 61.3607 0.0107039 0.999284 -0.0371107 -2.12294 -0.969814 0.0194209 0.243251 62.7722
0.247206 0.0355094 0.968346 62.097 0.00951183 0.999221 -0.0390698 -2.1488 -0.968959 0.0188664 0.246673 62.9507
0.249087 0.0394669 0.96772 62.8189 0.00557114 0.999125 -0.042183 -2.1842 -0.968508 0.0158974 0.248649 63.1485
0.252265 0.0432204 0.966727 63.5089 0.00491282 0.998962 -0.0459434 -2.22172 -0.967689 0.0163366 0.251787 63.3158
0.255305 0.0477163 0.965726 64.2003 0.00510993 0.998731 -0.0506992 -2.25799 -0.966891 0.0178769 0.254738 63.4985
0.257259 0.0499829 0.965084 64.8847 0.00625732 0.998584 -0.0533858 -2.28595 -0.966366 0.0197701 0.256579 63.6773
0.258538 0.0502788 0.964735 65.5754 0.0040315 0.99861 -0.0531259 -2.31448 -0.966037 0.0176228 0.257976 63.8799
0.258484 0.0475622 0.96488 66.2164 0.00550389 0.998728 -0.0507052 -2.33383 -0.966045 0.0184141 0.25789 64.0556
0.258481 0.0458211 0.964974 66.8771 0.0033796 0.998857 -0.0483365 -2.37889 -0.966056 0.0157535 0.25803 64.2409
0.258881 0.0446635 0.964912 67.5147 0.00468365 0.998891 -0.047493 -2.40807 -0.965943 0.0168115 0.258381 64.3988
0.257717 0.0435342 0.965285 68.1649 0.00522521 0.998938 -0.0464483 -2.43802 -0.966252 0.0170124 0.257215 64.5742
0.25747 0.0443976 0.965302 68.7916 0.00439623 0.99891 -0.0471159 -2.46672 -0.966322 0.0163717 0.256991 64.7205
0.254924 0.0473251 0.965849 69.4155 0.00316793 0.998787 -0.0497766 -2.49835 -0.967001 0.0157472 0.254465 64.8953
0.252302 0.0511607 0.966331 70.0091 0.00514896 0.998546 -0.0542106 -2.52741 -0.96768 0.0186501 0.251669 65.0515
0.250562 0.0521856 0.966739 70.6151 0.00862991 0.998418 -0.0561336 -2.53867 -0.968108 0.022406 0.249716 65.2043
0.247926 0.0511876 0.967462 71.206 0.0082225 0.998486 -0.0549361 -2.56575 -0.96879 0.0215721 0.247127 65.3672
0.245167 0.0483311 0.968321 71.7915 0.00749912 0.998664 -0.0517454 -2.5968 -0.969498 0.019946 0.244478 65.5192
0.242534 0.0443968 0.969163 72.3681 0.00781093 0.99886 -0.047712 -2.62836 -0.970158 0.019139 0.241909 65.673
0.240932 0.0428543 0.969642 72.9152 0.0121783 0.998845 -0.0471721 -2.65689 -0.970512 0.0231718 0.240133 65.7995
0.239655 0.0441841 0.96989 73.4676 0.0158525 0.998683 -0.049413 -2.68079 -0.970776 0.0272143 0.238637 65.9177
0.236556 0.0456177 0.970595 74.003 0.0194207 0.998509 -0.0516643 -2.71385 -0.971471 0.031069 0.235318 66.0485
0.234658 0.0472819 0.970967 74.5437 0.0182859 0.998457 -0.0530399 -2.748 -0.971955 0.0301983 0.233429 66.1791
0.232849 0.0496622 0.971294 75.0835 0.0174172 0.998356 -0.0552228 -2.78099 -0.972405 0.0297734 0.231602 66.3216
0.230588 0.0475871 0.971927 75.62 0.0184689 0.998442 -0.0532673 -2.82434 -0.972925 0.0302303 0.229349 66.4612
0.231533 0.0454763 0.971813 76.192 0.0252084 0.998324 -0.0527242 -2.84782 -0.972549 0.0367026 0.23 66.5832
0.233972 0.0434109 0.971315 76.7512 0.0304565 0.998218 -0.05195 -2.86942 -0.971815 0.0417343 0.232232 66.6945
0.236364 0.0423034 0.970793 77.308 0.0336526 0.998129 -0.0516897 -2.89554 -0.971131 0.0448843 0.234499 66.8136
0.239837 0.0421083 0.969941 77.8815 0.0315799 0.998225 -0.0511453 -2.92383 -0.97035 0.0428937 0.23808 66.9657
0.244282 0.0427829 0.968812 78.4629 0.0302777 0.998236 -0.0517182 -2.95494 -0.969282 0.0419642 0.242557 67.145
0.250702 0.0412056 0.967229 79.0283 0.0321716 0.998221 -0.0508651 -2.97848 -0.96758 0.0438658 0.248928 67.2939
0.257896 0.0415486 0.965331 79.6232 0.031007 0.998238 -0.0512502 -2.99944 -0.965725 0.0431461 0.256154 67.4803
0.266253 0.039966 0.963117 80.1911 0.0313079 0.998288 -0.0500812 -3.01881 -0.963445 0.0434841 0.264543 67.6331
0.275015 0.040218 0.960652 80.7909 0.0273694 0.998426 -0.0496363 -3.05155 -0.961101 0.0399401 0.273482 67.8214
0.284887 0.0400466 0.957768 81.368 0.026192 0.998462 -0.0495396 -3.08094 -0.958254 0.0391957 0.283397 67.9872
0.29459 0.0438978 0.954669 81.9716 0.0210621 0.998438 -0.0524114 -3.11185 -0.955443 0.035544 0.293205 68.1874
0.303185 0.0464654 0.951842 82.5377 0.0173747 0.998409 -0.0542735 -3.13749 -0.952824 0.0329898 0.301891 68.3842
0.312427 0.049822 0.948689 83.232 0.0124131 0.998359 -0.0565204 -3.18006 -0.949913 0.0294319 0.311295 68.7004
0.323386 0.0513387 0.944919 83.8233 0.0113767 0.998278 -0.0581321 -3.21066 -0.946251 0.0295462 0.32224 68.877
0.33353 0.0525043 0.941332 84.4805 0.00856474 0.998273 -0.0587169 -3.23625 -0.942753 0.0276433 0.332503 69.1255
0.343534 0.0528077 0.937701 85.1031 0.00795928 0.998253 -0.0591346 -3.27005 -0.939159 0.0277752 0.342508 69.3662
0.354268 0.0538477 0.933649 85.7702 0.00371429 0.998287 -0.0589871 -3.30495 -0.93519 0.0243623 0.35346 69.6251
0.364272 0.0489728 0.930052 86.4289 0.00410735 0.998557 -0.0541898 -3.34198 -0.931337 0.0235568 0.363539 69.9035
0.376012 0.041553 0.925741 87.0879 0.00826727 0.998838 -0.0481942 -3.37209 -0.926633 0.0257719 0.37523 70.1362
0.385756 0.0366065 0.921924 87.7435 0.0106897 0.999003 -0.0441412 -3.40556 -0.922593 0.0268795 0.384973 70.4267
0.396603 0.0334295 0.917441 88.4742 0.00986213 0.999159 -0.0406727 -3.43712 -0.917994 0.0251755 0.395938 70.7428
0.405913 0.0307096 0.913445 89.1514 0.0165749 0.999059 -0.0409547 -3.45265 -0.913817 0.031761 0.405014 71.037
0.414077 0.0259489 0.909933 89.8457 0.0225767 0.999029 -0.0387656 -3.4585 -0.910019 0.0365911 0.413087 71.3493
0.421285 0.0154688 0.906847 90.5636 0.0328927 0.998973 -0.0323224 -3.48269 -0.906387 0.043442 0.420335 71.66
0.42777 0.011867 0.903872 91.2944 0.0373821 0.998862 -0.0308079 -3.49786 -0.903173 0.0469628 0.426836 71.994
0.43413 0.0103208 0.900844 91.999 0.040456 0.99874 -0.0309403 -3.54322 -0.899997 0.0498728 0.433157 72.3453
0.442169 0.0179956 0.896813 92.8215 0.0406032 0.998407 -0.0400561 -3.55768 -0.896071 0.0541204 0.44073 72.7401
0.447389 0.0217099 0.894129 93.4961 0.0443099 0.997977 -0.0464039 -3.59288 -0.893298 0.0603751 0.445513 73.1171
0.45248 0.0239237 0.891517 94.2514 0.0428001 0.997942 -0.048505 -3.62826 -0.890807 0.0600995 0.450522 73.5209
0.458243 0.0266809 0.88848 94.9385 0.0353381 0.99825 -0.0482046 -3.63994 -0.888182 0.0534824 0.456489 73.8338
0.461698 0.0307596 0.886568 95.7315 0.0280439 0.998429 -0.0492481 -3.70231 -0.886654 0.0475962 0.460106 74.3146
0.464784 0.0334346 0.884847 96.468 0.0275262 0.998296 -0.0521814 -3.75704 -0.885055 0.0486056 0.463061 74.7429
0.469051 0.0375214 0.882439 97.2316 0.0237034 0.998239 -0.0550477 -3.82369 -0.882914 0.0467326 0.467331 75.189
0.472749 0.040845 0.880306 97.9422 0.0204684 0.998185 -0.0573082 -3.86471 -0.881018 0.0451071 0.471045 75.5909
0.477057 0.0397347 0.878039 98.6006 0.0193022 0.9983 -0.0556676 -3.89737 -0.878722 0.0435007 0.475475 75.9358
0.481375 0.0368426 0.875797 99.276 0.0206039 0.998404 -0.0533268 -3.93617 -0.876332 0.0437113 0.479837 76.3087
0.485507 0.0343354 0.873624 99.8947 0.0205771 0.998539 -0.0506837 -3.96593 -0.874052 0.0425799 0.484087 76.6236
0.490083 0.0335349 0.871088 100.55 0.0198195 0.998612 -0.0495967 -4.00198 -0.87151 0.0415673 0.488728 76.9847
0.493456 0.0354801 0.869113 101.188 0.0180955 0.998569 -0.0510424 -4.03223 -0.869645 0.0409102 0.492102 77.3608
0.49675 0.0356201 0.867221 101.779 0.0190811 0.998507 -0.0519442 -4.07024 -0.867745 0.042347 0.495317 77.6832
0.496946 0.0338824 0.867187 102.37 0.0212281 0.998501 -0.0511813 -4.10526 -0.867585 0.0438387 0.495476 78.0687
0.499457 0.0328031 0.865778 102.989 0.0232531 0.998454 -0.0512467 -4.13649 -0.866089 0.0457236 0.497911 78.4078
0.502022 0.032668 0.864305 103.591 0.0227799 0.998477 -0.0509741 -4.1645 -0.864618 0.0452743 0.500508 78.7497
0.504965 0.0320008 0.862607 104.167 0.0247 0.998406 -0.0515002 -4.19231 -0.862849 0.0473083 0.503359 79.0573
0.507576 0.0335233 0.861023 104.727 0.0245541 0.998311 -0.0533467 -4.22486 -0.86132 0.0482145 0.505891 79.3806
0.510307 0.033203 0.859412 105.276 0.0278194 0.998133 -0.0550836 -4.25622 -0.859605 0.0520138 0.50842 79.6944
0.512362 0.0325594 0.858221 105.826 0.0290871 0.998087 -0.0552344 -4.29852 -0.858341 0.0532582 0.510429 80.053
0.515285 0.0304865 0.856538 106.363 0.0325911 0.997986 -0.0551299 -4.33081 -0.856462 0.0563189 0.513243 80.3779
0.518962 0.0292966 0.854364 106.883 0.0342014 0.997938 -0.0549982 -4.36088 -0.854177 0.0577572 0.516884 80.6703
0.521568 0.0289139 0.852782 107.411 0.0350759 0.997893 -0.0552889 -4.39848 -0.852552 0.0587445 0.519444 81.0222
0.525298 0.028251 0.850518 107.904 0.0354356 0.997893 -0.0550355 -4.42705 -0.850245 0.0590433 0.523183 81.2925
0.528591 0.0277318 0.848488 108.415 0.0366308 0.997829 -0.0554357 -4.46531 -0.84815 0.060379 0.526417 81.6152
0.532606 0.0290839 0.845934 108.914 0.0356937 0.997786 -0.0567812 -4.50169 -0.845676 0.060431 0.530382 81.9335
0.536698 0.0291524 0.843336 109.419 0.0375459 0.997628 -0.0583826 -4.53666 -0.843004 0.0629929 0.534319 82.264
0.541457 0.0324319 0.840174 109.898 0.0350603 0.997554 -0.0611057 -4.57585 -0.840063 0.0625373 0.538989 82.5705
0.547285 0.0381841 0.836142 110.386 0.031326 0.997364 -0.0660531 -4.61762 -0.836426 0.0623382 0.544635 82.8937
0.553328 0.0454246 0.831797 110.864 0.0261324 0.997113 -0.0718402 -4.65343 -0.832621 0.0614827 0.550535 83.2233
0.559418 0.0516328 0.827345 111.334 0.021746 0.996841 -0.0769167 -4.68616 -0.828668 0.0610153 0.556515 83.5563
0.565738 0.0559737 0.822757 111.812 0.0183073 0.996634 -0.0803951 -4.72985 -0.82445 0.0605398 0.562801 83.908
0.571162 0.0566258 0.818951 112.295 0.0140587 0.996836 -0.0787328 -4.7683 -0.820786 0.056478 0.568546 84.2632
0.576708 0.055954 0.815107 112.783 0.00801679 0.997255 -0.0741338 -4.80889 -0.81698 0.0492833 0.574668 84.6297
0.582505 0.0540454 0.811099 113.274 0.00190177 0.997733 -0.0678496 -4.84727 -0.812894 0.0410612 0.581069 85.0056
0.588096 0.0526762 0.807149 113.775 -0.00423408 0.998103 -0.0620571 -4.88743 -0.808849 0.0330739 0.587195 85.4029
0.594829 0.0507632 0.802319 114.269 -0.00654399 0.998316 -0.0583151 -4.92257 -0.803895 0.0294334 0.594146 85.7566
0.60109 0.0542704 0.797413 114.771 -0.0116744 0.99822 -0.0591408 -4.95967 -0.799166 0.0262357 0.600644 86.1567
0.607297 0.0582954 0.792406 115.284 -0.0151358 0.998013 -0.0618242 -4.99072 -0.794401 0.0255484 0.606958 86.5759
0.613496 0.0613194 0.787391 115.793 -0.0187498 0.99787 -0.0631058 -5.04209 -0.789547 0.0239478 0.613329 86.9764
0.620018 0.0633962 0.782097 116.325 -0.02094 0.997752 -0.0642797 -5.08034 -0.78438 0.023474 0.619938 87.4042
0.626884 0.0644716 0.77652 116.856 -0.0240438 0.997736 -0.0634318 -5.12072 -0.778814 0.0210901 0.627004 87.8402
0.633038 0.0664481 0.77134 117.396 -0.0297098 0.9977 -0.0615686 -5.16599 -0.773624 0.0160558 0.633541 88.3207
0.640411 0.0643975 0.765409 117.929 -0.0325881 0.9979 -0.056696 -5.23583 -0.767415 0.0113619 0.641153 88.7417
0.646903 0.0613477 0.760178 118.462 -0.0331382 0.998118 -0.052353 -5.31071 -0.761927 0.00867353 0.647702 89.2742
0.65434 0.0609175 0.753826 119.022 -0.0334496 0.998146 -0.0516305 -5.3511 -0.755536 0.00856512 0.655153 89.7751
0.662194 0.0629382 0.746764 119.593 -0.0378146 0.998043 -0.0505877 -5.39143 -0.748456 0.00525745 0.66326 90.2973
0.670582 0.0635954 0.739188 120.157 -0.0384048 0.997998 -0.0510259 -5.4173 -0.740917 0.00582515 0.671669 90.7945
0.677209 0.0642239 0.733063 120.72 -0.0402279 0.997964 -0.0502728 -5.44937 -0.734769 0.00455286 0.678397 91.3384
0.681871 0.062903 0.728851 121.283 -0.0399769 0.998051 -0.0487406 -5.48502 -0.73046 0.0040943 0.683043 91.8923
0.685802 0.0612384 0.725289 121.873 -0.0383049 0.998149 -0.0480609 -5.51331 -0.726859 0.00517534 0.68686 92.4534
0.689854 0.0586436 0.721659 122.463 -0.0348833 0.998289 -0.0477816 -5.54121 -0.723191 0.00778482 0.690705 93.0032
0.69341 0.0542147 0.718584 123.077 -0.029245 0.998501 -0.0471167 -5.57612 -0.720031 0.011653 0.693937 93.6057
0.697289 0.0470873 0.715333 123.68 -0.0212506 0.9988 -0.0450366 -5.61691 -0.71656 0.0161982 0.697438 94.1693
0.701095 0.0404701 0.712002 124.297 -0.0151679 0.999049 -0.0418537 -5.65514 -0.712988 0.0185403 0.701023 94.7624
0.70383 0.0348978 0.709603 124.9 -0.00961384 0.99921 -0.0396094 -5.68386 -0.71039 0.0210519 0.703593 95.363
0.706493 0.0336084 0.707008 125.499 -0.00934626 0.999269 -0.0381656 -5.71124 -0.707742 0.0203521 0.706271 95.9753
0.70885 0.0345241 0.704608 126.102 -0.00964391 0.999223 -0.0392622 -5.74339 -0.705381 0.0210314 0.708616 96.6028
0.711857 0.0391413 0.70132 126.717 -0.0153518 0.999116 -0.0401826 -5.77671 -0.702241 0.0178341 0.711809 97.2613
0.71435 0.0429219 0.698566 127.343 -0.0217277 0.999038 -0.0391695 -5.80571 -0.699539 0.0127985 0.714579 97.946
0.716749 0.0395394 0.696299 127.931 -0.022001 0.999219 -0.034097 -5.84343 -0.69707 0.00911629 0.717038 98.569
0.720915 0.0369002 0.692137 128.569 -0.0251638 0.999358 -0.0270734 -5.87081 -0.692656 0.00209705 0.721365 99.2282
0.723894 0.0314993 0.689284 129.182 -0.0244228 0.999543 -0.0200321 -5.89111 -0.689567 -0.00233632 0.724312 99.8839
0.728142 0.0268452 0.684999 129.817 -0.021762 0.999677 -0.0160489 -5.91204 -0.685172 -0.00322475 0.728474 100.564
0.732077 0.0230688 0.680925 130.425 -0.0155337 0.999774 -0.017174 -5.92997 -0.681136 0.00199184 0.732248 101.222
0.735945 0.0194028 0.676864 131.017 -0.00518701 0.999764 -0.0230236 -5.94537 -0.677114 0.0134287 0.735855 101.872
0.73972 0.0197334 0.672721 131.652 0.00109127 0.999576 -0.0305247 -5.96555 -0.673006 0.0233095 0.739363 102.626
0.744303 0.0195627 0.667657 132.281 0.00454239 0.999443 -0.0343525 -5.98698 -0.66792 0.0285963 0.743782 103.359
0.749433 0.0152307 0.662004 132.896 0.00711698 0.999536 -0.0310569 -6.00755 -0.662137 0.027982 0.748953 104.064
0.753335 0.00979414 0.657667 133.514 0.0118006 0.99957 -0.0284076 -6.0313 -0.657626 0.0291561 0.752878 104.841
0.758835 0.00618355 0.651355 134.11 0.0164946 0.999496 -0.0287087 -6.05758 -0.651172 0.0325242 0.758325 105.469
0.761242 0.00668101 0.648538 134.703 0.0190225 0.999331 -0.0326278 -6.10948 -0.648285 0.0371688 0.760587 106.269
0.765375 0.00815659 0.643637 135.315 0.0184868 0.999273 -0.0346509 -6.12412 -0.64342 0.0384147 0.764641 106.965
0.768256 0.00500809 0.640231 135.934 0.0215625 0.999245 -0.0336956 -6.15222 -0.639877 0.0396861 0.76755 107.719
0.769485 -0.00013448 0.63877 136.516 0.0241704 0.999335 -0.0289102 -6.18946 -0.63831 0.0376802 0.76895 108.414
0.770969 -0.00520079 0.636961 137.143 0.0286796 0.999281 -0.0265594 -6.1999 -0.636327 0.0387384 0.770545 109.164
0.771954 -0.0103046 0.635701 137.771 0.0331069 0.999209 -0.0240102 -6.21042 -0.634919 0.0395755 0.771658 109.892
0.77233 -0.0118178 0.635222 138.39 0.034164 0.999199 -0.0229538 -6.22396 -0.634403 0.0394236 0.772095 110.661
0.772365 -0.0104976 0.635199 138.996 0.0315555 0.999308 -0.0218587 -6.25126 -0.634498 0.0369215 0.772136 111.396
0.772381 -0.00913409 0.635205 139.612 0.030893 0.999299 -0.0231997 -6.26726 -0.63451 0.0375364 0.772102 112.145
0.771219 -0.00502015 0.636657 140.202 0.0266755 0.999391 -0.0244374 -6.28666 -0.636114 0.0358244 0.770858 112.874
0.770184 -0.00117752 0.637932 140.819 0.0227709 0.999457 -0.025652 -6.31142 -0.637517 0.0342773 0.769774 113.597
0.769228 0.00103103 0.639082 141.447 0.0189709 0.999567 -0.0244511 -6.33751 -0.638797 0.0309274 0.768849 114.353
0.767518 0.00267663 0.641133 142.065 0.0162723 0.999634 -0.0236585 -6.36377 -0.640922 0.0285856 0.767175 115.083
0.765608 0.00170785 0.643412 142.675 0.0154296 0.999707 -0.0210179 -6.38588 -0.643225 0.026014 0.765331 115.792
0.763604 0.00081274 0.645797 143.298 0.0134939 0.999807 -0.0172185 -6.41036 -0.645646 0.0218573 0.763427 116.532
0.761392 -0.00378442 0.648388 143.912 0.0181837 0.999763 -0.0155217 -6.41916 -0.64814 0.0236031 0.761253 117.225
0.758998 0.000273691 0.651206 144.519 0.0174963 0.999677 -0.0208173 -6.43622 -0.65096 0.0271884 0.75873 117.907
0.756569 0.00984239 0.653946 145.141 0.011894 0.999563 -0.0288091 -6.46217 -0.653908 0.0295691 0.756095 118.63
0.753464 0.0142242 0.657447 145.8 0.010357 0.999432 -0.0334974 -6.50601 -0.657509 0.0320426 0.752871 119.446
0.751085 0.0134474 0.660175 146.371 0.00805443 0.999581 -0.0295286 -6.52558 -0.660259 0.0274907 0.750635 120.058
0.74771 0.0116915 0.664035 147.04 0.00501592 0.999764 -0.0232549 -6.5569 -0.664108 0.0207133 0.747458 120.833
0.744608 0.00980795 0.667534 147.67 0.00313892 0.999879 -0.0181966 -6.5805 -0.667596 0.01564 0.744461 121.55
0.741369 0.00987003 0.671136 148.304 0.00307692 0.999879 -0.0181078 -6.59811 -0.671191 0.0154844 0.741231 122.271
0.739501 0.00795175 0.673213 148.942 0.00498973 0.999889 -0.0172958 -6.61054 -0.673238 0.0161447 0.739352 122.911
0.737524 0.00657887 0.675399 149.587 0.00901826 0.999815 -0.0195909 -6.62311 -0.67536 0.0205341 0.737311 123.573
0.734841 0.00510725 0.678323 150.227 0.0126628 0.999745 -0.0212494 -6.641 -0.678222 0.0241993 0.734563 124.223
0.731381 0.00493942 0.682061 150.867 0.0156841 0.999635 -0.0240616 -6.65769 -0.681888 0.0282897 0.731019 124.891
0.727993 0.00538645 0.685666 151.513 0.0153 0.999643 -0.0241017 -6.66904 -0.685513 0.0280311 0.727626 125.566
0.723554 0.00774645 0.690335 152.158 0.0123256 0.999681 -0.0241406 -6.68163 -0.690258 0.02597 0.723211 126.267
0.71885 0.00741607 0.695228 152.779 0.0129499 0.999678 -0.024058 -6.69814 -0.695143 0.026292 0.718498 126.903
0.713293 0.0105814 0.700895 153.409 0.00855018 0.999729 -0.0237984 -6.73621 -0.700912 0.0229624 0.712993 127.55
0.7074 0.0179294 0.706687 154.066 0.0038119 0.999619 -0.0291815 -6.76254 -0.7069 0.0233319 0.707039 128.24
0.702742 0.0224782 0.711196 154.74 0.00249013 0.999465 -0.034054 -6.76521 -0.711537 0.0256966 0.702295 128.889
0.696769 0.0251732 0.716954 155.409 0.00180853 0.999372 -0.0368511 -6.78855 -0.717389 0.0269684 0.696264 129.541
0.690535 0.0203981 0.723118 156.084 0.000334315 0.999643 -0.0285216 -6.81173 -0.723394 0.0199317 0.690267 130.181
0.684324 0.0171069 0.729076 156.768 -0.0058613 0.999874 -0.0179635 -6.82713 -0.72925 0.00801505 0.684317 130.841
0.676916 0.0126018 0.736059 157.435 -0.00552611 0.999962 -0.0120416 -6.83549 -0.736135 0.00407907 0.676946 131.488
0.669668 0.0147985 0.74261 158.13 -0.011319 0.999942 -0.00972348 -6.83529 -0.742667 -0.00189828 0.669777 132.155
0.662238 0.0158434 0.749232 158.827 -0.0101993 0.999925 -0.0121334 -6.84582 -0.749319 0.000389262 0.662336 132.762
0.656426 0.0150542 0.754337 159.522 -0.00469016 0.999917 -0.0158778 -6.8576 -0.754468 0.00688019 0.656423 133.323
0.649888 0.0230327 0.759786 160.279 -0.0049996 0.999699 -0.0260334 -6.88731 -0.760108 0.0131153 0.649795 133.952
0.642249 0.0249154 0.766189 161.056 -0.00203703 0.999578 -0.0308014 -6.88127 -0.766587 0.0182165 0.64201 134.622
0.636174 0.0206965 0.771373 161.792 0.000326485 0.999683 -0.0270956 -6.90402 -0.771641 0.0174839 0.635954 135.194
0.62917 0.0151894 0.777215 162.526 0.00356507 0.999797 -0.0224296 -6.92401 -0.777352 0.0168778 0.628971 135.76
0.622576 0.0147037 0.782526 163.286 0.00345246 0.999813 -0.0215372 -6.94164 -0.782647 0.0161047 0.622397 136.369
0.615163 0.0156947 0.788339 163.981 0.00173794 0.999828 -0.0212657 -6.97717 -0.78849 0.0144471 0.615013 136.942
0.607394 0.0129076 0.7944 164.729 0.00603672 0.999816 -0.020865 -7.0019 -0.794472 0.0174634 0.607194 137.591
0.601456 0.00746663 0.798965 165.486 0.0103269 0.999856 -0.0171224 -7.01449 -0.798931 0.0185439 0.601276 138.187
0.596331 0.004472 0.80283 166.219 0.0107191 0.999903 -0.0135357 -7.0366 -0.802761 0.0166718 0.596215 138.738
0.591806 0.00284288 0.806169 166.968 0.00926331 0.99996 -0.0103309 -7.06148 -0.806118 0.0135765 0.59174 139.315
0.587029 0.00540316 0.809651 167.744 0.00816603 0.99994 -0.0125976 -7.06756 -0.809618 0.0140013 0.586941 139.9
0.58433 0.007833 0.811572 168.429 0.00990922 0.999867 -0.0167894 -7.06077 -0.811545 0.0178475 0.584161 140.345
0.581171 0.013781 0.813765 169.148 0.00887293 0.999741 -0.0232714 -7.07216 -0.813824 0.0207396 0.58089 140.87
0.577789 0.0163687 0.816116 169.888 0.00650589 0.999731 -0.0246618 -7.08847 -0.81625 0.0195538 0.577513 141.425
0.575595 0.011992 0.817748 170.596 0.0065635 0.999845 -0.0192862 -7.10318 -0.817798 0.016463 0.57542 141.902
0.573758 0.00337108 0.819111 171.319 0.0107827 0.99993 -0.0116727 -7.11381 -0.819043 0.0155243 0.573669 142.402
