0.999996 0.000148908 -0.00289878 -0.00219851 -0.00015156 1 -0.000910168 -0.000649842 0.00289864 0.000910605 0.999995 0.749309
1.00001 -0.000404433 -0.000328073 0.0014734 0.000405039 1 0.000280282 0.0156811 0.000328025 -0.000279827 1.00001 0.559254
0.999998 0.000874296 -0.00237867 -0.00372348 -0.000876898 0.999998 -0.000680917 -0.00677764 0.00237808 0.000682053 0.999995 0.558962
0.999917 -0.0124195 -0.00309257 -0.00381305 0.0124073 0.999915 -0.0042484 -0.00633819 0.00314503 0.00421064 0.999988 0.559002
0.999954 0.00964525 0.000833149 -0.00152862 -0.00964851 0.999949 0.00272829 -0.00788695 -0.00080674 -0.00273713 0.999995 0.559555
0.999912 -0.0128052 -0.00325683 -0.00405674 0.0127883 0.999905 -0.00543883 -0.00673307 0.0033261 0.00539765 0.999981 0.561366
