0.999999 -0.000872338 -0.00141445 -0.000241727 0.000872648 1 0.000187253 -0.00391653 0.00141426 -0.000188448 0.999999 0.557636
0.999998 -0.00112792 -0.00189197 -0.00239028 0.00112812 0.999999 0.000109831 -0.00485958 0.00189184 -0.000111973 0.999998 1.11222
0.99999 -0.00138639 -0.00431047 -0.00544202 0.00138457 0.999999 -0.000432864 -0.00586554 0.004311 0.000426935 0.999991 1.66816
0.999978 -0.00246324 -0.00620326 -0.00777394 0.00245924 0.999996 -0.000650857 -0.00797468 0.00620487 0.000635585 0.999981 2.22074
0.999972 -0.00332021 -0.00679764 -0.00904805 0.00331033 0.999994 -0.00146621 -0.0154381 0.00680241 0.00144374 0.999976 2.77571
0.999954 -0.00375643 -0.00882928 -0.01684 0.0037418 0.999991 -0.00167647 -0.0198511 0.00883552 0.00164339 0.99996 3.34738
0.999951 -0.00352444 -0.00925224 -0.022951 0.00351154 0.999993 -0.00141059 -0.0245811 0.0092571 0.00137811 0.999957 3.91782
0.999936 -0.00339358 -0.0108849 -0.0334728 0.00337817 0.999993 -0.00143628 -0.0364522 0.0108897 0.00139948 0.99994 4.5021
0.999937 -0.00290726 -0.01086 -0.0400851 0.00288232 0.999993 -0.00231393 -0.0422053 0.0108666 0.00228262 0.999939 5.08906
0.999919 -0.00202838 -0.0126299 -0.0581454 0.00197633 0.999989 -0.00413444 -0.0497611 0.0126381 0.00410925 0.999912 5.68565
0.999907 -0.000796757 -0.0136338 -0.071385 0.000715139 0.999982 -0.00598975 -0.0606843 0.0136382 0.00597953 0.99989 6.28721
0.999903 0.000224635 -0.0140259 -0.0850278 -0.000299583 0.999985 -0.00534558 -0.0733081 0.0140244 0.00534928 0.999888 6.90453
0.999875 0.00182423 -0.0157212 -0.10881 -0.00182399 0.999998 3.0363e-05 -0.0761184 0.0157211 -1.62305e-06 0.999877 7.55097
0.999875 0.00286452 -0.0156179 -0.123943 -0.00270952 0.999947 0.00993152 -0.0732887 0.0156455 -0.00988792 0.99983 8.20732
0.999847 0.00334971 -0.0171976 -0.146875 -0.00307661 0.999869 0.0158833 -0.0840501 0.0172485 -0.0158278 0.999727 8.8855
0.999824 0.00494826 -0.0181576 -0.166882 -0.00467178 0.999873 0.0152349 -0.093097 0.0182306 -0.0151474 0.99972 9.56357
0.99981 0.00756714 -0.0180274 -0.182666 -0.00739654 0.999927 0.0095126 -0.0979764 0.018098 -0.00937732 0.999793 10.244
0.999778 0.00772435 -0.0196747 -0.205997 -0.00764092 0.999961 0.00430533 -0.104942 0.0197071 -0.00415403 0.999799 10.9622
0.999781 0.00652727 -0.0199036 -0.217036 -0.00641093 0.999962 0.00590542 -0.106877 0.0199413 -0.00577638 0.999785 11.6791
0.999762 0.00504563 -0.0212516 -0.239759 -0.00474062 0.999885 0.0143758 -0.0978066 0.0213216 -0.0142717 0.999673 12.4527
0.999781 0.00403965 -0.0205612 -0.255059 -0.00361502 0.99978 0.0206526 -0.0871806 0.02064 -0.0205737 0.999576 13.2166
0.999749 0.00450498 -0.0219793 -0.279504 -0.00401257 0.999741 0.0223944 -0.0856774 0.0220743 -0.0223006 0.999509 14.0147
0.999749 0.00355597 -0.022177 -0.296538 -0.00306792 0.999753 0.0220062 -0.0813552 0.0222497 -0.0219326 0.999513 14.8172
0.999781 0.00402527 -0.0205766 -0.303834 -0.00359791 0.999778 0.020762 -0.0759706 0.0206555 -0.0206835 0.999575 15.6231
0.999763 0.00518519 -0.0211989 -0.331318 -0.0047914 0.999815 0.0185903 -0.0409519 0.0212912 -0.0184842 0.999603 16.4735
0.999814 0.00235307 -0.0191768 -0.343759 -0.00206525 0.999885 0.0150117 -0.0412095 0.0192099 -0.0149693 0.999705 17.3154
0.999811 -0.000224085 -0.019484 -0.363261 0.00041552 0.999951 0.00982816 -0.0427758 0.0194807 -0.00983438 0.999762 18.1947
0.999853 0.000846651 -0.0172005 -0.377061 -0.000743005 0.999981 0.00602799 -0.0453555 0.0172053 -0.00601437 0.999836 19.0714
0.999835 0.00174156 -0.0181868 -0.399953 -0.00164262 0.999983 0.00545944 -0.0347249 0.0181958 -0.00542861 0.999821 19.9831
0.999829 0.00145204 -0.0184964 -0.421557 -0.00133654 0.999979 0.0062536 -0.0284539 0.018505 -0.00622782 0.999811 20.9057
0.999849 0.00205448 -0.0173146 -0.437596 -0.00194987 0.999979 0.00605946 -0.0259527 0.0173265 -0.00602474 0.999833 21.8301
0.999823 0.00441103 -0.0183501 -0.461866 -0.00431764 0.999977 0.00512569 -0.0309606 0.0183722 -0.00504556 0.99982 22.78
0.999825 0.00726647 -0.017324 -0.487254 -0.00718619 0.999962 0.00469594 -0.0274126 0.0173573 -0.00457054 0.99984 23.7354
0.999799 0.00803018 -0.0184135 -0.511224 -0.00793185 0.999954 0.00540686 -0.0348659 0.018456 -0.00525961 0.999817 24.7017
0.999808 0.00850687 -0.0177607 -0.535451 -0.00839696 0.999944 0.00625519 -0.0347549 0.0178128 -0.00610473 0.999824 25.6814
0.999788 0.00902479 -0.0185814 -0.560518 -0.0088984 0.999936 0.00687261 -0.0352074 0.0186421 -0.0067057 0.999805 26.66
0.99978 0.00904052 -0.019038 -0.584556 -0.008895 0.999929 0.00771572 -0.0331414 0.0191063 -0.00754456 0.99979 27.6517
0.999786 0.00893253 -0.0187372 -0.612294 -0.00875949 0.999918 0.0092971 -0.0287535 0.0188186 -0.00913085 0.999783 28.6619
0.999774 0.00835961 -0.0196448 -0.63578 -0.00816261 0.999914 0.0100901 -0.0164497 0.0197274 -0.00992744 0.999758 29.6604
0.999795 0.00716521 -0.019026 -0.661168 -0.00698646 0.99993 0.00944458 -0.00670556 0.0190922 -0.00930955 0.999776 30.6801
0.999767 0.00819607 -0.0200732 -0.686056 -0.00801804 0.999926 0.00893498 -0.00372169 0.0201449 -0.00877181 0.99976 31.6955
0.999774 0.00624308 -0.0204127 -0.712179 -0.00604906 0.999935 0.00955207 0.0135046 0.020471 -0.00942622 0.999748 32.7253
0.999785 0.00475775 -0.0202815 -0.733614 -0.00451343 0.999915 0.0120787 0.0270806 0.0203372 -0.0119844 0.999723 33.7663
0.999752 0.00502228 -0.0217816 -0.763016 -0.00468234 0.999866 0.015631 0.0264718 0.0218572 -0.015525 0.999642 34.8138
0.999769 0.00512541 -0.0209884 -0.795114 -0.00474106 0.99982 0.0183221 0.0206545 0.0210786 -0.0182183 0.999614 35.8654
0.999742 0.00481802 -0.0222947 -0.820727 -0.00438044 0.999796 0.0196339 0.0366526 0.0223848 -0.019531 0.99956 36.9221
0.99976 0.00468652 -0.0215283 -0.855317 -0.00428167 0.999812 0.0188173 0.0528763 0.0216125 -0.0187204 0.999593 37.9911
0.999717 0.00451794 -0.0234534 -0.879314 -0.00407198 0.999809 0.0190267 0.0734219 0.0235349 -0.0189257 0.999545 39.0615
0.999702 0.00434122 -0.0241264 -0.908436 -0.00384714 0.999781 0.0204917 0.0857636 0.0242102 -0.0203926 0.999501 40.1341
0.999719 0.00493342 -0.023313 -0.941665 -0.004392 0.999719 0.023216 0.0882948 0.023421 -0.023107 0.99946 41.1998
0.999656 0.00557543 -0.0257318 -0.974043 -0.00491233 0.999654 0.0257648 0.0913875 0.0258666 -0.0256293 0.999339 42.2889
0.999674 0.00730912 -0.024574 -1.0081 -0.00667477 0.999643 0.0257923 0.0955292 0.0247537 -0.0256197 0.999367 43.3551
0.999613 0.0101453 -0.0260167 -1.0456 -0.00955382 0.999694 0.0227641 0.0936938 0.0262398 -0.0225065 0.999405 44.4283
0.99962 0.0123094 -0.0247821 -1.07911 -0.0118076 0.999722 0.0202856 0.101861 0.025025 -0.0199852 0.999489 45.5023
0.99959 0.0132192 -0.0255203 -1.11418 -0.0126947 0.999705 0.0206119 0.116253 0.0257854 -0.0202792 0.999465 46.5729
0.999604 0.0127135 -0.0252498 -1.14935 -0.0121256 0.999653 0.0232953 0.122185 0.0255372 -0.0229796 0.999411 47.6496
0.999624 0.0138 -0.0238071 -1.18442 -0.0132113 0.999606 0.0247128 0.134634 0.0241388 -0.0243887 0.999414 48.7238
0.999607 0.0132451 -0.0248149 -1.21915 -0.0125989 0.999581 0.0260122 0.139561 0.0251489 -0.0256891 0.999355 49.8104
0.999632 0.0139936 -0.0233728 -1.24794 -0.0133949 0.999582 0.0255828 0.15666 0.023721 -0.02526 0.999402 50.8845
0.99963 0.0132619 -0.0238642 -1.27786 -0.0126648 0.999606 0.0249969 0.16767 0.0241862 -0.0246851 0.999405 51.9702
0.999637 0.0136038 -0.0233937 -1.30817 -0.0130501 0.999633 0.0236687 0.195986 0.0237071 -0.0233544 0.99945 53.0473
0.999685 0.0124915 -0.0219169 -1.33098 -0.011994 0.999669 0.0226845 0.213782 0.0221929 -0.0224142 0.999505 54.122
0.99968 0.011141 -0.022869 -1.36015 -0.0106674 0.999726 0.0207369 0.225261 0.0230937 -0.0204859 0.999527 55.2006
0.999717 0.0102046 -0.0216371 -1.38509 -0.00978 0.999758 0.0196371 0.234408 0.0218321 -0.0194197 0.999576 56.2722
0.999712 0.00887859 -0.02244 -1.40782 -0.00838546 0.999722 0.0219841 0.249292 0.0226289 -0.0217892 0.999511 57.3557
0.999763 0.00756104 -0.0205694 -1.43393 -0.00699013 0.999592 0.0276853 0.264956 0.0207701 -0.0275348 0.999408 58.4226
0.999766 0.00523569 -0.0211863 -1.46044 -0.00452698 0.999431 0.0333737 0.288944 0.021349 -0.0332695 0.999223 59.5093
0.999779 0.00362014 -0.0208731 -1.48647 -0.00288193 0.999372 0.0352854 0.318718 0.0209875 -0.0352172 0.999162 60.589
0.999811 0.00148324 -0.0196042 -1.51472 -0.000820945 0.999429 0.0337606 0.346831 0.0196431 -0.0337377 0.999243 61.6553
0.999795 -0.00032687 -0.020409 -1.53454 0.000974756 0.999495 0.03174 0.374458 0.0203881 -0.0317532 0.999291 62.7384
0.999813 0.00176138 -0.0194607 -1.56435 -0.00119086 0.999569 0.0293032 0.40988 0.019504 -0.0292741 0.999386 63.8096
0.999799 0.00177254 -0.0201648 -1.58393 -0.00123536 0.999644 0.0266176 0.434593 0.0202047 -0.0265871 0.999445 64.8882
0.999805 0.00402637 -0.0195358 -1.61377 -0.00349061 0.999617 0.0273995 0.459443 0.0196387 -0.0273255 0.999439 65.9723
0.999824 0.00745704 -0.0174872 -1.6461 -0.00690516 0.999482 0.0314013 0.486563 0.0177123 -0.0312748 0.999357 67.056
0.999804 0.00838494 -0.018137 -1.67133 -0.00774567 0.999354 0.0350563 0.506064 0.0184192 -0.0349085 0.999227 68.1432
0.999829 0.00829678 -0.0167838 -1.69716 -0.00765512 0.99925 0.0379314 0.532552 0.0170859 -0.0377962 0.999143 69.2261
0.999827 0.00734345 -0.017348 -1.71807 -0.00663449 0.999153 0.0405985 0.566567 0.0176314 -0.0404758 0.999031 70.3169
0.999851 0.00644292 -0.0163083 -1.74019 -0.00573238 0.999048 0.0432355 0.59887 0.0165713 -0.0431354 0.998935 71.3924
0.999841 0.00537773 -0.0172719 -1.76114 -0.00456285 0.998888 0.0468955 0.636006 0.0175048 -0.0468088 0.998756 72.4813
0.999844 0.00427079 -0.0174199 -1.78241 -0.00339273 0.998737 0.0501156 0.675822 0.0176119 -0.0500485 0.998595 73.5636
0.99986 0.00370665 -0.0165878 -1.80453 -0.00285655 0.998694 0.0509964 0.716425 0.0167551 -0.0509413 0.998567 74.6376
0.999837 0.00399513 -0.0178769 -1.82948 -0.00309472 0.998738 0.0501036 0.751191 0.0180545 -0.0500398 0.998587 75.7106
0.999846 0.00483881 -0.017104 -1.85772 -0.00397745 0.998738 0.0500535 0.785039 0.0173245 -0.0499773 0.998606 76.771
0.999814 0.00625453 -0.0184677 -1.88845 -0.0052808 0.998617 0.0523002 0.823161 0.0187693 -0.0521927 0.998464 77.8398
0.999799 0.00735064 -0.0189011 -1.91964 -0.00626447 0.998358 0.05691 0.851589 0.0192883 -0.0567797 0.998206 78.9072
0.999804 0.00849215 -0.0181165 -1.94868 -0.00735964 0.998068 0.0616768 0.894662 0.0186052 -0.0615312 0.997935 79.9656
0.999777 0.00928066 -0.0192338 -1.97868 -0.00804332 0.997951 0.063453 0.94429 0.0197831 -0.0632837 0.997805 81.0201
0.999779 0.0099292 -0.0187484 -2.00426 -0.00871218 0.997917 0.0639008 0.995388 0.0193439 -0.0637231 0.997784 82.0676
0.999765 0.00917592 -0.0198821 -2.02687 -0.00787103 0.997869 0.0647562 1.05922 0.0204337 -0.0645841 0.997709 83.1106
0.999781 0.00891905 -0.0191769 -2.05172 -0.00764373 0.997818 0.0655636 1.12263 0.0197198 -0.0654024 0.997668 84.142
0.999764 0.00783077 -0.0205241 -2.07367 -0.00643261 0.997708 0.067337 1.18588 0.0210042 -0.0671886 0.997525 85.166
0.999756 0.00726906 -0.021109 -2.09487 -0.00577335 0.997525 0.0700623 1.24588 0.0215661 -0.0699228 0.997324 86.1665
0.999771 0.006675 -0.0206073 -2.12041 -0.00515554 0.997322 0.0729402 1.30448 0.0210389 -0.0728167 0.99713 87.1529
0.999739 0.00619815 -0.0222239 -2.14376 -0.00450853 0.997151 0.0752776 1.35992 0.0226272 -0.0751572 0.99692 88.121
0.999723 0.00537667 -0.0231425 -2.1677 -0.00358168 0.997029 0.0769328 1.41474 0.0234873 -0.0768281 0.996774 89.0604
0.999627 0.00493825 -0.0270483 -2.19554 -0.00282179 0.99697 0.0777242 1.46712 0.0273503 -0.0776183 0.996613 89.9929
0.999543 0.00487671 -0.0300338 -2.2283 -0.00249742 0.996889 0.0787698 1.5178 0.0303244 -0.0786582 0.996447 90.8838
0.999485 0.00497361 -0.031891 -2.26342 -0.00237237 0.996704 0.0810818 1.56218 0.0321892 -0.0809638 0.996202 91.7551
0.999369 0.00600944 -0.0352132 -2.30077 -0.00306641 0.996539 0.0830571 1.61083 0.0355903 -0.082896 0.99593 92.6064
0.999307 0.00725478 -0.0366473 -2.33814 -0.00410797 0.996353 0.0852156 1.65399 0.0371319 -0.0850055 0.995694 93.4316
0.999191 0.00781393 -0.0396289 -2.37455 -0.00430621 0.996123 0.0878514 1.70076 0.0401616 -0.087609 0.995353 94.2353
0.999134 0.00952825 -0.0406573 -2.411 -0.00586318 0.995984 0.0893233 1.75143 0.0413452 -0.089007 0.995178 95.0011
0.999006 0.0112998 -0.0432964 -2.45112 -0.00733766 0.995858 0.0906128 1.8 0.0441409 -0.0902044 0.994953 95.7474
0.998905 0.0126658 -0.045167 -2.4938 -0.00854539 0.995879 0.0902741 1.84274 0.0461243 -0.0897888 0.994898 96.4584
0.998825 0.0142985 -0.0464813 -2.53133 -0.0101565 0.996054 0.0881643 1.88295 0.0475583 -0.087588 0.995029 97.1379
0.998659 0.0167233 -0.0491372 -2.57475 -0.0124726 0.996253 0.0855687 1.9238 0.0503842 -0.0848405 0.995126 97.7951
0.998572 0.0183847 -0.0503335 -2.61593 -0.0140685 0.996297 0.0848103 1.96329 0.0517062 -0.0839805 0.995134 98.4182
0.998505 0.0196477 -0.0511356 -2.65687 -0.0152535 0.996269 0.08494 1.99846 0.0526138 -0.0840325 0.995079 99.0192
0.998531 0.0212169 -0.050024 -2.69544 -0.0168643 0.996162 0.0858894 2.03192 0.0516542 -0.084919 0.995057 99.5938
0.998637 0.0244558 -0.0462733 -2.72942 -0.0203219 0.995932 0.0877825 2.06313 0.0482319 -0.0867218 0.995071 100.146
0.998817 0.0266242 -0.0408914 -2.75882 -0.022886 0.99574 0.0893189 2.09511 0.0430951 -0.0882768 0.995172 100.676
0.999096 0.0275212 -0.0326294 -2.77341 -0.024446 0.995536 0.0911535 2.12624 0.0349925 -0.0902728 0.995309 101.184
0.999356 0.0274795 -0.0234583 -2.78791 -0.025187 0.995348 0.0929909 2.15802 0.0259045 -0.0923395 0.995399 101.678
0.999586 0.0269004 -0.0108827 -2.78622 -0.0257603 0.995242 0.0939633 2.19193 0.0133586 -0.0936434 0.995523 102.148
0.999652 0.0266301 0.00213076 -2.78509 -0.0267125 0.995154 0.0946206 2.22498 0.000399201 -0.0946439 0.99552 102.596
0.9995 0.0263087 0.0180169 -2.77284 -0.0278962 0.995139 0.0944429 2.2584 -0.0154446 -0.0948974 0.995374 103.029
0.999043 0.0260342 0.0354047 -2.75482 -0.0292327 0.995233 0.0930405 2.28513 -0.0328138 -0.0939858 0.995042 103.447
0.998068 0.025675 0.0567248 -2.72441 -0.0306883 0.995526 0.0893613 2.31243 -0.0541766 -0.0909286 0.99439 103.856
0.996393 0.0240614 0.0814817 -2.67845 -0.0310612 0.995831 0.0857566 2.34305 -0.0790786 -0.0879776 0.992988 104.261
0.993886 0.0220989 0.108251 -2.62185 -0.0312934 0.995974 0.0839925 2.37357 -0.105959 -0.0868658 0.990576 104.651
0.990137 0.02047 0.138662 -2.55148 -0.032239 0.996014 0.0831676 2.40334 -0.136407 -0.086817 0.986851 105.039
0.98519 0.0187631 0.17049 -2.47162 -0.0330889 0.996117 0.0815815 2.43007 -0.168297 -0.0860137 0.981984 105.408
0.978296 0.0174707 0.206516 -2.37369 -0.0347093 0.996178 0.0801465 2.45897 -0.204327 -0.0855744 0.975164 105.779
0.969646 0.0145707 0.244113 -2.26074 -0.0348644 0.996263 0.0790212 2.48218 -0.242049 -0.0851327 0.96653 106.135
0.958536 0.0134795 0.284681 -2.13217 -0.037053 0.996297 0.0775839 2.50249 -0.28258 -0.0849146 0.955487 106.492
0.945584 0.0139014 0.325106 -1.99946 -0.0407413 0.996283 0.0758978 2.52537 -0.322843 -0.0850123 0.942635 106.821
0.929318 0.0153708 0.368984 -1.85281 -0.0458172 0.996213 0.0738938 2.55119 -0.366451 -0.0855759 0.926503 107.148
0.910087 0.0147156 0.414177 -1.68724 -0.0493134 0.996114 0.072967 2.57114 -0.411494 -0.0868301 0.907275 107.472
0.889208 0.0139702 0.457308 -1.51282 -0.0525678 0.996034 0.0717862 2.59353 -0.454491 -0.0878719 0.886416 107.766
0.864661 0.0127738 0.502211 -1.31686 -0.0551953 0.99604 0.069696 2.61224 -0.499332 -0.0879824 0.861941 108.063
0.838882 0.0130289 0.544173 -1.11442 -0.0582604 0.99612 0.0659619 2.62779 -0.541202 -0.0870373 0.836387 108.333
0.809789 0.0143573 0.586561 -0.898485 -0.0617634 0.996232 0.0608842 2.64278 -0.583476 -0.0855307 0.807624 108.6
0.778756 0.017914 0.627085 -0.673553 -0.0666846 0.996293 0.0543513 2.65867 -0.623786 -0.0841425 0.777064 108.849
0.743357 0.0229325 0.668515 -0.431554 -0.0737703 0.996127 0.0478585 2.67661 -0.664828 -0.0848919 0.742168 109.099
0.705788 0.027607 0.707898 -0.178006 -0.0805609 0.995887 0.041482 2.69302 -0.703839 -0.0863055 0.705109 109.33
0.665572 0.0267849 0.745865 0.100298 -0.0821892 0.995908 0.0375772 2.70721 -0.741807 -0.0863117 0.665049 109.552
0.623005 0.0243749 0.78185 0.400554 -0.0830572 0.995926 0.0351333 2.71573 -0.777807 -0.0868256 0.622492 109.761
0.578991 0.0225825 0.815032 0.709955 -0.0853465 0.995804 0.0330383 2.73027 -0.810866 -0.0886883 0.578488 109.949
0.530829 0.0210936 0.847228 1.04045 -0.0882794 0.995629 0.0305223 2.73996 -0.842879 -0.0909939 0.530371 110.135
0.483137 0.019171 0.875345 1.3771 -0.0902023 0.995531 0.0279832 2.75194 -0.870896 -0.0924772 0.482707 110.288
0.431152 0.0141614 0.902179 1.73764 -0.0907897 0.995484 0.0277619 2.74624 -0.89771 -0.0938771 0.430491 110.435
0.379621 0.0140428 0.925045 2.09676 -0.0950866 0.995182 0.0239144 2.75718 -0.920252 -0.0970372 0.379127 110.562
0.327953 0.0170709 0.94455 2.46456 -0.0995272 0.994897 0.0165751 2.75817 -0.939446 -0.0994431 0.327979 110.674
0.276695 0.0210892 0.960736 2.8542 -0.103861 0.99456 0.00808075 2.76807 -0.955338 -0.102018 0.27738 110.772
0.229666 0.0222025 0.973026 3.24686 -0.1046 0.994513 0.00199571 2.78112 -0.967642 -0.102236 0.230729 110.851
0.187518 0.0215192 0.982035 3.67243 -0.100539 0.994931 -0.00260385 2.78664 -0.977112 -0.0982445 0.18873 110.91
0.152174 0.0213355 0.988133 4.09341 -0.0944197 0.995509 -0.00695444 2.78122 -0.983843 -0.0922398 0.153506 110.946
0.120719 0.0211239 0.992471 4.53593 -0.0923437 0.995678 -0.00995978 2.77676 -0.988392 -0.0904456 0.122148 110.985
0.0927714 0.0193508 0.99551 4.98197 -0.0947492 0.995446 -0.0105204 2.77672 -0.991178 -0.0933465 0.0941834 111.023
0.0670001 0.015849 0.997637 5.45442 -0.100172 0.99493 -0.00907839 2.78349 -0.992721 -0.0993267 0.0682481 111.065
0.0424163 0.0119099 0.99904 5.9512 -0.104793 0.994467 -0.00740676 2.78743 -0.993599 -0.104377 0.0434307 111.09
0.020157 0.00941401 0.999762 6.46058 -0.101976 0.994761 -0.00731072 2.78371 -0.994593 -0.101804 0.0210116 111.089
-0.000331142 0.00914709 0.999969 6.98159 -0.0961465 0.995326 -0.00913695 2.77966 -0.995377 -0.0961452 0.000550911 111.075
-0.0185661 0.0109113 0.999778 7.52595 -0.0919323 0.995687 -0.0125736 2.76986 -0.995603 -0.0921447 -0.0174827 111.049
-0.0326215 0.0144714 0.999375 8.07715 -0.0917185 0.995633 -0.0174117 2.76266 -0.995261 -0.0922276 -0.0311507 111.037
-0.0444289 0.0181517 0.998858 8.66321 -0.0941459 0.99531 -0.0222746 2.74942 -0.994577 -0.0950275 -0.0425113 111.021
-0.0505339 0.0178906 0.998574 9.27163 -0.0919859 0.995507 -0.0224913 2.73106 -0.994488 -0.0929896 -0.0486601 110.988
-0.0535811 0.013699 0.99848 9.90437 -0.0860327 0.996126 -0.0182832 2.70154 -0.994861 -0.086881 -0.0521946 110.948
-0.0539156 0.0115006 0.998491 10.5515 -0.0847744 0.996272 -0.0160532 2.68906 -0.994951 -0.0855103 -0.0527386 110.913
-0.0512329 0.0106314 0.998641 11.218 -0.0855525 0.996222 -0.0149946 2.67503 -0.995027 -0.0862038 -0.0501295 110.886
-0.0503312 0.0106431 0.998688 11.8981 -0.0888463 0.995932 -0.0150919 2.66981 -0.994784 -0.0894876 -0.0491798 110.866
-0.0485127 0.0103395 0.99878 12.5919 -0.0904082 0.995798 -0.0146997 2.64801 -0.994734 -0.0910103 -0.0473738 110.839
-0.0472089 0.0102656 0.998844 13.3127 -0.0901952 0.995819 -0.0144981 2.63522 -0.994816 -0.0907737 -0.0460844 110.807
-0.0473545 0.00875274 0.998851 14.0289 -0.0904344 0.995819 -0.0130134 2.61344 -0.994787 -0.090946 -0.0463647 110.775
-0.0461 0.00713291 0.998923 14.7693 -0.0916938 0.995723 -0.0113423 2.58861 -0.994731 -0.0921162 -0.0452477 110.751
-0.0464604 0.00475583 0.99892 15.5107 -0.0913736 0.995777 -0.00899051 2.56922 -0.994744 -0.0916919 -0.0458294 110.724
-0.0466399 0.00179304 0.998922 16.2649 -0.0919031 0.99575 -0.00607895 2.5501 -0.994687 -0.0920858 -0.0462758 110.698
-0.047647 3.62474e-05 0.998876 17.035 -0.0938098 0.995581 -0.00451072 2.54389 -0.994461 -0.0939185 -0.0474328 110.668
-0.0492254 -0.00156991 0.998798 17.8219 -0.0946395 0.995507 -0.00310015 2.53824 -0.994306 -0.0946767 -0.0491517 110.633
-0.0500921 -0.00421963 0.998747 18.6088 -0.0920985 0.995751 -0.000412109 2.53178 -0.994501 -0.092003 -0.0502675 110.591
-0.0520653 -0.0070932 0.99863 19.4116 -0.0910776 0.995841 0.00232435 2.51899 -0.994494 -0.09083 -0.0524936 110.551
-0.0532894 -0.00825262 0.998557 20.2149 -0.0915187 0.995799 0.00334593 2.5181 -0.994389 -0.0912076 -0.0538204 110.516
-0.0542626 -0.0059325 0.99852 21.0385 -0.0937271 0.995598 0.000821166 2.51053 -0.99413 -0.0935421 -0.0545787 110.484
-0.0559855 -0.0020904 0.998441 21.8632 -0.0932685 0.995637 -0.00314523 2.5108 -0.994078 -0.0932984 -0.0559358 110.441
-0.0564837 -0.00194878 0.998413 22.6881 -0.0929734 0.995663 -0.00331696 2.5143 -0.994077 -0.0930115 -0.0564188 110.396
-0.0585532 -0.00415414 0.998288 23.5259 -0.0960104 0.99538 -0.00148931 2.51946 -0.99367 -0.0959325 -0.0586812 110.357
-0.0588281 -0.00911183 0.998238 24.3589 -0.0985069 0.995132 0.00327768 2.52231 -0.993409 -0.0981388 -0.0594381 110.321
-0.0599931 -0.0153866 0.998093 25.2013 -0.0995278 0.994992 0.0093564 2.52315 -0.993238 -0.0987758 -0.0612236 110.28
-0.0596193 -0.0218253 0.997994 26.0434 -0.103537 0.994505 0.0155631 2.52664 -0.99285 -0.1024 -0.0615503 110.242
-0.0596905 -0.0240421 0.99794 26.8886 -0.105026 0.994314 0.0176727 2.53587 -0.99269 -0.103753 -0.0618757 110.196
-0.0598255 -0.0193012 0.998035 27.7206 -0.102264 0.994672 0.0131055 2.53009 -0.99297 -0.101278 -0.0614795 110.148
-0.0583481 -0.009377 0.998265 28.5432 -0.1001 0.994972 0.00349514 2.53806 -0.993279 -0.0997217 -0.058993 110.101
-0.0584187 -0.00574708 0.998288 29.3709 -0.0991743 0.995072 -7.55951e-05 2.53763 -0.993367 -0.0990071 -0.0586996 110.056
-0.0563043 -0.0119167 0.998355 30.1938 -0.0977121 0.995196 0.00636816 2.54051 -0.993634 -0.0971919 -0.0571979 110.012
-0.05564 -0.0205105 0.998253 31.0198 -0.094594 0.995402 0.0151788 2.53819 -0.993973 -0.0935823 -0.0573232 109.966
-0.0560774 -0.0258565 0.998105 31.8403 -0.0934862 0.99541 0.0205341 2.53385 -0.994054 -0.0921565 -0.0582368 109.921
-0.0555973 -0.0275147 0.998087 32.6547 -0.094625 0.995268 0.0221654 2.53719 -0.993973 -0.0932098 -0.0579366 109.878
-0.0575052 -0.0290227 0.997936 33.4578 -0.097574 0.994957 0.0233132 2.54328 -0.99358 -0.096031 -0.0600465 109.84
-0.0587898 -0.0308748 0.997805 34.2591 -0.0996469 0.994713 0.0249074 2.54365 -0.993298 -0.0979621 -0.0615544 109.802
-0.0620526 -0.0329882 0.99754 35.0577 -0.099871 0.994644 0.0266797 2.54296 -0.993078 -0.0979688 -0.0650143 109.755
-0.0632688 -0.034697 0.997406 35.8562 -0.100397 0.994548 0.0282284 2.54132 -0.992947 -0.0983484 -0.0664062 109.715
-0.0652107 -0.0358833 0.997239 36.6424 -0.101723 0.994388 0.0291287 2.55051 -0.992687 -0.0995416 -0.0684944 109.669
-0.0683454 -0.0380602 0.996948 37.4294 -0.102221 0.994282 0.03095 2.56269 -0.992425 -0.0997915 -0.071844 109.623
-0.0697271 -0.040398 0.996761 38.2101 -0.101156 0.994317 0.0332226 2.56595 -0.992438 -0.0985111 -0.0734168 109.57
-0.0726643 -0.0413182 0.996513 38.9855 -0.10071 0.994341 0.0338838 2.57411 -0.992273 -0.0978948 -0.0764131 109.514
-0.0736422 -0.0423234 0.996399 39.7572 -0.100233 0.994356 0.0348283 2.57769 -0.992249 -0.0973066 -0.0774682 109.461
-0.0756112 -0.043256 0.996212 40.5176 -0.0990723 0.994443 0.035659 2.5856 -0.992217 -0.0959989 -0.0794754 109.406
-0.0762158 -0.0455264 0.996065 41.2746 -0.0965622 0.9946 0.0380706 2.58876 -0.992419 -0.0932796 -0.0801998 109.347
-0.0780112 -0.0474002 0.995839 42.0327 -0.0959767 0.994589 0.0398215 2.60074 -0.992336 -0.0924689 -0.0821373 109.29
-0.0804137 -0.0492495 0.995557 42.7893 -0.0971123 0.994416 0.0413489 2.61578 -0.992034 -0.0933549 -0.0847469 109.234
-0.0809295 -0.0508364 0.995436 43.518 -0.0979428 0.994273 0.0428136 2.63122 -0.99191 -0.094029 -0.0854439 109.178
-0.082406 -0.0531906 0.995192 44.2328 -0.0989392 0.99408 0.0449385 2.65512 -0.99169 -0.0947593 -0.0871802 109.123
-0.0819508 -0.0544691 0.99516 44.9433 -0.0990357 0.99401 0.0462499 2.68217 -0.991718 -0.0947643 -0.0868532 109.067
-0.0836154 -0.0543496 0.995029 45.6331 -0.098958 0.99403 0.0459793 2.70488 -0.991587 -0.0946205 -0.0884941 109.014
-0.0826552 -0.0543132 0.995111 46.3324 -0.099218 0.994003 0.0460109 2.72127 -0.991642 -0.0949278 -0.0875473 108.959
-0.0828985 -0.0533771 0.995142 47.0205 -0.100139 0.993958 0.0449718 2.74827 -0.991529 -0.0959229 -0.0877422 108.905
-0.0841374 -0.0540165 0.995003 47.7074 -0.0997522 0.993972 0.0455248 2.76964 -0.991464 -0.0954214 -0.0890173 108.851
-0.0834569 -0.0546991 0.995023 48.3948 -0.098382 0.994068 0.0463948 2.79397 -0.991658 -0.0940193 -0.0883427 108.792
-0.0852602 -0.057097 0.994735 49.0777 -0.0978694 0.99401 0.0486663 2.80872 -0.991555 -0.0932028 -0.0903364 108.738
-0.0843227 -0.0576815 0.994782 49.7602 -0.101122 0.993666 0.0490451 2.83524 -0.991309 -0.0964577 -0.0896208 108.688
-0.0853147 -0.0583364 0.994658 50.4303 -0.103024 0.993452 0.0494284 2.85489 -0.991028 -0.0982547 -0.090765 108.635
-0.0844629 -0.0603631 0.994611 51.0892 -0.101614 0.993483 0.0516654 2.87321 -0.991247 -0.0967012 -0.0900456 108.58
-0.0855773 -0.0619124 0.99442 51.7528 -0.101968 0.993372 0.0530714 2.89383 -0.991115 -0.0968551 -0.0913221 108.524
-0.0892706 -0.0633558 0.994005 52.4178 -0.10703 0.992808 0.0536671 2.91453 -0.990255 -0.101596 -0.0954089 108.472
-0.0931059 -0.063241 0.99366 53.0787 -0.109934 0.992533 0.0528678 2.94475 -0.989584 -0.104313 -0.099362 108.42
-0.0998887 -0.0611703 0.993132 53.734 -0.10925 0.99275 0.0501584 2.96368 -0.988998 -0.103488 -0.105847 108.351
-0.105881 -0.0593151 0.992622 54.3856 -0.107534 0.99305 0.0478694 2.98811 -0.988563 -0.10167 -0.111523 108.277
-0.113722 -0.0577885 0.991846 55.0534 -0.10791 0.993122 0.0454902 3.01459 -0.98765 -0.101856 -0.119175 108.203
-0.119141 -0.0584699 0.991168 55.7085 -0.111289 0.992762 0.045186 3.04279 -0.986636 -0.104921 -0.124785 108.129
-0.124539 -0.0602315 0.9904 56.3795 -0.111936 0.992639 0.046292 3.06355 -0.985896 -0.105095 -0.130364 108.048
-0.129786 -0.0609663 0.989681 57.0595 -0.113748 0.992436 0.0462187 3.08846 -0.985012 -0.106574 -0.135738 107.965
-0.1331 -0.0621858 0.989165 57.7307 -0.1161 0.992139 0.0467505 3.11902 -0.984294 -0.108619 -0.139272 107.879
-0.136866 -0.0658917 0.988411 58.4242 -0.116586 0.991924 0.0499816 3.14653 -0.983721 -0.108392 -0.143441 107.784
-0.138298 -0.06978 0.987945 59.1223 -0.114919 0.99191 0.0539731 3.17328 -0.983716 -0.106068 -0.145198 107.683
-0.140593 -0.0736325 0.98734 59.8372 -0.115865 0.991603 0.0574512 3.20324 -0.983281 -0.106319 -0.147943 107.585
-0.140956 -0.0754496 0.987152 60.5413 -0.117267 0.991348 0.0590257 3.2454 -0.983062 -0.107439 -0.148583 107.487
-0.141838 -0.074065 0.98713 61.258 -0.116141 0.991556 0.0577087 3.28131 -0.98307 -0.106459 -0.149241 107.385
-0.143143 -0.0706657 0.987192 61.9721 -0.11023 0.992383 0.055054 3.31923 -0.98356 -0.100937 -0.149842 107.27
-0.14337 -0.0683452 0.987321 62.6939 -0.104283 0.993103 0.0536019 3.34324 -0.984177 -0.0952737 -0.149508 107.151
-0.14497 -0.0677782 0.987128 63.4266 -0.103794 0.993191 0.0529515 3.38486 -0.983993 -0.0947804 -0.151017 107.042
-0.14457 -0.0716577 0.986911 64.1595 -0.106499 0.992709 0.0564775 3.42714 -0.983764 -0.0969376 -0.151146 106.938
-0.144688 -0.0777312 0.986435 64.8931 -0.106847 0.992311 0.0625221 3.4714 -0.983708 -0.0963507 -0.15188 106.829
-0.145879 -0.0814137 0.985961 65.63 -0.103202 0.992424 0.0666775 3.50386 -0.983922 -0.0920248 -0.153175 106.717
-0.146606 -0.0828841 0.985732 66.3584 -0.101803 0.99246 0.0683088 3.54282 -0.983959 -0.090335 -0.153938 106.607
-0.149176 -0.083535 0.98529 67.0969 -0.104612 0.992168 0.068279 3.5879 -0.983278 -0.0928852 -0.156746 106.501
-0.150584 -0.084132 0.985027 67.8191 -0.105088 0.992092 0.0686705 3.62158 -0.983013 -0.0931727 -0.158233 106.392
-0.153474 -0.0850385 0.984502 68.5582 -0.105735 0.991985 0.0692013 3.65797 -0.982496 -0.093474 -0.161235 106.278
-0.154852 -0.0859265 0.98421 69.2868 -0.105949 0.991912 0.0699294 3.70162 -0.982257 -0.0934466 -0.162702 106.164
-0.156966 -0.0867158 0.983805 70.0152 -0.10747 0.991723 0.0702666 3.73984 -0.981757 -0.0946981 -0.164985 106.049
-0.158822 -0.0872003 0.983465 70.7478 -0.109727 0.991482 0.0701913 3.78689 -0.981208 -0.096764 -0.167036 105.926
-0.159352 -0.0872796 0.983371 71.4759 -0.112405 0.991211 0.0697604 3.82821 -0.980819 -0.0994174 -0.167762 105.814
-0.160986 -0.0877808 0.983061 72.2284 -0.112952 0.991133 0.0700048 3.87308 -0.980489 -0.099768 -0.169473 105.692
-0.161797 -0.0879678 0.982911 72.9735 -0.113487 0.99107 0.0700169 3.9167 -0.980295 -0.100217 -0.170334 105.573
-0.163817 -0.0894995 0.982439 73.7318 -0.113093 0.991016 0.0714235 3.96258 -0.980004 -0.0994052 -0.172467 105.447
-0.16408 -0.0918853 0.982174 74.491 -0.114997 0.990647 0.0734666 4.00925 -0.97974 -0.10089 -0.173111 105.325
-0.165238 -0.0941611 0.981765 75.2537 -0.11757 0.990217 0.0751841 4.05955 -0.979238 -0.103001 -0.174691 105.201
-0.168422 -0.0948895 0.981152 76.0246 -0.117638 0.990178 0.0755688 4.10784 -0.978688 -0.102691 -0.177929 105.071
-0.169311 -0.0949618 0.980993 76.7878 -0.117689 0.990175 0.0755388 4.1603 -0.978528 -0.102661 -0.178823 104.936
-0.17214 -0.0951398 0.980482 77.5688 -0.118841 0.990062 0.0752046 4.21558 -0.977896 -0.103573 -0.181735 104.795
-0.172752 -0.0924289 0.980635 78.3376 -0.118949 0.99026 0.072382 4.26357 -0.977774 -0.10414 -0.182063 104.65
-0.174416 -0.0899087 0.980574 79.1256 -0.118344 0.99052 0.0697706 4.31001 -0.977553 -0.103874 -0.183401 104.503
-0.174255 -0.0874266 0.980828 79.9196 -0.118005 0.990728 0.0673446 4.35785 -0.977622 -0.104006 -0.182955 104.358
-0.17423 -0.0867367 0.980893 80.7227 -0.117023 0.990879 0.0668336 4.40907 -0.977745 -0.10314 -0.18279 104.206
-0.175445 -0.0881767 0.98055 81.5413 -0.114317 0.99107 0.0686689 4.44802 -0.977848 -0.100045 -0.183958 104.052
-0.174076 -0.0897762 0.980646 82.3548 -0.113431 0.991036 0.0705919 4.49908 -0.978197 -0.0989452 -0.182697 103.903
-0.174496 -0.0916763 0.980399 83.1849 -0.11409 0.990835 0.0723465 4.54901 -0.978044 -0.0992277 -0.183355 103.754
-0.171568 -0.0937184 0.980719 84.0094 -0.114189 0.990648 0.0746908 4.60444 -0.978551 -0.0991704 -0.180664 103.609
-0.171397 -0.0969259 0.98044 84.8478 -0.113722 0.990445 0.0780351 4.65981 -0.978635 -0.098121 -0.180781 103.458
-0.168414 -0.0999649 0.980649 85.6854 -0.113778 0.990168 0.0813951 4.71505 -0.979147 -0.0978661 -0.17813 103.311
-0.167097 -0.101025 0.980768 86.5172 -0.115019 0.989943 0.0823746 4.77374 -0.979227 -0.0990411 -0.177035 103.166
-0.166884 -0.0989389 0.981015 87.36 -0.115027 0.990113 0.0802886 4.82684 -0.979263 -0.0994419 -0.176613 103.021
-0.164445 -0.094065 0.981908 88.1815 -0.113977 0.990588 0.0758087 4.89705 -0.979797 -0.0994468 -0.173618 102.876
-0.163889 -0.09217 0.982179 89.0343 -0.116456 0.990473 0.073516 4.96107 -0.9796 -0.10233 -0.173059 102.736
-0.161034 -0.0935507 0.982522 89.8716 -0.116379 0.990353 0.0752224 5.02455 -0.980082 -0.10223 -0.170367 102.598
-0.161528 -0.0969742 0.982108 90.7336 -0.11567 0.990163 0.0787451 5.07291 -0.980086 -0.100878 -0.171155 102.456
-0.15965 -0.0983267 0.982282 91.579 -0.115044 0.990101 0.080412 5.13197 -0.980466 -0.100166 -0.169381 102.321
-0.158869 -0.0991065 0.982329 92.433 -0.115428 0.989992 0.0812116 5.18754 -0.980549 -0.100484 -0.168717 102.183
-0.159308 -0.0997116 0.982198 93.2928 -0.115213 0.989967 0.0818139 5.2498 -0.980501 -0.100126 -0.169198 102.043
-0.157789 -0.100929 0.982317 94.1381 -0.113905 0.989984 0.0834205 5.31326 -0.980902 -0.0987258 -0.167704 101.903
-0.157754 -0.1022 0.982193 94.9927 -0.111504 0.990114 0.085116 5.37321 -0.981181 -0.0960892 -0.16759 101.758
-0.156499 -0.101722 0.982442 95.8336 -0.110951 0.990198 0.0848514 5.43197 -0.981447 -0.095721 -0.166249 101.617
-0.157078 -0.100538 0.982473 96.6833 -0.109437 0.990451 0.0838583 5.49341 -0.981522 -0.0943449 -0.16658 101.477
-0.155085 -0.101125 0.982728 97.5057 -0.113912 0.989944 0.0838912 5.55728 -0.981333 -0.0989322 -0.165043 101.348
-0.154142 -0.105718 0.982395 98.3346 -0.11747 0.98917 0.088016 5.63487 -0.98106 -0.101834 -0.164891 101.221
-0.154179 -0.109148 0.982013 99.1677 -0.12214 0.988363 0.0906774 5.70492 -0.980486 -0.10596 -0.165715 101.097
-0.154318 -0.108998 0.982009 99.9869 -0.125537 0.988006 0.0899363 5.77738 -0.980033 -0.109398 -0.166149 100.97
-0.155595 -0.106611 0.982068 100.81 -0.129702 0.987759 0.0866792 5.84869 -0.97929 -0.113887 -0.167517 100.846
-0.155358 -0.105345 0.982243 101.626 -0.131838 0.987616 0.0850693 5.91637 -0.97904 -0.116279 -0.167322 100.721
-0.155814 -0.105526 0.982151 102.444 -0.131559 0.987638 0.0852441 5.97907 -0.979007 -0.115926 -0.16777 100.589
-0.156863 -0.106703 0.981857 103.249 -0.131192 0.987589 0.0863671 6.04129 -0.978886 -0.115262 -0.168915 100.454
-0.156997 -0.107152 0.981786 104.055 -0.130364 0.987648 0.0869458 6.09806 -0.978978 -0.114337 -0.169025 100.317
-0.158186 -0.106646 0.981651 104.855 -0.129704 0.987782 0.0864118 6.14846 -0.978872 -0.113653 -0.170085 100.181
-0.158137 -0.107552 0.98156 105.641 -0.129968 0.987671 0.0872826 6.20784 -0.978847 -0.113766 -0.170164 100.048
-0.159699 -0.109769 0.981062 106.429 -0.13142 0.987318 0.0890772 6.27384 -0.978398 -0.114704 -0.172099 99.9158
-0.160812 -0.111829 0.980647 107.212 -0.13235 0.987033 0.0908539 6.33874 -0.978092 -0.115176 -0.173526 99.7906
-0.163838 -0.111899 0.980139 107.996 -0.131963 0.987104 0.0906359 6.39294 -0.97764 -0.11449 -0.176492 99.6621
-0.16764 -0.111045 0.979592 108.771 -0.132984 0.987104 0.0891386 6.4465 -0.976859 -0.115324 -0.180244 99.5276
-0.17032 -0.110778 0.979161 109.544 -0.134253 0.987005 0.0883133 6.5038 -0.976219 -0.116412 -0.182979 99.3936
-0.174215 -0.111321 0.978413 110.309 -0.134418 0.98698 0.0883615 6.56293 -0.975512 -0.11612 -0.186909 99.2524
-0.176629 -0.112758 0.977817 111.081 -0.133876 0.986938 0.0896284 6.61112 -0.97515 -0.115073 -0.189417 99.1086
-0.179996 -0.113687 0.977094 111.847 -0.133533 0.986931 0.0902324 6.66854 -0.974584 -0.11423 -0.192823 98.9626
-0.181013 -0.111013 0.977215 112.605 -0.13657 0.986822 0.0868081 6.73209 -0.973972 -0.117743 -0.193788 98.8214
-0.182734 -0.105308 0.977525 113.36 -0.137568 0.987208 0.0806349 6.79561 -0.973512 -0.119739 -0.194882 98.6822
-0.186508 -0.102981 0.977062 114.115 -0.1345 0.987806 0.0784399 6.85595 -0.973223 -0.116783 -0.198084 98.5305
-0.188775 -0.105577 0.976347 114.869 -0.133989 0.987679 0.0808953 6.91863 -0.972859 -0.115546 -0.200594 98.3779
-0.192874 -0.112693 0.974751 115.629 -0.134711 0.98702 0.0874569 6.97943 -0.971953 -0.114439 -0.205551 98.2285
-0.194528 -0.114427 0.974219 116.381 -0.135431 0.986797 0.0888625 7.04372 -0.971525 -0.114651 -0.207455 98.0834
-0.197008 -0.113261 0.973858 117.124 -0.136656 0.986782 0.0871196 7.09896 -0.970851 -0.115918 -0.209881 97.9257
-0.198975 -0.110959 0.973722 117.871 -0.138879 0.986739 0.0840627 7.15442 -0.970137 -0.118501 -0.211744 97.7748
-0.20173 -0.108577 0.973425 118.604 -0.138959 0.986958 0.0812899 7.21178 -0.969554 -0.118866 -0.214186 97.615
-0.204739 -0.105934 0.973087 119.33 -0.136141 0.987549 0.0788641 7.24967 -0.969326 -0.116327 -0.21661 97.4563
-0.206329 -0.101825 0.973192 120.054 -0.136104 0.987891 0.0745089 7.29726 -0.968992 -0.11708 -0.217689 97.2955
-0.209272 -0.100786 0.972669 120.784 -0.137578 0.987819 0.0727558 7.35345 -0.968154 -0.118589 -0.220587 97.1367
-0.211553 -0.102428 0.972007 121.515 -0.136939 0.987793 0.0742885 7.40177 -0.967747 -0.117388 -0.222996 96.9767
-0.21615 -0.10588 0.970623 122.238 -0.133522 0.987973 0.0780382 7.44126 -0.967211 -0.112728 -0.227686 96.8075
-0.221423 -0.107719 0.969233 122.97 -0.133608 0.987862 0.0792672 7.48317 -0.966003 -0.111943 -0.233127 96.6317
-0.227607 -0.108539 0.967706 123.683 -0.134782 0.987718 0.0790828 7.53871 -0.964404 -0.112427 -0.239439 96.4617
-0.236229 -0.108875 0.965602 124.39 -0.136405 0.987582 0.0779841 7.58859 -0.962097 -0.113289 -0.248146 96.2884
-0.246002 -0.108872 0.963156 125.095 -0.138315 0.987449 0.0762906 7.64603 -0.959374 -0.114449 -0.257971 96.1063
-0.258133 -0.108456 0.960026 125.804 -0.139535 0.987449 0.0740364 7.69238 -0.956002 -0.114844 -0.270026 95.9108
-0.269803 -0.108317 0.956825 126.496 -0.140297 0.987475 0.0722265 7.7435 -0.952665 -0.114749 -0.281619 95.7146
-0.282191 -0.108441 0.953234 127.194 -0.139202 0.987708 0.0711558 7.79266 -0.949228 -0.11261 -0.293817 95.4997
-0.293112 -0.1088 0.949889 127.88 -0.138465 0.987864 0.0704231 7.8392 -0.946024 -0.110882 -0.304617 95.2817
-0.303744 -0.108899 0.946534 128.564 -0.135926 0.988241 0.0700796 7.88426 -0.94303 -0.107371 -0.314974 95.0526
-0.313631 -0.108636 0.943332 129.245 -0.132549 0.98872 0.069794 7.92647 -0.940273 -0.103145 -0.324491 94.8133
-0.321061 -0.109043 0.940785 129.919 -0.131313 0.988884 0.0698064 7.97273 -0.937934 -0.101123 -0.33181 94.5671
-0.327593 -0.109374 0.938489 130.594 -0.132813 0.988749 0.0688716 8.01849 -0.935463 -0.102079 -0.338431 94.3288
-0.332548 -0.110903 0.936568 131.261 -0.130907 0.98888 0.0706171 8.06132 -0.93398 -0.0991175 -0.343368 94.0809
-0.336129 -0.113001 0.935035 131.934 -0.126292 0.989222 0.0741502 8.10374 -0.933336 -0.0931599 -0.346775 93.8268
-0.337622 -0.114489 0.934318 132.594 -0.122499 0.989482 0.0769839 8.13843 -0.9333 -0.0884596 -0.348095 93.5738
-0.339094 -0.115375 0.933674 133.255 -0.120648 0.989593 0.0784681 8.18591 -0.933011 -0.0860347 -0.349482 93.3296
-0.33964 -0.111629 0.933933 133.906 -0.119381 0.990022 0.0749189 8.22416 -0.932972 -0.086046 -0.349577 93.0889
-0.338148 -0.10915 0.934765 134.548 -0.119992 0.990149 0.072211 8.27157 -0.933439 -0.0877431 -0.347911 92.8524
-0.338272 -0.109118 0.934726 135.189 -0.117824 0.990353 0.0729727 8.31539 -0.933667 -0.0854465 -0.347865 92.6187
-0.336611 -0.110462 0.935166 135.83 -0.116645 0.990343 0.0749938 8.36117 -0.934418 -0.0838354 -0.346243 92.3789
-0.335902 -0.112211 0.935214 136.463 -0.114385 0.990393 0.0777495 8.40159 -0.934949 -0.0808558 -0.345509 92.1487
-0.333821 -0.112753 0.935892 137.094 -0.11432 0.990339 0.0785371 8.44452 -0.935706 -0.0807708 -0.343483 91.9182
-0.331805 -0.110757 0.936849 137.717 -0.113219 0.990585 0.077012 8.48764 -0.936553 -0.0805135 -0.34122 91.6938
-0.328765 -0.110335 0.937968 138.326 -0.112193 0.990686 0.0772125 8.53397 -0.937751 -0.0798455 -0.338079 91.4792
-0.323202 -0.111233 0.939796 138.946 -0.110874 0.990684 0.0791271 8.57073 -0.939836 -0.0786228 -0.332523 91.2606
-0.319074 -0.112941 0.941 139.545 -0.109829 0.990595 0.0816532 8.61515 -0.941371 -0.0772925 -0.328475 91.0543
-0.313968 -0.114582 0.94252 140.16 -0.109051 0.990477 0.0840867 8.65624 -0.943174 -0.0763801 -0.323472 90.8479
-0.31016 -0.115417 0.943676 140.765 -0.108947 0.990383 0.085322 8.7047 -0.944448 -0.0763438 -0.319749 90.6514
-0.307334 -0.11699 0.944408 141.356 -0.10809 0.990287 0.0874998 8.75037 -0.945467 -0.075187 -0.316994 90.4533
-0.303544 -0.118161 0.945486 141.957 -0.104988 0.99039 0.0900674 8.80209 -0.947043 -0.0719213 -0.31303 90.2529
-0.300848 -0.119893 0.946132 142.55 -0.103032 0.99035 0.0927354 8.84112 -0.948115 -0.0695803 -0.310296 90.0632
-0.29697 -0.121058 0.947206 143.143 -0.103648 0.990161 0.0940528 8.89515 -0.949272 -0.0702417 -0.306593 89.876
-0.293377 -0.120746 0.948367 143.724 -0.104872 0.990074 0.0936157 8.94252 -0.950252 -0.0719902 -0.303126 89.6984
-0.289947 -0.118822 0.949662 144.292 -0.104032 0.9903 0.0921452 8.991 -0.951399 -0.0720742 -0.299494 89.5224
-0.284444 -0.116404 0.951626 144.866 -0.10177 0.990664 0.0907616 9.03523 -0.953301 -0.0710284 -0.293633 89.3464
-0.278522 -0.115975 0.953426 145.426 -0.103119 0.990559 0.0903688 9.08309 -0.954906 -0.0731425 -0.287849 89.187
-0.269607 -0.117446 0.955808 146 -0.10438 0.990256 0.092238 9.13426 -0.957322 -0.0748967 -0.279238 89.0335
-0.259697 -0.119446 0.958298 146.56 -0.103572 0.990046 0.0953364 9.17956 -0.960148 -0.0744903 -0.269481 88.8857
-0.247356 -0.12105 0.96136 147.126 -0.101662 0.989937 0.0984929 9.22523 -0.963602 -0.0733683 -0.257171 88.7386
-0.234295 -0.121949 0.964511 147.686 -0.0998535 0.989876 0.100901 9.27461 -0.967052 -0.0726654 -0.244098 88.6062
-0.219641 -0.122641 0.967868 148.242 -0.0986467 0.989779 0.103032 9.32818 -0.970605 -0.0728443 -0.229493 88.4836
-0.201144 -0.123562 0.971761 148.804 -0.0970841 0.989647 0.105741 9.38312 -0.974766 -0.0730696 -0.211056 88.37
-0.180985 -0.124749 0.975568 149.357 -0.0952491 0.989488 0.10886 9.43965 -0.978887 -0.0732174 -0.190964 88.2713
-0.158417 -0.125218 0.979424 149.922 -0.0945177 0.989298 0.111193 9.49999 -0.982865 -0.0749543 -0.168555 88.1878
