0.999984 0.00103384 -0.00560105 -0.02931 -0.00103686 1 -0.000553577 0.0132729 0.0056005 0.00055925 0.999985 0.0877117
0.999931 0.0020267 -0.0115863 -0.0578497 -0.0020387 0.999998 -0.00102212 0.0178935 0.0115842 0.00104565 0.999933 0.156031
0.999826 0.00238587 -0.0185628 -0.0759049 -0.00241653 0.999996 -0.00163838 0.017835 0.0185589 0.00168281 0.999828 0.235876
0.999614 0.00381137 -0.027565 -0.0899157 -0.00388957 0.999989 -0.00278596 0.0184283 0.0275541 0.00289199 0.999617 0.335945
0.999228 0.00431614 -0.0390708 -0.107071 -0.00447832 0.999982 -0.00406844 0.0147886 0.0390526 0.00424011 0.999229 0.456617
0.998612 0.0041573 -0.0525217 -0.127523 -0.00440502 0.99998 -0.00460056 0.00981451 0.0525016 0.00482543 0.99861 0.564859
0.997632 0.00387283 -0.0686947 -0.153098 -0.00418272 0.999982 -0.00436816 0.00572426 0.0686766 0.00464492 0.997629 0.692423
0.996192 0.00269312 -0.0871513 -0.18564 -0.00306666 0.999987 -0.00415107 0.000957028 0.0871391 0.0044024 0.996188 0.830421
0.994249 0.00218336 -0.10709 -0.21958 -0.00266583 0.999987 -0.0043625 6.82502e-05 0.10708 0.00462264 0.994242 0.985531
0.991592 0.00241361 -0.129389 -0.265182 -0.00302483 0.999986 -0.00452662 -0.00103636 0.129376 0.00487985 0.991585 1.15825
0.988182 0.00621295 -0.153176 -0.329618 -0.0071075 0.999961 -0.00529333 -0.0133028 0.153138 0.00631928 0.988187 1.32732
0.983976 0.0105606 -0.177992 -0.406482 -0.0119039 0.999909 -0.0064803 -0.0184497 0.177908 0.00849512 0.984013 1.48931
0.97876 0.0137353 -0.204563 -0.482373 -0.0155035 0.999855 -0.00704355 -0.0237419 0.204437 0.0100652 0.978831 1.65951
0.972675 0.0149077 -0.231701 -0.594354 -0.0169661 0.999834 -0.00689339 -0.023545 0.231559 0.0106359 0.972766 1.82452
0.965326 0.0170432 -0.2605 -0.713074 -0.0194925 0.999787 -0.00682161 -0.0167716 0.260328 0.0116627 0.965453 1.99329
0.95671 0.0192054 -0.290415 -0.836348 -0.0218452 0.999746 -0.00585018 -0.0126299 0.290228 0.011941 0.956886 2.15183
0.9466 0.0221109 -0.321661 -0.980494 -0.025054 0.999674 -0.00501262 -0.00727185 0.321445 0.0128036 0.946845 2.31512
0.934695 0.024395 -0.354619 -1.09589 -0.0279493 0.9996 -0.00490299 -0.00165467 0.354356 0.0144939 0.935002 2.49441
0.921612 0.0275264 -0.387143 -1.22341 -0.0316452 0.999491 -0.00426733 0.00616035 0.386829 0.0161839 0.922014 2.65971
0.906016 0.0273145 -0.422365 -1.35486 -0.0319112 0.999486 -0.00381572 0.0146405 0.422043 0.016935 0.906422 2.84996
0.887998 0.0223045 -0.459315 -1.48519 -0.0274385 0.999615 -0.00450511 0.0170327 0.459037 0.0166033 0.888267 3.03933
0.867678 0.0174951 -0.496825 -1.62735 -0.022757 0.999734 -0.00453984 0.0131808 0.496612 0.015245 0.867844 3.21486
0.843767 0.0187969 -0.536387 -1.79806 -0.0231351 0.999732 -0.0013587 0.0123247 0.536218 0.0135555 0.843977 3.3994
0.815299 0.0246687 -0.578523 -1.98528 -0.0283187 0.999598 0.00271445 0.00905614 0.578355 0.0141695 0.815671 3.57343
0.783434 0.0276984 -0.620864 -2.18985 -0.031257 0.999499 0.00514902 0.00268579 0.620697 0.0153721 0.783907 3.74672
0.748141 0.0267766 -0.663007 -2.39874 -0.0307271 0.999515 0.00569415 0.0092951 0.662835 0.0161119 0.748602 3.92047
0.709083 0.0221812 -0.704782 -2.61611 -0.0249848 0.999669 0.0063248 0.017577 0.704689 0.0131237 0.709403 4.08567
0.667764 0.0182984 -0.744157 -2.86368 -0.020008 0.999782 0.00662987 0.0282655 0.744112 0.0104616 0.667985 4.24263
0.623886 0.0179272 -0.781315 -3.13095 -0.0177701 0.999805 0.00875107 0.0300075 0.78132 0.00842401 0.624084 4.39634
0.576606 0.0180896 -0.81683 -3.41021 -0.0143763 0.999829 0.0119938 0.0335536 0.816903 0.00482698 0.576769 4.53198
0.526469 0.0189681 -0.849988 -3.7032 -0.0141179 0.99981 0.0135671 0.0428042 0.850085 0.00485708 0.526637 4.65365
0.47455 0.0195715 -0.880019 -4.0214 -0.0148999 0.999793 0.0142004 0.0678505 0.88011 0.00637299 0.474745 4.76248
0.420766 0.0206564 -0.90694 -4.3434 -0.0147778 0.999766 0.0159146 0.089887 0.907057 0.00670592 0.420974 4.86186
0.364879 0.0224446 -0.930793 -4.68395 -0.0127479 0.99974 0.0191097 0.085018 0.930975 0.00489259 0.365073 4.96263
0.310998 0.0248673 -0.950091 -5.03344 -0.0108238 0.999687 0.0226224 0.095823 0.950357 0.00324774 0.311172 5.02279
0.259685 0.0251141 -0.965376 -5.40169 -0.00836714 0.999687 0.023756 0.1208 0.965665 0.00190799 0.259816 5.05367
0.209397 0.0251983 -0.977513 -5.79293 -0.00696397 0.999683 0.0242781 0.12716 0.977815 0.00172322 0.209508 5.09389
0.161957 0.0259421 -0.986465 -6.21197 -0.0104567 0.999647 0.024572 0.133025 0.986751 0.00633524 0.162174 5.12071
0.11937 0.0260496 -0.992514 -6.63558 -0.0127283 0.999616 0.0247051 0.144423 0.992778 0.00968356 0.119658 5.13386
0.0814131 0.0244648 -0.996389 -7.08296 -0.0147629 0.999622 0.023338 0.159395 0.99658 0.0128093 0.081746 5.13766
0.0463272 0.0215363 -0.998701 -7.55729 -0.0127821 0.999701 0.0209648 0.175096 0.998855 0.0117938 0.0465912 5.13941
0.0147814 0.0187562 -0.999724 -8.00983 -0.0128879 0.999749 0.018566 0.193938 0.999817 0.0126096 0.0150219 5.11711
-0.0120096 0.0164425 -0.999801 -8.50632 -0.013796 0.99977 0.0166075 0.209903 0.999844 0.0139922 -0.0117772 5.0974
-0.0324966 0.0142492 -0.99938 -9.02228 -0.0155447 0.999773 0.0147602 0.218551 0.999361 0.0160144 -0.0322651 5.05462
-0.0489354 0.0130037 -0.998726 -9.5615 -0.0161126 0.999779 0.0138067 0.235968 0.998683 0.0167673 -0.048712 5.01299
-0.0616418 0.0128951 -0.998026 -10.1027 -0.0139409 0.999812 0.013779 0.255248 0.998012 0.0147624 -0.0614478 4.966
-0.0707996 0.0130852 -0.997414 -10.6623 -0.0152571 0.999787 0.0141991 0.279657 0.997385 0.0162225 -0.0705819 4.90371
-0.0779091 0.0140891 -0.996872 -11.2441 -0.0168644 0.999743 0.0154475 0.282387 0.996829 0.0180147 -0.0776488 4.85382
-0.0823681 0.0152897 -0.996494 -11.8385 -0.0173572 0.999713 0.0167736 0.28433 0.996462 0.0186775 -0.0820759 4.7948
-0.0839767 0.0161831 -0.996349 -12.4231 -0.0149393 0.999741 0.0174972 0.288716 0.996367 0.0163538 -0.0837105 4.74909
-0.0829508 0.0176519 -0.996407 -13.0619 -0.013219 0.99974 0.0188112 0.306382 0.996477 0.0147314 -0.0826928 4.69322
-0.0815446 0.0197541 -0.996487 -13.7195 -0.0135966 0.999694 0.02093 0.313936 0.996589 0.0152554 -0.0812485 4.63295
-0.0799409 0.0194346 -0.996619 -14.3789 -0.015822 0.999663 0.0207628 0.321977 0.996686 0.0174277 -0.0796033 4.57401
-0.0785914 0.0160855 -0.996791 -15.0658 -0.0169038 0.999711 0.017465 0.339391 0.996775 0.018222 -0.0782942 4.51118
-0.0776066 0.0160341 -0.996865 -15.742 -0.0162455 0.999722 0.0173445 0.348605 0.996864 0.01754 -0.0773213 4.46112
-0.0754317 0.018549 -0.996993 -16.4518 -0.0156023 0.99969 0.0197793 0.357843 0.997041 0.0170471 -0.0751163 4.397
-0.0736348 0.0212667 -0.99707 -17.1743 -0.015974 0.999625 0.0225006 0.37594 0.997171 0.0175833 -0.0732642 4.33866
-0.0719935 0.0172619 -0.99727 -17.9175 -0.0117449 0.999774 0.0181527 0.462627 0.997348 0.0130195 -0.0717718 4.26639
-0.0712057 0.0158211 -0.997349 -18.6737 -0.0116099 0.999798 0.0166885 0.475555 0.997408 0.012767 -0.0710046 4.22068
-0.0698331 0.0128373 -0.997491 -19.4303 -0.0138744 0.999816 0.0138381 0.480762 0.997475 0.0148058 -0.0696394 4.16647
-0.0687042 0.0118457 -0.99758 -20.211 -0.0147691 0.999813 0.012889 0.49349 0.997542 0.0156184 -0.0685133 4.10853
-0.0663433 0.0140621 -0.997713 -20.991 -0.0127895 0.999815 0.0149417 0.499031 0.997728 0.0137514 -0.0661484 4.04124
-0.0657673 0.0158593 -0.997723 -21.7887 -0.0102083 0.999816 0.0165651 0.501938 0.997797 0.0112741 -0.0655901 3.99257
-0.0649413 0.017314 -0.997754 -22.6092 -0.0085392 0.999812 0.017905 0.505977 0.997866 0.0096829 -0.0647784 3.94332
-0.0643479 0.0118704 -0.99787 -23.4215 -0.00840421 0.999892 0.012436 0.513271 0.997906 0.00918605 -0.0642381 3.88682
-0.0641328 0.00473142 -0.997945 -24.234 -0.00687626 0.999971 0.00518248 0.514328 0.997931 0.00719459 -0.0640955 3.83302
-0.0657165 -0.000871631 -0.997852 -25.0554 -0.00360407 0.999999 -0.00063654 0.523128 0.997847 0.00355405 -0.0657163 3.80624
-0.0648113 -0.00111083 -0.997912 -25.8834 -0.00263844 1 -0.000942168 0.533268 0.997909 0.00257181 -0.0648116 3.72806
-0.0663678 0.00551967 -0.997795 -26.6747 0.00101428 0.999991 0.00546397 0.522558 0.99781 -0.000649791 -0.0663695 3.70972
-0.0671459 0.0125019 -0.997681 -27.5326 -9.51433e-05 0.999929 0.0125361 0.516938 0.997759 0.00093651 -0.067137 3.65511
-0.0690083 0.0180917 -0.997469 -28.359 -0.00101456 0.999841 0.0182046 0.507382 0.997632 0.00226769 -0.0689758 3.6195
-0.0687779 0.0181332 -0.997484 -29.2189 -0.00317723 0.999834 0.0183945 0.507158 0.997643 0.00443403 -0.0687059 3.53884
-0.06962 0.0133494 -0.997503 -30.0783 -0.000782327 0.999918 0.0134359 0.545432 0.99759 0.00171516 -0.0696006 3.47388
-0.0715508 0.00990918 -0.997405 -30.9199 -0.000465188 0.999957 0.00996733 0.554367 0.997454 0.00117669 -0.0715401 3.4303
-0.0720463 0.0111649 -0.997359 -31.7625 -0.00125406 0.999944 0.0112841 0.549501 0.997418 0.00206323 -0.072025 3.36925
-0.0716661 0.013746 -0.997352 -32.5978 -0.00331597 0.999904 0.0140189 0.534647 0.997442 0.0043113 -0.0716107 3.29675
-0.0718783 0.0120338 -0.99736 -33.4427 -0.00396631 0.999924 0.0123502 0.532186 0.997423 0.00484322 -0.071822 3.23423
-0.0715576 0.00694138 -0.99743 -34.2737 -0.00485236 0.999969 0.0073065 0.52511 0.997444 0.00536224 -0.0715188 3.1709
-0.0709015 0.0028559 -0.9975 -35.1111 -0.00635169 0.999983 0.0033141 0.517655 0.997481 0.0065704 -0.0708791 3.09125
-0.0706988 0.00312518 -0.997511 -35.9295 -0.00534592 0.999987 0.00351109 0.524165 0.997504 0.00558053 -0.0706782 3.0357
-0.0705102 0.00415184 -0.997524 -36.7625 -0.00238588 0.999997 0.00433038 0.539809 0.997527 0.00268492 -0.070497 2.97518
-0.0684732 0.00932941 -0.997628 -37.5699 -0.00261098 0.999958 0.0095295 0.520278 0.997671 0.00325708 -0.068443 2.87713
-0.0676672 0.0154968 -0.99761 -38.4398 -0.00182473 0.999884 0.0156554 0.506726 0.997727 0.0028794 -0.067628 2.80292
-0.0679759 0.0205765 -0.997495 -39.2743 -0.00291809 0.999787 0.0208217 0.467911 0.997705 0.00432591 -0.0678986 2.74239
-0.0674594 0.0206025 -0.997534 -40.1264 -0.00272647 0.999786 0.0208331 0.463438 0.99774 0.00412495 -0.067386 2.66749
-0.0672419 0.01621 -0.997626 -40.87 -0.00334705 0.999867 0.0164712 0.459045 0.997754 0.00444628 -0.067176 2.61766
-0.067399 0.0121109 -0.997678 -41.7296 -0.0039027 0.999922 0.0124014 0.444738 0.99774 0.00472935 -0.0673437 2.55265
-0.0686338 0.00990052 -0.997615 -42.5221 -0.00793119 0.999922 0.0104681 0.428986 0.997634 0.00863038 -0.0685473 2.52518
-0.069864 0.00824429 -0.997549 -43.3769 -0.0110828 0.999906 0.00903949 0.425649 0.997517 0.011687 -0.0697633 2.4618
-0.0715374 0.00686771 -0.997438 -44.1953 -0.00890269 0.999942 0.00752251 0.407831 0.997422 0.0094177 -0.0714695 2.42249
-0.0734827 0.00344805 -0.997318 -45.0357 -0.00563093 0.999985 0.0038717 0.400213 0.997304 0.00590025 -0.0734594 2.36781
-0.0744024 0.00214194 -0.99725 -45.8766 -0.00159832 1.00001 0.00226615 0.386961 0.997252 0.00176235 -0.0743967 2.30438
-0.0771959 0.00543746 -0.997029 -46.7142 -0.000733598 0.999993 0.00551002 0.381305 0.997039 0.0011568 -0.0771885 2.24483
-0.0794079 0.0111765 -0.996804 -47.5304 0.00151714 0.999948 0.0110899 0.372274 0.996866 -0.000631829 -0.0794179 2.18928
-0.0831251 0.0147462 -0.996458 -48.3522 0.00303724 0.999899 0.0145433 0.367786 0.996558 -0.00181752 -0.0831586 2.14693
-0.0844778 0.0137446 -0.996356 -49.1816 0.0020407 0.999916 0.0136197 0.358364 0.99645 -0.000882756 -0.0844959 2.06987
-0.0851072 0.0100045 -0.99635 -49.9862 -0.00144243 0.999956 0.0101634 0.345243 0.996394 0.00230221 -0.0850861 1.98251
-0.0863931 0.00582526 -0.996271 -50.792 -0.00595376 0.999973 0.00636221 0.347678 0.996271 0.00648113 -0.0863531 1.89762
-0.089649 0.00334492 -0.995997 -51.5988 -0.0097335 0.999954 0.0042337 0.351429 0.995949 0.0100739 -0.0896093 1.83328
-0.090601 0.0039481 -0.995907 -52.4061 -0.0107242 0.999941 0.00493864 0.347055 0.995857 0.0111277 -0.0905503 1.74737
-0.0919711 0.00461208 -0.99578 -53.2016 -0.00994432 0.999945 0.00554921 0.348217 0.995735 0.0104125 -0.0919172 1.67301
-0.093031 0.00354937 -0.995685 -53.9935 -0.010433 0.999946 0.00453821 0.345166 0.995636 0.0108102 -0.0929859 1.58815
-0.0931218 0.00275273 -0.99568 -54.7752 -0.0111984 0.99994 0.00381118 0.34497 0.995616 0.0115046 -0.0930823 1.50587
-0.0934655 0.00489048 -0.995642 -55.5497 -0.00896333 0.999955 0.00575183 0.33251 0.995612 0.00946176 -0.0934142 1.42544
-0.0934639 0.00607491 -0.995634 -56.2428 -0.0154908 0.999862 0.00755416 0.362479 0.995526 0.0161291 -0.0933536 1.34936
-0.0944164 0.0101939 -0.995513 -57.0276 -0.0154836 0.999824 0.0117053 0.354752 0.995442 0.0165192 -0.0942386 1.2776
-0.0959078 0.0107017 -0.995363 -57.7787 -0.0103646 0.999887 0.0117483 0.383574 0.99536 0.0114432 -0.0957829 1.20708
-0.0968847 0.0104131 -0.995274 -58.5269 -0.00912077 0.999905 0.0113481 0.377357 0.995284 0.0101769 -0.0967772 1.1322
-0.0981286 0.00767543 -0.995174 -59.2576 -0.00880829 0.999934 0.00857995 0.385056 0.99516 0.00960764 -0.0980513 1.06846
-0.0987844 0.00278256 -0.995138 -59.958 -0.0067477 0.999983 0.00346451 0.401904 0.995116 0.00705709 -0.0987606 0.990861
-0.0986484 -0.000790583 -0.995153 -60.6889 -0.00691279 0.999987 -0.000109861 0.396192 0.995124 0.00686846 -0.0986492 0.909828
-0.0971806 -0.00264326 -0.995298 -61.4241 -0.00761882 0.999981 -0.00191328 0.374008 0.995268 0.00739697 -0.0971955 0.824958
-0.0951009 -0.00408736 -0.99549 -62.1194 -0.00965386 0.999958 -0.00318408 0.368926 0.995446 0.00930755 -0.0951331 0.752204
-0.0906214 -0.00319116 -0.995915 -62.8324 -0.00910373 0.999967 -0.0023773 0.345448 0.995875 0.00885099 -0.0906443 0.666438
-0.0851507 -0.00140721 -0.996398 -63.5062 -0.00791434 0.999979 -0.000736641 0.327452 0.996362 0.00782324 -0.0851569 0.61568
-0.0785926 -0.000599893 -0.996942 -64.1722 -0.00593036 0.999995 -0.00013578 0.321757 0.996921 0.00590144 -0.0785929 0.566371
-0.0699039 0.000309429 -0.997585 -64.7928 -0.00592409 0.999993 0.000724542 0.315209 0.997562 0.00596044 -0.0698985 0.513063
-0.0593246 0.000297538 -0.998276 -65.4227 -0.00588433 0.999995 0.000645752 0.324804 0.998255 0.00591228 -0.0593201 0.484208
-0.0449256 0.00177042 -0.999022 -66.0386 -0.00769289 0.99998 0.00211732 0.312879 0.998987 0.00778046 -0.0449084 0.455492
-0.0269203 0.00297351 -0.999671 -66.6243 -0.00855164 0.99997 0.00320269 0.299055 0.999634 0.00863482 -0.0268923 0.451787
-0.00500374 0.00302317 -1.00002 -67.1996 -0.00811382 0.999974 0.00306291 0.301176 0.999982 0.00812912 -0.00497706 0.453803
0.0203373 0.00334789 -0.999826 -67.7239 -0.00625288 0.999987 0.00321909 0.288045 0.999807 0.00618621 0.020359 0.478969
0.0486799 0.00201988 -0.998848 -68.2694 -0.00342669 1 0.00185449 0.29396 0.998837 0.0033324 0.0486882 0.537023
0.0824736 0.00124973 -0.996632 -68.7996 -0.00095507 1.00001 0.00117274 0.29563 0.996627 0.000855102 0.0824756 0.603761
0.119124 0.00153237 -0.992915 -69.2536 0.00122063 1.00001 0.00168902 0.284975 0.992908 -0.00141306 0.119123 0.709213
0.15786 0.00168877 -0.9875 -69.7649 0.00357738 1 0.00227978 0.263121 0.98749 -0.0038926 0.157853 0.861967
0.202936 0.00266858 -0.979226 -70.2337 0.00575701 0.999988 0.00391751 0.257793 0.979207 -0.00643211 0.202916 0.991399
0.249734 0.000624384 -0.968356 -70.6535 0.0116079 0.999938 0.00363607 0.25262 0.968281 -0.0121486 0.249708 1.16843
0.298501 -0.00378149 -0.954441 -71.0835 0.0217963 0.99977 0.00285492 0.233157 0.954194 -0.0216549 0.298511 1.37027
0.349308 -0.00852691 -0.937014 -71.5051 0.029212 0.999583 0.00179119 0.213534 0.93659 -0.0279974 0.349407 1.57819
0.400817 -0.0129022 -0.916108 -71.9079 0.036452 0.999346 0.00187319 0.200938 0.915468 -0.0341439 0.40102 1.81278
0.451364 -0.0136289 -0.892283 -72.3143 0.0377796 0.999292 0.00384517 0.203244 0.89158 -0.0354452 0.451552 2.07306
0.49886 -0.0143847 -0.866607 -72.6956 0.0405791 0.999166 0.00677327 0.197754 0.86577 -0.038544 0.499019 2.35155
0.543878 -0.0188226 -0.839004 -73.0377 0.0499096 0.998718 0.00994528 0.194735 0.837721 -0.0472827 0.544111 2.63126
0.586515 -0.0256741 -0.809578 -73.332 0.0619987 0.998001 0.0132657 0.189793 0.807604 -0.0579719 0.586924 2.94437
0.628923 -0.0303533 -0.776931 -73.6592 0.0645795 0.997838 0.0132902 0.182144 0.774829 -0.0585316 0.629513 3.26931
0.670587 -0.0352491 -0.741045 -73.9727 0.0625457 0.998014 0.00912557 0.178571 0.739236 -0.0524672 0.671447 3.59207
0.710706 -0.0430424 -0.702234 -74.2519 0.0600023 0.998212 -0.000460954 0.194059 0.70098 -0.0418077 0.712005 3.94613
0.750552 -0.0449123 -0.659343 -74.5347 0.0550784 0.998481 -0.00531695 0.193184 0.658566 -0.0323238 0.751872 4.32113
0.787754 -0.0493529 -0.614082 -74.7783 0.0567078 0.998376 -0.00749601 0.223836 0.613439 -0.0289182 0.78926 4.71525
0.821774 -0.0537843 -0.56734 -74.9826 0.0592736 0.998217 -0.00877742 0.262484 0.566788 -0.0264141 0.82348 5.14019
0.853083 -0.0537616 -0.519083 -75.2353 0.0577342 0.998311 -0.00851616 0.270237 0.518648 -0.0227042 0.85473 5.61181
0.879682 -0.0531079 -0.472673 -75.438 0.0575953 0.998341 -0.00498293 0.271239 0.472143 -0.0228392 0.881264 6.08878
0.901988 -0.0472985 -0.429265 -75.6554 0.0513116 0.998696 -0.00222742 0.288118 0.428797 -0.0200177 0.903221 6.55101
0.92044 -0.0416033 -0.38877 -75.8563 0.0443723 0.999027 -0.00185664 0.289931 0.38846 -0.0155407 0.921371 7.10713
0.934763 -0.0376606 -0.353398 -76.0448 0.0406177 0.999191 0.000950938 0.298073 0.353064 -0.0152438 0.935518 7.65673
0.94549 -0.0369759 -0.323673 -76.2249 0.04058 0.99918 0.00439104 0.292703 0.323238 -0.0172854 0.946195 8.24017
0.952963 -0.0378775 -0.300857 -76.3722 0.0416561 0.999128 0.00615115 0.307524 0.300351 -0.018395 0.953693 8.84278
0.959316 -0.0373568 -0.280004 -76.541 0.0416443 0.999103 0.00937793 0.299435 0.279395 -0.0206561 0.959989 9.42111
0.964156 -0.0354112 -0.263136 -76.6894 0.040433 0.999104 0.0136907 0.291587 0.262405 -0.0238399 0.964705 10.0479
0.968378 -0.0303648 -0.247808 -76.857 0.0354924 0.999252 0.0162504 0.290549 0.247122 -0.0245309 0.968709 10.6936
0.971415 -0.0270065 -0.236037 -77.0075 0.0322053 0.999332 0.0181943 0.293756 0.235379 -0.0252765 0.971617 11.3636
0.974521 -0.0277933 -0.222765 -77.149 0.0327393 0.999306 0.0185396 0.296453 0.222089 -0.0253595 0.974732 12.008
0.977415 -0.0275746 -0.209736 -77.2768 0.0321947 0.999324 0.0186424 0.303056 0.209072 -0.0249743 0.977623 12.6705
0.98018 -0.0274819 -0.196421 -77.4032 0.0320545 0.999298 0.0201375 0.309138 0.195723 -0.0260335 0.98035 13.3843
0.982827 -0.0251754 -0.183053 -77.518 0.0296529 0.99934 0.0217599 0.311713 0.182376 -0.0268149 0.982906 14.0905
0.985016 -0.0248754 -0.170926 -77.6312 0.028684 0.999406 0.0198466 0.313753 0.170324 -0.0244511 0.985122 14.813
0.98693 -0.0243799 -0.159581 -77.7585 0.0271811 0.99953 0.015388 0.313592 0.159122 -0.0195253 0.987109 15.5606
0.988366 -0.0264428 -0.15009 -77.8542 0.0281624 0.999575 0.00933865 0.319964 0.149774 -0.013456 0.988668 16.2931
0.989505 -0.0262636 -0.142423 -77.9515 0.0278785 0.999584 0.00934709 0.327704 0.14211 -0.0132204 0.989807 17.0438
0.990462 -0.0244336 -0.13596 -78.0607 0.0267327 0.999545 0.0151047 0.340703 0.135524 -0.0185942 0.99064 17.822
0.99121 -0.0193594 -0.131241 -78.1654 0.0225739 0.999496 0.0230409 0.345679 0.13072 -0.0258014 0.991129 18.5821
0.991711 -0.018796 -0.127497 -78.271 0.0223615 0.999413 0.0265853 0.35472 0.126917 -0.0292146 0.991524 19.3763
0.992091 -0.0214352 -0.124062 -78.3611 0.0246733 0.999411 0.0246169 0.378625 0.123453 -0.0274838 0.992017 20.1168
0.992409 -0.0220422 -0.121404 -78.4522 0.0250749 0.999425 0.0235037 0.388988 0.120811 -0.0263681 0.992367 20.891
0.992836 -0.0221763 -0.117819 -78.5495 0.0254153 0.999355 0.0260524 0.392129 0.117157 -0.0288607 0.992741 21.6471
0.993046 -0.0234417 -0.115806 -78.631 0.0269889 0.999227 0.029153 0.390015 0.115028 -0.0320743 0.992886 22.4111
0.993271 -0.0262179 -0.113234 -78.7081 0.0298489 0.999107 0.0304843 0.400969 0.112325 -0.0336595 0.993151 23.1729
0.9935 -0.0267754 -0.111096 -78.7842 0.0300027 0.999188 0.0274745 0.402397 0.110264 -0.0306276 0.993473 23.9399
0.993859 -0.0238413 -0.108503 -78.8854 0.0261567 0.999476 0.0199586 0.410711 0.107962 -0.0226748 0.993947 24.7
0.994095 -0.0241547 -0.106264 -78.9772 0.0255352 0.999623 0.0116419 0.427493 0.105937 -0.0142854 0.994313 25.4593
0.994173 -0.0236421 -0.105644 -79.0568 0.0245321 0.999691 0.00712433 0.434234 0.105435 -0.00967529 0.99443 26.2318
0.994335 -0.0227073 -0.104329 -79.1306 0.023736 0.999697 0.0086183 0.432621 0.104096 -0.0110447 0.994549 26.9865
0.994473 -0.0202738 -0.103502 -79.2013 0.0216932 0.999703 0.0125961 0.429589 0.103207 -0.0147725 0.994602 27.7454
0.994635 -0.0170237 -0.102535 -79.2777 0.0189272 0.999682 0.0176071 0.427495 0.102197 -0.0194521 0.994618 28.5176
0.994658 -0.0194782 -0.101867 -79.3378 0.0215477 0.999602 0.0192462 0.429549 0.101443 -0.021339 0.994665 29.2776
0.994555 -0.0226964 -0.102213 -79.3963 0.0247553 0.999531 0.0189092 0.430621 0.10173 -0.0213354 0.994627 30.0189
0.994447 -0.0248876 -0.102749 -79.461 0.0269586 0.999479 0.0188085 0.431998 0.102219 -0.0214745 0.994583 30.7869
0.994485 -0.0249801 -0.102371 -79.5378 0.0269175 0.9995 0.0175773 0.432661 0.101875 -0.0202348 0.994637 31.5441
0.994473 -0.0262799 -0.102151 -79.6179 0.0280504 0.9995 0.0159237 0.44133 0.101672 -0.0187018 0.994696 32.2929
0.994601 -0.0263722 -0.100887 -79.7075 0.0281387 0.999491 0.0161169 0.447626 0.100405 -0.0188676 0.994815 33.0628
0.994745 -0.0248171 -0.0998631 -79.8009 0.0265932 0.99953 0.0164812 0.463808 0.0993983 -0.0190511 0.994922 33.8398
0.99468 -0.025961 -0.100213 -79.8826 0.0276824 0.999509 0.0158136 0.459295 0.0997473 -0.0185027 0.994889 34.6186
0.994535 -0.0258819 -0.101679 -79.9717 0.0276443 0.99951 0.0159502 0.448976 0.101207 -0.0186749 0.99475 35.3814
0.994348 -0.0271832 -0.103144 -80.0625 0.028964 0.999473 0.0157967 0.456321 0.102654 -0.0186939 0.99459 36.1594
0.994029 -0.0260701 -0.106474 -80.1546 0.0278487 0.999516 0.0152406 0.464694 0.106016 -0.0181158 0.99426 36.9684
0.993858 -0.0210945 -0.109124 -80.2562 0.022791 0.999658 0.0143117 0.471833 0.108778 -0.01671 0.993975 37.7504
0.993598 -0.0200368 -0.111682 -80.3528 0.0210925 0.999762 0.00826604 0.48371 0.11148 -0.0105701 0.993772 38.5431
0.993438 -0.0193309 -0.113213 -80.4646 0.0200385 0.999808 0.00510401 0.475995 0.113086 -0.00733841 0.99361 39.335
0.993016 -0.0203618 -0.116689 -80.5385 0.0208804 0.999796 0.00320982 0.474094 0.116591 -0.00562543 0.993226 40.1574
0.992827 -0.020876 -0.118188 -80.6654 0.0217055 0.999769 0.00572359 0.453097 0.118034 -0.0082471 0.993027 41.0136
0.992323 -0.0221559 -0.122143 -80.7475 0.0231302 0.999731 0.00655228 0.439867 0.121955 -0.00932864 0.992554 41.861
0.992205 -0.0217372 -0.123161 -80.8634 0.022959 0.999721 0.00849927 0.428381 0.122935 -0.0112598 0.992404 42.7025
0.992148 -0.0214756 -0.123683 -80.9838 0.0232863 0.999662 0.0131999 0.411965 0.123348 -0.0159775 0.992299 43.5404
0.991818 -0.0229336 -0.126025 -81.0811 0.0253292 0.999547 0.0174291 0.423441 0.125561 -0.0204776 0.991927 44.3802
0.991723 -0.022549 -0.126857 -81.1738 0.0251799 0.99952 0.019162 0.429433 0.126354 -0.0221986 0.991801 45.2364
0.992039 -0.0200811 -0.124776 -81.2936 0.0224953 0.999607 0.0179588 0.451634 0.124359 -0.0206217 0.992076 46.108
0.992283 -0.0207069 -0.122729 -81.4098 0.0228869 0.999624 0.0163672 0.461738 0.122335 -0.0190508 0.992371 46.962
0.99229 -0.0238568 -0.122088 -81.5034 0.0257395 0.999595 0.0138564 0.468776 0.121701 -0.016891 0.992477 47.8364
0.992329 -0.0279811 -0.120907 -81.604 0.0296564 0.999507 0.0120679 0.472524 0.1205 -0.0155622 0.992658 48.7076
0.992424 -0.0297418 -0.119685 -81.7037 0.0313652 0.999462 0.0116938 0.473528 0.119265 -0.0153581 0.992799 49.5886
0.992648 -0.0309866 -0.117508 -81.8278 0.0328068 0.999391 0.0135783 0.480942 0.117005 -0.0173347 0.993047 50.4595
0.992727 -0.0323691 -0.116454 -81.9367 0.0344051 0.999311 0.0155063 0.481109 0.115864 -0.019399 0.993132 51.3297
0.992883 -0.0328848 -0.114979 -82.0469 0.0348911 0.999293 0.0154721 0.481717 0.114379 -0.0193748 0.993315 52.1983
0.99299 -0.0323588 -0.114199 -82.1544 0.0339977 0.999367 0.0124224 0.480758 0.113718 -0.0162167 0.993438 53.0874
0.993273 -0.0300902 -0.112349 -82.2773 0.0310702 0.999515 0.00697217 0.467182 0.112075 -0.0104173 0.993713 53.9555
0.993546 -0.0279131 -0.110486 -82.3977 0.0282738 0.999622 0.00168672 0.456911 0.110389 -0.00479886 0.993933 54.7797
0.993678 -0.0237358 -0.110284 -82.4911 0.0233921 0.999739 -0.00442255 0.446923 0.11035 0.00181302 0.993961 55.6565
0.993931 -0.0228389 -0.108169 -82.6068 0.0223327 0.999757 -0.00590547 0.435566 0.10827 0.00345453 0.994173 56.4948
0.994024 -0.0257315 -0.106664 -82.7245 0.0259313 0.999687 0.000474741 0.415429 0.106608 -0.00323938 0.994366 57.3676
0.993944 -0.0258849 -0.107368 -82.8237 0.0270857 0.99961 0.00972667 0.401587 0.107066 -0.0125751 0.994231 58.2545
0.993641 -0.0269118 -0.109892 -82.9037 0.0290335 0.999445 0.0177432 0.381749 0.109343 -0.0208221 0.993858 59.0852
0.993187 -0.0296309 -0.113244 -82.9833 0.0315024 0.99942 0.014761 0.384997 0.112733 -0.018227 0.993518 59.9227
0.992861 -0.0340139 -0.114865 -83.0826 0.035474 0.999338 0.0106829 0.383564 0.114415 -0.0146827 0.993397 60.7574
0.992384 -0.0352049 -0.118569 -83.1661 0.0365316 0.999317 0.00902437 0.374284 0.118162 -0.0132864 0.992966 61.587
0.992087 -0.0334845 -0.121525 -83.274 0.0345594 0.999405 0.0067409 0.361894 0.121216 -0.0108888 0.99264 62.4196
0.991714 -0.032538 -0.124778 -83.3858 0.0331826 0.99947 0.00307942 0.351626 0.124604 -0.00719369 0.992241 63.2665
0.991144 -0.0322801 -0.129296 -83.4931 0.0324525 0.999498 -0.000780891 0.34243 0.129245 -0.0034237 0.99168 64.0782
0.990802 -0.0314662 -0.132096 -83.6124 0.0308319 0.999528 -0.00685601 0.348089 0.132241 0.00272069 0.991277 64.8857
0.990461 -0.0260449 -0.135779 -83.7307 0.0253507 0.99968 -0.00684961 0.326468 0.135903 0.0033403 0.990789 65.6874
0.990113 -0.0228644 -0.138855 -83.8672 0.0220359 0.999757 -0.0075143 0.329619 0.138984 0.00438059 0.990349 66.4989
0.989546 -0.0198929 -0.143292 -83.9943 0.0197365 0.999827 -0.00252366 0.316599 0.143306 -0.000332607 0.989752 67.3161
0.988971 -0.01828 -0.147413 -84.1284 0.0189346 0.999843 0.00302453 0.295118 0.147325 -0.0057819 0.989135 68.1016
0.988094 -0.0187714 -0.153138 -84.2514 0.0198456 0.999813 0.00547858 0.292828 0.152995 -0.00845408 0.988264 68.9202
0.98714 -0.0181483 -0.15923 -84.3909 0.0190557 0.999837 0.00416083 0.305004 0.15912 -0.007141 0.987299 69.7073
0.986257 -0.0186274 -0.164578 -84.5341 0.0195242 0.999827 0.00382368 0.326989 0.164467 -0.00698615 0.986432 70.4875
0.985019 -0.0220297 -0.171415 -84.6753 0.0214488 0.999784 -0.00525044 0.407653 0.171484 0.00149557 0.985253 71.2758
0.98405 -0.0170433 -0.17746 -84.8293 0.0160783 0.999872 -0.00688479 0.388955 0.177543 0.0039196 0.98418 72.0491
0.983186 -0.0158512 -0.18228 -84.9942 0.0133741 0.999828 -0.0148234 0.405874 0.182474 0.0121366 0.983204 72.8128
0.982099 -0.0158118 -0.188078 -85.1379 0.0129092 0.999803 -0.0166579 0.367291 0.188292 0.0139293 0.982092 73.5368
0.981114 -0.0148276 -0.193207 -85.3018 0.011372 0.999782 -0.0189943 0.356091 0.193437 0.0164385 0.981044 74.3025
0.980154 -0.01251 -0.198202 -85.4647 0.00986635 0.999875 -0.0143293 0.335587 0.198344 0.012087 0.980137 75.0698
0.979064 -0.0117896 -0.20354 -85.6442 0.00976816 0.999919 -0.0109446 0.318871 0.203642 0.00872731 0.979077 75.8287
0.977921 -0.011954 -0.208979 -85.8179 0.00988619 0.999917 -0.0109459 0.303037 0.20908 0.00863585 0.977941 76.5469
0.976598 -0.0137933 -0.214947 -86.0067 0.0110746 0.999869 -0.013858 0.260579 0.2151 0.0111531 0.976599 77.3002
0.974896 -0.0145871 -0.222509 -86.1946 0.010131 0.99975 -0.0211641 0.229383 0.222749 0.0183758 0.974783 78.044
0.972767 -0.016568 -0.231489 -86.3799 0.0114317 0.999684 -0.0235219 0.208262 0.231796 0.0202347 0.972626 78.7826
0.970733 -0.0171594 -0.239851 -86.6084 0.0120821 0.999697 -0.0226313 0.199413 0.240153 0.0190684 0.97063 79.4929
0.968185 -0.0170871 -0.249932 -86.8304 0.0132262 0.999794 -0.0171267 0.178013 0.250162 0.0132757 0.968187 80.2132
0.965269 -0.0157996 -0.261062 -87.0528 0.0134651 0.999879 -0.0107359 0.166577 0.261186 0.0068454 0.965349 80.9309
0.962604 -0.0139601 -0.270811 -87.2939 0.0125945 0.999926 -0.00678647 0.122135 0.270874 0.00312162 0.962684 81.6397
0.959175 -0.0117713 -0.282831 -87.5121 0.00876278 0.999919 -0.0119075 0.0948343 0.282933 0.00894029 0.959184 82.3713
0.955441 -0.012678 -0.295147 -87.7357 0.00669221 0.99978 -0.0212893 0.0656659 0.29534 0.018365 0.955291 83.0908
0.951717 -0.0155431 -0.306827 -87.9788 0.00759568 0.999633 -0.0270867 0.0489879 0.307119 0.0234452 0.951469 83.79
0.947556 -0.0156768 -0.319426 -88.2171 0.00858855 0.999714 -0.0235937 0.0386642 0.319692 0.0196123 0.947395 84.4942
0.944181 -0.0141865 -0.329352 -88.5016 0.00939603 0.999856 -0.016139 0.00050927 0.329516 0.0121408 0.944161 85.1945
0.939921 -0.0139056 -0.341315 -88.7678 0.0110438 0.999914 -0.0103318 -0.0397352 0.341416 0.00594099 0.939971 85.8894
0.936102 -0.015431 -0.351605 -89.0739 0.012167 0.999891 -0.0114966 -0.0807831 0.351726 0.00648138 0.93617 86.5947
0.9323 -0.0176576 -0.361449 -89.3717 0.0130212 0.999828 -0.0152637 -0.115788 0.361643 0.0095232 0.932347 87.2808
0.929058 -0.0215869 -0.369511 -89.6667 0.0145163 0.999686 -0.0219106 -0.150261 0.369848 0.0149895 0.929062 87.9711
0.9262 -0.0259079 -0.37633 -89.967 0.0165897 0.999501 -0.0279856 -0.179309 0.376853 0.0196761 0.926145 88.6743
0.923409 -0.0261303 -0.383129 -90.271 0.0156497 0.999446 -0.0304534 -0.208587 0.383693 0.0221221 0.923289 89.3483
0.920769 -0.0207795 -0.389739 -90.6003 0.00937585 0.999502 -0.0311451 -0.240356 0.390177 0.0250221 0.920482 90.0396
0.917243 -0.0199478 -0.398024 -90.9062 0.00903931 0.999565 -0.0292714 -0.27666 0.398414 0.0232482 0.917005 90.7223
0.913391 -0.0198432 -0.406776 -91.2171 0.0111881 0.99969 -0.0236496 -0.296101 0.407103 0.0170491 0.913307 91.4292
0.910451 -0.0158021 -0.413508 -91.5413 0.0104501 0.999865 -0.015208 -0.336307 0.41367 0.0095224 0.910473 92.116
0.908236 -0.00350223 -0.418616 -91.8974 0.000258285 1 -0.00781143 -0.379023 0.418628 0.00698538 0.908216 92.8035
0.903094 0.00436043 -0.429605 -92.1578 -0.00747786 0.999993 -0.00557695 -0.504174 0.429554 0.00824627 0.903102 93.4208
0.900659 -0.00139798 -0.434697 -92.5103 -0.00536507 0.999917 -0.014337 -0.506803 0.434664 0.0152435 0.900551 94.112
0.89798 -0.00936434 -0.44012 -92.8309 -0.000442363 0.999792 -0.0221825 -0.528752 0.440211 0.0201111 0.897769 94.797
0.896158 -0.00741677 -0.443845 -93.1876 -0.00258703 0.999791 -0.0219355 -0.568994 0.443897 0.0208044 0.895926 95.4979
0.893597 -0.00187722 -0.449044 -93.5509 -0.0063586 0.999876 -0.0168408 -0.600762 0.448995 0.0179012 0.893456 96.2079
0.890653 0.00109478 -0.454853 -93.8894 -0.00766847 0.999925 -0.0126142 -0.628258 0.454788 0.0147213 0.89057 96.8743
0.887986 -0.00272502 -0.460039 -94.2493 -0.00444414 0.999923 -0.0145085 -0.663523 0.460018 0.0149248 0.887886 97.5643
0.884613 -0.00546178 -0.46646 -94.6008 -0.00532358 0.999783 -0.0218073 -0.681156 0.46646 0.0217727 0.884368 98.2745
0.882698 -0.00827768 -0.470041 -94.9868 -0.00589829 0.999611 -0.0286876 -0.703756 0.470068 0.0280916 0.882287 98.9375
0.880039 -0.00704411 -0.475015 -95.3578 -0.00822935 0.999548 -0.0300739 -0.732614 0.474994 0.0303733 0.87956 99.6136
0.876959 -0.00444461 -0.480715 -95.7154 -0.00915346 0.999661 -0.0259483 -0.767952 0.48064 0.0271524 0.876603 100.307
0.875303 -0.00239279 -0.483732 -96.1141 -0.0105345 0.999691 -0.0240122 -0.800552 0.483621 0.0261119 0.874984 100.964
0.872487 -0.00123194 -0.488805 -96.487 -0.0122143 0.999669 -0.0243284 -0.820709 0.488646 0.0271931 0.872165 101.628
0.870299 -0.00286156 -0.492674 -96.8653 -0.0112201 0.999644 -0.0256313 -0.851694 0.492552 0.0278328 0.869934 102.276
0.867855 -0.00471033 -0.496961 -97.2518 -0.009629 0.999647 -0.0262974 -0.887244 0.496882 0.0276041 0.867486 102.943
0.865588 -0.00589827 -0.500881 -97.649 -0.00821839 0.999663 -0.0259791 -0.917739 0.500847 0.0266016 0.865225 103.599
0.863557 -0.00452066 -0.504395 -98.0669 -0.00985607 0.999656 -0.0258408 -0.951066 0.50431 0.0272828 0.863198 104.265
0.861179 -0.00415168 -0.508443 -98.4512 -0.0109222 0.99962 -0.0266664 -0.977183 0.508341 0.0285156 0.860783 104.902
0.858596 -0.00755418 -0.512758 -98.8518 -0.00980264 0.999506 -0.0311462 -1.00806 0.512712 0.0317648 0.85808 105.557
0.8563 -0.0106837 -0.516524 -99.243 -0.00935079 0.999336 -0.0361762 -1.04382 0.516549 0.0358051 0.85561 106.191
0.852818 -0.0136124 -0.522192 -99.617 -0.00815302 0.999231 -0.0393697 -1.07215 0.522298 0.0378287 0.852032 106.852
0.850931 -0.0116106 -0.525306 -100.012 -0.00838608 0.999363 -0.0356774 -1.10513 0.525365 0.0347615 0.850271 107.46
0.848667 -0.00918425 -0.529006 -100.405 -0.00624058 0.999645 -0.0273733 -1.14405 0.529042 0.0265285 0.84829 108.099
0.846949 -0.00800589 -0.531768 -100.786 -0.00260818 0.999848 -0.0192116 -1.1729 0.531819 0.0176559 0.846779 108.706
0.845768 -0.007741 -0.533653 -101.185 0.000233075 0.999939 -0.0141419 -1.20792 0.533704 0.0118331 0.845698 109.298
0.843371 -0.01056 -0.537381 -101.554 0.00313071 0.999922 -0.0147406 -1.24453 0.537474 0.0107472 0.843318 109.909
0.841702 -0.0118495 -0.53997 -101.939 0.00198534 0.99986 -0.0188534 -1.26734 0.540091 0.0147936 0.841587 110.5
0.839924 -0.013522 -0.542688 -102.301 0.00200695 0.999796 -0.02181 -1.29467 0.54285 0.0172272 0.839759 111.051
0.838123 -0.0145401 -0.545446 -102.651 0.00230609 0.99977 -0.023114 -1.32508 0.545627 0.0181112 0.837945 111.597
0.836843 -0.0166295 -0.547342 -103 0.00411468 0.999738 -0.0240881 -1.34305 0.547577 0.0179034 0.836671 112.109
0.835692 -0.0158169 -0.549128 -103.351 0.00380627 0.999768 -0.0230108 -1.37301 0.549334 0.0171365 0.835542 112.619
0.834215 -0.0144847 -0.551401 -103.672 0.00398651 0.999824 -0.0202381 -1.41946 0.551575 0.0146822 0.834104 113.1
0.833157 -0.0147307 -0.552999 -103.997 0.00553114 0.999857 -0.0183071 -1.46934 0.553159 0.0121906 0.833104 113.568
0.833299 -0.0130756 -0.552819 -104.31 0.00449789 0.999884 -0.0168751 -1.52042 0.552953 0.011573 0.833241 113.96
0.83215 -0.0135401 -0.554545 -104.606 0.00548069 0.999893 -0.0161961 -1.57784 0.554674 0.010435 0.832121 114.376
0.831215 -0.0132864 -0.555944 -104.893 0.00345075 0.999855 -0.018741 -1.6135 0.55609 0.0136568 0.83112 114.763
0.829864 -0.0158301 -0.5579 -105.17 0.00404822 0.999781 -0.0223531 -1.64105 0.558101 0.0162881 0.829733 115.136
0.827932 -0.0199151 -0.560625 -105.443 0.00720205 0.999701 -0.0248813 -1.65432 0.56093 0.0165598 0.827808 115.498
0.825682 -0.0238349 -0.563791 -105.7 0.0120606 0.999663 -0.0246057 -1.67297 0.564157 0.0135135 0.825677 115.822
0.822467 -0.0225464 -0.568514 -105.956 0.0113 0.999701 -0.0233039 -1.68497 0.568847 0.01274 0.822457 116.158
0.818881 -0.0188767 -0.573809 -106.216 0.00780318 0.999771 -0.0217603 -1.69778 0.574058 0.0133382 0.818828 116.486
0.815589 -0.013489 -0.578621 -106.462 0.00368558 0.999866 -0.0181194 -1.70276 0.578764 0.0126429 0.815511 116.79
0.811597 -0.00887101 -0.584307 -106.681 0.00196035 0.99996 -0.0124648 -1.70003 0.584362 0.00896765 0.811568 117.077
0.806763 -0.00704266 -0.590976 -106.889 0.00234379 0.999996 -0.00872242 -1.71174 0.591012 0.00564938 0.806758 117.344
0.801405 -0.0104108 -0.598185 -107.092 0.00640959 0.999981 -0.00882262 -1.70697 0.598231 0.0032332 0.801444 117.594
0.793527 -0.0123847 -0.608549 -107.271 0.00945253 0.99996 -0.00802947 -1.72015 0.6086 0.000617075 0.793595 117.851
0.784651 -0.0141858 -0.619924 -107.453 0.0118275 0.999939 -0.00791712 -1.71788 0.619964 -0.00112298 0.784759 118.063
0.774134 -0.0145661 -0.632989 -107.642 0.0120391 0.999931 -0.00829121 -1.71696 0.633042 -0.00120427 0.774238 118.272
0.762135 -0.0136116 -0.64742 -107.821 0.00956502 0.999946 -0.00976887 -1.71554 0.647483 0.00124951 0.762213 118.428
0.748629 -0.015268 -0.662943 -107.996 0.00891119 0.999914 -0.0129701 -1.72292 0.663059 0.00379993 0.748685 118.57
0.734473 -0.0179979 -0.678537 -108.182 0.00740756 0.999842 -0.0185074 -1.73061 0.678727 0.00856357 0.73448 118.709
0.719456 -0.0219727 -0.694314 -108.337 0.00660952 0.999709 -0.0247926 -1.72945 0.694631 0.0132457 0.719377 118.832
0.703965 -0.0220352 -0.710025 -108.511 0.0014881 0.999603 -0.0295518 -1.72777 0.710357 0.0197432 0.703709 118.967
0.688659 -0.0184574 -0.724969 -108.704 -0.00702514 0.999497 -0.0321239 -1.72941 0.725172 0.0272126 0.68817 119.097
0.671722 -0.017261 -0.740729 -108.892 -0.0108471 0.999434 -0.033131 -1.72332 0.740843 0.0302857 0.671146 119.219
0.652136 -0.0185397 -0.757989 -109.035 -0.00844662 0.999499 -0.0317175 -1.73124 0.758173 0.0270836 0.651641 119.329
0.632249 -0.0195389 -0.774641 -109.217 -0.00628423 0.99956 -0.0303461 -1.7368 0.774854 0.0240506 0.631843 119.44
0.611842 -0.0174343 -0.790897 -109.415 -0.00737822 0.999625 -0.0277467 -1.74821 0.79106 0.0228091 0.611474 119.512
0.589062 -0.0137109 -0.80809 -109.626 -0.0121954 0.999633 -0.0258554 -1.73698 0.808106 0.0250815 0.588675 119.598
0.566049 -0.00929172 -0.824425 -109.82 -0.0153098 0.999684 -0.0217819 -1.74843 0.824341 0.0249482 0.565719 119.657
0.542829 -0.00717667 -0.839927 -110.027 -0.0181379 0.999672 -0.0202684 -1.73871 0.839754 0.0262329 0.542518 119.704
0.519336 -0.00120135 -0.854673 -110.223 -0.022063 0.999687 -0.0148149 -1.7904 0.854396 0.0265472 0.51914 119.738
0.495455 0.00314037 -0.868739 -110.446 -0.0270898 0.999606 -0.0118407 -1.79383 0.868316 0.0293963 0.495343 119.776
0.469862 0.00617858 -0.882818 -110.658 -0.0299554 0.999553 -0.00895086 -1.80266 0.882339 0.0306473 0.469832 119.815
0.442605 0.0060049 -0.896806 -110.852 -0.0308164 0.999532 -0.00852054 -1.80956 0.896291 0.0314032 0.442582 119.845
0.410981 0.00301396 -0.911736 -111.078 -0.0322242 0.999459 -0.0112248 -1.81527 0.911181 0.0339895 0.410853 119.908
0.377177 -0.000986415 -0.926247 -111.302 -0.033165 0.999386 -0.0145738 -1.82328 0.925649 0.0362115 0.376915 119.959
0.338111 -0.00550898 -0.941185 -111.533 -0.0339067 0.999305 -0.0180328 -1.79184 0.9406 0.0380057 0.33769 120.018
0.29635 -0.00586289 -0.955167 -111.781 -0.0366466 0.999219 -0.0175075 -1.80054 0.954477 0.0401875 0.295908 120.075
0.251678 -0.0101676 -0.967848 -112.073 -0.0385111 0.999092 -0.020513 -1.77059 0.967147 0.0424317 0.251063 120.138
0.202462 -0.0125021 -0.979312 -112.37 -0.0397149 0.999034 -0.0209686 -1.77557 0.978584 0.0431342 0.201778 120.194
0.153537 -0.0160015 -0.988102 -112.688 -0.0417663 0.998914 -0.0226693 -1.7544 0.987363 0.0447459 0.152711 120.21
0.102606 -0.0177777 -0.994665 -113.011 -0.044119 0.998819 -0.0224072 -1.73708 0.993844 0.0461783 0.101711 120.225
0.0505833 -0.0178308 -0.998648 -113.362 -0.0461606 0.998774 -0.020174 -1.72622 0.997757 0.0471146 0.0497119 120.206
-0.00263562 -0.0182448 -0.99993 -113.723 -0.0466314 0.998792 -0.0181051 -1.6963 0.999011 0.046576 -0.00346985 120.173
-0.0562415 -0.0186842 -0.99833 -114.089 -0.0464082 0.998837 -0.0160823 -1.66931 0.997443 0.0454221 -0.057025 120.116
-0.109458 -0.0169186 -0.993948 -114.453 -0.0446916 0.998974 -0.0120862 -1.67668 0.993089 0.0430941 -0.110085 120.034
-0.163364 -0.0160988 -0.986524 -114.863 -0.0443849 0.999018 -0.00895594 -1.67221 0.985675 0.0423195 -0.163895 119.947
-0.214412 -0.0145337 -0.976738 -115.264 -0.0440592 0.999063 -0.00519777 -1.6777 0.975856 0.0419156 -0.214832 119.82
-0.264129 -0.012642 -0.964496 -115.667 -0.0415515 0.999178 -0.00172098 -1.68618 0.963704 0.0396175 -0.26441 119.675
-0.312135 -0.0104129 -0.950087 -116.081 -0.0370455 0.99936 0.00121387 -1.69101 0.949426 0.0355714 -0.312299 119.497
-0.358796 -0.00799 -0.933478 -116.511 -0.0324954 0.999509 0.00393137 -1.70543 0.932965 0.0317401 -0.358849 119.297
-0.402376 -0.0064882 -0.915561 -116.929 -0.0295862 0.999592 0.00591503 -1.70222 0.915113 0.0294642 -0.402379 119.063
-0.444305 -0.00456453 -0.895965 -117.371 -0.0266405 0.999657 0.00811435 -1.70785 0.8956 0.0274701 -0.444241 118.811
-0.482685 -0.0029834 -0.875904 -117.803 -0.0249995 0.99968 0.0103675 -1.72058 0.875559 0.0268975 -0.482579 118.538
-0.514954 -0.00373571 -0.857316 -118.231 -0.027284 0.999599 0.0120286 -1.75022 0.856909 0.029581 -0.514814 118.227
-0.543615 -0.00405122 -0.839445 -118.689 -0.0280304 0.999566 0.0133239 -1.75237 0.838995 0.030769 -0.543465 117.918
-0.565845 -0.00588535 -0.824603 -119.185 -0.0296955 0.999517 0.013239 -1.72945 0.824109 0.0319739 -0.565709 117.536
-0.582633 -0.00875977 -0.812811 -119.65 -0.0337431 0.999389 0.0134125 -1.7416 0.812167 0.0352372 -0.582543 117.159
