0.999915 -3.94736e-05 -0.0130402 0.131083 4.42442e-05 1 0.000391308 -0.00126989 0.0130404 -0.000391782 0.999915 1.00914
0.999904 -0.0015168 -0.0138994 0.113883 0.00152785 1 0.000804912 -0.02871 0.0138984 -0.000826216 0.999904 2.40574
0.999933 -0.000158257 -0.0116606 0.0304628 0.000140947 1 -0.00146796 -0.0301237 0.011661 0.00146631 0.999932 3.64549
0.999937 -0.000271831 -0.01147 0.010631 0.000254292 1 -0.00151221 -0.0511708 0.0114706 0.00150901 0.999935 5.02648
0.999932 -0.000109079 -0.0117342 0.0111842 9.64887e-05 1 -0.0010563 -0.0755302 0.0117345 0.00105523 0.999932 6.37075
0.999927 -0.00194922 -0.0122615 0.0256801 0.00195023 0.999999 8.71599e-05 -0.0959026 0.0122616 -0.000111228 0.999927 7.71619
0.999912 -0.0016879 -0.0132297 0.0236499 0.00169588 0.999999 0.00060911 -0.114329 0.0132288 -0.000631312 0.999914 9.09959
0.999906 -0.0010351 -0.0139611 0.00811266 0.00101501 1 -0.00143146 -0.131228 0.0139628 0.00141696 0.999905 10.4791
0.999901 0.00118608 -0.0140863 -0.0131653 -0.00123433 0.999994 -0.00340109 -0.152631 0.0140823 0.00341836 0.999897 11.8479
0.999907 0.00471769 -0.0131765 -0.0610077 -0.00477849 0.99998 -0.00457111 -0.172978 0.0131549 0.00463342 0.999907 13.1892
0.999894 0.00718302 -0.0126737 -0.0975657 -0.00723939 0.999964 -0.00439122 -0.202065 0.0126418 0.00448277 0.999913 14.5668
0.999913 0.00742016 -0.0113143 -0.144112 -0.00745771 0.999968 -0.00326402 -0.224182 0.0112899 0.00334791 0.999936 15.9348
0.999938 0.00555186 -0.00973461 -0.189737 -0.00555779 0.999984 -0.000557923 -0.248269 0.00973148 0.000612252 0.999955 17.308
0.999971 0.00168006 -0.00807555 -0.234076 -0.0016734 0.999999 0.000863186 -0.26552 0.00807717 -0.000849889 0.999972 18.6727
0.999973 -0.000465337 -0.00749864 -0.25904 0.000454945 0.999999 -0.00135819 -0.289938 0.00749947 0.00135501 0.999974 20.0517
0.999982 -0.00135979 -0.00678748 -0.297301 0.00133951 0.999996 -0.00297222 -0.318465 0.00679181 0.00296282 0.99998 21.3889
0.999988 0.00102836 -0.00553407 -0.326277 -0.00104949 0.999995 -0.00378132 -0.359785 0.00553032 0.00378731 0.999983 22.7778
0.999989 0.00387245 -0.00445904 -0.35015 -0.00387812 0.999993 -0.00123134 -0.393988 0.00445455 0.00124838 0.999996 24.1719
0.999987 0.00464712 -0.00352733 -0.372712 -0.00463759 0.999988 0.00276753 -0.424944 0.00354029 -0.00275092 0.999995 25.5849
1 0.00251545 -0.00212119 -0.396021 -0.00250633 0.999989 0.00439871 -0.440953 0.00213249 -0.00439366 0.999996 26.9669
1 -0.00154646 -0.00219764 -0.406128 0.00155235 0.999997 0.0028335 -0.463899 0.00219342 -0.0028367 0.999999 28.371
1 -0.00192723 -0.00183588 -0.426527 0.00192843 1 0.000796442 -0.487965 0.00183463 -0.000800272 1.00001 29.76
1 -0.00294088 -1.61961e-05 -0.459229 0.00294038 0.999997 -0.00142748 -0.513921 2.05996e-05 0.00142768 1 31.1366
1.00001 0.000412383 0.00165133 -0.480943 -0.000408708 1 -0.00242433 -0.538815 -0.00165209 0.00242336 1 32.5311
1 0.00154838 0.00253657 -0.501563 -0.00153786 0.999992 -0.00432121 -0.566223 -0.00254301 0.00431756 0.999993 33.9256
0.999997 0.00289922 0.00330739 -0.519369 -0.00288554 0.99999 -0.00421534 -0.589864 -0.00331936 0.00420548 0.999994 35.3328
0.999992 0.0032652 0.00397489 -0.537864 -0.0032514 0.999991 -0.00357362 -0.607272 -0.00398632 0.00356091 0.999992 36.7606
0.999989 0.00458538 0.00380552 -0.543266 -0.00457546 0.999989 -0.00268097 -0.627052 -0.00381756 0.0026632 0.999998 38.1905
0.999972 0.00716287 0.00381471 -0.543604 -0.00715407 0.999974 -0.00242085 -0.651599 -0.0038317 0.00239371 0.999996 39.6458
0.999951 0.00964967 0.00439514 -0.553802 -0.00963771 0.999953 -0.00279453 -0.677443 -0.0044217 0.0027517 0.999995 41.0897
0.999928 0.0117006 0.00421183 -0.550946 -0.0116916 0.999932 -0.00225695 -0.708008 -0.00423773 0.00220773 0.999995 42.5728
0.999915 0.0127813 0.00459824 -0.558812 -0.0127717 0.999919 -0.0021879 -0.734166 -0.00462565 0.0021286 0.999996 44.0235
0.999924 0.0120334 0.00420838 -0.550348 -0.0120247 0.999928 -0.00219623 -0.76105 -0.00423427 0.00214565 0.999995 45.4804
0.999933 0.0114627 0.00415084 -0.551452 -0.0114531 0.999935 -0.00241569 -0.789352 -0.00417808 0.00236761 0.999997 46.9228
0.999933 0.0114976 0.00349901 -0.558146 -0.0114901 0.999934 -0.00231712 -0.813049 -0.00352519 0.00227694 0.999997 48.3559
0.999937 0.0116206 0.00231542 -0.55244 -0.0116182 0.999935 -0.00118481 -0.837578 -0.00232891 0.00115743 1.00001 49.837
0.999933 0.0119977 0.00116952 -0.545265 -0.0119965 0.99993 -0.00151148 -0.862329 -0.00118735 0.00149752 1 51.3115
0.999929 0.0125095 -0.000169194 -0.546601 -0.0125101 0.999924 -0.00165529 -0.877879 0.000148597 0.0016569 1.00001 52.7844
0.999927 0.0125485 -0.000814219 -0.562447 -0.0125498 0.999924 -0.00106734 -0.902027 0.000800931 0.00107761 1.00001 54.2237
0.999939 0.0115654 -0.00125581 -0.569966 -0.0115661 0.999936 -0.000301511 -0.926933 0.00125238 0.000315627 1.00001 55.6984
0.999952 0.0102278 -0.00128571 -0.576928 -0.0102286 0.999951 -0.000244055 -0.952325 0.00128331 0.00025734 1.00001 57.164
0.999974 0.00789895 -0.0014373 -0.593221 -0.00790073 0.999971 -0.0010191 -0.972223 0.00142932 0.00103005 1.00001 58.6155
0.99998 0.00716146 4.12289e-05 -0.621813 -0.00716186 0.999977 -0.00114763 -0.993217 -4.92782e-05 0.00114744 1.00001 60.0587
0.999986 0.00626476 0.00139837 -0.641712 -0.00626487 0.999984 -0.000167512 -1.01642 -0.00139928 0.000158378 1.00001 61.5022
0.999993 0.00450899 0.00220114 -0.655375 -0.00451052 0.999993 0.000471643 -1.03799 -0.00219884 -0.000481431 1 62.9477
1 0.00251951 0.00245271 -0.634913 -0.00252022 1 0.000113118 -1.07054 -0.00245247 -0.000119686 1.00001 64.3836
1 0.000480906 0.00281665 -0.631761 -0.000478977 1 -0.00085513 -1.09318 -0.00281696 0.000853937 1 65.8278
1 0.000761868 0.00356206 -0.635633 -0.000758011 1 -0.00121767 -1.12117 -0.00356306 0.00121458 1 67.2627
0.999995 0.0017576 0.00416546 -0.633055 -0.00175274 1 -0.00128796 -1.14888 -0.00416767 0.00128081 0.999997 68.7189
0.999981 0.0049787 0.00576299 -0.649736 -0.00498267 0.999993 0.000604742 -1.18878 -0.00576024 -0.000633837 0.999994 70.0963
0.999946 0.00863799 0.00666275 -0.650655 -0.00864919 0.999965 0.00158565 -1.20922 -0.00664939 -0.00164319 0.999985 71.591
0.99988 0.0139839 0.00807163 -0.650747 -0.0139938 0.999908 0.0011502 -1.2272 -0.00805533 -0.00126335 0.999978 73.0249
0.999805 0.0177878 0.00929382 -0.687011 -0.0177922 0.999847 0.000353116 -1.23108 -0.00928679 -0.000518419 0.999966 74.4992
0.999745 0.0206694 0.0101206 -0.695248 -0.0206677 0.999793 -0.000283994 -1.25053 -0.0101251 7.44211e-05 0.99996 75.9272
0.999699 0.0225183 0.0103194 -0.669735 -0.0225153 0.999751 -0.000431503 -1.28594 -0.0103273 0.000199022 0.999956 77.3721
0.999693 0.0225158 0.011181 -0.677399 -0.0225123 0.999753 -0.000452787 -1.30461 -0.0111892 0.000200609 0.99995 78.8331
0.999706 0.0219721 0.0108871 -0.642044 -0.0219618 0.999763 -0.0010789 -1.33807 -0.0109093 0.000839386 0.999952 80.2405
0.999748 0.0204028 0.0101973 -0.614139 -0.0203776 0.999794 -0.00258101 -1.35216 -0.0102488 0.00237226 0.999958 81.6333
0.999751 0.0201304 0.0102947 -0.625308 -0.0200988 0.999798 -0.00317479 -1.36682 -0.0103577 0.00296698 0.999955 83.0525
0.999795 0.0184656 0.00938655 -0.575839 -0.0184485 0.999835 -0.0019048 -1.42141 -0.00942153 0.00173094 0.999968 84.3635
0.999792 0.0187639 0.0088587 -0.576864 -0.0187357 0.999826 -0.0032985 -1.43453 -0.0089212 0.00313155 0.99997 85.8044
0.99981 0.018229 0.00827643 -0.580417 -0.0182048 0.999837 -0.00299583 -1.46097 -0.00833109 0.00284429 0.999975 87.2252
0.999805 0.0180485 0.00894745 -0.632785 -0.0180201 0.999839 -0.00327925 -1.46046 -0.00900756 0.00311708 0.999969 88.6799
0.999848 0.0164816 0.0076273 -0.596229 -0.0164671 0.999871 -0.00196204 -1.50871 -0.00766049 0.00183576 0.999985 90.0628
0.99989 0.0138485 0.00674223 -0.619234 -0.0138329 0.999909 -0.00235586 -1.51063 -0.00677683 0.00226205 0.99999 91.5026
0.999914 0.0122268 0.00687906 -0.623603 -0.0122079 0.99993 -0.00275111 -1.53508 -0.00691416 0.00266655 0.999988 92.8697
0.999918 0.0108334 0.00810703 -0.66081 -0.0108018 0.999941 -0.00393646 -1.54918 -0.00815182 0.00384828 0.999976 94.2487
0.999945 0.00947623 0.00674498 -0.610268 -0.0094482 0.999956 -0.00410622 -1.59519 -0.0067858 0.00404187 0.999986 95.6724
0.99994 0.00969909 0.00661067 -0.616054 -0.00966726 0.999949 -0.00482305 -1.62041 -0.00665988 0.00475854 0.999983 97.1141
0.999921 0.00991157 0.00950798 -0.677629 -0.00984496 0.999937 -0.00698262 -1.62241 -0.00957889 0.006888 0.999948 98.529
0.999905 0.0108 0.00967277 -0.658426 -0.0107302 0.999924 -0.00720782 -1.67581 -0.00975288 0.0071031 0.999945 99.882
0.999878 0.0127983 0.0106876 -0.675769 -0.0127162 0.9999 -0.00767199 -1.69263 -0.0107871 0.00753463 0.999932 101.269
0.99988 0.0124723 0.0102879 -0.645125 -0.0124168 0.999915 -0.00540839 -1.74155 -0.0103577 0.00527983 0.999949 102.643
0.999905 0.0134485 0.00699696 -0.573381 -0.0134315 0.999913 -0.00238563 -1.8079 -0.00703113 0.00229098 0.99999 103.964
0.999903 0.0130415 0.0067642 -0.57726 -0.013012 0.999913 -0.00431922 -1.82754 -0.00682323 0.00423063 0.999987 105.343
0.999922 0.0121461 0.00709084 -0.558639 -0.0121004 0.999913 -0.00635037 -1.86729 -0.00717005 0.00626365 0.999973 106.685
0.999895 0.012916 0.00809101 -0.588556 -0.0128501 0.999892 -0.00809149 -1.88264 -0.00819795 0.00798645 0.999955 108.02
0.999934 0.0100774 0.00864636 -0.593516 -0.0100174 0.999935 -0.00686754 -1.91892 -0.00871776 0.00678012 0.999958 109.349
0.999908 0.00949162 0.0108511 -0.618972 -0.00942519 0.999946 -0.00610712 -1.9336 -0.010912 0.00600413 0.999946 110.751
0.999903 0.00890374 0.0125645 -0.625302 -0.00882542 0.999951 -0.00621468 -1.95389 -0.0126221 0.00610289 0.99992 112.129
0.999888 0.00819231 0.0134668 -0.5992 -0.00808569 0.999946 -0.00791367 -1.98817 -0.0135345 0.0078038 0.999902 113.468
0.999867 0.00969917 0.0146769 -0.593495 -0.00956045 0.999918 -0.00943954 -2.04335 -0.0147701 0.00929767 0.999867 114.831
0.999794 0.0131693 0.0161964 -0.598154 -0.0129743 0.999853 -0.0120459 -2.0658 -0.0163563 0.0118331 0.999822 116.209
0.999707 0.0165859 0.0188837 -0.595891 -0.016358 0.999801 -0.012118 -2.10575 -0.019084 0.0118052 0.999768 117.54
0.999633 0.018196 0.0205673 -0.57614 -0.017994 0.999797 -0.00993297 -2.15305 -0.0207475 0.00955907 0.999765 118.875
0.999627 0.0181229 0.0215268 -0.544871 -0.0179574 0.999817 -0.00781894 -2.19224 -0.0216677 0.00742917 0.999757 120.241
0.999596 0.0176941 0.0226977 -0.54276 -0.0175181 0.999823 -0.00789874 -2.21714 -0.0228371 0.00749773 0.999737 121.583
0.999537 0.0185371 0.0250678 -0.536579 -0.0183075 0.999798 -0.00932104 -2.23612 -0.0252388 0.00885753 0.999662 122.94
0.999419 0.0212754 0.0269998 -0.524209 -0.020993 0.999731 -0.0106706 -2.25924 -0.0272232 0.0100974 0.999604 124.3
0.999332 0.0229769 0.0292069 -0.5231 -0.0226456 0.999685 -0.0115929 -2.28052 -0.0294674 0.0109235 0.999526 125.686
0.99926 0.0243985 0.0301001 -0.446795 -0.0240401 0.999645 -0.0121852 -2.34277 -0.030391 0.0114524 0.999499 126.979
0.999241 0.0249949 0.030653 -0.392606 -0.0246135 0.999624 -0.0127258 -2.38723 -0.0309633 0.0119613 0.999469 128.331
0.999243 0.0237212 0.0311623 -0.319158 -0.0233612 0.999666 -0.0118394 -2.4544 -0.0314372 0.0111024 0.999471 129.651
0.999244 0.0233634 0.0317999 -0.277195 -0.0230314 0.999685 -0.0107363 -2.49264 -0.0320447 0.0099955 0.999457 131
0.99921 0.0222336 0.0332458 -0.245233 -0.0218972 0.999714 -0.0104243 -2.52479 -0.0334725 0.00968796 0.99942 132.36
0.999225 0.0212678 0.0338017 -0.20774 -0.0209336 0.999737 -0.0101797 -2.56139 -0.0340133 0.00946394 0.999397 133.714
0.99925 0.0187281 0.0342076 -0.169663 -0.0183932 0.999788 -0.0100564 -2.59786 -0.0343931 0.00941955 0.999392 135.067
0.999303 0.0168566 0.0340159 -0.121061 -0.0165526 0.99983 -0.00916728 -2.63924 -0.0341686 0.00859756 0.9994 136.453
0.999328 0.0153059 0.0336168 -0.0837854 -0.0149962 0.999851 -0.00942732 -2.67316 -0.0337607 0.00891675 0.999418 137.866
0.999347 0.0140119 0.0340465 -0.0726728 -0.0136951 0.999871 -0.00948413 -2.71189 -0.0341791 0.00901134 0.999397 139.209
0.999333 0.0132961 0.0343267 -0.0577294 -0.0130019 0.999886 -0.00876165 -2.74793 -0.0344438 0.00830939 0.9994 140.58
0.999361 0.0116828 0.0345009 -0.0403103 -0.0113803 0.999905 -0.00891488 -2.78072 -0.034606 0.00851625 0.999387 141.953
0.999356 0.0115267 0.0342935 -0.0223009 -0.0112163 0.999903 -0.00921115 -2.81497 -0.034401 0.00882044 0.999397 143.328
0.999371 0.0113779 0.0343108 -0.00335512 -0.011044 0.9999 -0.00987145 -2.84929 -0.0344238 0.00948601 0.999384 144.711
0.99934 0.0112921 0.0348461 0.0066458 -0.0109331 0.999894 -0.0104592 -2.88124 -0.0349651 0.0100712 0.999366 146.088
0.999353 0.00920844 0.0354797 0.0196373 -0.00874215 0.999884 -0.0132413 -2.91376 -0.0356017 0.0129222 0.999305 147.472
0.999378 0.00382947 0.0353622 0.0464294 -0.0033386 0.999907 -0.0139177 -2.94349 -0.0354168 0.013791 0.999306 148.858
0.999428 -0.00426065 0.0343234 0.10123 0.00467559 0.999928 -0.0119781 -2.98201 -0.034274 0.0121314 0.999363 150.188
0.999368 -0.0102476 0.0343354 0.117733 0.0106466 0.999887 -0.011451 -3.00891 -0.0342187 0.0118093 0.999373 151.564
0.999349 -0.0134481 0.0342414 0.151027 0.0139705 0.999801 -0.0150256 -3.04403 -0.0340365 0.015494 0.999324 152.948
0.99931 -0.0123044 0.0353371 0.177498 0.012968 0.999752 -0.0186038 -3.08795 -0.035104 0.0190493 0.99923 154.29
0.999327 -0.00922564 0.0362247 0.227157 0.00995799 0.99976 -0.0200513 -3.14954 -0.036035 0.0203982 0.999166 155.676
0.999281 -0.00942268 0.0370254 0.274287 0.0101633 0.99976 -0.019859 -3.20086 -0.0368339 0.0202211 0.999145 157.063
0.999174 -0.0127204 0.0392291 0.291934 0.0133764 0.999786 -0.0164738 -3.24818 -0.0390151 0.0169847 0.999119 158.385
0.999037 -0.0182277 0.040206 0.345254 0.0187716 0.999747 -0.0131902 -3.29866 -0.0399599 0.0139322 0.999134 159.78
0.998944 -0.0217149 0.0410928 0.396311 0.0222249 0.999693 -0.0119619 -3.34098 -0.0408245 0.0128624 0.999108 161.152
0.998842 -0.0231518 0.0424714 0.418202 0.0236967 0.999652 -0.0123733 -3.37498 -0.0421747 0.0133654 0.999051 162.507
0.998813 -0.0209444 0.0445264 0.45254 0.0215225 0.999702 -0.0125153 -3.40468 -0.044255 0.0134586 0.998955 163.882
0.998792 -0.0172827 0.0462656 0.494468 0.0179102 0.999761 -0.0131805 -3.44695 -0.0460313 0.0139932 0.998871 165.255
0.998736 -0.0139318 0.0487931 0.532192 0.0147069 0.999783 -0.0155359 -3.48977 -0.0485702 0.0162336 0.998713 166.619
0.998709 -0.0115296 0.0497193 0.570513 0.0123347 0.999806 -0.0159137 -3.53015 -0.0495307 0.0165064 0.998665 167.98
0.998581 -0.00980054 0.0528188 0.587421 0.0106298 0.999837 -0.0154178 -3.56198 -0.0526632 0.015957 0.998511 169.348
0.998544 -0.0079926 0.0535698 0.627672 0.00886286 0.999841 -0.0160239 -3.595 -0.0534378 0.0164753 0.998464 170.726
0.998546 -0.00534613 0.0540896 0.679544 0.00637702 0.999813 -0.018882 -3.63804 -0.0539827 0.0191991 0.998383 172.121
0.998563 -0.00263739 0.0537454 0.734228 0.00378742 0.999775 -0.0213017 -3.6881 -0.0536818 0.0214746 0.998356 173.49
0.998566 0.00259164 0.0539417 0.791445 -0.00138549 0.999761 -0.0223627 -3.74334 -0.0539911 0.0222555 0.99832 174.917
0.998436 0.00748236 0.0556595 0.823445 -0.00629978 0.999761 -0.0213847 -3.78814 -0.0558112 0.0210004 0.998251 176.283
0.998333 0.0103077 0.0571946 0.883844 -0.00923247 0.999788 -0.0190094 -3.84549 -0.057383 0.0184492 0.998208 177.696
0.998224 0.0117463 0.0586643 0.928514 -0.0107464 0.999804 -0.0173242 -3.88764 -0.0588612 0.0166627 0.998159 179.073
0.998273 0.00879255 0.0585001 0.998894 -0.00784047 0.999847 -0.0164635 -3.93149 -0.0586405 0.0159759 0.998179 180.472
0.998366 0.00654049 0.0570422 1.07539 -0.00562855 0.999866 -0.0161253 -3.97886 -0.057145 0.0157777 0.998274 181.888
0.99844 0.00655403 0.0558725 1.14334 -0.00543589 0.999796 -0.0201193 -4.03227 -0.0559976 0.0197838 0.998262 183.309
0.998443 0.00864215 0.0554095 1.19203 -0.00729261 0.999686 -0.0245079 -4.08129 -0.055609 0.0240653 0.998196 184.7
0.998371 0.0133283 0.0559044 1.24991 -0.0119525 0.999633 -0.0248526 -4.13359 -0.0562198 0.0241434 0.998154 186.114
0.998297 0.0167583 0.0561559 1.3153 -0.0154357 0.999608 -0.0238979 -4.18989 -0.0565394 0.0229901 0.998169 187.518
0.998238 0.0181755 0.0569022 1.38046 -0.0170441 0.999662 -0.0202844 -4.24374 -0.0572564 0.0192783 0.998201 188.92
0.998182 0.0184821 0.0576556 1.44544 -0.017456 0.999694 -0.018245 -4.29537 -0.0579802 0.017205 0.998203 190.323
0.998178 0.0174666 0.0581633 1.51476 -0.016507 0.999734 -0.0169175 -4.35026 -0.0584482 0.0159261 0.99819 191.712
0.998185 0.015478 0.0584723 1.58582 -0.0145593 0.999778 -0.016102 -4.39796 -0.0587137 0.0152211 0.998194 193.168
0.998216 0.0129253 0.0587037 1.66969 -0.0120352 0.999822 -0.0154706 -4.44793 -0.0588981 0.0147361 0.998182 194.636
0.998213 0.00975614 0.0592292 1.74871 -0.00887365 0.999859 -0.0151407 -4.49645 -0.0593736 0.0145877 0.998164 196.1
0.998184 0.00724248 0.0601965 1.82865 -0.00640798 0.999895 -0.0140242 -4.54056 -0.0602966 0.0136126 0.998115 197.573
0.998138 0.0030733 0.0611909 1.90001 -0.002299 0.999931 -0.0127198 -4.58179 -0.0612307 0.012555 0.99808 198.989
0.998118 0.000637625 0.061705 1.9869 0.000159447 0.999931 -0.0128909 -4.62184 -0.0617138 0.0128761 0.998039 200.443
0.99808 0.00287617 0.0621356 2.06662 -0.00180807 0.999865 -0.0172385 -4.66587 -0.0621817 0.0170926 0.997955 201.898
0.997991 0.0105162 0.0628607 2.13282 -0.00914311 0.999729 -0.0220715 -4.7189 -0.0630806 0.021452 0.997806 203.345
0.997715 0.0191287 0.0650538 2.19638 -0.0177247 0.999614 -0.0220873 -4.77127 -0.065456 0.0208833 0.997674 204.796
0.997429 0.0265736 0.0669219 2.25853 -0.0253781 0.999519 -0.0186336 -4.81555 -0.0673897 0.0168869 0.997612 206.246
0.997252 0.027941 0.0688524 2.32532 -0.0268498 0.999515 -0.0167205 -4.8574 -0.0692909 0.0148253 0.997524 207.698
0.997319 0.0267044 0.0684869 2.42292 -0.0256317 0.99955 -0.0164766 -4.89974 -0.0689008 0.0146764 0.997545 209.186
0.997365 0.0236273 0.0688421 2.48198 -0.022535 0.999623 -0.0166002 -4.9449 -0.069213 0.0150046 0.997527 210.614
0.997443 0.0215041 0.0685187 2.56424 -0.020374 0.999661 -0.0171316 -4.98944 -0.0688684 0.0156912 0.997532 212.082
0.997373 0.0221929 0.0691952 2.63366 -0.0210281 0.99964 -0.0175164 -5.04159 -0.0695636 0.0160148 0.997487 213.539
0.997225 0.0237368 0.0709248 2.68668 -0.0225598 0.999611 -0.017334 -5.08878 -0.0713132 0.0156852 0.99736 214.995
0.997144 0.0245244 0.0716724 2.77253 -0.0234266 0.99961 -0.0161179 -5.1451 -0.0720445 0.0143923 0.997335 216.488
0.997149 0.0246234 0.0716805 2.87598 -0.0234789 0.9996 -0.0167494 -5.1957 -0.0720688 0.0150181 0.997317 217.999
0.99717 0.0239742 0.0715083 2.98233 -0.0227736 0.999602 -0.017558 -5.24469 -0.0719054 0.0158793 0.997323 219.516
0.997206 0.0229134 0.0714622 3.0788 -0.0216906 0.999621 -0.0178243 -5.29051 -0.0718482 0.0162238 0.997314 221.009
0.997181 0.0236664 0.0714548 3.17316 -0.0224251 0.999599 -0.0181239 -5.33853 -0.0718598 0.0164699 0.997316 222.505
0.997213 0.023848 0.071061 3.27733 -0.0226133 0.999596 -0.0181121 -5.39571 -0.0714688 0.016454 0.997337 224.008
0.997182 0.0236474 0.0714537 3.34992 -0.0224007 0.999598 -0.0182004 -5.44564 -0.0718602 0.0165479 0.997315 225.459
0.997226 0.0240629 0.0708057 3.45948 -0.0228248 0.999589 -0.0182269 -5.50281 -0.0712197 0.0165596 0.997354 226.993
0.997277 0.024065 0.0699718 3.57346 -0.0228397 0.999587 -0.0182614 -5.56072 -0.0703872 0.016613 0.997419 228.559
0.997261 0.0244467 0.07018 3.66652 -0.0232122 0.999578 -0.0183377 -5.61123 -0.0706032 0.0166577 0.997396 230.065
0.997294 0.023342 0.069978 3.76488 -0.0221048 0.999601 -0.0184037 -5.66393 -0.0703845 0.0168065 0.997416 231.585
0.997309 0.0217951 0.0703638 3.85886 -0.0205294 0.99963 -0.0186469 -5.7137 -0.0707488 0.0171515 0.997377 233.105
0.997293 0.0209835 0.0707373 3.95033 -0.0197126 0.999647 -0.0186196 -5.76363 -0.0711079 0.0171743 0.997359 234.631
0.997264 0.0196888 0.0716193 4.03151 -0.0184277 0.99968 -0.0182144 -5.80867 -0.0719596 0.0168441 0.997296 236.147
0.997224 0.0199168 0.0720023 4.12675 -0.0186471 0.999674 -0.0182651 -5.85653 -0.0723475 0.0168712 0.997274 237.685
0.997156 0.0210471 0.0727253 4.23085 -0.0196972 0.999637 -0.0192174 -5.90529 -0.0731079 0.0177295 0.997197 239.217
0.996965 0.0218938 0.0749478 4.29953 -0.0204172 0.999599 -0.0204133 -5.95128 -0.0753695 0.0188205 0.997017 240.713
0.996841 0.0226867 0.0764369 4.40324 -0.0212167 0.999591 -0.0199749 -5.99997 -0.0768633 0.0182894 0.996904 242.229
0.996759 0.0223856 0.0774937 4.5297 -0.0210612 0.999634 -0.0178668 -6.05479 -0.0778702 0.0161763 0.996871 243.706
0.996689 0.0214458 0.0787481 4.65807 -0.0201632 0.999667 -0.0170326 -6.1084 -0.0790917 0.0153877 0.996779 245.183
0.996552 0.0224505 0.0800992 4.7513 -0.0209967 0.999617 -0.0189477 -6.15722 -0.0804987 0.0172 0.996646 246.731
0.996454 0.0225565 0.0813613 4.8531 -0.0209989 0.999596 -0.0199366 -6.2166 -0.0817829 0.0181567 0.996515 248.261
0.996491 0.0230661 0.0806792 4.99791 -0.0215779 0.999598 -0.0192696 -6.28174 -0.0810962 0.0174605 0.996594 249.841
0.996562 0.0227109 0.0799892 5.14147 -0.02135 0.999628 -0.0178137 -6.34489 -0.0803687 0.016044 0.996666 251.409
0.996631 0.0224883 0.0790948 5.27704 -0.0212027 0.999646 -0.0170566 -6.40451 -0.0794554 0.0153215 0.996761 252.974
0.996685 0.0224803 0.0785047 5.40372 -0.0212325 0.999651 -0.0166793 -6.4647 -0.0788569 0.0149565 0.996804 254.538
0.996674 0.0237019 0.078189 5.52737 -0.0225053 0.999633 -0.0161499 -6.52115 -0.0785481 0.0143361 0.996847 256.11
0.996583 0.0246031 0.0791709 5.62495 -0.0234355 0.999618 -0.0156303 -6.57914 -0.07953 0.0137207 0.996769 257.62
0.99658 0.0241797 0.0792436 5.73698 -0.0230918 0.999643 -0.0146188 -6.64215 -0.0795739 0.0127384 0.996788 259.167
0.996576 0.0226452 0.0798423 5.84191 -0.0215888 0.999683 -0.014055 -6.70007 -0.08014 0.0122824 0.996739 260.703
0.996631 0.0204573 0.079647 5.96678 -0.0195203 0.999748 -0.0125275 -6.76283 -0.0798883 0.0109301 0.996784 262.291
0.996635 0.0176643 0.0803589 6.07761 -0.0167623 0.999804 -0.0118714 -6.8084 -0.0805577 0.0104837 0.996726 263.837
0.996677 0.0161128 0.0800684 6.19934 -0.0151443 0.999822 -0.01269 -6.85266 -0.0802638 0.0114348 0.996749 265.404
0.996717 0.0147684 0.0799227 6.31192 -0.0137025 0.999824 -0.0138564 -6.89843 -0.0801183 0.0127151 0.996735 266.967
0.996513 0.0115575 0.0828337 6.37975 -0.0106336 0.999895 -0.0115877 -6.94636 -0.0829636 0.010666 0.996539 268.499
0.996434 0.00898882 0.0841913 6.48363 -0.00817547 0.999932 -0.00998792 -6.98898 -0.0842803 0.00926323 0.99643 270.062
0.996553 0.00857731 0.0827281 6.6359 -0.00769015 0.999928 -0.0110388 -7.03485 -0.0828218 0.0103639 0.996556 271.678
0.996707 0.00807285 0.0810047 6.79883 -0.0071327 0.999919 -0.0118756 -7.08421 -0.081099 0.011258 0.996674 273.306
0.996547 0.00775359 0.0828908 6.89397 -0.00681946 0.999928 -0.0115465 -7.13428 -0.0829797 0.0109406 0.996538 274.812
0.99651 0.00976377 0.0832278 7.03553 -0.00881371 0.999908 -0.011767 -7.18004 -0.0833401 0.0109915 0.996493 276.41
0.996408 0.0114667 0.0841232 7.16043 -0.0104802 0.999888 -0.0121563 -7.2262 -0.0842587 0.0112302 0.996428 277.967
0.996269 0.0126354 0.0856968 7.2793 -0.0116354 0.999874 -0.0121507 -7.27442 -0.0858447 0.0111073 0.996279 279.522
0.996152 0.0141194 0.086725 7.40297 -0.013049 0.99985 -0.0128952 -7.31747 -0.0868995 0.011713 0.996196 281.073
0.996096 0.0135522 0.087545 7.53388 -0.0124137 0.999847 -0.0135287 -7.36033 -0.0877201 0.0123882 0.996101 282.613
0.996021 0.0122321 0.0884938 7.66777 -0.0110299 0.999859 -0.0140596 -7.40444 -0.0886586 0.0130267 0.996024 284.158
0.995847 0.0113753 0.0906396 7.80867 -0.0102111 0.999875 -0.0132918 -7.45769 -0.090785 0.0123101 0.995828 285.674
0.995882 0.00990771 0.0903488 7.95803 -0.00881228 0.999905 -0.0125175 -7.49829 -0.0904698 0.0116688 0.995883 287.302
0.995873 0.0092393 0.090593 8.09801 -0.00813469 0.999904 -0.0125492 -7.54164 -0.0907057 0.0117595 0.995841 288.913
0.995889 0.00800724 0.0904563 8.23329 -0.00669254 0.999889 -0.0148308 -7.58797 -0.0905709 0.0141634 0.995841 290.488
0.995913 0.00736364 0.090331 8.37133 -0.00581779 0.999848 -0.0173597 -7.63437 -0.0904506 0.0167622 0.995793 292.073
0.99596 0.00691336 0.0897633 8.50842 -0.00537236 0.999856 -0.0174009 -7.68071 -0.0898765 0.0168474 0.995862 293.658
0.996039 0.00509063 0.0890829 8.64468 -0.00354563 0.999857 -0.017488 -7.72644 -0.0891645 0.0171019 0.995903 295.239
0.995994 0.00517101 0.0895061 8.76176 -0.00355659 0.99985 -0.0181908 -7.77848 -0.0895927 0.0177986 0.995871 296.803
0.996006 0.0054085 0.0894286 8.90166 -0.00373725 0.999832 -0.0188411 -7.82204 -0.0895208 0.0184307 0.995848 298.397
0.996059 0.00560442 0.0887597 9.03848 -0.00397641 0.999842 -0.0185141 -7.8817 -0.0888557 0.018087 0.995932 300.047
0.996153 0.00450638 0.08783 9.17353 -0.00290616 0.999844 -0.0183344 -7.93627 -0.0879044 0.0180076 0.996 301.653
0.996278 0.00318946 0.0863963 9.3266 -0.00170875 0.999872 -0.0172147 -7.98571 -0.0864465 0.0170018 0.996164 303.233
0.996328 0.00483824 0.085807 9.46466 -0.00349571 0.999887 -0.0157854 -8.03976 -0.085879 0.0154264 0.99622 304.831
0.996241 0.00440814 0.0867769 9.59648 -0.00306245 0.999895 -0.015642 -8.09149 -0.086843 0.0153162 0.996157 306.433
0.99621 0.0035105 0.0872276 9.73554 -0.00209157 0.999882 -0.0163506 -8.13349 -0.0872801 0.0161052 0.996088 308.071
0.996198 0.00184418 0.0873595 9.87882 -0.000394132 0.999884 -0.0166207 -8.179 -0.0873863 0.0165219 0.99609 309.692
0.996202 0.000408006 0.0873822 10.0231 0.0011295 0.999863 -0.0175427 -8.22638 -0.0873828 0.0175738 0.996054 311.316
0.996195 -0.00160011 0.0874055 10.1628 0.00332383 0.999825 -0.0195875 -8.28067 -0.0873652 0.0198022 0.996032 312.932
0.996225 -0.00254609 0.0870851 10.3013 0.00434534 0.999798 -0.0204752 -8.33665 -0.0870209 0.0207753 0.996024 314.546
0.996424 -0.00246375 0.0847278 10.435 0.00427347 0.999788 -0.0211931 -8.39804 -0.0846641 0.0214782 0.996231 316.161
0.996669 -0.00147779 0.0818699 10.5911 0.00316242 0.999804 -0.0204496 -8.4566 -0.0818289 0.0206392 0.996467 317.839
0.99674 -0.000704567 0.0809543 10.737 0.00208599 0.999875 -0.0169898 -8.52053 -0.0809386 0.017102 0.996625 319.509
0.996729 -0.00264276 0.081098 10.8724 0.00377252 0.999915 -0.0137788 -8.57777 -0.08106 0.0140386 0.996644 321.181
0.996716 -0.00298376 0.0812038 10.9886 0.00404473 0.99993 -0.0129133 -8.62556 -0.0811661 0.0131981 0.996666 322.836
0.996684 -0.00382238 0.0816119 11.1095 0.00497643 0.999908 -0.0139399 -8.67651 -0.0815563 0.0142987 0.9966 324.487
0.99667 -0.00551495 0.0816244 11.2422 0.00666254 0.999903 -0.0138036 -8.72689 -0.0815468 0.0143003 0.996619 326.118
0.996665 -0.00557509 0.0817459 11.3635 0.00666577 0.99991 -0.0130736 -8.78795 -0.081671 0.0135738 0.996601 327.748
0.996567 -0.00581525 0.0828619 11.4925 0.00694207 0.999907 -0.0133289 -8.83189 -0.0827831 0.0138572 0.996524 329.441
0.996465 -0.00316563 0.0842914 11.5762 0.0044296 0.999899 -0.0148082 -8.87475 -0.0842413 0.0151281 0.996366 331.077
0.996343 -0.00198822 0.0856824 11.6884 0.0033298 0.999894 -0.0155282 -8.92128 -0.0856487 0.0157554 0.996256 332.724
0.996243 -0.00364529 0.0868717 11.8295 0.00484174 0.999915 -0.0135618 -8.98035 -0.0868203 0.0139302 0.996162 334.396
0.996122 -0.00389675 0.088164 11.9301 0.00501647 0.999929 -0.0124963 -9.03226 -0.0881152 0.0128888 0.996084 336.013
0.996038 -0.00503148 0.0891116 12.0504 0.0062692 0.999907 -0.0136112 -9.08198 -0.0890401 0.0141148 0.995964 337.647
0.996043 -0.00418657 0.0890328 12.1919 0.00541773 0.999913 -0.0136037 -9.1297 -0.0889742 0.0140309 0.995992 339.292
0.996078 -0.00241665 0.0887718 12.3271 0.00382624 0.999889 -0.0157083 -9.18141 -0.0887293 0.0159852 0.995963 340.925
0.996125 -0.00127625 0.0881977 12.4622 0.00291645 0.999845 -0.018483 -9.23491 -0.0881666 0.0186672 0.995988 342.555
0.996224 0.000347397 0.0871548 12.5952 0.00123849 0.999854 -0.0181379 -9.28809 -0.0871536 0.0181762 0.996065 344.185
0.996284 0.000165146 0.0863989 12.7298 0.00111567 0.99991 -0.0147884 -9.34627 -0.0863997 0.0148285 0.996208 345.794
0.996477 0.000800274 0.0842172 12.8606 0.00017892 0.999952 -0.0116147 -9.39931 -0.0842276 0.0115876 0.996415 347.403
0.996628 0.000705664 0.0823401 12.995 0.000384206 0.999933 -0.0132332 -9.43256 -0.0823501 0.0132187 0.996575 349.044
0.996778 -0.000434121 0.080572 13.1241 0.00163293 0.999909 -0.0148088 -9.47675 -0.0805634 0.0148915 0.996675 350.656
0.996925 -0.00239024 0.0786309 13.2562 0.00349174 0.999919 -0.013889 -9.52891 -0.0785975 0.0141194 0.996866 352.269
0.996946 -0.00343339 0.078379 13.3627 0.00452683 0.999914 -0.0137711 -9.5779 -0.0783302 0.0140827 0.996864 353.918
0.996959 -0.00358523 0.0781525 13.4808 0.0047431 0.999902 -0.01465 -9.62976 -0.0780986 0.0149747 0.996893 355.567
0.996969 -0.00405921 0.0780578 13.5976 0.00529734 0.999882 -0.0156544 -9.68109 -0.0779903 0.0160193 0.996862 357.203
0.99694 -0.00463163 0.0783389 13.7117 0.00587619 0.999881 -0.0156787 -9.73694 -0.0782631 0.0160896 0.996863 358.829
0.996931 -0.00557781 0.0784495 13.8373 0.00682843 0.999873 -0.0156762 -9.79405 -0.0783572 0.0161626 0.996831 360.454
0.996935 -0.00572326 0.0783317 13.9581 0.00703694 0.99986 -0.0165201 -9.84335 -0.0782324 0.0170192 0.99685 362.058
0.99695 -0.00588567 0.0781853 14.082 0.00726861 0.999841 -0.0174091 -9.90208 -0.0780757 0.0179232 0.996823 363.684
0.996929 -0.00759028 0.0782573 14.2086 0.00894395 0.999837 -0.0169774 -9.9591 -0.0781219 0.0176237 0.996848 365.309
0.996938 -0.00704347 0.0782438 14.3363 0.00846201 0.999825 -0.0178076 -10.0192 -0.0781098 0.0184141 0.996811 366.941
0.996955 -0.00878104 0.0777988 14.4573 0.0102931 0.999786 -0.0190747 -10.0744 -0.077621 0.0198159 0.996846 368.539
0.996947 -0.0112129 0.0776533 14.5866 0.0125814 0.999793 -0.017151 -10.1332 -0.0774502 0.0180745 0.996869 370.177
0.996875 -0.0123711 0.0783327 14.6847 0.0137087 0.999789 -0.0165797 -10.1855 -0.0781173 0.0176002 0.996849 371.797
0.996761 -0.0124353 0.0798281 14.7752 0.0139014 0.999764 -0.0178309 -10.2348 -0.0795929 0.0188818 0.996685 373.381
0.996745 -0.0122645 0.0799903 14.8989 0.0137157 0.999771 -0.0176368 -10.2968 -0.0797622 0.018675 0.996698 374.951
0.996775 -0.0106946 0.0799157 15.028 0.0121015 0.999801 -0.0171368 -10.3471 -0.0797219 0.0180474 0.996691 376.596
0.99672 -0.00990617 0.0806257 15.1418 0.0112927 0.999816 -0.0167775 -10.396 -0.0804511 0.0176315 0.996662 378.219
0.996686 -0.00890908 0.0812372 15.2565 0.0103374 0.99982 -0.017174 -10.4454 -0.081075 0.0179557 0.996584 379.841
0.996639 -0.00938417 0.0816901 15.3692 0.0108846 0.9998 -0.0179592 -10.5025 -0.0815117 0.0187865 0.996555 381.452
0.996563 -0.00960094 0.0826468 15.4793 0.0111393 0.999794 -0.0181688 -10.5579 -0.0824608 0.0190258 0.99645 383.056
0.996442 -0.0087673 0.0841173 15.6029 0.0103882 0.999789 -0.0188689 -10.6086 -0.0839405 0.019674 0.996336 384.692
0.996404 -0.00718927 0.0847848 15.7293 0.00884967 0.999797 -0.0192204 -10.6592 -0.0846349 0.0199003 0.996251 386.327
0.996279 -0.00527423 0.0863122 15.8484 0.00687053 0.999832 -0.0182248 -10.7308 -0.0862079 0.0187484 0.996162 387.938
0.996311 -0.00568855 0.0859807 15.9953 0.00728219 0.999828 -0.0182285 -10.7901 -0.0858677 0.0187861 0.996167 389.574
0.996301 -0.00404088 0.0861332 16.1312 0.0057061 0.999823 -0.019112 -10.8432 -0.086047 0.0195311 0.996161 391.204
0.996321 -0.00388231 0.0859669 16.2746 0.00556888 0.999817 -0.0193832 -10.8914 -0.0858814 0.0197893 0.996146 392.825
0.996329 -0.00419744 0.0858039 16.4204 0.00573845 0.999849 -0.0177379 -10.9568 -0.0857226 0.0181635 0.996216 394.403
0.996278 -0.00258418 0.086521 16.5356 0.00414544 0.999853 -0.017864 -11.0031 -0.086468 0.0181549 0.996128 396.092
0.99619 -0.00117013 0.087495 16.6626 0.0028715 0.999832 -0.0193377 -11.0489 -0.0874637 0.0195134 0.996042 397.741
0.996198 -0.000393863 0.0874714 16.8063 0.00212404 0.999825 -0.0196811 -11.0998 -0.0874542 0.0197908 0.996011 399.375
