1 -0.00166628 -0.00173161 0.00234166 0.00166419 1 -0.000895885 -0.00636652 0.00173162 0.000892738 1 0.56418
0.999995 -0.0018191 -0.00276202 -0.00301448 0.00181188 0.999995 -0.00261095 -0.0182051 0.00276674 0.00260594 0.999993 1.11999
0.999989 -0.00199814 -0.00516695 0.00111463 0.00197494 0.999993 -0.00440509 -0.0210789 0.00517412 0.00439447 0.999981 1.70092
0.999972 -0.0037625 -0.00659811 -0.0306019 0.00371708 0.999971 -0.00686727 -0.0201533 0.00662344 0.00684247 0.999956 2.33212
0.999949 -0.00651419 -0.00832142 -0.0268387 0.00643911 0.999944 -0.00894931 -0.0319265 0.00837757 0.00889487 0.99993 2.86506
0.999939 -0.00742068 -0.0083045 -0.0752683 0.00733773 0.999925 -0.00998408 -0.0350868 0.00837754 0.00992244 0.999918 3.46736
0.999938 -0.00724508 -0.00897344 -0.104614 0.00715991 0.999935 -0.00941187 -0.0541519 0.00903914 0.00934665 0.999919 4.04745
0.999937 -0.00752205 -0.00844625 -0.15892 0.00744438 0.999932 -0.00920261 -0.0829802 0.00851444 0.00913909 0.999924 4.64172
0.999941 -0.00640846 -0.00919722 -0.180251 0.00629785 0.999914 -0.0119314 -0.102645 0.00927096 0.0118724 0.99989 5.24626
0.99994 -0.00464894 -0.010031 -0.199003 0.00449169 0.999869 -0.0156623 -0.124197 0.010102 0.0156163 0.999829 5.84147
0.999953 -0.00336401 -0.00960602 -0.260912 0.0031752 0.999809 -0.0195268 -0.135682 0.00966797 0.0194949 0.999767 6.50795
0.999956 -0.00113214 -0.00951602 -0.310008 0.000945018 0.999809 -0.0196625 -0.148788 0.00953593 0.0196525 0.999764 7.18602
0.999958 0.0012395 -0.00973826 -0.345534 -0.00136617 0.99992 -0.0129353 -0.160048 0.00971955 0.0129476 0.999873 7.84909
0.999945 0.00193558 -0.0105054 -0.341108 -0.00196442 0.999997 -0.00274782 -0.167522 0.0104994 0.0027682 0.999943 8.4749
0.999933 0.00324001 -0.0116923 -0.335936 -0.0031968 0.999993 0.0037754 -0.178553 0.0117024 -0.00373813 0.999929 9.13293
0.999901 0.00584763 -0.012996 -0.344929 -0.0058091 0.999982 0.00299004 -0.196624 0.0130125 -0.00291436 0.999914 9.82895
0.999875 0.00826645 -0.0140289 -0.353292 -0.00831347 0.999966 -0.00324603 -0.221409 0.0139995 0.00336185 0.9999 10.5109
0.999844 0.00764201 -0.0161212 -0.348034 -0.00779256 0.99993 -0.00930467 -0.218163 0.0160481 0.00942871 0.99983 11.219
0.999846 0.00601548 -0.016961 -0.356814 -0.00615017 0.999956 -0.00785603 -0.227424 0.0169108 0.00795867 0.99983 11.9576
0.999841 0.00486808 -0.0173691 -0.368263 -0.00484625 0.999991 0.00129129 -0.235174 0.0173743 -0.00120699 0.999852 12.7191
0.999833 0.00436807 -0.0182532 -0.378778 -0.00422661 0.999966 0.0078221 -0.230584 0.0182844 -0.00774397 0.999808 13.5177
0.999818 0.00330229 -0.0189694 -0.38493 -0.00311267 0.999948 0.0100116 -0.231887 0.0190004 -0.00995081 0.999774 14.311
0.99983 0.00150107 -0.0188022 -0.398165 -0.00132972 0.999963 0.00916098 -0.235932 0.0188128 -0.00913478 0.999786 15.1008
0.999843 0.000877776 -0.0178912 -0.412459 -0.000750943 0.999978 0.0070898 -0.239403 0.017896 -0.00707537 0.999818 15.899
0.999863 0.0031458 -0.0167913 -0.445754 -0.00307567 0.999992 0.00423817 -0.250364 0.016802 -0.0041863 0.999855 16.755
0.999883 3.23856e-07 -0.0156149 -0.465142 -2.03745e-05 1 -0.00129952 -0.253556 0.0156136 0.00129958 0.999881 17.6072
0.999888 -0.00354377 -0.0151788 -0.471938 0.00342515 0.999971 -0.00779581 -0.258592 0.0152036 0.00774253 0.99986 18.482
0.999912 -0.00285119 -0.0133104 -0.505396 0.00267571 0.999913 -0.0132056 -0.26584 0.0133455 0.0131687 0.999828 19.4046
0.999922 -0.00216463 -0.0130353 -0.524171 0.00198155 0.999905 -0.0140004 -0.283466 0.0130619 0.0139731 0.999822 20.334
0.999918 -0.00224928 -0.0130036 -0.546483 0.00206953 0.999906 -0.0138572 -0.29787 0.0130321 0.013829 0.999824 21.264
0.999942 -0.000983414 -0.0116403 -0.579622 0.000808633 0.999892 -0.0149864 -0.324605 0.0116512 0.0149756 0.999826 22.1994
0.999949 -9.52441e-06 -0.0106229 -0.606655 -0.000170288 0.99986 -0.0169706 -0.339864 0.01062 0.0169713 0.999805 23.1301
0.999947 0.0037443 -0.0107523 -0.622727 -0.00393592 0.999839 -0.0178268 -0.364101 0.0106812 0.0178676 0.99979 24.1052
0.99993 0.00534545 -0.0111032 -0.632483 -0.00554436 0.999827 -0.0180076 -0.389942 0.0110034 0.0180677 0.999782 25.0608
0.999931 0.00611302 -0.0110491 -0.652319 -0.00630803 0.999829 -0.0176826 -0.424681 0.0109366 0.0177505 0.999789 26.0338
0.999931 0.00601559 -0.0107283 -0.676125 -0.0062081 0.999822 -0.018053 -0.446146 0.0106161 0.0181182 0.999784 27.0297
0.999919 0.00713817 -0.0114668 -0.694138 -0.00733157 0.999837 -0.0168877 -0.477035 0.0113418 0.0169697 0.999799 28.0326
0.999904 0.00743836 -0.0121816 -0.707473 -0.00762539 0.999856 -0.0154309 -0.496686 0.0120634 0.015522 0.999811 29.0394
0.999891 0.00719404 -0.0136306 -0.711006 -0.00738742 0.999879 -0.0141699 -0.527117 0.0135245 0.0142685 0.999815 30.0527
0.999888 0.00696518 -0.0137619 -0.732882 -0.00717615 0.99986 -0.015376 -0.552471 0.0136512 0.0154727 0.999792 31.0835
0.999873 0.00804203 -0.0144232 -0.746464 -0.00827981 0.999837 -0.0164852 -0.577528 0.0142858 0.0166019 0.999768 32.1192
0.999873 0.00740202 -0.0145557 -0.772395 -0.00762819 0.999853 -0.0155769 -0.60497 0.0144365 0.0156855 0.999777 33.1679
0.999874 0.00674951 -0.0149349 -0.795179 -0.00694528 0.999897 -0.0130719 -0.630938 0.0148426 0.0131734 0.99981 34.2112
0.999869 0.00711055 -0.0149763 -0.823967 -0.00725022 0.999934 -0.00931153 -0.658194 0.0149074 0.00941842 0.999849 35.2943
0.99987 0.00769592 -0.0147648 -0.864391 -0.00779894 0.999951 -0.00691832 -0.683431 0.0147083 0.00703198 0.999874 36.3599
0.999866 0.00744523 -0.0150063 -0.896272 -0.00753684 0.999956 -0.00606974 -0.711262 0.0149587 0.00618159 0.999873 37.3901
0.999877 0.0074813 -0.0143797 -0.94214 -0.00759823 0.999944 -0.00807981 -0.725473 0.014316 0.00818739 0.999871 38.4666
0.99988 0.00810795 -0.0137242 -0.98694 -0.00823684 0.999925 -0.00937621 -0.741587 0.0136454 0.00948769 0.999867 39.5451
0.999864 0.00786368 -0.0150995 -1.00195 -0.00798974 0.999939 -0.00829035 -0.769402 0.0150309 0.00840904 0.99986 40.6416
0.999852 0.00755184 -0.0159586 -1.02976 -0.00766 0.999951 -0.00674542 -0.786309 0.0159052 0.00686625 0.999854 41.7291
0.999836 0.00801904 -0.0167686 -1.05043 -0.00810081 0.99996 -0.0047964 -0.805396 0.016727 0.00493067 0.999857 42.8161
0.999807 0.00957361 -0.01756 -1.07269 -0.00966534 0.999942 -0.00516086 -0.829799 0.017508 0.00532918 0.999836 43.9147
0.999787 0.011132 -0.0178881 -1.0916 -0.0112917 0.999902 -0.00883802 -0.860607 0.0177855 0.00903734 0.99981 45.0263
0.999767 0.0125473 -0.0179772 -1.11848 -0.0127703 0.999844 -0.0123566 -0.895263 0.0178178 0.0125829 0.999766 46.1257
0.999764 0.0136161 -0.0174715 -1.15198 -0.0138397 0.999828 -0.0127253 -0.927738 0.017293 0.0129632 0.999775 47.1923
0.999768 0.014644 -0.0162592 -1.19474 -0.0148069 0.999844 -0.00995728 -0.961473 0.0161096 0.0101954 0.999823 48.2683
0.999752 0.0158158 -0.0162892 -1.21888 -0.0159374 0.999851 -0.00733855 -1.00287 0.0161687 0.00759564 0.999849 49.354
0.99981 0.013217 -0.014842 -1.26245 -0.0132854 0.999905 -0.00451535 -1.04419 0.0147798 0.00471144 0.999887 50.4352
0.999765 0.0171134 -0.0140051 -1.18995 -0.0171335 0.999858 -0.00130201 -1.14846 0.0139788 0.001541 0.99991 51.459
0.99978 0.0166696 -0.0133996 -1.19876 -0.0166977 0.999862 -0.00198056 -1.18888 0.0133635 0.00220369 0.999916 52.5152
0.999809 0.0168548 -0.0109636 -1.26904 -0.0168966 0.999857 -0.00370805 -1.21393 0.0108973 0.00389184 0.999943 53.6382
0.99983 0.0155903 -0.0106609 -1.26384 -0.0156563 0.999863 -0.00613639 -1.23871 0.0105625 0.00630208 0.999932 54.6586
0.99985 0.0142422 -0.0109732 -1.26418 -0.0143423 0.999863 -0.00907889 -1.27188 0.0108401 0.00923415 0.999909 55.7325
0.999859 0.0127855 -0.0116568 -1.26111 -0.0129098 0.999865 -0.0106536 -1.30166 0.0115176 0.0108023 0.999883 56.8203
0.999878 0.0112374 -0.0118447 -1.26777 -0.0113331 0.999911 -0.00803221 -1.33398 0.011751 0.00816475 0.999909 57.916
0.999895 0.00925693 -0.0119327 -1.27419 -0.00928406 0.99996 -0.00221449 -1.35297 0.0119104 0.0023248 0.999934 59.014
0.999923 0.00676346 -0.0114452 -1.28347 -0.00672717 0.99998 0.00321536 -1.36673 0.0114644 -0.00313876 0.99994 60.0563
0.99993 0.00549913 -0.0112314 -1.30633 -0.00545038 0.999982 0.0043731 -1.39184 0.0112539 -0.00431176 0.999934 61.1735
0.999956 0.00104794 -0.0104957 -1.32172 -0.00103742 1.00001 0.00102538 -1.39417 0.0104946 -0.00101501 0.999955 62.2487
0.999963 -0.000131959 -0.00963187 -1.35358 0.000113166 1.00001 -0.00191475 -1.4131 0.00963072 0.00191327 0.99996 63.3254
0.999954 0.00136485 -0.010615 -1.36034 -0.00142919 0.99999 -0.00603235 -1.43087 0.0106043 0.00604659 0.999937 64.4462
0.999963 0.00135279 -0.00963341 -1.39594 -0.00145686 0.999947 -0.0107813 -1.44391 0.00961687 0.0107946 0.999904 65.5284
0.999974 0.00427003 -0.00751246 -1.43859 -0.00438397 0.999885 -0.0152047 -1.41204 0.00744422 0.0152364 0.99987 66.5996
0.999957 0.00800163 -0.00661472 -1.45848 -0.00807679 0.99991 -0.0113792 -1.4452 0.00652155 0.0114317 0.999923 67.6981
0.99995 0.00957564 -0.00569536 -1.49164 -0.00962914 0.999919 -0.00942869 -1.47045 0.00560214 0.00948231 0.999953 68.7922
0.999954 0.00873616 -0.00623153 -1.49872 -0.0087991 0.999918 -0.0101149 -1.47641 0.00614109 0.0101688 0.999941 69.9036
0.999974 0.00673941 -0.00566105 -1.52555 -0.00679428 0.99994 -0.00973549 -1.49608 0.00559254 0.00977299 0.999951 71.0034
0.999995 0.00540216 -0.0022277 -1.56914 -0.00542516 0.999938 -0.0104258 -1.48988 0.00216935 0.0104373 0.999956 72.0527
1 0.0025745 -0.00324557 -1.55831 -0.00260399 0.999965 -0.00914441 -1.49571 0.0032193 0.0091522 0.999968 73.1445
1.00001 0.000776068 -0.0028299 -1.58622 -0.000802057 0.999967 -0.00908432 -1.49872 0.00282075 0.00908609 0.999968 74.2314
1.00001 0.000235995 -0.00252111 -1.60814 -0.000262373 0.999956 -0.0104896 -1.52628 0.00251591 0.0104896 0.999957 75.3031
1.00001 0.000852712 -0.00348465 -1.61673 -0.000902283 0.999908 -0.0141535 -1.56003 0.00347024 0.0141562 0.999908 76.4369
0.999999 0.000805426 -0.00530154 -1.60842 -0.000893321 0.999873 -0.0166038 -1.58567 0.00528487 0.0166078 0.999864 77.5098
0.999998 0.0022567 -0.00524353 -1.63904 -0.00233505 0.999895 -0.0149249 -1.61724 0.00520734 0.0149366 0.99989 78.5639
0.999986 0.00260597 -0.00710041 -1.62815 -0.00268382 0.999947 -0.0109794 -1.64401 0.00706884 0.0109976 0.999931 79.6451
0.999976 0.00408164 -0.00777769 -1.64756 -0.00413882 0.999975 -0.00729869 -1.66696 0.00774575 0.00733019 0.999959 80.7231
0.999974 0.00498543 -0.00754415 -1.67889 -0.00503788 0.999975 -0.00694431 -1.68832 0.00750681 0.00698119 0.999965 81.8146
0.999975 0.00407404 -0.00792941 -1.70427 -0.00414469 0.999963 -0.00889822 -1.69879 0.00789092 0.00893028 0.999946 82.8559
0.999978 0.00386147 -0.00770964 -1.73487 -0.00393811 0.999954 -0.00995264 -1.72149 0.00766838 0.00998175 0.999938 83.9037
0.999981 0.00290192 -0.00774626 -1.76435 -0.00298715 0.999946 -0.0109999 -1.73517 0.00771202 0.0110222 0.999927 84.957
0.999982 0.0017714 -0.0079667 -1.78823 -0.00185495 0.999955 -0.0104809 -1.76882 0.00794524 0.0104945 0.999931 85.9945
0.999989 0.000433141 -0.00736664 -1.82546 -0.00050408 0.999965 -0.00959497 -1.78895 0.0073603 0.00959797 0.999944 87.0037
0.99999 4.75464e-05 -0.00728869 -1.85224 -0.000114765 0.999969 -0.00921631 -1.77844 0.00728556 0.00921594 0.999949 87.9851
0.999987 -0.00114737 -0.00763045 -1.87576 0.00107584 0.999967 -0.00933743 -1.79176 0.00763902 0.00932848 0.999945 88.9781
0.99997 -0.00265505 -0.00924504 -1.89923 0.00257001 0.999966 -0.00917109 -1.81922 0.00926658 0.00914596 0.999934 89.9356
0.999938 -0.00407386 -0.0118991 -1.93099 0.00395111 0.99995 -0.0103108 -1.84438 0.0119386 0.0102624 0.999894 90.8852
0.9999 -0.00422332 -0.0146833 -1.96163 0.00405744 0.99994 -0.0112903 -1.87009 0.0147276 0.0112284 0.999848 91.7989
0.999864 -0.00468123 -0.0168753 -2.0033 0.00449489 0.999941 -0.0110535 -1.89771 0.0169241 0.0109754 0.999816 92.6778
0.999833 -0.00376807 -0.0188203 -2.04456 0.00357792 0.999955 -0.0101181 -1.92354 0.018855 0.0100479 0.999793 93.5629
0.999791 -0.00314785 -0.0210666 -2.08666 0.00296287 0.999969 -0.00878819 -1.95394 0.0210916 0.00872319 0.999759 94.4141
0.999746 -0.00215144 -0.0232301 -2.12318 0.00199438 0.999989 -0.00677248 -1.98755 0.0232417 0.00672335 0.99973 95.219
0.9997 -0.000844948 -0.0251864 -2.16618 0.000696048 0.999994 -0.00590426 -2.01048 0.0251892 0.00588427 0.999685 96.0139
0.999623 0.00125291 -0.0280897 -2.18035 -0.00142955 0.999994 -0.00625961 -2.027 0.0280788 0.00629622 0.99961 96.7534
0.999538 0.00356012 -0.0307695 -2.21276 -0.00378805 0.999978 -0.00734076 -2.05589 0.0307407 0.0074531 0.999519 97.4937
0.999453 0.00518885 -0.0332194 -2.24775 -0.00555252 0.999939 -0.0108598 -2.08322 0.033158 0.0110371 0.999412 98.189
0.999324 0.00856012 -0.036277 -2.28411 -0.00908774 0.999867 -0.0143946 -2.11399 0.0361469 0.0147136 0.999258 98.8885
0.999223 0.0102487 -0.038536 -2.31953 -0.0109284 0.999802 -0.0174647 -2.13151 0.0383464 0.017871 0.999128 99.5743
0.999136 0.0126383 -0.0400687 -2.33707 -0.0133795 0.999756 -0.0182795 -2.16024 0.0398259 0.0187989 0.99905 100.206
0.999102 0.0152436 -0.0400027 -2.35102 -0.0159718 0.999726 -0.0179426 -2.18724 0.0397152 0.0185641 0.999062 100.829
0.999124 0.0191479 -0.0377318 -2.36864 -0.0197784 0.999683 -0.0164054 -2.21495 0.0374036 0.0171363 0.999174 101.446
0.999246 0.0215485 -0.0328653 -2.37908 -0.0220538 0.999658 -0.0150882 -2.24151 0.032526 0.0158003 0.999369 102.037
0.999401 0.022269 -0.0271952 -2.35781 -0.0226316 0.999671 -0.0130927 -2.26538 0.0268928 0.0136994 0.999565 102.589
0.999599 0.0219806 -0.0189225 -2.33601 -0.0221908 0.999709 -0.0109631 -2.28159 0.0186733 0.0113775 0.999785 103.107
0.999749 0.021681 -0.0083997 -2.31138 -0.0217651 0.999727 -0.0100295 -2.29748 0.00817815 0.010209 0.999935 103.616
0.999796 0.0207611 0.00394693 -2.27652 -0.0207198 0.999747 -0.0102522 -2.3102 -0.00416115 0.0101671 0.999964 104.106
0.999658 0.0207947 0.0170749 -2.21842 -0.0205981 0.999734 -0.0116262 -2.32017 -0.0173137 0.0112696 0.999808 104.584
0.999302 0.0199436 0.0321943 -2.13753 -0.019453 0.999705 -0.0154864 -2.32681 -0.0324957 0.0148481 0.999385 105.031
0.998546 0.0197808 0.0505319 -2.04391 -0.018762 0.999626 -0.0205633 -2.33566 -0.050921 0.0195844 0.998532 105.454
0.997261 0.0174027 0.0721573 -1.94898 -0.0155457 0.99955 -0.0262218 -2.34225 -0.0725826 0.0250269 0.997072 105.862
0.995231 0.0150788 0.0965812 -1.83289 -0.0122432 0.999492 -0.0298888 -2.34912 -0.0969836 0.0285627 0.994897 106.298
0.992281 0.0126216 0.12352 -1.70905 -0.00874647 0.999469 -0.0318676 -2.35726 -0.123857 0.0305398 0.991854 106.688
0.988132 0.010358 0.153383 -1.57174 -0.00516965 0.999416 -0.034189 -2.36909 -0.153648 0.0329891 0.987596 107.079
0.982241 0.00801494 0.187553 -1.43537 -0.00138263 0.999385 -0.0354692 -2.39086 -0.187722 0.0345784 0.981637 107.469
0.974431 0.00508688 0.224715 -1.27891 0.00308288 0.999361 -0.035992 -2.41034 -0.224754 0.0357633 0.973782 107.879
0.964552 0.00296106 0.263947 -1.12468 0.00706512 0.999305 -0.0370305 -2.42855 -0.263871 0.037581 0.96385 108.255
0.952527 0.00377608 0.304497 -0.95634 0.00817149 0.99926 -0.0379548 -2.44958 -0.304413 0.03864 0.951779 108.612
0.937588 0.00526469 0.34776 -0.782153 0.00852415 0.999254 -0.0381107 -2.47116 -0.347697 0.0386948 0.936834 108.956
0.920297 0.00514758 0.391237 -0.593353 0.00976911 0.999313 -0.0361282 -2.49336 -0.391153 0.0370695 0.919603 109.277
0.900784 0.00421913 0.434289 -0.38321 0.0117625 0.999365 -0.0341075 -2.51562 -0.434153 0.0358301 0.900153 109.59
0.877746 0.00231113 0.479161 -0.182719 0.0156492 0.99933 -0.0334868 -2.53985 -0.478916 0.0368902 0.87711 109.892
0.852626 0.002429 0.522551 0.0393857 0.0181812 0.999262 -0.0343116 -2.56769 -0.522243 0.0387539 0.851944 110.188
0.824916 0.00439844 0.565273 0.262919 0.0194637 0.999169 -0.0361785 -2.59565 -0.56496 0.0408453 0.824135 110.468
0.794413 0.00845057 0.60735 0.504286 0.019166 0.999074 -0.0389712 -2.6218 -0.607108 0.042598 0.793506 110.737
0.760502 0.0149718 0.649195 0.757267 0.0161602 0.999001 -0.0419699 -2.63547 -0.649172 0.042408 0.75949 110.995
0.725194 0.0197047 0.688291 1.05228 0.0138752 0.998987 -0.0432195 -2.65655 -0.688435 0.040891 0.724178 111.222
0.687244 0.0198864 0.726182 1.35532 0.0163235 0.998963 -0.0428044 -2.6754 -0.726277 0.0412695 0.686198 111.436
0.648157 0.017202 0.761339 1.69068 0.022364 0.998902 -0.0416099 -2.67321 -0.761206 0.0439947 0.647053 111.638
0.605277 0.0150625 0.795898 2.0188 0.0247239 0.998996 -0.0377082 -2.68303 -0.795663 0.0425001 0.604289 111.825
0.560236 0.0136967 0.828246 2.36368 0.0264401 0.999075 -0.0344073 -2.68981 -0.827938 0.0411735 0.559351 112.003
0.51361 0.0115157 0.857971 2.72582 0.0285108 0.999144 -0.0304776 -2.69889 -0.857581 0.0401134 0.512835 112.162
0.464334 0.00796334 0.885648 3.10198 0.0334196 0.999106 -0.0265061 -2.69446 -0.885054 0.0419041 0.463649 112.294
0.413404 0.00783617 0.910537 3.49023 0.0315828 0.999254 -0.0229385 -2.71582 -0.91003 0.0382384 0.412841 112.434
0.362976 0.0125586 0.931737 3.89179 0.030373 0.999235 -0.0253017 -2.71873 -0.931327 0.037482 0.362313 112.553
0.313924 0.0185609 0.949289 4.30389 0.0312801 0.999079 -0.0298782 -2.70667 -0.948964 0.0390715 0.313048 112.649
0.268331 0.0203915 0.963134 4.70895 0.0356305 0.998898 -0.0310765 -2.70304 -0.962691 0.0426543 0.267307 112.717
0.227914 0.0211975 0.973472 5.11977 0.0428644 0.998591 -0.0317797 -2.68516 -0.972767 0.0489683 0.22668 112.772
0.193845 0.0207351 0.980837 5.55348 0.0510952 0.998223 -0.0312019 -2.70083 -0.979724 0.0561627 0.19244 112.807
0.163518 0.0220024 0.986316 6.00573 0.0562503 0.997932 -0.0315868 -2.70545 -0.984966 0.0606433 0.161939 112.849
0.136084 0.0207212 0.990505 6.49202 0.0535854 0.998181 -0.0282449 -2.72371 -0.989271 0.0569186 0.134725 112.902
0.110677 0.0172476 0.993728 6.98776 0.0474944 0.998631 -0.0226222 -2.7402 -0.992752 0.0496981 0.109703 112.963
0.0871182 0.0137326 0.996129 7.49126 0.0425546 0.998959 -0.0174944 -2.75204 -0.995312 0.0439124 0.0864427 113.001
0.0649147 0.0112901 0.997848 8.00288 0.0466598 0.998823 -0.0143364 -2.76557 -0.996831 0.0474879 0.0643098 113.011
0.0455974 0.011925 0.998915 8.51186 0.0554927 0.998373 -0.0144526 -2.77901 -0.997441 0.0560898 0.0448614 113.013
0.0270808 0.0146895 0.999547 9.01455 0.0603583 0.998059 -0.0163028 -2.77032 -0.997841 0.0607702 0.0261407 113.018
0.0130967 0.0210917 0.999718 9.58525 0.0591512 0.998029 -0.0218319 -2.77532 -0.998188 0.0594188 0.0118237 113.015
0.00163881 0.0260765 0.99968 10.1907 0.0557525 0.998118 -0.026127 -2.78467 -0.998475 0.0557754 0.000181488 113.03
-0.00478473 0.0258597 0.999681 10.7988 0.0574101 0.998043 -0.0255436 -2.80379 -0.998365 0.0572681 -0.00625918 113.019
-0.00765582 0.0231328 0.999726 11.4217 0.0628461 0.997783 -0.0226065 -2.82057 -0.998026 0.0626534 -0.00909278 112.999
-0.00800672 0.0223883 0.999746 12.0701 0.0642074 0.997717 -0.0218298 -2.82883 -0.99793 0.0640144 -0.0094251 113.008
-0.00578053 0.0236552 0.999727 12.7667 0.0636317 0.997718 -0.0232398 -2.81654 -0.997989 0.0634774 -0.00727268 113.013
-0.00507956 0.0243861 0.999718 13.4902 0.0595616 0.997955 -0.0240416 -2.83703 -0.998238 0.059421 -0.00652076 113.04
-0.00488158 0.0267635 0.999653 14.1808 0.0577215 0.997998 -0.0264374 -2.83513 -0.998354 0.0575699 -0.00641671 113.054
-0.00368875 0.0276864 0.999639 14.91 0.0577016 0.997976 -0.0274287 -2.85743 -0.998354 0.0575778 -0.00527795 113.055
-0.00246927 0.0276842 0.999638 15.656 0.0572104 0.997999 -0.0274976 -2.87985 -0.998393 0.0571195 -0.00404819 113.055
-0.00184418 0.026129 0.999686 16.4191 0.0564733 0.998085 -0.0259842 -2.90839 -0.998429 0.0564059 -0.0033154 113.061
-0.00182197 0.0261777 0.999681 17.1942 0.0562946 0.998091 -0.0260336 -2.90979 -0.998446 0.0562269 -0.00329219 113.072
-0.00242293 0.024224 0.999734 17.9677 0.0571161 0.998096 -0.0240473 -2.93285 -0.998392 0.0570409 -0.00380095 113.073
-0.00327214 0.0252236 0.999702 18.7558 0.0543113 0.998228 -0.0250088 -2.90638 -0.998552 0.0542111 -0.00463623 113.073
-0.0042917 0.0252892 0.999702 19.5514 0.0533288 0.998281 -0.0250259 -2.91217 -0.998598 0.0532039 -0.00563175 113.07
-0.00563413 0.0243753 0.999715 20.3584 0.0553796 0.998194 -0.0240265 -2.91005 -0.998485 0.0552262 -0.00697362 113.069
-0.00748913 0.0244133 0.999707 21.1292 0.0570729 0.998101 -0.0239482 -2.90438 -0.998372 0.056875 -0.00886704 113.073
-0.00932778 0.0250574 0.999671 21.9735 0.0546114 0.998225 -0.0245119 -2.91123 -0.998499 0.0543627 -0.0106794 113.076
-0.00982995 0.0308981 0.999507 22.7939 0.0523619 0.998185 -0.030344 -2.9202 -0.99861 0.0520361 -0.0114287 113.068
-0.0111544 0.0458992 0.998913 23.6085 0.0511415 0.997683 -0.0452718 -2.82239 -0.998666 0.0505791 -0.0134754 113.071
-0.012397 0.0476599 0.998819 24.4274 0.0511965 0.997601 -0.0469681 -2.86307 -0.998643 0.0505519 -0.0148057 113.059
-0.0141019 0.0461542 0.998864 25.2704 0.04774 0.997844 -0.0454333 -2.90333 -0.998797 0.0470434 -0.0162743 113.059
-0.0147086 0.0421136 0.999037 26.1329 0.0449367 0.998148 -0.0414163 -2.95108 -0.998913 0.0442825 -0.0165723 113.047
-0.0149744 0.0368565 0.999239 26.9737 0.0435371 0.998415 -0.036174 -2.99876 -0.998977 0.0429606 -0.0165546 113.034
-0.0147857 0.0321014 0.999409 27.8216 0.0401957 0.998714 -0.0314863 -3.02777 -0.999116 0.0397048 -0.0160553 113.019
-0.0144232 0.0332655 0.999376 28.653 0.0363681 0.998823 -0.0327226 -3.02878 -0.999272 0.035872 -0.0156152 113.014
-0.0128569 0.0415282 0.999088 29.4874 0.0394466 0.998398 -0.040994 -3.05702 -0.999173 0.0388822 -0.0144726 112.995
-0.0122528 0.0533995 0.998533 30.3185 0.0417 0.997753 -0.0528465 -3.09422 -0.999095 0.0409897 -0.0144512 112.997
-0.0129281 0.0587503 0.998222 31.118 0.042182 0.997433 -0.0581597 -3.13397 -0.999061 0.0413537 -0.0153713 112.996
-0.0114763 0.0540599 0.998506 31.9619 0.0443461 0.997604 -0.0535018 -3.17521 -0.998991 0.0436643 -0.0138453 112.989
-0.00980145 0.0463272 0.998913 32.7884 0.0473336 0.997847 -0.0458154 -3.23338 -0.998866 0.0468316 -0.0119713 112.971
-0.00764082 0.0441098 0.999032 33.6348 0.0495941 0.997835 -0.043678 -3.27855 -0.998782 0.0492106 -0.009811 112.949
-0.00718688 0.0455551 0.99897 34.4651 0.0498154 0.997757 -0.0451436 -3.3215 -0.998767 0.0494383 -0.00943826 112.945
-0.00870152 0.0454774 0.998962 35.2936 0.0462001 0.997938 -0.0450288 -3.39348 -0.998936 0.0457588 -0.0107837 112.95
-0.00967979 0.0458642 0.998936 36.111 0.0449432 0.997978 -0.0453869 -3.43746 -0.998978 0.0444546 -0.0117197 112.937
-0.0115663 0.0452886 0.998942 36.913 0.0453008 0.997993 -0.0447216 -3.50214 -0.998949 0.0447339 -0.0135938 112.929
-0.0129195 0.0454214 0.99892 37.7194 0.0444017 0.998028 -0.0448089 -3.56171 -0.998967 0.0437734 -0.0149089 112.911
-0.0154329 0.0458368 0.998865 38.529 0.0417127 0.998129 -0.0451592 -3.60995 -0.999054 0.0409667 -0.017315 112.906
-0.0176057 0.0443614 0.998897 39.3256 0.0400865 0.998264 -0.0436291 -3.66616 -0.999077 0.0392728 -0.0193515 112.9
-0.0202406 0.0439955 0.998863 40.118 0.04073 0.998259 -0.0431443 -3.70435 -0.999009 0.0398087 -0.0219962 112.897
-0.0218771 0.0444458 0.99881 40.8991 0.0405351 0.99825 -0.0435355 -3.74982 -0.998976 0.0395329 -0.0236384 112.882
-0.0241219 0.0478962 0.998598 41.67 0.0412366 0.998071 -0.0468756 -3.7611 -0.998903 0.0400463 -0.0260492 112.879
-0.0247867 0.0484313 0.998558 42.4517 0.0421803 0.998008 -0.0473603 -3.80914 -0.99884 0.0409439 -0.0267781 112.858
-0.0260748 0.0473331 0.998576 43.2351 0.0436966 0.997999 -0.0461655 -3.86298 -0.99875 0.0424288 -0.0280896 112.84
-0.0267749 0.0478965 0.998532 44.0102 0.0452598 0.997906 -0.0466555 -3.89623 -0.998654 0.0439424 -0.0288845 112.815
-0.0285161 0.0483829 0.998458 44.7938 0.044628 0.997915 -0.0470827 -3.94028 -0.998641 0.0432148 -0.0306144 112.803
-0.0294791 0.0484317 0.99843 45.5424 0.0437323 0.997953 -0.04712 -3.9821 -0.998646 0.0422727 -0.0315346 112.781
-0.0301539 0.0477331 0.998442 46.2854 0.0426262 0.998033 -0.046427 -4.02577 -0.998681 0.0411582 -0.0321278 112.766
-0.0301865 0.0476616 0.998446 47.0032 0.0428328 0.998028 -0.0463493 -4.07681 -0.998664 0.0413652 -0.0321662 112.739
-0.0292978 0.0505001 0.998331 47.7121 0.0436663 0.997856 -0.0491954 -4.12349 -0.998662 0.0421503 -0.0314386 112.713
-0.0294159 0.0535279 0.998172 48.4071 0.0433313 0.997718 -0.0522293 -4.1685 -0.998666 0.0417137 -0.031666 112.699
-0.0283592 0.055364 0.998102 49.117 0.0419067 0.997676 -0.0541504 -4.21956 -0.998765 0.0402901 -0.0306121 112.676
-0.0276112 0.0598789 0.997864 49.8109 0.0436443 0.997349 -0.058643 -4.22694 -0.998704 0.0419298 -0.0301493 112.654
-0.0269592 0.061809 0.997762 50.5166 0.0454012 0.997155 -0.0605454 -4.2523 -0.998652 0.0436658 -0.0296875 112.631
-0.026296 0.0628107 0.997718 51.2016 0.047716 0.996993 -0.0615097 -4.28585 -0.998554 0.0459877 -0.0292117 112.608
-0.0273415 0.0631712 0.997668 51.8814 0.0434805 0.997156 -0.061948 -4.33572 -0.998728 0.041684 -0.0300092 112.602
-0.0269053 0.0635649 0.997655 52.5743 0.041027 0.997234 -0.062434 -4.39253 -0.998835 0.0392491 -0.0294364 112.593
-0.0267064 0.0617843 0.997774 53.2482 0.0414743 0.997323 -0.0606474 -4.45221 -0.998832 0.0397608 -0.0291962 112.573
-0.026114 0.0598829 0.997904 53.8903 0.0407106 0.997467 -0.0587939 -4.52348 -0.998869 0.039088 -0.0284835 112.52
-0.0303222 0.059473 0.997813 54.5664 0.0376402 0.997615 -0.0583187 -4.57589 -0.998881 0.0357879 -0.0324873 112.521
-0.0335393 0.0583685 0.997772 55.2079 0.0348599 0.997782 -0.0572 -4.6388 -0.998869 0.032862 -0.0354973 112.464
-0.0388554 0.062137 0.997355 55.8606 0.0388158 0.997432 -0.0606312 -4.68625 -0.998542 0.0363554 -0.0411661 112.433
-0.0457955 0.0646573 0.996899 56.5202 0.0416131 0.997189 -0.0627672 -4.74244 -0.998124 0.038608 -0.0483549 112.408
-0.0515796 0.0677004 0.996417 57.1975 0.0413866 0.997014 -0.0656004 -4.77194 -0.997863 0.0378527 -0.0542257 112.359
-0.0581684 0.068223 0.996016 57.8784 0.0379381 0.997122 -0.0660858 -4.80664 -0.997626 0.0339413 -0.0605865 112.329
-0.0635232 0.0691163 0.99563 58.5573 0.0381675 0.997064 -0.0667827 -4.83472 -0.997303 0.0337566 -0.0659726 112.289
-0.0682475 0.0707064 0.995203 59.2736 0.0363356 0.997028 -0.0683471 -4.87805 -0.997047 0.0314951 -0.0706108 112.248
-0.0719153 0.0713477 0.994903 59.9748 0.0352036 0.997026 -0.0689573 -4.91673 -0.996841 0.0300633 -0.0742108 112.198
-0.074256 0.0695982 0.994851 60.6766 0.0357486 0.997134 -0.0670926 -4.95437 -0.996639 0.030581 -0.0765282 112.146
-0.0758424 0.0684444 0.994816 61.3854 0.0381645 0.997138 -0.0656966 -4.98835 -0.996441 0.0329821 -0.0782351 112.095
-0.0766912 0.0684806 0.994744 62.0911 0.0387964 0.997116 -0.0656559 -5.01446 -0.996342 0.0335557 -0.0791236 112.039
-0.0780708 0.0691842 0.994593 62.8419 0.0384872 0.997082 -0.0663385 -5.06148 -0.996258 0.0330979 -0.0805033 111.988
-0.0772462 0.0753041 0.994208 63.559 0.0410105 0.996568 -0.0722994 -5.09402 -0.996211 0.0351865 -0.0800662 111.925
-0.0767388 0.0794834 0.993928 64.3041 0.0470458 0.996024 -0.0760211 -5.15869 -0.995993 0.0409239 -0.0801708 111.861
-0.0766412 0.0841542 0.993545 65.0378 0.0545905 0.99532 -0.0800964 -5.2274 -0.995606 0.0480975 -0.0808734 111.794
-0.0772982 0.0854928 0.993387 65.8024 0.0552681 0.995181 -0.081349 -5.29528 -0.995527 0.0486117 -0.0816485 111.736
-0.0770829 0.0832664 0.993587 66.5535 0.0535755 0.995441 -0.0792686 -5.36715 -0.995628 0.0471197 -0.0811894 111.678
-0.0764878 0.0775864 0.994098 67.2928 0.0537284 0.995868 -0.0735931 -5.44446 -0.995674 0.0477793 -0.0803382 111.625
-0.0748215 0.0751224 0.99441 68.0534 0.056268 0.995916 -0.0710061 -5.51976 -0.995653 0.0506384 -0.0787401 111.547
-0.0744752 0.0753116 0.994425 68.8093 0.0568585 0.995871 -0.0711652 -5.58034 -0.995653 0.0512385 -0.0784477 111.477
-0.0758577 0.0762408 0.994246 69.5565 0.0558284 0.995862 -0.0721086 -5.64859 -0.995599 0.0500351 -0.0797973 111.423
-0.0776856 0.0774135 0.994019 70.3133 0.0561924 0.995764 -0.0731603 -5.70839 -0.995446 0.0501697 -0.0817044 111.366
-0.0792585 0.0778845 0.993854 71.056 0.0573377 0.995678 -0.0734583 -5.77336 -0.995248 0.0511611 -0.0833786 111.302
-0.0798968 0.0788621 0.99373 71.8083 0.0591169 0.995515 -0.0742531 -5.82916 -0.995101 0.0528105 -0.0841982 111.229
-0.0819099 0.0777887 0.993647 72.5316 0.0585859 0.99563 -0.073118 -5.90678 -0.994961 0.0522226 -0.0861063 111.17
-0.0835708 0.0785141 0.993456 73.2869 0.0559893 0.995715 -0.0739854 -5.96 -0.994982 0.0494367 -0.0876063 111.111
-0.0836994 0.0804595 0.993285 74.0492 0.0570084 0.995518 -0.07584 -6.02626 -0.994904 0.0502759 -0.087908 111.038
-0.0839987 0.0809603 0.993224 74.8158 0.0555445 0.995554 -0.0764553 -6.09277 -0.994971 0.0487429 -0.0881198 110.971
-0.0855758 0.0810692 0.993075 75.5747 0.0540823 0.995622 -0.0766201 -6.15785 -0.994908 0.0471492 -0.0895823 110.911
-0.086044 0.0799641 0.99313 76.341 0.0547959 0.995674 -0.075424 -6.21195 -0.994838 0.0479265 -0.0900511 110.844
-0.08687 0.0781152 0.9932 77.1254 0.0526683 0.995916 -0.0737255 -6.27811 -0.994872 0.0459038 -0.0906262 110.778
-0.0884266 0.0764326 0.993199 77.9096 0.0501425 0.996158 -0.0721986 -6.34298 -0.994874 0.0434142 -0.0919169 110.71
-0.0902024 0.0767986 0.993006 78.7167 0.0509716 0.996101 -0.0724112 -6.39958 -0.994664 0.0440816 -0.0937619 110.637
-0.0916755 0.078274 0.992761 79.5009 0.0514509 0.995976 -0.0737789 -6.45258 -0.994514 0.0443117 -0.0953312 110.558
-0.0935794 0.0806588 0.992387 80.2851 0.0501771 0.995857 -0.0762127 -6.50088 -0.994392 0.0426614 -0.0972355 110.479
-0.0953667 0.0859262 0.991781 81.1128 0.0521118 0.995363 -0.0812284 -6.55047 -0.994133 0.0439341 -0.0993993 110.418
-0.0948208 0.0909962 0.991375 81.9163 0.0543631 0.99483 -0.0861171 -6.60746 -0.994055 0.0457267 -0.0992738 110.33
-0.0955592 0.0957617 0.990862 82.7401 0.0558181 0.994342 -0.0907177 -6.67785 -0.993914 0.0466359 -0.100361 110.244
-0.09469 0.0969798 0.990821 83.5876 0.0583189 0.994104 -0.0917314 -6.76367 -0.993843 0.0490956 -0.0997838 110.163
-0.0932896 0.0965074 0.991006 84.4067 0.0616721 0.993971 -0.0909934 -6.84469 -0.993784 0.0526253 -0.0986759 110.066
-0.0932812 0.0946074 0.991184 85.2571 0.0622983 0.994109 -0.0890273 -6.93829 -0.993735 0.0534425 -0.0986219 109.989
-0.092352 0.0930916 0.99142 86.0811 0.0613478 0.994292 -0.0876494 -7.02517 -0.993891 0.0527235 -0.0975328 109.913
-0.0909774 0.0906283 0.99177 86.9229 0.0594248 0.994599 -0.0854393 -7.11355 -0.994125 0.0511606 -0.095868 109.843
-0.0891706 0.0874119 0.992228 87.7775 0.0595426 0.994859 -0.0822954 -7.20027 -0.994292 0.0517382 -0.093914 109.769
-0.0866455 0.0847512 0.992676 88.6303 0.0607529 0.994999 -0.0796503 -7.27272 -0.994432 0.0534045 -0.0913576 109.687
-0.085332 0.0850227 0.992773 89.4897 0.0588169 0.995076 -0.0801672 -7.35552 -0.994672 0.0515477 -0.0899098 109.621
-0.083833 0.0891475 0.992533 90.3425 0.0598408 0.994672 -0.0842889 -7.44177 -0.994728 0.0523256 -0.0887176 109.554
-0.0815307 0.0950374 0.992185 91.17 0.0602914 0.994122 -0.0902715 -7.53042 -0.994903 0.0524569 -0.0867787 109.475
-0.0803204 0.0978222 0.992006 92.0504 0.0577552 0.993987 -0.0933448 -7.63073 -0.995142 0.049794 -0.0854838 109.412
-0.0783124 0.0951807 0.992432 92.8976 0.0565961 0.994282 -0.0908954 -7.72379 -0.995379 0.0490461 -0.0832489 109.336
-0.0769323 0.0925457 0.992781 93.7777 0.0572171 0.994481 -0.0882741 -7.81922 -0.99544 0.0500109 -0.0817996 109.27
-0.0756458 0.0910233 0.993029 94.6437 0.058767 0.994532 -0.0866877 -7.90909 -0.99546 0.0517962 -0.0805789 109.197
-0.0733546 0.0911608 0.993181 95.5227 0.0603737 0.994422 -0.0868195 -7.99835 -0.995524 0.0535913 -0.078446 109.124
-0.0724301 0.0915002 0.993224 96.3873 0.0603049 0.994394 -0.0872135 -8.08286 -0.995607 0.0535759 -0.0775396 109.058
-0.0708491 0.0894077 0.993523 97.2313 0.0633048 0.994399 -0.0849762 -8.17205 -0.995524 0.0568722 -0.0761091 108.986
-0.0693543 0.0887551 0.993692 98.0901 0.0656907 0.99431 -0.0842286 -8.25824 -0.995486 0.0594309 -0.0747878 108.918
-0.0680586 0.0904365 0.993625 98.9435 0.0679405 0.994021 -0.0858228 -8.33528 -0.995414 0.0616642 -0.0737929 108.856
-0.0665363 0.0933249 0.993467 99.7871 0.0691845 0.993683 -0.0887149 -8.41401 -0.995443 0.0628257 -0.0725704 108.787
-0.0656719 0.0956284 0.993299 100.648 0.0671604 0.993593 -0.0912203 -8.49198 -0.995627 0.0607176 -0.0716706 108.735
-0.0652642 0.0920604 0.99367 101.53 0.0629697 0.994162 -0.0879735 -8.5748 -0.99594 0.0568257 -0.070678 108.685
-0.0656232 0.0905108 0.993782 102.398 0.0588072 0.994528 -0.0866993 -8.66516 -0.996158 0.0527501 -0.0705837 108.638
-0.0671654 0.091257 0.993618 103.258 0.0551846 0.994655 -0.0876254 -8.75485 -0.996275 0.0489434 -0.0718401 108.59
-0.068901 0.0958902 0.993056 104.113 0.0518037 0.994401 -0.0924297 -8.84803 -0.996326 0.0450737 -0.0734796 108.541
-0.0696423 0.0984991 0.992756 104.945 0.0506655 0.99421 -0.0950927 -8.93496 -0.996345 0.0436725 -0.0742272 108.48
-0.0687108 0.0998185 0.992682 105.796 0.0507497 0.994073 -0.0964495 -9.01215 -0.996394 0.0437495 -0.0733662 108.403
-0.0685119 0.0999569 0.992688 106.631 0.0521926 0.993996 -0.09649 -9.09809 -0.996345 0.0451968 -0.0733153 108.34
-0.0684691 0.101468 0.992531 107.483 0.0535145 0.993786 -0.0979085 -9.18226 -0.996266 0.0464093 -0.0734705 108.272
-0.0695821 0.104612 0.992134 108.304 0.0539598 0.993456 -0.100971 -9.27916 -0.996177 0.0465057 -0.0747693 108.218
-0.0711557 0.107315 0.991728 109.127 0.0551824 0.993126 -0.103512 -9.35011 -0.995987 0.0473586 -0.0765853 108.18
-0.0725193 0.109144 0.991436 109.946 0.0555162 0.992926 -0.105251 -9.42425 -0.995882 0.0474041 -0.0780631 108.129
-0.0735148 0.108536 0.991424 110.736 0.0552482 0.993007 -0.104617 -9.51446 -0.995812 0.0470818 -0.0789938 108.054
-0.0756599 0.110158 0.991089 111.538 0.0560767 0.992807 -0.106072 -9.60875 -0.995618 0.0475475 -0.0812904 107.979
-0.0783557 0.113024 0.99055 112.341 0.0556575 0.992529 -0.108851 -9.70608 -0.995419 0.0466008 -0.0840575 107.906
-0.0815875 0.114167 0.990164 113.134 0.0535784 0.992515 -0.110027 -9.80825 -0.995288 0.0440708 -0.0870907 107.839
-0.0843774 0.114023 0.989941 113.915 0.0543426 0.99251 -0.10969 -9.91146 -0.995 0.044539 -0.089938 107.766
-0.0868365 0.112716 0.989884 114.694 0.055554 0.992612 -0.108157 -10.0116 -0.994735 0.0455961 -0.0924536 107.689
-0.0889221 0.113405 0.989614 115.473 0.0570587 0.992476 -0.108609 -10.1121 -0.994452 0.0468067 -0.09472 107.61
-0.0906767 0.118427 0.988873 116.26 0.0528061 0.992111 -0.113977 -10.2114 -0.994543 0.0418798 -0.0962117 107.543
-0.0923066 0.125655 0.987823 117.028 0.0503952 0.991355 -0.121399 -10.3138 -0.994503 0.0385743 -0.0978372 107.475
-0.0923703 0.128468 0.987462 117.77 0.056012 0.990775 -0.123663 -10.406 -0.994212 0.0438831 -0.0987104 107.367
-0.0948254 0.12703 0.987409 118.549 0.0586316 0.990847 -0.121846 -10.5017 -0.993815 0.0463375 -0.101401 107.284
-0.0975333 0.120072 0.988023 119.324 0.0580598 0.991724 -0.114794 -10.6004 -0.993601 0.0461642 -0.103694 107.203
-0.0995249 0.118514 0.988005 120.095 0.0572586 0.991949 -0.113223 -10.7021 -0.993435 0.0453015 -0.105506 107.123
-0.099836 0.121918 0.987567 120.862 0.056843 0.991576 -0.116671 -10.7971 -0.993442 0.0444844 -0.105922 107.027
-0.101917 0.125749 0.986866 121.614 0.0550625 0.991202 -0.120618 -10.8952 -0.993317 0.0420447 -0.10794 106.941
-0.102953 0.129784 0.986244 122.374 0.0570702 0.990622 -0.124407 -10.9754 -0.993111 0.0434731 -0.10939 106.851
-0.104004 0.134478 0.985497 123.105 0.0617953 0.989807 -0.128548 -11.072 -0.992705 0.0475279 -0.11125 106.759
-0.106054 0.139452 0.984595 123.846 0.0622146 0.989141 -0.133398 -11.17 -0.992475 0.0471046 -0.113574 106.674
-0.10901 0.142432 0.983837 124.591 0.0614236 0.988786 -0.136347 -11.27 -0.992191 0.045566 -0.116532 106.595
-0.111379 0.140611 0.983843 125.329 0.0617052 0.989042 -0.134373 -11.3765 -0.991924 0.0457377 -0.118831 106.51
-0.115005 0.137367 0.983876 126.04 0.0660895 0.989287 -0.130401 -11.4797 -0.991214 0.0500254 -0.122847 106.41
-0.119984 0.135733 0.983517 126.776 0.0682933 0.989425 -0.128221 -11.5948 -0.990488 0.0517787 -0.12798 106.307
-0.125742 0.134379 0.982975 127.52 0.0675599 0.989674 -0.126657 -11.706 -0.98981 0.0504818 -0.133517 106.203
-0.135393 0.134054 0.981745 128.26 0.067244 0.989797 -0.125884 -11.8247 -0.988572 0.0489683 -0.143021 106.117
-0.146728 0.134419 0.980057 128.974 0.0670048 0.98983 -0.125732 -11.9337 -0.986955 0.0472184 -0.154237 106.013
-0.156203 0.135907 0.978396 129.704 0.0684397 0.989631 -0.126546 -12.031 -0.985415 0.0471897 -0.163879 105.854
-0.169105 0.136918 0.976098 130.406 0.0707108 0.989469 -0.126548 -12.1286 -0.983109 0.0476193 -0.176999 105.732
-0.180637 0.137389 0.973973 131.116 0.0753897 0.98925 -0.125567 -12.2203 -0.980721 0.0507408 -0.189046 105.586
-0.191428 0.137989 0.971815 131.825 0.0797963 0.98901 -0.124716 -12.3111 -0.978308 0.0536713 -0.200328 105.436
-0.201729 0.138747 0.969631 132.516 0.0862091 0.988623 -0.123534 -12.3966 -0.975705 0.0586655 -0.211388 105.287
-0.209339 0.139041 0.967965 133.229 0.0929485 0.988219 -0.121852 -12.4992 -0.973467 0.0644606 -0.219789 105.108
-0.216281 0.138448 0.966532 133.934 0.0983993 0.98798 -0.119506 -12.6065 -0.971426 0.0692536 -0.227296 104.929
-0.222774 0.138452 0.965046 134.643 0.0997335 0.987939 -0.118718 -12.7094 -0.969807 0.069798 -0.233888 104.76
-0.227592 0.136254 0.964244 135.356 0.103408 0.987979 -0.115206 -12.8069 -0.968317 0.0734848 -0.238937 104.589
-0.227945 0.133435 0.964546 136.03 0.10957 0.987821 -0.110765 -12.8949 -0.967542 0.0804341 -0.239781 104.392
-0.227745 0.131961 0.964805 136.72 0.115678 0.987459 -0.107758 -12.981 -0.966891 0.0870591 -0.240145 104.199
-0.228143 0.130204 0.964941 137.384 0.11808 0.987435 -0.105326 -13.0729 -0.966495 0.0899078 -0.240642 104.02
-0.22701 0.135856 0.964438 138.084 0.12074 0.986543 -0.110555 -13.1601 -0.966446 0.0913423 -0.24035 103.846
-0.225287 0.139264 0.964347 138.757 0.120043 0.98619 -0.114379 -13.2454 -0.966922 0.0899925 -0.238885 103.675
-0.223809 0.139338 0.96469 139.431 0.122174 0.985966 -0.114072 -13.3294 -0.967012 0.0923224 -0.237683 103.502
-0.221439 0.138214 0.965389 140.095 0.123602 0.985932 -0.112808 -13.4113 -0.967363 0.0943414 -0.235399 103.333
-0.217802 0.135813 0.966563 140.749 0.124613 0.98607 -0.110479 -13.4968 -0.968072 0.0963773 -0.231683 103.147
-0.216144 0.136087 0.96689 141.421 0.125194 0.98596 -0.110789 -13.5915 -0.968354 0.0970999 -0.230139 102.99
-0.2137 0.1381 0.967155 142.061 0.125859 0.985634 -0.112934 -13.6799 -0.968826 0.0975838 -0.228002 102.838
-0.209165 0.139626 0.96792 142.715 0.126924 0.98529 -0.114709 -13.7686 -0.969661 0.0988567 -0.223802 102.691
-0.203841 0.138559 0.969215 143.345 0.12799 0.985244 -0.113937 -13.8542 -0.97067 0.100818 -0.218558 102.546
-0.197706 0.136367 0.970789 143.99 0.127752 0.985448 -0.112414 -13.9475 -0.971954 0.101793 -0.212243 102.399
-0.19333 0.133911 0.972019 144.616 0.125577 0.985906 -0.110852 -14.0438 -0.973132 0.100625 -0.207413 102.268
-0.189182 0.13337 0.972901 145.249 0.125297 0.985946 -0.110798 -14.1285 -0.973968 0.100937 -0.203226 102.142
-0.185402 0.13177 0.973855 145.881 0.12571 0.986042 -0.109491 -14.2134 -0.974657 0.102116 -0.199371 102.022
-0.180741 0.129592 0.975015 146.488 0.129257 0.985846 -0.107076 -14.2958 -0.975053 0.106671 -0.194926 101.893
-0.176928 0.128172 0.975909 147.104 0.129934 0.985883 -0.105931 -14.3731 -0.975677 0.108054 -0.191076 101.772
-0.173919 0.127121 0.97658 147.708 0.127618 0.986213 -0.105653 -14.4501 -0.976509 0.106251 -0.187737 101.661
-0.170251 0.128506 0.977053 148.321 0.124694 0.986335 -0.108004 -14.5318 -0.977548 0.103437 -0.183941 101.552
-0.163958 0.132269 0.977619 148.914 0.125654 0.985731 -0.112298 -14.6 -0.978484 0.104426 -0.178232 101.429
-0.157911 0.135815 0.978136 149.506 0.126807 0.985119 -0.116318 -14.6731 -0.979346 0.105659 -0.172777 101.321
-0.150959 0.137227 0.979029 150.087 0.125136 0.985038 -0.118778 -14.7455 -0.98064 0.104578 -0.165866 101.225
-0.141973 0.135759 0.980585 150.675 0.121097 0.985528 -0.118916 -14.8322 -0.982504 0.101855 -0.156352 101.134
-0.133307 0.134228 0.982003 151.274 0.119475 0.985771 -0.118529 -14.9149 -0.983899 0.101521 -0.147441 101.09
-0.122945 0.133292 0.98349 151.849 0.119131 0.985791 -0.118716 -14.9947 -0.985306 0.102561 -0.137072 101.051
-0.110882 0.132165 0.985066 152.42 0.116622 0.986035 -0.119173 -15.0791 -0.987019 0.101663 -0.124742 101.008
-0.0961154 0.131969 0.986651 152.993 0.114669 0.986076 -0.120727 -15.1564 -0.988812 0.101526 -0.109906 100.972
