0.999997 -0.00135861 -0.00220377 0.0121442 0.00135514 0.999999 -0.0015952 0.00631094 0.00220549 0.0015921 0.999997 0.576301
0.999994 -0.00140179 -0.00328601 0.00882237 0.00139068 0.999993 -0.00336893 -0.00482848 0.0032906 0.00336431 0.999989 1.13022
0.999985 -0.00157283 -0.00578456 0.0141595 0.00154249 0.999986 -0.00522872 -0.00798594 0.00579196 0.0052196 0.999973 1.71104
0.999971 -0.00326973 -0.00695148 -0.0240892 0.0032161 0.999966 -0.00770759 -0.00711243 0.00697628 0.00768494 0.999947 2.3512
0.99995 -0.00591014 -0.00853126 -0.0234671 0.00582619 0.999936 -0.00980222 -0.0193974 0.00858779 0.00975177 0.99992 2.88249
0.999942 -0.00672943 -0.00849961 -0.0723264 0.0066365 0.99992 -0.0109044 -0.0219775 0.00857189 0.0108471 0.999906 3.48315
0.999942 -0.00661685 -0.00909547 -0.101943 0.00652243 0.999927 -0.0103391 -0.041592 0.00916218 0.0102789 0.999911 4.06838
0.999942 -0.00669406 -0.00846414 -0.159343 0.0066075 0.999928 -0.0102229 -0.0702644 0.00853152 0.0101663 0.999915 4.67013
0.999946 -0.00576982 -0.00932528 -0.17904 0.00564812 0.999901 -0.012997 -0.0892648 0.00939831 0.0129433 0.999877 5.2784
0.99994 -0.00399212 -0.0102703 -0.195805 0.00381954 0.999854 -0.0167856 -0.11032 0.0103353 0.0167453 0.999809 5.87586
0.999954 -0.00277936 -0.00976599 -0.259807 0.00257597 0.999781 -0.0207614 -0.120593 0.00982042 0.020735 0.999741 6.54281
0.999954 -0.00052256 -0.00970609 -0.307332 0.000319244 0.999783 -0.0209572 -0.134756 0.00971434 0.020953 0.999736 7.21719
0.999953 0.00182262 -0.0101456 -0.338043 -0.00196535 0.9999 -0.0140603 -0.14959 0.0101178 0.0140793 0.999854 7.88524
0.999938 0.00255873 -0.011033 -0.32992 -0.00260125 0.999992 -0.00386522 -0.158274 0.0110224 0.00389349 0.999936 8.50697
0.999923 0.00390223 -0.0123421 -0.323652 -0.00386983 0.999989 0.00266384 -0.170538 0.0123511 -0.00261616 0.999925 9.16899
0.999887 0.00643825 -0.0137159 -0.332254 -0.00641342 0.99998 0.00183547 -0.189779 0.0137267 -0.00174747 0.999909 9.86617
0.999858 0.00889792 -0.0147754 -0.340231 -0.00896443 0.999951 -0.00442828 -0.215663 0.014734 0.00455974 0.999886 10.5444
0.999825 0.00826026 -0.0168835 -0.335417 -0.00843833 0.999912 -0.0105196 -0.213055 0.0167943 0.01066 0.999808 11.2534
0.999827 0.006611 -0.0177879 -0.344452 -0.00677196 0.999938 -0.00899321 -0.223097 0.0177262 0.00911167 0.999807 11.9865
0.999823 0.0056734 -0.0181017 -0.355983 -0.00567164 0.999987 0.000135482 -0.231709 0.0181013 -3.3143e-05 0.999843 12.7456
0.999816 0.00517372 -0.0188954 -0.366969 -0.00505049 0.999967 0.00657611 -0.226173 0.0189273 -0.0064799 0.999806 13.546
0.999801 0.00395914 -0.0196904 -0.373078 -0.00378398 0.999956 0.00892455 -0.229705 0.0197238 -0.0088487 0.999774 14.3428
0.999814 0.00215256 -0.0195328 -0.387908 -0.00199494 0.999967 0.00809685 -0.235283 0.019548 -0.0080568 0.999782 15.1338
0.999827 0.00142401 -0.0187095 -0.401833 -0.00131148 0.999984 0.0060227 -0.239867 0.0187166 -0.00599754 0.999815 15.9327
0.999849 0.00354935 -0.0174685 -0.437542 -0.00349359 0.999991 0.00323349 -0.252692 0.017478 -0.00317251 0.999848 16.7843
0.999867 0.000465623 -0.0165184 -0.452906 -0.000504002 1 -0.00232134 -0.256538 0.0165161 0.00232893 0.99987 17.6305
0.999873 -0.00307241 -0.0161247 -0.460023 0.00292696 0.999958 -0.00902404 -0.260126 0.0161499 0.00897518 0.999836 18.5072
0.999901 -0.0024986 -0.0141793 -0.496648 0.0022929 0.999896 -0.0144956 -0.266899 0.0142126 0.0144611 0.999804 19.4297
0.99991 -0.00173431 -0.0139119 -0.515885 0.00152215 0.999886 -0.0152373 -0.286606 0.0139348 0.0152142 0.999794 20.3583
0.999907 -0.00178099 -0.0138736 -0.538174 0.00157235 0.999889 -0.0150388 -0.30214 0.0138972 0.0150152 0.999801 21.2878
0.999931 -0.000439465 -0.0124551 -0.572243 0.000237374 0.999873 -0.0162064 -0.329505 0.0124587 0.0162017 0.999799 22.223
0.999936 0.000728424 -0.011783 -0.596084 -0.000942572 0.99984 -0.018187 -0.348297 0.0117662 0.0181965 0.999775 23.1601
0.99993 0.00447627 -0.0118247 -0.614496 -0.00470034 0.999814 -0.0189731 -0.37415 0.0117356 0.0190267 0.999759 24.1363
0.999911 0.00624082 -0.0122679 -0.624354 -0.00647396 0.999803 -0.0190654 -0.402896 0.012145 0.0191428 0.999753 25.0936
0.999909 0.0070164 -0.0122905 -0.644809 -0.00724667 0.999804 -0.0187797 -0.43828 0.0121542 0.0188664 0.999758 26.0628
0.999906 0.00670775 -0.0123913 -0.664107 -0.00694248 0.999801 -0.0190091 -0.463478 0.0122598 0.019093 0.999752 27.0621
0.999891 0.00783589 -0.013198 -0.683472 -0.0080726 0.999812 -0.0179752 -0.493645 0.0130526 0.0180792 0.999762 28.0637
0.999876 0.00818975 -0.0138558 -0.698794 -0.00841696 0.999835 -0.0164223 -0.515422 0.0137174 0.0165365 0.999779 29.069
0.999862 0.00778971 -0.0152398 -0.704049 -0.00802139 0.999859 -0.0151972 -0.546255 0.0151173 0.0153168 0.999779 30.0825
0.999859 0.00743375 -0.0154652 -0.726689 -0.00768805 0.999842 -0.0164385 -0.571483 0.0153389 0.0165546 0.999756 31.1106
0.999835 0.00803124 -0.0167422 -0.735645 -0.00832771 0.999816 -0.0177102 -0.593833 0.0165947 0.0178462 0.999714 32.1404
0.999835 0.00755608 -0.0168641 -0.763748 -0.0078444 0.999829 -0.0170862 -0.618748 0.0167305 0.0172152 0.999723 33.1877
0.999836 0.00678015 -0.0171795 -0.789168 -0.00703228 0.999875 -0.0146494 -0.644799 0.0170759 0.0147672 0.999756 34.2296
0.999831 0.00703919 -0.0172976 -0.819242 -0.0072268 0.999921 -0.0107977 -0.673858 0.0172186 0.0109204 0.999803 35.317
0.999831 0.00760488 -0.0171522 -0.861066 -0.00775194 0.999941 -0.00852278 -0.699448 0.0170843 0.00865373 0.999827 36.3807
0.999828 0.00729707 -0.0173893 -0.893993 -0.0074313 0.999949 -0.00765988 -0.729282 0.017331 0.00778735 0.999831 37.4084
0.99984 0.00738257 -0.0167257 -0.943329 -0.00754784 0.99993 -0.00983026 -0.743112 0.0166499 0.0099544 0.999824 38.4863
0.999836 0.00761137 -0.0168305 -0.977892 -0.00779334 0.999918 -0.0107649 -0.762377 0.0167457 0.0108939 0.999812 39.5739
0.999817 0.00732012 -0.0181309 -0.996742 -0.00749727 0.999932 -0.00971256 -0.791192 0.0180566 0.00984617 0.999801 40.6724
0.999802 0.00701244 -0.0189774 -1.02886 -0.00716996 0.999947 -0.00823827 -0.808687 0.0189171 0.00837226 0.999799 41.7623
0.999784 0.00748207 -0.0197909 -1.05202 -0.00760865 0.999958 -0.00631842 -0.829437 0.0197409 0.00646711 0.999797 42.8512
0.999751 0.00906499 -0.0207079 -1.07686 -0.00920551 0.999942 -0.00669376 -0.855652 0.0206444 0.00688226 0.999776 43.9484
0.999733 0.0104779 -0.0209766 -1.09862 -0.0106976 0.999896 -0.0103739 -0.888006 0.0208639 0.010595 0.999739 45.0592
0.999715 0.0118538 -0.0210608 -1.12878 -0.0121455 0.999838 -0.0137729 -0.924632 0.0208926 0.0140243 0.999696 46.1588
0.999711 0.013088 -0.0205724 -1.1643 -0.0133813 0.999818 -0.0141698 -0.959772 0.0203816 0.0144404 0.999701 47.2255
0.999714 0.0143137 -0.0195521 -1.20831 -0.0145381 0.999836 -0.0113734 -0.996072 0.0193848 0.011654 0.999757 48.3008
0.999697 0.0154811 -0.019586 -1.23509 -0.0156536 0.999848 -0.00865503 -1.04053 0.0194477 0.00895868 0.999785 49.3856
0.999753 0.0129883 -0.018473 -1.27892 -0.0130932 0.999906 -0.00555002 -1.08604 0.0183979 0.0057902 0.999828 50.4647
0.999709 0.0169365 -0.0176889 -1.20657 -0.0169844 0.999861 -0.00252837 -1.18832 0.0176423 0.00282778 0.999856 51.4861
0.999725 0.0165209 -0.017108 -1.21967 -0.0165789 0.999865 -0.00324018 -1.22927 0.0170508 0.00352269 0.999864 52.5433
0.999763 0.0167977 -0.0145256 -1.29698 -0.0168756 0.999853 -0.0052273 -1.25286 0.0144343 0.005471 0.999897 53.6639
0.999783 0.0156196 -0.0143712 -1.29352 -0.0157301 0.999855 -0.00759767 -1.28068 0.0142491 0.00782187 0.999883 54.6814
0.999802 0.0142167 -0.0146236 -1.29824 -0.0143726 0.999849 -0.0105854 -1.31542 0.0144693 0.0107932 0.999853 55.7539
0.99981 0.0127242 -0.0153086 -1.29976 -0.0129126 0.99985 -0.0122595 -1.34577 0.0151489 0.0124547 0.999823 56.8424
0.999829 0.0111363 -0.0153874 -1.31158 -0.0112864 0.999898 -0.00967287 -1.37951 0.0152765 0.00984455 0.999851 57.9396
0.999849 0.00914434 -0.0153107 -1.32337 -0.00919935 0.99996 -0.00351378 -1.41031 0.0152765 0.00365388 0.999893 59.0174
0.999879 0.00694273 -0.0145969 -1.3392 -0.00690824 0.999982 0.00244188 -1.43056 0.014612 -0.00234107 0.999907 60.0625
0.999887 0.00570091 -0.0144449 -1.36567 -0.00564868 0.999987 0.00367045 -1.45698 0.014464 -0.00358866 0.999906 61.1824
0.999915 0.00126058 -0.013729 -1.38442 -0.00125499 1.00001 0.000444559 -1.46194 0.0137281 -0.000427698 0.999923 62.258
0.999926 -3.52437e-05 -0.0127785 -1.42017 2.45586e-06 1.00001 -0.00253355 -1.48045 0.0127769 0.00253311 0.999933 63.3324
0.999917 0.00145936 -0.0136729 -1.43215 -0.00155238 0.999985 -0.00677123 -1.49601 0.0136613 0.00679141 0.999902 64.455
0.999927 0.00134507 -0.0127228 -1.47099 -0.00149174 0.999943 -0.01148 -1.51064 0.0127048 0.011498 0.999873 65.5385
0.999947 0.00396637 -0.0107405 -1.51539 -0.00413547 0.999877 -0.0157547 -1.48026 0.0106751 0.0157978 0.999837 66.6084
0.999931 0.0076211 -0.00987308 -1.53856 -0.00773831 0.999911 -0.0118378 -1.51597 0.00978009 0.0119132 0.999902 67.7123
0.999928 0.00931543 -0.00901672 -1.57479 -0.00940453 0.999916 -0.00988867 -1.54155 0.00892218 0.00997225 0.999929 68.8045
0.999928 0.00847564 -0.00961623 -1.58479 -0.00857878 0.999917 -0.0106943 -1.5463 0.0095229 0.0107758 0.999917 69.9146
0.999952 0.00648058 -0.00895956 -1.61633 -0.00657214 0.999937 -0.0102283 -1.56758 0.00889097 0.0102863 0.999928 71.0151
0.999985 0.00475324 -0.0056536 -1.66203 -0.00481416 0.999942 -0.0107562 -1.56157 0.00560025 0.010783 0.999947 72.0606
0.999992 0.00168773 -0.0066535 -1.6612 -0.00174989 0.999966 -0.00934879 -1.57368 0.00663573 0.00935981 0.999955 73.1594
0.999991 -0.000205 -0.00649674 -1.69118 0.000143618 0.999968 -0.00941612 -1.57475 0.00649651 0.00941483 0.999956 74.2491
0.999995 -0.000741298 -0.00626229 -1.71628 0.000673519 0.999953 -0.0108105 -1.60301 0.00626822 0.0108057 0.999943 75.3217
0.999987 -0.000237797 -0.00711711 -1.72966 0.000134604 0.999909 -0.0144568 -1.63848 0.00711795 0.0144555 0.999892 76.4561
0.999978 -0.000189241 -0.00876851 -1.72689 4.01391e-05 0.999867 -0.0169862 -1.66247 0.00876877 0.0169848 0.999839 77.5308
0.999974 0.00125068 -0.00874373 -1.76181 -0.00138572 0.999894 -0.0154358 -1.69095 0.00872153 0.0154473 0.999866 78.5836
0.999957 0.00178338 -0.0107371 -1.75338 -0.00190806 0.999943 -0.0115933 -1.71701 0.0107141 0.0116128 0.999899 79.666
0.999942 0.00321317 -0.0115456 -1.77551 -0.00330447 0.999979 -0.00788234 -1.74081 0.011518 0.00791977 0.999927 80.7424
0.999945 0.00403368 -0.0113612 -1.81052 -0.00412146 0.999975 -0.00768723 -1.76074 0.0113282 0.00773321 0.999932 81.832
0.999936 0.00338516 -0.0120937 -1.83138 -0.00350365 0.999961 -0.00978322 -1.771 0.0120582 0.0098247 0.999904 82.869
0.999942 0.00317274 -0.0119178 -1.86645 -0.00330256 0.999949 -0.0108653 -1.79467 0.011881 0.0109036 0.999897 83.9156
0.999941 0.00213961 -0.0119712 -1.90031 -0.00228126 0.999943 -0.0118259 -1.80985 0.0119433 0.0118523 0.999884 84.9714
0.999941 0.000825985 -0.0123128 -1.92738 -0.000967194 0.999947 -0.0114453 -1.8425 0.012301 0.0114561 0.999885 86.0051
0.999947 -0.000517271 -0.0117133 -1.96915 0.000393057 0.999959 -0.0105984 -1.8626 0.0117164 0.010593 0.999901 87.0146
0.999948 -0.00105509 -0.0116845 -1.99975 0.000937317 0.999962 -0.0100481 -1.85464 0.011693 0.0100362 0.999909 87.9919
0.999941 -0.00238943 -0.0120439 -2.02744 0.00226857 0.999961 -0.0100331 -1.87081 0.0120655 0.010005 0.999903 88.9868
0.999915 -0.0039279 -0.013682 -2.05442 0.00379278 0.999958 -0.00986455 -1.89901 0.0137184 0.00981138 0.999885 89.944
0.99987 -0.00541246 -0.0162666 -2.09077 0.00523375 0.99994 -0.0110016 -1.92395 0.0163233 0.0109148 0.999834 90.8941
0.999818 -0.00569881 -0.0191124 -2.1244 0.00546876 0.999927 -0.0120473 -1.94835 0.019178 0.0119401 0.999773 91.8059
0.999773 -0.00620421 -0.0212615 -2.17018 0.00595317 0.999926 -0.0118466 -1.97599 0.0213316 0.011717 0.999732 92.6855
0.999735 -0.00523224 -0.0231558 -2.21614 0.00498031 0.999942 -0.0109022 -2.00275 0.0232099 0.0107835 0.999701 93.5701
0.999685 -0.00448967 -0.0254033 -2.26238 0.00424814 0.99996 -0.00954599 -2.03463 0.0254433 0.00943467 0.999661 94.42
0.999629 -0.00358022 -0.0276637 -2.30107 0.00337447 0.999981 -0.00745789 -2.06975 0.0276881 0.00736126 0.999619 95.2236
0.999573 -0.00214811 -0.0297439 -2.34588 0.0019566 0.999992 -0.00645774 -2.09528 0.0297557 0.00639636 0.999566 96.0198
0.999486 -7.1244e-05 -0.0326331 -2.35841 -0.000149672 0.999992 -0.00674742 -2.11247 0.0326315 0.00674821 0.999474 96.7433
0.999393 0.00212727 -0.0352671 -2.39609 -0.00240572 0.999981 -0.00784713 -2.14153 0.0352479 0.00792671 0.999376 97.4822
0.999299 0.00374864 -0.0377428 -2.43333 -0.00417942 0.999942 -0.011322 -2.16983 0.0376962 0.0114711 0.999253 98.177
0.999161 0.0070911 -0.040758 -2.47201 -0.00770074 0.999876 -0.0148142 -2.20141 0.0406461 0.0151151 0.999088 98.8761
0.999053 0.00874189 -0.043082 -2.51027 -0.00952308 0.999809 -0.017945 -2.21833 0.042915 0.0183375 0.99894 99.5637
0.998959 0.0112167 -0.0445993 -2.53122 -0.012059 0.999769 -0.0186578 -2.24854 0.0443779 0.0191757 0.99886 100.195
0.998926 0.0139101 -0.0446328 -2.5453 -0.0147411 0.99974 -0.0183279 -2.27564 0.0443644 0.0189654 0.998865 100.817
0.998948 0.0179047 -0.0426153 -2.56024 -0.0186371 0.999701 -0.0168508 -2.30279 0.0422989 0.0176268 0.99898 101.439
0.999089 0.0203306 -0.0380227 -2.56899 -0.0209349 0.999677 -0.0155456 -2.32951 0.0376924 0.0163266 0.999186 102.032
0.999274 0.0209626 -0.0323644 -2.5507 -0.0214104 0.999696 -0.0135513 -2.35371 0.0320685 0.0142339 0.999415 102.586
0.999511 0.0206125 -0.0243178 -2.52948 -0.0208954 0.999733 -0.0114043 -2.3699 0.0240744 0.0119062 0.999669 103.1
0.99971 0.0204615 -0.0139702 -2.50468 -0.0206112 0.999748 -0.0106532 -2.38589 0.013747 0.0109375 0.999877 103.609
0.999828 0.0195097 -0.00194945 -2.46733 -0.0195307 0.999766 -0.0109465 -2.39711 0.00173362 0.0109819 0.999968 104.1
0.999763 0.0196062 0.011179 -2.41241 -0.0194674 0.99975 -0.0123977 -2.40589 -0.0114208 0.0121767 0.999892 104.576
0.999504 0.0186584 0.0261502 -2.33139 -0.018236 0.999717 -0.0163324 -2.41202 -0.0264492 0.0158466 0.999554 105.025
0.998865 0.0183625 0.0443558 -2.23805 -0.0174256 0.999635 -0.0214198 -2.42183 -0.0447342 0.020622 0.998818 105.449
0.997741 0.0159702 0.0655581 -2.13954 -0.0142417 0.999557 -0.0267614 -2.43192 -0.0659579 0.0257664 0.997519 105.854
0.9959 0.0135267 0.0896504 -2.021 -0.010838 0.999496 -0.0304126 -2.44001 -0.0900174 0.0293157 0.995541 106.291
0.993191 0.0110852 0.116142 -1.89317 -0.00740531 0.999475 -0.0320748 -2.45187 -0.116438 0.0309955 0.992744 106.682
0.989316 0.00874313 0.145652 -1.75267 -0.00379468 0.999425 -0.0342196 -2.46517 -0.145867 0.0333007 0.988777 107.073
0.983679 0.00631469 0.179935 -1.62049 5.75184e-05 0.999392 -0.0353911 -2.48857 -0.18005 0.034823 0.983072 107.467
0.976132 0.00331272 0.21724 -1.46852 0.00457757 0.999366 -0.0358088 -2.50909 -0.21722 0.0359479 0.975495 107.879
0.966581 0.00105669 0.256439 -1.31558 0.00862825 0.99931 -0.0366425 -2.52831 -0.256302 0.0376298 0.965895 108.253
0.95487 0.00170275 0.297081 -1.15083 0.00981872 0.999275 -0.0372869 -2.55191 -0.296928 0.0385204 0.954158 108.611
0.940233 0.00318701 0.340578 -0.98132 0.0101055 0.999274 -0.037251 -2.57457 -0.34045 0.0384656 0.939507 108.957
0.923189 0.00304244 0.384385 -0.797548 0.0113217 0.999338 -0.0351021 -2.59734 -0.384234 0.036757 0.92254 109.282
0.903975 0.00196696 0.427627 -0.590204 0.0133822 0.999389 -0.0328877 -2.62016 -0.427431 0.0354516 0.903386 109.598
0.881218 9.29951e-05 0.472751 -0.392409 0.0171371 0.999355 -0.032141 -2.64487 -0.472446 0.0364241 0.880645 109.902
0.856415 0.000225474 0.516327 -0.172554 0.0195617 0.999287 -0.0328842 -2.67216 -0.515965 0.038262 0.85579 110.2
0.829016 0.00202439 0.559257 0.0483912 0.0209443 0.999198 -0.0346644 -2.69947 -0.558874 0.0404497 0.828305 110.481
0.798894 0.00613359 0.601474 0.288534 0.0205222 0.999107 -0.0374478 -2.72503 -0.601166 0.0422597 0.798045 110.751
0.765355 0.0125665 0.643517 0.539942 0.0175106 0.99905 -0.0403359 -2.73865 -0.643408 0.0421387 0.764406 111.01
0.730423 0.0171927 0.682807 0.834603 0.015241 0.999043 -0.0414603 -2.75943 -0.682866 0.0406895 0.729453 111.239
0.692788 0.017444 0.72096 1.13595 0.0175157 0.999023 -0.0410038 -2.77783 -0.720965 0.041034 0.691803 111.455
0.654077 0.0148589 0.756309 1.47067 0.0235902 0.99894 -0.0400282 -2.77203 -0.7561 0.0440221 0.653025 111.659
0.611484 0.0128339 0.79118 1.79651 0.0259358 0.999024 -0.0362511 -2.77896 -0.790866 0.0426858 0.610552 111.849
0.566686 0.0115598 0.823879 2.1383 0.0274437 0.999102 -0.032896 -2.78471 -0.823518 0.0412512 0.565852 112.029
0.520289 0.00953432 0.853966 2.49915 0.0292215 0.999173 -0.0289597 -2.79324 -0.853526 0.0400203 0.519577 112.191
0.471247 0.00599067 0.882005 2.86896 0.0341793 0.999123 -0.025049 -2.78511 -0.881378 0.0419501 0.470623 112.326
0.420241 0.00590558 0.907421 3.2548 0.0318371 0.999288 -0.0212484 -2.80729 -0.906889 0.0378178 0.419751 112.471
0.370019 0.0107337 0.928986 3.65777 0.0302555 0.999285 -0.023598 -2.80967 -0.92857 0.036838 0.369425 112.593
0.32104 0.0168943 0.946942 4.06782 0.0312992 0.999127 -0.0284373 -2.79162 -0.946584 0.0387666 0.320228 112.694
0.275658 0.0186367 0.961099 4.46975 0.0355846 0.998951 -0.0295781 -2.78811 -0.960635 0.0423531 0.274702 112.763
0.235154 0.0195266 0.971788 4.88137 0.0427829 0.998642 -0.0304195 -2.76685 -0.971051 0.0487277 0.233997 112.823
0.201076 0.0190998 0.979413 5.31373 0.0508852 0.998278 -0.0299157 -2.78009 -0.978291 0.0558524 0.199755 112.861
0.170716 0.0203643 0.985137 5.76526 0.0562225 0.997978 -0.0303732 -2.7827 -0.98375 0.0605702 0.169224 112.908
0.143322 0.0191598 0.989514 6.25053 0.0532962 0.998235 -0.0270493 -2.80019 -0.988278 0.0566137 0.142046 112.965
0.11787 0.0157522 0.99293 6.74573 0.0469322 0.99869 -0.0214155 -2.81681 -0.991955 0.049123 0.116975 113.029
0.0942274 0.012142 0.995501 7.24858 0.0422444 0.999001 -0.0161845 -2.82782 -0.994692 0.0435794 0.0936189 113.071
0.0720979 0.00964655 0.997378 7.7585 0.0461912 0.99887 -0.0130008 -2.84143 -0.996363 0.047006 0.0715701 113.084
0.0517614 0.0103501 0.998631 8.29072 0.0543468 0.99846 -0.0131666 -2.85522 -0.997218 0.0549538 0.0511185 113.092
0.0344704 0.0121527 0.999359 8.82961 0.0612571 0.998044 -0.0142503 -2.86187 -0.997565 0.0617073 0.033658 113.087
0.0204709 0.0185017 0.999644 9.40325 0.0599076 0.998035 -0.0197001 -2.86479 -0.998033 0.0602895 0.0193222 113.088
0.00912298 0.023376 0.999713 10.0103 0.0563229 0.998152 -0.0238543 -2.87562 -0.998409 0.0565226 0.00778927 113.106
0.002644 0.0234584 0.999746 10.5611 0.0589243 0.99801 -0.0235748 -2.8856 -0.998298 0.0589714 0.00125671 113.101
-0.000352324 0.0206102 0.999816 11.184 0.0643594 0.997741 -0.0205455 -2.90202 -0.997965 0.0643384 -0.00167789 113.088
-0.000698172 0.0197958 0.999829 11.8321 0.0657793 0.997665 -0.0197085 -2.90852 -0.997874 0.0657542 -0.0019982 113.101
0.00189201 0.0212431 0.999802 12.5342 0.0653939 0.997657 -0.0213222 -2.88901 -0.997897 0.0654194 0.000498515 113.107
0.00263827 0.0220572 0.99978 13.2573 0.0615322 0.997885 -0.0221794 -2.90759 -0.998142 0.0615768 0.00127595 113.138
0.00316369 0.0241877 0.999732 13.9561 0.0600054 0.997927 -0.0243347 -2.9056 -0.998233 0.0600644 0.00170575 113.153
0.00433989 0.0251197 0.999702 14.6847 0.0600071 0.997903 -0.0253366 -2.92508 -0.998229 0.0600988 0.00282391 113.16
0.00544538 0.0249681 0.999703 15.3817 0.0608266 0.997854 -0.0252541 -2.94201 -0.998173 0.0609441 0.00391498 113.174
0.00604769 0.023289 0.999738 16.144 0.0602266 0.997933 -0.0236129 -2.97174 -0.998207 0.0603534 0.00463313 113.186
0.00611322 0.0233638 0.999738 16.9204 0.0598295 0.997953 -0.0236889 -2.97173 -0.99823 0.0599567 0.00470292 113.202
0.00533993 0.0216743 0.999779 17.6916 0.0604811 0.997955 -0.0219594 -2.98926 -0.998196 0.0605847 0.00401876 113.211
0.00461217 0.0210644 0.999798 18.4769 0.058256 0.9981 -0.0212983 -2.99457 -0.998331 0.0583405 0.00337641 113.215
0.00360774 0.0213445 0.999795 19.2661 0.0571498 0.998161 -0.0215177 -2.99241 -0.998401 0.0572154 0.00238232 113.217
0.00227327 0.020526 0.999818 20.0728 0.0591694 0.998061 -0.0206254 -2.98612 -0.998287 0.0592033 0.00105478 113.223
0.000404113 0.0205595 0.999818 20.8471 0.0608925 0.99796 -0.0205477 -2.97841 -0.998186 0.0608891 -0.000847498 113.233
-0.00143032 0.0214061 0.999801 21.6908 0.0585064 0.998088 -0.0212867 -2.98037 -0.998328 0.0584622 -0.00267943 113.243
-0.00196235 0.0276118 0.999646 22.5162 0.0563353 0.998061 -0.0274592 -2.98442 -0.998452 0.0562609 -0.00351287 113.237
-0.00331452 0.043549 0.999078 23.3254 0.0550427 0.997573 -0.043302 -2.87009 -0.998522 0.0548464 -0.00570276 113.248
-0.00450753 0.045303 0.998994 24.1447 0.05514 0.997492 -0.0449882 -2.90984 -0.998512 0.0548818 -0.00699271 113.241
-0.00627556 0.0437281 0.999057 24.9879 0.0515687 0.997757 -0.0433485 -2.94852 -0.998693 0.051246 -0.00851567 113.248
-0.00666535 0.0397181 0.99922 25.8491 0.0484528 0.998077 -0.0393518 -2.99333 -0.998847 0.0481529 -0.00857541 113.241
-0.00694454 0.0345256 0.999414 26.6886 0.0471696 0.998332 -0.0341618 -3.03766 -0.998907 0.0469025 -0.00856044 113.235
-0.00676566 0.0297457 0.999569 27.5344 0.043896 0.998631 -0.0294232 -3.0652 -0.999059 0.0436784 -0.00806026 113.228
-0.0064109 0.030665 0.999545 28.3706 0.0401703 0.998761 -0.0303847 -3.07053 -0.99922 0.0399549 -0.00763342 113.229
-0.0049263 0.0392739 0.999252 29.2041 0.0429895 0.998341 -0.0390288 -3.09 -0.99911 0.0427651 -0.00660451 113.218
-0.00460703 0.0513618 0.998707 30.0312 0.0449186 0.997714 -0.0511048 -3.12094 -0.999029 0.0446224 -0.00690214 113.229
-0.00513638 0.0564071 0.998431 30.8511 0.0461923 0.997384 -0.056113 -3.17099 -0.998966 0.0458313 -0.00772647 113.241
-0.00376253 0.051611 0.998698 31.6933 0.0482631 0.997545 -0.0513709 -3.21187 -0.998878 0.0480042 -0.00624269 113.241
-0.00214077 0.0440021 0.999066 32.519 0.0512937 0.997751 -0.0438368 -3.26569 -0.99873 0.0511515 -0.00439091 113.23
-0.000204562 0.0416945 0.999169 33.3605 0.0528645 0.997766 -0.0416264 -3.31035 -0.998652 0.0528091 -0.00240689 113.215
0.000273796 0.0431356 0.999107 34.1898 0.0530973 0.997689 -0.0430916 -3.35123 -0.998638 0.0530611 -0.00201518 113.217
-0.00120385 0.0430541 0.999111 35.0193 0.0493558 0.997889 -0.0429433 -3.42286 -0.998832 0.0492573 -0.00332492 113.228
-0.00220505 0.0433613 0.999096 35.838 0.0481035 0.997939 -0.0432076 -3.46636 -0.99889 0.0479644 -0.00428423 113.222
-0.00408179 0.0424883 0.999129 36.6374 0.048318 0.99797 -0.0422432 -3.53354 -0.998876 0.0481007 -0.00612503 113.219
-0.00547074 0.0424753 0.999123 37.4417 0.0473612 0.99802 -0.0421718 -3.5924 -0.998914 0.0470888 -0.00746945 113.208
-0.0079762 0.0428642 0.99909 38.2494 0.0446652 0.998131 -0.0424682 -3.63932 -0.999024 0.044283 -0.00987427 113.21
-0.0100857 0.0413842 0.999133 39.0466 0.0430268 0.998268 -0.0409168 -3.69389 -0.999074 0.0425767 -0.0118467 113.21
-0.0128266 0.0411843 0.999112 39.8383 0.0434761 0.998262 -0.040593 -3.72746 -0.999026 0.0429136 -0.0145934 113.214
-0.014455 0.0417351 0.999066 40.6198 0.0431499 0.998257 -0.0410799 -3.76965 -0.999016 0.0425156 -0.0162283 113.203
-0.0166891 0.0451676 0.998883 41.3884 0.0441506 0.99807 -0.0443951 -3.7774 -0.99894 0.0433571 -0.0186496 113.207
-0.017448 0.045765 0.998843 42.1708 0.045118 0.998003 -0.0449415 -3.82424 -0.998882 0.0442813 -0.0194756 113.192
-0.0186742 0.0446068 0.998874 42.9559 0.0469598 0.997974 -0.0436907 -3.87854 -0.998777 0.0460878 -0.0207295 113.18
-0.0194095 0.0450354 0.998839 43.732 0.0484034 0.997889 -0.0440551 -3.91079 -0.998692 0.0474916 -0.0215458 113.16
-0.0212347 0.0454499 0.998784 44.5151 0.0474522 0.997919 -0.0444036 -3.95433 -0.998703 0.0464483 -0.0233454 113.155
-0.0221473 0.0455324 0.99876 45.2632 0.0466039 0.997956 -0.0444653 -3.99362 -0.998721 0.045561 -0.0242213 113.138
-0.0228235 0.0447801 0.998779 46.007 0.04557 0.998038 -0.0437075 -4.03543 -0.998756 0.0445134 -0.0248175 113.128
-0.0228687 0.0447131 0.998781 46.7251 0.0458427 0.998028 -0.0436329 -4.08438 -0.998739 0.0447886 -0.0248706 113.107
-0.0219545 0.047493 0.998674 47.4331 0.0466929 0.997863 -0.0464299 -4.1296 -0.998724 0.0456082 -0.0241233 113.088
-0.0220429 0.0505535 0.998521 48.1234 0.0461806 0.997738 -0.0494974 -4.17093 -0.998742 0.045021 -0.024325 113.08
-0.020834 0.0525041 0.998449 48.8327 0.0447443 0.997703 -0.0515332 -4.21877 -0.998839 0.0435979 -0.0231336 113.061
-0.0200799 0.0568263 0.998226 49.5257 0.0464494 0.997392 -0.0558475 -4.2244 -0.998772 0.0452453 -0.0226645 113.044
-0.0195177 0.0588357 0.998124 50.2325 0.048485 0.997183 -0.0578342 -4.24582 -0.998692 0.0472618 -0.0223137 113.028
-0.0187117 0.059921 0.998073 50.9165 0.0508012 0.997005 -0.0589076 -4.27603 -0.998587 0.0496005 -0.0216972 113.009
-0.0197792 0.0604123 0.998024 51.5965 0.0467984 0.99717 -0.0594351 -4.32237 -0.998769 0.0455268 -0.0225485 113.01
-0.0193709 0.0608723 0.998003 52.2899 0.0444141 0.997247 -0.0599674 -4.37787 -0.99888 0.0431633 -0.0220186 113.007
-0.0192355 0.0590608 0.998116 52.9623 0.0448384 0.997336 -0.0581526 -4.43546 -0.998871 0.0436321 -0.0218305 112.994
-0.0186359 0.0567035 0.998263 53.5978 0.0435207 0.997526 -0.0558524 -4.51138 -0.998934 0.0424036 -0.0210551 112.945
-0.0228821 0.0562429 0.998203 54.2741 0.0402698 0.997694 -0.0552933 -4.56236 -0.99899 0.0389291 -0.0250921 112.952
-0.026569 0.055118 0.998172 54.9328 0.0373368 0.997872 -0.054111 -4.62569 -0.999004 0.0358304 -0.0285679 112.909
-0.0320257 0.0588453 0.997803 55.5833 0.0414725 0.997521 -0.0574999 -4.67143 -0.998691 0.0395369 -0.0343843 112.886
-0.0389994 0.061426 0.997398 56.2418 0.0445354 0.99726 -0.0596796 -4.72384 -0.998301 0.0420916 -0.0416252 112.866
-0.0449001 0.0644546 0.99696 56.9205 0.0445016 0.997091 -0.0624614 -4.75195 -0.998065 0.0415587 -0.0476352 112.822
-0.0514037 0.0652066 0.996596 57.6014 0.041257 0.99719 -0.0631209 -4.78165 -0.997882 0.0378715 -0.0539463 112.796
-0.0569446 0.0661025 0.996237 58.2823 0.0407483 0.997164 -0.0638375 -4.80646 -0.997611 0.0369567 -0.0594738 112.762
-0.0616831 0.0679516 0.995829 59.0006 0.0388547 0.997124 -0.0656367 -4.84559 -0.997397 0.0346436 -0.0641425 112.725
-0.0654202 0.068902 0.995526 59.7048 0.0376201 0.997111 -0.0665421 -4.87729 -0.997214 0.0330957 -0.06782 112.681
-0.0677499 0.067646 0.995457 60.4084 0.0385217 0.99717 -0.0651442 -4.90723 -0.997016 0.033933 -0.0701603 112.634
-0.0692939 0.0670386 0.995391 61.118 0.0410687 0.997122 -0.0642988 -4.93351 -0.996816 0.036421 -0.0718443 112.587
-0.0701831 0.0673123 0.995311 61.8226 0.0417509 0.997082 -0.0644917 -4.95436 -0.996719 0.0370284 -0.0727849 112.536
-0.0715457 0.0682249 0.995152 62.574 0.0414453 0.997037 -0.0653772 -4.99769 -0.996643 0.036564 -0.0741577 112.49
-0.0707169 0.0744091 0.994768 63.2914 0.0439788 0.996514 -0.071417 -5.02758 -0.996586 0.0386979 -0.0737392 112.431
-0.0702184 0.0785738 0.994484 64.0365 0.0500631 0.995952 -0.0751578 -5.09181 -0.996343 0.0445064 -0.0738642 112.372
-0.0699766 0.0832485 0.994121 64.7719 0.0576783 0.99522 -0.0792844 -5.15908 -0.995939 0.0517904 -0.0744401 112.308
-0.0707038 0.0843887 0.993974 65.5369 0.0582532 0.995101 -0.0803438 -5.22826 -0.995864 0.0522181 -0.0752695 112.256
-0.0704397 0.0820902 0.994184 66.2883 0.0565269 0.995373 -0.0781873 -5.30078 -0.995973 0.0506899 -0.0747502 112.202
-0.0700413 0.0761795 0.994685 67.0265 0.0566467 0.995813 -0.0722802 -5.37992 -0.996003 0.0512794 -0.0740596 112.156
-0.0683716 0.074119 0.994955 67.7868 0.059553 0.995799 -0.0700935 -5.45034 -0.995942 0.0544592 -0.0724947 112.083
-0.0680059 0.0744541 0.994957 68.5428 0.0601014 0.995745 -0.0704082 -5.50992 -0.995942 0.0550064 -0.0721876 112.017
-0.0694862 0.0753198 0.994788 69.2909 0.0589651 0.995749 -0.0712779 -5.5781 -0.9959 0.0537042 -0.0736284 111.969
-0.0712231 0.0765076 0.994577 70.0478 0.059533 0.995642 -0.0723294 -5.63736 -0.995751 0.0540548 -0.0754637 111.915
-0.0729085 0.0769519 0.994418 70.79 0.0603941 0.995567 -0.0726169 -5.70088 -0.99557 0.0547618 -0.0772289 111.856
-0.0734163 0.07795 0.994305 71.5427 0.0623287 0.99539 -0.073436 -5.7564 -0.995421 0.0565785 -0.0779325 111.788
-0.0754137 0.0768566 0.994239 72.2663 0.0618622 0.995503 -0.0722661 -5.83361 -0.995293 0.0560551 -0.0798252 111.732
-0.0770462 0.0777226 0.994049 73.0201 0.0592927 0.995588 -0.0732507 -5.88283 -0.995332 0.0532924 -0.0813108 111.68
-0.077354 0.0795897 0.993875 73.7823 0.0600487 0.995408 -0.075043 -5.94805 -0.995256 0.0538752 -0.0817742 111.612
-0.0776671 0.0801472 0.993808 74.5482 0.0581729 0.995468 -0.0757381 -6.01351 -0.99535 0.0519266 -0.0819737 111.551
-0.0793767 0.0802761 0.993661 75.3054 0.0565021 0.99555 -0.0759192 -6.07748 -0.995305 0.050117 -0.0835552 111.496
-0.0797617 0.0796058 0.993686 76.0717 0.0569497 0.99558 -0.0751896 -6.12235 -0.995256 0.0505892 -0.0839387 111.433
-0.0806396 0.0778595 0.993752 76.8551 0.0548492 0.995819 -0.0735748 -6.18684 -0.995296 0.0485726 -0.0845689 111.372
-0.0821727 0.0762293 0.993754 77.6391 0.0525679 0.996053 -0.0720621 -6.2501 -0.995301 0.0463145 -0.0858514 111.31
-0.0840001 0.0766196 0.993571 78.4447 0.0530447 0.996008 -0.0723272 -6.30728 -0.995117 0.0466273 -0.087725 111.242
-0.0854015 0.0782358 0.993326 79.2264 0.0535447 0.995871 -0.073836 -6.35661 -0.994977 0.0468781 -0.0892338 111.167
-0.0873174 0.0809658 0.99294 80.0068 0.0521333 0.995736 -0.0766135 -6.39858 -0.99488 0.0450748 -0.0911619 111.094
-0.0891115 0.0866842 0.992299 80.8354 0.0542474 0.995189 -0.0820686 -6.44173 -0.994615 0.0465127 -0.0933808 111.038
-0.0886235 0.0921286 0.991851 81.6357 0.0565584 0.99461 -0.0873357 -6.49265 -0.994523 0.0483566 -0.0933522 110.956
-0.0892881 0.0971341 0.991315 82.4604 0.057897 0.994096 -0.0921953 -6.56092 -0.994393 0.0491585 -0.0943803 110.874
-0.0885625 0.098316 0.991262 83.3076 0.0603412 0.993856 -0.0931867 -6.64889 -0.994306 0.0515602 -0.0939465 110.801
-0.0870677 0.097834 0.991444 84.1265 0.0635124 0.993726 -0.0924852 -6.73153 -0.994247 0.0549124 -0.0927308 110.706
-0.0870992 0.0959787 0.991622 84.9782 0.0640561 0.993866 -0.0905742 -6.82654 -0.994203 0.0556293 -0.0927086 110.635
-0.0860589 0.0944981 0.991856 85.8007 0.0632967 0.994038 -0.0892177 -6.91397 -0.994348 0.0550991 -0.0915231 110.563
-0.084696 0.0921323 0.992195 86.6428 0.0611893 0.994356 -0.0871145 -7.0025 -0.994592 0.0533324 -0.0898511 110.498
-0.0827668 0.0889951 0.992646 87.4982 0.0613793 0.994608 -0.0840571 -7.08975 -0.994748 0.0539666 -0.0877789 110.428
-0.0801762 0.0861899 0.993104 88.3509 0.0627215 0.994755 -0.0812742 -7.16545 -0.994871 0.0557716 -0.0851574 110.351
-0.0787305 0.0865897 0.993187 89.2111 0.0610302 0.99481 -0.0818972 -7.2486 -0.995098 0.0541624 -0.0836025 110.289
-0.0771762 0.0908816 0.992924 90.0637 0.0623457 0.994366 -0.0861726 -7.33584 -0.995132 0.055253 -0.0824033 110.228
-0.0749563 0.0968721 0.992529 90.8899 0.0629311 0.993786 -0.0922461 -7.42638 -0.995271 0.0555423 -0.0805827 110.156
-0.0736947 0.0996999 0.992342 91.7699 0.0604949 0.993644 -0.095343 -7.52877 -0.99551 0.0530043 -0.0792535 110.098
-0.0717407 0.0970054 0.992755 92.613 0.0594604 0.993946 -0.092829 -7.62415 -0.995722 0.0523658 -0.0770704 110.028
-0.0704319 0.0944275 0.993095 93.4923 0.0599484 0.99415 -0.0902811 -7.72053 -0.99578 0.0531748 -0.0756765 109.968
-0.069188 0.0928359 0.993335 94.3598 0.0612615 0.994217 -0.0886556 -7.8132 -0.995794 0.0547149 -0.0744714 109.901
-0.0668596 0.0928145 0.993494 95.2395 0.0630753 0.994105 -0.0886317 -7.9067 -0.995833 0.0567379 -0.0723157 109.834
-0.0660515 0.0932408 0.993511 96.103 0.0628196 0.994078 -0.0891218 -7.99135 -0.995909 0.056521 -0.071514 109.774
-0.0645994 0.0911776 0.993795 96.945 0.0656589 0.994087 -0.0869413 -8.08094 -0.995815 0.059634 -0.0702 109.709
-0.0631359 0.090689 0.993937 97.8036 0.067916 0.993985 -0.0863835 -8.16626 -0.995764 0.0620459 -0.0689118 109.647
-0.0618723 0.0924693 0.99385 98.6545 0.0701666 0.993678 -0.0880902 -8.24262 -0.995682 0.0642834 -0.0679654 109.59
-0.0605113 0.0954038 0.993659 99.4947 0.0714886 0.993321 -0.0910219 -8.32184 -0.995677 0.0655229 -0.0669239 109.529
-0.0596388 0.0978981 0.993467 100.354 0.0698411 0.99319 -0.0936832 -8.39902 -0.995841 0.0637964 -0.066066 109.483
-0.0592953 0.0944872 0.993821 101.233 0.0657114 0.993762 -0.0905651 -8.48019 -0.996148 0.059931 -0.0651307 109.44
-0.0597493 0.092855 0.993945 102.1 0.0615333 0.994154 -0.0891805 -8.57437 -0.996383 0.0558312 -0.0651098 109.4
-0.0612886 0.093527 0.993791 102.96 0.0579615 0.994295 -0.0900041 -8.66626 -0.996509 0.0520813 -0.0663564 109.356
-0.0629534 0.0982485 0.993228 103.814 0.0547556 0.994025 -0.0948616 -8.76121 -0.996581 0.0484122 -0.0679528 109.311
-0.0636615 0.100855 0.992924 104.647 0.0535647 0.993833 -0.0975173 -8.85051 -0.996607 0.0469737 -0.0686675 109.253
-0.0623435 0.102333 0.992855 105.497 0.0539827 0.993661 -0.0990308 -8.92765 -0.996662 0.0474223 -0.0674684 109.176
-0.061976 0.102598 0.992853 106.331 0.0553662 0.993565 -0.09922 -9.01376 -0.996615 0.0488171 -0.0672541 109.115
-0.0619224 0.104236 0.992684 107.184 0.0564091 0.993349 -0.100792 -9.09832 -0.996554 0.0497544 -0.0673863 109.052
-0.0631585 0.107342 0.992277 108.005 0.0567631 0.993017 -0.103813 -9.19827 -0.996462 0.0497641 -0.0688069 109.003
-0.0647722 0.110141 0.991865 108.829 0.0581637 0.99266 -0.106436 -9.26932 -0.996272 0.0507957 -0.0706987 108.972
-0.0661586 0.112298 0.991532 109.647 0.0589794 0.992391 -0.108465 -9.34049 -0.996139 0.0513001 -0.0722747 108.928
-0.0670703 0.111865 0.991519 110.433 0.0590722 0.99244 -0.107978 -9.43012 -0.996067 0.0513282 -0.0731668 108.858
-0.0691247 0.11365 0.991176 111.235 0.0599606 0.992208 -0.109592 -9.52545 -0.995878 0.051852 -0.0753968 108.787
-0.071936 0.116599 0.990632 112.038 0.0596642 0.991911 -0.112422 -9.62508 -0.995692 0.0510173 -0.0783062 108.721
-0.0750626 0.11786 0.990251 112.83 0.0577517 0.991879 -0.113681 -9.72812 -0.995579 0.0486517 -0.0812555 108.658
-0.0777937 0.11778 0.99005 113.611 0.0585729 0.991864 -0.113399 -9.83306 -0.995317 0.0491676 -0.0840548 108.589
-0.080211 0.116483 0.990011 114.389 0.0598949 0.991959 -0.111864 -9.93526 -0.995051 0.05032 -0.0865384 108.516
-0.0823183 0.1172 0.989753 115.168 0.0614081 0.991813 -0.112341 -10.0373 -0.994782 0.0515303 -0.0888365 108.442
-0.0838667 0.122359 0.988998 115.955 0.0575042 0.991414 -0.117786 -10.1374 -0.994891 0.0469894 -0.0901784 108.377
-0.0853904 0.129745 0.987927 116.723 0.0552987 0.990616 -0.125324 -10.2405 -0.994881 0.0439291 -0.0917589 108.314
-0.0853251 0.132585 0.987555 117.463 0.0609944 0.989985 -0.127646 -10.3339 -0.99456 0.0493399 -0.0925528 108.208
-0.0876735 0.131099 0.987548 118.241 0.0636692 0.990055 -0.125784 -10.4328 -0.994181 0.0518475 -0.0951435 108.129
-0.0903324 0.124261 0.988193 119.016 0.0630994 0.990949 -0.118843 -10.534 -0.993986 0.0516149 -0.0973506 108.053
-0.0923053 0.122712 0.988203 119.786 0.0623557 0.991184 -0.117263 -10.6388 -0.993845 0.0507953 -0.0991382 107.978
-0.0926095 0.126198 0.987736 120.553 0.0618989 0.990789 -0.120789 -10.7355 -0.993852 0.0499495 -0.0995631 107.886
-0.094716 0.130023 0.987039 121.304 0.0602179 0.990409 -0.124693 -10.8364 -0.99375 0.0476262 -0.101632 107.805
-0.0955779 0.134371 0.986374 122.065 0.0626364 0.989737 -0.128764 -10.9141 -0.993525 0.0494719 -0.103008 107.72
-0.0965472 0.13906 0.985629 122.795 0.0676983 0.988859 -0.13289 -11.0135 -0.993093 0.0538943 -0.10488 107.632
-0.0987458 0.144181 0.984676 123.536 0.0680863 0.988151 -0.137866 -11.1132 -0.992857 0.0534252 -0.107387 107.553
-0.101806 0.147246 0.98391 124.281 0.0672376 0.987785 -0.140874 -11.2158 -0.992599 0.0518129 -0.110458 107.48
-0.104093 0.145319 0.983958 125.019 0.0677184 0.988051 -0.138764 -11.3262 -0.992335 0.0521837 -0.112685 107.399
-0.107487 0.141938 0.984086 125.728 0.0720307 0.98831 -0.134685 -11.4326 -0.991663 0.0564064 -0.116449 107.3
-0.112426 0.140313 0.983767 126.463 0.0743324 0.988437 -0.132488 -11.5504 -0.990952 0.0582266 -0.12155 107.201
-0.118207 0.13897 0.98328 127.207 0.0734306 0.988713 -0.130916 -11.6651 -0.99034 0.0567265 -0.127072 107.101
-0.127796 0.138615 0.98213 127.944 0.0730566 0.988854 -0.130062 -11.7877 -0.989183 0.0551256 -0.136492 107.019
-0.139261 0.138935 0.980525 128.657 0.0730447 0.988895 -0.129753 -11.8997 -0.987628 0.0535516 -0.147857 106.921
-0.148552 0.140604 0.978922 129.389 0.0744955 0.988662 -0.130702 -11.9984 -0.986171 0.0535052 -0.157335 106.764
-0.161307 0.141608 0.976757 130.092 0.076654 0.988502 -0.130658 -12.099 -0.983994 0.0537954 -0.1703 106.645
-0.172735 0.14208 0.974732 130.804 0.0814706 0.988255 -0.129619 -12.1931 -0.981669 0.0570181 -0.182274 106.503
-0.183751 0.142745 0.972618 131.513 0.0857434 0.987998 -0.128809 -12.2858 -0.979298 0.0597257 -0.193777 106.359
-0.194088 0.143659 0.970474 132.205 0.0921497 0.987558 -0.127764 -12.3713 -0.976723 0.064627 -0.204902 106.216
-0.201611 0.143791 0.96892 132.919 0.0986629 0.987158 -0.125974 -12.4786 -0.974556 0.0701973 -0.2132 106.04
-0.208526 0.142866 0.967592 133.621 0.103872 0.986957 -0.123344 -12.593 -0.972562 0.0747804 -0.220636 105.863
-0.214916 0.14283 0.966199 134.33 0.105023 0.986933 -0.122541 -12.6989 -0.971043 0.0751352 -0.227099 105.696
-0.219448 0.140636 0.965501 135.045 0.108621 0.98697 -0.11908 -12.7985 -0.969636 0.0787373 -0.231854 105.528
-0.219651 0.137826 0.965861 135.718 0.114704 0.986794 -0.114734 -12.888 -0.968885 0.085585 -0.232551 105.335
-0.219368 0.136402 0.966127 136.41 0.120602 0.98642 -0.111889 -12.9756 -0.968237 0.0919664 -0.232829 105.146
-0.219898 0.134601 0.96626 137.076 0.123035 0.986395 -0.109412 -13.0713 -0.967807 0.0948225 -0.233457 104.975
-0.218778 0.140231 0.965713 137.777 0.125771 0.985462 -0.114611 -13.1614 -0.967713 0.0963786 -0.233224 104.806
-0.217225 0.143776 0.965543 138.451 0.124661 0.985122 -0.118652 -13.248 -0.968202 0.0945892 -0.231907 104.641
-0.215701 0.143944 0.965859 139.125 0.126747 0.98488 -0.118478 -13.3333 -0.968277 0.0968581 -0.230674 104.474
-0.213399 0.142811 0.966538 139.79 0.128338 0.984825 -0.117185 -13.4175 -0.968572 0.099034 -0.228479 104.309
-0.209947 0.14022 0.967674 140.443 0.128968 0.985032 -0.114759 -13.5077 -0.969248 0.1007 -0.224879 104.13
-0.208194 0.140539 0.968006 141.118 0.129561 0.984906 -0.115135 -13.6055 -0.969543 0.101443 -0.22325 103.978
-0.205787 0.14281 0.968189 141.757 0.130187 0.984542 -0.117556 -13.694 -0.969976 0.101848 -0.221188 103.833
-0.201293 0.144384 0.9689 142.411 0.131184 0.984181 -0.119414 -13.7849 -0.970781 0.103065 -0.217041 103.69
-0.19605 0.143448 0.970114 143.041 0.132211 0.984122 -0.118806 -13.8716 -0.971718 0.104962 -0.211894 103.55
-0.189978 0.141078 0.971668 143.685 0.131515 0.984401 -0.117221 -13.9702 -0.973014 0.105517 -0.205559 103.406
-0.185598 0.138575 0.972875 144.312 0.12894 0.984926 -0.115699 -14.0715 -0.974207 0.103963 -0.200659 103.279
-0.181413 0.138075 0.973734 144.946 0.128502 0.984974 -0.115735 -14.1577 -0.97505 0.104129 -0.196422 103.157
-0.177564 0.136692 0.974639 145.577 0.129052 0.985035 -0.114645 -14.2442 -0.975689 0.105416 -0.192539 103.042
-0.172733 0.134569 0.975801 146.185 0.132667 0.984816 -0.112335 -14.328 -0.976068 0.110049 -0.187955 102.916
-0.168859 0.133092 0.976683 146.801 0.133202 0.984879 -0.111186 -14.4074 -0.976676 0.111315 -0.184025 102.798
-0.16591 0.132238 0.977303 147.404 0.130731 0.985212 -0.111123 -14.4854 -0.977512 0.109325 -0.180737 102.692
-0.162103 0.133707 0.977744 148.021 0.127724 0.985332 -0.113574 -14.5698 -0.978551 0.106465 -0.176795 102.586
-0.155709 0.137572 0.978246 148.613 0.128605 0.98469 -0.118016 -14.6384 -0.979471 0.107428 -0.17101 102.465
-0.149564 0.14126 0.97868 149.206 0.129894 0.984017 -0.122186 -14.7138 -0.980261 0.108843 -0.165515 102.361
-0.142539 0.142709 0.979516 149.786 0.128396 0.983897 -0.124671 -14.7889 -0.981501 0.107993 -0.15856 102.269
-0.133312 0.141164 0.98104 150.373 0.124512 0.984393 -0.124732 -14.8791 -0.9833 0.105516 -0.148802 102.181
-0.124663 0.139741 0.982379 150.971 0.122777 0.984637 -0.12449 -14.9651 -0.984648 0.105092 -0.139898 102.142
-0.114351 0.138771 0.983771 151.545 0.122324 0.984674 -0.124685 -15.0486 -0.985959 0.106075 -0.129568 102.108
-0.102238 0.137489 0.985282 152.113 0.119687 0.984949 -0.125031 -15.1379 -0.987608 0.105139 -0.117149 102.07
-0.0875899 0.137446 0.9867 152.686 0.117737 0.984968 -0.126759 -15.2162 -0.989253 0.105062 -0.102451 102.038
-0.0685024 0.137267 0.988233 153.27 0.11472 0.985044 -0.12888 -15.2989 -0.991109 0.104538 -0.0832205 101.996
