0.999039 -0.000108186 0.0438354 0.0385606 0.000243802 1 -0.00309099 -0.00973385 -0.0438335 0.0030989 0.999041 1.03206
0.996143 -0.00453293 0.0876222 0.126529 0.00527244 0.999953 -0.00820984 -0.0213965 -0.0875814 0.00864018 0.99612 2.03949
0.991019 -0.00438878 0.133655 0.228922 0.00610549 0.999914 -0.0124385 -0.0331653 -0.133586 0.013143 0.990959 3.09595
0.983852 -0.00293689 0.178958 0.387736 0.00571406 0.999872 -0.0150055 -0.052288 -0.178892 0.0157858 0.983743 4.10134
0.974375 -0.0054683 0.224873 0.601549 0.00910727 0.999856 -0.0151499 -0.0755102 -0.224754 0.0168097 0.974283 5.11092
0.962753 -0.0064307 0.270309 0.871109 0.0113019 0.999805 -0.0164677 -0.104189 -0.270151 0.0189093 0.962638 6.1012
0.949794 -0.009602 0.312739 1.2354 0.0163515 0.999699 -0.0189675 -0.125055 -0.312458 0.0231291 0.949661 7.14846
0.935286 -0.0117524 0.353702 1.63479 0.0205684 0.999569 -0.0211761 -0.144127 -0.353301 0.0270806 0.935125 8.12039
0.918053 -0.0118021 0.396298 2.03422 0.0226056 0.999505 -0.022602 -0.170581 -0.395827 0.0297084 0.917861 9.05055
0.898469 -0.0116042 0.438886 2.45558 0.0232411 0.999512 -0.021151 -0.195276 -0.438427 0.0292035 0.898302 9.9364
0.876482 -0.0117427 0.481311 2.96058 0.0243372 0.999521 -0.0199331 -0.226048 -0.480837 0.0291845 0.876345 10.9162
0.852878 -0.0114088 0.521988 3.45478 0.0249147 0.999518 -0.0188621 -0.26292 -0.521521 0.029092 0.852753 11.695
0.826206 -0.0115056 0.563273 4.00063 0.0269243 0.999471 -0.0190764 -0.282851 -0.562745 0.0309264 0.826078 12.6365
0.795852 -0.0125992 0.60536 4.55382 0.0303549 0.999364 -0.0191073 -0.300976 -0.604733 0.033582 0.795733 13.5387
0.767467 -0.0122553 0.640993 5.22462 0.0324588 0.99929 -0.0197569 -0.330258 -0.640287 0.035968 0.767323 14.3097
0.736217 -0.0149614 0.676581 5.8862 0.0369989 0.999159 -0.0181655 -0.357273 -0.675739 0.0384063 0.736155 15.0754
0.703854 -0.0142336 0.710223 6.58132 0.0383738 0.999112 -0.0180056 -0.373586 -0.709328 0.0399263 0.703781 15.7992
0.670998 -0.0142764 0.741324 7.32318 0.0410473 0.999008 -0.0179147 -0.415141 -0.74033 0.0424499 0.670921 16.3992
0.636328 -0.0161445 0.771273 8.09633 0.0468445 0.998755 -0.0177413 -0.439805 -0.770017 0.0474177 0.6363 17.0182
0.600665 -0.0140608 0.79938 8.86249 0.045948 0.998813 -0.0169573 -0.471869 -0.798189 0.0469156 0.600601 17.608
0.562885 -0.0125573 0.826463 9.7415 0.04916 0.998636 -0.0183079 -0.484615 -0.825094 0.0509325 0.562743 18.232
0.524872 -0.0117543 0.851103 10.454 0.0540659 0.99836 -0.0195545 -0.520802 -0.849472 0.0562796 0.524652 18.6572
0.485337 -0.0109677 0.874284 11.233 0.0566168 0.998233 -0.0189067 -0.542935 -0.872516 0.0586734 0.485109 19.1597
0.446824 -0.0129026 0.894532 12.0411 0.062191 0.99794 -0.0166711 -0.577154 -0.892469 0.0630811 0.446713 19.5793
0.410679 -0.0138392 0.911702 12.984 0.0673022 0.997634 -0.0151727 -0.596149 -0.909318 0.0675883 0.410648 19.9944
0.373963 -0.011199 0.927381 13.8799 0.067307 0.997634 -0.0150944 -0.626918 -0.925011 0.0680642 0.37384 20.432
0.34206 -0.0124302 0.939624 14.7537 0.0687661 0.997579 -0.0118364 -0.655649 -0.937185 0.0686603 0.342096 20.721
0.308467 -0.0137617 0.951141 15.6478 0.0706085 0.997485 -0.00846751 -0.675978 -0.948626 0.0697708 0.308672 21.0524
0.27698 -0.0146261 0.960793 16.624 0.0731058 0.997324 -0.00589278 -0.698065 -0.958118 0.0718687 0.277319 21.2887
0.243944 -0.0114037 0.96973 17.6091 0.0706528 0.997501 -0.00604336 -0.700374 -0.967229 0.0699881 0.24415 21.6198
0.21491 -0.010144 0.976613 18.5949 0.071017 0.997479 -0.00526689 -0.724003 -0.97408 0.0704849 0.215099 21.7859
0.184703 -0.00975656 0.982754 19.6505 0.0726165 0.997372 -0.0037466 -0.734654 -0.980126 0.0720561 0.184937 21.9838
0.153267 -0.00998289 0.988167 20.7299 0.0737865 0.997291 -0.00136922 -0.74242 -0.98546 0.0731198 0.153599 22.1871
0.123391 -0.0106093 0.99231 21.7747 0.0723438 0.997397 0.00166746 -0.753097 -0.989736 0.0715815 0.123849 22.3063
0.0950527 -0.0104066 0.99545 22.8232 0.0735703 0.997302 0.00340117 -0.748814 -0.992784 0.0729087 0.0955737 22.4085
0.0675909 -0.00944552 0.997678 23.9437 0.0766463 0.997069 0.00424652 -0.734831 -0.994784 0.0761812 0.06813 22.5131
0.0421604 -0.00838209 0.999109 25.0725 0.081739 0.996659 0.00491252 -0.720271 -0.995797 0.0814551 0.042717 22.5851
0.0200743 -0.00749459 0.99978 26.1571 0.0868313 0.996227 0.00572397 -0.712205 -0.996041 0.0866973 0.0206634 22.6102
0.00044947 -0.00716356 1.00001 27.2236 0.0924651 0.995708 0.00709142 -0.707714 -0.995752 0.0924582 0.00112252 22.6202
-0.0152069 -0.00780726 0.999865 28.3163 0.0965965 0.995302 0.00924022 -0.704976 -0.995229 0.096724 -0.0143668 22.5671
-0.0287793 -0.00712995 0.999594 29.407 0.100621 0.994892 0.00999359 -0.701262 -0.994545 0.100863 -0.027902 22.4995
-0.043502 -0.00735263 0.999036 30.6269 0.103037 0.994629 0.0118062 -0.693242 -0.993749 0.103452 -0.0424957 22.4682
-0.0564423 -0.00812861 0.998406 31.8706 0.103579 0.99454 0.013953 -0.676968 -0.993056 0.104196 -0.0552793 22.3901
-0.0691894 -0.0074309 0.997586 33.1184 0.103246 0.99457 0.0145686 -0.661072 -0.992271 0.104004 -0.068031 22.3272
-0.080819 -0.00440706 0.996753 34.3874 0.103406 0.994574 0.012782 -0.650987 -0.991388 0.104098 -0.0799119 22.2338
-0.0921364 -0.000478867 0.995758 35.674 0.10391 0.994556 0.0100925 -0.630518 -0.990336 0.104398 -0.0915695 22.142
-0.100468 0.00186038 0.994975 36.8561 0.105014 0.994451 0.00874445 -0.631247 -0.989422 0.10536 -0.100093 22.0202
-0.107454 0.00262477 0.99422 38.1287 0.104383 0.99452 0.00865559 -0.626997 -0.988744 0.104709 -0.107123 21.8832
-0.112941 0.00297947 0.993634 39.401 0.104991 0.994452 0.00895185 -0.622278 -0.988079 0.105328 -0.112614 21.7389
-0.117551 0.00413585 0.993072 40.6939 0.105706 0.994383 0.00837093 -0.616434 -0.987453 0.105957 -0.117313 21.598
-0.121486 0.00585646 0.992613 41.9776 0.10473 0.994495 0.0069504 -0.612769 -0.987093 0.104796 -0.121418 21.459
-0.125256 0.00688746 0.992114 43.3261 0.10482 0.994491 0.00632955 -0.593287 -0.9866 0.104785 -0.125273 21.2925
-0.127682 0.00613605 0.991834 44.6523 0.103933 0.994577 0.00722652 -0.581328 -0.986395 0.104001 -0.127614 21.1392
-0.129354 0.00420861 0.991604 45.9865 0.104264 0.994525 0.00937976 -0.575557 -0.986131 0.104601 -0.129069 20.9791
-0.13216 0.00228787 0.991266 47.4131 0.103173 0.994617 0.0114599 -0.569359 -0.985888 0.10378 -0.131672 20.8124
-0.134228 0.00301189 0.990961 48.8343 0.105446 0.994381 0.0112602 -0.559226 -0.985354 0.106003 -0.133775 20.6353
-0.13533 0.00272733 0.990837 50.1983 0.104861 0.994439 0.011585 -0.550476 -0.985278 0.105462 -0.134851 20.4831
-0.136332 0.00303411 0.990674 51.6511 0.10594 0.994326 0.0115333 -0.549915 -0.985013 0.106523 -0.135865 20.3131
-0.138146 0.00215588 0.990452 53.1265 0.104722 0.994444 0.012442 -0.553287 -0.984903 0.105435 -0.137592 20.1657
-0.136018 0.0028666 0.99072 54.6043 0.104869 0.994439 0.0115199 -0.548688 -0.985172 0.105461 -0.135548 19.9359
-0.135352 0.00241694 0.990839 56.0957 0.104701 0.994453 0.0118768 -0.542816 -0.985294 0.105342 -0.134843 19.7766
-0.13363 0.000387962 0.991051 57.6591 0.103817 0.994523 0.0136084 -0.539645 -0.985613 0.104704 -0.132924 19.5623
-0.131365 -0.000510422 0.99138 59.1066 0.104674 0.994424 0.0143821 -0.55962 -0.985837 0.105654 -0.130568 19.4163
-0.13059 -0.000992917 0.991456 60.7197 0.103568 0.994534 0.0146369 -0.556902 -0.986047 0.104592 -0.129759 19.2235
-0.130041 -0.00148323 0.991554 62.3184 0.103563 0.994529 0.0150699 -0.551473 -0.98613 0.104641 -0.129165 19.0354
-0.128678 -0.00231264 0.991704 63.872 0.103044 0.994573 0.0156891 -0.555909 -0.986353 0.104206 -0.127727 18.8686
-0.127276 -0.00361494 0.991908 65.5176 0.105125 0.994334 0.017113 -0.532967 -0.986328 0.106445 -0.126164 18.67
-0.126014 -0.00566212 0.992034 67.2133 0.106776 0.994117 0.0192365 -0.506101 -0.986302 0.108347 -0.124654 18.4488
-0.126556 -0.00467284 0.991995 68.9126 0.107813 0.994022 0.018437 -0.489877 -0.986131 0.109275 -0.125285 18.2829
-0.125988 -0.00340229 0.992049 70.5407 0.110204 0.993779 0.0174033 -0.494395 -0.98593 0.111518 -0.124815 18.1413
-0.125728 -0.00394044 0.992106 72.2869 0.109276 0.993874 0.017796 -0.477932 -0.986077 0.110643 -0.124517 17.9276
-0.12604 -0.00454212 0.992038 73.9076 0.109554 0.993831 0.0184687 -0.484698 -0.985996 0.111007 -0.12475 17.8111
-0.127955 -0.00596805 0.991812 75.5846 0.107274 0.994054 0.0198213 -0.459689 -0.986009 0.108924 -0.126544 17.7169
-0.126385 -0.0062303 0.991985 77.2948 0.108833 0.993879 0.0201075 -0.452122 -0.986032 0.110499 -0.124919 17.4853
-0.126301 -0.00799031 0.99201 79.0847 0.1083 0.993903 0.0217944 -0.450915 -0.986111 0.11018 -0.124656 17.2798
-0.125864 -0.00779157 0.99204 80.9036 0.106317 0.994127 0.0212961 -0.414165 -0.986373 0.108148 -0.124283 17.038
-0.126729 -0.00703037 0.991964 82.7712 0.105399 0.994242 0.0205117 -0.380896 -0.986371 0.107143 -0.125248 16.8223
-0.128365 -0.00588086 0.991735 84.5363 0.103413 0.994474 0.0192818 -0.343626 -0.986361 0.105031 -0.127034 16.6615
-0.128747 -0.00553301 0.991714 86.3323 0.102669 0.99456 0.0188777 -0.325935 -0.986396 0.104241 -0.127469 16.4489
-0.12978 -0.00624417 0.99155 88.2423 0.101189 0.994699 0.0195076 -0.289158 -0.986407 0.102863 -0.128446 16.2055
-0.130071 -0.00559397 0.991541 90.0531 0.1013 0.9947 0.0189005 -0.252408 -0.986364 0.102894 -0.128806 15.994
-0.131917 -0.00611638 0.99127 91.9718 0.0986427 0.994961 0.0192658 -0.218883 -0.986382 0.10032 -0.130635 15.7947
-0.133415 -0.00520873 0.991099 93.9522 0.0983283 0.995007 0.0184655 -0.183653 -0.986218 0.099909 -0.132228 15.5067
-0.137314 -0.00468948 0.990546 95.6476 0.0937623 0.995464 0.01771 -0.165439 -0.986123 0.0953048 -0.136238 15.4625
-0.141606 -0.00391759 0.989967 97.6502 0.0935778 0.995487 0.0173246 -0.127643 -0.98554 0.0950844 -0.140591 15.184
-0.146349 -0.00539128 0.989249 99.6004 0.0923107 0.995575 0.0190817 -0.117004 -0.98496 0.0941079 -0.145191 14.8971
-0.153015 -0.00590697 0.988259 101.382 0.088171 0.99594 0.0196042 -0.100933 -0.984334 0.0901277 -0.151864 14.7649
-0.159023 -0.00563699 0.98729 103.369 0.086524 0.996085 0.0196232 -0.086885 -0.98352 0.088542 -0.157899 14.5199
-0.165009 -0.00413164 0.986335 105.381 0.0863144 0.996121 0.018612 -0.0576739 -0.98256 0.0881983 -0.164002 14.2328
-0.167364 -0.00324543 0.985924 107.201 0.0867579 0.996095 0.018006 -0.0746195 -0.982117 0.0885471 -0.166416 13.9713
-0.172387 -0.00276786 0.985079 109.245 0.0841178 0.99633 0.0175192 -0.0387373 -0.981485 0.0858748 -0.171511 13.6167
-0.179368 -0.00167769 0.983815 111.117 0.0810801 0.9966 0.0164816 -0.00318357 -0.980482 0.082721 -0.178609 13.397
-0.185993 -0.0018702 0.982604 113.2 0.0785331 0.996799 0.0167617 0.0301435 -0.979463 0.0802766 -0.185242 13.0367
-0.192562 -0.00180048 0.981318 115.243 0.0776362 0.996865 0.0170631 0.0594177 -0.978256 0.0794685 -0.191805 12.6988
-0.200454 -0.00123177 0.979758 117.245 0.0779632 0.996837 0.0172034 0.0901705 -0.976653 0.0798257 -0.199714 12.379
-0.208066 0.00154464 0.978148 119.238 0.0770742 0.996944 0.0148202 0.114194 -0.975121 0.0784705 -0.207535 12.0468
-0.212897 0.00206748 0.977129 121.268 0.0767495 0.996973 0.014612 0.124281 -0.974113 0.0780973 -0.212401 11.6086
-0.216274 0.00234214 0.976365 123.227 0.073974 0.99719 0.0139937 0.191014 -0.973575 0.075249 -0.215825 11.0912
-0.222695 0.00131434 0.974946 125.173 0.0726796 0.997269 0.0152562 0.20586 -0.972233 0.0742486 -0.222172 10.6634
-0.224474 0.00570008 0.9745 127.12 0.0739264 0.99723 0.0111959 0.268039 -0.971722 0.0745512 -0.224259 10.1693
-0.223811 0.00606547 0.974673 129.137 0.0757586 0.997094 0.0111907 0.307618 -0.971742 0.0763369 -0.22361 9.60385
-0.227272 0.00551066 0.973852 131.291 0.0779969 0.996905 0.0125614 0.322869 -0.970752 0.0788091 -0.226984 9.07108
-0.230637 0.00507382 0.973091 133.285 0.0798481 0.996745 0.0137278 0.322209 -0.969819 0.0808578 -0.230282 8.61261
-0.231015 0.00510904 0.972974 135.302 0.0801861 0.996716 0.0138049 0.339585 -0.96969 0.0812048 -0.230652 8.09056
-0.230814 0.00506922 0.97305 137.35 0.0806043 0.996681 0.0139273 0.347155 -0.969715 0.0816387 -0.230447 7.55415
-0.232367 0.00550719 0.972653 139.479 0.0791043 0.996812 0.0132539 0.38447 -0.969457 0.0800171 -0.232047 7.01761
-0.235191 0.00682763 0.971992 141.626 0.0773279 0.99697 0.0117074 0.416705 -0.968932 0.0779076 -0.234997 6.47777
-0.239065 0.00816959 0.97101 143.695 0.0763528 0.997062 0.0104097 0.430548 -0.968047 0.0766247 -0.238973 5.99331
-0.24318 0.00755409 0.970018 145.813 0.0753701 0.997126 0.0111293 0.429314 -0.967114 0.0758087 -0.243041 5.48927
-0.247542 0.007914 0.968886 147.938 0.0751676 0.997145 0.0110601 0.43881 -0.966007 0.0755634 -0.247416 4.97011
-0.251884 0.00812493 0.96779 150.112 0.0739712 0.997234 0.0108796 0.459687 -0.964993 0.074321 -0.251778 4.42783
-0.255574 0.0083513 0.966797 152.213 0.0732201 0.997294 0.0107414 0.478562 -0.964064 0.0735311 -0.25548 3.85511
-0.259302 0.00796116 0.965833 154.381 0.0729246 0.997306 0.0113573 0.487475 -0.963109 0.0733697 -0.259173 3.28539
-0.261948 0.00745777 0.965099 156.538 0.0730553 0.99729 0.0121225 0.494907 -0.962367 0.0736777 -0.261768 2.68966
-0.264297 0.00780246 0.96448 158.706 0.0737699 0.997235 0.0121473 0.499461 -0.961686 0.0743517 -0.264131 2.0935
-0.267652 0.0089028 0.963522 160.855 0.0734817 0.99727 0.0111978 0.50474 -0.960764 0.0737948 -0.267561 1.52204
-0.270337 0.0107622 0.962777 163.056 0.0735659 0.997279 0.00950806 0.526198 -0.960021 0.0733896 -0.270382 0.907883
-0.273491 0.0116312 0.96185 165.289 0.0738285 0.997267 0.00893322 0.534504 -0.959091 0.0734517 -0.273587 0.294732
-0.276624 0.0126641 0.960965 167.52 0.0736565 0.997285 0.00805942 0.533657 -0.958221 0.0730025 -0.276795 -0.335017
-0.279586 0.0119284 0.960093 169.765 0.0730375 0.997326 0.00887847 0.52882 -0.957393 0.0726018 -0.279695 -0.956477
-0.284113 0.0115623 0.958792 172.007 0.0721988 0.99738 0.00936592 0.525159 -0.956139 0.0718765 -0.284192 -1.5886
-0.287663 0.0115721 0.957707 174.22 0.0736991 0.997266 0.0100871 0.522822 -0.954945 0.0734808 -0.287714 -2.24058
-0.290705 0.0109542 0.956821 176.433 0.0747412 0.997173 0.0112914 0.529087 -0.95396 0.0747881 -0.29069 -2.89955
-0.292325 0.0105483 0.956306 178.652 0.0758779 0.997079 0.0121969 0.529996 -0.953357 0.076125 -0.292257 -3.58026
-0.294214 0.0105565 0.955753 180.931 0.0758891 0.997075 0.0123477 0.551237 -0.952793 0.0761557 -0.294143 -4.29145
-0.296061 0.0108095 0.955154 183.184 0.0744296 0.997194 0.0117855 0.564307 -0.952318 0.0745779 -0.296019 -4.97208
-0.297509 0.0121518 0.954713 185.453 0.0730822 0.99731 0.0100793 0.572981 -0.951988 0.0727632 -0.297586 -5.69617
-0.299412 0.0141474 0.954065 187.724 0.0725956 0.997368 0.00799366 0.584614 -0.951411 0.0716514 -0.299635 -6.42661
-0.301056 0.0151715 0.953557 189.991 0.0714573 0.997456 0.00668975 0.586289 -0.950996 0.0701446 -0.301363 -7.1444
-0.303684 0.0158329 0.952691 192.343 0.0692188 0.997625 0.00548548 0.595475 -0.95031 0.0676067 -0.304044 -7.88857
-0.30874 0.0170772 0.951058 194.761 0.0704197 0.99754 0.00494734 0.613109 -0.948606 0.0684931 -0.30917 -8.60513
-0.310201 0.0169399 0.950574 196.921 0.0710966 0.997499 0.00542598 0.610463 -0.948066 0.0692631 -0.310614 -9.35022
-0.31052 0.0164287 0.95049 199.101 0.0709112 0.9975 0.00592403 0.612993 -0.947988 0.0692323 -0.310895 -10.0875
-0.311168 0.0172784 0.950252 201.332 0.0720833 0.997428 0.00546931 0.612285 -0.947675 0.0701966 -0.311598 -10.8537
-0.312811 0.0172679 0.949725 203.61 0.0708301 0.99751 0.00519147 0.603871 -0.947243 0.0688853 -0.313242 -11.613
-0.315958 0.0175793 0.948667 206.003 0.0698502 0.99759 0.00477939 0.594702 -0.946258 0.0677721 -0.31641 -12.4079
-0.319033 0.0175743 0.947646 208.385 0.0690893 0.997635 0.00475712 0.588356 -0.945293 0.0669823 -0.319479 -13.2144
-0.321674 0.0182822 0.946732 210.778 0.0690935 0.997646 0.00421201 0.593763 -0.944387 0.0667651 -0.322165 -14.0455
-0.324667 0.0181392 0.945721 213.17 0.0696996 0.997592 0.00479283 0.590563 -0.94333 0.0674647 -0.325136 -14.8234
-0.328756 0.0178454 0.944304 215.633 0.0701644 0.997564 0.00557707 0.598378 -0.941865 0.0680875 -0.329193 -15.6585
-0.330705 0.0188907 0.943612 217.994 0.0716188 0.997456 0.00513056 0.596656 -0.941086 0.0692695 -0.331203 -16.4985
-0.333287 0.0203727 0.942663 220.394 0.0715039 0.997478 0.0037251 0.606301 -0.94017 0.0686432 -0.333889 -17.3569
-0.336151 0.0202627 0.941659 222.679 0.0705673 0.997539 0.00372536 0.581404 -0.939236 0.0676956 -0.33674 -18.1269
-0.335712 0.0219949 0.941768 224.93 0.0707516 0.997538 0.00192529 0.577834 -0.939363 0.0672756 -0.336428 -18.9949
-0.337964 0.0235761 0.940935 227.268 0.0698577 0.997599 9.51995e-05 0.582288 -0.938641 0.0657567 -0.338785 -19.8379
-0.340648 0.0229817 0.939972 229.612 0.0666287 0.997824 -0.000247695 0.550562 -0.937886 0.0625425 -0.341426 -20.6317
-0.342132 0.0244178 0.939406 231.943 0.0675202 0.99776 -0.00134393 0.535439 -0.937301 0.0629624 -0.343 -21.5095
-0.343972 0.0242391 0.938729 234.326 0.0688785 0.997671 -0.000520369 0.524983 -0.936509 0.0644769 -0.344828 -22.4151
-0.34687 0.0229289 0.937706 236.66 0.0678068 0.997743 0.000685755 0.499637 -0.935539 0.0638142 -0.347627 -23.2614
-0.350421 0.0224866 0.936385 238.914 0.0657378 0.997884 0.000639393 0.477739 -0.934342 0.0617774 -0.351145 -24.061
-0.35366 0.0229171 0.935166 241.169 0.0641906 0.997982 -0.00018109 0.454982 -0.933251 0.0599584 -0.354402 -24.8926
-0.356258 0.0225236 0.934176 243.446 0.0649824 0.997934 0.000723165 0.432588 -0.932183 0.0609609 -0.356972 -25.8196
-0.358197 0.0215671 0.933471 245.766 0.0634932 0.998026 0.00130513 0.405642 -0.931568 0.0597301 -0.358843 -26.704
-0.362273 0.0216112 0.931881 248.081 0.0639756 0.997998 0.0017286 0.379872 -0.929932 0.0602422 -0.362916 -27.5985
-0.365352 0.0210027 0.930709 250.374 0.0626057 0.998082 0.00205265 0.36914 -0.928848 0.0590109 -0.36595 -28.5055
-0.368564 0.0206751 0.929433 252.655 0.0618013 0.998134 0.0023061 0.351225 -0.927604 0.0582883 -0.36914 -29.4146
-0.371639 0.0202715 0.928234 254.935 0.0602274 0.998228 0.00231288 0.329148 -0.92651 0.056758 -0.372184 -30.3209
-0.375071 0.0213494 0.926813 257.316 0.0609006 0.998191 0.00165442 0.311981 -0.925054 0.057062 -0.375678 -31.2933
-0.37992 0.0214931 0.924848 259.589 0.0607066 0.9982 0.00173982 0.290514 -0.923115 0.056799 -0.380524 -32.1878
-0.386367 0.022304 0.922138 261.881 0.0610718 0.998181 0.00144742 0.279342 -0.920382 0.0568738 -0.387011 -33.1133
-0.390414 0.0225906 0.920442 264.137 0.0596409 0.998266 0.000796218 0.2632 -0.918797 0.0552005 -0.391066 -34.0189
-0.394383 0.0227124 0.918727 266.378 0.059579 0.998271 0.000898966 0.241803 -0.917072 0.0550895 -0.395039 -34.9453
-0.397319 0.0232561 0.917466 268.616 0.0600804 0.99824 0.000714588 0.220177 -0.915803 0.0553993 -0.397998 -35.8773
-0.398968 0.0233828 0.916728 270.803 0.0608859 0.998192 0.00103953 0.17994 -0.915003 0.0562285 -0.399654 -36.811
-0.401463 0.0244835 0.915632 273.083 0.0616214 0.998149 0.000327827 0.165996 -0.913892 0.0565472 -0.402211 -37.8344
-0.402629 0.0224629 0.91515 275.283 0.0606738 0.998205 0.00219484 0.122964 -0.913412 0.0564075 -0.403253 -38.768
-0.40453 0.0231557 0.914315 277.45 0.0601566 0.998238 0.00133425 0.101979 -0.912636 0.0555351 -0.405192 -39.6953
-0.405958 0.0257457 0.913593 279.736 0.0615951 0.998151 -0.00075596 0.0929309 -0.911877 0.055964 -0.406779 -40.7191
-0.409015 0.0258545 0.912245 282.018 0.0619185 0.99813 -0.000527231 0.0867144 -0.910516 0.0562624 -0.409834 -41.75
-0.412056 0.0264897 0.910842 284.151 0.0625308 0.998094 -0.000735907 0.0473521 -0.909073 0.0566505 -0.412915 -42.6623
-0.414588 0.0265931 0.909702 286.292 0.0620064 0.998124 -0.000919436 0.0325005 -0.907987 0.0560199 -0.41544 -43.6451
-0.416696 0.0284661 0.908666 288.576 0.0633737 0.998042 -0.0022001 0.0303813 -0.906897 0.0566681 -0.417671 -44.7215
-0.419664 0.028655 0.907312 290.876 0.062426 0.998096 -0.00264843 0.0130102 -0.905628 0.0555219 -0.420634 -45.7722
-0.421771 0.0286385 0.906317 293.186 0.0610341 0.998185 -0.0031342 -0.00315894 -0.904708 0.0539936 -0.42274 -46.8619
-0.42448 0.0294975 0.905045 295.562 0.0625683 0.998085 -0.00318518 -0.0136808 -0.903373 0.0552683 -0.425493 -47.9661
-0.424961 0.0287725 0.904821 297.876 0.0637727 0.998017 -0.00178041 -0.0401668 -0.903023 0.0569456 -0.425941 -49.0666
-0.424999 0.0277757 0.904856 300.191 0.0639636 0.998001 -0.00059281 -0.0620026 -0.903031 0.0576189 -0.425907 -50.1677
-0.424503 0.027136 0.905088 302.539 0.0637375 0.998022 -2.42535e-05 -0.0736363 -0.903241 0.057677 -0.425381 -51.3145
-0.425255 0.026298 0.90478 304.88 0.0631951 0.99805 0.000692571 -0.0815729 -0.902965 0.0574652 -0.426068 -52.4493
-0.427936 0.0260924 0.903504 307.304 0.0641901 0.997991 0.00158588 -0.0949304 -0.90159 0.0586736 -0.428741 -53.5567
-0.430427 0.0257865 0.902346 309.727 0.0641948 0.997984 0.00210121 -0.100936 -0.90044 0.0588234 -0.431195 -54.6799
-0.432637 0.0263944 0.901254 312.147 0.0632411 0.998052 0.00113283 -0.109545 -0.89941 0.0574853 -0.433453 -55.809
-0.435254 0.0289136 0.899933 314.584 0.062712 0.998078 -0.001737 -0.119135 -0.898221 0.0556736 -0.436212 -56.9595
-0.438015 0.0286773 0.898582 317.046 0.060794 0.998201 -0.00221855 -0.116633 -0.896973 0.0536555 -0.438961 -58.1827
-0.442552 0.0267593 0.896436 319.483 0.0589054 0.998311 -0.000720942 -0.151013 -0.894907 0.0524791 -0.443362 -59.3321
-0.449372 0.0250855 0.893067 322.025 0.0562557 0.998468 0.000264297 -0.144769 -0.891634 0.0503576 -0.450088 -60.5461
-0.45187 0.0256136 0.891811 324.367 0.0572737 0.99841 0.000344633 -0.148719 -0.890346 0.0512267 -0.4526 -61.7639
-0.455573 0.0242693 0.889943 326.727 0.05633 0.998462 0.00161111 -0.167895 -0.888477 0.0508631 -0.456233 -62.9324
-0.459391 0.0256095 0.887961 329.144 0.0587689 0.998323 0.00161175 -0.172671 -0.886391 0.0529182 -0.460107 -64.1611
-0.461629 0.0269687 0.886737 331.481 0.06096 0.998189 0.00138057 -0.188921 -0.885042 0.0546912 -0.462429 -65.379
-0.46438 0.0271142 0.885322 333.973 0.0614891 0.998158 0.00168238 -0.186397 -0.883606 0.0552115 -0.465175 -66.7179
-0.466608 0.026251 0.884151 336.357 0.0621199 0.998115 0.00315257 -0.197799 -0.882347 0.0563927 -0.467351 -67.9764
-0.469137 0.0249035 0.882876 338.741 0.0609901 0.998182 0.00425194 -0.213599 -0.881124 0.0558341 -0.469785 -69.2415
-0.473125 0.0242749 0.880741 341.164 0.0598471 0.998248 0.00463904 -0.224709 -0.87903 0.0549026 -0.473742 -70.498
-0.475173 0.0213601 0.879735 343.423 0.0575782 0.998371 0.00685876 -0.250839 -0.878113 0.0539055 -0.475612 -71.6959
-0.48158 0.0194708 0.876267 345.897 0.0557661 0.998463 0.00846547 -0.248038 -0.874692 0.0529409 -0.48192 -72.96
-0.484228 0.0200734 0.874818 348.27 0.0577282 0.998346 0.00904455 -0.253773 -0.873147 0.0548733 -0.484567 -74.304
-0.49049 0.0169804 0.871366 350.66 0.054279 0.998521 0.0110985 -0.268056 -0.869824 0.0527383 -0.490679 -75.5013
-0.493764 0.0156757 0.869562 353.042 0.0541106 0.998509 0.0127243 -0.271784 -0.868022 0.0533274 -0.493857 -76.82
-0.498406 0.0144378 0.866911 355.431 0.0533859 0.998533 0.014066 -0.263772 -0.86537 0.0532889 -0.498438 -78.0798
-0.502987 0.0132317 0.864301 357.864 0.0497795 0.998722 0.0136788 -0.24137 -0.862974 0.0498972 -0.502983 -79.4127
-0.506982 0.0122465 0.861957 360.278 0.0450272 0.998967 0.0122938 -0.225435 -0.860851 0.0450419 -0.507003 -80.7574
-0.510463 0.0114713 0.859933 362.708 0.0408256 0.999162 0.0109047 -0.204942 -0.859046 0.0406669 -0.510483 -82.1611
-0.5136 0.00967517 0.858064 365.148 0.0387497 0.999236 0.0119299 -0.185612 -0.857226 0.039375 -0.513574 -83.6251
-0.518676 0.00891743 0.855041 367.438 0.0381955 0.999247 0.0127474 -0.167008 -0.854237 0.0392637 -0.518606 -84.8746
-0.517997 0.00951527 0.855421 369.81 0.0360587 0.999352 0.010722 -0.129056 -0.854697 0.0363972 -0.517998 -86.3939
-0.519709 0.00859038 0.854417 372.121 0.0351523 0.999377 0.0113333 -0.141147 -0.85374 0.0359183 -0.519666 -87.8196
-0.523703 0.00661765 0.851968 374.439 0.0351802 0.999345 0.013866 -0.146805 -0.85125 0.037232 -0.523586 -89.2175
-0.527392 0.00421896 0.849734 376.786 0.0319678 0.999439 0.0148784 -0.129188 -0.849145 0.0350046 -0.52721 -90.6161
-0.531176 0.00390937 0.847345 379.161 0.0314498 0.999451 0.0151072 -0.110551 -0.846753 0.0346716 -0.531001 -92.0895
-0.534406 0.00216363 0.845352 381.504 0.0271224 0.99959 0.0145881 -0.0916246 -0.844915 0.0307184 -0.534227 -93.4469
-0.537609 0.00160524 0.843277 383.856 0.0258793 0.999621 0.0145995 -0.0652477 -0.842865 0.0296715 -0.537439 -94.9234
-0.539052 0.000538141 0.842396 386.168 0.024587 0.999647 0.0150952 -0.0410157 -0.842038 0.0288439 -0.538854 -96.4423
-0.542085 -0.000235407 0.840411 388.501 0.0207435 0.999755 0.0136638 -0.011839 -0.840134 0.0248393 -0.541941 -97.9409
-0.54314 -0.00129036 0.839768 390.729 0.0116402 0.999957 0.00906653 0.0036986 -0.839687 0.0146962 -0.543081 -99.4134
-0.546231 -0.000612865 0.837734 393.118 -0.000882569 1.00007 0.0001607 -0.00254259 -0.837706 -0.000651187 -0.546266 -100.833
-0.563242 0.00879621 0.826386 395.483 0.0123556 0.999984 -0.00222234 -0.0451633 -0.826328 0.00895455 -0.563328 -102.342
-0.565289 0.00854894 0.824949 397.756 0.0180304 0.999904 0.00199818 -0.0629747 -0.824767 0.0160032 -0.565385 -103.84
-0.567608 -0.00107175 0.823433 399.984 0.0167422 0.999837 0.0128436 -0.060997 -0.823246 0.0210715 -0.567488 -105.376
-0.570336 -0.0116856 0.821431 402.293 0.0106481 0.999781 0.0216205 -0.0284487 -0.821414 0.0210777 -0.570082 -106.992
-0.572905 -0.0170586 0.819582 404.531 0.00570723 0.999736 0.0248003 0.00324089 -0.819722 0.018882 -0.572648 -108.561
-0.572576 -0.0193484 0.819726 406.86 0.00133484 0.999769 0.024535 0.0459628 -0.819923 0.0151432 -0.572414 -110.162
-0.574064 -0.0136483 0.818835 409.069 0.0076473 0.999789 0.0220278 0.0755186 -0.818895 0.0189031 -0.573829 -111.751
-0.573097 -0.00626181 0.81957 411.286 0.0133429 0.999841 0.0169748 0.116329 -0.819453 0.0206636 -0.572918 -113.453
-0.575963 -0.00421464 0.817609 413.483 0.0121294 0.999897 0.0137016 0.128258 -0.817503 0.0178048 -0.575849 -114.904
-0.58039 -0.00332579 0.814432 415.619 0.0165295 0.999819 0.0158684 0.129803 -0.814232 0.0226726 -0.580229 -116.599
-0.583413 -0.00397627 0.812319 417.837 0.016804 0.999779 0.016966 0.152258 -0.812127 0.0235439 -0.583215 -118.155
-0.587321 -0.00544601 0.809441 420.056 0.0147742 0.99982 0.0174531 0.172923 -0.809284 0.02221 -0.587135 -119.637
-0.586262 -0.0040316 0.810262 422.22 0.0167839 0.99978 0.0171219 0.204989 -0.810069 0.0236327 -0.586062 -121.321
-0.587067 -0.00369928 0.809636 424.426 0.0165466 0.999807 0.0165725 0.234063 -0.809434 0.0231261 -0.586893 -122.925
-0.58868 -0.002676 0.808513 426.613 0.0171084 0.999797 0.0157691 0.256556 -0.808308 0.0231107 -0.588512 -124.51
-0.589809 -0.00404791 0.807641 428.814 0.0169749 0.999786 0.0174137 0.277046 -0.807431 0.0239806 -0.589614 -126.078
-0.591372 -0.00643814 0.806527 431.029 0.0158185 0.999751 0.0195828 0.302193 -0.806369 0.0243342 -0.59112 -127.626
-0.590699 -0.00648053 0.806975 433.202 0.0195042 0.999649 0.0223114 0.324312 -0.806722 0.0289195 -0.590363 -129.308
-0.592091 -0.00345536 0.80602 435.287 0.0227036 0.999591 0.0209665 0.336518 -0.805678 0.0307084 -0.591767 -130.889
-0.592966 -0.00230426 0.805336 437.458 0.019843 0.999739 0.0174781 0.361002 -0.80505 0.0263445 -0.592764 -132.512
-0.590028 -0.00554543 0.807511 439.661 0.0115656 0.999885 0.0153214 0.383377 -0.80742 0.0183765 -0.589892 -134.055
-0.593255 -0.00388527 0.805115 441.839 0.0147972 0.999856 0.0157361 0.405627 -0.804943 0.0212503 -0.593111 -135.667
-0.598621 -0.00575244 0.801171 444.072 0.00901735 0.999934 0.0139226 0.426034 -0.801105 0.0155569 -0.59853 -137.131
-0.600623 -0.00688207 0.799617 446.298 0.00617084 0.999981 0.0132496 0.440405 -0.799583 0.0128946 -0.600564 -138.781
-0.602434 -0.00748475 0.798299 448.448 0.00488988 0.999977 0.0130717 0.438095 -0.798283 0.011777 -0.602382 -140.321
-0.605631 -0.00681518 0.795829 450.548 0.00915578 0.999927 0.0155388 0.434897 -0.795767 0.0166998 -0.605517 -141.911
-0.603621 -0.00969298 0.797378 452.654 0.0103346 0.999821 0.0199835 0.444514 -0.797333 0.0203007 -0.603412 -143.496
-0.606324 -0.00919902 0.795278 454.763 0.0179982 0.999608 0.0252927 0.477546 -0.795088 0.0296517 -0.605913 -145.102
-0.601078 -0.0128471 0.799266 456.83 0.0175561 0.999493 0.0292754 0.536064 -0.799141 0.031625 -0.600545 -146.698
-0.598099 -0.0141942 0.801412 458.97 0.0127365 0.999638 0.0272191 0.579564 -0.801396 0.0264895 -0.597697 -148.333
-0.595664 -0.0121266 0.803323 461.065 0.0105104 0.999759 0.0228923 0.609286 -0.803309 0.0220766 -0.595392 -150.011
-0.59427 -0.0130966 0.804277 463.166 0.00634826 0.999854 0.020981 0.631211 -0.804313 0.0175772 -0.594098 -151.525
-0.578746 -0.0173177 0.8155 465.231 -0.000705129 0.999861 0.0207401 0.658182 -0.815652 0.0114278 -0.578676 -153.1
-0.57496 -0.0159116 0.818139 467.326 0.00306433 0.999855 0.0216084 0.679051 -0.818243 0.0149353 -0.57483 -154.616
-0.563284 -0.0190843 0.826198 469.385 0.00106383 0.999792 0.0238266 0.705005 -0.826405 0.0142998 -0.563134 -156.139
-0.562534 -0.0174561 0.826704 471.603 -0.000891373 0.999884 0.0205156 0.734593 -0.826841 0.0108082 -0.562488 -157.601
-0.559897 -0.0210975 0.828449 473.835 -0.0062333 0.999832 0.0212573 0.759239 -0.828682 0.00673897 -0.559922 -159.145
-0.559596 -0.0269486 0.828441 476.079 -0.0151148 0.999734 0.0223191 0.783961 -0.828695 -2.68686e-05 -0.559858 -160.615
-0.557595 -0.0296863 0.82974 478.321 -0.0217666 0.999617 0.0211454 0.81643 -0.829972 -0.00626707 -0.558016 -162.135
-0.556137 -0.0317061 0.830595 480.576 -0.0256996 0.999547 0.0209555 0.842191 -0.830756 -0.00968615 -0.556703 -163.576
-0.559947 -0.0291368 0.828166 482.807 -0.0189967 0.999652 0.0223331 0.856152 -0.828447 -0.00322537 -0.560291 -165.064
-0.558701 -0.029917 0.828941 485.109 -0.016739 0.999649 0.0248038 0.898571 -0.829264 -1.28216e-05 -0.559009 -166.609
-0.555766 -0.0310995 0.830908 487.36 -0.0158089 0.999597 0.0268465 0.937755 -0.831326 0.00178569 -0.55602 -168.201
-0.557477 -0.0303392 0.829754 489.573 -0.016699 0.999641 0.0253401 0.96654 -0.83009 0.000275589 -0.557787 -169.643
-0.554615 -0.0292897 0.831749 491.833 -0.0179442 0.999655 0.0232447 1.01107 -0.832057 -0.00203155 -0.554935 -171.174
-0.550969 -0.0281256 0.834168 494.068 -0.0170435 0.999704 0.0224582 1.03336 -0.834417 -0.00183821 -0.551289 -172.678
-0.545854 -0.0286568 0.837549 496.36 -0.0153285 0.999675 0.0242216 1.06697 -0.837886 0.000384044 -0.546102 -174.215
-0.550967 -0.0275703 0.834198 498.616 -0.0124094 0.999715 0.0248539 1.09881 -0.834507 0.00334682 -0.551159 -175.615
-0.541372 -0.030233 0.840405 500.798 -0.015458 0.999629 0.0260115 1.13676 -0.840788 0.00109191 -0.541629 -177.067
-0.533779 -0.0337535 0.845076 502.957 -0.0208298 0.999527 0.0267743 1.17598 -0.845436 -0.00330564 -0.53424 -178.416
-0.541596 -0.0315973 0.840215 504.958 -0.0144679 0.999586 0.0282726 1.20247 -0.840663 0.003156 -0.541819 -179.684
-0.534598 -0.0356137 0.844487 506.961 -0.0191332 0.999469 0.0300457 1.24356 -0.844963 -9.06269e-05 -0.535005 -180.936
-0.531664 -0.035804 0.846368 508.969 -0.0214167 0.999446 0.0288343 1.28819 -0.846834 -0.00279535 -0.532127 -182.188
-0.547275 -0.0292779 0.836565 511.004 -0.0130936 0.999671 0.026429 1.31714 -0.83691 0.00351485 -0.54749 -183.442
-0.532339 -0.0333521 0.846053 512.903 -0.0167166 0.999534 0.0288935 1.34776 -0.846529 0.00123867 -0.532637 -184.745
-0.532843 -0.032856 0.845698 514.908 -0.0148715 0.999563 0.0294722 1.39122 -0.846141 0.0031325 -0.533113 -186.039
-0.523368 -0.0364443 0.851503 516.922 -0.0203405 0.999425 0.0302832 1.43765 -0.852026 -0.00146876 -0.5238 -187.307
-0.521707 -0.0366012 0.852461 518.939 -0.0203009 0.999437 0.0304959 1.48865 -0.852941 -0.00138963 -0.522172 -188.578
-0.518327 -0.0365142 0.854577 520.865 -0.0213175 0.999422 0.0297832 1.53072 -0.855077 -0.00277759 -0.518797 -189.757
-0.507283 -0.0374967 0.861091 522.726 -0.0208143 0.999406 0.031266 1.57035 -0.861591 -0.00205598 -0.507779 -191.009
-0.490183 -0.0420577 0.870774 524.592 -0.0239896 0.9992 0.0347666 1.61178 -0.871446 -0.00384431 -0.490797 -192.211
-0.496715 -0.0413188 0.867063 526.551 -0.0203796 0.999261 0.0359524 1.65781 -0.867742 0.000194739 -0.497208 -193.339
-0.49835 -0.0391758 0.866262 528.539 -0.0177925 0.999324 0.0349677 1.71309 -0.86695 0.00201543 -0.498707 -194.491
-0.491597 -0.0408669 0.869998 530.469 -0.0201502 0.999278 0.0355622 1.76279 -0.87066 -4.18024e-05 -0.492084 -195.622
-0.484287 -0.0426842 0.874037 532.353 -0.0237111 0.999177 0.0356678 1.8174 -0.874739 -0.0034476 -0.484902 -196.675
-0.48836 -0.0407123 0.871832 534.249 -0.0197315 0.999285 0.0356208 1.86003 -0.872497 0.000200332 -0.488832 -197.719
-0.488957 -0.0404751 0.871534 536.097 -0.0174537 0.999272 0.036625 1.90334 -0.872281 0.0026989 -0.489308 -198.786
-0.474128 -0.0458104 0.879405 537.969 -0.0260581 0.999053 0.0380026 1.94593 -0.880146 -0.00489054 -0.474893 -199.777
-0.476634 -0.0445604 0.878134 539.768 -0.0243417 0.999096 0.0374954 1.99115 -0.878909 -0.0035009 -0.477289 -200.76
-0.471377 -0.0451423 0.880925 541.503 -0.021771 0.999096 0.0395577 2.03844 -0.881741 -0.000525475 -0.471956 -201.816
-0.469053 -0.0470681 0.882077 543.264 -0.0223967 0.998989 0.0414062 2.09004 -0.883026 -0.00033105 -0.469637 -202.751
-0.463984 -0.0497192 0.884594 545.045 -0.0257388 0.998875 0.0426508 2.15656 -0.885545 -0.00297212 -0.464765 -203.666
-0.465165 -0.0477827 0.884094 546.773 -0.0226164 0.998957 0.0420998 2.21373 -0.885071 -0.00040919 -0.465764 -204.603
-0.470217 -0.046426 0.881484 548.514 -0.0206899 0.999037 0.0415902 2.26144 -0.882391 0.0013248 -0.470747 -205.452
-0.471655 -0.0477617 0.880646 550.215 -0.02111 0.998958 0.0428808 2.32337 -0.881669 0.00163692 -0.472172 -206.351
-0.469046 -0.0491461 0.881961 551.8 -0.0223077 0.998909 0.0438087 2.38224 -0.882976 0.000880068 -0.469652 -207.207
-0.464836 -0.050362 0.884121 553.302 -0.0251937 0.99883 0.0436591 2.44083 -0.885178 -0.00197647 -0.465561 -208.001
-0.458776 -0.0518684 0.887196 554.69 -0.0280001 0.998761 0.0439215 2.48884 -0.888194 -0.00468451 -0.459684 -208.736
-0.467792 -0.0504021 0.882561 555.841 -0.0228428 0.998834 0.0449434 2.51821 -0.883685 0.00086682 -0.468396 -209.35
-0.470869 -0.050726 0.880911 556.807 -0.0216029 0.998832 0.0459794 2.56108 -0.882024 0.00262587 -0.471438 -209.862
-0.467061 -0.0523791 0.882836 557.764 -0.0235528 0.998732 0.0468039 2.60858 -0.884056 0.00107024 -0.4677 -210.407
-0.476693 -0.0478191 0.877938 558.723 -0.0191692 0.99897 0.0440142 2.64255 -0.878947 0.0041577 -0.477144 -210.914
-0.468696 -0.0475831 0.882243 559.595 -0.0205811 0.998972 0.0429547 2.66852 -0.883266 0.0019781 -0.469192 -211.439
-0.454712 -0.0511844 0.889337 560.388 -0.0300687 0.998784 0.0421199 2.71875 -0.890219 -0.00758209 -0.455726 -211.848
-0.460633 -0.0519823 0.886234 561.238 -0.0276024 0.998747 0.0442446 2.74391 -0.887311 -0.00407809 -0.461489 -212.263
-0.458077 -0.053611 0.887466 561.994 -0.0291422 0.998674 0.0452972 2.7846 -0.888523 -0.00510672 -0.459058 -212.64
-0.472044 -0.048615 0.880406 562.717 -0.0198188 0.998916 0.0445426 2.79327 -0.881501 0.00357888 -0.472495 -213.019
-0.467738 -0.0486503 0.882701 563.383 -0.0228656 0.998944 0.0429506 2.82563 -0.88366 -8.92942e-05 -0.468378 -213.355
-0.472229 -0.0462372 0.880438 564.029 -0.019417 0.999033 0.0420604 2.84686 -0.88141 0.00276754 -0.472669 -213.721
-0.47198 -0.0464791 0.880557 564.648 -0.0179877 0.999038 0.0431016 2.8609 -0.881515 0.00450766 -0.472383 -214.076
-0.450342 -0.0518662 0.891524 565.203 -0.0234728 0.998764 0.046258 2.88649 -0.892695 -9.22456e-05 -0.451009 -214.488
-0.462164 -0.0510121 0.885508 565.623 -0.0211906 0.998836 0.0464911 2.89188 -0.886633 0.00272703 -0.462729 -214.621
-0.451536 -0.0533802 0.890834 565.797 -0.0250196 0.998689 0.047172 2.90489 -0.892052 -0.000985465 -0.452287 -214.756
-0.455721 -0.0529702 0.888732 565.995 -0.0237556 0.99874 0.0473563 2.90597 -0.889899 0.00047486 -0.456431 -214.821
-0.452167 -0.0544549 0.890452 566.168 -0.0247505 0.998633 0.0485134 2.91887 -0.891744 -9.98741e-05 -0.452903 -214.928
-0.466056 -0.0532839 0.883337 566.321 -0.0203715 0.998712 0.0495061 2.90796 -0.884614 0.00508334 -0.466567 -214.998
-0.471927 -0.0529236 0.880233 566.377 -0.0183325 0.998689 0.0502279 2.89633 -0.881595 0.00756883 -0.472285 -215.012
-0.46828 -0.0539823 0.882123 566.286 -0.0226703 0.998683 0.0490926 2.9052 -0.883385 0.00299694 -0.468915 -214.953
-0.464696 -0.0531706 0.884057 566.226 -0.0238623 0.998704 0.047534 2.91085 -0.885296 0.000996104 -0.465371 -214.904
-0.469912 -0.0520747 0.881371 566.031 -0.0181885 0.998768 0.0493261 2.8784 -0.882621 0.00715405 -0.470307 -214.838
-0.461579 -0.0549152 0.885585 565.996 -0.0225312 0.998608 0.0501921 2.89071 -0.886961 0.00321816 -0.462184 -214.842
-0.457049 -0.0566022 0.887833 566.152 -0.0243383 0.998545 0.0511439 2.90197 -0.889206 0.0017743 -0.45779 -214.91
-0.470132 -0.0497582 0.881381 566.282 -0.0099746 0.99877 0.0510757 2.85456 -0.882685 0.015221 -0.470058 -214.97
-0.455988 -0.0530323 0.888602 566.404 -0.0165006 0.998715 0.0511481 2.87906 -0.889932 0.00866549 -0.456301 -215.086
-0.456409 -0.0529112 0.888385 566.638 -0.0160642 0.998684 0.0512386 2.88437 -0.88977 0.00911583 -0.456669 -215.212
-0.457432 -0.0534029 0.887838 566.895 -0.0162368 0.99869 0.0517165 2.88971 -0.889196 0.00924608 -0.457723 -215.316
-0.44541 -0.0548298 0.893836 567.075 -0.0184395 0.998602 0.052079 2.91345 -0.895282 0.00671686 -0.445812 -215.488
-0.444238 -0.0556907 0.894371 567.285 -0.0191596 0.998589 0.0526746 2.9238 -0.895802 0.00627004 -0.444704 -215.617
-0.452564 -0.055396 0.890203 567.555 -0.0193952 0.998574 0.0522913 2.92469 -0.891667 0.00640207 -0.453004 -215.669
-0.466512 -0.0525624 0.883149 567.858 -0.0168594 0.998742 0.0505478 2.92372 -0.884453 0.00869717 -0.466833 -215.729
-0.459482 -0.0544027 0.88672 567.998 -0.0181372 0.998624 0.0518825 2.93448 -0.888155 0.00775906 -0.459845 -215.846
-0.45257 -0.0575427 0.890069 568.001 -0.0224083 0.998499 0.0531704 2.95562 -0.891548 0.00412536 -0.453205 -215.859
-0.457008 -0.0577247 0.887789 568.05 -0.0206724 0.998448 0.0542907 2.95358 -0.889375 0.00646138 -0.457501 -215.901
-0.460326 -0.0569144 0.886127 568 -0.020938 0.99853 0.0532688 2.94591 -0.887605 0.00597355 -0.460862 -215.844
-0.461547 -0.0541799 0.885664 567.995 -0.0188615 0.998645 0.0512746 2.95231 -0.887068 0.00696288 -0.461951 -215.882
-0.463951 -0.0529876 0.884482 567.958 -0.0191486 0.998745 0.0498012 2.94139 -0.885757 0.00617447 -0.464405 -215.804
-0.461749 -0.0528714 0.88564 567.958 -0.0181452 0.998715 0.0501741 2.94128 -0.88698 0.0070993 -0.462122 -215.851
-0.462126 -0.0534593 0.885409 567.994 -0.0176627 0.998708 0.0510938 2.94356 -0.886741 0.00797855 -0.462495 -215.888
-0.454089 -0.0575252 0.889305 567.925 -0.0252338 0.998483 0.0517167 2.96613 -0.890754 0.0010476 -0.454863 -215.847
-0.466896 -0.0554437 0.882781 567.851 -0.0195068 0.998612 0.0524137 2.94363 -0.884201 0.0072583 -0.467348 -215.785
-0.467709 -0.0546102 0.882406 567.818 -0.019111 0.998622 0.0516871 2.94336 -0.883834 0.00731361 -0.468115 -215.78
-0.46297 -0.0561682 0.884803 567.739 -0.0243187 0.998598 0.0506791 2.95702 -0.886146 0.00195284 -0.463705 -215.723
-0.468883 -0.0547701 0.881775 567.529 -0.0202948 0.998624 0.05125 2.93522 -0.883185 0.00613701 -0.469355 -215.638
-0.469594 -0.0546401 0.881407 567.516 -0.0202169 0.998669 0.0511509 2.93829 -0.882758 0.00620672 -0.470089 -215.631
-0.471784 -0.0536142 0.880298 567.529 -0.0179751 0.998672 0.0512038 2.93139 -0.88169 0.00833516 -0.472126 -215.645
-0.471228 -0.0544143 0.880549 567.496 -0.0197653 0.998679 0.0511493 2.92939 -0.881898 0.006704 -0.471695 -215.592
-0.47006 -0.0535805 0.881224 567.471 -0.0200781 0.998692 0.0500268 2.93494 -0.882566 0.00582433 -0.470526 -215.617
-0.470737 -0.0544443 0.880811 567.451 -0.0219408 0.998692 0.0500174 2.93316 -0.882109 0.004225 -0.47133 -215.545
-0.468957 -0.0559201 0.881666 567.499 -0.0245768 0.99858 0.0502773 2.95132 -0.883039 0.00191288 -0.469671 -215.54
-0.475067 -0.0544078 0.878487 567.574 -0.0236635 0.998701 0.0490692 2.95806 -0.879741 0.00252927 -0.475751 -215.52
-0.475357 -0.0527398 0.87843 567.57 -0.0220334 0.998751 0.0480547 2.95995 -0.879678 0.00349087 -0.475928 -215.561
-0.467342 -0.0528446 0.882719 567.506 -0.0228593 0.998786 0.0477035 2.96378 -0.883891 0.00212132 -0.467999 -215.612
-0.467138 -0.0537143 0.882772 567.478 -0.0240246 0.998706 0.04807 2.95459 -0.88402 0.00125033 -0.467827 -215.539
