0.999998 0.000920741 0.00158433 0.00153885 -0.000919083 0.999999 -0.000933431 -0.0195282 -0.00158519 0.000932033 0.999998 1.22762
0.999993 0.00095315 0.00361647 -0.0121583 -0.000950487 0.999999 -0.000737358 -0.0386309 -0.00361714 0.000733924 0.999993 2.47448
0.999992 0.000317888 0.00399522 -0.0077876 -0.000316969 1 -0.000182278 -0.0645596 -0.00399524 0.000181132 0.999992 3.69193
0.999988 0.000173893 0.00485378 -0.00941303 -0.000173763 0.999999 -3.12015e-05 -0.0872446 -0.00485371 3.03726e-05 0.999988 4.91386
0.999984 0.000312194 0.00581307 -0.0150262 -0.000314477 1 0.000424157 -0.110582 -0.00581295 -0.000425862 0.999984 6.12659
0.999978 0.000613899 0.00682004 -0.0227921 -0.000609067 0.999999 -0.00071108 -0.130405 -0.00682035 0.000706852 0.999977 7.32733
0.99997 -0.00492749 0.00601277 -0.00517935 0.0049507 0.99998 -0.0038151 -0.127666 -0.00599382 0.00384478 0.999976 8.51243
0.999958 -0.00633597 0.00689881 -0.0221968 0.00635796 0.999974 -0.00315364 -0.142184 -0.00687848 0.00319729 0.999972 9.71589
0.99996 -0.0060929 0.00658299 -0.0404289 0.00611146 0.999977 -0.002759 -0.160014 -0.00656595 0.00279907 0.999976 10.9051
0.999964 -0.00745695 0.00446621 -0.0487803 0.00747345 0.999965 -0.00362533 -0.180059 -0.00443881 0.00365847 0.999985 12.1356
0.999978 -0.00629759 0.00266818 -0.0569093 0.00630954 0.999969 -0.0043849 -0.193601 -0.00264045 0.0044016 0.999989 13.348
0.999983 -0.00609637 0.00136631 -0.066469 0.0061026 0.999971 -0.00432864 -0.229775 -0.00133964 0.00433679 0.999991 14.5618
0.999993 -0.00403503 0.00109481 -0.0832316 0.00404037 0.99998 -0.00461938 -0.252409 -0.00107611 0.00462371 0.999991 15.7867
0.999992 -0.00416757 0.000771207 -0.0921775 0.00417109 0.999981 -0.00412614 -0.28817 -0.000753723 0.00412921 0.999993 16.9881
0.999992 -0.00439553 0.000486259 -0.105262 0.00439739 0.999985 -0.00322533 -0.32067 -0.000472045 0.00322732 0.999997 18.2207
0.99999 -0.00461511 0.00044915 -0.118807 0.00461675 0.999984 -0.00273278 -0.349141 -0.000436262 0.00273475 0.999999 19.447
0.999993 -0.00422259 0.000298082 -0.135898 0.00422373 0.999985 -0.00316252 -0.380627 -0.000284703 0.00316371 0.999998 20.6566
0.999993 -0.00420732 -0.000674951 -0.138595 0.00420514 0.999983 -0.00363546 -0.410416 0.000690564 0.00363247 0.999997 21.8585
0.999998 -0.00233573 0.00214765 -0.296776 0.00233825 0.999996 -0.00113141 -0.477193 -0.00214497 0.00113626 1 22.9644
0.999998 -0.00264317 0.00120319 -0.29663 0.00264555 0.999994 -0.00158664 -0.498439 -0.00119858 0.00158964 1 24.1852
1 -0.00171365 0.00119913 -0.325354 0.0017158 0.999996 -0.0018233 -0.526507 -0.00119593 0.00182517 1 25.402
1 -0.00119333 0.00130693 -0.354292 0.00119512 0.999997 -0.000989078 -0.548885 -0.00130534 0.000990462 1 26.629
1 -0.0024829 0.000793558 -0.359828 0.0024821 0.999996 0.000906114 -0.570574 -0.000795721 -0.000904338 1 27.8805
0.999998 -0.00285524 -0.000176557 -0.374322 0.00285589 0.999994 0.00106628 -0.594989 0.00017387 -0.00106696 1 29.0714
0.999999 -0.00302878 -0.00158048 -0.373771 0.00302951 0.999994 0.000409709 -0.614361 0.00157936 -0.000414767 1 30.2957
0.999989 -0.00420149 -0.00290819 -0.378451 0.00419759 0.999988 -0.0015101 -0.620332 0.00291489 0.00149765 0.999998 31.5254
0.999993 -0.00308399 -0.00384758 -0.393263 0.00307888 0.999993 -0.00135556 -0.645843 0.00385187 0.00134347 0.999997 32.7273
0.999983 -0.00399964 -0.00472309 -0.40587 0.00399248 0.999989 -0.00161121 -0.660354 0.00472983 0.00159209 0.999991 33.9446
0.99998 -0.00432148 -0.00562035 -0.418172 0.00431636 0.999989 -0.000921082 -0.686379 0.00562441 0.000896592 0.99999 35.1637
0.999973 -0.00304453 -0.00711159 -0.422653 0.00303893 0.999993 -0.000850919 -0.701535 0.00711445 0.000828995 0.999978 36.3809
0.999968 -0.00307912 -0.00815879 -0.436273 0.00307231 0.999995 -0.000838848 -0.728102 0.0081616 0.000813447 0.999974 37.5711
0.99995 -0.00363979 -0.00967618 -0.414146 0.00364245 0.999991 0.000239663 -0.774291 0.00967562 -0.00027524 0.999958 38.8558
0.999945 -0.00336635 -0.0104109 -0.423045 0.00338406 0.999991 0.00168084 -0.800401 0.0104053 -0.0017162 0.999954 40.0692
0.999929 -0.00372552 -0.0116342 -0.425455 0.00375999 0.999986 0.00293656 -0.830698 0.0116236 -0.00298039 0.999933 41.3214
0.999931 -0.00293064 -0.0117368 -0.449996 0.00296416 0.99999 0.00283773 -0.856067 0.0117286 -0.00287262 0.999936 42.539
0.999931 -0.00256582 -0.0117704 -0.477172 0.00260285 0.99999 0.00312944 -0.880642 0.0117628 -0.00316019 0.999931 43.7487
0.999929 0.000202302 -0.0123074 -0.490025 -0.000137435 0.999985 0.00527459 -0.902707 0.0123086 -0.0052728 0.99992 44.9703
0.999936 0.000661137 -0.0116352 -0.502818 -0.000556717 0.999957 0.00897153 -0.925752 0.0116412 -0.00896484 0.999897 46.1864
0.999952 0.000701963 -0.0103048 -0.520048 -0.000575084 0.999923 0.0123136 -0.943368 0.0103129 -0.0123073 0.999881 47.4097
0.999965 0.0005427 -0.00890371 -0.541993 -0.000397291 0.999865 0.0163078 -0.95822 0.00891186 -0.016304 0.999834 48.652
0.999975 0.000466955 -0.00781925 -0.557917 -0.000324801 0.999833 0.0181811 -0.966942 0.00782667 -0.0181784 0.999814 49.862
0.99999 -0.000250037 -0.00570407 -0.582726 0.000343617 0.999864 0.0164011 -0.955553 0.00569984 -0.0164033 0.999857 51.0792
0.999985 -0.0020042 -0.00618269 -0.603879 0.00211885 0.999823 0.0186152 -1.04172 0.00614461 -0.0186284 0.999818 52.2441
0.999997 -0.00168441 -0.00378782 -0.66399 0.0017549 0.999822 0.0187059 -1.04525 0.00375634 -0.018713 0.999826 53.437
1 -0.00176623 -0.00259369 -0.681829 0.00181345 0.999828 0.018364 -1.05095 0.0025611 -0.0183691 0.999839 54.6451
1 -0.00196711 -0.00276778 -0.697311 0.00201533 0.999842 0.0175788 -1.05582 0.00273344 -0.0175848 0.999849 55.8494
0.999999 -0.00166651 -0.00385433 -0.714871 0.00173713 0.999827 0.0184576 -1.05946 0.00382322 -0.0184645 0.999834 57.0824
0.999984 -0.00308802 -0.00579553 -0.72137 0.0032013 0.9998 0.0196659 -1.06858 0.00573437 -0.0196847 0.999799 58.2769
0.999982 -0.00320776 -0.00630817 -0.747864 0.00333442 0.999789 0.0202163 -1.07238 0.00624242 -0.0202373 0.999788 59.5026
0.999976 -0.00270127 -0.00729711 -0.761282 0.00284698 0.999793 0.0200494 -1.07085 0.00724225 -0.0200703 0.999782 60.7596
0.999971 -0.00245547 -0.00824227 -0.777113 0.00262387 0.999785 0.0205234 -1.07883 0.00819066 -0.0205447 0.999767 61.9623
0.999965 -0.0032008 -0.00861304 -0.792812 0.00336699 0.999805 0.0193639 -1.07048 0.00855022 -0.0193928 0.999786 63.1879
0.999955 -0.00416345 -0.00950929 -0.801827 0.00433397 0.999828 0.0180409 -1.06173 0.00943318 -0.0180814 0.999806 64.4116
0.999925 -0.00718145 -0.0105881 -0.846688 0.00736434 0.999822 0.0173583 -1.04838 0.0104624 -0.0174355 0.999804 65.6061
0.999916 -0.00795418 -0.0110499 -0.873974 0.0081626 0.999786 0.0189994 -1.05332 0.010897 -0.0190881 0.999773 66.8097
0.999938 -0.00706998 -0.00944293 -0.918507 0.00722922 0.999831 0.0169737 -1.05216 0.0093222 -0.0170415 0.999824 68.0353
0.999953 -0.00480061 -0.00944421 -0.936981 0.00494091 0.999876 0.0149492 -1.03834 0.0093719 -0.0149953 0.999858 69.2629
0.999959 -0.00300822 -0.0092832 -0.973328 0.00314792 0.999881 0.0151029 -1.03839 0.00923752 -0.0151322 0.999855 70.4668
0.999959 -0.00137181 -0.00999248 -0.986786 0.00151887 0.999891 0.0147726 -1.03765 0.0099718 -0.0147874 0.999854 71.6763
0.999965 -0.000755488 -0.00916271 -1.01563 0.000913183 0.99985 0.0172546 -1.07159 0.00914922 -0.017263 0.999822 72.8904
0.999979 -0.000490236 -0.00774127 -1.04251 0.000641107 0.999809 0.0195609 -1.08922 0.00773088 -0.0195656 0.999791 74.1032
0.999988 0.00178172 -0.00604984 -1.05864 -0.00165554 0.999782 0.020846 -1.09477 0.00608654 -0.0208365 0.999778 75.3032
1 0.000230062 -0.00351412 -1.07266 -0.000163879 0.999821 0.0189663 -1.10206 0.00351846 -0.0189659 0.999827 76.511
1 -0.00280313 -0.00174781 -1.06984 0.00282594 0.999907 0.0134019 -1.09927 0.00171099 -0.0134075 0.999923 77.7229
1.00001 -0.00314391 0.000177806 -1.07108 0.00314067 0.999908 0.0132499 -1.09782 -0.000218811 -0.0132495 0.999926 78.9125
0.999813 -0.0197831 0.000300986 -1.0644 0.0197735 0.999635 0.0185165 -1.10253 -0.000666288 -0.0185077 0.999842 80.0565
0.999835 -0.01798 0.00577686 -1.09171 0.0178665 0.99966 0.0190164 -1.09536 -0.00611524 -0.0189104 0.999819 81.2393
0.999807 -0.0170336 0.0108266 -1.10516 0.0168556 0.999727 0.0162797 -1.06199 -0.0111 -0.0160946 0.999823 82.4074
0.99978 -0.0162222 0.0143712 -1.09102 0.0160402 0.999793 0.0126409 -1.0615 -0.0145714 -0.012408 0.999835 83.5887
0.999677 -0.0156903 0.0205122 -1.08703 0.0154585 0.999817 0.0113864 -1.11934 -0.0206862 -0.0110661 0.99974 84.7162
0.99959 -0.0167491 0.0238214 -1.05752 0.016497 0.999808 0.0107115 -1.13422 -0.0239946 -0.0103146 0.999676 85.8826
0.999473 -0.0179559 0.0274323 -1.03303 0.017624 0.999771 0.0122775 -1.13527 -0.0276457 -0.0117881 0.999563 87.0384
0.999295 -0.0211129 0.0314962 -1.00281 0.020653 0.999678 0.0148395 -1.22322 -0.0317977 -0.0141791 0.999412 88.1912
0.999191 -0.0220764 0.0339483 -0.952042 0.0216474 0.999685 0.0129324 -1.22787 -0.0342223 -0.0121877 0.999357 89.3681
0.999104 -0.0213893 0.03695 -0.911087 0.0209778 0.999715 0.011475 -1.24961 -0.0371834 -0.0106902 0.999271 90.5218
0.998959 -0.0225723 0.039944 -0.874275 0.0221339 0.999692 0.0113671 -1.25344 -0.0401876 -0.0104718 0.999154 91.6768
0.9987 -0.0244971 0.0450617 -0.92677 0.023892 0.999618 0.0139131 -1.3087 -0.0453838 -0.0128191 0.998908 92.789
0.998594 -0.0256381 0.0466601 -0.858193 0.0249451 0.999573 0.0153572 -1.31374 -0.0470331 -0.0141725 0.998811 93.9746
0.998481 -0.0284071 0.0475302 -0.770039 0.0276241 0.999474 0.0170455 -1.33024 -0.0479878 -0.0157074 0.998746 95.1433
0.99824 -0.0306126 0.0510594 -0.749014 0.0297356 0.999402 0.0178261 -1.3253 -0.0515737 -0.0162772 0.998555 96.3115
0.998179 -0.0316183 0.0516817 -0.661468 0.0308307 0.999399 0.0159583 -1.33992 -0.0521534 -0.0143366 0.998558 97.4493
0.998053 -0.0326482 0.0534082 -0.602724 0.0320361 0.999415 0.0122528 -1.33141 -0.0537761 -0.0105187 0.998517 98.6241
0.998036 -0.032105 0.0540937 -0.531595 0.0316433 0.999457 0.00936289 -1.33403 -0.054363 -0.00763359 0.998514 99.7976
0.998059 -0.0290148 0.055358 -0.448887 0.0287394 0.999574 0.00574343 -1.21255 -0.0555001 -0.00414207 0.99847 101.008
0.997958 -0.0276661 0.0578775 -0.552573 0.0274291 0.999614 0.00488284 -1.16947 -0.057988 -0.00328627 0.998337 102.001
0.997992 -0.0273311 0.0573973 -0.507059 0.0269989 0.999618 0.00652884 -1.17409 -0.0575523 -0.00496688 0.998352 103.239
0.998105 -0.0280783 0.0551359 -0.366573 0.0277262 0.999593 0.00714416 -1.16666 -0.0553117 -0.00560302 0.998481 104.583
0.998245 -0.027381 0.0528255 -0.29723 0.0270233 0.99961 0.00744583 -1.16184 -0.0530071 -0.00600617 0.998599 105.804
0.998394 -0.0270498 0.0501855 -0.234384 0.0267098 0.999619 0.00743517 -1.16422 -0.0503651 -0.0060839 0.99874 107.058
0.998537 -0.0271549 0.0471254 -0.223358 0.0268641 0.99962 0.00676752 -1.1667 -0.0472894 -0.0054926 0.99889 108.228
0.998771 -0.0255575 0.042949 -0.19055 0.0252928 0.999661 0.00669931 -1.18493 -0.0431032 -0.00560594 0.999083 109.436
0.998944 -0.025173 0.0388979 -0.141495 0.0249031 0.999666 0.00737685 -1.19883 -0.0390686 -0.00640148 0.99924 110.693
0.999112 -0.0242818 0.0350391 -0.118644 0.0239992 0.99968 0.00847021 -1.21564 -0.035231 -0.00762288 0.999379 111.943
0.999244 -0.0243555 0.0309301 -0.116539 0.0240844 0.999672 0.00906663 -1.21497 -0.0311388 -0.00831601 0.999506 113.139
0.999375 -0.0245194 0.0262617 -0.0925908 0.0242885 0.999667 0.00908708 -1.22263 -0.0264731 -0.00844466 0.999643 114.356
0.999488 -0.0249938 0.0209331 -0.0749056 0.0248129 0.999657 0.00879897 -1.2324 -0.0211438 -0.00827627 0.999767 115.614
0.999594 -0.0242064 0.016297 -0.107083 0.0240639 0.999674 0.00891141 -1.24946 -0.0165046 -0.00851678 0.999859 116.855
0.999671 -0.0233928 0.0122419 -0.129299 0.0232851 0.999694 0.00879574 -1.26762 -0.0124415 -0.00850928 0.999912 118.231
0.999747 -0.0223689 0.006839 -0.118158 0.0223157 0.999723 0.00785237 -1.2805 -0.00700991 -0.00769901 0.99998 119.519
0.999797 -0.0209818 0.00283485 -0.107053 0.0209588 0.999754 0.00768417 -1.29041 -0.00299295 -0.00762467 0.999992 120.788
0.99983 -0.019569 -1.48302e-05 -0.116241 0.0195692 0.999779 0.0080473 -1.32109 -0.000139765 -0.00804748 1 122.039
0.999846 -0.0186604 -0.00148793 -0.124464 0.0186709 0.999798 0.00796202 -1.33838 0.00134153 -0.00799003 0.999993 123.294
0.999866 -0.0172387 -0.00348848 -0.129504 0.0172664 0.999823 0.00787101 -1.33958 0.00335509 -0.00793145 0.999997 124.575
0.999885 -0.0159023 -0.00426365 -0.159444 0.015938 0.999839 0.00864885 -1.34284 0.00412798 -0.00871729 0.999978 125.886
0.999884 -0.0159987 -0.00425947 -0.198668 0.0160377 0.999833 0.00907633 -1.35307 0.00411645 -0.00914486 0.999984 127.159
0.999944 -0.0115043 -0.0044721 -0.238151 0.0115535 0.999874 0.011268 -1.36025 0.00434445 -0.0113205 0.999952 128.432
0.999933 -0.011109 -0.00707785 -0.225821 0.0112087 0.999841 0.0140985 -1.35922 0.00692307 -0.0141782 0.999912 129.666
0.999914 -0.0123994 -0.00767444 -0.258933 0.0125006 0.999837 0.0133607 -1.35168 0.0075103 -0.0134571 0.999908 130.958
0.999912 -0.0121956 -0.00824757 -0.281468 0.0122962 0.999853 0.0121723 -1.36227 0.00810092 -0.0122739 0.999929 132.25
0.999851 -0.0155374 -0.00993795 -0.294217 0.0156672 0.999795 0.0131787 -1.36567 0.009734 -0.013334 0.99989 133.545
0.999787 -0.017745 -0.0123034 -0.297208 0.0179306 0.999729 0.0150771 -1.36915 0.0120356 -0.0152958 0.999849 134.818
0.999695 -0.0214114 -0.0138404 -0.305502 0.0216388 0.999633 0.0165481 -1.36914 0.0134839 -0.0168442 0.999793 136.101
0.999641 -0.0231566 -0.0148914 -0.326025 0.0234176 0.999574 0.0175498 -1.36643 0.0144818 -0.0178936 0.999773 137.37
0.999536 -0.027409 -0.0147483 -0.35066 0.0276418 0.999496 0.0158768 -1.37046 0.0143086 -0.0162787 0.999791 138.659
0.999438 -0.0304619 -0.0153328 -0.372131 0.0306886 0.999423 0.0147465 -1.37428 0.0148778 -0.0152101 0.999812 139.963
0.999389 -0.031571 -0.01635 -0.383751 0.0318102 0.999391 0.0146295 -1.37724 0.0158811 -0.0151423 0.999786 141.249
0.999388 -0.0314217 -0.0166141 -0.4052 0.0316748 0.999386 0.0151621 -1.37587 0.0161306 -0.0156805 0.999785 142.527
0.999387 -0.03106 -0.0174166 -0.420281 0.0313561 0.999368 0.0170328 -1.36778 0.0168794 -0.0175702 0.99973 143.815
0.999442 -0.0288293 -0.0179956 -0.435981 0.0291537 0.999416 0.0180045 -1.35849 0.0174691 -0.0185205 0.999714 145.101
0.999464 -0.0286369 -0.0171533 -0.477906 0.028921 0.999448 0.016595 -1.35902 0.0166715 -0.0170838 0.999742 146.397
0.999492 -0.0278319 -0.0167782 -0.510269 0.0280828 0.999498 0.0148755 -1.35958 0.0163588 -0.0153405 0.999787 147.705
0.999494 -0.0279537 -0.0164757 -0.541132 0.0281592 0.99953 0.0124213 -1.36653 0.0161237 -0.0128805 0.999814 149.023
0.999461 -0.029276 -0.0161366 -0.573067 0.0294175 0.999534 0.0085752 -1.38194 0.0158811 -0.00904671 0.999871 150.307
0.99948 -0.028921 -0.0156942 -0.602359 0.0290079 0.999569 0.00539145 -1.40064 0.0155344 -0.00584534 0.999889 151.597
0.999476 -0.0292392 -0.0152692 -0.645856 0.0293131 0.999564 0.00460446 -1.4218 0.0151311 -0.00505103 0.999911 152.901
0.999483 -0.0290886 -0.0151438 -0.675257 0.0291654 0.999567 0.00493065 -1.44193 0.0149967 -0.00537129 0.999901 154.159
0.999486 -0.0286955 -0.015731 -0.704199 0.0287872 0.999574 0.00560997 -1.46403 0.0155665 -0.00606133 0.999899 155.461
0.999482 -0.0282902 -0.0166695 -0.722467 0.0284031 0.999579 0.00664096 -1.47941 0.0164775 -0.00711259 0.999867 156.739
0.999467 -0.027982 -0.0180404 -0.739657 0.0281083 0.999586 0.00676559 -1.48575 0.0178467 -0.00727048 0.999853 158.024
0.999444 -0.02766 -0.0197454 -0.753254 0.0277826 0.9996 0.00601189 -1.49289 0.0195742 -0.00655875 0.999816 159.291
0.999408 -0.0275731 -0.0215783 -0.772298 0.0277172 0.9996 0.00638615 -1.51089 0.0213967 -0.00698185 0.999786 160.545
0.999339 -0.0285501 -0.0234763 -0.793426 0.0287363 0.999562 0.00767476 -1.53012 0.0232501 -0.0083461 0.999724 161.853
0.999366 -0.0275647 -0.0234756 -0.844765 0.0277638 0.999586 0.00817588 -1.55304 0.0232437 -0.00882394 0.99973 163.197
0.999324 -0.0270219 -0.0258145 -0.865853 0.0272194 0.999607 0.00737698 -1.56897 0.0256084 -0.00807639 0.999669 164.454
0.999319 -0.0268227 -0.0261916 -0.916458 0.0270029 0.999619 0.0065343 -1.58761 0.0260095 -0.0072385 0.999675 165.73
0.999292 -0.0267784 -0.027285 -0.953008 0.0269781 0.999616 0.00702076 -1.61347 0.0270899 -0.00775364 0.999633 166.989
0.999217 -0.0277059 -0.0290446 -0.981943 0.0278901 0.999599 0.00594297 -1.62581 0.0288715 -0.00674974 0.999601 168.304
0.999204 -0.0275221 -0.0296517 -1.03414 0.0276859 0.999608 0.005163 -1.64431 0.0295015 -0.00598157 0.999577 169.594
0.999152 -0.0273407 -0.0315213 -1.06416 0.0275331 0.99961 0.00567614 -1.66646 0.0313571 -0.00654053 0.999527 170.869
0.999158 -0.0264684 -0.0320965 -1.1175 0.0267137 0.999621 0.00727265 -1.6883 0.0318954 -0.0081257 0.999489 172.155
0.999122 -0.0261138 -0.0334663 -1.15946 0.0263769 0.999629 0.00743328 -1.6956 0.033263 -0.00831081 0.999453 173.434
0.999092 -0.0250394 -0.0351275 -1.20704 0.0253183 0.999656 0.00754571 -1.70152 0.0349301 -0.00843 0.999385 174.705
0.999058 -0.0243999 -0.0365247 -1.26409 0.0247026 0.999669 0.00784986 -1.71677 0.0363243 -0.008746 0.999342 175.962
0.999075 -0.0241979 -0.0361969 -1.34517 0.0244741 0.99968 0.00723723 -1.73326 0.0360137 -0.00811818 0.999349 177.245
0.999081 -0.0232329 -0.0366683 -1.40947 0.0234902 0.999708 0.00659311 -1.74422 0.0365077 -0.00744969 0.999346 178.521
0.999101 -0.0225536 -0.036537 -1.47912 0.0228236 0.99972 0.00701839 -1.75785 0.036372 -0.00784775 0.999339 179.807
0.999125 -0.0227995 -0.0357362 -1.55779 0.0230289 0.999722 0.00601114 -1.77712 0.0355924 -0.00683013 0.999384 181.097
0.999107 -0.0239021 -0.0354955 -1.61745 0.0240921 0.999702 0.00496397 -1.80063 0.0353698 -0.00581645 0.999388 182.373
0.998974 -0.0270363 -0.0369702 -1.6487 0.0272368 0.999622 0.00492392 -1.81521 0.0368263 -0.0059271 0.999346 183.642
0.998908 -0.0266474 -0.0389768 -1.68279 0.026991 0.999606 0.00834483 -1.82848 0.0387427 -0.00938963 0.999236 184.959
0.998842 -0.0276518 -0.0399622 -1.72953 0.0281734 0.99953 0.0125434 -1.84103 0.0395998 -0.013656 0.999163 186.26
0.998876 -0.0261283 -0.0401281 -1.78304 0.0266321 0.999578 0.0120975 -1.84976 0.0397987 -0.0131545 0.999152 187.516
0.998917 -0.0239239 -0.040496 -1.8404 0.0243195 0.999666 0.00929716 -1.85868 0.0402633 -0.0102732 0.999177 188.787
0.998936 -0.0228602 -0.0406273 -1.89857 0.023176 0.99971 0.00734506 -1.86924 0.0404513 -0.00828071 0.999178 190.028
0.998982 -0.022291 -0.0398351 -1.96726 0.0226009 0.999723 0.00733648 -1.88084 0.0396638 -0.0082305 0.99922 191.279
0.998999 -0.0222484 -0.0394133 -2.02789 0.0225925 0.999716 0.00833425 -1.89068 0.0392203 -0.00921824 0.999219 192.531
0.999089 -0.0211296 -0.0377121 -2.10112 0.0215319 0.999721 0.0102865 -1.90257 0.0374874 -0.0110904 0.999278 193.792
0.999113 -0.0209874 -0.0371368 -2.15668 0.021403 0.999718 0.0108562 -1.91041 0.0369021 -0.0116433 0.999282 195.068
0.999153 -0.0200842 -0.0365935 -2.19804 0.0204778 0.999742 0.0104065 -1.91402 0.0363783 -0.0111483 0.999319 196.327
0.999182 -0.0209277 -0.0352793 -2.25092 0.0212633 0.999737 0.00919509 -1.92559 0.0350812 -0.00993966 0.999366 197.567
0.999249 -0.0206901 -0.0334817 -2.30259 0.0209746 0.999752 0.00816476 -1.94672 0.0333078 -0.00886207 0.999448 198.819
0.999251 -0.0217983 -0.0326886 -2.34233 0.0220617 0.999732 0.00774982 -1.96343 0.0325144 -0.00846706 0.999467 200.066
0.999291 -0.0215367 -0.0316517 -2.38406 0.0218141 0.999732 0.00844676 -1.98104 0.0314646 -0.0091324 0.999506 201.295
0.999314 -0.0221066 -0.0304979 -2.42569 0.0224323 0.9997 0.0104128 -1.99136 0.030262 -0.0110917 0.999512 202.524
0.99934 -0.0216029 -0.0300277 -2.46719 0.0219315 0.999709 0.0106564 -2.00013 0.029792 -0.0113091 0.999535 203.75
0.999355 -0.0215382 -0.0295532 -2.50738 0.0218591 0.99971 0.010615 -2.00877 0.0293195 -0.0112561 0.999539 204.949
0.999365 -0.0213205 -0.0293769 -2.53927 0.0216409 0.999715 0.010635 -2.01808 0.0291451 -0.0112652 0.999555 206.186
0.999402 -0.0216895 -0.0278181 -2.61209 0.022004 0.999702 0.0110828 -2.0369 0.027573 -0.0116903 0.999584 207.367
0.999442 -0.0214161 -0.0265897 -2.66636 0.0217132 0.99971 0.0109387 -2.05003 0.0263511 -0.0115112 0.99963 208.584
0.999466 -0.0214615 -0.0256181 -2.71004 0.0217532 0.999706 0.0112005 -2.06313 0.0253737 -0.0117538 0.999641 209.795
0.999434 -0.022996 -0.0255418 -2.74727 0.0232825 0.999674 0.0109818 -2.07355 0.0252844 -0.0115715 0.999657 210.981
0.999396 -0.0229943 -0.0270365 -2.75775 0.0233206 0.999664 0.0118501 -2.08671 0.0267585 -0.0124755 0.999597 212.127
0.999332 -0.0240584 -0.0283856 -2.78108 0.0244249 0.999628 0.0126449 -2.0954 0.0280743 -0.013331 0.999561 213.295
0.999289 -0.0246547 -0.0294019 -2.82185 0.0250265 0.999616 0.0123766 -2.10574 0.0290891 -0.0131057 0.999524 214.466
0.999276 -0.0240938 -0.0302565 -2.85646 0.0244611 0.999637 0.0118305 -2.12163 0.029964 -0.0125634 0.999516 215.573
0.99925 -0.0244413 -0.0308689 -2.90124 0.0247924 0.999637 0.0110731 -2.13253 0.0305907 -0.0118322 0.999496 216.687
0.999248 -0.0238936 -0.0313345 -2.94047 0.0242562 0.999649 0.0112434 -2.14832 0.0310583 -0.0119963 0.999489 217.767
0.999169 -0.0245077 -0.0333633 -2.97386 0.0248897 0.999635 0.0111105 -2.15703 0.0330825 -0.0119337 0.999415 218.846
0.99908 -0.024615 -0.0358136 -3.01184 0.0250482 0.999624 0.0117013 -2.15984 0.0355156 -0.0125889 0.999334 219.904
0.998996 -0.0249444 -0.0379036 -3.05739 0.0254717 0.99959 0.0135189 -2.17009 0.0375546 -0.0144729 0.999223 220.942
0.998947 -0.0238006 -0.0398696 -3.11238 0.0244263 0.999591 0.0152841 -2.17371 0.0394933 -0.0162431 0.999132 222.028
0.998791 -0.0230978 -0.043986 -3.12965 0.0237812 0.99961 0.0150956 -2.17903 0.0436241 -0.0161257 0.998953 223.004
0.998627 -0.0230558 -0.0475939 -3.17502 0.0237433 0.999628 0.0139287 -2.17531 0.0472588 -0.0150408 0.998814 224.067
0.998451 -0.0230117 -0.0511791 -3.21852 0.0237277 0.999635 0.0134441 -2.17357 0.0508551 -0.01464 0.998634 225.058
0.998316 -0.0229953 -0.0537502 -3.28277 0.0238002 0.999621 0.014379 -2.1968 0.053403 -0.0156353 0.998496 226.002
0.998125 -0.0226041 -0.0573427 -3.33335 0.0234361 0.999635 0.0138922 -2.2061 0.0570119 -0.0152124 0.998293 226.943
0.997889 -0.0229171 -0.0612064 -3.38368 0.0237632 0.999639 0.0131278 -2.21338 0.0608873 -0.0145558 0.998084 227.857
0.9978 -0.0225116 -0.0627826 -3.46319 0.023354 0.999653 0.0127287 -2.22604 0.0624785 -0.0141693 0.997982 228.741
0.997707 -0.0212673 -0.0646581 -3.5408 0.0221204 0.999685 0.0125027 -2.23778 0.0643756 -0.0139054 0.997875 229.616
0.997531 -0.021398 -0.0672843 -3.60926 0.022252 0.999688 0.011982 -2.25292 0.0670112 -0.013452 0.997698 230.457
0.997393 -0.0198923 -0.06975 -3.68003 0.0207867 0.999718 0.0121164 -2.26563 0.0694931 -0.0135359 0.997536 231.297
0.997393 -0.0188972 -0.0700362 -3.74536 0.0197982 0.999737 0.0122034 -2.27018 0.0697915 -0.0135605 0.997506 232.095
0.99741 -0.0190303 -0.0697424 -3.8105 0.019962 0.999728 0.0126826 -2.27462 0.069486 -0.0140431 0.997529 232.89
0.997476 -0.0189443 -0.068844 -3.87298 0.0199002 0.999722 0.0132349 -2.28141 0.0685784 -0.0145739 0.997576 233.65
0.99757 -0.0178526 -0.0677368 -3.93563 0.0187571 0.99975 0.0127359 -2.2844 0.0674964 -0.0139767 0.997667 234.405
0.997635 -0.0180309 -0.0667564 -3.99499 0.0187938 0.999772 0.010828 -2.29626 0.0665503 -0.0120593 0.997747 235.144
0.997677 -0.0179706 -0.0661062 -4.04351 0.0186031 0.999795 0.00896084 -2.30679 0.0659354 -0.010171 0.997819 235.884
0.99777 -0.0171091 -0.0649652 -4.09606 0.0176437 0.999823 0.00767516 -2.31403 0.0648266 -0.00880655 0.997895 236.612
0.9979 -0.0166888 -0.063017 -4.15464 0.0171879 0.999833 0.00738103 -2.32446 0.0628872 -0.00844979 0.998031 237.345
0.99803 -0.0171634 -0.0608203 -4.20942 0.0176491 0.999824 0.00747064 -2.33239 0.0606857 -0.00853166 0.998157 238.084
0.998145 -0.0165473 -0.0590456 -4.25469 0.0169365 0.999846 0.00609144 -2.31859 0.0589395 -0.0070813 0.998284 238.806
0.998249 -0.0158749 -0.0574715 -4.29527 0.0161704 0.999866 0.00469256 -2.30958 0.0573936 -0.00561595 0.998373 239.524
0.998298 -0.01596 -0.0565769 -4.31682 0.0161762 0.999872 0.00335789 -2.30666 0.0565199 -0.0042685 0.99844 240.244
0.998438 -0.0155412 -0.0541803 -4.35083 0.0157569 0.999877 0.00356781 -2.31616 0.0541224 -0.00441822 0.998561 240.958
0.998554 -0.0166892 -0.0516337 -4.37702 0.0169665 0.999853 0.00492976 -2.3379 0.0515476 -0.00579982 0.998702 241.676
0.998665 -0.0173946 -0.0492139 -4.40468 0.017717 0.999832 0.00613779 -2.36398 0.049103 -0.00700382 0.998806 242.387
0.998839 -0.0173553 -0.0455399 -4.44771 0.0176726 0.999831 0.00656592 -2.37693 0.045422 -0.00736427 0.998988 243.1
0.998945 -0.0177661 -0.0430295 -4.47244 0.0180128 0.999831 0.00536755 -2.3737 0.042931 -0.00613924 0.999097 243.798
0.999026 -0.0186286 -0.0406915 -4.49405 0.0188426 0.999819 0.00487352 -2.38159 0.0405972 -0.00563667 0.999206 244.511
0.999156 -0.0174545 -0.037958 -4.52236 0.0175765 0.99985 0.0028998 -2.37944 0.0379057 -0.00356678 0.999313 245.203
0.999226 -0.0181524 -0.0356773 -4.54395 0.0182398 0.999839 0.00211263 -2.3842 0.035637 -0.00276289 0.999408 245.925
0.99931 -0.0174377 -0.0336688 -4.56273 0.0175236 0.999852 0.0022758 -2.38921 0.0336281 -0.0028665 0.999469 246.63
0.999398 -0.0168438 -0.0312225 -4.58815 0.0169366 0.999861 0.00269606 -2.3984 0.0311765 -0.00322438 0.999555 247.338
0.999457 -0.0175669 -0.0288874 -4.61033 0.017643 0.99985 0.00240754 -2.40923 0.0288446 -0.00291813 0.999619 248.063
0.999533 -0.0176827 -0.0259731 -4.63745 0.0176937 0.999852 0.0001773 -2.41611 0.0259699 -0.000637979 0.99971 248.78
0.999603 -0.0166688 -0.0239581 -4.6607 0.0166264 0.999868 -0.00194097 -2.42441 0.0239911 0.00153967 0.99975 249.5
0.999631 -0.0165798 -0.0227531 -4.67824 0.016502 0.999865 -0.00362328 -2.4307 0.0228139 0.00324526 0.999782 250.224
0.999597 -0.0184599 -0.0228808 -4.69401 0.0183688 0.999831 -0.00415348 -2.4418 0.0229575 0.00372933 0.999769 250.958
0.999527 -0.0210913 -0.0235436 -4.70295 0.0209811 0.999776 -0.00493344 -2.44895 0.0236462 0.00443592 0.999758 251.692
0.999544 -0.0205856 -0.0233957 -4.72646 0.0204581 0.999783 -0.00564635 -2.45831 0.0235108 0.00516295 0.99975 252.436
0.999548 -0.0196935 -0.0238774 -4.74005 0.0195467 0.999797 -0.00638494 -2.46756 0.024002 0.00591414 0.999743 253.179
0.999551 -0.0207234 -0.0229385 -4.76095 0.0205146 0.999755 -0.00926665 -2.46633 0.0231288 0.00878975 0.999734 253.932
0.999495 -0.0241722 -0.0218853 -4.77603 0.0239001 0.999642 -0.0126238 -2.46641 0.0221863 0.0120931 0.999729 254.67
0.999406 -0.0281473 -0.0213113 -4.79623 0.0278487 0.999521 -0.0141299 -2.47166 0.0217026 0.0135259 0.999713 255.45
0.999488 -0.0253134 -0.0208681 -4.81492 0.0250978 0.999636 -0.0105433 -2.47972 0.0211311 0.010013 0.999776 256.233
0.999562 -0.0225595 -0.0206338 -4.8412 0.0224879 0.999749 -0.00364858 -2.51418 0.0207148 0.00318057 0.999821 257.052
0.999509 -0.0249262 -0.0203129 -4.85655 0.0249514 0.999696 0.000977001 -2.55004 0.020286 -0.00148466 0.999843 257.847
0.999507 -0.0263663 -0.0186453 -4.87098 0.0263656 0.999661 -0.000218969 -2.57713 0.0186485 -0.000275105 0.999867 258.627
0.999658 -0.024349 -0.0120471 -4.91244 0.0242832 0.999697 -0.0055787 -2.59479 0.0121829 0.00528296 0.999963 259.427
0.999753 -0.0222469 -0.00751077 -4.93619 0.0221759 0.99972 -0.00926006 -2.60957 0.00771826 0.009089 0.99997 260.25
0.999773 -0.0221259 -0.00428765 -4.94222 0.0220898 0.99973 -0.00829958 -2.63506 0.00447377 0.00820174 1.00001 261.084
0.999746 -0.023748 0.000129445 -4.95977 0.0237471 0.999709 -0.00593689 -2.65381 1.50431e-05 0.00593615 1.00002 261.931
0.999668 -0.0265972 0.00345928 -4.96327 0.0266065 0.999651 -0.00267336 -2.66885 -0.00338336 0.0027632 1.00004 262.768
0.999578 -0.0294698 0.00577815 -4.9539 0.0294783 0.999573 -0.00161006 -2.68326 -0.00572485 0.00177732 1.00002 263.612
0.999553 -0.0292397 0.00974179 -4.96329 0.0292503 0.999581 -0.000975795 -2.69599 -0.00970555 0.00125894 1 264.457
0.999578 -0.0273251 0.0124263 -4.96138 0.0273618 0.99963 -0.00289137 -2.71223 -0.0123394 0.0032278 0.999961 265.304
0.999548 -0.0277707 0.0137381 -4.93927 0.027837 0.999611 -0.00467025 -2.73798 -0.0135994 0.00504926 0.999947 266.148
0.999523 -0.0268759 0.0169947 -4.94684 0.0269632 0.999633 -0.0050075 -2.74671 -0.0168507 0.00546102 0.999886 266.983
0.999495 -0.0257615 0.0200707 -4.93481 0.0258372 0.999669 -0.00352889 -2.75559 -0.0199695 0.00404435 0.999844 267.836
0.999474 -0.0229442 0.0241498 -4.93457 0.0230041 0.999742 -0.00225751 -2.7668 -0.0240887 0.00280951 0.999749 268.682
0.99943 -0.0220324 0.0266574 -4.91519 0.0221098 0.999761 -0.00261508 -2.78105 -0.0265898 0.00320167 0.999693 269.541
0.999333 -0.0215113 0.030444 -4.9037 0.0216191 0.99977 -0.00325917 -2.79414 -0.0303639 0.00391284 0.999574 270.396
0.999212 -0.0232217 0.0330671 -4.87545 0.0233643 0.999729 -0.0039326 -2.80579 -0.0329633 0.00470074 0.999498 271.268
0.999102 -0.0255376 0.0346315 -4.84078 0.0256781 0.999673 -0.00366041 -2.81789 -0.0345237 0.00454406 0.999437 272.124
0.999027 -0.02736 0.0354402 -4.80873 0.0275065 0.999624 -0.00365519 -2.83432 -0.0353234 0.0046251 0.999418 272.998
0.998991 -0.028666 0.0353733 -4.77303 0.0288169 0.999587 -0.00380713 -2.85104 -0.0352466 0.00482031 0.999411 273.858
0.998953 -0.028816 0.0363587 -4.7521 0.0289865 0.99958 -0.00417552 -2.86186 -0.0362197 0.0052237 0.999383 274.727
0.998949 -0.0284953 0.0366765 -4.73342 0.0286638 0.99959 -0.00411856 -2.87334 -0.0365411 0.00516321 0.999363 275.606
0.998902 -0.0281758 0.0382103 -4.73052 0.0283577 0.999598 -0.00423141 -2.88902 -0.0380723 0.00530895 0.999314 276.478
0.998957 -0.0279167 0.0369058 -4.70752 0.0281366 0.999599 -0.00549393 -2.90243 -0.0367346 0.00652437 0.999348 277.338
0.999015 -0.0274813 0.0356934 -4.68647 0.0277555 0.999598 -0.00721341 -2.91994 -0.0354774 0.00819561 0.99939 278.205
0.99911 -0.0274971 0.0328496 -4.64758 0.0277799 0.99959 -0.0082309 -2.93975 -0.0326067 0.00913396 0.99947 279.075
0.999128 -0.0275727 0.0323077 -4.63419 0.027833 0.999593 -0.00764131 -2.97519 -0.0320804 0.0085325 0.999503 279.932
0.999176 -0.0265012 0.031676 -4.63978 0.0267565 0.999623 -0.00772034 -2.99872 -0.0314563 0.00855925 0.999513 280.756
0.999282 -0.0259849 0.0286683 -4.60125 0.0262059 0.99964 -0.00736132 -3.01953 -0.0284633 0.008106 0.999615 281.628
0.999372 -0.0248657 0.0263921 -4.58618 0.0250677 0.999669 -0.00741758 -3.02122 -0.0261958 0.00807222 0.999669 282.525
0.999438 -0.0262012 0.0223705 -4.57545 0.0263347 0.999648 -0.00570144 -3.0312 -0.0222098 0.00628602 0.999787 283.378
0.999513 -0.0272893 0.0169333 -4.55446 0.0273543 0.999631 -0.00372716 -3.05896 -0.016822 0.00418622 0.999894 284.225
0.999572 -0.0282219 0.0109961 -4.53985 0.0282526 0.999609 -0.00265461 -3.08228 -0.0109134 0.00296278 0.99999 285.051
0.999631 -0.0276643 0.00566553 -4.52922 0.0276795 0.999625 -0.00291104 -3.09134 -0.00557942 0.00306435 1.00003 285.899
0.999615 -0.0288574 0.00036855 -4.52626 0.0288577 0.999595 -0.00160161 -3.12683 -0.000318588 0.00161024 1.00005 286.724
0.999571 -0.0301061 -0.00368806 -4.54707 0.0300966 0.999557 -0.00214741 -3.13619 0.00375462 0.00203304 1.00004 287.509
0.999558 -0.0297843 -0.00773769 -4.55569 0.0297622 0.999565 -0.00292527 -3.15327 0.00782508 0.00269228 1.00002 288.304
0.999552 -0.0287807 -0.0113671 -4.57137 0.0287422 0.999593 -0.00338366 -3.16642 0.0114635 0.00305302 0.999976 289.074
0.999539 -0.0279217 -0.0142492 -4.59637 0.0278744 0.999617 -0.00349072 -3.18615 0.0143449 0.00309056 0.999947 289.815
0.999454 -0.0289363 -0.0177888 -4.61611 0.0288723 0.999588 -0.00374253 -3.19901 0.0178934 0.00322444 0.999881 290.543
0.999316 -0.0307325 -0.0220366 -4.64148 0.0306376 0.999532 -0.00461468 -3.21836 0.0221718 0.003935 0.999801 291.254
0.999232 -0.0296581 -0.0268085 -4.67427 0.0294963 0.999557 -0.00634189 -3.23662 0.0269884 0.00554377 0.999666 291.941
0.999085 -0.0281668 -0.0331475 -4.70222 0.0278912 0.999585 -0.00873968 -3.24503 0.0333836 0.00780582 0.999468 292.62
0.998812 -0.0272478 -0.041158 -4.74651 0.0268242 0.999594 -0.0107653 -3.26763 0.0414384 0.0096459 0.999141 293.256
0.998344 -0.0272527 -0.0512861 -4.78898 0.0266543 0.999581 -0.0123107 -3.28353 0.0516039 0.010922 0.998663 293.893
0.997657 -0.0273879 -0.0632145 -4.87031 0.0265869 0.999568 -0.0134526 -3.285 0.0635596 0.0117378 0.997957 294.492
0.996525 -0.0262516 -0.0794501 -4.95437 0.0252846 0.999606 -0.0131491 -3.30989 0.0797679 0.0110932 0.996808 295.099
0.994822 -0.0239 -0.0991131 -5.05061 0.0227221 0.99967 -0.012981 -3.3346 0.099395 0.0106591 0.995039 295.706
0.992401 -0.0222897 -0.121265 -5.1653 0.0207926 0.999704 -0.0135961 -3.35786 0.121536 0.0109702 0.992581 296.307
0.989029 -0.0211164 -0.14643 -5.29283 0.0192252 0.999725 -0.0143086 -3.37969 0.146697 0.0113339 0.989165 296.895
0.984595 -0.019986 -0.173888 -5.42246 0.0177702 0.999752 -0.014289 -3.40363 0.174134 0.0109776 0.984717 297.437
0.978608 -0.0192407 -0.204981 -5.55763 0.0168312 0.99978 -0.0134852 -3.43689 0.205201 0.00974403 0.978719 298.016
0.970956 -0.0191939 -0.238623 -5.71024 0.0166346 0.999793 -0.0127343 -3.45623 0.238822 0.00839374 0.971085 298.545
0.961368 -0.0190286 -0.27472 -5.8704 0.0162292 0.999803 -0.0124553 -3.45864 0.274909 0.00751293 0.96149 299.04
0.949814 -0.0183966 -0.312381 -6.04999 0.0154981 0.999823 -0.0117587 -3.46064 0.312546 0.00632598 0.94994 299.528
0.936226 -0.0174718 -0.351053 -6.24955 0.0145835 0.999847 -0.0108669 -3.46217 0.351196 0.0050515 0.936339 300.009
0.92038 -0.0169279 -0.390743 -6.46959 0.0139891 0.999861 -0.0103655 -3.46588 0.390868 0.00407286 0.920498 300.475
0.902267 -0.0172427 -0.430903 -6.70682 0.0142675 0.999859 -0.0101333 -3.47044 0.431026 0.00299218 0.902387 300.927
0.881346 -0.0178976 -0.472203 -6.96554 0.0148439 0.999851 -0.0101909 -3.4765 0.472319 0.00197118 0.881488 301.368
0.857025 -0.018492 -0.515004 -7.2755 0.0155027 0.999841 -0.0101013 -3.50004 0.515118 0.000670248 0.857175 301.851
0.830239 -0.0193198 -0.557134 -7.60687 0.0166484 0.999826 -0.00986132 -3.52047 0.557232 -0.00108934 0.830423 302.297
0.800451 -0.0187497 -0.599159 -7.92104 0.0164598 0.999833 -0.00929756 -3.52651 0.599243 -0.00242287 0.800626 302.677
0.767801 -0.0174138 -0.640507 -8.29924 0.0143696 0.99986 -0.00995792 -3.53257 0.640594 -0.00155933 0.76795 303.058
0.731678 -0.0180722 -0.681458 -8.6758 0.0146466 0.999847 -0.0107891 -3.54342 0.681559 -0.00208996 0.73183 303.4
0.692951 -0.0195578 -0.720766 -9.06955 0.0167392 0.999812 -0.0110358 -3.52342 0.720851 -0.00441897 0.693154 303.661
0.649915 -0.0208912 -0.759761 -9.47779 0.0204744 0.999753 -0.00997552 -3.50328 0.759793 -0.00907557 0.650181 303.9
0.602562 -0.0216995 -0.797819 -9.91209 0.0233231 0.999696 -0.00957448 -3.48661 0.797788 -0.0128397 0.602889 304.111
0.552619 -0.0179137 -0.833281 -10.3174 0.0191999 0.999791 -0.00875994 -3.47704 0.833274 -0.0111612 0.552845 304.255
0.501155 -0.0114126 -0.865322 -10.7697 0.0116987 0.999926 -0.00641174 -3.48753 0.865333 -0.00691107 0.501253 304.38
0.447852 -0.00714543 -0.894115 -11.2116 0.00663588 0.999982 -0.00466751 -3.49886 0.894141 -0.00384602 0.44789 304.459
0.393067 -0.00489703 -0.919535 -11.6575 0.00365921 1 -0.00376051 -3.50942 0.919556 -0.00188787 0.393086 304.51
0.338149 -0.00314187 -0.941121 -12.1343 0.00322764 1.00001 -0.00217872 -3.50931 0.941143 -0.00230394 0.338159 304.531
0.282715 -0.000726077 -0.95924 -12.5593 0.00348167 1.00001 0.000270154 -3.50577 0.959249 -0.00341736 0.282721 304.533
0.226153 0.00283453 -0.97412 -13.0191 0.00324608 1 0.00366333 -3.4993 0.974141 -0.0039935 0.226142 304.513
0.166953 0.00573597 -0.985984 -13.4474 0.00345591 0.999989 0.00640367 -3.49609 0.98601 -0.00447781 0.166931 304.466
0.106332 0.00956341 -0.994316 -13.9114 0.0014472 0.999965 0.00977221 -3.4937 0.994384 -0.00248095 0.106312 304.389
0.0418496 0.0144544 -0.999054 -14.3693 0.00100684 0.99991 0.0145101 -3.47982 0.999174 -0.00161434 0.0418294 304.338
-0.0234229 0.0208073 -0.999541 -14.7931 -0.000346436 0.999798 0.0208204 -3.47284 0.99978 0.000831214 -0.023414 304.254
-0.0905192 0.0267363 -0.99557 -15.2824 -0.00067093 0.999654 0.0269082 -3.45608 0.995944 0.00310273 -0.0904728 304.16
-0.157292 0.0327774 -0.987042 -15.723 -0.000808153 0.99946 0.033318 -3.44389 0.987606 0.00603576 -0.157184 304.038
-0.223407 0.0389842 -0.973981 -16.1767 0.000771899 0.999222 0.0398189 -3.44032 0.974775 0.00814299 -0.223267 303.887
-0.287316 0.0427164 -0.956918 -16.631 0.00322166 0.999059 0.0436295 -3.42136 0.957885 0.00945017 -0.287187 303.704
-0.34988 0.0456873 -0.935717 -17.1035 0.00529645 0.998906 0.0467937 -3.41014 0.93683 0.0114151 -0.349743 303.49
-0.408234 0.0472368 -0.911692 -17.5431 0.00795666 0.998823 0.0481877 -3.40274 0.912898 0.0124156 -0.408132 303.229
-0.463384 0.0476999 -0.884912 -17.9936 0.010194 0.998787 0.0485018 -3.37719 0.886151 0.013453 -0.463313 302.931
-0.514713 0.0473019 -0.856097 -18.4581 0.0105465 0.998767 0.0488431 -3.34643 0.857354 0.0161093 -0.51458 302.6
-0.561353 0.0467904 -0.826295 -18.9152 0.0112382 0.998755 0.0489234 -3.30903 0.827553 0.018176 -0.561185 302.247
-0.60203 0.047003 -0.797132 -19.388 0.0114473 0.998687 0.0502412 -3.27411 0.79845 0.0211199 -0.601781 301.849
-0.63938 0.0502186 -0.767294 -19.8466 0.0153156 0.998515 0.0525914 -3.23737 0.768792 0.0218731 -0.639205 301.426
-0.675459 0.0560963 -0.735308 -20.2657 0.0218631 0.998203 0.0560679 -3.20254 0.737134 0.0217939 -0.675475 300.977
-0.711839 0.0596777 -0.699851 -20.7321 0.0264069 0.99797 0.0582417 -3.14771 0.701903 0.0229764 -0.711974 300.49
-0.745409 0.0598331 -0.66397 -21.188 0.0277641 0.997902 0.0587547 -3.09964 0.666095 0.0253602 -0.745508 299.96
-0.776538 0.0559194 -0.627638 -21.6256 0.0269474 0.998107 0.0555881 -3.05494 0.629554 0.0262516 -0.77658 299.4
-0.803354 0.0547435 -0.593042 -22.0203 0.0293283 0.998211 0.0524145 -3.03367 0.594851 0.024713 -0.803524 298.781
-0.827427 0.0503205 -0.559375 -22.394 0.0283666 0.998469 0.0478631 -2.99283 0.560922 0.0237341 -0.827592 298.108
-0.849779 0.0478476 -0.525033 -22.7789 0.028741 0.998613 0.0444872 -2.95845 0.526433 0.0227129 -0.849978 297.405
-0.870122 0.0467875 -0.490679 -23.1205 0.0286558 0.998621 0.0444083 -2.92751 0.492074 0.0245783 -0.870267 296.692
-0.889276 0.0435445 -0.455376 -23.4768 0.0264091 0.998703 0.043925 -2.89634 0.456696 0.0270341 -0.889274 295.876
-0.906753 0.0434379 -0.419498 -23.7914 0.027876 0.998697 0.043161 -2.86284 0.420821 0.0274406 -0.906787 295.077
-0.923043 0.0461196 -0.382023 -24.0947 0.0314721 0.998531 0.0445029 -2.8338 0.383512 0.0290538 -0.923139 294.242
-0.937313 0.0496762 -0.345026 -24.3646 0.0362325 0.998333 0.0453108 -2.80423 0.346697 0.0299674 -0.937556 293.394
-0.949468 0.0519159 -0.309669 -24.5969 0.0387475 0.998088 0.0485253 -2.77621 0.311593 0.0340732 -0.949665 292.48
-0.960147 0.055661 -0.27402 -24.8327 0.0432754 0.997776 0.0510462 -2.75487 0.276246 0.0371518 -0.960425 291.52
-0.968914 0.0556136 -0.241249 -24.9374 0.0445385 0.997718 0.051122 -2.71503 0.243538 0.0387869 -0.969178 290.647
-0.97658 0.053832 -0.208478 -25.1466 0.0448073 0.997871 0.0477786 -2.67091 0.2106 0.0373166 -0.976916 289.568
-0.982861 0.0519341 -0.177124 -25.301 0.0446826 0.998021 0.0446857 -2.62911 0.17909 0.0360046 -0.983236 288.517
-0.987768 0.0514529 -0.147423 -25.3993 0.045312 0.99799 0.0447205 -2.5914 0.149422 0.0374918 -0.988117 287.481
-0.991823 0.0501287 -0.11773 -25.4867 0.0451339 0.998 0.0447127 -2.55124 0.119732 0.0390327 -0.9921 286.425
-0.994972 0.0491909 -0.087628 -25.6099 0.0455658 0.998058 0.0429091 -2.49664 0.089563 0.0386989 -0.995283 285.252
-0.997086 0.0484198 -0.0596863 -25.7009 0.0459451 0.998074 0.0421515 -2.44994 0.061608 0.0392856 -0.997389 284.097
-0.998322 0.0456208 -0.0365718 -25.7003 0.044029 0.998113 0.043231 -2.40626 0.0384697 0.0415468 -0.998449 282.958
-0.998986 0.0439698 -0.0135436 -25.7061 0.0433385 0.99812 0.0438066 -2.36153 0.01544 0.0431744 -0.99901 281.782
-0.999158 0.041322 0.00653597 -25.6843 0.0415657 0.998234 0.0428802 -2.31946 -0.00475768 0.0431143 -0.999112 280.558
-0.999106 0.0366834 0.0230647 -25.6381 0.037601 0.998483 0.0407093 -2.28078 -0.0215407 0.0415392 -0.998967 279.337
-0.998877 0.0322171 0.0356558 -25.5901 0.0336264 0.998667 0.0396301 -2.23741 -0.0343365 0.040783 -0.998631 278.097
-0.998727 0.0275036 0.0433423 -25.5302 0.0293026 0.998731 0.0414378 -2.19771 -0.0421519 0.0426542 -0.998262 276.878
