0.999998 0.000834876 0.00146471 0.00302876 -0.000833507 0.999999 -0.000996775 -0.0184318 -0.00146552 0.000995438 0.999998 1.2283
0.999994 0.000997467 0.00336875 -0.00847884 -0.000994792 0.999999 -0.000787163 -0.0368065 -0.00336949 0.00078386 0.999994 2.47268
0.999991 0.000366073 0.00401685 -0.00657674 -0.00036519 1 -0.000245495 -0.0620311 -0.00401688 0.00024389 0.999991 3.69032
0.999988 0.00015784 0.00482391 -0.00872743 -0.000156463 1 -0.000277453 -0.0833266 -0.0048239 0.000276807 0.999988 4.91134
0.999983 -0.000104344 0.00573134 -0.0130046 0.000104072 1 4.30091e-05 -0.106521 -0.00573133 -4.25078e-05 0.999984 6.12381
0.999977 0.00025923 0.00694505 -0.0216352 -0.000252288 1 -0.000993729 -0.128975 -0.00694526 0.000991982 0.999977 7.32467
0.999974 -0.00304492 0.00661759 -0.00869746 0.00307481 0.999985 -0.00452704 -0.105338 -0.00660355 0.00454716 0.999969 8.51444
0.999965 -0.00469201 0.00708966 -0.0149497 0.0047222 0.99998 -0.00424062 -0.112834 -0.00706957 0.00427399 0.999967 9.70815
0.999966 -0.00515125 0.00649225 -0.0244926 0.00517254 0.999982 -0.00328581 -0.136771 -0.00647508 0.00331918 0.999975 10.9173
0.99997 -0.00619617 0.00469965 -0.0378885 0.00621635 0.999972 -0.00428606 -0.158394 -0.00467293 0.00431519 0.999982 12.1451
0.999984 -0.00492337 0.00293935 -0.0455697 0.00493788 0.999976 -0.00498425 -0.17265 -0.00291461 0.00499857 0.999985 13.3561
0.999988 -0.00473727 0.0015888 -0.0543165 0.00474482 0.999977 -0.00479103 -0.211527 -0.00156601 0.00479853 0.99999 14.5714
0.999996 -0.00279035 0.00132619 -0.0704749 0.00279741 0.999982 -0.00540807 -0.230327 -0.00131093 0.00541163 0.999986 15.7957
0.999992 -0.00399995 0.00132341 -0.0929402 0.00400688 0.999978 -0.00536381 -0.258808 -0.00130179 0.00536904 0.999987 16.9939
0.999992 -0.00401606 0.00123315 -0.109692 0.00402155 0.999982 -0.00456777 -0.291792 -0.00121465 0.00457253 0.999991 18.2263
0.999989 -0.00456591 0.00167413 -0.130834 0.00457236 0.999982 -0.00394575 -0.325118 -0.00165598 0.00395339 0.999994 19.4602
0.999991 -0.00392146 0.00180647 -0.149323 0.00392881 0.999984 -0.00418388 -0.359492 -0.00178985 0.00419081 0.999992 20.6693
0.999993 -0.00370103 0.00102155 -0.15124 0.00370586 0.999982 -0.00473065 -0.388563 -0.00100397 0.00473441 0.999991 21.8718
0.999998 -0.00243733 0.000162732 -0.158082 0.00243769 0.99999 -0.00397594 -0.418944 -0.000152502 0.00397603 0.999995 23.089
0.999996 -0.00287844 -0.00133639 -0.155431 0.00287283 0.999987 -0.00422203 -0.446411 0.00134859 0.00421813 0.999993 24.3146
0.999996 -0.00249677 -0.00237979 -0.169715 0.0024859 0.999988 -0.00444844 -0.479123 0.00239141 0.00444223 0.999991 25.528
0.999996 -0.00192195 -0.00256429 -0.195212 0.00191244 0.999992 -0.00371871 -0.503073 0.00257151 0.00371374 0.999993 26.7568
0.999991 -0.00349351 -0.00322947 -0.202535 0.00348803 0.999995 -0.00159417 -0.531319 0.00323556 0.00158261 0.999998 28.0062
0.999983 -0.00391648 -0.00441091 -0.218514 0.00391068 0.999992 -0.0013444 -0.560202 0.00441639 0.00132701 0.999993 29.2004
0.999977 -0.00429428 -0.00572204 -0.224249 0.00428195 0.99999 -0.00210245 -0.581821 0.00573163 0.00207764 0.999986 30.4256
0.999962 -0.00531603 -0.00706093 -0.233207 0.00529269 0.999982 -0.0033337 -0.601313 0.00707876 0.00329609 0.999973 31.6514
0.999959 -0.0045755 -0.0081038 -0.250795 0.00455028 0.999987 -0.00309271 -0.630798 0.00811843 0.00305544 0.999967 32.8561
0.999945 -0.00536984 -0.00915982 -0.265315 0.00534275 0.999982 -0.00298732 -0.651684 0.00917592 0.00293808 0.999957 34.0741
0.999933 -0.00597097 -0.0101357 -0.281072 0.00594335 0.99998 -0.00272388 -0.673303 0.0101524 0.00266318 0.999949 35.2919
0.999917 -0.00548392 -0.0117965 -0.290145 0.0054551 0.999983 -0.00247749 -0.6977 0.0118101 0.0024128 0.999931 36.5065
0.999902 -0.00565077 -0.0129697 -0.305847 0.00561471 0.999982 -0.00278786 -0.720325 0.0129858 0.00271452 0.999916 37.699
0.999884 -0.0066911 -0.0137667 -0.31954 0.00666544 0.999977 -0.00191011 -0.749864 0.0137794 0.00181798 0.999907 38.922
0.999877 -0.00636604 -0.0144991 -0.333278 0.00635741 0.999981 -0.000617357 -0.777073 0.0145034 0.000524853 0.999899 40.1393
0.999866 -0.00610545 -0.0153439 -0.345928 0.00611542 0.999982 0.000603148 -0.804846 0.0153403 -0.000697064 0.999887 41.3732
0.999865 -0.00565847 -0.015556 -0.373569 0.00566632 0.999985 0.00048414 -0.83523 0.0155537 -0.000572486 0.999883 42.5886
0.999864 -0.0050123 -0.0158716 -0.402298 0.00502828 0.999988 0.000967008 -0.865792 0.0158669 -0.00104684 0.999878 43.807
0.999865 -0.00215101 -0.0164711 -0.419235 0.00220683 0.999993 0.00339243 -0.893906 0.0164643 -0.00342856 0.999863 45.0269
0.999874 -0.00147903 -0.0159181 -0.434534 0.00158973 0.999976 0.00694543 -0.917204 0.0159077 -0.00697001 0.999854 46.2447
0.999895 -0.00112372 -0.014631 -0.455693 0.00126967 0.99995 0.00999527 -0.933384 0.0146197 -0.0100131 0.999847 47.4687
0.99992 -0.00109021 -0.0128055 -0.488397 0.00126712 0.999905 0.0138174 -0.947007 0.0127895 -0.0138327 0.999827 48.7096
0.999932 -0.00122833 -0.0118625 -0.509435 0.00141066 0.999881 0.015408 -0.956776 0.0118429 -0.015424 0.999815 49.9217
0.999946 -0.00247548 -0.0103136 -0.531949 0.00262018 0.999899 0.0140466 -0.953979 0.0102781 -0.014073 0.999853 51.1396
0.999958 -0.000633607 -0.00943507 -0.555331 0.000752918 0.99992 0.012689 -0.957695 0.00942692 -0.0126958 0.99988 52.3506
0.999975 -0.000406221 -0.0074047 -0.614301 0.000496518 0.999927 0.0121954 -0.960664 0.00739955 -0.012199 0.999904 53.5431
0.999983 -0.000747061 -0.00624473 -0.647823 0.000818465 0.999935 0.0114843 -0.962629 0.00623641 -0.0114895 0.999919 54.7711
0.999983 -0.000789417 -0.00624564 -0.671678 0.000853795 0.999948 0.0103074 -0.968255 0.00623749 -0.0103128 0.999933 55.9811
0.999977 -0.000486045 -0.0072411 -0.693474 0.000566623 0.999939 0.0111672 -0.980906 0.00723593 -0.0111714 0.999916 57.2138
0.999963 -0.000547945 -0.00892975 -0.711912 0.000659999 0.999922 0.0125493 -0.991907 0.00892251 -0.012555 0.999888 58.4083
0.999956 -0.000657987 -0.00972487 -0.737832 0.000784156 0.999917 0.0130019 -1.00197 0.00971623 -0.0130093 0.999874 59.6336
0.999947 -1.42812e-05 -0.0105351 -0.758193 0.000149599 0.999919 0.0128387 -1.00896 0.0105344 -0.01284 0.999869 60.8871
0.999935 0.000517628 -0.0117569 -0.774308 -0.00035835 0.99991 0.0135638 -1.02843 0.0117636 -0.0135591 0.999845 62.0893
0.999926 -0.000393298 -0.012401 -0.790948 0.000549932 0.999922 0.0126229 -1.03258 0.0123954 -0.0126292 0.999851 63.3156
0.999915 -0.00115818 -0.0132527 -0.80493 0.00131034 0.999935 0.0114923 -1.03351 0.0132393 -0.0115091 0.999853 64.5387
0.999896 -0.00181496 -0.0145172 -0.822939 0.00199461 0.999923 0.0123638 -1.03368 0.014494 -0.0123918 0.999826 65.7546
0.999885 -0.00240069 -0.0152132 -0.850366 0.00261393 0.9999 0.0140217 -1.0437 0.0151788 -0.0140604 0.999792 66.9562
0.999909 -0.00155752 -0.0136447 -0.898814 0.00172721 0.999923 0.0124318 -1.05687 0.0136247 -0.0124547 0.999838 68.1849
0.999909 0.000250913 -0.013765 -0.921007 -9.59822e-05 0.999939 0.0112647 -1.06189 0.0137678 -0.0112629 0.999848 69.4106
0.999906 0.00207479 -0.0138279 -0.959118 -0.00191473 0.999933 0.0115775 -1.06969 0.0138514 -0.0115504 0.999845 70.6167
0.999888 0.0035751 -0.0148315 -0.974339 -0.00339843 0.999925 0.0119281 -1.08116 0.0148739 -0.0118769 0.999825 71.8277
0.999895 0.00432081 -0.0141116 -1.00829 -0.0041212 0.999895 0.014144 -1.11522 0.0141716 -0.0140848 0.99981 73.0402
0.999912 0.00492344 -0.0126871 -1.04194 -0.00471645 0.999858 0.0162994 -1.13527 0.0127664 -0.0162387 0.999793 74.252
0.999922 0.00712063 -0.0107602 -1.06563 -0.00693126 0.999826 0.0175293 -1.14413 0.0108836 -0.0174538 0.999798 75.4507
0.999954 0.00557887 -0.00841009 -1.08319 -0.00544751 0.999866 0.0155722 -1.15384 0.00849663 -0.0155261 0.99985 76.6591
0.999979 0.0029671 -0.00658197 -1.08766 -0.0029009 0.999949 0.0100421 -1.15606 0.0066118 -0.0100232 0.999938 77.8716
0.999987 0.003431 -0.00476574 -1.09468 -0.00338428 0.999949 0.00979723 -1.15837 0.00479991 -0.00978162 0.999947 79.0616
1 0.00207878 -0.00215616 -1.09959 -0.00205179 0.999924 0.0124375 -1.15796 0.00218225 -0.0124336 0.999931 80.249
0.999992 0.00391209 0.0031998 -1.12734 -0.00395355 0.99991 0.0129975 -1.16121 -0.00314784 -0.0130107 0.999918 81.4315
0.999955 0.00735299 0.00652515 -1.11032 -0.00741306 0.999937 0.00922459 -1.1439 -0.0064565 -0.00927314 0.999947 82.6334
0.999904 0.0100281 0.0102429 -1.10143 -0.0100699 0.999942 0.00401117 -1.13888 -0.0102013 -0.00411458 0.999948 83.816
0.99986 0.00942331 0.0140679 -1.09155 -0.00942797 0.999962 0.000260932 -1.15334 -0.0140644 -0.000394063 0.999911 84.9844
0.999815 0.00869014 0.0175693 -1.07419 -0.00866931 0.999963 -0.00127865 -1.17172 -0.017579 0.00112539 0.999853 86.1647
0.99974 0.00815021 0.0214886 -1.05829 -0.00815254 0.999974 1.84542e-05 -1.18806 -0.0214873 -0.000194192 0.99978 87.3284
0.999648 0.00934521 0.0251147 -1.03802 -0.00935115 0.999958 0.00011037 -1.2127 -0.0251119 -0.000345841 0.999694 88.5186
0.999586 0.00840282 0.0276708 -0.998749 -0.008349 0.99997 -0.00206053 -1.23356 -0.0276866 0.00182806 0.999627 89.6948
0.99951 0.00879274 0.0302796 -0.96114 -0.00867115 0.999955 -0.0041548 -1.26537 -0.030314 0.00388953 0.999542 90.8508
0.999424 0.0081126 0.0330721 -0.929685 -0.00798413 0.999967 -0.00401589 -1.29048 -0.0331029 0.00374892 0.999456 92.0081
0.999346 0.00777996 0.0355093 -0.892252 -0.00769293 0.999968 -0.00259675 -1.30971 -0.0355277 0.00232121 0.999375 93.1759
0.99928 0.00685721 0.0374276 -0.842194 -0.00680093 0.999982 -0.00163095 -1.32678 -0.0374374 0.00137463 0.999309 94.3643
0.999236 0.0049902 0.0389697 -0.786642 -0.0049989 0.999989 0.000116499 -1.35541 -0.0389679 -0.000311833 0.999251 95.5366
0.999117 0.00333808 0.0419506 -0.764996 -0.00340741 1 0.00158291 -1.37887 -0.0419445 -0.00172509 0.999128 96.7049
0.999069 0.00248101 0.0432563 -0.706182 -0.00245669 0.999998 -0.000622551 -1.40335 -0.043257 0.000514976 0.999074 97.8665
0.998992 0.00155352 0.0449209 -0.658039 -0.00138045 0.999998 -0.00388503 -1.42532 -0.044926 0.00381854 0.998993 99.0423
0.998962 0.00234669 0.0456659 -0.601365 -0.00204718 0.999977 -0.00661087 -1.451 -0.0456796 0.00650978 0.998945 100.217
0.998901 0.00283496 0.0468559 -0.545494 -0.00249456 0.999977 -0.00732289 -1.47086 -0.0468745 0.00719739 0.998885 101.404
0.998907 0.00277889 0.0468238 -0.514436 -0.00245367 0.999973 -0.00700827 -1.49176 -0.0468413 0.00688497 0.998889 102.572
0.998945 0.00311188 0.0458903 -0.463374 -0.00287064 0.999989 -0.00533164 -1.51542 -0.0459051 0.00519375 0.998944 103.82
0.999012 0.00225501 0.0445693 -0.407287 -0.00207074 0.999991 -0.00418637 -1.53412 -0.0445775 0.0040892 0.999008 105.068
0.999093 0.00290054 0.0425554 -0.355629 -0.00274717 0.999996 -0.00367055 -1.54794 -0.0425646 0.00354974 0.999099 106.299
0.999211 0.00324849 0.0397993 -0.302732 -0.00311643 0.999991 -0.0033855 -1.56915 -0.0398091 0.00325803 0.999214 107.549
0.999331 0.00328297 0.0366383 -0.284299 -0.00316143 0.999996 -0.00338619 -1.59854 -0.0366481 0.00326749 0.999339 108.776
0.99946 0.00508291 0.0327048 -0.27114 -0.00497632 0.999983 -0.00334592 -1.63082 -0.0327203 0.00318061 0.999471 109.988
0.99958 0.00535117 0.0287792 -0.240391 -0.00528225 0.99999 -0.00248896 -1.65936 -0.0287908 0.00233526 0.9996 111.245
0.999694 0.00612518 0.0243507 -0.218593 -0.00609885 0.999982 -0.00116334 -1.68708 -0.0243564 0.00101371 0.999715 112.486
0.999789 0.00610033 0.0200679 -0.228464 -0.00609411 0.999988 -0.000390552 -1.70381 -0.0200685 0.000267453 0.999817 113.693
0.999873 0.00585424 0.0154525 -0.221956 -0.0058527 0.999984 -0.000153635 -1.72189 -0.015452 6.23918e-05 0.999894 114.91
0.999946 0.00530729 0.00995056 -0.210092 -0.00530597 0.999993 -0.000183599 -1.74659 -0.00994993 0.000129978 0.999969 116.175
0.999976 0.00586907 0.00534363 -0.257164 -0.0058706 0.999984 0.000282511 -1.77976 -0.00534049 -0.000314743 0.999997 117.41
0.99999 0.00612429 0.00120835 -0.298013 -0.0061245 0.999988 0.000190237 -1.80832 -0.00120551 -0.000198671 1.00002 118.75
0.999977 0.00694742 -0.0040516 -0.312663 -0.00694936 0.999977 -0.000500792 -1.83725 0.00404957 0.00052795 1 120.05
0.999944 0.0085403 -0.00767782 -0.325153 -0.00854391 0.99997 -0.000446605 -1.85754 0.00767542 0.000511147 0.999989 121.328
0.999906 0.00988024 -0.0104659 -0.346747 -0.00988339 0.999952 -0.000261066 -1.89089 0.0104644 0.000363479 0.999957 122.597
0.999882 0.0108828 -0.0117261 -0.372609 -0.010887 0.999948 -0.000304821 -1.91767 0.0117239 0.000431398 0.99995 123.858
0.999841 0.012417 -0.0134951 -0.395006 -0.0124204 0.999924 -0.000176851 -1.93463 0.0134935 0.000343406 0.999921 125.14
0.999816 0.0134051 -0.0144345 -0.435265 -0.0133994 0.999917 0.000484619 -1.94607 0.0144415 -0.000292158 0.999913 126.444
0.999812 0.0134095 -0.0146596 -0.479088 -0.0133988 0.999911 0.00081496 -1.96444 0.0146709 -0.000619415 0.999904 127.724
0.999735 0.0178671 -0.0152041 -0.523671 -0.0178244 0.999844 0.00292859 -1.97991 0.0152558 -0.00265778 0.999898 129.003
0.999687 0.0184294 -0.0175 -0.529262 -0.0183265 0.999815 0.00600227 -1.99315 0.0176091 -0.00568076 0.999841 130.244
0.999698 0.0172555 -0.0180338 -0.578734 -0.0171601 0.999845 0.00541995 -1.99742 0.0181264 -0.00510992 0.999841 131.539
0.999682 0.0174906 -0.0187166 -0.615658 -0.0174126 0.999839 0.00430534 -2.01892 0.0187906 -0.00397914 0.999828 132.827
0.999697 0.0143316 -0.0205018 -0.641027 -0.0142207 0.99989 0.00553096 -2.0351 0.0205807 -0.00523884 0.999793 134.122
0.999674 0.0121313 -0.0228904 -0.658363 -0.011961 0.9999 0.00755431 -2.04963 0.0229815 -0.00727914 0.999722 135.399
0.999672 0.00852605 -0.0245418 -0.680353 -0.00830032 0.999929 0.00927845 -2.06075 0.024621 -0.0090728 0.999674 136.68
0.999659 0.00676513 -0.025625 -0.713254 -0.00649823 0.999924 0.0104757 -2.0711 0.0256958 -0.0103067 0.999629 137.951
0.99968 0.00235588 -0.0255779 -0.751547 -0.00212891 0.999965 0.00889135 -2.0857 0.0255998 -0.00883516 0.999653 139.239
0.999659 -0.000627966 -0.0264972 -0.783813 0.000838378 0.999969 0.00792265 -2.09836 0.0264933 -0.00794331 0.99963 140.544
0.999629 -0.00192069 -0.0275299 -0.810479 0.00213783 0.999973 0.00785293 -2.11103 0.0275158 -0.00790999 0.999609 141.829
0.999612 -0.00183443 -0.0281639 -0.843047 0.00207291 0.999963 0.00843316 -2.11998 0.0281493 -0.00848943 0.99958 143.109
0.999581 -0.00144964 -0.0292625 -0.869624 0.00175292 0.999951 0.0103347 -2.12037 0.0292479 -0.0103828 0.999537 144.398
0.999561 0.000856438 -0.0299799 -0.900126 -0.000515973 0.999936 0.0113539 -2.12057 0.0299896 -0.0113346 0.999498 145.685
0.999573 0.000814892 -0.029569 -0.949092 -0.000526534 0.999958 0.00975158 -2.12652 0.0295775 -0.00973295 0.999534 146.982
0.999573 0.00167208 -0.0295558 -0.993319 -0.00143745 0.999968 0.00794889 -2.13425 0.0295701 -0.0079042 0.999544 148.284
0.999574 0.00140702 -0.0295194 -1.0376 -0.00124775 0.99999 0.00540567 -2.14816 0.0295285 -0.00536764 0.999568 149.599
0.999582 -6.69141e-07 -0.0292772 -1.08729 4.79864e-05 1 0.00160473 -2.17149 0.0292792 -0.00160662 0.999583 150.883
0.999586 0.000177408 -0.0291201 -1.13377 -0.00022329 1.00001 -0.0015789 -2.19805 0.0291217 0.00158366 0.999593 152.173
0.999591 -2.05276e-05 -0.0289737 -1.18989 -4.741e-05 0.999998 -0.00235486 -2.22621 0.0289756 0.00235412 0.99959 153.472
0.999592 0.000177046 -0.0289306 -1.23576 -0.000233937 1 -0.0019649 -2.25494 0.0289321 0.00196977 0.999599 154.733
0.999575 0.000611717 -0.0295287 -1.28454 -0.000648824 1 -0.00125068 -2.28622 0.0295299 0.0012682 0.999577 156.034
0.999549 0.00123762 -0.0303856 -1.3213 -0.00123954 1.00001 -4.38469e-05 -2.31256 0.0303875 8.03409e-05 0.999558 157.311
0.999507 0.00166237 -0.0317086 -1.35694 -0.00165472 0.999999 0.000263409 -2.32879 0.0317111 -0.000211934 0.99951 158.596
0.999454 0.0019273 -0.0333468 -1.38973 -0.00194065 1 -0.000360805 -2.34689 0.0333479 0.000424142 0.999464 159.861
0.999391 0.00225032 -0.0351436 -1.4291 -0.00225045 0.999998 3.22943e-05 -2.37156 0.0351456 4.5693e-05 0.999395 161.124
0.999326 0.00143906 -0.0370043 -1.47026 -0.00138814 1 0.00140828 -2.39955 0.0370083 -0.00135716 0.999335 162.43
0.999324 0.00243952 -0.0370083 -1.54064 -0.00237503 0.999997 0.00178329 -2.42828 0.0370145 -0.00169538 0.999327 163.771
0.99923 0.00305588 -0.0394228 -1.57659 -0.00301415 1 0.00112288 -2.45562 0.0394282 -0.00100443 0.999244 165.031
0.999215 0.00348705 -0.0397804 -1.64659 -0.00347065 0.999995 0.000478064 -2.48415 0.0397839 -0.000340824 0.999222 166.306
0.999166 0.00394114 -0.0409605 -1.70102 -0.00390165 0.999997 0.00104882 -2.51862 0.0409665 -0.000889384 0.999183 167.565
0.999105 0.00335021 -0.0424716 -1.75292 -0.00334417 0.999996 0.000206483 -2.54086 0.0424743 -6.55206e-05 0.999112 168.88
0.999063 0.00356692 -0.0434249 -1.81832 -0.00359798 0.999999 -0.000631971 -2.56511 0.0434246 0.000786362 0.999078 170.172
0.998984 0.00381974 -0.0451781 -1.86936 -0.00383223 0.999995 -0.000194629 -2.59328 0.0451793 0.000366305 0.998993 171.449
0.998943 0.00428614 -0.0460534 -1.93742 -0.0042373 0.999996 0.00116213 -2.61869 0.0460601 -0.000967005 0.998961 172.736
0.998869 0.00461433 -0.0475983 -1.99639 -0.00454823 0.99999 0.00149318 -2.63518 0.047607 -0.00127625 0.99888 174.016
0.998774 0.00547432 -0.0494677 -2.06104 -0.00539994 0.99999 0.00164025 -2.65074 0.0494781 -0.00137237 0.998796 175.289
0.998702 0.00594769 -0.0508371 -2.13571 -0.0058492 0.999983 0.00208167 -2.6715 0.0508508 -0.00178286 0.998719 176.548
0.998707 0.00625861 -0.0506899 -2.23325 -0.00619217 0.999986 0.00147151 -2.69601 0.0507003 -0.00115701 0.998735 177.829
0.998644 0.00728012 -0.0517913 -2.30392 -0.00725034 0.999976 0.000758432 -2.7122 0.0517978 -0.000383125 0.998672 179.109
0.998629 0.00772195 -0.052015 -2.38798 -0.00767446 0.999976 0.00111613 -2.73291 0.0520243 -0.000716682 0.998667 180.392
0.998663 0.00767185 -0.0513696 -2.48335 -0.00766893 0.999973 0.00024917 -2.76067 0.0513723 0.00014389 0.998694 181.685
0.998694 0.00642035 -0.0509301 -2.56633 -0.00647405 0.999984 -0.000885652 -2.78986 0.0509257 0.00121291 0.998723 182.965
0.998648 0.00360255 -0.0521168 -2.62161 -0.00365215 0.999996 -0.000861127 -2.81285 0.0521157 0.00104909 0.998656 184.237
0.998544 0.00428256 -0.054007 -2.67736 -0.00415071 0.999994 0.00255494 -2.83308 0.0540197 -0.00232835 0.998559 185.55
0.9985 0.0031494 -0.0549006 -2.74408 -0.00279505 0.999978 0.00652602 -2.85146 0.0549221 -0.00636399 0.998486 186.85
0.998484 0.00458268 -0.0550892 -2.81884 -0.00425544 0.999978 0.00605857 -2.8676 0.0551179 -0.00581619 0.998484 188.106
0.998455 0.0062513 -0.0554545 -2.89645 -0.00607744 0.99998 0.00329879 -2.88685 0.0554761 -0.00295787 0.998471 189.376
0.998431 0.00687242 -0.0558064 -2.97273 -0.00680782 0.999981 0.00134947 -2.9049 0.0558168 -0.000968664 0.998462 190.616
0.998468 0.00740587 -0.0550791 -3.06097 -0.00735585 0.999976 0.00110667 -2.92193 0.0550882 -0.00070104 0.998497 191.868
0.998495 0.00765463 -0.0545487 -3.14194 -0.00756267 0.999975 0.00189337 -2.93761 0.054564 -0.00147922 0.998531 193.119
0.998566 0.00895401 -0.0530403 -3.23197 -0.00877286 0.999959 0.00364325 -2.95466 0.0530729 -0.00317397 0.998602 194.382
0.998597 0.00947411 -0.0523505 -3.30763 -0.00926745 0.999953 0.00419013 -2.96897 0.05239 -0.00370032 0.998641 195.656
0.998618 0.0104182 -0.0517798 -3.36856 -0.0102398 0.999945 0.00370605 -2.982 0.0518177 -0.00317203 0.998668 196.917
0.998686 0.00940186 -0.0506452 -3.43914 -0.00929007 0.999959 0.00244418 -3.00254 0.0506682 -0.00197179 0.998736 198.154
0.998765 0.00971561 -0.0489976 -3.5099 -0.00965666 0.999956 0.00143456 -3.03094 0.0490115 -0.000960961 0.998814 199.406
0.998816 0.00900465 -0.0480725 -3.57164 -0.0089629 0.999964 0.00108537 -3.05643 0.0480827 -0.000654508 0.998865 200.652
0.998864 0.00928191 -0.0470263 -3.63317 -0.00920934 0.99996 0.00175386 -3.08127 0.0470429 -0.00132014 0.998909 201.882
0.998923 0.0091949 -0.045771 -3.69493 -0.00902481 0.999957 0.00392318 -3.10198 0.0458073 -0.00350716 0.998966 203.108
0.998942 0.0101003 -0.0451756 -3.7557 -0.00991065 0.999945 0.00441307 -3.12158 0.0452199 -0.00396202 0.998986 204.334
0.998959 0.0103193 -0.0447237 -3.81424 -0.0101305 0.999943 0.0044467 -3.13723 0.0447694 -0.00399028 0.999012 205.534
0.998957 0.0104982 -0.0447492 -3.86437 -0.0103131 0.999941 0.00435875 -3.15372 0.0447947 -0.00389405 0.999005 206.77
0.99903 0.0103784 -0.0431235 -3.95631 -0.0101806 0.999941 0.00479787 -3.17837 0.0431732 -0.00435561 0.999082 207.95
0.999073 0.0104535 -0.0421022 -4.02791 -0.0102654 0.99994 0.00467221 -3.20024 0.0421509 -0.00423704 0.99912 209.158
0.999116 0.0102748 -0.0410925 -4.09193 -0.010076 0.999941 0.00503888 -3.22174 0.0411442 -0.00462179 0.999166 210.367
0.999138 0.00874147 -0.0409446 -4.1484 -0.00855392 0.999956 0.00474412 -3.23902 0.0409867 -0.00439121 0.999168 211.557
0.999087 0.00866502 -0.0421595 -4.18011 -0.00842961 0.999953 0.00575453 -3.26094 0.0422098 -0.00539532 0.999119 212.707
0.999047 0.00793735 -0.0432715 -4.22496 -0.00765311 0.999953 0.00672134 -3.27779 0.0433252 -0.00638523 0.999058 213.877
0.999007 0.00737341 -0.044251 -4.28406 -0.00709094 0.999958 0.00653296 -3.29589 0.0442997 -0.00621415 0.999024 215.047
0.998969 0.00815906 -0.0450035 -4.33738 -0.00790211 0.999956 0.00587359 -3.31825 0.045052 -0.00551339 0.998988 216.154
0.998942 0.0080717 -0.0455697 -4.40011 -0.00784065 0.99996 0.00524268 -3.33651 0.0456126 -0.0048813 0.998972 217.264
0.998925 0.00832111 -0.0459484 -4.45637 -0.00807546 0.999957 0.00552062 -3.35973 0.0459949 -0.00514507 0.998947 218.344
0.998837 0.00803593 -0.0478197 -4.50839 -0.0077858 0.99996 0.00541016 -3.37324 0.0478636 -0.00503302 0.998866 219.421
0.998727 0.00780601 -0.0501512 -4.56141 -0.00751317 0.999959 0.00601845 -3.38148 0.0501987 -0.00563538 0.998743 220.479
0.998616 0.00716836 -0.0523476 -4.61903 -0.00677321 0.999952 0.00771906 -3.39484 0.0524028 -0.00735529 0.998624 221.516
0.998496 0.00837855 -0.0544813 -4.68691 -0.00788016 0.999931 0.00935026 -3.4013 0.0545586 -0.00890836 0.998492 222.609
0.998229 0.00901075 -0.0590458 -4.71399 -0.008484 0.999927 0.00916021 -3.40951 0.0591266 -0.00864459 0.998238 223.582
0.998024 0.00899448 -0.0624808 -4.7769 -0.00850359 0.999936 0.00811139 -3.4127 0.0625527 -0.00756558 0.998036 224.646
0.997778 0.00909617 -0.0662177 -4.83517 -0.00859454 0.999937 0.00785091 -3.4178 0.0662876 -0.00726597 0.9978 225.636
0.997603 0.00927372 -0.0688306 -4.91433 -0.00870191 0.99993 0.00860047 -3.44117 0.0689083 -0.00798254 0.997615 226.578
0.997359 0.00973952 -0.0721657 -4.98224 -0.00914759 0.999927 0.00852276 -3.46061 0.072246 -0.00784175 0.997382 227.517
0.997082 0.00943886 -0.0759782 -5.04874 -0.00886656 0.999935 0.00786428 -3.47255 0.0760503 -0.0071693 0.997102 228.429
0.996924 0.00994661 -0.0779342 -5.13862 -0.00940214 0.999934 0.00734282 -3.48665 0.0780047 -0.00658918 0.996958 229.311
0.996764 0.0113723 -0.0798025 -5.22981 -0.0108461 0.999922 0.0070219 -3.50002 0.079879 -0.00613525 0.99681 230.185
0.996553 0.0114018 -0.0823589 -5.31342 -0.0109007 0.999925 0.00652597 -3.51805 0.0824297 -0.0056074 0.996608 231.024
0.996348 0.0130773 -0.0845887 -5.39993 -0.0125607 0.999905 0.00663429 -3.53285 0.0846703 -0.00554919 0.996418 231.862
0.996292 0.0140449 -0.0850605 -5.4764 -0.0135247 0.999892 0.00668085 -3.54084 0.0851478 -0.00550735 0.99638 232.658
0.996333 0.0142641 -0.0845734 -5.55573 -0.0137016 0.999885 0.00722609 -3.54944 0.0846697 -0.00604242 0.996415 233.452
0.996398 0.0143097 -0.0837735 -5.63047 -0.0137179 0.999882 0.00762746 -3.56004 0.0838754 -0.00645245 0.996482 234.21
0.996465 0.0155272 -0.0827787 -5.70451 -0.0149911 0.999868 0.00709062 -3.56716 0.0828808 -0.0058262 0.996567 234.966
0.996532 0.0153639 -0.0819791 -5.77489 -0.0150066 0.99988 0.00496341 -3.57994 0.0820482 -0.0037176 0.996648 235.703
0.996587 0.015161 -0.0813696 -5.83639 -0.0149669 0.99989 0.00299238 -3.59428 0.0814088 -0.0017659 0.996704 236.443
0.996654 0.0161001 -0.0803417 -5.89934 -0.0160154 0.999876 0.00168941 -3.60597 0.0803615 -0.000398734 0.996793 237.169
0.99679 0.016454 -0.0785825 -5.96755 -0.0163978 0.99987 0.00135747 -3.62067 0.0785975 -6.61129e-05 0.996931 237.9
0.99696 0.0159576 -0.0764774 -6.03329 -0.015906 0.999878 0.00127449 -3.63297 0.0764911 -5.5852e-05 0.997097 238.637
0.997094 0.0167137 -0.074556 -6.09265 -0.0167508 0.999866 0.00012438 -3.62829 0.0745507 0.00112326 0.997242 239.359
0.997181 0.0169645 -0.0733108 -6.14163 -0.0170872 0.999859 -0.00105686 -3.62932 0.0732852 0.00230488 0.997335 240.075
0.99724 0.0164293 -0.0726342 -6.17416 -0.0166302 0.999866 -0.00216459 -3.63518 0.0725915 0.00336494 0.997382 240.794
0.997406 0.0166627 -0.0702542 -6.22093 -0.0168194 0.999862 -0.00164967 -3.6522 0.0702198 0.00282537 0.997554 241.51
0.997604 0.0155123 -0.067667 -6.26023 -0.0155691 0.999886 -0.000315977 -3.6776 0.0676568 0.00136714 0.997734 242.229
0.997781 0.0145433 -0.0652226 -6.30114 -0.0145118 0.9999 0.000945526 -3.70844 0.0652326 1.38733e-06 0.997897 242.938
0.998015 0.0147772 -0.0614982 -6.35647 -0.0147379 0.999898 0.00108898 -3.72441 0.0615104 -0.000182075 0.998133 243.652
0.998168 0.0146487 -0.0589799 -6.39304 -0.0146715 0.999898 3.3527e-05 -3.72905 0.0589771 0.000830164 0.998286 244.348
0.99831 0.013818 -0.0567551 -6.42565 -0.0138705 0.999911 -0.000534638 -3.74087 0.056745 0.00131931 0.998415 245.06
0.998462 0.014701 -0.0537663 -6.46822 -0.0148356 0.999894 -0.00211993 -3.74758 0.053732 0.00291267 0.998579 245.751
0.99859 0.0139934 -0.0515486 -6.5015 -0.0141621 0.999902 -0.00291387 -3.75861 0.0515051 0.00363818 0.998693 246.474
0.998673 0.0146735 -0.0497036 -6.53113 -0.0148161 0.999894 -0.00251511 -3.769 0.049664 0.0032466 0.998788 247.176
0.998786 0.015068 -0.0472616 -6.56807 -0.0151829 0.999889 -0.00207691 -3.78133 0.0472274 0.00279034 0.998907 247.885
0.998904 0.0143365 -0.0449469 -6.60198 -0.0144559 0.999899 -0.00234891 -3.79533 0.0449112 0.00299445 0.999014 248.608
0.999028 0.014362 -0.0421028 -6.64084 -0.014579 0.999889 -0.00485772 -3.80407 0.0420306 0.00546519 0.999129 249.325
0.999094 0.0152349 -0.0401661 -6.67518 -0.0155364 0.99986 -0.0072223 -3.81555 0.040053 0.0078382 0.999195 250.044
0.999137 0.0156974 -0.0389362 -6.70529 -0.0160648 0.999836 -0.00914982 -3.82338 0.0387886 0.00976588 0.999227 250.769
0.999152 0.0143047 -0.0390663 -6.73272 -0.0146864 0.999854 -0.00951991 -3.83941 0.0389269 0.010084 0.999219 251.501
0.999157 0.012286 -0.0396191 -6.75514 -0.0127055 0.999872 -0.0103625 -3.85115 0.0394891 0.0108556 0.999189 252.236
0.999151 0.0123416 -0.0397653 -6.78806 -0.012796 0.999862 -0.0112095 -3.865 0.039624 0.0117073 0.999174 252.981
0.999128 0.0128669 -0.0401586 -6.81601 -0.0133431 0.99985 -0.01162 -3.88175 0.0400054 0.0121441 0.999154 253.721
0.999175 0.0117271 -0.03934 -6.84907 -0.0123031 0.999827 -0.014448 -3.88792 0.0391663 0.0149185 0.99915 254.476
0.999236 0.00796733 -0.0387253 -6.87461 -0.00865456 0.999814 -0.0176182 -3.89668 0.03858 0.0179383 0.999123 255.221
0.999287 0.00384519 -0.0380698 -6.90754 -0.00456014 0.999822 -0.0187308 -3.91165 0.0379935 0.0188894 0.999128 256.001
0.999295 0.00666606 -0.0374103 -6.94035 -0.00723395 0.999866 -0.0150714 -3.9255 0.0373072 0.0153299 0.999214 256.783
0.999292 0.00990213 -0.0367962 -6.98119 -0.0102272 0.999919 -0.00867678 -3.95666 0.0367096 0.00904531 0.999316 257.601
0.999322 0.00805127 -0.0364178 -7.00907 -0.00821594 0.999963 -0.00438304 -3.99151 0.0363835 0.00467771 0.999355 258.397
0.999391 0.00677996 -0.0347628 -7.03543 -0.00700129 0.999965 -0.00626779 -4.01408 0.0347214 0.00650571 0.999407 259.175
0.99957 0.00857351 -0.0286632 -7.08631 -0.00892233 0.999894 -0.012076 -4.03339 0.028559 0.012325 0.999545 259.978
0.999673 0.0105207 -0.0240962 -7.12656 -0.0109026 0.999825 -0.0158068 -4.05387 0.0239279 0.0160627 0.999616 260.797
0.99975 0.0108421 -0.0204889 -7.15319 -0.0111536 0.99983 -0.0151729 -4.0816 0.0203231 0.0153962 0.999705 261.634
0.999847 0.00965978 -0.0158496 -7.1856 -0.00987085 0.999872 -0.0133408 -4.10184 0.0157209 0.0134935 0.999816 262.48
0.999919 0.00697195 -0.0123988 -7.20222 -0.00710118 0.999928 -0.0104399 -4.12042 0.0123273 0.0105255 0.999901 263.317
0.999956 0.00472353 -0.0101908 -7.20508 -0.00482051 0.999953 -0.00957703 -4.13973 0.0101473 0.00962405 0.999933 264.162
0.999989 0.00488962 -0.00629378 -7.22707 -0.00494632 0.999954 -0.00907579 -4.16024 0.00625131 0.00910523 0.999972 265.007
0.999988 0.00691877 -0.00377136 -7.23789 -0.00695983 0.999924 -0.0111716 -4.18215 0.00369598 0.011196 0.999962 265.856
0.999996 0.00663427 -0.0020507 -7.2343 -0.0066605 0.999898 -0.0132305 -4.21238 0.00196491 0.0132425 0.999943 266.699
0.999991 0.00730385 0.00112952 -7.25347 -0.00728715 0.999891 -0.0136559 -4.22964 -0.00122693 0.013646 0.999937 267.535
0.99998 0.00823912 0.00390026 -7.2518 -0.00819099 0.999901 -0.0121146 -4.24731 -0.00399744 0.0120808 0.999952 268.392
0.999923 0.011023 0.00810476 -7.26558 -0.0109302 0.999888 -0.011318 -4.26221 -0.0082264 0.0112269 0.999933 269.24
0.999893 0.011841 0.0108263 -7.26277 -0.011713 0.999869 -0.0117785 -4.28398 -0.0109621 0.0116488 0.999906 270.101
0.999841 0.012124 0.0143069 -7.26217 -0.011945 0.999862 -0.012485 -4.30494 -0.0144541 0.0123105 0.99985 270.956
0.999823 0.0103838 0.0170053 -7.24765 -0.0101596 0.999868 -0.0131959 -4.32632 -0.0171379 0.0130192 0.999802 271.833
0.999819 0.00789948 0.0182938 -7.22343 -0.00766114 0.999897 -0.0130376 -4.34598 -0.0183927 0.0128935 0.999778 272.687
0.999825 0.0060418 0.0189095 -7.2045 -0.00580014 0.999908 -0.0127966 -4.37357 -0.0189829 0.0126831 0.999774 273.559
0.999827 0.00473764 0.0189363 -7.18362 -0.00449736 0.99992 -0.0126901 -4.40073 -0.0189927 0.0126012 0.999771 274.423
0.999815 0.00457888 0.0198476 -7.17565 -0.00432089 0.999913 -0.0130116 -4.4203 -0.0199032 0.0129218 0.999753 275.294
0.999805 0.00485778 0.0200152 -7.16862 -0.00460306 0.999919 -0.0127336 -4.44099 -0.0200732 0.0126374 0.999749 276.169
0.999782 0.00518693 0.0213261 -7.17914 -0.00491672 0.999914 -0.0126948 -4.46553 -0.0213879 0.0125856 0.999727 277.044
0.999804 0.00565741 0.0198745 -7.16934 -0.00537743 0.999898 -0.0140859 -4.48502 -0.0199499 0.0139746 0.999734 277.901
0.999834 0.00624236 0.0184049 -7.16046 -0.0059551 0.999867 -0.01561 -4.50882 -0.0184978 0.0154961 0.999744 278.768
0.999877 0.00618908 0.0155943 -7.13736 -0.00593047 0.999857 -0.0165423 -4.53572 -0.0156922 0.0164462 0.999773 279.639
0.999894 0.00622278 0.0148448 -7.13722 -0.00598244 0.999858 -0.0161738 -4.57497 -0.0149411 0.0160817 0.999795 280.497
0.999889 0.00719472 0.0143391 -7.15679 -0.00696235 0.999856 -0.0161672 -4.60495 -0.0144511 0.0160638 0.999798 281.322
0.999923 0.00788712 0.0118451 -7.14323 -0.00770224 0.999857 -0.0155847 -4.63604 -0.0119641 0.0154906 0.999846 282.195
0.999933 0.00881156 0.00969063 -7.14415 -0.00866321 0.999858 -0.0152238 -4.64982 -0.00982116 0.0151371 0.99987 283.095
0.999976 0.00767293 0.00623707 -7.15481 -0.00758784 0.999887 -0.0135904 -4.6626 -0.00633835 0.0135411 0.999926 283.958
0.999996 0.00679219 0.000858678 -7.14693 -0.00678177 0.999925 -0.0113685 -4.69695 -0.000933591 0.0113609 0.999967 284.809
0.999992 0.0062625 -0.00506341 -7.14556 -0.00631379 0.999936 -0.0101226 -4.72515 0.00500204 0.0101528 0.999974 285.638
0.999944 0.00665588 -0.0102935 -7.14935 -0.00675662 0.999941 -0.00980046 -4.74565 0.0102299 0.00986773 0.999931 286.485
0.999886 0.0053328 -0.0157971 -7.15626 -0.00546521 0.999959 -0.00832739 -4.78514 0.0157545 0.00841108 0.999879 287.313
0.999814 0.00471376 -0.0197736 -7.18999 -0.00488788 0.999961 -0.00876225 -4.79818 0.0197338 0.00885552 0.999799 288.1
0.999729 0.00507558 -0.023835 -7.21363 -0.00530423 0.999949 -0.0095252 -4.81818 0.023788 0.00964733 0.999709 288.897
0.999621 0.00595751 -0.027657 -7.24156 -0.00623056 0.999943 -0.00979695 -4.8367 0.0275993 0.00996383 0.999603 289.67
0.999534 0.00695491 -0.0305966 -7.27753 -0.00725406 0.999935 -0.00966753 -4.8625 0.0305299 0.00988321 0.999525 290.414
0.999421 0.0060182 -0.034114 -7.31093 -0.00635315 0.999943 -0.0097194 -4.88298 0.0340559 0.00992875 0.999404 291.143
0.99928 0.00438796 -0.0383705 -7.34846 -0.00479083 0.999942 -0.0104054 -4.90578 0.0383252 0.01058 0.999249 291.858
0.999078 0.00558639 -0.0430624 -7.39385 -0.00611111 0.999919 -0.012064 -4.9266 0.0429939 0.0123142 0.999034 292.547
0.998781 0.00722709 -0.0493507 -7.43805 -0.00793101 0.999878 -0.0140773 -4.94387 0.0492455 0.0144497 0.998722 293.23
0.998336 0.00799128 -0.0574944 -7.49381 -0.00891236 0.999846 -0.0157821 -4.97146 0.0573618 0.0162664 0.998256 293.869
0.997729 0.00817224 -0.06724 -7.5564 -0.0093443 0.999818 -0.0171314 -4.98628 0.0670903 0.017719 0.997629 294.505
0.996859 0.00789034 -0.0790831 -7.64721 -0.00931979 0.999809 -0.0177212 -4.99095 0.0789306 0.0184006 0.996745 295.104
0.995436 0.0090198 -0.0952736 -7.74339 -0.0106676 0.999811 -0.0167977 -5.01808 0.0951065 0.0177355 0.99535 295.708
0.993349 0.0112451 -0.114791 -7.85153 -0.0131479 0.999798 -0.0158324 -5.04452 0.114592 0.0172345 0.993298 296.309
0.990521 0.0128278 -0.136946 -7.97395 -0.0150925 0.999775 -0.0155106 -5.07058 0.136719 0.0174287 0.990497 296.909
0.986673 0.0138854 -0.162259 -8.11173 -0.016555 0.999758 -0.015112 -5.0963 0.162013 0.0175949 0.986667 297.505
0.981734 0.0153422 -0.189776 -8.24332 -0.0183108 0.999745 -0.0138974 -5.12572 0.189517 0.0171166 0.98177 298.056
0.975161 0.0160817 -0.221013 -8.37924 -0.0191524 0.999757 -0.0117582 -5.1617 0.220774 0.0156972 0.975235 298.632
0.966959 0.0161136 -0.254524 -8.53801 -0.0192001 0.999779 -0.00964617 -5.18137 0.254315 0.0142124 0.967058 299.148
0.956792 0.0165338 -0.290377 -8.70751 -0.019691 0.999784 -0.00795507 -5.18113 0.290186 0.0133273 0.956913 299.638
0.944605 0.0171291 -0.327841 -8.89637 -0.0201597 0.999789 -0.0058472 -5.1798 0.327675 0.0121306 0.944755 300.123
0.930347 0.0179743 -0.366297 -9.10493 -0.0206576 0.99979 -0.00340744 -5.17716 0.366163 0.010735 0.930525 300.598
0.913889 0.0183868 -0.405611 -9.3337 -0.0207927 0.999792 -0.00152558 -5.17363 0.405502 0.00982608 0.914085 301.065
0.895121 0.0182828 -0.445498 -9.57222 -0.0202972 0.999804 0.000248578 -5.17073 0.445419 0.00881797 0.895317 301.508
0.873373 0.0174968 -0.48679 -9.84076 -0.0187835 0.999831 0.00223782 -5.184 0.48675 0.0071872 0.873557 301.969
0.848249 0.01684 -0.529374 -10.1369 -0.0173376 0.999852 0.00402529 -5.19969 0.529367 0.00576171 0.848415 302.43
0.82055 0.0158829 -0.571401 -10.4559 -0.0152069 0.999877 0.00595641 -5.21356 0.571428 0.00379968 0.820692 302.866
0.789771 0.0164566 -0.613219 -10.7703 -0.0142239 0.999873 0.00851403 -5.21836 0.613285 0.00199623 0.789905 303.246
0.756092 0.0177472 -0.654263 -11.152 -0.0151243 0.99985 0.00964405 -5.21915 0.654338 0.0026014 0.756249 303.627
0.719192 0.0171188 -0.694635 -11.5233 -0.0134743 0.999862 0.0106903 -5.22304 0.694726 0.00166929 0.719324 303.955
0.679204 0.0160092 -0.73381 -11.9066 -0.0099455 0.999882 0.0126092 -5.20786 0.733928 -0.00126822 0.679284 304.232
0.634898 0.0149697 -0.772482 -12.3057 -0.00430677 0.999876 0.0158367 -5.19135 0.772627 -0.00672979 0.634883 304.484
0.58615 0.0145926 -0.810103 -12.728 0.000365742 0.999844 0.0182757 -5.17361 0.810246 -0.0110108 0.586054 304.711
0.534942 0.0187671 -0.844712 -13.1258 -0.00214115 0.999792 0.0208567 -5.15966 0.844931 -0.00935041 0.534871 304.855
0.482193 0.0252236 -0.875731 -13.5677 -0.00786686 0.999681 0.0244626 -5.15606 0.876071 -0.00490861 0.482237 304.977
0.427394 0.0293772 -0.90362 -14.0154 -0.0110636 0.999579 0.0272643 -5.15139 0.904043 -0.00165719 0.427538 305.066
0.371289 0.0315274 -0.928009 -14.4678 -0.0117109 0.999514 0.0292717 -5.14579 0.928483 -2.60395e-06 0.371477 305.128
0.315876 0.0329894 -0.948257 -14.9443 -0.00984332 0.999467 0.0314923 -5.12387 0.948794 -0.000615519 0.316031 305.14
0.25986 0.0353478 -0.965027 -15.3654 -0.00760932 0.999385 0.0345578 -5.10184 0.965656 -0.00163919 0.259968 305.138
0.202868 0.0385695 -0.978475 -15.8252 -0.00569816 0.999265 0.0382078 -5.07516 0.979232 -0.00217736 0.202937 305.107
0.143259 0.0411588 -0.988857 -16.258 -0.00305795 0.99916 0.0411451 -5.05007 0.98972 -0.0028727 0.143263 305.054
0.0821015 0.0445034 -0.995658 -16.7133 -0.00287241 0.99902 0.0444171 -5.02487 0.996662 -0.000788473 0.0821477 304.972
0.0174103 0.0492407 -0.998663 -17.1645 -0.000813696 0.998798 0.0492338 -4.99181 0.999888 -4.66851e-05 0.0174275 304.913
-0.0478086 0.0551936 -0.997359 -17.5895 0.000388759 0.998485 0.0552376 -4.96432 0.998899 0.00225149 -0.0477588 304.816
-0.114685 0.0608681 -0.991565 -18.0748 0.0025132 0.998147 0.060982 -4.92792 0.99344 0.00449949 -0.114628 304.71
-0.181257 0.0666643 -0.981203 -18.5143 0.00494956 0.99776 0.0668754 -4.89641 0.983467 0.00726355 -0.181182 304.577
-0.246777 0.0720323 -0.966422 -18.9592 0.00856749 0.997369 0.0721517 -4.86719 0.969076 0.0095234 -0.246748 304.416
-0.310583 0.0753254 -0.947588 -19.4112 0.012821 0.997108 0.0750601 -4.82846 0.950504 0.0111618 -0.310651 304.223
-0.37307 0.0783869 -0.924518 -19.8832 0.0172099 0.99685 0.0775754 -4.80198 0.927686 0.0130279 -0.373247 304.008
-0.430587 0.0801923 -0.899012 -20.3161 0.0223614 0.996699 0.0781964 -4.78102 0.902317 0.0135656 -0.43096 303.732
-0.484989 0.0807195 -0.870821 -20.7583 0.0265349 0.996643 0.0776047 -4.74217 0.874161 0.0145282 -0.485506 303.426
-0.535596 0.0804498 -0.840669 -21.2158 0.0291294 0.996631 0.0768172 -4.69721 0.844018 0.0166534 -0.536137 303.082
-0.581283 0.0800615 -0.809789 -21.6613 0.0314568 0.996628 0.0759537 -4.64817 0.813138 0.0186752 -0.581845 302.718
-0.621165 0.0803399 -0.77959 -22.1221 0.0332132 0.996547 0.0762356 -4.59921 0.783025 0.0214609 -0.62169 302.307
-0.657682 0.0834459 -0.748699 -22.5728 0.0381673 0.996273 0.0775121 -4.54819 0.752375 0.0224005 -0.658419 301.873
-0.692678 0.0893052 -0.715741 -22.9812 0.0460495 0.995767 0.079681 -4.50014 0.719828 0.0222322 -0.693859 301.409
-0.727957 0.093368 -0.67928 -23.4335 0.052185 0.995369 0.0808906 -4.43463 0.683684 0.0234346 -0.729461 300.911
-0.76057 0.0938289 -0.642491 -23.8768 0.0549761 0.995267 0.0802704 -4.37579 0.646982 0.025728 -0.76213 300.364
-0.790671 0.090428 -0.605576 -24.3029 0.0556831 0.995567 0.0759615 -4.3204 0.609758 0.0263383 -0.792205 299.789
-0.816576 0.0891459 -0.57037 -24.6787 0.0588252 0.995722 0.0714111 -4.28491 0.574295 0.0247589 -0.818328 299.163
-0.840318 0.0852654 -0.535403 -25.0512 0.0590062 0.996086 0.0660211 -4.23924 0.538932 0.0238847 -0.842063 298.486
-0.861839 0.0828815 -0.500431 -25.418 0.0599965 0.996302 0.0616852 -4.19634 0.503691 0.023137 -0.863626 297.772
-0.881309 0.0819847 -0.465437 -25.7431 0.060776 0.996335 0.0604202 -4.15505 0.468681 0.0249596 -0.883065 297.052
-0.899656 0.0785869 -0.429547 -26.0806 0.0590583 0.996543 0.058631 -4.11244 0.432667 0.0273778 -0.901189 296.226
-0.916228 0.0784763 -0.392973 -26.3791 0.0610927 0.996541 0.0565695 -4.06968 0.396049 0.027821 -0.917856 295.417
-0.931604 0.0812494 -0.354374 -26.6729 0.0653726 0.996269 0.0565688 -4.03095 0.357644 0.0295319 -0.933441 294.569
-0.944844 0.0847711 -0.316453 -26.9292 0.0706202 0.995947 0.0559407 -3.99248 0.319909 0.0305055 -0.947004 293.715
-0.955807 0.0870695 -0.28093 -27.1317 0.0736815 0.995613 0.0578937 -3.95831 0.284735 0.0346344 -0.958028 292.79
-0.9653 0.0906919 -0.245014 -27.3386 0.078501 0.995176 0.0590889 -3.92975 0.249187 0.0378033 -0.967764 291.825
-0.972912 0.0906283 -0.212841 -27.4009 0.0800317 0.995122 0.057905 -3.88437 0.217047 0.0393009 -0.975418 290.942
-0.979643 0.0888817 -0.18018 -27.5715 0.0805218 0.995348 0.053204 -3.83476 0.184067 0.0376113 -0.982241 289.876
-0.985093 0.0872495 -0.148497 -27.6997 0.0808066 0.995543 0.0488942 -3.78964 0.152097 0.0361643 -0.987751 288.819
-0.989226 0.0866923 -0.118239 -27.779 0.081544 0.995543 0.0477091 -3.74992 0.121843 0.0375524 -0.991886 287.777
-0.992483 0.0854833 -0.0879909 -27.8475 0.081585 0.99557 0.0469962 -3.71236 0.0916142 0.0394625 -0.995061 286.704
-0.994779 0.0847909 -0.0573889 -27.9414 0.0823133 0.99564 0.0442342 -3.65756 0.0608854 0.0392782 -0.997421 285.531
-0.996079 0.0839824 -0.0290941 -28.0025 0.0827137 0.995685 0.0423727 -3.60932 0.0325227 0.0397984 -0.998727 284.372
-0.996737 0.0809344 -0.0059204 -27.9679 0.0806123 0.995858 0.0424315 -3.5683 0.00932626 0.0418147 -0.999132 283.238
-0.996734 0.079328 0.017427 -27.9413 0.0800031 0.995914 0.0422051 -3.52479 -0.0140123 0.0434597 -0.999007 282.064
-0.996405 0.0765014 0.0373519 -27.882 0.0780013 0.996146 0.0405023 -3.48568 -0.0341131 0.043269 -0.998532 280.847
