1 -0.0016467 -0.00162995 -0.00175843 0.00164539 1 -0.000995641 -0.00532517 0.0016306 0.000992866 1 0.570983
0.999995 -0.00155122 -0.0028205 -0.00270903 0.00154384 0.999996 -0.00260262 -0.0164113 0.00282457 0.00259825 0.999993 1.12603
0.999988 -0.00172192 -0.00518924 0.00118035 0.0016992 0.999992 -0.00441344 -0.0180892 0.00519553 0.00440439 0.999981 1.71195
0.999976 -0.00328091 -0.00617271 -0.0437036 0.0032373 0.999971 -0.00707779 -0.0140329 0.00619575 0.00705765 0.999956 2.35904
0.999952 -0.00610588 -0.00787867 -0.0413912 0.0060344 0.999944 -0.00905752 -0.0279614 0.00793211 0.00900925 0.999931 2.89149
0.999947 -0.00704383 -0.00772009 -0.093691 0.00696579 0.999927 -0.0100987 -0.0308455 0.0077905 0.0100443 0.99992 3.49371
0.999945 -0.00684371 -0.00817838 -0.127616 0.00676532 0.999934 -0.00955822 -0.0497656 0.00824159 0.00950195 0.999924 4.08035
0.999951 -0.00706028 -0.0070794 -0.194516 0.00699283 0.999933 -0.00951432 -0.0788265 0.00714588 0.00946425 0.999931 4.69927
0.999956 -0.00591943 -0.00756648 -0.220436 0.00582595 0.99991 -0.0123051 -0.0978084 0.00763693 0.0122601 0.999899 5.3066
0.999958 -0.00416531 -0.00824856 -0.242252 0.00403223 0.999865 -0.0160889 -0.118733 0.00831421 0.0160549 0.999838 5.90202
0.999965 -0.00278141 -0.00815583 -0.294306 0.00262006 0.999806 -0.0196866 -0.136029 0.00820714 0.0196641 0.999777 6.56738
0.999966 -0.000632176 -0.00829594 -0.337341 0.000468595 0.999808 -0.0197041 -0.151941 0.00830655 0.0196995 0.999773 7.24699
0.999964 0.00172018 -0.00862456 -0.370343 -0.00183157 0.999919 -0.0128803 -0.164652 0.00859986 0.0128953 0.999884 7.91273
0.999953 0.00240998 -0.00947842 -0.363577 -0.00243538 0.999997 -0.00266257 -0.172885 0.0094716 0.00268533 0.999954 8.54037
0.999939 0.00356771 -0.0106698 -0.356521 -0.00352769 0.999991 0.00380829 -0.182683 0.0106814 -0.00377072 0.999941 9.19754
0.999909 0.00614511 -0.0120888 -0.362903 -0.00610872 0.999981 0.00304251 -0.19997 0.0121067 -0.00296852 0.999925 9.89081
0.999892 0.00856884 -0.0123132 -0.391418 -0.00861278 0.999961 -0.00341539 -0.224354 0.0122787 0.00352031 0.99993 10.5972
0.999858 0.0076311 -0.0147976 -0.378899 -0.00777798 0.999924 -0.0100012 -0.213402 0.0147254 0.0101156 0.999829 11.2973
0.999862 0.005849 -0.0158527 -0.384853 -0.00598719 0.999949 -0.00861755 -0.221327 0.0157966 0.00871062 0.99985 12.0403
0.999854 0.00463609 -0.0162696 -0.395144 -0.00462891 0.999995 0.000374178 -0.227452 0.0162763 -0.000298335 0.999857 12.8032
0.999863 0.00439047 -0.017149 -0.408039 -0.00427578 0.999968 0.00709977 -0.222932 0.0171546 -0.00702858 0.999887 13.5968
0.999798 0.00378409 -0.018039 -0.402028 -0.00359725 0.999956 0.00969423 -0.231155 0.0181198 -0.00962201 0.999687 14.3898
0.999962 0.00140884 -0.01622 -0.466401 -0.00125595 0.999925 0.0115026 -0.280274 0.0161108 -0.0114971 1.00009 15.0617
0.999716 -0.000148617 -0.0123259 -0.495844 0.000350187 0.999985 0.0100859 -0.283768 0.0126068 -0.0100508 0.999214 15.8324
1.00003 0.00201702 -0.0114122 -0.521748 -0.00196905 0.999965 0.00716706 -0.291317 0.0113019 -0.00716397 1.0002 16.6783
0.999742 -0.00114543 -0.00991468 -0.542458 0.00123626 1.00003 0.00177983 -0.293477 0.0101956 -0.00174759 0.999291 17.5479
1.00063 -0.00536055 -0.0105404 -0.530416 0.00506351 0.999883 -0.00498098 -0.292691 0.0096223 0.00478598 1.00213 18.395
0.999749 -0.00420228 -0.00857945 -0.559262 0.0041868 0.999976 -0.00992066 -0.30182 0.00890064 0.00994793 0.999255 19.3525
1.00065 -0.00353745 -0.00914567 -0.563995 0.00319206 0.999842 -0.0111301 -0.313356 0.00823771 0.0109659 1.00209 20.2503
0.997955 -0.00272778 -0.0078993 -0.587433 0.00335006 1.00023 -0.00966207 -0.333045 0.0106459 0.0100812 0.993584 21.2563
1.00065 -0.00189058 -0.00885582 -0.592409 0.00154499 0.999848 -0.0111655 -0.35677 0.00793822 0.0110001 1.0021 22.1134
0.997974 0.000981403 -0.00641812 -0.629389 -0.000373156 1.00018 -0.013549 -0.367982 0.00912689 0.014021 0.993551 23.1315
1.00065 0.00394949 -0.00878084 -0.618694 -0.00433859 0.999798 -0.0147327 -0.388693 0.00777574 0.0146189 1.00205 24.0357
0.997943 0.00608978 -0.00797868 -0.637129 -0.0055111 1.00015 -0.0143608 -0.415084 0.010617 0.0148775 0.993528 25.0608
1.00063 0.00611426 -0.00864814 -0.652992 -0.00650339 0.999789 -0.0146563 -0.441288 0.00762548 0.0145626 1.00206 25.9772
0.997935 0.0065866 -0.00809959 -0.672042 -0.00601139 1.00015 -0.0143142 -0.468672 0.0107457 0.0148389 0.993532 27.048
1.00062 0.00685299 -0.0101171 -0.672822 -0.00726297 0.999796 -0.0138692 -0.491465 0.00908974 0.0138068 1.00205 27.9647
0.9979 0.0081609 -0.0101054 -0.689331 -0.00757211 1.00018 -0.0110433 -0.522574 0.0127664 0.0115765 0.993558 29.0575
1.00059 0.00723294 -0.0127116 -0.682507 -0.00763586 0.999834 -0.0104407 -0.542153 0.0117009 0.0104077 1.00207 30.003
0.997884 0.00815498 -0.0115131 -0.714845 -0.00757766 1.00018 -0.0106833 -0.572438 0.01418 0.0112384 0.993547 31.1039
1.00057 0.00822338 -0.0135763 -0.718685 -0.00866052 0.999804 -0.0125417 -0.587597 0.0125355 0.0125073 1.00203 32.067
0.997868 0.00873926 -0.0123053 -0.751146 -0.00817062 1.00017 -0.0109575 -0.618784 0.0149662 0.011504 0.993535 33.1759
1.00058 0.00675264 -0.0138417 -0.767428 -0.00714751 0.99985 -0.00920524 -0.633782 0.0128498 0.0091781 1.00207 34.1469
0.997857 0.00827033 -0.0131685 -0.794242 -0.00761095 1.00022 -0.0049626 -0.658989 0.0158926 0.00547523 0.993575 35.2857
1.00057 0.00795134 -0.013316 -0.836848 -0.00827689 0.999875 -0.00385046 -0.666616 0.0123773 0.00384881 1.00212 36.2713
0.99787 0.00859006 -0.0118668 -0.876934 -0.00788095 1.00023 -0.00187285 -0.702102 0.0146254 0.00236983 0.993607 37.3878
1.00058 0.00778771 -0.0119767 -0.919191 -0.00810667 0.999876 -0.00456056 -0.70537 0.0110501 0.00450538 1.00214 38.3988
0.997875 0.0088878 -0.0110577 -0.954244 -0.00820459 1.00022 -0.00450206 -0.728045 0.0138078 0.00498215 0.993616 39.5786
1.00057 0.00755754 -0.013203 -0.964355 -0.00787029 0.999881 -0.0036965 -0.749057 0.0122847 0.00366214 1.00213 40.6053
0.997848 0.00829777 -0.0131253 -0.990317 -0.00757416 1.00023 -0.00143106 -0.768101 0.0159148 0.00190405 0.993601 41.7786
1.00054 0.00771853 -0.0154525 -1.00089 -0.0079955 0.999886 -0.000602049 -0.769822 0.0145574 0.00059857 1.0021 42.7805
0.997782 0.00997237 -0.0161118 -1.01239 -0.00921603 1.00022 0.000384772 -0.804432 0.0189337 0.000137449 0.993559 43.9458
1.00047 0.0107577 -0.0180185 -1.02383 -0.0110885 0.999853 -0.00404396 -0.82156 0.0170843 0.00405184 1.00206 44.9737
0.992356 0.0132416 -0.0140632 -1.0556 -0.010512 1.00087 -0.00279421 -0.894159 0.0241449 0.00429328 0.976742 46.2513
0.999303 0.0403345 -0.0368253 -1.1326 -0.0413722 0.999132 -0.00959255 -0.940072 0.0349135 0.0107952 1.00134 47.4164
0.991413 0.0426633 -0.0241435 -1.2623 -0.0401421 1.00013 -0.00329362 -1.00224 0.0336696 0.00555588 0.976367 48.6904
0.999638 0.0409256 -0.0204078 -1.36121 -0.041645 0.999161 0.000333964 -1.04061 0.0192352 0.000450851 1.00195 49.6424
0.991693 0.0407654 -0.0137905 -1.41137 -0.0380112 1.00021 0.00655789 -1.09529 0.0238571 -0.00479759 0.976647 50.8524
0.999752 0.0385449 -0.0194904 -1.41397 -0.0391564 0.999253 0.00387908 -1.09281 0.0184571 -0.00331069 1.00196 51.7815
0.991717 0.0410879 -0.0124831 -1.52026 -0.0383258 1.00019 0.00544635 -1.14538 0.0224854 -0.00383496 0.976673 53.1355
0.999844 0.0372868 -0.016949 -1.47679 -0.0378704 0.999311 0.00092965 -1.12979 0.0158408 -0.000710195 1.00203 53.9285
0.991853 0.0398733 -0.00828413 -1.60741 -0.0371592 1.00024 0.000100599 -1.16605 0.0180435 0.0012406 0.97675 55.2582
0.999989 0.0348734 -0.0158415 -1.48955 -0.0354347 0.999391 -0.00515521 -1.16865 0.0144506 0.0050138 1.00203 56.014
0.991651 0.0368156 -0.0213368 -1.45449 -0.0341454 1.00034 -0.00313952 -1.22667 0.031158 0.00475966 0.976543 56.9683
0.999889 0.0314961 -0.0259852 -1.38696 -0.0319935 0.999505 -0.00229397 -1.23061 0.0247661 0.00246472 1.00185 57.7019
0.991456 0.0359198 -0.0274105 -1.38455 -0.0328286 1.00037 0.0072698 -1.29471 0.0377503 -0.00570089 0.976387 58.45
0.999787 0.0309072 -0.0287959 -1.38986 -0.0309945 0.999447 0.012347 -1.30033 0.0282113 -0.0118679 1.00175 59.2204
0.991149 0.0315189 -0.0363676 -1.333 -0.0279362 1.0004 0.0172334 -1.34027 0.0473051 -0.01552 0.97603 59.9996
0.999596 0.0229912 -0.0404147 -1.31922 -0.0227619 0.999646 0.0123446 -1.31843 0.0398276 -0.0121322 1.00138 60.799
0.99076 0.0272158 -0.0456314 -1.30818 -0.0236857 1.00058 0.0114747 -1.33519 0.056608 -0.00980235 0.975755 61.5998
0.999038 0.0253305 -0.0510787 -1.328 -0.0252747 0.999653 0.00503374 -1.32168 0.0503787 -0.00475377 1.00098 62.4695
0.99067 0.0272051 -0.0469608 -1.41667 -0.0240944 1.00062 0.00295594 -1.3487 0.0577832 -0.00130716 0.975773 63.7471
0.99911 0.0277663 -0.0463734 -1.51836 -0.0283769 0.999544 -0.0116303 -1.19815 0.0454285 0.0112784 1.00125 64.6557
0.990669 0.0348942 -0.041658 -1.58896 -0.0320806 1.00037 -0.00591399 -1.24392 0.0523316 0.00732751 0.976075 65.9814
0.999024 0.0358023 -0.0399765 -1.70241 -0.0361883 0.999348 -0.00649478 -1.2338 0.0393942 0.00633086 1.00166 66.9188
0.990408 0.0359882 -0.0438179 -1.66475 -0.0332613 1.00034 -0.0062005 -1.24282 0.054791 0.00781938 0.976072 67.5667
0.998997 0.0301596 -0.0433751 -1.7348 -0.0305355 0.999516 -0.00741023 -1.23988 0.0430496 0.00708853 1.00159 68.3044
0.990615 0.0311676 -0.0414712 -1.74513 -0.0284048 1.00048 -0.00654829 -1.25111 0.0526626 0.00784511 0.976248 69.0214
0.999117 0.0246181 -0.0431287 -1.77516 -0.0248887 0.999658 -0.00696678 -1.24346 0.0430269 0.00638052 1.00166 69.7211
0.990536 0.0253471 -0.0447893 -1.75822 -0.0226993 1.00061 -0.00853641 -1.21115 0.0562078 0.00971812 0.976148 70.1596
0.999341 0.0195127 -0.0361312 -1.88285 -0.0198396 0.999708 -0.0126919 -1.19826 0.0364489 0.0116041 1.00206 70.7999
0.991072 0.0193608 -0.033399 -1.92763 -0.0169206 1.00062 -0.0167717 -1.19375 0.0450141 0.0175358 0.976676 71.3113
0.999215 0.015691 -0.0420538 -1.89518 -0.0163911 0.999613 -0.0220865 -1.19175 0.0421904 0.0207361 1.00165 72.1807
0.990636 0.020959 -0.0422452 -1.94504 -0.0186105 1.00057 -0.0172472 -1.25876 0.0539167 0.0180244 0.976297 73.3402
0.998859 0.0181313 -0.0491832 -1.94832 -0.0187306 0.999669 -0.0168155 -1.25601 0.0493776 0.0157441 1.00142 74.2569
0.990274 0.0212172 -0.048576 -2.01211 -0.01859 1.00067 -0.0107662 -1.3058 0.0604865 0.0115581 0.976083 75.5176
0.998611 0.0231832 -0.0507033 -2.11279 -0.0235856 0.999662 -0.0105652 -1.35507 0.0511206 0.00986682 1.00147 76.7364
0.989901 0.0249799 -0.0521725 -2.14237 -0.0223964 1.0006 -0.00980788 -1.41146 0.0642882 0.0109646 0.975953 77.9686
0.998524 0.0246198 -0.0492192 -2.2747 -0.0251873 0.999587 -0.0144092 -1.3941 0.0498409 0.0136191 1.00161 78.874
0.989617 0.0275572 -0.0536927 -2.27026 -0.0250942 1.00051 -0.0116995 -1.43607 0.0660843 0.0129566 0.975953 79.734
0.998031 0.0241538 -0.0581583 -2.33087 -0.0247923 0.999598 -0.0140706 -1.4406 0.0588979 0.0133905 1.00114 80.5597
0.989339 0.0228957 -0.0588525 -2.35276 -0.0205714 1.00061 -0.0127451 -1.45754 0.0714563 0.0138117 0.975661 81.3708
0.997934 0.0197339 -0.0603395 -2.45025 -0.0204136 0.999681 -0.0149202 -1.43155 0.0613107 0.0139662 1.00106 82.1148
0.989074 0.019819 -0.0623305 -2.45787 -0.0174808 1.00069 -0.0120104 -1.4613 0.0752378 0.012877 0.975507 82.7302
0.997398 0.0151357 -0.0700226 -2.50406 -0.0158224 0.999769 -0.0140059 -1.47189 0.0710822 0.0128272 1.00042 83.4023
0.988388 0.0176209 -0.0714443 -2.54099 -0.0155318 1.00069 -0.0139935 -1.49072 0.0845084 0.0148624 0.974836 84.0128
0.996586 0.0144778 -0.0813976 -2.59663 -0.0155864 0.999709 -0.0180542 -1.49515 0.0823424 0.0168432 0.999458 84.6955
0.988267 0.0167279 -0.0734649 -2.76784 -0.0146481 1.0007 -0.0145276 -1.55703 0.086483 0.0151983 0.974647 85.7941
0.99645 0.0146961 -0.0834808 -2.81607 -0.0157295 0.999728 -0.0171184 -1.55772 0.0843525 0.0158553 0.999272 86.4719
0.986767 0.0187628 -0.0891364 -2.85441 -0.0167629 1.00068 -0.013022 -1.60607 0.102369 0.0140202 0.973306 87.4166
0.99558 0.0175352 -0.0920793 -2.972 -0.0183112 0.999757 -0.0120159 -1.63503 0.0931849 0.0112398 0.998622 88.0638
0.986174 0.0215197 -0.0936233 -3.04028 -0.0192171 1.00067 -0.00927648 -1.67211 0.107146 0.0106274 0.972967 88.9665
0.994457 0.0206393 -0.103153 -3.06475 -0.0214632 0.999712 -0.0108732 -1.68536 0.10422 0.0105802 0.997518 89.5078
0.985854 0.0262831 -0.095832 -3.25702 -0.0240002 1.00055 -0.00939742 -1.73746 0.109295 0.0112401 0.972739 90.457
0.994264 0.0249209 -0.104127 -3.28056 -0.0261303 0.999564 -0.0148477 -1.74969 0.105025 0.0148226 0.997373 90.9418
0.985291 0.0312384 -0.099708 -3.4271 -0.0296193 1.00031 -0.0153995 -1.80265 0.112994 0.0178379 0.972277 91.8063
0.993682 0.0282554 -0.108969 -3.42485 -0.0303219 0.999312 -0.0229028 -1.77182 0.109536 0.0230861 0.996714 92.2018
0.984685 0.0346383 -0.10422 -3.55689 -0.0334263 1.00012 -0.0191324 -1.86033 0.117363 0.0218662 0.971729 93.1229
0.993024 0.0335095 -0.113624 -3.48487 -0.0356245 0.999169 -0.0221965 -1.84485 0.114057 0.0230137 0.996196 93.4093
0.984495 0.0412482 -0.104054 -3.61303 -0.0397271 0.99992 -0.016987 -1.92129 0.117108 0.0202455 0.971778 94.3249
0.990833 0.0474295 -0.128769 -3.50176 -0.0490551 0.998784 -0.012994 -1.97811 0.1288 0.0163334 0.994294 95.1106
0.982958 0.0519586 -0.114238 -3.62581 -0.04972 0.999578 -0.0084171 -2.03605 0.127174 0.0133429 0.970529 95.98
0.995381 0.0479035 -0.0794239 -3.8453 -0.0483048 0.998864 -0.00813927 -2.0276 0.0810306 0.00930811 1.00004 96.6311
0.987984 0.0512045 -0.0597091 -3.97748 -0.0480633 0.999669 -0.00647803 -2.0485 0.0731467 0.00857111 0.975971 97.4781
0.997252 0.0484255 -0.0444798 -4.09668 -0.0483827 0.998867 -0.00625267 -2.06916 0.0468413 0.00589249 1.00253 98.351
0.989692 0.052182 -0.022102 -4.1881 -0.0487065 0.999618 -0.00756042 -2.07849 0.0354721 0.00787161 0.977875 99.1484
0.998069 0.0470473 -0.0150182 -4.04599 -0.0467936 0.998812 -0.0177865 -2.0168 0.0171998 0.0155377 1.00352 99.3041
0.990215 0.0501806 0.0103878 -4.05555 -0.0462523 0.999542 -0.0208177 -2.05846 0.00211934 0.0193397 0.978146 100.046
0.997306 0.0489676 0.0319522 -4.05118 -0.0477465 0.998647 -0.0237196 -2.09917 -0.0293061 0.0192845 1.00345 100.805
0.988554 0.0502839 0.0620711 -4.01867 -0.0450303 0.999483 -0.0256084 -2.13623 -0.049995 0.0217116 0.976578 101.547
0.99408 0.0446283 0.0863462 -3.89904 -0.041599 0.998729 -0.0306092 -2.12431 -0.0831189 0.0238888 1.00056 101.651
0.983686 0.0455736 0.119722 -3.80995 -0.0382203 0.999594 -0.031546 -2.16484 -0.108134 0.0254958 0.971549 102.342
0.985515 0.0401829 0.156185 -3.74479 -0.034167 0.998772 -0.0375962 -2.14732 -0.152007 0.0286596 0.992535 102.464
0.971029 0.0382345 0.200004 -3.67742 -0.0268387 0.999676 -0.0398065 -2.13217 -0.189091 0.0321881 0.9587 102.592
0.968296 0.033799 0.241557 -3.58549 -0.022703 0.998726 -0.0464471 -2.10116 -0.236329 0.0363068 0.975741 102.685
0.949052 0.0375469 0.286864 -3.48276 -0.0209545 0.999522 -0.0463926 -2.13361 -0.276877 0.0366851 0.936929 102.761
0.940536 0.037241 0.33353 -3.3676 -0.021013 0.998551 -0.0509498 -2.12517 -0.327394 0.0378369 0.948941 102.819
0.919196 0.0392996 0.370983 -3.1088 -0.0189657 0.999542 -0.0469809 -2.19066 -0.361776 0.0345256 0.907766 103.417
0.914792 0.0301751 0.39983 -3.08023 -0.0124451 0.998921 -0.0456787 -2.22442 -0.392832 0.0337869 0.923855 103.727
0.887349 0.0302764 0.441689 -2.85748 -0.00824768 0.999927 -0.0418446 -2.29936 -0.433323 0.0315521 0.876346 104.314
0.867374 0.0285639 0.495365 -2.74666 -0.00529234 0.998901 -0.047584 -2.29547 -0.487154 0.0355695 0.87722 104.371
0.837448 0.0320019 0.529186 -2.44314 -0.00400157 0.99979 -0.0455014 -2.37869 -0.521886 0.0337912 0.827182 104.904
0.811709 0.0338362 0.582932 -2.31126 -0.00299659 0.998632 -0.053511 -2.3721 -0.573878 0.0385761 0.822192 104.952
0.777146 0.0425373 0.61258 -1.95584 -0.006756 0.999369 -0.0530986 -2.4343 -0.606899 0.0346762 0.767841 105.436
0.745079 0.0449026 0.666584 -1.78411 -0.0067299 0.998275 -0.0597815 -2.422 -0.65707 0.0371134 0.756341 105.467
0.708347 0.0468633 0.68949 -1.3621 -0.00486331 0.999224 -0.0560151 -2.48571 -0.685152 0.0335914 0.70012 105.881
0.670329 0.0427524 0.743221 -1.1697 0.00423583 0.998178 -0.0614748 -2.44355 -0.732589 0.0412626 0.681753 105.922
0.632053 0.0429935 0.75906 -0.698715 0.00412872 0.99936 -0.053919 -2.50381 -0.755619 0.0340179 0.624809 106.27
0.585833 0.0407004 0.813076 -0.518393 0.0104846 0.99834 -0.057874 -2.46335 -0.8013 0.039293 0.597663 106.313
0.544287 0.0394474 0.823214 -0.00166678 0.00880244 0.999633 -0.0483707 -2.54616 -0.820762 0.0298814 0.538439 106.623
0.48972 0.0337099 0.876189 0.18144 0.0167927 0.998747 -0.0480491 -2.53695 -0.863128 0.0350884 0.50198 106.677
0.447134 0.0372297 0.878749 0.721528 0.0132142 0.999776 -0.044172 -2.5681 -0.877341 0.0273679 0.442674 106.918
0.38743 0.0401778 0.927146 1.30376 0.0208709 0.998463 -0.0525205 -2.53475 -0.91359 0.0364548 0.399491 106.999
0.345429 0.048411 0.921988 1.88422 0.0191281 0.999135 -0.054759 -2.55869 -0.922153 0.0324449 0.341832 107.197
0.293582 0.0486866 0.961669 2.12343 0.0286225 0.997847 -0.0599427 -2.5332 -0.948013 0.0418375 0.305069 107.212
0.263374 0.0506201 0.947923 2.7209 0.03268 0.998625 -0.0576647 -2.57695 -0.948738 0.0420108 0.260091 107.335
0.222577 0.0489817 0.981256 2.84986 0.0445123 0.997207 -0.0606422 -2.56307 -0.966912 0.0535962 0.233196 107.284
0.222086 0.0570951 0.958037 3.06439 0.0441266 0.997724 -0.0646707 -2.51536 -0.958844 0.05258 0.217986 107.17
0.194367 0.0569565 0.987239 3.3483 0.0468335 0.996657 -0.0675113 -2.48275 -0.972891 0.055867 0.204176 107.123
0.186696 0.0567777 0.965351 3.59707 0.0383685 0.998156 -0.0614034 -2.50515 -0.966651 0.04417 0.18343 107.21
0.157379 0.0526364 0.994495 3.9284 0.0369252 0.997581 -0.0591705 -2.51524 -0.98003 0.0427988 0.167914 107.223
0.151915 0.0519832 0.971538 4.25952 0.0404147 0.998455 -0.0551224 -2.53285 -0.97272 0.0433072 0.149135 107.242
0.1261 0.0519334 0.99932 4.64901 0.0499759 0.997027 -0.0587761 -2.55281 -0.984128 0.0537837 0.135747 107.248
0.121752 0.0558252 0.975449 5.01427 0.0558187 0.997468 -0.0592567 -2.55741 -0.976358 0.0574604 0.118211 107.297
0.102556 0.0621132 1.00162 5.36881 0.0569852 0.996058 -0.0686055 -2.55457 -0.986598 0.0604846 0.111142 107.269
0.1056 0.0733691 0.976201 5.55168 0.0495197 0.996669 -0.0750625 -2.54125 -0.978568 0.0520562 0.101592 107.326
0.0905232 0.0717265 1.00229 5.77614 0.053168 0.995642 -0.077038 -2.5548 -0.987993 0.0567797 0.0986957 107.297
0.0990429 0.0681762 0.977297 6.0317 0.0573073 0.996628 -0.0703024 -2.59964 -0.978826 0.058774 0.0946491 107.333
0.0928164 0.0641654 1.00264 6.47238 0.0578856 0.995888 -0.0699242 -2.65122 -0.987499 0.0609098 0.100991 107.339
0.0997566 0.0708383 0.977103 7.40875 0.0605671 0.996201 -0.0730431 -2.63685 -0.978554 0.06241 0.0948888 107.517
0.0967292 0.0718733 1.00172 7.87541 0.0597133 0.995188 -0.0781094 -2.64143 -0.987003 0.0637869 0.104267 107.506
0.117609 0.0734055 0.975168 8.41214 0.0572625 0.996131 -0.0764639 -2.69243 -0.976593 0.0607772 0.112226 107.513
0.113572 0.0743281 0.999754 8.91895 0.0578267 0.995033 -0.0816028 -2.71649 -0.985149 0.0634768 0.120759 107.526
0.120916 0.075424 0.974653 9.32612 0.0562415 0.996021 -0.0786383 -2.75454 -0.976221 0.0602346 0.115375 107.647
0.116747 0.0744127 0.999379 9.85731 0.0565072 0.995097 -0.0817619 -2.78324 -0.984828 0.0624121 0.123973 107.665
0.124287 0.074359 0.974359 10.8299 0.0558964 0.996109 -0.0777889 -2.8673 -0.975792 0.0600108 0.118721 107.828
0.118202 0.0722038 0.999407 11.3979 0.0578455 0.995176 -0.0797746 -2.89967 -0.984558 0.0635607 0.125368 107.853
0.127108 0.0727121 0.974186 11.9635 0.0550062 0.996281 -0.0762329 -2.94906 -0.975439 0.0590934 0.121543 107.956
0.119402 0.0733643 0.999226 12.5353 0.0545458 0.995297 -0.0807029 -2.95847 -0.984539 0.0605 0.126625 107.993
0.130301 0.0731727 0.973826 13.2147 0.0520223 0.996418 -0.0766049 -3.00444 -0.975105 0.0563977 0.124715 108.077
0.121627 0.0717493 0.999146 13.7538 0.0550752 0.995375 -0.0793072 -3.0326 -0.98418 0.0609497 0.128706 108.135
0.133135 0.0718737 0.973646 14.4028 0.0531475 0.996433 -0.07565 -3.09983 -0.974605 0.0575299 0.127284 108.213
0.127801 0.079383 0.997764 15.0394 0.0509937 0.994985 -0.0872351 -3.11443 -0.983529 0.0583327 0.134599 108.252
0.159559 0.0842266 0.96913 15.7001 0.0457542 0.995688 -0.0886722 -3.12706 -0.970736 0.0542337 0.152596 108.275
0.15642 0.0871154 0.99299 16.2825 0.0478875 0.994306 -0.0965732 -3.1475 -0.979299 0.0589178 0.16242 108.279
0.154841 0.0867094 0.969579 17.3307 0.0421795 0.995679 -0.0905776 -3.27186 -0.971705 0.0504773 0.148257 108.564
0.150067 0.0834252 0.994311 17.9379 0.0418687 0.995038 -0.091487 -3.3096 -0.980592 0.0517123 0.156951 108.587
0.156382 0.077685 0.970094 18.9946 0.037923 0.996694 -0.0811398 -3.44466 -0.9716 0.0448433 0.150529 108.802
0.153839 0.078502 0.994101 20.1691 0.0348445 0.995832 -0.0857741 -3.48644 -0.980236 0.0442419 0.161554 108.905
0.160191 0.0805369 0.969283 21.2241 0.0285275 0.996862 -0.082804 -3.57865 -0.971246 0.0361644 0.154901 109.123
0.158285 0.088747 0.992452 21.8161 0.0320992 0.995018 -0.0963985 -3.60339 -0.97961 0.043389 0.165753 109.153
0.167522 0.102792 0.966107 22.5026 0.0313875 0.994497 -0.10585 -3.66542 -0.969907 0.0434806 0.160819 109.318
0.163365 0.108512 0.989611 23.0755 0.0345703 0.992746 -0.117282 -3.70129 -0.978671 0.0496057 0.169507 109.366
0.172332 0.100272 0.965545 23.7298 0.0304508 0.994806 -0.103869 -3.82249 -0.96906 0.0424708 0.165632 109.5
0.167719 0.09279 0.990537 24.327 0.0354242 0.994392 -0.101625 -3.87802 -0.977878 0.0481772 0.174394 109.55
0.176388 0.0908201 0.965813 25.3734 0.0353053 0.995517 -0.0953398 -4.00618 -0.968164 0.046043 0.169446 109.757
0.170972 0.0927465 0.989998 25.9782 0.0369565 0.994304 -0.102198 -4.05099 -0.977234 0.0499696 0.177367 109.826
0.175055 0.0973011 0.965451 26.5677 0.034358 0.994905 -0.10165 -4.10821 -0.968434 0.0460731 0.167892 109.999
0.167581 0.0980325 0.990117 27.1564 0.0340613 0.993923 -0.106928 -4.15563 -0.977902 0.0476312 0.173982 110.063
0.17414 0.098917 0.9655 28.1215 0.0348992 0.994709 -0.103354 -4.28571 -0.968553 0.0468078 0.166774 110.249
0.160721 0.0991009 0.991301 29.0335 0.0344878 0.993828 -0.107736 -4.39728 -0.978986 0.047519 0.166897 110.386
0.163561 0.100236 0.967193 29.9988 0.0305034 0.994839 -0.10349 -4.52664 -0.970499 0.0414483 0.156707 110.591
0.150523 0.0985842 0.993105 30.9834 0.0305682 0.994129 -0.106061 -4.6547 -0.980695 0.042442 0.157089 110.727
0.154898 0.0985043 0.968791 31.9108 0.0298813 0.995094 -0.10127 -4.76996 -0.971902 0.0396141 0.148239 110.913
0.146098 0.0988609 0.993804 32.4982 0.0313524 0.994087 -0.10633 -4.82966 -0.981328 0.0427579 0.152521 110.977
0.151245 0.099744 0.96926 33.489 0.0300286 0.994968 -0.102428 -4.96822 -0.972456 0.0395304 0.14451 111.163
0.143021 0.100329 0.994165 34.0182 0.0331938 0.993856 -0.108038 -5.01303 -0.981721 0.0444117 0.149115 111.216
0.147252 0.0949305 0.970315 35.0331 0.0315216 0.995417 -0.0978883 -5.20901 -0.973023 0.0397782 0.140583 111.413
0.139303 0.0960476 0.995156 35.557 0.0350655 0.994237 -0.103994 -5.23323 -0.982194 0.0451602 0.145348 111.457
0.140628 0.0933352 0.971382 36.5388 0.0316039 0.995598 -0.0962199 -5.40118 -0.974015 0.0388488 0.134138 111.682
0.136562 0.0979583 0.995307 37.0797 0.034045 0.994106 -0.105977 -5.39577 -0.982639 0.0440074 0.142687 111.691
0.144323 0.0970697 0.970515 37.9961 0.0316132 0.995196 -0.100352 -5.51961 -0.973457 0.0396848 0.137532 111.848
0.135894 0.0975495 0.995494 38.5376 0.0341257 0.994147 -0.105655 -5.57439 -0.982695 0.043898 0.141898 111.904
0.146461 0.0990421 0.970097 39.3856 0.0331703 0.994897 -0.102676 -5.69361 -0.97304 0.0417265 0.139206 112.035
0.127704 0.107935 1.04514 39.6745 0.0426166 0.990715 -0.127507 -5.65934 -1.00003 0.0577882 0.159429 111.998
0.151014 0.124466 0.967224 40.0925 0.0534852 0.990552 -0.129393 -5.63761 -0.971228 0.0670908 0.139151 112.182
0.148331 0.113496 1.04149 40.48 0.0387717 0.990101 -0.131633 -5.65995 -0.997028 0.0583137 0.18026 112.085
0.176623 0.116296 0.964644 40.9584 0.0321527 0.992708 -0.119387 -5.75548 -0.967409 0.0476749 0.166195 112.273
0.149691 0.142709 1.03768 41.5272 0.00207974 0.987862 -0.15741 -5.63669 -0.996895 0.0271671 0.1843 112.335
0.190181 0.168314 0.956346 42.0635 -0.00734486 0.986338 -0.163158 -5.59709 -0.964431 0.0204363 0.180811 112.471
0.16388 0.165305 1.03291 42.296 -0.00527041 0.984303 -0.178208 -5.63637 -0.993796 0.0261902 0.19678 112.472
0.187059 0.163114 0.958247 42.4537 -0.000368123 0.987091 -0.159536 -5.70469 -0.964716 0.0259895 0.175867 112.665
0.15631 0.15814 1.03623 42.6761 0.00141314 0.985367 -0.171861 -5.75721 -0.994592 0.0304421 0.187099 112.659
0.183283 0.172273 0.958409 42.9456 0.00194921 0.98544 -0.167529 -5.68453 -0.964962 0.0297584 0.170214 112.799
-0.939662 0.345361 0.208847 42.9817 0.325813 0.936801 -0.1272 -5.63198 -0.185269 -0.044735 -1.03296 112.367
-0.193877 0.269343 -0.89906 42.6245 0.285029 0.937786 0.206601 -5.44794 0.977864 -0.225514 -0.167191 112.359
0.949366 0.0953355 -0.273415 42.6016 -0.0553378 0.981521 0.195651 -5.29307 0.151423 -0.144928 1.07142 112.794
0.325356 0.155327 0.864095 42.9884 -0.0376893 0.990344 -0.148341 -5.27435 -1.0462 0.041158 0.15494 112.771
-0.844263 0.328276 0.360063 43.0918 0.306438 0.94057 -0.169663 -5.24018 -0.169485 -0.0446631 -1.12208 112.304
-0.337316 0.286589 -0.809386 42.7604 0.325517 0.932744 0.188348 -5.06058 1.06443 -0.237615 -0.152765 112.308
0.858686 0.111808 -0.426298 42.6697 -0.0369153 0.97786 0.239075 -4.88698 0.136484 -0.145263 1.16631 112.78
0.470539 0.137735 0.778825 43.0326 -0.079133 0.995538 -0.130973 -4.86428 -1.13831 0.0539931 0.141323 112.744
-0.758064 0.312372 0.515016 43.2043 0.288919 0.944132 -0.214163 -4.84917 -0.155351 -0.0440625 -1.22299 112.238
-0.484625 0.304573 -0.728295 42.8949 0.368026 0.927384 0.17182 -4.67319 1.16234 -0.251218 -0.139922 112.254
0.776742 0.127184 -0.583728 42.7354 -0.0202537 0.974386 0.284768 -4.4801 0.123118 -0.14613 1.27351 112.768
0.620362 0.119312 0.7017 43.078 -0.122819 1.00108 -0.115242 -4.45422 -1.24228 0.068399 0.129221 112.72
-0.680158 0.297484 0.675339 43.3195 0.273071 0.947526 -0.261169 -4.45908 -0.142718 -0.042927 -1.33676 112.169
-0.637357 0.323484 -0.654932 43.0286 0.413003 0.921652 0.156844 -4.28589 1.27264 -0.266465 -0.128529 112.198
0.70267 0.141624 -0.747365 42.7982 -0.00517741 0.971063 0.333211 -4.0723 0.111185 -0.147537 1.39415 112.759
0.776404 0.0998643 0.631907 43.124 -0.169206 1.00702 -0.100982 -4.04403 -1.3592 0.0845271 0.118506 112.699
-0.609725 0.283454 0.842719 43.4376 0.258727 0.950788 -0.311176 -4.06996 -0.131454 -0.0412445 -1.46459 112.097
-0.79712 0.34352 -0.588526 43.1619 0.460923 0.915485 0.143263 -3.89881 1.39648 -0.283516 -0.118465 112.139
0.635691 0.155281 -0.91893 42.8579 0.00847237 0.967855 0.384914 -3.6635 0.10056 -0.1495 1.5295 112.754
0.940308 0.0791866 0.568712 43.1701 -0.218784 1.01343 -0.0880434 -3.63359 -1.49029 0.102547 0.109066 112.681
-0.546023 0.270135 1.01892 43.5589 0.245736 0.953951 -0.364711 -3.6819 -0.12144 -0.0389972 -1.60782 112.022
-0.965597 0.364893 -0.528376 43.2954 0.51229 0.90882 0.130933 -3.51206 1.53517 -0.302553 -0.109624 112.077
0.575098 0.168298 -1.10023 42.9144 0.0208392 0.964728 0.440422 -3.25362 0.0911292 -0.152038 1.68098 112.752
1.1138 0.0570613 0.51145 43.2159 -0.272075 1.02037 -0.0762898 -3.22281 -1.63694 0.12265 0.1008 112.665
-0.488381 0.257385 1.2058 43.6837 0.233961 0.95705 -0.422338 -3.29504 -0.112568 -0.0361618 -1.76796 111.943
-1.14456 0.387829 -0.47385 43.4292 0.567646 0.901586 0.119725 -3.12576 1.69017 -0.323774 -0.101911 112.012
0.520254 0.180813 -1.29318 42.9671 0.0320534 0.96165 0.50032 -2.84255 0.0827943 -0.155178 1.8502 112.754
1.29871 0.0332554 0.459516 43.2611 -0.329641 1.02791 -0.0655969 -2.8116 -1.8007 0.145046 0.093622 112.653
-0.43619 0.245072 1.40533 43.8123 0.223278 0.960116 -0.484664 -2.90952 -0.104749 -0.0327078 -1.9467 111.86
-1.3359 0.412568 -0.424372 43.564 0.627573 0.893707 0.109519 -2.74009 1.86311 -0.347404 -0.095248 111.944
0.470581 0.192958 -1.49981 43.0156 0.0422334 0.958587 0.565238 -2.43018 0.0754684 -0.158955 2.03893 112.761
1.49698 0.00751798 0.412363 43.3049 -0.392087 1.03614 -0.0558523 -2.3998 -1.98328 0.169973 0.0874565 112.644
-0.388902 0.233064 1.6196 43.9454 0.213574 0.963182 -0.552345 -2.52556 -0.0978986 -0.028599 -2.14592 111.772
-1.54163 0.439371 -0.37942 43.7005 0.692702 0.885101 0.10021 -2.35521 2.05582 -0.373692 -0.0895658 111.872
0.425552 0.20486 -1.72229 43.0596 0.0514873 0.955509 0.635859 -2.01628 0.0690774 -0.163407 2.24917 112.773
1.71071 -0.0204215 0.369494 43.347 -0.460071 1.04515 -0.0469526 -1.98721 -2.18662 0.197691 0.0822418 112.639
-0.346016 0.221236 1.85088 44.0833 0.204747 0.966281 -0.626093 -2.14314 -0.0919478 -0.0237921 -2.36772 111.679
-1.76392 0.468521 -0.338521 43.8388 0.763719 0.875675 0.0916973 -1.97112 2.27032 -0.402914 -0.0848024 111.796
0.384698 0.216645 -1.96297 43.0987 0.0599109 0.952383 0.712929 -1.60074 0.0635488 -0.168581 2.48312 112.79
1.94214 -0.0508581 0.330459 43.3868 -0.534309 1.05502 -0.0388055 -1.5737 -2.41285 0.228493 0.0779176 112.639
-0.307085 0.209463 2.1016 44.2262 0.196704 0.969445 -0.706687 -1.76245 -0.0868283 -0.0182369 -2.61443 111.58
-2.0051 0.500324 -0.301245 43.9795 0.841374 0.865332 0.0838931 -1.58807 2.50887 -0.435378 -0.0809079 111.716
0.347585 0.228437 -2.22439 43.1321 0.0675943 0.949174 0.797259 -1.18337 0.0588276 -0.174532 2.74325 112.814
2.19371 -0.084112 0.294844 43.4238 -0.615584 1.06586 -0.0313236 -1.15911 -2.66436 0.262704 0.0744428 112.643
-0.271695 0.197621 2.3744 44.375 0.189361 0.972707 -0.794975 -1.38376 -0.0824898 -0.0118748 -2.88866 111.474
-2.26772 0.535116 -0.267201 44.1234 0.926483 0.853961 0.076715 -1.20627 2.77399 -0.471426 -0.0778393 111.63
0.313825 0.24036 -2.50929 43.1594 0.074617 0.94585 0.889737 -0.764021 0.0548601 -0.181322 3.0323 112.844
2.46807 -0.120533 0.262278 43.4575 -0.704751 1.07779 -0.0244297 -0.743328 -2.94379 0.300684 0.071776 112.652
-0.239474 0.185586 2.67215 44.5304 0.182639 0.976101 -0.891887 -1.00732 -0.0788859 -0.00463862 -3.19329 111.362
-2.55454 0.573263 -0.236027 44.271 1.01994 0.841444 0.0700863 -0.825879 3.06847 -0.511438 -0.0755689 111.539
0.283061 0.25254 -2.82068 43.1797 0.0810538 0.942377 0.991337 -0.342356 0.0516072 -0.189023 3.35331 112.882
2.76811 -0.160506 0.232418 43.4873 -0.80275 1.09093 -0.0180512 -0.326093 -3.25409 0.342834 0.069889 112.667
-0.210092 0.17323 2.998 44.6932 0.176472 0.979664 -0.998444 -0.633308 -0.0759692 0.00354724 -3.53154 111.241
-2.8686 0.615168 -0.207407 44.4228 1.12274 0.827648 0.0639425 -0.447011 3.39541 -0.555836 -0.0740552 111.442
0.254983 0.265103 -3.16185 43.1928 0.0869683 0.938716 1.10313 0.0817515 0.049019 -0.197715 3.70968 112.928
3.097 -0.204453 0.204959 43.5127 -0.910614 1.10542 -0.0121237 0.0926815 -3.59853 0.389598 0.0687513 112.688
-0.183237 0.160425 3.35538 44.8636 0.170793 0.983432 -1.11577 -0.261931 -0.0737095 0.0127692 -3.90696 111.112
-3.21319 0.661272 -0.181034 44.5795 1.23596 0.812428 0.058216 -0.0699841 3.75826 -0.605088 -0.0732922 111.339
0.229285 0.278184 -3.53637 43.1984 0.0924252 0.93483 1.2263 0.508225 0.0470786 -0.20749 4.10515 112.982
3.4582 -0.252836 0.179604 43.5335 -1.02948 1.12141 -0.00658267 0.512973 -3.98074 0.441468 0.0683597 112.715
-0.158628 0.147034 3.74804 45.0427 0.165544 0.987446 -1.2451 0.106435 -0.0720835 0.0231236 -4.32352 110.973
-3.59194 0.712059 -0.156636 44.7414 1.36078 0.795624 0.0528482 0.305078 4.16084 -0.659711 -0.0732644 111.229
0.205714 0.291914 -3.94821 43.194 0.0974766 0.930679 1.36213 0.937973 0.0457465 -0.218446 4.54389 113.047
3.85551 -0.306165 0.156116 43.5482 -1.1606 1.13907 -0.0013806 0.935388 -4.40475 0.498992 0.0686743 112.75
-0.13604 0.132925 4.18014 45.2319 0.16068 0.991745 -1.38779 0.471411 -0.0710336 0.0347131 -4.7856 110.823
-4.00885 0.768068 -0.133979 44.9096 1.49854 0.777058 0.0477908 0.67801 4.6074 -0.720285 -0.0739447 111.111
0.184013 0.306445 -4.4017 43.1783 0.102178 0.926219 1.51206 1.37154 0.0450178 -0.230704 5.03052 113.125
4.29312 -0.365001 0.134192 43.5551 -1.30535 1.15859 0.00355771 1.36057 -4.87503 0.562775 0.0697651 112.794
-0.115151 0.117932 4.65622 45.4315 0.156122 0.996381 -1.54536 0.833001 -0.0706456 0.0476759 -5.29807 110.662
-4.46832 0.829884 -0.112747 45.0851 1.65068 0.756536 0.0429643 1.04844 5.10263 -0.787441 -0.0754298 110.984
0.163908 0.32193 -4.90163 43.1522 0.106596 0.9214 1.67768 1.80861 0.0449386 -0.244396 5.57018 113.214
4.77565 -0.429966 0.113619 43.5549 -1.46527 1.18018 0.00827762 1.78819 -5.39652 0.63349 0.0716224 112.847
-0.0957746 0.101905 5.1813 45.6432 0.151833 1.0014 -1.71946 1.19056 -0.0708765 0.062142 -5.86633 110.487
-4.97518 0.898161 -0.0927427 45.2678 1.81879 0.73384 0.0383266 1.41641 5.65176 -0.861892 -0.0777037 110.849
0.145192 0.338537 -5.45324 43.1127 0.110773 0.916172 1.86072 2.25017 0.0455 -0.259669 6.16855 113.318
5.30817 -0.501741 0.0941433 43.5477 -1.64203 1.20405 0.0128407 2.21823 -5.97473 0.711878 0.0743056 112.909
-0.0777006 0.0846747 5.7609 45.8681 0.147766 1.00685 -1.91192 1.54358 -0.0717357 0.0782631 -6.49637 110.297
-5.53477 0.973619 -0.0737837 45.4592 2.00466 0.708732 0.0338389 1.78127 6.26056 -0.944421 -0.080759 110.703
0.127713 0.356434 -6.06236 43.0598 0.11474 0.910481 2.06311 2.69608 0.0466579 -0.276677 6.83192 113.436
5.8963 -0.581083 0.0756385 43.5291 -1.8375 1.23046 0.0172692 2.6521 -6.61574 0.798767 0.0777552 112.984
-0.0607814 0.0660653 6.40114 46.1076 0.143893 1.01279 -2.12477 1.89186 -0.0731839 0.0962028 -7.19482 110.092
-6.15298 1.05705 -0.0556862 45.6624 2.21024 0.680946 0.0294586 2.14225 6.93547 -1.0359 -0.08461 110.543
0.11131 0.375805 -6.73541 42.9917 0.118531 0.904269 2.28699 3.1472 0.0483998 -0.295596 7.56729 113.572
6.54623 -0.66883 0.057904 43.4983 -2.05373 1.25969 0.0216119 3.09019 -7.32631 0.895075 0.0820141 113.073
-0.0448425 0.0458811 7.10877 46.364 0.140173 1.01929 -2.36026 2.23452 -0.0752325 0.11615 -7.96906 109.867
-6.83633 1.14934 -0.038237 45.8804 2.4377 0.65019 0.0251317 2.49834 7.68358 -1.13729 -0.0893229 110.366
0.0957501 0.396864 -7.47948 42.9067 0.122205 0.897467 2.53471 3.60413 0.0508092 -0.316635 8.38241 113.726
7.26481 -0.765902 0.0406399 43.4567 -2.29301 1.29205 0.0259527 3.53214 -8.11392 1.00181 0.0872542 113.174
-0.0295818 0.0238912 7.89123 46.6385 0.136522 1.02642 -2.62087 2.57133 -0.0780535 0.138335 -8.82721 109.623
-7.59202 1.25145 -0.0211376 46.1079 2.68942 0.616144 0.0207744 2.85138 8.51277 -1.24965 -0.0950757 110.179
0.0807896 0.419838 -8.30238 42.8012 0.125827 0.890002 2.80888 4.06804 0.0540024 -0.34002 9.28586 113.904
8.05959 -0.873323 0.0237543 43.4 -2.55785 1.32788 0.0303056 3.97936 -8.98687 1.1201 0.0934293 113.293
-0.01509 -0.000101818 8.75675 46.9348 0.132986 1.03423 -2.90933 2.90107 -0.0813953 0.162953 -9.77833 109.354
-8.42801 1.36446 -0.0046316 46.3513 2.96808 0.578448 0.0164824 3.19933 9.43178 -1.37417 -0.101455 109.973
0.0668321 0.444876 -9.21282 42.6764 0.129246 0.881826 3.1124 4.53874 0.0573852 -0.365894 10.2872 114.102
8.93899 -0.992241 0.00754374 43.3326 -2.85105 1.36755 0.0345567 4.43051 -9.95437 1.25121 0.100075 113.423
-0.00145544 -0.0263168 9.71452 47.2536 0.129612 1.04281 -3.2287 3.22361 -0.0850238 0.190227 -10.8325 109.061
-9.35316 1.48958 0.0114263 46.6083 3.27661 0.536692 0.0122234 3.54292 10.4503 -1.51219 -0.108497 109.752
0.0536861 0.472288 -10.2205 42.5265 0.132517 0.872838 3.44848 5.01803 0.0610446 -0.394584 11.397 114.328
9.91234 -1.12394 -0.00818636 43.2485 -3.17573 1.41151 0.038762 4.88745 -11.0267 1.39655 0.107289 113.573
0.0112127 -0.0550114 10.7747 47.5929 0.126445 1.05224 -3.58238 3.53933 -0.0886972 0.220422 -12.0009 108.745
-10.3773 1.62815 0.0270033 46.8774 3.61829 0.490438 0.00801584 3.88243 11.5793 -1.66518 -0.116052 109.517
0.0411319 0.502344 -11.336 42.3525 0.1357 0.862949 3.82069 5.50527 0.0651106 -0.426368 12.627 114.582
10.9899 -1.26979 -0.0240164 43.1496 -3.53532 1.4602 0.0431039 5.34914 -12.2152 1.55765 0.115611 113.74
0.0240592 -0.0866342 11.9485 47.9635 0.123116 1.06266 -3.9741 3.84437 -0.0935815 0.25402 -13.2958 108.394
-11.5112 1.78164 0.0436832 47.169 3.99673 0.439188 0.00334425 4.21416 12.8305 -1.83476 -0.12578 109.257
0.0272216 0.535707 -12.571 42.1473 0.139441 0.851937 4.23293 6.00278 0.0716484 -0.461969 13.9902 114.869
12.183 -1.43123 -0.0418911 43.0216 -3.93357 1.51411 0.0482281 5.82063 -13.5323 1.73607 0.127108 113.939
0.0388392 -0.121704 13.248 48.3621 0.119045 1.07424 -4.40792 4.14024 -0.10153 0.29158 -14.7307 108.012
-12.7665 1.95158 0.0624763 47.4894 4.41582 0.382435 -0.00212331 4.53656 14.2169 -2.02263 -0.138713 108.965
0.0120433 0.572596 -13.9384 41.9171 0.143694 0.839734 4.68946 6.50896 0.0804621 -0.501612 15.5006 115.184
13.504 -1.61004 -0.0614183 42.8732 -4.3746 1.57383 0.0539862 6.29913 -14.9916 1.93379 0.141251 114.161
0.0546148 -0.160479 14.6868 48.779 0.114557 1.08708 -4.88834 4.42992 -0.111408 0.333376 -16.3206 107.61
-14.1565 2.13965 0.0822303 47.8211 4.87995 0.319615 -0.00799121 4.85483 15.7529 -2.23065 -0.153481 108.66
-0.00356036 0.613184 -15.4525 41.652 0.148163 0.826284 5.19505 7.0264 0.0905279 -0.545476 17.174 115.538
14.9666 -1.80803 -0.0811647 42.7122 -4.86305 1.63997 0.0598878 6.78143 -16.6084 2.15282 0.156366 114.397
0.0703498 -0.203182 16.2801 49.2669 0.110007 1.10125 -5.42043 4.69556 -0.12198 0.379641 -18.082 107.129
-15.6957 2.34783 0.102732 48.1962 5.39401 0.250071 -0.0141787 5.15832 17.4548 -2.46099 -0.169772 108.306
-0.0194451 0.657841 -17.1291 41.3536 0.152789 0.811464 5.75505 7.55465 0.101608 -0.593957 19.0281 115.929
16.5864 -2.02722 -0.101901 42.5227 -5.40407 1.7132 0.0661802 7.2728 -18.3998 2.39538 0.173236 114.665
0.0858216 -0.25006 18.0445 49.7546 0.10547 1.11682 -6.00979 4.96047 -0.132929 0.430635 -20.0336 106.649
-17.4003 2.57861 0.123305 48.573 5.96339 0.17297 -0.0204614 5.46023 19.3404 -2.71642 -0.186767 107.951
-0.0346517 0.707106 -18.986 41.0101 0.157271 0.79509 6.37534 8.09688 0.112572 -0.647646 21.0825 116.37
18.3804 -2.27017 -0.122342 42.2976 -6.00336 1.79437 0.0724494 7.77512 -20.3847 2.66431 0.190374 114.972
0.0998534 -0.30165 19.9989 50.3131 0.101355 1.13397 -6.66267 5.201 -0.142882 0.486946 -22.1962 106.089
-19.2886 2.8343 0.142639 48.9981 6.5942 0.0875386 -0.0263862 5.74549 21.43 -2.99949 -0.202951 107.541
-0.0474062 0.761092 -21.0432 40.5983 0.16098 0.77713 7.06259 8.66173 0.121385 -0.706656 23.3591 116.886
20.368 -2.53906 -0.139997 42.0233 -6.66742 1.88421 0.0778307 8.29386 -22.5846 2.96204 0.204954 115.334
0.111091 -0.357891 22.1644 50.9184 0.0981023 1.15269 -7.38616 5.42602 -0.15028 0.548496 -24.5931 105.478
-21.3808 3.11756 0.161045 49.4504 7.29323 -0.00710756 -0.0320635 6.02193 23.746 -3.31315 -0.218615 107.101
-0.061198 0.820849 -23.3226 40.1297 0.165096 0.757235 7.82416 9.24597 0.131869 -0.772143 25.8825 117.465
22.5702 -2.83745 -0.162684 41.7129 -7.4032 1.98392 0.0849565 8.82509 -25.0226 3.29249 0.225604 115.737
0.128036 -0.421409 24.5635 51.5597 0.092911 1.17385 -8.18774 5.63924 -0.164502 0.61819 -27.2492 104.827
-23.6986 3.43153 0.185827 49.9504 8.06767 -0.112026 -0.0399027 6.28242 26.3122 -3.66088 -0.241812 106.609
-0.076414 0.88712 -25.8477 39.6463 0.169742 0.735152 8.6679 9.83482 0.144401 -0.844923 28.6784 118.061
25.0099 -3.16799 -0.184676 41.3905 -8.21842 2.09438 0.0918945 9.35984 -27.7241 3.6586 0.24592 116.153
0.141821 -0.491077 27.2216 52.2804 0.0887282 1.19707 -9.07595 5.82541 -0.175662 0.694768 -30.1927 104.089
-26.2668 3.77942 0.207393 50.5053 8.92586 -0.228288 -0.0467057 6.52418 29.1562 -4.04624 -0.261856 106.055
-0.092473 0.960655 -28.6457 39.0727 0.174714 0.710633 9.6029 10.4538 0.15829 -0.92582 31.777 118.757
27.7131 -3.53453 -0.212034 40.9953 -9.12174 2.21688 0.100677 9.91916 -30.7178 4.06463 0.272583 116.649
0.157691 -0.568585 30.1666 53.0674 0.0838121 1.22292 -10.0601 5.98963 -0.189534 0.780098 -33.4545 103.276
-29.1123 4.1654 0.232098 51.1012 9.87677 -0.357284 -0.054596 6.75212 32.3079 -4.47383 -0.285756 105.455
-0.104396 1.0417 -31.746 38.4199 0.17835 0.6836 10.639 11.0988 0.167973 -1.0151 35.211 119.54
30.709 -3.94029 -0.229357 40.5421 -10.1229 2.35248 0.106145 10.4971 -34.0363 4.51416 0.288473 117.21
0.16458 -0.652495 33.431 53.9671 0.0818675 1.25091 -11.151 6.11556 -0.193809 0.872578 -37.0704 102.338
-32.2664 4.59399 0.251741 51.7904 10.9308 -0.500516 -0.0608168 6.94866 35.8017 -4.94867 -0.304378 104.752
