0.999922 -0.00063497 -0.0124366 0.128737 0.000646863 1 0.000955995 -0.00649513 0.0124362 -0.000963979 0.999923 1.02855
0.999911 -0.00215504 -0.0132916 0.114066 0.00217421 0.999998 0.00144255 -0.0335082 0.0132892 -0.00147156 0.999912 2.42722
0.999939 -0.000522143 -0.0109947 0.0309157 0.000512531 1 -0.000860916 -0.0356301 0.0109953 0.000855166 0.99994 3.659
0.999941 -0.00080326 -0.0110177 0.0136681 0.000792064 1 -0.000987157 -0.0549878 0.0110193 0.000978046 0.999941 5.03348
0.999933 -0.00121413 -0.0115359 0.0160203 0.00120974 1 -0.000378706 -0.0791259 0.0115366 0.000364684 0.999935 6.37527
0.999923 -0.00297939 -0.0122454 0.0306209 0.00298641 0.999995 0.000584398 -0.0981298 0.0122443 -0.000621216 0.999927 7.72583
0.999908 -0.00284432 -0.013346 0.0313117 0.00285824 0.999995 0.00103119 -0.114763 0.0133432 -0.00106932 0.999912 9.10454
0.999904 -0.00214425 -0.0139109 0.0131762 0.00213049 0.999998 -0.000976561 -0.130315 0.0139137 0.000946521 0.999905 10.4826
0.999903 -0.000267216 -0.0139462 -0.0096456 0.000228766 0.999996 -0.00275184 -0.151112 0.0139471 0.00274831 0.999901 11.8475
0.999914 0.00335933 -0.0130212 -0.0584912 -0.00341167 0.999988 -0.00397969 -0.170538 0.0130084 0.00402348 0.999911 13.1872
0.999907 0.00562679 -0.0124422 -0.0977482 -0.0056733 0.999977 -0.00369641 -0.201306 0.0124213 0.00376661 0.999919 14.5663
0.999923 0.00606794 -0.0111552 -0.143887 -0.00609668 0.99998 -0.00252112 -0.225658 0.0111404 0.00258865 0.999939 15.9322
0.999944 0.0039369 -0.0098692 -0.188428 -0.00393532 0.999992 0.000193386 -0.250498 0.00987008 -0.000154585 0.999954 17.3014
0.99997 -0.000207642 -0.00827842 -0.231522 0.0002215 1 0.00169886 -0.266724 0.00827884 -0.0017009 0.999969 18.6662
0.999968 -0.00242632 -0.00768476 -0.257351 0.00242184 0.999997 -0.000574966 -0.289485 0.00768632 0.000556286 0.999974 20.0447
0.999974 -0.00345268 -0.00713053 -0.29027 0.00343781 0.999994 -0.00208333 -0.31879 0.00713839 0.00205841 0.99998 21.3803
0.999958 -0.000794166 -0.00941723 -0.237909 0.000787166 1 -0.000733103 -0.425908 0.00941808 0.00072545 0.999959 22.7282
0.999965 0.00202377 -0.00879086 -0.257315 -0.00200661 0.999999 0.00196967 -0.458588 0.00879549 -0.00195243 0.999967 24.1292
0.999968 0.00263325 -0.00793997 -0.283736 -0.00258333 0.999978 0.00630571 -0.490911 0.0079566 -0.00628524 0.999953 25.5526
0.999984 0.000401758 -0.0065707 -0.31413 -0.000351473 0.999974 0.00766662 -0.499835 0.00657436 -0.00766462 0.999958 26.9289
0.999973 -0.00402395 -0.00659391 -0.32959 0.00406449 0.999974 0.0061616 -0.52056 0.00656923 -0.00618849 0.999964 28.3373
0.999976 -0.00448012 -0.00619561 -0.358512 0.00450774 0.999983 0.00445005 -0.545735 0.00617638 -0.00447837 0.999979 29.7254
0.999977 -0.00583049 -0.00449651 -0.397483 0.00584076 0.999982 0.00233747 -0.567529 0.0044832 -0.00236396 0.999992 31.0989
0.999999 -0.00266955 -0.00275752 -0.425466 0.00267354 0.999999 0.00154262 -0.590601 0.00275419 -0.00155061 1 32.4892
1 -0.00143769 -0.0015835 -0.45918 0.00143709 1 -0.000293013 -0.61243 0.00158423 0.000290456 1.00001 33.8807
1.00001 -0.000264855 -0.00070342 -0.483312 0.000264375 1 -0.000192542 -0.630203 0.000704263 0.00019173 1.00001 35.2906
1 8.7421e-05 -2.27352e-05 -0.505806 -8.75364e-05 1 0.000672366 -0.644157 2.31162e-05 -0.000672664 1.00001 36.7084
1.00001 0.00120853 -0.000340494 -0.510823 -0.00120829 1 0.00180444 -0.660852 0.000343445 -0.00180466 1.00001 38.1371
0.999998 0.00376193 -0.000405144 -0.513364 -0.00376115 0.999994 0.00221314 -0.680888 0.000413768 -0.00221192 1 39.5907
0.999986 0.00650182 0.000267779 -0.531273 -0.00650264 0.999981 0.00175812 -0.700057 -0.000255569 -0.00176047 1.00001 41.0362
0.999965 0.00892274 0.000139479 -0.533565 -0.00892317 0.999961 0.00225817 -0.723625 -0.000119093 -0.00225968 1 42.516
0.999957 0.0100038 0.000420953 -0.543875 -0.0100051 0.999952 0.00224107 -0.741968 -0.000397755 -0.00224582 1.00001 43.966
0.99996 0.00946214 7.53086e-05 -0.541232 -0.00946239 0.999956 0.00213806 -0.761617 -5.4874e-05 -0.00213904 1 45.4243
0.999967 0.00895355 -3.69001e-05 -0.548331 -0.00895387 0.999963 0.00184435 -0.783815 5.41761e-05 -0.00184461 1.00001 46.8646
0.999967 0.00864645 -0.000847405 -0.56061 -0.008645 0.999964 0.00186069 -0.799597 0.000863659 -0.00185366 1 48.2799
0.999969 0.00865712 -0.00211482 -0.561266 -0.00865095 0.999962 0.00310674 -0.819381 0.00214235 -0.00308905 1 49.7592
0.99996 0.00891387 -0.00335529 -0.558701 -0.00890457 0.99996 0.00282799 -0.83874 0.00338054 -0.00279836 0.999997 51.2298
0.999951 0.00954247 -0.00483567 -0.566044 -0.00952896 0.999955 0.00289439 -0.851738 0.00486379 -0.00284887 0.999994 52.7031
0.999943 0.00965535 -0.00569175 -0.583726 -0.00963614 0.999951 0.00342194 -0.868624 0.00572468 -0.00336726 0.999985 54.1406
0.99995 0.00890129 -0.00611755 -0.597112 -0.00887689 0.999956 0.00407073 -0.886697 0.0061542 -0.00401693 0.999983 55.6168
0.999957 0.00759377 -0.00625796 -0.608251 -0.00756832 0.999967 0.00411637 -0.905139 0.0062892 -0.00406918 0.999979 57.0843
0.999974 0.00558447 -0.00616611 -0.634407 -0.00556501 0.999983 0.00324023 -0.918905 0.00618479 -0.00320654 0.999986 58.5397
0.999982 0.00497284 -0.00464841 -0.668831 -0.00495941 0.999987 0.00295989 -0.933403 0.00466322 -0.00293716 0.999992 59.9819
0.999993 0.00445672 -0.00317432 -0.697948 -0.00444545 0.999987 0.00371112 -0.949431 0.00319152 -0.00369767 0.999999 61.426
0.999999 0.00283844 -0.00223698 -0.720492 -0.00282882 0.999991 0.00440933 -0.96604 0.00224964 -0.00440339 0.999995 62.8736
1.00001 0.000815464 -0.00207533 -0.703958 -0.00080758 0.999997 0.0040442 -0.992527 0.00207913 -0.00404322 1 64.3045
1 -0.00111696 -0.00155958 -0.71001 0.00112164 0.999998 0.00320854 -1.01084 0.00155606 -0.0032107 1 65.7524
1.00001 -0.000587076 -0.000596059 -0.719741 0.000588245 1 0.00290825 -1.03368 0.000594852 -0.00290928 1.00001 67.1923
1 4.28473e-05 -0.000141173 -0.721246 -4.27727e-05 1 0.00286419 -1.05354 0.000141312 -0.00286461 1 68.6503
1 0.00379366 0.00166639 -0.745482 -0.00380191 0.999988 0.0045698 -1.08635 -0.00164881 -0.00457678 1 70.0324
0.999976 0.00725869 0.00247541 -0.749428 -0.00727258 0.999963 0.00551804 -1.10019 -0.00243578 -0.00553642 0.99999 71.5329
0.999923 0.0125933 0.00389385 -0.752956 -0.0126141 0.999912 0.00526539 -1.11365 -0.00382725 -0.00531476 0.999991 72.9758
0.999863 0.0161914 0.00504333 -0.795874 -0.0162139 0.999864 0.00439636 -1.10764 -0.00497216 -0.00447801 0.999987 74.4449
0.999797 0.0196543 0.00622216 -0.813001 -0.0196766 0.999806 0.00348296 -1.11865 -0.00615273 -0.00360537 0.999987 75.8746
0.999756 0.0214794 0.00634193 -0.790517 -0.0215015 0.999767 0.00339458 -1.14879 -0.00626837 -0.00353061 0.999983 77.3192
0.999743 0.0219678 0.00716616 -0.803416 -0.0219903 0.999759 0.00301975 -1.15872 -0.00709847 -0.00317723 0.999983 78.7737
0.99976 0.0211817 0.00670133 -0.772779 -0.0211984 0.999777 0.002403 -1.18425 -0.00664998 -0.00254501 0.999985 80.1744
0.999804 0.0193499 0.00602055 -0.751852 -0.0193562 0.999818 0.000924898 -1.19142 -0.00600191 -0.00104192 0.999995 81.563
0.999805 0.0190308 0.0065417 -0.778631 -0.0190319 0.999824 8.11476e-05 -1.19683 -0.0065404 -0.000206155 0.99999 82.9853
0.99985 0.0170374 0.00578076 -0.731206 -0.017048 0.999861 0.00173897 -1.25152 -0.00575136 -0.00183789 0.999999 84.2828
0.999839 0.0175357 0.00557195 -0.740459 -0.0175373 0.999854 0.000239197 -1.25837 -0.00556926 -0.000337374 0.999999 85.7124
0.999852 0.0170965 0.00507025 -0.756206 -0.0170978 0.999861 0.000155237 -1.2723 -0.00506795 -0.000242535 1 87.1411
0.99985 0.0168537 0.00588001 -0.820252 -0.016852 0.999866 -0.00032205 -1.26127 -0.00588717 0.00022241 0.999998 88.6079
0.99989 0.0150645 0.00433095 -0.783128 -0.0150684 0.999895 0.000897172 -1.305 -0.00431853 -0.000962875 1.00001 90.0038
0.999924 0.0126065 0.00333386 -0.807954 -0.012607 0.999929 0.000200958 -1.297 -0.00333386 -0.000243445 1.00001 91.4559
0.999951 0.0107352 0.00329475 -0.809067 -0.0107355 0.999953 0.000132719 -1.32405 -0.00329496 -0.000168623 1.00002 92.8221
0.999953 0.00940054 0.00492445 -0.861559 -0.00939396 0.999964 -0.00130495 -1.32985 -0.00493946 0.00125816 1.00001 94.1875
0.999981 0.00789806 0.0030564 -0.800413 -0.00789347 0.99998 -0.00127904 -1.37562 -0.00306881 0.00125451 1.00002 95.6007
0.999971 0.00815114 0.00323793 -0.824064 -0.00814357 0.999974 -0.00219722 -1.38931 -0.003259 0.00217033 1.00001 97.0445
0.999964 0.0082907 0.00612998 -0.89636 -0.00826357 0.999968 -0.00432996 -1.38691 -0.00616805 0.00427877 0.999999 98.4553
0.999948 0.00929643 0.0061527 -0.876798 -0.0092693 0.999959 -0.00427716 -1.44146 -0.00619583 0.00421946 0.999992 99.8097
0.999916 0.0120032 0.00789611 -0.914319 -0.011962 0.999928 -0.00515087 -1.44784 -0.00795991 0.00505561 0.999985 101.197
0.999921 0.0113707 0.00724573 -0.878865 -0.0113484 0.999944 -0.00295879 -1.49175 -0.00728289 0.00287593 0.999993 102.566
0.999941 0.0120472 0.00392082 -0.805528 -0.0120459 0.999942 -0.000154049 -1.5525 -0.0039251 0.000106537 1.00002 103.892
0.999935 0.0116678 0.00401916 -0.819964 -0.0116584 0.999945 -0.00200775 -1.56767 -0.00404638 0.00196046 1.00002 105.274
0.999949 0.0111654 0.00433209 -0.802315 -0.0111471 0.999945 -0.00399978 -1.60552 -0.00437929 0.00395098 1.00001 106.608
0.999926 0.0119584 0.005551 -0.84434 -0.0119236 0.999927 -0.00598249 -1.61256 -0.00562624 0.00591558 0.999995 107.942
0.999959 0.00928433 0.00621865 -0.854144 -0.00925453 0.999964 -0.00462261 -1.64888 -0.00626415 0.00456457 1 109.267
0.999939 0.00867964 0.00851892 -0.886139 -0.00864542 0.999971 -0.00387889 -1.65999 -0.00855662 0.00380471 0.999986 110.667
0.999939 0.00795007 0.0100776 -0.895121 -0.00790913 0.999978 -0.00397488 -1.67611 -0.0101119 0.00389466 0.999973 112.039
0.999928 0.00710846 0.0109668 -0.869778 -0.007045 0.999977 -0.00566509 -1.70765 -0.0110113 0.00558718 0.999954 113.374
0.999914 0.00831674 0.0120586 -0.8619 -0.00823295 0.999959 -0.00688011 -1.76602 -0.0121182 0.00677987 0.999936 114.73
0.999855 0.0117827 0.0134259 -0.870788 -0.0116524 0.999904 -0.0096065 -1.78361 -0.0135423 0.00944842 0.999893 116.109
0.999787 0.0148863 0.0157415 -0.869742 -0.014735 0.999862 -0.00960718 -1.82063 -0.0158854 0.00937276 0.999863 117.434
0.999729 0.0165929 0.017152 -0.845117 -0.0164667 0.999853 -0.00736913 -1.86576 -0.0172763 0.00708445 0.999854 118.778
0.999719 0.0166678 0.0180971 -0.815939 -0.0165738 0.999865 -0.00526112 -1.9024 -0.0181854 0.00495929 0.999856 120.146
0.999696 0.0162543 0.019326 -0.817562 -0.0161493 0.999871 -0.00548386 -1.92149 -0.0194173 0.00516985 0.999827 121.493
0.999638 0.0172459 0.0217018 -0.816076 -0.0170918 0.999845 -0.00720412 -1.93084 -0.0218257 0.00683016 0.999772 122.85
0.999531 0.0201675 0.023628 -0.806612 -0.0199661 0.999779 -0.00865259 -1.94957 -0.0238019 0.00817655 0.999712 124.212
0.999437 0.0222037 0.0260096 -0.816837 -0.0219507 0.999728 -0.00992115 -1.96337 -0.0262259 0.00934413 0.999647 125.597
0.999371 0.0234854 0.0271248 -0.743976 -0.0232063 0.999694 -0.010486 -2.02366 -0.0273682 0.00984975 0.999608 126.881
0.999341 0.0240295 0.028053 -0.702623 -0.0237189 0.999673 -0.0113065 -2.0615 -0.0283191 0.0106331 0.999579 128.235
0.999344 0.0229673 0.028535 -0.635622 -0.0226675 0.999704 -0.0107178 -2.12217 -0.0287783 0.0100638 0.999566 129.559
0.999334 0.0227585 0.0293428 -0.602058 -0.0224754 0.999716 -0.00990226 -2.15398 -0.0295635 0.0092356 0.999558 130.908
0.999306 0.0215255 0.0309026 -0.575045 -0.0212366 0.999747 -0.00958142 -2.1837 -0.0311066 0.00891839 0.999508 132.267
0.999329 0.0203475 0.0312044 -0.533895 -0.020066 0.999774 -0.00926644 -2.21961 -0.0313895 0.00863355 0.999507 133.612
0.999371 0.0174543 0.031348 -0.494889 -0.0171738 0.99983 -0.00912964 -2.25455 -0.0315076 0.00858542 0.999498 134.961
0.999425 0.0155412 0.0309237 -0.445562 -0.0152899 0.999867 -0.00830607 -2.29335 -0.0310525 0.00782793 0.999525 136.347
0.999448 0.0139996 0.0306131 -0.418608 -0.013737 0.999887 -0.00870837 -2.32397 -0.0307373 0.00828295 0.999525 137.765
0.999462 0.0128583 0.0309741 -0.407983 -0.012586 0.999899 -0.00892352 -2.36076 -0.0310896 0.00852833 0.999519 139.113
0.999471 0.0117601 0.0307983 -0.389079 -0.0115143 0.99992 -0.0080837 -2.39527 -0.0308966 0.00772473 0.999525 140.49
0.999501 0.0100659 0.0307344 -0.37039 -0.0098172 0.999937 -0.00818693 -2.42727 -0.0308189 0.00788056 0.999532 141.868
0.999505 0.00999465 0.0303151 -0.353391 -0.00973959 0.999936 -0.00848511 -2.46068 -0.0304037 0.00818561 0.999536 143.244
0.999525 0.00996486 0.029972 -0.336245 -0.00969281 0.999929 -0.00916368 -2.49455 -0.0300652 0.00886825 0.999547 144.626
0.999503 0.0097651 0.030472 -0.329818 -0.00947225 0.999927 -0.00967616 -2.52663 -0.03057 0.00938267 0.999521 146.006
0.999519 0.00777965 0.0308338 -0.318748 -0.00739983 0.999915 -0.0123682 -2.56016 -0.0309313 0.0121334 0.999487 147.389
0.999538 0.00274503 0.0307558 -0.300663 -0.00234657 0.999932 -0.0129239 -2.59038 -0.030795 0.0128457 0.999476 148.774
0.999568 -0.00518199 0.0298105 -0.253044 0.00551984 0.99994 -0.011212 -2.62456 -0.0297545 0.0113711 0.999532 150.101
0.999509 -0.0111676 0.029748 -0.243171 0.0114941 0.999894 -0.0107732 -2.64796 -0.0296303 0.0111099 0.999533 151.475
0.999482 -0.0145329 0.0295977 -0.216944 0.0149658 0.999803 -0.0144068 -2.67953 -0.0293863 0.0148417 0.999497 152.86
0.999453 -0.0135542 0.0306243 -0.193867 0.0141141 0.999755 -0.0180789 -2.72163 -0.0303775 0.0185014 0.999401 154.207
0.999475 -0.0100655 0.0316205 -0.151399 0.010695 0.999767 -0.0197503 -2.78042 -0.0314182 0.0200774 0.999345 155.591
0.99943 -0.0101413 0.0326478 -0.112359 0.0107904 0.999765 -0.0197108 -2.82856 -0.032446 0.0200518 0.999305 156.978
0.999329 -0.0133444 0.0348838 -0.103469 0.0139224 0.99979 -0.0163286 -2.87555 -0.0346623 0.0168027 0.999298 158.296
0.999188 -0.0189103 0.0359626 -0.0576662 0.0193911 0.999746 -0.0130083 -2.92497 -0.0357131 0.0136951 0.999302 159.691
0.999098 -0.0224046 0.0367933 -0.0121968 0.0228594 0.999688 -0.0119364 -2.96477 -0.0365181 0.0127661 0.999292 161.06
0.999003 -0.0237254 0.0382025 0.00140903 0.0242225 0.999646 -0.0125441 -2.99503 -0.0378971 0.013457 0.999226 162.415
0.998982 -0.0213148 0.0403885 0.0280961 0.0218451 0.999701 -0.012695 -3.02433 -0.0401095 0.0135637 0.999144 163.791
0.998969 -0.0176243 0.0421646 0.0638917 0.0181943 0.999766 -0.0131211 -3.0693 -0.0419292 0.0138747 0.999059 165.161
0.998921 -0.014568 0.0446748 0.0966174 0.0152664 0.999787 -0.0152974 -3.11333 -0.0444461 0.0159622 0.998925 166.522
0.998897 -0.0122951 0.0456314 0.12785 0.0130225 0.99981 -0.0156297 -3.15162 -0.0454363 0.0162067 0.99887 167.885
0.998807 -0.0101424 0.0483091 0.143259 0.0108887 0.999846 -0.015179 -3.18338 -0.0481515 0.0156862 0.998757 169.256
0.998779 -0.00854135 0.0489557 0.178287 0.00932215 0.999851 -0.0156972 -3.21478 -0.04882 0.0161344 0.998712 170.634
0.998789 -0.00578091 0.0493945 0.224386 0.00670744 0.999825 -0.0185808 -3.25731 -0.0492822 0.0188889 0.998647 172.029
0.998798 -0.00290008 0.0492348 0.273293 0.00394606 0.999787 -0.0211138 -3.30775 -0.0491689 0.0212826 0.998599 173.397
0.998801 0.00232453 0.049433 0.323787 -0.00122605 0.999773 -0.0222108 -3.3617 -0.0494773 0.0221227 0.998571 174.821
0.998706 0.00683923 0.0506853 0.355078 -0.00576684 0.999776 -0.0212267 -3.40472 -0.050825 0.0209068 0.998526 176.192
0.998629 0.00979234 0.051909 0.419087 -0.00881675 0.999803 -0.0189606 -3.46337 -0.0520886 0.0184761 0.998512 177.618
0.998527 0.010786 0.053475 0.45541 -0.00988389 0.999825 -0.0170619 -3.50739 -0.0536557 0.0165079 0.998462 178.998
0.998575 0.007705 0.0532778 0.5184 -0.00685203 0.999868 -0.0161439 -3.55264 -0.0533994 0.015755 0.99849 180.398
0.998661 0.00527979 0.051776 0.58745 -0.00447299 0.999888 -0.0156409 -3.60197 -0.0518589 0.0153881 0.998574 181.817
0.998726 0.00543843 0.0506661 0.649742 -0.00444658 0.999819 -0.0196367 -3.6553 -0.0507679 0.0193855 0.998563 183.24
0.998722 0.00808745 0.0502226 0.692014 -0.00687903 0.999706 -0.024145 -3.70283 -0.0504093 0.0237684 0.998486 184.631
0.998671 0.0127139 0.050441 0.744721 -0.0114796 0.999652 -0.0246524 -3.75447 -0.0507412 0.0240397 0.998463 186.044
0.998623 0.015358 0.0504762 0.806792 -0.0141981 0.999651 -0.0232144 -3.81535 -0.0508212 0.0224655 0.998495 187.444
0.998561 0.0168331 0.0514053 0.865281 -0.015857 0.999709 -0.0193057 -3.87433 -0.0517197 0.0184619 0.998532 188.84
0.998503 0.017201 0.0522279 0.922286 -0.0163271 0.999742 -0.017072 -3.92927 -0.0525143 0.0161934 0.998529 190.237
0.99849 0.0164867 0.0528981 0.980998 -0.0156753 0.999775 -0.0156877 -3.98465 -0.0531492 0.0148339 0.998517 191.627
0.998503 0.0144098 0.0530687 1.04581 -0.0136334 0.999817 -0.0149277 -4.02916 -0.0532805 0.0141814 0.99852 193.086
0.998545 0.0118147 0.0531139 1.12479 -0.0110668 0.999858 -0.0143226 -4.07812 -0.05328 0.0137131 0.998526 194.56
0.998531 0.00860746 0.0537982 1.1913 -0.00787692 0.999896 -0.0137431 -4.12722 -0.0539173 0.0132987 0.998498 196.014
0.998518 0.0058959 0.0545986 1.26903 -0.00520202 0.999927 -0.0128128 -4.16815 -0.0546745 0.012509 0.998468 197.508
0.998459 0.00192622 0.0557687 1.32814 -0.00128416 0.999955 -0.0115178 -4.20759 -0.0557947 0.011428 0.998419 198.919
0.998438 -0.000315107 0.0563512 1.40527 0.000977693 0.999953 -0.0117023 -4.24522 -0.0563493 0.0117383 0.998384 200.368
0.998403 0.00167077 0.0567665 1.47893 -0.000767004 0.999895 -0.0159102 -4.28837 -0.0567934 0.0158409 0.998302 201.82
0.998322 0.0095098 0.057601 1.53219 -0.00831568 0.99977 -0.0209096 -4.337 -0.0577909 0.0203946 0.998163 203.263
0.998063 0.0179016 0.0598731 1.58652 -0.0166725 0.999664 -0.0209381 -4.38581 -0.0602341 0.0198989 0.998028 204.712
0.997806 0.0252741 0.0616506 1.64269 -0.0242433 0.999578 -0.0173882 -4.4285 -0.0620684 0.0158545 0.997989 206.161
0.997633 0.0267917 0.0636014 1.70273 -0.0258556 0.999568 -0.0154706 -4.46998 -0.0639947 0.013789 0.997898 207.617
0.997706 0.025332 0.0632198 1.79105 -0.0244146 0.999609 -0.0152218 -4.5101 -0.063585 0.0136425 0.997926 209.109
0.997741 0.0221822 0.0637035 1.84328 -0.0212422 0.999679 -0.0153668 -4.55338 -0.0640301 0.0139783 0.997893 210.538
0.997819 0.0200076 0.0633465 1.92021 -0.0190397 0.999718 -0.0158258 -4.59748 -0.0636493 0.0145842 0.997909 212.007
0.997768 0.020363 0.0638794 1.9827 -0.019363 0.999704 -0.0162066 -4.64707 -0.0641966 0.0149329 0.997869 213.463
0.997636 0.021604 0.0656697 2.02699 -0.0205884 0.999683 -0.0160842 -4.69053 -0.0660005 0.0146932 0.997755 214.922
0.997542 0.0224911 0.066637 2.10186 -0.0215454 0.99968 -0.0148516 -4.74585 -0.0669558 0.0133787 0.99771 216.409
0.997537 0.0228067 0.0667606 2.19555 -0.0218123 0.999666 -0.0155694 -4.7939 -0.0670975 0.0140739 0.997691 217.907
0.99755 0.0221049 0.0666364 2.29408 -0.0210568 0.999667 -0.016368 -4.83907 -0.0669822 0.0149241 0.997686 219.425
0.99759 0.0208092 0.066611 2.38461 -0.0197436 0.999691 -0.0166019 -4.88288 -0.0669401 0.0152458 0.997684 220.914
0.997569 0.0215736 0.0665253 2.47139 -0.0204934 0.999671 -0.0168553 -4.92984 -0.0668732 0.0154503 0.997686 222.414
0.997611 0.0213896 0.0661063 2.57005 -0.0203269 0.999678 -0.0166919 -4.98816 -0.0664463 0.0153073 0.997716 223.921
0.997565 0.0212497 0.0666919 2.63358 -0.0201839 0.999682 -0.016596 -5.03892 -0.0670295 0.0152088 0.997679 225.368
0.997619 0.0214904 0.0659666 2.73944 -0.0204427 0.999679 -0.0165053 -5.09578 -0.0663044 0.0151165 0.997729 226.905
0.997666 0.0217392 0.0650169 2.85035 -0.0207016 0.999672 -0.0165726 -5.15115 -0.065362 0.0151872 0.997791 228.491
0.997648 0.0222531 0.065261 2.93539 -0.0212026 0.999659 -0.0167374 -5.19792 -0.0656154 0.0153133 0.997773 229.996
0.997667 0.0214264 0.0650997 3.02517 -0.020365 0.999673 -0.0169061 -5.24675 -0.0654468 0.0155402 0.99778 231.518
0.997659 0.0201964 0.0657621 3.10596 -0.0191001 0.999692 -0.0172487 -5.28985 -0.0660945 0.0159512 0.997731 233.038
0.997623 0.0196765 0.0663061 3.18634 -0.0185582 0.999699 -0.0174216 -5.33511 -0.0666351 0.0161489 0.997691 234.569
0.997586 0.0185259 0.0673447 3.25914 -0.0174125 0.999727 -0.0170737 -5.37585 -0.0676468 0.0158588 0.997629 236.084
0.997532 0.0187597 0.0679208 3.3454 -0.0176266 0.999719 -0.0172263 -5.42051 -0.0682311 0.0159858 0.997586 237.622
0.997462 0.0199893 0.0687514 3.44191 -0.0187738 0.999681 -0.0182737 -5.46651 -0.069099 0.0169356 0.997512 239.146
0.997303 0.0206478 0.0706724 3.51027 -0.0193182 0.999648 -0.0194301 -5.50954 -0.0710549 0.0180118 0.997355 240.637
0.997226 0.0209856 0.0718017 3.61548 -0.0196724 0.999651 -0.0189409 -5.55457 -0.0721784 0.0174749 0.997284 242.138
0.997138 0.0208163 0.0729064 3.73552 -0.0196313 0.999688 -0.0169167 -5.60681 -0.073242 0.0154363 0.99724 243.62
0.997091 0.0196903 0.0740081 3.86034 -0.0185489 0.999723 -0.0160711 -5.65846 -0.0743082 0.0146506 0.997173 245.099
0.996943 0.020821 0.0755448 3.93413 -0.0195144 0.999673 -0.017978 -5.70543 -0.0759005 0.0164482 0.997026 246.666
0.996854 0.0207847 0.0768453 4.02744 -0.0193896 0.999659 -0.0188498 -5.76713 -0.0772152 0.0172996 0.996911 248.19
0.996935 0.0213895 0.0754934 4.18604 -0.020075 0.99966 -0.0181136 -5.83592 -0.0758616 0.0165418 0.997028 249.78
0.997064 0.0208635 0.0740547 4.33783 -0.0196882 0.999694 -0.0165584 -5.90145 -0.0743818 0.0150508 0.997163 251.347
0.997121 0.02076 0.0731917 4.4623 -0.0196467 0.999706 -0.015885 -5.96025 -0.0735064 0.0144004 0.997238 252.912
0.997151 0.0210035 0.0728263 4.57448 -0.0199218 0.999705 -0.0155411 -6.01998 -0.0731355 0.014045 0.997269 254.473
0.997126 0.0223263 0.072658 4.68448 -0.021288 0.999686 -0.0150189 -6.07517 -0.0729769 0.0134281 0.99729 256.044
0.997042 0.0233771 0.0735983 4.7727 -0.0223491 0.999666 -0.0147527 -6.12964 -0.0739229 0.0130632 0.997225 257.564
0.997037 0.0232462 0.0735871 4.87949 -0.0222784 0.99968 -0.0139307 -6.18921 -0.0738939 0.0122491 0.997238 259.116
0.997046 0.0217382 0.0740577 4.98161 -0.0208019 0.999719 -0.0133833 -6.24493 -0.0743321 0.0118022 0.99721 260.65
0.997107 0.0196587 0.0736903 5.09935 -0.0188397 0.99978 -0.0117755 -6.30873 -0.0739119 0.0103522 0.997259 262.243
0.997129 0.0169236 0.0741948 5.20576 -0.0161446 0.999834 -0.0110796 -6.35234 -0.0743744 0.00984884 0.997229 263.783
0.997167 0.0152951 0.0739209 5.31564 -0.0144498 0.999851 -0.0119388 -6.39333 -0.0740989 0.0108359 0.99724 265.349
0.997183 0.0139277 0.0740877 5.41502 -0.0129945 0.999857 -0.0130559 -6.43827 -0.0742633 0.0120554 0.997213 266.914
0.997 0.0106876 0.0768872 5.47707 -0.00988392 0.99992 -0.0108087 -6.48512 -0.0770027 0.0100154 0.997029 268.444
0.996935 0.00826113 0.0781705 5.57571 -0.00754034 0.999952 -0.00950377 -6.52249 -0.0782499 0.00888413 0.996942 270.004
0.997 0.00800255 0.0772314 5.71105 -0.00721623 0.999946 -0.0104386 -6.56917 -0.0773174 0.00984879 0.997007 271.62
0.997117 0.0076272 0.0758929 5.85881 -0.00678258 0.999938 -0.0113715 -6.61756 -0.0759796 0.0108229 0.997099 273.247
0.996975 0.00701907 0.0776599 5.94494 -0.00618101 0.999946 -0.0110096 -6.66854 -0.0777401 0.010495 0.996968 274.747
0.996942 0.00925242 0.0779893 6.07933 -0.00839998 0.999927 -0.0112463 -6.71397 -0.0780925 0.0105556 0.996938 276.343
0.996849 0.0110824 0.078796 6.19717 -0.0101861 0.999905 -0.0117498 -6.75954 -0.0789259 0.0109089 0.99687 277.902
0.996724 0.0122069 0.0803356 6.31136 -0.0113081 0.999894 -0.0116292 -6.81067 -0.0804738 0.0106815 0.996748 279.457
0.996613 0.013504 0.0813668 6.42708 -0.0125607 0.999875 -0.0120763 -6.85608 -0.0815268 0.0110121 0.99666 281.01
0.996571 0.0125852 0.0821648 6.55107 -0.0115883 0.999879 -0.0125946 -6.89879 -0.0823182 0.0115981 0.996587 282.543
0.996532 0.0109188 0.0827461 6.67976 -0.00986156 0.999892 -0.0131581 -6.94153 -0.0828881 0.0122952 0.996532 284.111
0.996428 0.00968108 0.0842702 6.82312 -0.00867625 0.999913 -0.0122795 -6.9946 -0.0843869 0.0115032 0.996415 285.627
0.996459 0.00811016 0.0839585 6.96516 -0.00716481 0.999937 -0.0115336 -7.03428 -0.0840548 0.01089 0.996452 287.261
0.996446 0.00735003 0.0842932 7.09196 -0.00640243 0.99994 -0.0115054 -7.07609 -0.084378 0.0109236 0.996422 288.859
0.996452 0.00562514 0.0842417 7.2168 -0.00449116 0.999926 -0.0136239 -7.12063 -0.0843202 0.013196 0.996402 290.436
0.996478 0.00531237 0.0840668 7.34869 -0.00395287 0.999885 -0.0163298 -7.16656 -0.0841492 0.0159387 0.996374 292.023
0.996541 0.00481264 0.0832359 7.47917 -0.00345727 0.999889 -0.0163993 -7.21251 -0.0833137 0.0160536 0.996445 293.611
0.99662 0.00285784 0.0824898 7.6079 -0.0014931 0.999887 -0.0166006 -7.25375 -0.0825333 0.0164201 0.996501 295.193
0.996591 0.00302998 0.0827221 7.7203 -0.00157956 0.999874 -0.0175719 -7.29915 -0.082773 0.0173801 0.996469 296.753
0.996635 0.00370091 0.08227 7.85733 -0.00219649 0.999855 -0.0183694 -7.3424 -0.0823315 0.0181255 0.996488 298.338
0.996691 0.00376386 0.0814834 7.98621 -0.00229556 0.999863 -0.0180867 -7.40175 -0.0815486 0.0178385 0.996561 299.989
0.996768 0.00261484 0.0806974 8.1098 -0.0011725 0.999866 -0.0179147 -7.45517 -0.0807389 0.0177609 0.996625 301.597
0.996886 0.00131712 0.0791552 8.25405 2.17154e-05 0.999886 -0.016892 -7.50131 -0.079177 0.0168398 0.996771 303.189
0.996927 0.00290887 0.0786917 8.37577 -0.00167473 0.999902 -0.0157446 -7.54949 -0.0787354 0.0155631 0.996822 304.797
0.996852 0.002676 0.0795497 8.49894 -0.00142261 0.999903 -0.0157903 -7.59787 -0.0795928 0.015626 0.996757 306.406
0.996831 0.00169329 0.0799364 8.62411 -0.000382291 0.999892 -0.0164127 -7.64118 -0.0799612 0.0163288 0.996712 308.039
0.996802 7.86584e-06 0.080215 8.75309 0.00133699 0.999889 -0.0166938 -7.68473 -0.0802146 0.0167463 0.996689 309.655
0.996823 -0.00164819 0.0800338 8.88509 0.0030802 0.999864 -0.0177718 -7.72819 -0.0799993 0.0179605 0.996681 311.279
0.996812 -0.00361062 0.0800136 9.01447 0.00522831 0.999815 -0.0200003 -7.77809 -0.0799351 0.0203535 0.996645 312.895
0.996852 -0.0044406 0.0795688 9.14442 0.00613291 0.999787 -0.0210362 -7.83161 -0.0794641 0.0214566 0.996654 314.507
0.997041 -0.00432663 0.0770752 9.2678 0.00602323 0.999773 -0.0217758 -7.89554 -0.0769721 0.0221742 0.996839 316.122
0.99727 -0.00335515 0.0741868 9.41405 0.00491471 0.999798 -0.0208494 -7.95675 -0.0741073 0.0211557 0.997074 317.8
0.997343 -0.00270111 0.073139 9.54999 0.00398258 0.999871 -0.0173625 -8.02324 -0.0730911 0.0176063 0.997224 319.466
0.997318 -0.00458245 0.0734788 9.66717 0.0056297 0.999914 -0.0140514 -8.08352 -0.0734134 0.0144261 0.997246 321.136
0.997288 -0.00479418 0.0737793 9.76435 0.00577813 0.999927 -0.0131107 -8.13353 -0.0737194 0.0135001 0.997241 322.783
0.997246 -0.00551443 0.0743822 9.86956 0.00658395 0.999907 -0.014141 -8.18566 -0.0743026 0.0145905 0.997178 324.428
0.99722 -0.0073307 0.0744885 9.99311 0.00842046 0.999892 -0.0143088 -8.23262 -0.0743839 0.0148949 0.997172 326.062
0.997188 -0.00737141 0.0749992 10.0922 0.00839556 0.999904 -0.01335 -8.298 -0.0748988 0.0139408 0.997143 327.688
0.997088 -0.00752836 0.0762099 10.2086 0.00858674 0.999901 -0.0135536 -8.34221 -0.0761087 0.0141671 0.997055 329.383
0.996987 -0.00480325 0.0778518 10.2763 0.00597515 0.999903 -0.0148293 -8.38912 -0.0777783 0.0152484 0.996904 331.013
0.996868 -0.00355971 0.0793346 10.3775 0.0048144 0.999897 -0.0156156 -8.43417 -0.0792791 0.0159472 0.996782 332.665
0.996764 -0.00517237 0.0806362 10.5045 0.00629555 0.999918 -0.0136836 -8.49248 -0.080564 0.0141456 0.9967 334.336
0.996652 -0.00576919 0.0818811 10.5957 0.00682384 0.999928 -0.0125937 -8.54363 -0.0818107 0.0131088 0.99662 335.954
0.996592 -0.00705424 0.0826017 10.7085 0.00819949 0.999906 -0.0135361 -8.59406 -0.0825036 0.0141658 0.996541 337.585
0.996603 -0.0061335 0.0824555 10.8413 0.00727113 0.999913 -0.0134917 -8.64322 -0.0823738 0.0140438 0.996561 339.228
0.996647 -0.00441685 0.0821255 10.9642 0.00571347 0.999894 -0.0155631 -8.69407 -0.0820531 0.0159787 0.996552 340.859
0.996688 -0.00332135 0.08158 11.0875 0.00483078 0.999851 -0.0183001 -8.74602 -0.0815153 0.0186319 0.996556 342.491
0.996755 -0.00123738 0.0809217 11.2047 0.0026917 0.999869 -0.0178691 -8.80086 -0.0808941 0.0180274 0.996611 344.132
0.996808 -0.00121999 0.0801635 11.3289 0.00237438 0.999926 -0.0142944 -8.86263 -0.0801485 0.0144375 0.996736 345.738
0.996976 -0.000692339 0.0781571 11.4462 0.0015587 0.99997 -0.011028 -8.91583 -0.0781522 0.011115 0.996931 347.349
0.997121 -0.000884862 0.0761902 11.5736 0.00185861 0.999949 -0.0126931 -8.94641 -0.0761835 0.0127966 0.997071 348.992
0.99726 -0.00228211 0.0744221 11.692 0.00335741 0.999924 -0.0143294 -8.98629 -0.0743889 0.0145385 0.997175 350.602
0.997392 -0.00414408 0.0724398 11.8169 0.00512693 0.999929 -0.0133693 -9.03863 -0.0723877 0.0137043 0.997342 352.213
0.997407 -0.00515409 0.072271 11.9111 0.00612402 0.999926 -0.0132077 -9.08929 -0.0722029 0.0136146 0.997349 353.875
0.997413 -0.0055007 0.0720692 12.0199 0.00652969 0.999912 -0.014032 -9.13992 -0.0719941 0.0144648 0.99736 355.523
0.997426 -0.0058824 0.0719529 12.1293 0.00697943 0.999895 -0.015007 -9.18922 -0.0718625 0.0154691 0.997346 357.152
0.997406 -0.00669189 0.0720614 12.2353 0.00779622 0.999888 -0.0150365 -9.24185 -0.0719612 0.0155578 0.997346 358.779
0.997398 -0.00751788 0.0721856 12.3499 0.00863402 0.999879 -0.0151648 -9.29459 -0.0720683 0.0157472 0.997327 360.4
0.997412 -0.0079639 0.071849 12.467 0.00914347 0.999861 -0.0160851 -9.33911 -0.0717194 0.0166989 0.997346 362.007
0.997417 -0.00798988 0.0718722 12.5803 0.00922707 0.999846 -0.0169002 -9.39839 -0.0717316 0.0175183 0.997322 363.641
0.997399 -0.00960363 0.0718323 12.7006 0.0108154 0.999838 -0.0164806 -9.45519 -0.0716708 0.0172131 0.997341 365.271
0.997417 -0.00929213 0.0717234 12.8206 0.0105531 0.999828 -0.0172249 -9.51429 -0.0715565 0.0179359 0.997327 366.904
0.997421 -0.0110684 0.0713133 12.9313 0.0124329 0.99978 -0.0186997 -9.5664 -0.0710991 0.0195365 0.99734 368.503
0.997405 -0.0136058 0.0712035 13.0524 0.0148421 0.99978 -0.0168634 -9.62125 -0.0709638 0.0178751 0.997371 370.141
0.997341 -0.0150164 0.0717176 13.143 0.0162277 0.999767 -0.0163178 -9.6715 -0.0714643 0.0174367 0.997353 371.762
0.997181 -0.0149601 0.0740412 13.2022 0.0162953 0.999748 -0.017461 -9.72017 -0.073767 0.0186169 0.997155 373.329
0.997146 -0.0146314 0.0744419 13.3146 0.0159568 0.999757 -0.0172227 -9.78461 -0.0741803 0.0183599 0.997137 374.895
0.997168 -0.0132496 0.0745502 13.4301 0.0145146 0.999792 -0.0164509 -9.8369 -0.0743226 0.0174849 0.997135 376.539
0.997117 -0.0124507 0.075239 13.5368 0.0136986 0.99981 -0.0160743 -9.88427 -0.075033 0.0170571 0.997096 378.166
0.997089 -0.0114364 0.0758903 13.6424 0.0127282 0.999815 -0.0165592 -9.93235 -0.0756927 0.0174755 0.997032 379.788
0.997026 -0.0124133 0.0764372 13.7432 0.0137505 0.999794 -0.016974 -9.99233 -0.0762193 0.0179731 0.99699 381.393
0.996955 -0.0128198 0.0774135 13.845 0.0141605 0.999791 -0.0167928 -10.0515 -0.0771878 0.0178365 0.996911 382.996
0.996852 -0.0121649 0.0787228 13.9608 0.0135811 0.999788 -0.0174626 -10.099 -0.0785022 0.0184752 0.996805 384.633
0.996824 -0.0106822 0.0794056 14.0777 0.0121325 0.999801 -0.0178034 -10.1469 -0.0792054 0.0187089 0.996737 386.268
0.99674 -0.00849746 0.080598 14.1924 0.00986455 0.999847 -0.0165644 -10.2209 -0.0804534 0.0173038 0.996671 387.878
0.996778 -0.00905846 0.0801711 14.3355 0.01042 0.999841 -0.0165787 -10.2753 -0.080014 0.0173593 0.996697 389.51
0.996759 -0.00720928 0.0805023 14.4605 0.00864261 0.999844 -0.0174559 -10.3252 -0.0803723 0.0180934 0.996664 391.131
0.996783 -0.00695004 0.0803251 14.5978 0.00841505 0.999837 -0.0179117 -10.3704 -0.0801934 0.0185286 0.996662 392.746
0.996795 -0.00734725 0.0800352 14.7361 0.00869001 0.999862 -0.0164273 -10.4306 -0.0799118 0.0170685 0.99672 394.325
0.996747 -0.0057539 0.0808616 14.8385 0.00711619 0.999871 -0.0165602 -10.4738 -0.0807621 0.0170804 0.996643 396.013
0.996667 -0.00431644 0.0818422 14.9556 0.00580359 0.999858 -0.0179266 -10.5177 -0.0817617 0.01834 0.996548 397.655
0.996683 -0.00306998 0.0817932 15.0919 0.00457703 0.999856 -0.0182351 -10.5673 -0.0817316 0.0185476 0.996537 399.29
