0.999039 -0.000108186 0.0438354 0.0385606 0.000243802 1 -0.00309099 -0.00973385 -0.0438335 0.0030989 0.999041 1.03206
0.999026 -0.00466341 0.0438715 0.0437207 0.00489332 0.999967 -0.00513256 -0.00855033 -0.0438478 0.00534209 0.999017 1.01035
0.998929 -0.000250969 0.0462851 0.00941051 0.000458757 0.999999 -0.00448171 -0.0031044 -0.0462823 0.00449826 0.998927 1.06143
0.998948 0.00108555 0.0458443 0.0229646 -0.000955373 0.999987 -0.00286043 -0.00660431 -0.0458484 0.0028135 0.998936 1.01774
0.9989 -0.00267378 0.0468655 0.0296228 0.00269664 1.00001 -0.000428484 -0.00790998 -0.0468627 0.000554421 0.998913 1.03178
0.998899 -0.00141009 0.0468765 0.0398229 0.00149467 0.99999 -0.00176183 -0.0135024 -0.0468755 0.00182993 0.998892 1.02584
0.99901 -0.00419434 0.044327 0.0675712 0.00433197 0.999995 -0.00301752 -0.00340134 -0.044312 0.00320666 0.999019 1.10694
0.99905 -0.00327919 0.0434117 0.0753386 0.00341018 0.999982 -0.00293734 -0.000421095 -0.0434034 0.00308247 0.999048 1.04825
0.998949 -0.000976185 0.0459093 0.0444156 0.00108723 1.00001 -0.00239344 -0.00594804 -0.0459047 0.00244105 0.998953 1.01164
0.998897 0.000381606 0.0468729 0.0356265 -0.000399266 0.99999 0.00036662 -0.00333779 -0.0468749 -0.000385146 0.998892 0.980598
0.998864 -0.00011588 0.0477716 0.0234432 0.000112171 1.00001 8.37695e-05 -0.00800314 -0.0477696 -7.80645e-05 0.99887 1.10245
0.998888 0.000337049 0.0470218 0.0577783 -0.000332873 0.99999 -9.56945e-05 -0.0199284 -0.0470241 7.97057e-05 0.998883 0.921065
0.998801 -0.00104032 0.049117 -0.0259324 0.00111358 1.00001 -0.00146131 0.00124036 -0.0491133 0.00151461 0.998807 1.08811
0.998642 -0.00240082 0.0518475 -0.051171 0.00247946 0.999988 -0.00145352 0.00342225 -0.0518461 0.00157972 0.99864 1.05724
0.998974 -0.0011714 0.0455187 0.0667288 0.00126621 1 -0.00205219 -0.0118229 -0.0455139 0.00210819 0.998976 1.02012
0.998863 -0.0036422 0.0473193 0.0166479 0.00364461 0.99999 3.30566e-05 -0.00756556 -0.0473214 0.00013894 0.998865 1.01204
0.998921 -0.000493001 0.0466501 0.0220506 0.000567946 1 -0.00158692 0.00109946 -0.0466473 0.00161217 0.998927 1.00343
0.998966 -0.00182417 0.0452006 0.0949784 0.00190103 0.999997 -0.00166378 -0.0281223 -0.0451995 0.00174748 0.998961 0.949849
0.998952 -0.00494158 0.0457336 0.0595134 0.00502603 0.999985 -0.00172397 -0.0094 -0.0457227 0.00195251 0.998971 0.988891
0.998957 0.00171521 0.045409 0.0318912 -0.00165533 1 -0.00136357 -0.0164277 -0.0454133 0.00128653 0.99895 0.966711
0.99893 -0.00231118 0.0464236 0.0293588 0.00247708 0.999991 -0.0035058 0.00418355 -0.0464134 0.00361732 0.998935 1.07763
0.998958 -0.00397322 0.0452347 0.0483926 0.00413482 0.999987 -0.00349434 -0.0234246 -0.0452223 0.00367749 0.998952 0.828812
0.998961 -0.00162747 0.0457924 -0.0191 0.00171454 0.999998 -0.00185112 -0.00297733 -0.0457875 0.0019279 0.998971 0.927016
0.999033 -0.00480124 0.0434528 0.024131 0.00481583 0.999987 -0.00024325 -0.0184004 -0.0434529 0.000451902 0.999035 0.910679
0.999204 -0.00445993 0.0399505 0.0496802 0.00450414 0.999991 -0.00100123 -0.00493696 -0.039944 0.00118066 0.999224 1.02917
0.999191 0.000651522 0.039913 -0.0320173 -0.000547727 0.999996 -0.00262659 -0.0135205 -0.0399162 0.00260236 0.999179 0.99688
0.999429 -0.00101555 0.0341601 0.0574772 0.000984231 0.999999 0.000952628 -0.0187747 -0.0341594 -0.000918151 0.999438 0.918838
0.999357 -0.00150259 0.0354947 -0.00609455 0.00147007 0.999999 0.000922538 -0.00864436 -0.0354978 -0.000870078 0.999348 0.953611
0.999468 -0.00226805 0.0329002 0.0753805 0.00226196 0.999997 0.000247929 -0.018976 -0.0328988 -0.000173191 0.999481 1.0016
0.999399 0.00270717 0.0342425 -0.0444612 -0.00261788 0.999995 -0.00266463 0.00707933 -0.0342512 0.00257335 0.99939 1.03831
0.999569 -0.000174727 0.0298317 0.0781327 0.000214924 0.999998 -0.00133711 -0.0231851 -0.0298294 0.00134297 0.999578 0.99657
0.99951 -0.00145474 0.0308057 0.0333564 0.00147574 1 -0.000671751 -0.00738399 -0.0308067 0.00071681 0.999502 1.0735
0.999506 -0.00109014 0.0318866 -0.000504872 0.00108926 0.999998 6.02244e-05 -0.00362374 -0.0318845 -2.54241e-05 0.999516 1.09835
0.999528 0.00142761 0.0301745 0.0419571 -0.00145322 1 0.000811754 -0.0123679 -0.0301753 -0.000855321 0.999521 1.05069
0.999609 -0.00129536 0.0284973 0.0284831 0.00130574 0.999998 -0.000328113 0.000467355 -0.0284949 0.00036527 0.999618 1.05309
0.999601 -0.00317443 0.0275178 0.00367978 0.00320764 0.999997 -0.00118095 0.00991171 -0.0275156 0.00126859 0.999598 1.12536
0.999678 -0.00520572 0.0254271 0.00590124 0.00524064 0.999983 -0.00128539 0.00933157 -0.0254183 0.00141842 0.999699 1.13116
0.999729 -0.00521773 0.0220541 0.0213721 0.00524035 0.999989 -0.00099323 0.000993285 -0.0220503 0.00110838 0.999733 1.08473
0.999806 -0.00577625 0.019586 0.011813 0.00578447 0.99998 -0.000333514 -0.0026488 -0.0195819 0.000446925 0.999831 1.06641
0.999855 -0.00428519 0.015621 0.0536106 0.00427406 0.999995 0.000708467 -0.0100104 -0.0156256 -0.000641803 0.999856 1.09259
0.999914 -0.00416917 0.013547 0.0511191 0.00417773 0.999987 -0.000557202 -0.0113622 -0.0135429 0.000613887 0.99993 1.09156
0.999876 -0.00259414 0.0147114 -0.00314217 0.00258907 1 0.000335327 -0.00387997 -0.0147138 -0.000297451 0.999869 1.22026
0.99993 -0.000715312 0.0129517 0.0251615 0.000705209 0.999995 0.000817427 -0.00103252 -0.0129507 -0.00080791 0.999939 1.24594
0.999905 0.000154255 0.0127723 -0.00627809 -0.000145636 1 -0.000709752 -0.00089357 -0.012774 0.000707573 0.999895 1.24947
0.999945 -0.000302131 0.0116616 0.0059337 0.000337652 0.999991 -0.00300624 -0.00911359 -0.011659 0.00301014 0.999952 1.27244
0.999924 -0.000616731 0.0113587 -0.0108973 0.000660562 0.999996 -0.00388388 0.00513484 -0.0113575 0.00389096 0.999905 1.28997
0.999977 -0.00117845 0.00837297 0.01175 0.00119777 0.999995 -0.00223012 -0.0140172 -0.00836869 0.00224017 0.999987 1.18816
0.999964 0.0005745 0.00702156 0.00812838 -0.000569381 1 -0.000830415 -0.00783974 -0.00702342 0.000826252 0.999952 1.27988
0.999995 -0.000657152 0.00552309 0.0064989 0.000659395 0.999998 -0.000281868 -0.00708074 -0.0055215 0.000285747 1.00001 1.28041
0.999978 -0.000759212 0.00464427 -0.00620246 0.000763536 1 -0.00107417 -0.0051755 -0.00464485 0.00107749 0.999966 1.30051
1 0.000956174 0.00395766 -0.0132537 -0.000948248 0.999996 -0.00184939 -0.00577411 -0.00395795 0.00184582 1.00001 1.29105
0.999981 -0.000115753 0.00380011 0.0025663 0.000119112 1 -0.00102426 0.00982256 -0.00380117 0.00102451 0.999969 1.35886
1.00001 0.000877019 0.00243919 -0.0135684 -0.000877886 0.999999 0.000644723 0.00495962 -0.00243729 -0.000646644 1.00002 1.33492
0.999987 -0.000350848 0.00168776 -0.0118531 0.000346798 0.999999 0.0019888 -0.00272234 -0.00168977 -0.00198847 0.999974 1.34374
1.00001 0.00106743 0.00282769 -0.0194576 -0.0010718 0.999998 0.00179499 -0.00527277 -0.00282425 -0.00179775 1.00002 1.43612
0.999982 -0.00231166 0.00209287 -0.0122 0.00231176 0.999997 -0.00041756 -0.00504782 -0.00209341 0.000422212 0.999972 1.43213
1.00001 0.000577704 0.00111106 -0.0320969 -0.000577168 0.999999 0.000208513 -0.00333377 -0.00110916 -0.000208908 1.00003 1.37209
0.999987 -0.00109886 0.00101487 -0.0291422 0.00109824 1 -0.000158733 -0.0133989 -0.00101621 0.000159534 0.999975 1.46232
1.00001 0.00120407 0.00182817 -0.056269 -0.00120444 0.999999 0.000718842 -0.0145802 -0.00182558 -0.000720798 1.00003 1.48151
0.999987 -0.000124117 -0.00214717 0.0227054 0.000121701 1 -0.000700831 -0.016475 0.00214568 0.000700263 0.999972 1.49531
1.00001 0.000179221 -0.000672597 -0.0452865 -0.000178088 1 0.00042958 -0.00668558 0.000674495 -0.000429262 1.00003 1.49911
0.999988 0.000910825 -0.00173865 -0.00014454 -0.000908244 0.999998 0.00192461 -0.0156418 0.00173889 -0.00192331 0.999972 1.57798
1.00001 -0.000826263 -0.0022847 -0.0515352 0.000829474 1 0.00101615 -0.0345952 0.00228562 -0.00101791 1.00002 1.45359
0.999989 0.00112121 -0.000781396 -0.0215753 -0.00112183 0.999998 0.000338831 -0.0184874 0.000780215 -0.000338122 0.999974 1.62424
1.00001 1.55859e-05 -0.000553526 -0.0226829 -1.44017e-05 1 0.000492654 -0.0158649 0.000555141 -0.000492489 1.00003 1.60947
0.999989 0.000541126 -0.00137362 -0.0380274 -0.000540978 0.999999 0.000766062 -0.0241682 0.00137256 -0.000765505 0.999973 1.56188
1.00001 -0.00206564 -0.00142123 -0.013486 0.00206879 0.999999 0.00157852 -0.00168211 0.00141966 -0.00158122 1.00002 1.65753
0.999987 -0.00163746 -0.00128173 0.00522577 0.00163952 0.999995 0.00227167 -0.00296758 0.00127645 -0.002274 0.99997 1.71024
1.00001 -0.00105083 0.000542202 -0.0487772 0.00105203 1 -0.000863031 -0.0114659 -0.000539587 0.000863737 1.00003 1.70666
0.999987 -0.00239843 -0.000581721 -0.066838 0.00239688 0.999998 -0.000976317 -0.0275779 0.00058246 0.000974802 0.999975 1.63264
1.00001 0.000941263 -0.000257441 -0.00753488 -0.000940177 0.999999 0.000423204 -0.0134038 0.000259987 -0.000422927 1.00003 1.75912
0.99999 -0.000288297 0.000311894 -0.0895692 0.000287036 1 0.000643033 -0.0260073 -0.000314075 -0.000642997 0.999973 1.62222
1 0.00225789 0.00194528 -0.115689 -0.0022591 0.999997 0.00114618 0.00677842 -0.00194065 -0.00115052 1.00002 1.67565
0.999989 -0.00153816 -0.00159353 0.0102573 0.00153784 0.999998 0.000460348 -0.0279021 0.00159088 -0.000462863 0.999972 1.72556
1.00001 0.000539843 -7.92372e-05 -0.0234088 -0.000538497 1 0.00170544 -0.0326621 8.23073e-05 -0.00170546 1.00003 1.80117
0.999989 0.00200249 -0.000426043 0.0127217 -0.00200383 0.999997 -0.000454298 -0.00465288 0.000423012 0.000455277 0.999972 1.83514
1.00001 0.00090777 0.000878744 -0.0187337 -0.00090579 1 -0.000883546 -0.00480699 -0.000877058 0.00088248 1.00003 1.88015
0.999988 0.00196215 0.00166048 -0.0611928 -0.00196094 0.999996 -0.00141252 0.0074223 -0.00166543 0.00140947 0.999971 1.77168
1.00001 0.000743136 0.000390287 -0.0189461 -0.000741848 1 -0.000447382 -0.0153017 -0.000388374 0.000446942 1.00003 1.80834
0.999992 0.00146507 0.0010494 -0.00204536 -0.00146702 0.999999 0.000525431 0.000635576 -0.00105053 -0.000526911 0.999974 1.92576
1.00001 -0.000114837 0.000294224 -0.0225908 0.000116532 1 -0.000640738 0.00348927 -0.000292145 0.000640706 1.00003 1.8232
0.999989 0.00263288 0.00187684 -0.0496076 -0.00263484 0.999998 0.000176663 0.00210656 -0.00187806 -0.00018149 0.999974 1.92873
1 0.00029021 0.00151445 0.0262983 -0.000287154 0.999999 -0.000954935 -0.00594777 -0.00151286 0.000954251 1.00002 2.0012
0.999977 0.00451595 0.00395384 -0.180806 -0.00451312 0.999992 -0.00114947 0.00487438 -0.00396001 0.00113179 0.999969 1.68645
0.999997 0.000113462 0.00433589 0.00329311 -0.000107968 0.999998 -0.00079576 0.00168556 -0.00433429 0.000794967 1.00001 2.02202
0.999982 0.00117926 0.00479832 0.00757076 -0.00118761 1 0.00131456 -0.0243266 -0.00479842 -0.00131994 0.999967 1.97103
0.999976 0.00402913 0.00676556 -0.12899 -0.00402629 0.999991 -0.000102424 -0.00604082 -0.00676397 7.47261e-05 0.999999 1.78138
0.999973 0.00153217 0.00608988 -0.0616877 -0.0015314 1 -0.00051929 -0.0198285 -0.00609233 0.000510418 0.99996 2.00136
0.999989 0.000101789 0.00606673 -0.0349741 -9.00068e-05 0.999997 -0.00154218 -0.00766796 -0.00606522 0.00154112 1 2.03204
0.999991 -0.000491154 0.00238674 -0.0447552 0.00049062 1 -0.000814822 -0.0474624 -0.00238744 0.000816321 0.999979 1.8373
0.999991 0.00256475 0.00510301 0.0092695 -0.00255742 0.999996 -0.000933249 -0.00228927 -0.00510403 0.000919751 1.00001 2.07478
0.999964 0.00292993 0.00709598 -0.104247 -0.00292103 0.999996 -0.00163976 0.0113763 -0.00710185 0.0016194 0.999955 1.88297
0.999983 0.00244709 0.00674239 -0.0175512 -0.00244278 0.999996 -0.000267365 -8.8618e-05 -0.00674155 0.000250469 0.999998 2.11379
0.999969 0.00078363 0.006691 -0.0467096 -0.000784752 1 -0.000224094 -0.00175979 -0.00669263 0.000219281 0.999957 2.06999
0.999976 -0.000461034 0.00804763 -0.0701814 0.000467592 1 -0.000485824 0.00163542 -0.00804596 0.000489077 0.999989 2.02608
0.99996 0.000775196 0.00777415 -0.0732229 -0.000754515 0.999995 -0.00299777 -0.00502431 -0.00777792 0.00299237 0.999944 2.01941
0.999997 0.000257418 0.00494103 0.00567552 -0.000251995 1 -0.000591025 -0.0211934 -0.00493959 0.000589273 1.00001 2.07673
0.999983 0.00273246 0.00345021 0.0921128 -0.00273196 0.999995 -0.000885315 0.0301718 -0.00345409 0.000876446 0.999971 2.02463
0.999986 0.00120197 0.00657873 -0.0031721 -0.00120469 1 0.000777994 -0.0128371 -0.00657636 -0.000786433 1 1.99238
0.99999 -0.00127364 0.00183334 0.0510412 0.00127886 0.999989 -0.00420457 0.0278862 -0.00182916 0.00420754 0.999966 2.00965
1.00001 -0.001827 -0.000670212 0.0997013 0.00182936 1 4.42386e-05 0.00880673 0.00067131 -4.5903e-05 1.00002 2.09236
0.999982 -0.00229233 0.00356598 0.0367227 0.00228627 0.999997 0.00110403 -0.0123953 -0.00356926 -0.00109558 0.99997 2.21872
1 -0.00190179 0.0034646 -0.00792778 0.00190026 0.999999 0.000898693 -0.0258085 -0.00346513 -0.000892388 1.00002 2.04485
0.999988 -0.000346845 0.000392383 0.0423754 0.000345413 1 4.62991e-05 -0.0146543 -0.000392959 -4.6019e-05 0.999973 2.08332
1.00001 -0.000414348 -0.000206248 0.0476609 0.000415756 1 0.00013908 -0.025551 0.000206861 -0.000139302 1.00003 2.11631
0.999987 0.00148172 0.00158885 0.0318584 -0.00148174 1 -0.000803782 0.00418105 -0.00159052 0.000801575 0.999973 2.19566
1.00001 0.00175059 0.00289022 0.0270404 -0.00174407 0.999996 -0.00178107 0.000757672 -0.0028928 0.00177581 1.00002 2.2137
0.999978 0.000934456 0.00398291 -0.0160773 -0.000929637 1 -0.00161021 -0.00981634 -0.00398437 0.00160672 0.999965 2.12458
1.00001 0.000941837 0.00422898 -0.0185493 -0.000941872 0.999996 0.000397744 -0.0225477 -0.00422852 -0.000401958 1.00002 2.17714
0.999975 0.000151108 0.00450128 -0.0139313 -0.000150868 1 -0.000409303 -0.0138358 -0.00450142 0.000408899 0.999964 2.1872
1.00001 0.00115461 0.00447081 -0.012804 -0.00115068 0.999997 -0.000518205 -0.00295325 -0.00447121 0.000512718 1.00002 2.24088
0.999978 0.000709589 0.00381188 0.0249382 -0.000709911 1 -0.000420938 -0.00667415 -0.00381231 0.000418557 0.999969 2.17715
1.00001 0.000256105 0.0038514 -0.00422934 -0.000255628 0.999997 0.000334578 -0.0148969 -0.00385091 -0.000335804 1.00002 2.24167
0.999981 -0.000167173 0.00274548 0.0149112 0.000163745 1 0.000566805 -0.0191209 -0.00274591 -0.000566105 0.999972 2.23775
1.00001 -0.000742937 0.00243675 0.0062228 0.000745226 0.999997 -0.000153935 -0.0232154 -0.00243631 0.000155528 1.00002 2.24802
0.999979 0.000247335 0.00348189 -0.0178943 -0.000244972 1 -0.00120927 -0.0204598 -0.0034824 0.00120863 0.99997 2.22294
1.00001 -0.000107699 0.00278574 0.00248509 0.000114836 0.999995 -0.00189986 -0.00432756 -0.00278508 0.0018999 1.00002 2.28529
0.999979 -0.000295394 0.00328445 -0.0144518 0.000296158 1 -0.000818391 -0.0126813 -0.00328456 0.000819608 0.999969 2.31558
1.00001 0.000149617 0.00325353 -0.00627755 -0.000144035 0.999996 -0.00111722 -0.0211503 -0.0032533 0.00111648 1.00002 2.31815
0.999981 0.000590483 0.00308 -0.0258362 -0.000594347 1 0.000594031 -0.0217623 -0.00307999 -0.00059563 0.999971 2.3289
1 0.000800591 0.00470458 -0.0218688 -0.000799256 0.999996 0.000144113 -0.0228031 -0.00470414 -0.000148097 1.00001 2.32898
0.999976 -0.00154478 0.00372727 -0.00554052 0.00154097 1 0.000453544 -0.0236043 -0.00372817 -0.000447569 0.999968 2.30682
1.00001 -0.0010774 0.0031855 -0.00690789 0.00107642 0.999995 0.000971985 -0.0165632 -0.00318628 -0.000968798 1.00002 2.30906
0.999981 -0.00116419 0.00171129 0.00455224 0.00116073 1 0.000780144 -0.0257005 -0.00171241 -0.000777944 0.999973 2.32014
1.00002 -3.20686e-05 0.00197091 0.0133163 3.41217e-05 0.999998 9.73805e-07 -0.00891906 -0.00197025 -1.17804e-06 1.00002 2.3877
0.99998 0.00143779 0.00192134 -0.013342 -0.00143843 1 -0.000709762 -0.0150179 -0.00192282 0.00070729 0.999973 2.35329
1.00001 0.00133927 0.00149558 0.0183411 -0.00133448 0.999995 -0.00182286 -0.0208214 -0.00149734 0.00182051 1.00002 2.38183
0.999981 0.000468879 0.00199099 0.0205013 -0.000466445 1 -0.00223691 -0.0139472 -0.00199267 0.00223631 0.99997 2.38556
1.00002 0.00113321 0.00170113 0.00452306 -0.00112877 0.999995 -0.00143135 -0.0177006 -0.00170206 0.00142914 1.00002 2.37693
0.999979 0.00222624 0.00272404 0.000161705 -0.00222438 1 -0.00140233 -0.00734841 -0.00272741 0.00139647 0.999974 2.46715
0.999999 -0.00122598 0.00532886 -0.0519478 0.00123317 0.999995 -0.00090915 0.00741905 -0.00532733 0.0009154 0.999999 2.52074
0.999987 -0.000690925 0.0015534 0.0394106 0.000687118 1.00001 0.000370224 -0.0167686 -0.00155316 -0.000368808 0.999988 2.28537
1.00001 0.000187909 0.000327795 0.0230384 -0.000184834 0.999991 0.000475876 -0.0116212 -0.000328053 -0.000476304 1.00001 2.3007
0.999988 -0.00118297 0.000708212 0.0337073 0.00118002 1.00001 -0.000506139 -0.0171091 -0.000706898 0.000507373 0.99999 2.35797
1.00001 0.00125179 0.00170141 0.0101511 -0.00124786 0.99999 -0.000401575 -0.0223356 -0.00170245 0.000399054 1.00001 2.40096
0.999982 0.000962614 0.00330196 0.00355846 -0.000963834 1.00001 -0.00064749 -0.0225695 -0.00330163 0.000644734 0.999985 2.52196
1.00001 0.000751908 0.00322495 0.0102114 -0.000747714 0.999991 -0.000248144 -0.0191214 -0.00322601 0.000245288 1 2.51409
0.999986 -1.9772e-05 0.00279237 0.0225959 1.84174e-05 1.00001 -0.000739738 -0.00822249 -0.00279149 0.000740224 0.999989 2.53287
1.00001 -0.000618271 0.00317107 -0.0350134 0.000620497 0.999991 0.000362566 -0.0114002 -0.00317197 -0.000360938 1 2.51488
0.999978 -0.000494093 0.00434098 -0.0115953 0.000488339 1.00001 0.000482923 -0.003853 -0.00434023 -0.000480413 0.999982 2.60115
1.00001 -0.00146433 0.00208887 0.0149492 0.00146905 0.999991 -0.000594559 -0.0167851 -0.00208859 0.000597254 1.00001 2.50548
0.999984 0.000100923 0.00274082 0.0149831 -9.99807e-05 1.00001 -0.00160577 -0.00451389 -0.00274028 0.00160582 0.999986 2.54842
1.00001 0.000931829 0.00301492 -0.0393334 -0.000928332 0.999994 -0.000215887 -0.0311429 -0.00301447 0.000212951 1.00001 2.41055
0.999985 -0.000187873 -0.000456759 0.058222 0.000184059 1.00001 -0.00177216 -0.0167044 0.000457127 0.00177232 0.99999 2.41185
1.00001 0.000900181 0.00236411 0.00738249 -0.000892548 0.999993 -0.00200229 -0.000855026 -0.00236543 0.00199996 1.00001 2.48492
0.999973 0.00323315 0.00277968 -0.0496069 -0.0032346 0.999999 -0.000538368 -0.0285651 -0.00278166 0.000529573 0.999988 2.4749
1.00002 -0.0008872 0.00159597 0.0284123 0.000891987 0.999996 -0.0012052 -0.0164345 -0.00159422 0.00120638 1.00001 2.48985
0.999979 -0.00136428 0.00200002 0.0328326 0.00136001 1 0.000690054 -0.00926843 -0.00200154 -0.000687124 0.99999 2.54904
1.00001 0.0010761 0.003056 -0.0120277 -0.00107682 0.999997 0.000997958 -0.0232802 -0.00305392 -0.00100134 1 2.48237
0.999971 0.0020682 0.00374551 -0.0352713 -0.00206909 1 -0.000301 -0.0211935 -0.00374706 0.000293354 0.999984 2.39131
1.00001 0.00155502 0.00341655 -0.014612 -0.00154928 0.999995 -0.0010473 -0.0233821 -0.00341718 0.00104188 1 2.40313
0.999973 -0.000799323 0.00280556 0.0579791 0.000794683 1 0.000725626 -0.0257225 -0.00280695 -0.000723235 0.999985 2.45853
1.00002 0.00149392 0.00203351 -0.00357167 -0.00149217 0.999996 0.000450744 -0.0285682 -0.00203183 -0.000454015 1.00001 2.48184
0.999966 -0.000494601 0.00438998 0.00242347 0.000491232 1 0.000145054 -0.0292207 -0.00439105 -0.000142624 0.999979 2.48177
1.00002 0.0013706 0.00326609 0.0119675 -0.00136824 0.999996 0.000115313 -0.0157912 -0.00326489 -0.00012005 1.00001 2.46579
0.999967 0.000794054 0.00344444 0.00975382 -0.00079689 1 3.79255e-05 -0.023612 -0.00344547 -4.03881e-05 0.99998 2.45578
1.00002 0.00157387 0.00326577 -0.000694738 -0.00157057 0.999996 -0.000195443 -0.0277414 -0.00326502 0.000190023 1.00001 2.45237
0.999967 -0.0006843 0.00372484 0.0149015 0.000684983 1 -0.000884317 -0.0240559 -0.00372522 0.00088716 0.999979 2.57211
1.00001 0.000189948 0.0052242 -0.0264884 -0.00018649 0.999997 -0.000233179 -0.023938 -0.00522312 0.000231947 1 2.44249
0.999949 -0.00037833 0.00699904 -0.0169306 0.000381224 1 -0.000718515 -0.0144692 -0.00699988 0.000721397 0.999962 2.47105
1.00002 0.00143444 0.0043469 -0.0392884 -0.0014283 0.999996 -0.000918348 -0.0172929 -0.00434701 0.000911899 1 2.43082
0.999962 5.46933e-05 0.00432594 -0.0247845 -5.62096e-05 1 -0.000155505 -0.0218863 -0.00432719 0.000155486 0.999975 2.42424
1.00002 -0.000500279 0.00319986 -0.029434 0.000503724 0.999998 -0.000375681 -0.0220901 -0.00319845 0.000377083 1.00001 2.42441
0.999971 -0.000812431 0.00182913 -0.0164455 0.000809913 1 0.000215436 -0.041021 -0.00183034 -0.000213823 0.999982 2.37826
1.00002 -0.000733399 0.00273255 0.0262971 0.000738253 1 -0.00087968 -0.0181742 -0.00272988 0.000881506 1.00002 2.49789
0.999971 0.000942207 0.00126104 -0.0328374 -0.000947111 0.999999 0.00179263 -0.0418697 -0.00126063 -0.00179364 0.999979 2.38978
1.00002 0.000519876 0.00205462 -0.027004 -0.000515209 0.999999 -0.000987053 -0.024565 -0.00205362 0.000985749 1.00002 2.3573
0.999972 -0.00144416 0.00161482 0.00925345 0.00144494 0.999998 -0.00219119 -0.0129683 -0.00161185 0.00219388 0.99998 2.50407
1.00002 -0.000317575 0.00334621 0.0133858 0.000320161 0.999999 2.26692e-05 -0.00515791 -0.00334603 -2.19578e-05 1.00001 2.50371
0.999968 -0.000615287 0.0033665 -0.0446108 0.000613772 1 -0.000417915 -0.035443 -0.00336499 0.00042037 0.999983 2.32017
1.00002 0.000532525 0.00275268 0.010524 -0.000528927 0.999997 -0.000356332 -0.0138029 -0.00275394 0.000354499 1 2.35504
0.999969 -0.00136995 0.00237552 0.0303321 0.00136963 1 -0.00143066 -0.00168196 -0.00237195 0.0014344 0.999986 2.52456
1.00003 0.000963977 0.00322214 -0.00670061 -0.000958346 0.999994 -0.000653795 -0.0114055 -0.00322431 0.000650221 1.00001 2.52863
0.999964 0.00139631 0.00229496 0.0162078 -0.00139837 1 -0.000630273 -0.0104358 -0.00229423 0.000627545 0.999985 2.55434
1.00003 -0.0015214 0.00302318 -0.00344817 0.00152575 0.999994 -0.000235893 -0.00210674 -0.00302422 0.000239972 1.00001 2.619
0.999963 -0.00121144 0.000587321 0.00997639 0.00120714 1 0.0013706 -0.0189833 -0.000587384 -0.00136947 0.999983 2.56289
1.00004 -0.000185487 3.05231e-05 0.00922702 0.000188906 0.999993 0.00118803 -0.0178964 -3.22939e-05 -0.00118846 1.00002 2.56306
0.999964 0.000220721 -0.000537234 0.037009 -0.000223894 1.00001 0.000604119 -0.0124771 0.000539334 -0.000603547 0.999985 2.6126
1.00004 0.000548778 0.000797169 0.0307713 -0.000545798 0.999993 0.000667335 -0.00985428 -0.000798686 -0.000668238 1.00001 2.60083
0.999961 -0.00100725 0.00301191 -0.031747 0.00100152 1 0.000704359 -0.0132225 -0.00301021 -0.000700879 0.999984 2.66466
1.00003 -4.5564e-06 0.00274048 -0.0246961 7.14252e-06 0.999994 0.000340084 -0.00867288 -0.00274287 -0.0003405 1.00001 2.67045
0.999963 0.000947401 0.00244108 -0.0255434 -0.000948133 1 -0.00112732 -0.0126053 -0.00243976 0.00112546 0.999986 2.67028
1.00003 0.000541027 0.00287071 -0.020081 -0.000528737 0.999988 -0.00305734 -0.011395 -0.00287475 0.0030553 1 2.69437
0.99996 0.00192301 0.00302713 0.0271852 -0.00192444 1 -0.00067271 0.00558305 -0.00302583 0.000667331 0.999984 2.74883
1.00002 0.00190172 0.0049779 -0.038744 -0.00190421 0.999991 0.00119713 -0.026094 -0.004978 -0.00120712 1 2.6944
0.999933 0.00264801 0.00756626 -0.038329 -0.0026557 1 0.00054043 0.0105506 -0.00756173 -0.000559932 0.999961 2.81687
1.00003 -0.00101529 0.00280913 0.0333787 0.00101854 1 -7.7815e-05 -0.00653541 -0.00281022 8.04224e-05 1.00001 2.63881
0.999956 0.00093402 0.0041498 -0.0272028 -0.000941266 0.999999 0.00103045 -0.0185545 -0.00414749 -0.00103412 0.999978 2.63329
1.00002 -0.00244414 0.004345 -0.0097662 0.00244835 0.999998 -0.000244496 -0.00860798 -0.00434542 0.00025487 1 2.71116
0.999962 -0.00220335 0.002606 0.00492802 0.0022013 0.999995 -0.000384944 -0.0208217 -0.00260389 0.000390903 0.999981 2.63511
1.00003 -0.000529506 0.00310158 0.034781 0.000532461 1 0.000112915 -0.00350646 -0.00310204 -0.000111625 1.00002 2.82826
0.999961 -0.000645346 0.00255715 0.00420515 0.000638689 0.999999 0.00131542 -0.0162257 -0.00255717 -0.00131353 0.999978 2.69565
1.00003 0.00112565 0.00280996 0.00301694 -0.00112502 1 0.000926521 -0.0245406 -0.00280971 -0.000929926 1.00001 2.69821
0.999956 0.00111945 0.00451074 -0.0306063 -0.00112319 0.999998 0.000112296 -0.0208865 -0.00450959 -0.000117125 0.999975 2.72958
1.00003 0.00226272 0.00225212 -0.0170347 -0.00226404 0.999998 0.00208855 -0.0370322 -0.00224794 -0.00209395 1.00001 2.5558
0.999937 0.00174969 0.00727844 -0.0656514 -0.00176141 0.999999 0.00118984 -0.0124919 -0.0072745 -0.00120246 0.99996 2.77783
1.00003 -0.00198676 0.00304521 0.0328135 0.00198907 0.999998 0.000409794 -0.0306876 -0.0030475 -0.00040407 1.00001 2.72589
0.999932 0.0033714 0.00712582 -0.113003 -0.00338644 0.999995 0.00164565 -0.0319692 -0.0071182 -0.00166941 0.99996 2.67082
1.00003 0.000126803 0.00373678 -0.0213825 -0.000128743 0.999997 0.00142501 -0.032824 -0.00373829 -0.0014258 1.00001 2.72181
0.999951 0.000645868 0.00535709 -0.0858008 -0.000654867 1 0.00105375 -0.0217274 -0.00535455 -0.00105697 0.999975 2.69954
1.00002 0.00354586 0.00521205 -0.0579974 -0.00353916 0.999991 -0.000666376 -0.0135313 -0.00521598 0.000647538 0.999997 2.77334
0.999941 0.0046968 0.00457867 -0.0529647 -0.00469269 0.99999 -0.00161471 -0.0192411 -0.00458455 0.00159356 0.999977 2.76252
1.00002 0.00416752 0.00395848 -0.0225869 -0.00415806 0.999988 -0.00156899 -0.0129961 -0.00396634 0.00155212 1 2.80576
0.999953 0.00202928 0.00365145 0.0125257 -0.00203589 1 0.000877118 -0.0122229 -0.00364808 -0.000884143 0.999981 2.8457
1.00002 0.000484948 0.00589658 -0.104361 -0.000485157 1 0.000589459 -0.00845477 -0.0058965 -0.00059281 1 2.60651
0.999959 0.00214208 -0.000793924 0.0692754 -0.00214691 0.999997 -0.00199637 -0.000584042 0.000791297 0.00199863 0.999984 2.81544
1.00004 0.000889239 0.00196771 0.020848 -0.00088724 0.999999 0.000540549 -0.04198 -0.00196876 -0.000542714 1.00001 2.715
0.99995 -9.74133e-05 0.00470697 -0.0111437 8.30693e-05 0.999998 0.00236897 -0.0359555 -0.00470541 -0.0023681 0.999974 2.70588
1.00003 0.00315518 0.00429023 -0.0382875 -0.00315593 0.999995 0.000861929 -0.0189313 -0.00428926 -0.000875956 1.00001 2.73209
0.999948 0.000446336 0.00448554 -0.000719725 -0.000449978 0.999999 8.58736e-05 -0.0229276 -0.0044836 -8.73117e-05 0.999972 2.79431
1.00002 0.00427852 0.00377404 -0.0948877 -0.0042734 0.999994 -0.00063838 -0.0189836 -0.00377728 0.000621871 1.00002 2.70626
0.999946 0.00118356 0.00382157 -0.00861106 -0.00118638 0.999998 -9.1715e-05 -0.0139034 -0.00382031 8.76707e-05 0.999962 2.7768
1.00004 0.00127177 0.00167911 0.0379348 -0.00126945 1 0.000452053 -0.017134 -0.00167952 -0.000454631 1.00002 2.7657
0.999938 0.00379085 0.00363316 0.00500507 -0.00378839 0.999992 -0.00152078 -0.0128032 -0.00363779 0.00150751 0.99997 2.77256
1.00001 0.00909658 0.00121123 0.0295605 -0.00908857 0.999951 -0.00462375 -0.0215655 -0.00125318 0.00461221 1.00001 2.67016
0.999869 0.0125175 0.00367465 -0.105339 -0.0124874 0.999885 -0.00894845 -0.0301941 -0.00378471 0.00890261 0.999941 2.777
0.99975 -0.0131847 0.0204907 -0.0280174 0.0132403 0.999903 -0.00236476 -0.0430931 -0.0204595 0.00263464 0.999814 2.80411
0.999933 -0.00568498 0.00256152 -0.0426009 0.00567 0.999981 0.00418885 -0.0112365 -0.00258335 -0.00417374 0.999961 2.72179
1.00003 0.00125707 0.002787 0.00782841 -0.00128336 0.999932 0.0107963 -0.00357077 -0.00277492 -0.0108001 0.99996 2.70596
0.999938 0.00601738 0.0034177 0.0192763 -0.00605089 0.999955 0.00872183 -0.00397423 -0.0033627 -0.00874191 0.999936 2.81845
1.00002 0.00486703 0.00319564 0.0130836 -0.00487335 0.999972 0.00314618 -0.0275325 -0.00318212 -0.00316214 1.00001 2.73245
0.999952 0.00437598 -0.000275644 -0.0219787 -0.00438014 1 -0.000263135 -0.0272477 0.00027682 0.000264997 0.999977 2.82609
1.00002 -0.00634586 0.00166675 0.0382878 0.00635445 0.999967 -0.00251046 -0.0372403 -0.00165259 0.00252035 1.00002 2.72005
0.999946 -0.00568052 -0.00120611 0.121734 0.00566994 0.999984 -0.00504412 -0.0216353 0.00123727 0.00503802 0.999968 2.79239
1.00003 0.00117 0.00348109 -0.0706727 -0.00115483 0.999984 -0.00332046 -0.0318092 -0.00348607 0.00331587 1.00002 2.63187
0.999929 -0.00449147 0.00543548 0.156064 0.00447594 1.00001 0.00210168 -0.0376401 -0.0054416 -0.00207685 0.999955 2.72148
1.00005 -0.000332499 0.00367547 -0.0204392 0.000332208 0.999982 0.00103661 -0.0201972 -0.00367828 -0.00103571 1.00003 2.70893
0.999937 0.00194111 0.00486977 -0.0908424 -0.0019466 1.00002 0.000406057 -0.0230573 -0.00486616 -0.000415124 0.999956 2.66672
1.00004 -0.00198251 -0.00135447 0.0928034 0.00198578 0.999984 -0.000311804 -0.0171385 0.00135361 0.000308799 1.00003 2.74048
0.999953 0.00021593 0.00103032 0.00648925 -0.000219023 1.00001 -0.000566273 -0.0177269 -0.00102875 0.000566433 0.99997 2.72682
1.00005 -0.000588344 0.00195584 -0.00107385 0.000593682 0.999985 -0.000836406 -0.0222533 -0.00195697 0.000837201 1.00003 2.70084
0.999953 0.000104234 0.00143214 -0.0274537 -0.000110237 1.00001 0.00162097 -0.0216497 -0.00143038 -0.00162089 0.999969 2.70182
1.00005 0.00112362 0.00190962 -0.0569595 -0.00112415 0.999983 0.00213667 -0.020936 -0.00190873 -0.00213904 1.00003 2.70162
0.999945 -0.00367318 -0.000831985 0.0725067 0.00367135 1.00001 0.00274308 -0.0328239 0.00082382 -0.00274578 0.999968 2.74671
1.00004 -0.00323094 0.00167096 0.0440883 0.00323697 0.999974 -0.00137861 -0.0470261 -0.00166787 0.00138355 1.00003 2.61548
0.999947 0.00283705 0.00112856 0.0223505 -0.00283671 1.00001 -0.00351474 -0.0328484 -0.00113673 0.00351223 0.999966 2.70965
1 0.00833849 -0.00364491 -0.0634152 -0.00834305 0.999943 -0.00208508 -0.0233621 0.00362591 0.00211483 1.00001 2.68848
0.999941 -0.00329959 0.0040169 0.0157497 0.00329421 1.00001 0.000368684 -0.0194502 -0.00401646 -0.00035493 0.99997 2.70963
1.00001 0.00569115 0.0066745 -0.14564 -0.00567557 0.999965 -0.00191273 -0.0193843 -0.00668627 0.00187426 1.00001 2.66542
0.999953 0.00280884 0.00255295 -0.0102591 -0.00281072 1.00001 -0.000695478 -0.0241095 -0.00255348 0.000688829 0.999963 2.77043
1.00004 0.00125546 0.00224387 -0.0603312 -0.00125148 0.999986 -0.000192309 -0.0369716 -0.00224536 0.000189192 1.00004 2.64407
0.999939 -0.00433249 0.00400199 0.00428306 0.00431873 1 0.00244827 -0.0376355 -0.00401129 -0.00243074 0.999949 2.63291
1.00004 -0.00112336 -0.00257241 -0.0136266 0.00113865 0.999974 0.00446819 -0.0312102 0.00256604 -0.0044712 1.00003 2.63531
0.99992 -0.00775464 0.00331678 0.00769589 0.00773288 0.999971 0.00527707 -0.020015 -0.00335622 -0.00525118 0.99994 2.65036
1.00003 0.000640915 -0.00661431 0.0162408 -0.000610261 0.999978 0.00410288 -0.00785275 0.00661584 -0.0040988 1.00002 2.61244
0.999927 0.00491516 -0.00360129 0.0208181 -0.00492599 1 -0.00199251 -0.0356918 0.00359281 0.0020109 0.999945 2.69194
1.00005 0.00230104 -0.00304451 0.0919847 -0.00231017 0.999975 -0.00429055 -0.0444834 0.00303347 0.00429678 1.00004 2.6826
0.999932 0.00419217 -0.00162745 -0.0345434 -0.00419953 1.00001 -0.00189357 -0.0369768 0.00162127 0.00190116 0.999952 2.58847
0.999849 0.00745368 -0.0190726 0.039852 -0.00745362 0.999955 -0.000116848 -0.0277587 0.0190698 0.000258443 0.99986 2.5963
0.99992 -0.00367378 -0.00466466 0.0238913 0.00367319 1.00001 0.00086629 -0.0327376 0.00466323 -0.000882897 0.999944 2.58527
0.999958 0.00234369 -0.0141943 0.0623392 -0.0023075 0.999978 0.0022638 -0.0295603 0.0141979 -0.00223121 0.999918 2.56009
0.999936 0.00196795 -0.000822975 -0.0414858 -0.00197504 1.00001 -0.00331026 -0.0336579 0.000818252 0.00331267 0.999976 2.65594
1.00004 0.0054125 -0.00310359 0.0208596 -0.00540623 0.999967 0.000738711 -0.0310017 0.00310558 -0.000722502 1.00001 2.7132
0.999897 0.00888123 -5.51763e-05 -0.0381043 -0.008885 0.999979 0.00106203 -0.0325318 6.65991e-05 -0.0010609 0.99998 2.68194
1.00004 0.00670424 -0.00223506 0.00483263 -0.00670272 0.999958 -0.00120818 -0.0279137 0.00222485 0.00122252 1.00002 2.70838
0.999923 0.00396454 -0.00156212 -0.0624148 -0.00396918 1.00001 -0.000223462 -0.0321702 0.00156329 0.000230365 0.999972 2.67479
1.00003 -0.00679817 0.00429611 -0.00487268 0.00679699 0.999961 0.00148858 -0.0423615 -0.00430836 -0.00145998 1.00001 2.68088
0.999936 -0.00222396 -0.00154261 -0.0103939 0.00222287 1.00001 0.00244269 -0.0197054 0.00153911 -0.00244541 0.999978 2.77256
1.00005 -0.000829796 -0.00361142 0.0617969 0.000841773 0.999983 0.00198266 -0.02816 0.00360795 -0.00198636 1.00001 2.75637
0.999937 0.000831959 0.00213315 -0.031316 -0.000834105 1.00002 -0.00147284 -0.0426088 -0.00213231 0.00147208 0.999983 2.64023
1.00006 0.00132964 -0.00344409 0.0099439 -0.00133191 0.999981 -0.00215393 -0.0244723 0.00343919 0.00215748 1.00001 2.72947
0.999925 -0.000807229 -0.00435955 0.0117907 0.000798192 1.00002 -0.000864398 -0.0401342 0.0043622 0.000861875 0.99997 2.69383
1.00005 -0.00156088 -0.00622072 0.0192391 0.00157667 0.999982 0.00165789 -0.0280418 0.0062161 -0.00166844 1 2.75939
0.999915 -0.0030754 0.00605512 -0.0598388 0.00306546 1.00001 0.000726132 -0.0333619 -0.00605493 -0.000706712 0.99997 2.65369
0.999993 0.00334945 -0.0113852 0.00946099 -0.00333257 0.99998 0.0010177 -0.0270927 0.0113869 -0.000980303 0.999955 2.62123
0.999881 0.00560351 -0.00875115 -0.0350927 -0.00560352 1 0.000629179 -0.0275219 0.00875605 -0.000579391 0.999943 2.54468
1 -0.00661421 0.00896951 0.00302161 0.0066056 0.999964 0.00168651 -0.0368673 -0.00898286 -0.00162779 0.999981 2.36806
0.999891 0.00490506 -0.00806544 -0.0328689 -0.00489713 1 0.0016585 -0.0261717 0.0080752 -0.0016184 0.999949 2.36166
1.00006 0.00238725 -0.00341389 -0.0160022 -0.0023861 0.999984 -0.0012777 -0.0268069 0.00340888 0.00128519 1.00001 2.3671
0.999718 -0.00881605 0.018269 -0.0208569 0.0088481 0.999974 -0.00200965 -0.0404107 -0.0182475 0.00217166 0.999808 2.38918
0.999923 0.0041361 -0.0176535 0.0511882 -0.00409211 0.999974 0.00223747 -0.0295653 0.0176612 -0.00216525 0.999871 2.30232
0.999909 -0.0018672 0.000581203 0.0267792 0.00186116 1.00002 0.000589591 -0.0250556 -0.000580104 -0.000587949 0.99997 2.38641
1.00001 0.00580679 -0.0109834 -0.00142486 -0.0057951 0.999965 0.000648876 -0.023734 0.0109856 -0.000585635 0.999969 2.37947
0.999909 1.44808e-05 -0.00189255 0.0260765 -1.96873e-05 1.00002 0.00017527 -0.0206731 0.00189449 -0.000174674 0.999969 2.3841
1.00008 0.0011386 -0.00396748 0.000409707 -0.00113649 0.999984 -0.000794357 -0.0268097 0.00396462 0.000798248 1.00002 2.25836
0.999834 -0.000107354 -0.0128265 0.104799 0.000117733 1.00002 0.00121318 -0.0248668 0.0128276 -0.00121408 0.999895 2.24003
0.999882 0.0038585 -0.0196135 0.0883798 -0.00379366 0.999969 0.00309969 -0.0260884 0.0196243 -0.00302505 0.999825 2.21798
0.999887 -0.00388237 0.00737486 0.0209299 0.00386697 1.00001 0.0013654 -0.0320766 -0.00737795 -0.00133625 0.999955 2.26013
1.00007 -0.00264534 0.0017187 0.011615 0.00265225 0.999975 -0.000950985 -0.0271196 -0.00171783 0.000954882 1.00002 2.29797
0.999893 0.00262636 -0.00761227 0.0176529 -0.00262762 1.00002 0.000461033 -0.0282194 0.0076144 -0.000440447 0.999955 2.23673
1.00003 0.00386023 -0.0082395 -0.010837 -0.00385609 0.999973 -5.99494e-05 -0.0223953 0.00823808 9.11414e-05 0.999984 2.15886
0.999917 -0.00414739 0.00450508 -0.00602059 0.00414168 1.00001 6.072e-05 -0.0347079 -0.00450346 -4.14144e-05 0.999977 2.16353
1.00006 -0.00229525 0.000541003 0.0279323 0.00230006 0.999978 0.00101526 -0.0321958 -0.000544979 -0.00101461 1.00001 2.13435
0.999759 0.00923032 -0.0164421 -0.0515606 -0.00921791 0.999976 0.00109665 -0.0358616 0.0164522 -0.000944309 0.999858 2.11676
1.00005 -0.00181665 0.00272433 0.0104965 0.00182308 0.999979 -0.000436628 -0.0324401 -0.00272526 0.000440895 1 2.05008
0.999921 -0.00233711 -0.006066 0.0998888 0.00234358 1.00002 0.00191703 -0.026351 0.00606254 -0.00193044 0.999982 2.02803
1.00005 0.000738622 -0.00262798 -0.00656073 -0.000729217 0.99998 0.00179315 -0.0274829 0.00262788 -0.00179188 0.999993 1.99513
0.999922 0.00357737 -0.00550886 -0.0291638 -0.00357574 1.00001 0.00112303 -0.0170671 0.00551409 -0.00110263 0.999984 2.00234
1.00005 -0.00316981 0.00113079 0.0268102 0.00317544 0.999978 -0.000522401 -0.0259979 -0.00113086 0.000525299 0.999998 1.96547
0.999934 -0.00216709 0.0056349 -0.0597245 0.00216442 1.00001 -0.000382224 -0.0351932 -0.00563218 0.000395122 0.999992 1.9364
1.00005 0.000354284 0.00162392 -0.00826103 -0.000351942 0.999983 0.00132599 -0.0182821 -0.00162472 -0.00132717 0.999986 1.92414
0.999948 0.00132101 -0.00286057 0.00595196 -0.0013229 1.00002 0.000868142 -0.0183051 0.00286262 -0.000863696 1.00001 1.80201
1.00003 0.00309382 -0.00462135 -0.0047839 -0.00309104 0.999978 -0.000251961 -0.015981 0.00461974 0.00026562 0.999977 1.69946
0.999923 0.00309832 -0.00663669 0.00451179 -0.00310177 1.00001 9.55363e-05 -0.0205015 0.00663732 -7.42099e-05 0.999994 1.57139
0.999987 -0.00560451 0.00983395 0.0160218 0.00559619 0.99997 0.00130161 -0.0274991 -0.00984267 -0.00124715 0.999938 1.30407
0.999944 -0.00140252 0.00343557 -0.000151147 0.00139474 1.00002 0.00111505 -0.00630487 -0.00343584 -0.00110942 1.00002 1.09402
1.00004 0.00215239 -0.00422022 0.0284937 -0.00214561 0.999979 0.000735596 -0.00256122 0.0042211 -0.00072733 0.999971 1.1021
0.999879 -0.00486376 0.0106992 -0.000150063 0.004887 1 -0.00253919 -0.0168159 -0.0106848 0.00259223 0.999962 1.08456
1.00001 0.00180292 -0.00901921 0.0449183 -0.00181044 0.999982 -0.00123097 -0.0179355 0.00901659 0.00124669 0.999939 1.01666
0.999781 0.0101333 -0.0151989 -0.01094 -0.0101548 0.999965 -0.00114471 0.0116436 0.015187 0.00129951 0.999905 0.893282
1.00003 -0.00275488 0.00647649 -0.0182166 0.00274363 0.999977 0.00232415 -0.0152772 -0.00648492 -0.00230705 0.999956 0.946601
0.999941 0.00166456 -0.00275255 -0.0146773 -0.00166538 1.00002 0.000977063 0.00291688 0.00275547 -0.000971675 1.00002 0.844725
0.999889 -0.0100114 0.0151924 0.00528494 0.0100215 0.99993 -0.000306318 -0.0281558 -0.0151909 0.000457698 0.999868 0.815602
0.99993 0.00324867 -0.00467911 -0.0189087 -0.00325994 1.00002 -0.00168669 -0.00127984 0.00467453 0.00170274 1 0.746759
1.00003 -0.00365466 0.00486981 0.0209975 0.00366232 0.999971 -0.000778604 -0.0102011 -0.00486857 0.0007956 0.999974 0.742636
0.999947 -0.0014192 -0.000329035 0.0200313 0.00141587 1.00002 0.00103524 -0.0155588 0.000328872 -0.0010349 1.00001 0.712561
0.999741 0.00660148 -0.0240706 0.100734 -0.00653438 0.999957 0.00273915 -0.00207081 0.0240887 -0.00258177 0.999697 0.683899
0.99986 -0.00290231 0.0131634 -0.0699592 0.00289142 1.00003 0.000545846 -0.0163618 -0.0131625 -0.000506426 0.999933 0.434247
0.999974 0.00438848 -0.0117325 0.038171 -0.00438024 0.999964 0.000436716 0.00372225 0.0117353 -0.000385915 0.999917 0.217272
0.999938 -0.0014887 0.00463957 -0.0308822 0.00148323 1.00003 0.000300245 -0.009417 -0.00463992 -0.00029264 1.00001 0.205821
1.00005 0.00119047 -0.00395002 0.0159123 -0.00118252 0.999971 0.0010659 0.00367114 0.00395181 -0.00106188 0.999973 0.202951
0.999815 -0.00515209 0.0153728 -0.00669207 0.00512756 1.00001 0.00137989 -0.0192101 -0.0153786 -0.00130021 0.999901 0.167066
1.00002 -0.00236569 0.00648915 -0.0141056 0.00236382 0.99997 0.000856994 -0.0147221 -0.00649071 -0.000842137 0.999961 0.0562971
0.999936 0.00452907 -0.00384034 -0.00837065 -0.00453754 1.00002 -0.00120802 0.0141811 0.00383524 0.0012264 1.00002 -0.10833
1.00004 0.00138662 -0.00400057 -0.0156533 -0.00138926 0.999971 -0.0016499 0.00898001 0.00399797 0.00165452 0.999968 -0.0747917
0.999921 -0.00596076 0.0055739 0.0328904 0.00594503 1.00001 0.00192727 -0.0219284 -0.00558412 -0.0018929 1.00001 -0.205486
0.999994 0.00481082 -0.00916428 0.0202152 -0.00480089 0.999961 0.000703327 0.0140723 0.00916722 -0.000660253 0.999937 -0.0279315
0.99994 0.00206022 -0.00495449 -0.0121522 -0.0020601 1.00003 0.000840887 0.00246819 0.0049567 -0.00082953 1.00001 0.169714
0.999833 -0.0150878 0.0138567 -0.00491287 0.0150904 0.999861 0.000275336 -0.0548502 -0.0138605 -6.72621e-05 0.999884 0.141602
0.999812 0.00732438 -0.0155351 0.044856 -0.00733029 1.00001 -7.76494e-05 0.0166895 0.0155338 0.000192513 0.999902 0.162122
1.00004 -0.000455437 0.000424436 0.00549382 0.000459426 0.999967 9.86978e-05 -0.00822403 -0.000425271 -9.9325e-05 0.99998 0.266217
0.999958 0.000108419 0.00118013 -0.0248805 -0.000112979 1.00003 0.000496511 -0.00918761 -0.00117925 -0.00049579 1.00002 0.275357
0.999948 0.0029026 -0.0133387 0.0701633 -0.00289716 0.999965 0.000151662 0.0124765 0.0133387 -0.000113807 0.999892 0.240164
