1 0.000577615 0.000885926 0.00207816 -0.000573983 0.999992 -0.00413056 -0.00762146 -0.000888255 0.00413003 0.999992 0.987785
0.999998 -0.00206237 0.00114414 0.0152822 0.00206828 0.999985 -0.00522185 -0.00546191 -0.00113333 0.00522417 0.999986 1.93216
0.999995 -0.0034079 0.00110156 0.0188829 0.00340969 0.999994 -0.00164865 0.000178226 -0.00109588 0.00165239 1 2.89529
0.999977 -0.00699431 -0.000908383 0.041462 0.00699794 0.999969 0.00410732 0.00260793 0.000879676 -0.00411368 0.999994 3.84887
0.999948 -0.0100542 -0.00236662 0.0420092 0.0100643 0.999942 0.00429262 0.00312567 0.00232342 -0.00431616 0.99999 4.82171
0.999909 -0.0129579 -0.00425517 0.0473777 0.0129634 0.999917 0.00130319 0.0163177 0.004238 -0.00135839 0.999993 5.78148
0.999892 -0.0138564 -0.00515528 0.0475354 0.0138448 0.999904 -0.00229031 0.017488 0.00518641 0.00221861 0.999988 6.71676
0.999887 -0.014023 -0.00580601 0.0335227 0.0140039 0.999899 -0.00329299 0.0295235 0.00585168 0.00321108 0.999982 7.65512
0.999876 -0.0137875 -0.00775955 0.0315027 0.0137783 0.999907 -0.00124854 0.028097 0.00777592 0.00114137 0.999972 8.59898
0.999872 -0.0132572 -0.00919097 0.0281147 0.0132728 0.999913 0.00164851 0.0296834 0.00916838 -0.0017705 0.99996 9.54127
0.999848 -0.0140406 -0.0104739 0.0172666 0.0140742 0.999899 0.00313101 0.0337919 0.0104287 -0.00327804 0.999944 10.4917
0.99983 -0.0151994 -0.0106735 0.00455701 0.0152382 0.999881 0.00358198 0.0431002 0.0106179 -0.0037443 0.999941 11.4228
0.999803 -0.0158528 -0.0119823 -0.004784 0.0158917 0.999871 0.00315313 0.0566081 0.0119306 -0.00334301 0.999928 12.3499
0.999723 -0.017704 -0.0156594 0.0475456 0.0177288 0.999845 0.00146319 0.076659 0.0156312 -0.00174075 0.999881 13.2077
0.999681 -0.0182932 -0.017523 0.0333328 0.0182829 0.999836 -0.000741886 0.0822819 0.0175334 0.000421099 0.999853 14.1764
0.999618 -0.0195788 -0.0196936 0.0239283 0.0195421 0.999811 -0.00204804 0.0809464 0.01973 0.00166205 0.999809 15.1017
0.999577 -0.0191962 -0.02198 0.00928233 0.0191408 0.999816 -0.0027247 0.0780243 0.022028 0.00230262 0.999761 16.0286
0.999562 -0.0176761 -0.0238731 -0.0101004 0.0175936 0.999842 -0.00364841 0.0775486 0.0239339 0.00322639 0.999713 16.9308
0.99954 -0.0159887 -0.0258641 -0.0328514 0.0158975 0.99987 -0.00372381 0.0778166 0.0259201 0.0033107 0.999666 17.8288
0.999477 -0.0167761 -0.0277838 -0.0528697 0.0167097 0.99986 -0.00260995 0.0708153 0.0278238 0.00214386 0.999615 18.7301
0.999438 -0.0162479 -0.0294366 -0.0835952 0.0162186 0.999871 -0.00122924 0.0675569 0.0294526 0.000750869 0.999574 19.6598
0.999404 -0.0159545 -0.0307443 -0.116078 0.0159551 0.999876 -0.000220382 0.0623891 0.0307441 -0.000270756 0.999533 20.5612
0.999333 -0.0169621 -0.0324328 -0.146252 0.0169663 0.999859 -0.000141031 0.0591777 0.0324305 -0.000409611 0.999483 21.456
0.999296 -0.0170866 -0.0335311 -0.190162 0.0170937 0.999857 -7.05946e-05 0.0515097 0.0335278 -0.000503118 0.999443 22.3526
0.999297 -0.0170078 -0.033499 -0.246169 0.0170364 0.999857 0.000574417 0.0485429 0.0334844 -0.00114503 0.999447 23.2253
0.999276 -0.01692 -0.0342267 -0.284922 0.0170137 0.999856 0.00245483 0.0503285 0.0341806 -0.00303583 0.999417 24.0976
0.999216 -0.0179094 -0.0353967 -0.310365 0.0181084 0.999824 0.00531587 0.0499427 0.0352953 -0.00595305 0.999367 24.9685
0.999167 -0.0176797 -0.0369569 -0.334234 0.0179591 0.999816 0.00724235 0.0454119 0.0368224 -0.00790042 0.999298 25.8358
0.999121 -0.0174216 -0.0382446 -0.361946 0.0176618 0.999829 0.00595519 0.0521454 0.0381343 -0.00662579 0.99926 26.6945
0.999062 -0.0159876 -0.0404032 -0.383192 0.0161464 0.999867 0.00360672 0.0524795 0.0403405 -0.00425619 0.999185 27.5333
0.999015 -0.0157951 -0.04158 -0.417751 0.0158886 0.999875 0.0019223 0.0564568 0.0415444 -0.00258156 0.999142 28.357
0.998985 -0.0150162 -0.0426339 -0.452029 0.0151022 0.999889 0.00169635 0.0558934 0.0426041 -0.002339 0.999098 29.1844
0.998938 -0.0155896 -0.043464 -0.498123 0.0156885 0.999879 0.0019346 0.0440264 0.0434287 -0.00261493 0.999063 29.9843
0.998873 -0.0153811 -0.0451029 -0.537906 0.0154637 0.999883 0.00148285 0.0353554 0.0450754 -0.00217915 0.99899 30.7784
0.998805 -0.0151484 -0.0465848 -0.585441 0.0152116 0.999888 0.00100385 0.0445053 0.0465645 -0.00171185 0.998923 31.5595
0.998461 -0.0160239 -0.0532713 -0.525018 0.0162476 0.999865 0.00377001 0.012503 0.0532044 -0.00463024 0.998582 32.3206
0.998352 -0.0167328 -0.054988 -0.576184 0.0170993 0.999839 0.00620475 0.0138584 0.0548755 -0.00713537 0.998478 33.0681
0.998228 -0.0156939 -0.0575568 -0.617016 0.0161538 0.999846 0.00753689 0.0214636 0.0574303 -0.00845382 0.998324 33.8334
0.998106 -0.0144481 -0.0599046 -0.655866 0.014914 0.999867 0.00733898 0.0323287 0.0597907 -0.00821911 0.998188 34.5791
0.998001 -0.0117458 -0.0622566 -0.700579 0.0121742 0.99991 0.00650961 0.0383687 0.0621752 -0.00725509 0.998049 35.3229
0.997887 -0.0100944 -0.0642888 -0.750073 0.0104771 0.999936 0.00561872 0.0460405 0.0642279 -0.00628101 0.997928 36.0382
0.997798 -0.00950128 -0.0658076 -0.801797 0.00995549 0.999934 0.00657912 0.0552551 0.0657415 -0.0072204 0.997822 36.7517
0.997746 -0.00821318 -0.0667115 -0.857447 0.00879001 0.999933 0.00835927 0.0620024 0.0666384 -0.00892746 0.99775 37.4638
0.997764 -0.00566523 -0.0667605 -0.91172 0.00627153 0.999946 0.0088788 0.0654894 0.0667074 -0.00927826 0.997741 38.1474
0.997857 -0.00305778 -0.0654802 -0.962506 0.00351577 0.999977 0.00688055 0.0700588 0.0654577 -0.00709659 0.997843 38.8196
0.99793 -0.00167113 -0.0644403 -0.996984 0.00194015 0.999994 0.00411577 0.0691663 0.0644339 -0.0042329 0.997924 39.503
0.998074 -0.00108896 -0.0621379 -1.0449 0.00124711 1 0.00250852 0.0729525 0.0621353 -0.00258182 0.998078 40.1689
0.998247 -5.1372e-05 -0.0593654 -1.08216 0.000235319 1 0.00309584 0.0849295 0.059366 -0.00310502 0.998243 40.8509
0.998407 0.00456879 -0.0563502 -1.12453 -0.00425119 0.999983 0.00575426 0.0878342 0.0563754 -0.00550621 0.998408 41.5196
0.998612 0.00870442 -0.0521579 -1.17439 -0.00821471 0.999926 0.00960041 0.0850273 0.0522384 -0.00915925 0.998604 42.1282
0.99879 0.0135192 -0.0474307 -1.21634 -0.0130391 0.999868 0.0104141 0.0959306 0.0475653 -0.0097837 0.998833 42.768
0.999008 0.0168835 -0.0414656 -1.25824 -0.0164699 0.999817 0.0103025 0.112722 0.0416327 -0.00960993 0.999098 43.3675
0.999173 0.0204581 -0.0353389 -1.29319 -0.0200266 0.999729 0.0125202 0.117217 0.0355855 -0.0118028 0.99931 43.9282
0.999278 0.02548 -0.0285701 -1.31903 -0.0250884 0.999594 0.0139882 0.118054 0.0289157 -0.0132619 0.999505 44.4947
0.999366 0.0291303 -0.0208273 -1.35066 -0.028845 0.999496 0.013864 0.120329 0.0212209 -0.0132552 0.9997 45.038
0.999387 0.0322261 -0.0145323 -1.34087 -0.0320207 0.999394 0.014171 0.121733 0.0149809 -0.0136977 0.999806 45.5588
0.999337 0.0362318 -0.00551334 -1.39229 -0.0361536 0.999261 0.013674 0.133086 0.00600501 -0.0134662 0.999905 46.0768
0.999212 0.0399299 0.00210673 -1.40337 -0.0399506 0.999153 0.0106118 0.146583 -0.00168054 -0.0106883 0.999954 46.5632
0.999084 0.04171 0.0104568 -1.40874 -0.0417896 0.999108 0.00752566 0.151951 -0.0101332 -0.00795639 0.999932 47.0383
0.998966 0.0419561 0.0182241 -1.39947 -0.0420901 0.999097 0.00700084 0.165814 -0.0179132 -0.00776138 0.999823 47.4527
0.998836 0.0408794 0.0259794 -1.38678 -0.0411072 0.999129 0.0082935 0.170071 -0.0256173 -0.00935245 0.999643 47.8394
0.998525 0.0425549 0.0341285 -1.38016 -0.0428751 0.999052 0.00868648 0.182089 -0.0337257 -0.0101376 0.999395 48.2099
0.998036 0.045785 0.0429763 -1.37946 -0.0462059 0.998902 0.00885103 0.192247 -0.0425231 -0.0108202 0.999052 48.5378
0.99742 0.0500612 0.0517359 -1.37729 -0.0505536 0.998698 0.00824246 0.196338 -0.051255 -0.0108373 0.998643 48.8294
0.996738 0.0516227 0.0621992 -1.43003 -0.0520882 0.998635 0.0058835 0.270924 -0.0618097 -0.00910504 0.998062 49.15
0.996181 0.0510104 0.0710519 -1.3972 -0.0515775 0.998661 0.00616189 0.282272 -0.070641 -0.00980385 0.997472 49.4199
0.995193 0.050048 0.0843084 -1.47159 -0.0506872 0.99871 0.00545289 0.251057 -0.0839257 -0.00970101 0.996442 49.6972
0.994405 0.0472683 0.0946281 -1.38083 -0.0475095 0.998883 0.000291707 0.278178 -0.0945065 -0.00478675 0.995533 49.8797
0.993028 0.0454388 0.108888 -1.40386 -0.0451268 0.998976 -0.00533181 0.332147 -0.109018 0.000379751 0.994057 50.1252
0.991306 0.0446672 0.123889 -1.37323 -0.0439317 0.99901 -0.00866586 0.374618 -0.124151 0.00314675 0.99228 50.326
0.989128 0.046184 0.139705 -1.32068 -0.0453778 0.99894 -0.00895455 0.352626 -0.139969 0.00251658 0.990171 50.5505
0.986504 0.0462014 0.157189 -1.28921 -0.0451427 0.998941 -0.0103026 0.365449 -0.157495 0.00306657 0.987538 50.8165
0.983596 0.0448354 0.174796 -1.22491 -0.0434403 0.998997 -0.0118024 0.383203 -0.175148 0.00401442 0.984554 51.0159
0.980146 0.0439139 0.193438 -1.14609 -0.0424251 0.999042 -0.0118364 0.380911 -0.19377 0.00339368 0.981065 51.2182
0.976174 0.0437429 0.212593 -1.05813 -0.0420361 0.999048 -0.0125454 0.373925 -0.212938 0.0033088 0.97708 51.4003
0.971322 0.045629 0.233422 -0.970518 -0.043399 0.998963 -0.0146847 0.381333 -0.233847 0.00413202 0.97229 51.6768
0.965784 0.0466908 0.255158 -0.857734 -0.043993 0.998911 -0.0162742 0.377739 -0.255638 0.00449103 0.966782 51.909
0.959654 0.0462208 0.277423 -0.739075 -0.0432234 0.998935 -0.016915 0.37364 -0.277906 0.00424012 0.960624 52.1389
0.952204 0.0478052 0.30174 -0.596545 -0.0447343 0.998865 -0.0170844 0.363959 -0.302212 0.00276851 0.953257 52.3866
0.943173 0.0495146 0.328646 -0.474092 -0.04625 0.998785 -0.017749 0.361609 -0.329122 0.00153929 0.944312 52.6373
0.933068 0.0498192 0.356268 -0.321138 -0.046238 0.99877 -0.0185675 0.35974 -0.356752 0.000850534 0.934219 52.8964
0.921662 0.0475348 0.385116 -0.133947 -0.0431093 0.998881 -0.0201238 0.35429 -0.385637 0.00194397 0.922675 53.1682
0.908088 0.0446841 0.41642 0.0613305 -0.0390685 0.999006 -0.0220027 0.345602 -0.416986 0.0037104 0.908926 53.4104
0.892191 0.04314 0.449634 0.276059 -0.0358455 0.999066 -0.0247293 0.324977 -0.450275 0.00594471 0.892899 53.672
0.874279 0.044588 0.4834 0.493591 -0.035068 0.998985 -0.0287213 0.316194 -0.484186 0.0081574 0.87495 53.9272
0.854555 0.04587 0.517369 0.731539 -0.0343681 0.998918 -0.0317985 0.303441 -0.518261 0.00939122 0.855201 54.1594
0.832694 0.0484128 0.551638 0.997579 -0.0355649 0.998802 -0.0339725 0.284706 -0.552618 0.00866861 0.833414 54.3653
0.808294 0.0519654 0.586515 1.28166 -0.0381854 0.998642 -0.0358566 0.279742 -0.587574 0.00658509 0.809175 54.5921
0.782043 0.055104 0.620806 1.60543 -0.0408114 0.998486 -0.0372174 0.263099 -0.621913 0.00376851 0.783103 54.8293
0.751556 0.0567085 0.657257 1.89988 -0.0413731 0.998403 -0.0388348 0.256814 -0.658402 0.0019926 0.752698 55.0487
0.716934 0.053828 0.695079 2.17066 -0.0380514 0.998562 -0.038083 0.234069 -0.696127 0.000853258 0.717947 55.2627
0.679851 0.0522244 0.731516 2.5104 -0.0357062 0.998649 -0.0381124 0.209509 -0.732511 -0.000209888 0.680794 55.4913
0.638749 0.0509663 0.767742 2.79589 -0.0337278 0.998712 -0.0382388 0.18746 -0.768699 -0.00147025 0.639641 55.7144
0.594257 0.0510775 0.802678 3.19046 -0.0314208 0.998707 -0.0402907 0.176822 -0.80369 -0.00127845 0.595092 55.9498
0.548341 0.0498631 0.834782 3.59225 -0.0280302 0.998768 -0.0412467 0.166725 -0.835807 -0.000782839 0.54906 56.1568
0.501606 0.0474556 0.863819 4.04206 -0.0266168 0.998882 -0.0394209 0.144393 -0.864715 -0.00321883 0.502307 56.3652
0.45403 0.0453616 0.889845 4.50242 -0.0264653 0.998962 -0.037421 0.123021 -0.890616 -0.00656078 0.454756 56.5488
0.405299 0.0457085 0.913066 4.95838 -0.029743 0.998894 -0.0368039 0.121875 -0.913728 -0.012241 0.406209 56.7219
0.357106 0.0459645 0.932945 5.46633 -0.0283949 0.998874 -0.0383444 0.115319 -0.933654 -0.0127988 0.358008 56.8899
0.31128 0.0421795 0.949406 5.9265 -0.0175004 0.999114 -0.0386513 0.102513 -0.950185 -0.00458422 0.311742 56.9838
0.268049 0.0356012 0.96276 6.40728 -0.00545689 0.99937 -0.0354364 0.0826451 -0.963411 0.00424415 0.268073 57.0553
0.226866 0.0342782 0.973346 6.93578 0.00234604 0.999373 -0.0357427 0.0691212 -0.973951 0.0103914 0.226643 57.1215
0.189502 0.0353755 0.981256 7.51719 0.0041254 0.999326 -0.0368243 0.0513452 -0.981893 0.0110254 0.189228 57.2067
0.157877 0.0354727 0.986845 8.0367 0.0116291 0.999233 -0.0377795 0.0326683 -0.987418 0.0174395 0.157344 57.2338
0.129746 0.0336619 0.990989 8.5814 0.0173904 0.999206 -0.0362184 0.0139852 -0.991416 0.021932 0.129058 57.2572
0.104901 0.031502 0.994007 9.17969 0.0245849 0.999126 -0.0342598 0.000555679 -0.994207 0.0280302 0.104035 57.3018
0.0848715 0.030341 0.995943 9.76583 0.0285211 0.999067 -0.0328672 -0.0136834 -0.996005 0.031194 0.0839277 57.3387
0.0693445 0.0313923 0.997122 10.3662 0.0305669 0.998984 -0.0335776 -0.0372894 -0.997153 0.032806 0.0683153 57.3634
0.0569112 0.0307874 0.997918 10.9541 0.0302113 0.999027 -0.0325452 -0.0603883 -0.997943 0.0319998 0.0559268 57.3675
0.0453377 0.0315103 0.998499 11.6065 0.030436 0.99901 -0.0329094 -0.0775529 -0.998537 0.0318808 0.044335 57.3998
0.0370562 0.0341408 0.998743 12.2457 0.0348212 0.99878 -0.0354346 -0.0931367 -0.998729 0.0360897 0.0358234 57.4034
0.0304791 0.0358007 0.998919 12.8818 0.039013 0.99857 -0.0369796 -0.108308 -0.998803 0.0400964 0.0290402 57.4164
0.0264044 0.0348838 0.999057 13.5363 0.0392967 0.998598 -0.0359069 -0.129765 -0.998902 0.040207 0.0249979 57.4218
0.0220213 0.032338 0.99926 14.2204 0.0366327 0.998797 -0.0331313 -0.143994 -0.999116 0.0373338 0.0208116 57.4652
0.0196693 0.0253068 0.999502 14.9082 0.0349272 0.999068 -0.0259839 -0.159243 -0.999221 0.0354201 0.0187685 57.4817
0.0189209 0.0192879 0.99966 15.5729 0.0363282 0.999157 -0.0199667 -0.178894 -0.999189 0.0366926 0.0182058 57.4794
0.0190206 0.0164767 0.9997 16.3081 0.0393545 0.999094 -0.0172163 -0.192852 -0.99907 0.0396692 0.0183564 57.4788
0.0193722 0.0182594 0.999672 17.0216 0.0425075 0.998932 -0.0190705 -0.209865 -0.998937 0.0428616 0.018577 57.4886
0.0196556 0.0254218 0.9995 17.7664 0.0433174 0.998734 -0.0262549 -0.221008 -0.998894 0.0438109 0.0185312 57.5138
0.0216816 0.0331835 0.99924 18.5157 0.0442779 0.998454 -0.0341192 -0.232875 -0.998813 0.0449827 0.0201805 57.5356
0.0226845 0.0335641 0.999196 19.2123 0.0456663 0.998376 -0.0345739 -0.250155 -0.998726 0.0464127 0.0211165 57.57
0.024368 0.029223 0.999302 19.9782 0.0446841 0.99856 -0.0302918 -0.264902 -0.998733 0.0453897 0.0230288 57.6042
0.0264616 0.0226447 0.999411 20.7357 0.044137 0.99876 -0.0237993 -0.286043 -0.998702 0.0447395 0.0254309 57.637
0.0287004 0.0212915 0.999389 21.5522 0.0419841 0.998884 -0.0224874 -0.298879 -0.998736 0.0426024 0.027776 57.6857
0.0313458 0.0260476 0.999188 22.2458 0.0497256 0.998401 -0.0275877 -0.317811 -0.998298 0.0505486 0.0300021 57.705
0.0349451 0.0313647 0.998924 22.9772 0.0523419 0.998097 -0.0331708 -0.330327 -0.998048 0.0534432 0.0332385 57.7173
0.0370721 0.0322731 0.998811 23.7341 0.0463914 0.998364 -0.0339813 -0.347238 -0.998263 0.0475946 0.0355158 57.7689
0.0410458 0.0285192 0.998779 24.5169 0.042055 0.998678 -0.0302456 -0.373166 -0.998302 0.0432436 0.0397937 57.8042
0.0448761 0.0245239 0.998712 25.2762 0.0461474 0.9986 -0.0265957 -0.400426 -0.997954 0.04728 0.043683 57.8495
0.0487499 0.0254625 0.998517 25.9513 0.0512514 0.998316 -0.0279608 -0.412799 -0.997525 0.0525371 0.0473644 57.8464
0.0513747 0.0297312 0.998259 26.7608 0.0506636 0.998212 -0.0323379 -0.443607 -0.997423 0.0522348 0.0497778 57.9028
0.0535546 0.0304682 0.998132 27.5208 0.0477316 0.998335 -0.0330368 -0.464647 -0.997454 0.0494105 0.0520129 57.9961
0.0571797 0.0299357 0.997937 28.3387 0.0468864 0.998388 -0.0326365 -0.485541 -0.997292 0.048654 0.0556851 58.0481
0.0613831 0.0262383 0.997802 29.0421 0.051258 0.998274 -0.0294055 -0.509672 -0.996828 0.0529491 0.0599341 58.0656
0.0648331 0.0260627 0.997579 29.7841 0.0556945 0.998027 -0.0296949 -0.536376 -0.996371 0.0574827 0.0632548 58.1119
0.0677745 0.0263338 0.997385 30.6315 0.0585489 0.997846 -0.0303257 -0.565649 -0.996012 0.0604492 0.0660884 58.1881
0.0705266 0.0264037 0.997183 31.3775 0.0592929 0.997792 -0.0306143 -0.579242 -0.995776 0.0612828 0.0688064 58.237
0.0739554 0.0252434 0.996974 32.1411 0.0608757 0.997723 -0.0297794 -0.595718 -0.995433 0.062892 0.0722519 58.2929
0.0773522 0.0238824 0.996741 32.919 0.0632965 0.9976 -0.028816 -0.618637 -0.995023 0.065317 0.0756559 58.3517
0.0807128 0.0248678 0.996459 33.7481 0.0613798 0.997689 -0.0298715 -0.625737 -0.994878 0.0635716 0.0790014 58.4154
0.0838911 0.026613 0.996142 34.5114 0.0587105 0.997796 -0.0316024 -0.644283 -0.994773 0.0611331 0.0821447 58.4854
0.0865057 0.0261621 0.995939 35.2887 0.0604572 0.997697 -0.0314608 -0.67017 -0.994448 0.0629313 0.0847262 58.5649
0.0897431 0.0258036 0.995654 36.0262 0.0583778 0.997831 -0.0311228 -0.691023 -0.994282 0.0609151 0.0880429 58.6241
0.0929561 0.0260499 0.995361 36.8156 0.0565764 0.997926 -0.0314018 -0.711471 -0.994095 0.0592311 0.0912909 58.6922
0.0964297 0.0261357 0.99502 37.5964 0.0536134 0.998089 -0.031413 -0.734591 -0.993924 0.0563736 0.0948448 58.7672
0.100554 0.0279038 0.994573 38.3663 0.0524088 0.998092 -0.0333025 -0.756993 -0.993584 0.0554712 0.0989007 58.8376
0.103369 0.0310392 0.994182 39.1956 0.0510963 0.998049 -0.0364735 -0.787591 -0.99336 0.0545673 0.101582 58.9456
0.107816 0.032532 0.993671 39.9371 0.0507946 0.998001 -0.0381864 -0.821462 -0.992907 0.0545885 0.105949 59.0044
0.110818 0.0343921 0.99327 40.7458 0.0448973 0.99823 -0.0395738 -0.854078 -0.992856 0.0489788 0.109078 59.1066
0.114041 0.0334895 0.992945 41.531 0.0410088 0.998443 -0.0383863 -0.883294 -0.992663 0.0450956 0.112492 59.1978
0.117343 0.0339204 0.992538 42.2941 0.04333 0.998312 -0.0392413 -0.909854 -0.992176 0.0476095 0.115675 59.2907
0.121404 0.035166 0.992014 43.106 0.042907 0.998274 -0.0406403 -0.937509 -0.99171 0.0474965 0.119687 59.3929
0.125085 0.0360594 0.991517 43.9171 0.0391462 0.998404 -0.0412493 -0.964107 -0.991404 0.0439719 0.123474 59.5081
0.129587 0.0339402 0.991022 44.7141 0.03824 0.998522 -0.0391988 -0.988499 -0.990865 0.0429747 0.128099 59.6133
0.134886 0.0340506 0.990304 45.5035 0.0386761 0.99849 -0.0396011 -1.01617 -0.990137 0.0436413 0.133365 59.7113
0.140435 0.0373353 0.989421 46.2942 0.0354746 0.99848 -0.0427137 -1.05023 -0.989489 0.0410957 0.138898 59.827
0.145833 0.0460539 0.988265 47.1012 0.0336718 0.99813 -0.0514834 -1.0828 -0.988768 0.0407833 0.144009 59.9675
0.152713 0.0508811 0.986997 47.8678 0.0321198 0.997914 -0.0564152 -1.10949 -0.987784 0.0403153 0.150761 60.1099
0.158902 0.0538587 0.985853 48.7112 0.0274417 0.997909 -0.0589413 -1.15321 -0.986945 0.0364182 0.157091 60.2789
0.164419 0.0525529 0.985027 49.526 0.0238988 0.998098 -0.057241 -1.19119 -0.986136 0.0329505 0.162851 60.4651
0.171579 0.0509423 0.983882 50.3317 0.0238555 0.998179 -0.0558439 -1.22851 -0.984916 0.0330513 0.17005 60.6217
0.178198 0.0480011 0.98286 51.127 0.0232895 0.998348 -0.0529815 -1.26253 -0.983754 0.0323295 0.176786 60.7799
0.186581 0.0427097 0.981541 51.9628 0.0217271 0.998656 -0.0475858 -1.29703 -0.982233 0.0302034 0.185401 60.9316
0.193563 0.0359888 0.980465 52.7893 0.0192686 0.999019 -0.0404752 -1.32436 -0.980934 0.0267248 0.19268 61.1062
0.200509 0.0332278 0.979159 53.636 0.0190458 0.999129 -0.037807 -1.36806 -0.979541 0.0262283 0.1997 61.2942
0.207786 0.0351143 0.977582 54.4196 0.0179597 0.999074 -0.039705 -1.40422 -0.978045 0.0258052 0.206963 61.4503
0.213057 0.040928 0.976213 55.2412 0.0185154 0.998799 -0.0459173 -1.44628 -0.976899 0.0278566 0.212041 61.6552
0.217927 0.0439663 0.975013 56.0559 0.0172608 0.998679 -0.0488929 -1.48716 -0.975848 0.0274826 0.216879 61.8583
0.22269 0.0469017 0.973792 56.8471 0.0159652 0.998558 -0.051747 -1.52808 -0.974793 0.0270691 0.221617 62.0486
0.228911 0.0468734 0.972357 57.6188 0.0135749 0.998613 -0.0513363 -1.56233 -0.973389 0.0249492 0.227957 62.2223
0.234702 0.0438605 0.971109 58.3695 0.0178534 0.998644 -0.0494204 -1.59364 -0.971938 0.0289354 0.233598 62.3842
0.239674 0.0373322 0.970175 59.1332 0.0189765 0.998914 -0.0431272 -1.62404 -0.970705 0.0287448 0.238704 62.5685
0.242997 0.0310623 0.969561 59.9154 0.0172796 0.999215 -0.0363445 -1.65808 -0.969908 0.0255841 0.242267 62.782
0.246869 0.0276559 0.968694 60.6753 0.0138269 0.999415 -0.0320577 -1.69062 -0.968987 0.0213059 0.246341 62.9891
0.250748 0.0275671 0.967692 61.3933 0.0125913 0.999442 -0.031736 -1.71912 -0.968006 0.020141 0.250259 63.1723
0.253962 0.029584 0.966802 62.1268 0.0115161 0.999393 -0.0336073 -1.74262 -0.967183 0.0196663 0.253467 63.3587
0.255697 0.0335127 0.966209 62.8453 0.00727273 0.99933 -0.0365876 -1.77731 -0.966765 0.016381 0.255279 63.5603
0.258716 0.0372984 0.965275 63.5351 0.00663737 0.999187 -0.0403889 -1.80979 -0.965969 0.0168538 0.258257 63.7363
0.261835 0.042029 0.964231 64.2257 0.00693737 0.99897 -0.0454283 -1.8403 -0.965125 0.0185826 0.26127 63.9223
0.263812 0.0442931 0.963598 64.9095 0.00812347 0.998832 -0.048138 -1.86338 -0.964578 0.0205249 0.263144 64.1059
0.265253 0.0445763 0.963182 65.602 0.00608152 0.99886 -0.0479036 -1.88673 -0.964197 0.0185627 0.264677 64.3116
0.265377 0.0419786 0.963273 66.2442 0.00743927 0.998958 -0.0455845 -1.90182 -0.964155 0.0192606 0.264787 64.4905
0.265276 0.0404112 0.96336 66.9033 0.00546678 0.99907 -0.0434157 -1.93752 -0.964195 0.0167821 0.264805 64.6831
0.265667 0.0391001 0.963316 67.5413 0.00712935 0.999096 -0.04252 -1.9614 -0.964078 0.0181614 0.265148 64.8461
0.264551 0.0381758 0.963651 68.1884 0.0073872 0.999135 -0.0416108 -1.98783 -0.964382 0.0181254 0.264037 65.0244
0.26397 0.0392952 0.963775 68.8133 0.00642732 0.999101 -0.0424974 -2.01255 -0.96455 0.0174098 0.263479 65.1793
0.261569 0.0421313 0.9643 69.4374 0.00527626 0.998998 -0.0450798 -2.04253 -0.965208 0.0168781 0.261081 65.3569
0.259137 0.0460343 0.964787 70.0315 0.00736943 0.998765 -0.0496366 -2.06723 -0.965852 0.0199698 0.258477 65.5161
0.25737 0.0470565 0.965202 70.635 0.0107541 0.998641 -0.0515556 -2.0767 -0.966292 0.0236474 0.256511 65.6728
0.254685 0.0459389 0.965977 71.2264 0.0100153 0.998719 -0.050138 -2.10431 -0.967013 0.0224412 0.253899 65.84
0.251781 0.0430422 0.966862 71.8063 0.00958779 0.998879 -0.0469655 -2.13147 -0.967775 0.0210937 0.251083 65.9985
0.249275 0.0390103 0.967691 72.3832 0.00995693 0.999059 -0.042841 -2.16179 -0.968422 0.0203115 0.248651 66.1541
0.247393 0.0376459 0.96822 72.9289 0.0141797 0.999026 -0.042468 -2.18605 -0.968851 0.0242337 0.246615 66.2849
0.246199 0.0386362 0.968496 73.4784 0.0182004 0.998871 -0.0444763 -2.20839 -0.969089 0.0285739 0.245219 66.4037
0.243159 0.0399476 0.969201 74.0153 0.0216195 0.998711 -0.0465891 -2.24144 -0.969786 0.0322803 0.241979 66.5364
0.241247 0.0416394 0.969621 74.5548 0.0205274 0.998664 -0.047996 -2.27185 -0.970287 0.0314793 0.240072 66.6701
0.238813 0.0438037 0.970116 75.0855 0.0194426 0.998597 -0.0498772 -2.30799 -0.970913 0.0307712 0.237624 66.8237
0.237342 0.0417106 0.970582 75.6446 0.0210167 0.998652 -0.0480582 -2.3429 -0.97124 0.0318012 0.236147 66.9604
0.237975 0.0388908 0.970531 76.2157 0.0276088 0.998555 -0.0467848 -2.37599 -0.970921 0.037927 0.236555 67.0918
0.240637 0.0366139 0.969977 76.772 0.03267 0.998445 -0.0457954 -2.39818 -0.970106 0.0427053 0.239069 67.2002
0.242883 0.0353101 0.969451 77.3267 0.035524 0.998376 -0.0452649 -2.42581 -0.969447 0.0454307 0.241231 67.3218
0.246533 0.0348491 0.968561 77.9011 0.0334834 0.998479 -0.0444503 -2.45346 -0.968597 0.0433852 0.244993 67.4751
0.25101 0.0354858 0.967373 78.4838 0.0322804 0.998498 -0.0450048 -2.48025 -0.967489 0.0425218 0.249484 67.6578
0.257459 0.0340615 0.965743 79.0463 0.0342221 0.998459 -0.0443409 -2.49835 -0.965725 0.0444618 0.255898 67.8077
0.264518 0.0344909 0.963803 79.6453 0.033056 0.998481 -0.0448055 -2.5153 -0.963858 0.0437092 0.262972 68.0025
0.272901 0.0325674 0.961544 80.2114 0.0335044 0.998529 -0.043331 -2.53461 -0.961499 0.0440371 0.27141 68.1571
0.281513 0.0329991 0.95903 80.8116 0.0295539 0.998669 -0.0430397 -2.56268 -0.959146 0.0404573 0.280159 68.3516
0.291001 0.0328149 0.956214 81.3806 0.0283902 0.998705 -0.0429149 -2.58735 -0.956343 0.0396316 0.289693 68.5251
0.300637 0.0365613 0.95308 81.9814 0.0233542 0.998717 -0.0456801 -2.61473 -0.953497 0.0359895 0.299392 68.7302
0.309073 0.0388502 0.950299 82.5431 0.0198917 0.998712 -0.047301 -2.63712 -0.950872 0.033519 0.307902 68.9302
0.318564 0.042167 0.947006 83.2324 0.0149055 0.998697 -0.049484 -2.67565 -0.94783 0.0298773 0.317515 69.247
0.329267 0.0435902 0.943285 83.8192 0.0142991 0.998619 -0.0511407 -2.69812 -0.944171 0.0303236 0.328189 69.4282
0.339046 0.0448877 0.939743 84.4709 0.0113478 0.998627 -0.0517959 -2.72063 -0.940747 0.0282231 0.338065 69.685
0.349213 0.0450229 0.936018 85.0979 0.0104818 0.998625 -0.0519471 -2.75506 -0.937029 0.0279484 0.34826 69.9264
0.359776 0.0459931 0.93195 85.7597 0.00621759 0.998678 -0.0516878 -2.78768 -0.933065 0.0243885 0.359007 70.1915
0.369815 0.0409425 0.92826 86.4211 0.00728384 0.998901 -0.0469621 -2.81435 -0.929121 0.0241254 0.369109 70.4736
0.381472 0.0335357 0.923818 87.0792 0.0115493 0.999126 -0.0410401 -2.8412 -0.924355 0.0263231 0.380743 70.7089
0.391328 0.0289057 0.919856 87.7337 0.0137069 0.999244 -0.0372337 -2.86673 -0.920194 0.0271755 0.390634 71.0015
0.402133 0.0256781 0.91527 88.4649 0.0132239 0.999375 -0.0338497 -2.89185 -0.915535 0.0257131 0.401533 71.3245
0.411255 0.0224494 0.911303 89.1514 0.0201637 0.999259 -0.0337178 -2.91311 -0.911343 0.0322382 0.410495 71.6233
0.419418 0.0175986 0.907673 89.8444 0.0265278 0.999184 -0.031633 -2.91418 -0.907455 0.0373433 0.418599 71.9383
0.426345 0.00730728 0.904592 90.5621 0.0368925 0.999027 -0.0254598 -2.92846 -0.903854 0.044223 0.425657 72.2559
0.432901 0.00350992 0.901486 91.2906 0.0414307 0.998894 -0.0237869 -2.94164 -0.900539 0.0476434 0.432267 72.5933
0.439278 0.00250602 0.89841 91.9927 0.0440819 0.998763 -0.0243418 -2.97756 -0.897316 0.0502917 0.438622 72.9489
0.447787 0.00808345 0.894155 92.787 0.0457205 0.998482 -0.0319253 -3.01464 -0.893021 0.0551739 0.446726 73.3267
0.452851 0.0116395 0.891575 93.4593 0.0497684 0.998058 -0.0383102 -3.04241 -0.890247 0.0617157 0.451389 73.7071
0.457895 0.0142591 0.888944 94.2012 0.0478519 0.998066 -0.0406601 -3.06896 -0.887771 0.0611526 0.456313 74.1064
0.463625 0.0172459 0.885929 94.878 0.0399965 0.998417 -0.0403687 -3.07762 -0.88518 0.054145 0.462197 74.422
0.467542 0.0210619 0.883774 95.6138 0.0332617 0.99863 -0.0413975 -3.12018 -0.883399 0.0487482 0.466186 74.8469
0.470872 0.0240011 0.88194 96.3397 0.0323227 0.998523 -0.0444332 -3.16534 -0.881661 0.0494242 0.469396 75.2716
0.474906 0.0283603 0.879634 97.0958 0.0287749 0.998485 -0.0477294 -3.21603 -0.879621 0.0479755 0.473356 75.7283
0.4784 0.0319074 0.877628 97.7986 0.0253019 0.998458 -0.0500946 -3.25029 -0.877829 0.0461663 0.47685 76.1335
0.482628 0.0314021 0.875316 98.4509 0.0236729 0.998562 -0.0488783 -3.2755 -0.875561 0.0443085 0.481176 76.4843
0.486943 0.0282977 0.873042 99.1299 0.0251651 0.99864 -0.0464067 -3.30855 -0.873124 0.044563 0.485563 76.8666
0.490834 0.0258219 0.870925 99.7395 0.0252888 0.998755 -0.0438664 -3.33069 -0.870942 0.0435528 0.489555 77.1834
0.495473 0.0250213 0.86833 100.395 0.0249174 0.998798 -0.0430008 -3.35777 -0.868318 0.0429376 0.494249 77.5524
0.498964 0.0270308 0.866258 101.031 0.0231356 0.99878 -0.0444944 -3.38363 -0.866372 0.0422396 0.497714 77.9296
0.502388 0.0274355 0.864275 101.631 0.024074 0.998699 -0.0456988 -3.41391 -0.86436 0.0437603 0.501069 78.2614
0.502285 0.0261196 0.864365 102.216 0.0259674 0.998676 -0.0452703 -3.44085 -0.864371 0.0451808 0.500926 78.6563
0.504754 0.0250433 0.862968 102.836 0.028172 0.998603 -0.0454595 -3.46586 -0.862857 0.0472524 0.503338 79.0025
0.507594 0.0251163 0.861288 103.438 0.0276761 0.998622 -0.0454342 -3.48631 -0.861212 0.046896 0.506183 79.345
0.510563 0.0248863 0.859549 104.011 0.0293042 0.998532 -0.0463186 -3.50549 -0.859395 0.048832 0.509078 79.6553
0.513305 0.0265121 0.857855 104.574 0.0291253 0.998447 -0.0482868 -3.53254 -0.857772 0.0497678 0.51172 79.983
0.516081 0.0261859 0.856209 105.12 0.0325117 0.998248 -0.0501285 -3.55952 -0.855977 0.053702 0.51432 80.2981
0.518334 0.0257288 0.854851 105.67 0.0338115 0.998187 -0.0505465 -3.59566 -0.85457 0.0551 0.516509 80.6587
0.520976 0.0235454 0.853317 106.204 0.037327 0.99807 -0.0503308 -3.62599 -0.852809 0.0580674 0.519086 80.9901
0.524858 0.022305 0.850957 106.725 0.038836 0.998025 -0.0501156 -3.65502 -0.850364 0.0593472 0.522939 81.2828
0.527555 0.0219151 0.84931 107.253 0.0396395 0.997979 -0.0503752 -3.69086 -0.848652 0.0602359 0.525614 81.6399
0.531098 0.021918 0.847086 107.745 0.0390882 0.998003 -0.0503324 -3.71931 -0.846469 0.0598383 0.529165 81.9167
0.534461 0.0214776 0.844992 108.254 0.0400354 0.997948 -0.0506896 -3.75712 -0.844301 0.0609153 0.532499 82.2403
0.538377 0.0227584 0.842457 108.75 0.0390456 0.997924 -0.051913 -3.79372 -0.84186 0.0608387 0.536355 82.5635
0.542401 0.0228202 0.839883 109.254 0.0408767 0.997766 -0.0535101 -3.8256 -0.839182 0.0633495 0.540251 82.8987
0.547461 0.025991 0.836489 109.736 0.0384213 0.99772 -0.0561488 -3.86529 -0.83601 0.0628738 0.545197 83.2066
0.553241 0.0317667 0.832489 110.22 0.0346463 0.997567 -0.0610923 -3.90295 -0.832359 0.0626354 0.550788 83.5331
0.559194 0.0388507 0.828189 110.693 0.0292192 0.997395 -0.0665194 -3.94083 -0.828584 0.0613919 0.556585 83.8669
0.565155 0.0450348 0.82383 111.158 0.0246699 0.997176 -0.0714367 -3.97368 -0.824676 0.0606907 0.562441 84.2039
0.571386 0.0495765 0.819248 111.634 0.0209721 0.997005 -0.0749627 -4.01473 -0.820477 0.0600098 0.568617 84.5602
0.577074 0.0504204 0.815211 112.122 0.0167369 0.997189 -0.0735256 -4.04914 -0.816581 0.0560682 0.574601 84.9202
0.582595 0.0498044 0.811301 112.607 0.0108444 0.997595 -0.0690303 -4.08531 -0.812755 0.0490107 0.580634 85.2932
0.588571 0.047918 0.807102 113.098 0.00476337 0.998056 -0.0627306 -4.12098 -0.808494 0.040761 0.58719 85.6699
0.594337 0.0465473 0.802935 113.596 -0.00119665 0.998413 -0.0569962 -4.15741 -0.804281 0.0329106 0.593429 86.0717
0.601075 0.0448136 0.798015 114.09 -0.00361984 0.998606 -0.0533534 -4.18976 -0.799248 0.0291765 0.60039 86.4277
0.607412 0.0484369 0.792977 114.59 -0.00872763 0.998526 -0.0543095 -4.22429 -0.794406 0.0260641 0.606918 86.8333
0.613729 0.0523448 0.78786 115.102 -0.0118647 0.998336 -0.0570884 -4.24888 -0.789492 0.025685 0.61332 87.2558
0.619518 0.0553622 0.783097 115.603 -0.0153065 0.998212 -0.0584631 -4.29696 -0.784902 0.0242291 0.619236 87.6633
0.626105 0.057562 0.777695 116.132 -0.017516 0.998096 -0.0597758 -4.33073 -0.779609 0.0237999 0.625911 88.0931
0.632885 0.0584111 0.772111 116.662 -0.0204415 0.998104 -0.0587544 -4.36677 -0.774046 0.0213983 0.632856 88.5319
0.639018 0.0604084 0.7669 117.199 -0.0261041 0.998078 -0.0568693 -4.40894 -0.768817 0.0163177 0.639356 89.0166
0.646244 0.0584066 0.760967 117.729 -0.0282675 0.998255 -0.0526159 -4.46723 -0.76268 0.012489 0.646744 89.4444
0.653121 0.0561503 0.755253 118.28 -0.0292173 0.998411 -0.0489641 -4.5183 -0.756757 0.00990999 0.653713 89.9505
0.660659 0.0557809 0.748687 118.841 -0.0293343 0.998432 -0.0485057 -4.55306 -0.750187 0.0100804 0.661236 90.4555
0.668595 0.0579878 0.741449 119.411 -0.0338147 0.998333 -0.0475884 -4.58923 -0.742927 0.00674254 0.66943 90.9778
0.676895 0.0583424 0.733843 119.971 -0.0341418 0.998309 -0.0478789 -4.61477 -0.735363 0.00735127 0.677718 91.4783
0.683546 0.0590864 0.727601 120.53 -0.0360188 0.998274 -0.0472311 -4.64432 -0.72909 0.0060744 0.684481 92.025
0.688334 0.0580345 0.72315 121.095 -0.0359267 0.998339 -0.0459251 -4.67427 -0.724582 0.00562838 0.68925 92.5861
0.692208 0.0563597 0.719584 121.68 -0.0340486 0.998426 -0.0454483 -4.69983 -0.720967 0.00695596 0.693024 93.1526
0.696057 0.0538678 0.716047 122.264 -0.0303994 0.998539 -0.0455723 -4.72127 -0.717424 0.00995016 0.696652 93.712
0.699504 0.0497027 0.712989 122.87 -0.0245165 0.9987 -0.0455693 -4.74534 -0.714282 0.0143925 0.699799 94.3188
0.70328 0.0421485 0.709749 123.468 -0.0165958 0.998983 -0.0428838 -4.79415 -0.710802 0.0183765 0.703238 94.8884
0.706972 0.0352614 0.706455 124.083 -0.0108416 0.99922 -0.0390272 -4.83875 -0.707234 0.0199282 0.706787 95.489
0.709902 0.0295631 0.703767 124.687 -0.00535987 0.999358 -0.0365771 -4.86877 -0.704363 0.0221898 0.709579 96.0902
0.71238 0.028239 0.70132 125.275 -0.00527696 0.999418 -0.0348844 -4.89667 -0.701852 0.0211461 0.712098 96.7086
0.714747 0.029136 0.698865 125.874 -0.00561079 0.99938 -0.03593 -4.92721 -0.699446 0.0217554 0.714441 97.3421
0.717669 0.0336687 0.695666 126.485 -0.0111838 0.999301 -0.0368288 -4.95801 -0.696374 0.0186469 0.717528 98.007
0.720409 0.0370751 0.692649 127.111 -0.0171646 0.999259 -0.0356381 -4.98344 -0.693424 0.0137812 0.720485 98.6959
0.722738 0.0335056 0.690408 127.693 -0.0172429 0.99943 -0.0304544 -5.01938 -0.690988 0.0101025 0.722887 99.323
0.726673 0.0309151 0.68638 128.322 -0.0203195 0.99956 -0.0235124 -5.04234 -0.686772 0.00313532 0.726953 99.9883
0.729764 0.0255514 0.683322 128.935 -0.0193821 0.999716 -0.0166851 -5.05786 -0.683507 -0.00107112 0.730034 100.649
0.733871 0.021164 0.679053 129.563 -0.0168846 0.999816 -0.0129176 -5.07336 -0.679169 -0.00198911 0.734065 101.336
0.737646 0.0172765 0.675068 130.163 -0.010654 0.999888 -0.0139501 -5.08981 -0.675188 0.00309461 0.73773 101.998
0.741757 0.0136855 0.670626 130.759 -0.000279163 0.999839 -0.0200988 -5.09874 -0.670761 0.0147171 0.741614 102.649
0.745258 0.0142559 0.666727 131.383 0.00569232 0.999642 -0.0277395 -5.1169 -0.666837 0.0244638 0.744893 103.409
0.750239 0.0138184 0.661121 132.018 0.00949296 0.999496 -0.0316674 -5.13226 -0.661193 0.0300294 0.749699 104.142
0.755321 0.00950785 0.655391 132.625 0.0122161 0.99956 -0.0285819 -5.14735 -0.655328 0.02959 0.754854 104.85
0.759249 0.00386862 0.650889 133.241 0.0172501 0.999554 -0.0260667 -5.16569 -0.650669 0.0310141 0.758812 105.635
0.764259 0.00026095 0.645015 133.82 0.0219491 0.999454 -0.0264137 -5.19027 -0.644624 0.0343391 0.763818 106.264
0.76664 0.00107413 0.642179 134.411 0.0243722 0.999273 -0.0307709 -5.23561 -0.641713 0.0392362 0.766024 107.073
0.770617 0.00210341 0.637404 135.014 0.0243538 0.999211 -0.0327435 -5.24778 -0.636923 0.0407502 0.769939 107.775
0.772821 -0.00124104 0.634728 135.609 0.0271069 0.999193 -0.031054 -5.28563 -0.634146 0.0411989 0.772198 108.531
0.775547 -0.00735247 0.631357 136.228 0.0319582 0.999151 -0.0276236 -5.29112 -0.630572 0.0415944 0.775105 109.236
0.776982 -0.0118961 0.629517 136.848 0.0358427 0.999079 -0.0253627 -5.30304 -0.628605 0.0422641 0.776659 109.991
0.777949 -0.016659 0.628219 137.47 0.0399755 0.99898 -0.0230151 -5.3119 -0.627147 0.0430116 0.777803 110.726
0.778256 -0.0175531 0.627809 138.077 0.0403355 0.998986 -0.022074 -5.32691 -0.626754 0.0424961 0.778142 111.495
0.778043 -0.016684 0.628102 138.674 0.0387555 0.999062 -0.0214722 -5.34226 -0.627108 0.0410424 0.777943 112.24
0.777888 -0.0145269 0.628344 139.279 0.0368597 0.99911 -0.0225367 -5.36716 -0.627426 0.0406857 0.777697 112.993
0.776702 -0.0103231 0.629898 139.863 0.0323305 0.999246 -0.0234917 -5.39128 -0.629133 0.0386049 0.776432 113.727
0.775217 -0.00575588 0.631777 140.461 0.0272048 0.999379 -0.0242801 -5.42723 -0.631213 0.0360041 0.774859 114.455
0.77411 -0.00393369 0.633153 141.083 0.0240505 0.999486 -0.0231975 -5.44621 -0.632689 0.0331795 0.77379 115.224
0.772415 -0.00237187 0.635221 141.695 0.0216598 0.999555 -0.0226094 -5.46598 -0.634853 0.0312172 0.772089 115.961
0.770438 -0.00312457 0.637622 142.299 0.020778 0.999625 -0.0202099 -5.48537 -0.637272 0.0288135 0.770196 116.678
0.768372 -0.00406808 0.6401 142.914 0.0186441 0.999743 -0.0160303 -5.513 -0.639837 0.0242462 0.768217 117.424
0.766005 -0.00868942 0.642891 143.521 0.0231909 0.999677 -0.0141226 -5.52371 -0.642512 0.0257218 0.765941 118.123
0.763929 -0.004858 0.64539 144.129 0.0227398 0.9996 -0.0193957 -5.53761 -0.645003 0.0294876 0.763702 118.812
0.761474 0.00500621 0.648291 144.742 0.0166568 0.999534 -0.0272858 -5.56694 -0.648077 0.0315703 0.761018 119.536
0.758843 0.0106088 0.651293 145.383 0.0144365 0.999394 -0.033103 -5.59182 -0.651215 0.0345171 0.758199 120.303
0.756871 0.00998924 0.653603 145.956 0.0119407 0.999551 -0.0291059 -5.60992 -0.653553 0.0298285 0.756392 120.913
0.753068 0.00812111 0.657998 146.635 0.00907135 0.999748 -0.022725 -5.64731 -0.657982 0.0230775 0.752772 121.735
0.749881 0.00620933 0.661658 147.25 0.00704233 0.99987 -0.0173666 -5.67583 -0.661633 0.0176776 0.74972 122.45
0.746669 0.00600923 0.665274 147.876 0.00718743 0.999875 -0.0171023 -5.69291 -0.665258 0.0175467 0.746502 123.169
0.744511 0.00404853 0.667712 148.501 0.0091001 0.999874 -0.0162113 -5.70452 -0.667645 0.0181409 0.744361 123.813
0.742437 0.0029843 0.670015 149.14 0.0126578 0.999796 -0.018483 -5.71808 -0.669898 0.0221985 0.742217 124.481
0.739978 0.00150342 0.672742 149.78 0.0164247 0.999706 -0.0203023 -5.73354 -0.672527 0.0260675 0.739716 125.141
0.736534 0.00135597 0.676503 150.414 0.0194985 0.999585 -0.0232361 -5.74606 -0.67622 0.0302998 0.736172 125.814
0.733128 0.00206817 0.680201 151.057 0.0190333 0.999588 -0.0235555 -5.75215 -0.679921 0.0302101 0.732768 126.498
0.728546 0.00446988 0.685085 151.694 0.0160157 0.99964 -0.0235576 -5.76463 -0.684909 0.0281298 0.728183 127.202
0.723692 0.00401458 0.690224 152.308 0.0167047 0.999635 -0.023331 -5.78155 -0.690017 0.028409 0.723343 127.843
0.718445 0.0069219 0.695651 152.94 0.0127782 0.999696 -0.0231478 -5.81394 -0.695564 0.0255146 0.71811 128.496
0.712548 0.0140254 0.701594 153.588 0.00837825 0.999607 -0.0284942 -5.83737 -0.701667 0.0261763 0.712132 129.189
0.707532 0.0188639 0.70653 154.252 0.00629256 0.999483 -0.0329908 -5.85076 -0.70675 0.0277831 0.707021 129.846
0.701552 0.0208861 0.712422 154.913 0.00641911 0.999393 -0.0356227 -5.86949 -0.712682 0.0295589 0.700975 130.506
0.695651 0.016337 0.718293 155.588 0.0044314 0.999672 -0.0270323 -5.89752 -0.718462 0.0219834 0.695324 131.144
0.689689 0.0126656 0.724103 156.269 -0.000698421 0.999907 -0.0168268 -5.90214 -0.724196 0.011095 0.689618 131.808
0.682268 0.00763081 0.731161 156.91 -0.000131821 0.999995 -0.0103175 -5.91729 -0.731198 0.00693876 0.68224 132.449
0.674859 0.0102014 0.737983 157.602 -0.00696708 0.999996 -0.00745433 -5.92888 -0.738003 -0.000115024 0.674913 133.132
0.667668 0.0112393 0.744474 158.297 -0.0058486 0.999983 -0.00985564 -5.93419 -0.744532 0.00222236 0.667698 133.745
0.661491 0.0105104 0.749985 158.942 -3.77498e-05 0.99995 -0.0139825 -5.94236 -0.750041 0.00921649 0.661445 134.29
0.65463 0.0183036 0.755826 159.671 3.36162e-05 0.999756 -0.0242438 -5.96733 -0.756044 0.015892 0.654446 134.925
0.646854 0.0200725 0.762455 160.452 0.00287852 0.999631 -0.0287605 -5.96317 -0.762696 0.0207934 0.646545 135.606
0.640501 0.0158228 0.76789 161.183 0.00517798 0.999725 -0.0249229 -5.9846 -0.768033 0.0199349 0.64022 136.199
0.632923 0.0100856 0.774253 161.904 0.00852637 0.999812 -0.0199956 -6.00467 -0.774254 0.0192519 0.632706 136.781
0.625837 0.00950451 0.779992 162.651 0.00830365 0.999837 -0.01885 -6.02242 -0.780003 0.0182693 0.625635 137.409
0.619222 0.0112827 0.785238 163.344 0.00689531 0.999829 -0.0198053 -6.03531 -0.785272 0.0176732 0.619026 137.946
0.612412 0.00939311 0.790579 164.134 0.0109673 0.999783 -0.0203786 -6.04168 -0.790556 0.0211461 0.612155 138.604
0.606817 0.00378529 0.794936 164.891 0.0156972 0.999786 -0.0167449 -6.04717 -0.794773 0.0226337 0.606616 139.195
0.601654 0.000655324 0.798852 165.62 0.0164072 0.999829 -0.0131815 -6.06763 -0.798681 0.0210329 0.60152 139.756
0.597061 -0.000473504 0.802299 166.369 0.0144113 0.999894 -0.0101362 -6.09111 -0.802152 0.0176086 0.596994 140.339
0.592258 0.00156908 0.805842 167.147 0.0137894 0.999883 -0.0120856 -6.1005 -0.805723 0.0182654 0.592147 140.94
0.589417 0.00422727 0.80792 167.826 0.0151426 0.999802 -0.0162802 -6.09698 -0.807772 0.0218241 0.589227 141.389
0.586736 0.0101028 0.809808 168.554 0.0143505 0.999687 -0.022873 -6.10579 -0.809742 0.0250369 0.586389 141.911
0.583725 0.0128551 0.811953 169.307 0.0122416 0.999671 -0.0246297 -6.11522 -0.811944 0.0243109 0.583367 142.478
0.581768 0.00856556 0.813404 170.02 0.0124339 0.999787 -0.0194254 -6.1272 -0.813351 0.0214102 0.581519 142.961
0.579898 0.00036059 0.814792 170.74 0.0163353 0.999844 -0.0120701 -6.13571 -0.81461 0.0203037 0.579792 143.464
