1 -0.00166628 -0.00173161 0.00234166 0.00166419 1 -0.000895885 -0.00636652 0.00173162 0.000892738 1 0.56418
0.999997 -0.000149864 -0.00103327 -0.00441254 0.000148619 0.999994 -0.00171335 -0.0113333 0.00103499 0.00171347 0.999995 0.555828
1 -0.000174099 -0.0024082 0.00573118 0.000169347 1 -0.00178978 -0.00136741 0.00240695 0.00178901 0.999999 0.58092
0.999994 -0.00175169 -0.00143612 -0.0284472 0.00174851 0.999992 -0.00245939 0.00376292 0.00144169 0.00245715 0.999994 0.631339
0.999998 -0.00273811 -0.00173117 0.00724932 0.00273403 0.999998 -0.00207567 -0.00814029 0.0017355 0.00207065 0.999999 0.532974
0.999996 -0.000897952 1.01513e-05 -0.0434002 0.000898624 0.999996 -0.00103492 0.00251292 -7.99006e-06 0.00103519 0.999997 0.602686
1 0.000170841 -0.00066469 -0.024624 -0.000171235 1 0.000577134 -0.01309 0.000663334 -0.000577294 1 0.58047
0.999997 -0.000278846 0.0005287 -0.0491357 0.000279556 0.999997 0.000205479 -0.0228781 -0.000527335 -0.000205025 0.999999 0.594977
1 0.00113665 -0.000771524 -0.0163284 -0.00113957 0.999998 -0.00272327 -0.0139778 0.000766981 0.00272383 0.999997 0.604851
0.999995 0.00179384 -0.000857757 -0.0133673 -0.00179612 0.999989 -0.00372594 -0.0143629 0.000852492 0.0037278 0.999991 0.595572
1 0.00132376 0.000406936 -0.0552239 -0.00132315 0.999994 -0.00386693 -0.000787854 -0.000413454 0.00386606 0.999994 0.667165
0.999994 0.00223328 8.95275e-05 -0.0425776 -0.00223232 0.999996 -0.000135957 0.000280419 -8.84896e-05 0.000136055 0.999999 0.678631
1 0.00230769 -0.000214827 -0.0292117 -0.00230713 0.999977 0.0067282 0.00181414 0.000228991 -0.00672798 0.999979 0.663476
0.999995 0.000596975 -0.000780346 0.0105192 -0.000588115 0.999946 0.0101866 0.000634805 0.000787618 -0.0101858 0.999946 0.625775
1 0.00123605 -0.00119975 0.0121026 -0.00122906 0.99998 0.00652083 -0.00919938 0.00120644 -0.00651962 0.99998 0.657961
0.999991 0.00261709 -0.0013013 -0.000787767 -0.00261726 0.999994 -0.000789518 -0.0207018 0.00130051 0.000793176 0.999997 0.696003
1 0.00250034 -0.000996716 0.00065602 -0.00250733 0.99998 -0.00624191 -0.0268199 0.000979787 0.00624415 0.999981 0.681884
0.999993 -0.000539109 -0.00204267 0.0151445 0.000527512 0.999979 -0.00607591 0.00566945 0.00204711 0.00607509 0.999979 0.707952
1 -0.00165007 -0.000850983 0.00314826 0.00165042 1 0.00144211 -0.00236234 0.000847238 -0.00144381 0.999999 0.73876
0.999994 -0.00130243 -0.000463882 0.00147864 0.0013075 0.999955 0.00914453 -0.00175871 0.000453285 -0.00914483 0.999958 0.76155
1 -0.000599524 -0.000886454 0.00295665 0.000604532 0.999981 0.00654102 0.00338802 0.000881022 -0.00654188 0.999979 0.798504
0.999994 -0.00110575 -0.00070196 0.00796653 0.00110807 0.999994 0.00221519 -0.00796041 0.000700939 -0.00221575 0.999996 0.793079
1 -0.00176853 9.33927e-05 0.00293828 0.00176791 1 -0.00085069 -0.0119812 -9.34279e-05 0.000850695 1 0.789928
0.999995 -0.000590358 0.000897736 0.000941627 0.000592923 0.999995 -0.00206607 -0.0108201 -0.000895018 0.00206678 0.999997 0.798316
1 0.00231831 0.00110837 -0.0180451 -0.00231595 0.999997 -0.00284145 -0.0171865 -0.00111664 0.00283848 0.999997 0.856188
0.999989 -0.00304402 0.00117606 -0.0048487 0.00305134 0.999976 -0.00554077 -0.00675317 -0.00115765 0.00554474 0.999983 0.852708
1 -0.00344551 0.000438045 0.00689684 0.00344746 0.999977 -0.00651138 -0.00364049 -0.000417108 0.00651251 0.99998 0.874795
0.999993 0.000774905 0.00189095 -0.0202017 -0.000763737 0.999981 -0.00545293 0.000532072 -0.00189361 0.00545188 0.999983 0.923183
1 0.000703646 0.000305488 -0.00689138 -0.000704189 1 -0.000840762 -0.00473399 -0.000307626 0.00084015 1 0.92952
0.999995 -9.57818e-05 3.86756e-05 -0.0103416 9.65903e-05 0.999997 0.000123692 -0.00109975 -3.72306e-05 -0.000123239 0.999999 0.930398
1 0.00128283 0.00134943 -0.0207652 -0.0012821 1 -0.00112856 -0.0138088 -0.0013525 0.00112632 1 0.935964
0.999993 0.000684116 0.00214293 -0.0257447 -0.000679781 0.999996 -0.00165367 -0.00452539 -0.00214243 0.00165269 0.999995 0.89792
0.999998 0.00375473 -0.000123152 -0.00585539 -0.00375557 0.999996 -0.000830558 -0.00802722 0.000118268 0.000830492 1 0.975427
0.999993 0.00160479 -0.000342369 0.000447058 -0.00160427 0.999996 -0.000193988 -0.00860945 0.000343812 0.000195069 0.999999 0.955917
1.00001 0.000783131 5.1114e-05 -0.00892944 -0.000783693 1 0.000297397 -0.0169349 -5.26573e-05 -0.000297985 1 0.973691
0.999994 -1.33284e-05 0.000422596 -0.0137563 1.40433e-05 0.999997 -0.000352595 -0.00332634 -0.000420766 0.000353153 0.999998 0.995619
1 0.00109269 -0.000759983 -0.00709593 -0.0010925 1 0.00113013 -0.0125049 0.000759386 -0.00112984 1 1.00282
0.999994 0.000284302 -0.000722761 -0.00172091 -0.000282703 0.999995 0.00143727 -0.00241808 0.000724968 -0.00143655 0.999995 1.00708
1 -0.000251275 -0.00144589 0.00887612 0.000252587 1 0.00130877 -0.01558 0.00144376 -0.00130961 1 1.01402
0.999995 -0.00021271 -0.000131589 -0.0076745 0.00021284 0.999996 -0.00121291 -0.0107168 0.000133549 0.00121323 0.999997 1.03122
1 0.00108858 -0.000669143 0.000963864 -0.00108959 1 -0.00111813 -0.00903745 0.00066621 0.0011185 1 1.03625
0.999995 -0.00064606 -0.000139516 -0.0107531 0.000646441 0.999995 0.00087355 -0.00968369 0.000140586 -0.000873256 0.999997 1.0493
1 -0.0006893 -0.000397384 -0.0075815 0.000690002 1 0.00249376 -0.00966046 0.000393955 -0.00249438 1 1.04375
0.999997 0.000305257 -8.59362e-05 -0.0122761 -0.000304674 0.99999 0.00376818 -0.0132883 8.87775e-05 -0.00376782 0.999991 1.08387
1 0.000548837 0.000190623 -0.024315 -0.000549422 1 0.00239882 -0.0155703 -0.000190974 -0.0023993 0.999999 1.06618
0.999998 -0.000275567 -0.000248226 -0.0163833 0.000275828 0.999997 0.000865096 -0.0211981 0.000249581 -0.000864782 0.999999 1.03087
1 6.55105e-05 0.000645614 -0.0296764 -6.42387e-05 1 -0.00200772 -0.00790571 -0.000647317 0.00200733 0.999999 1.07739
0.999997 0.000650127 0.000668603 -0.0292824 -0.000649215 0.999997 -0.00129534 -0.0075883 -0.000667852 0.00129526 0.999998 1.07918
1 -0.000230096 -0.00135817 -0.000336515 0.000231407 1 0.00102207 -0.0168816 0.00135634 -0.00102273 1 1.09649
0.999996 -0.000312224 -0.000794146 -0.0122149 0.000313466 0.999997 0.00150829 -0.00754848 0.00079532 -0.00150816 0.999996 1.08836
1 0.000454675 -0.000805355 -0.00362093 -0.000453228 1 0.00191842 -0.011454 0.000804626 -0.00191844 1 1.08728
0.999996 0.00155775 -0.000780796 -0.00378076 -0.00155796 0.999996 -0.000364322 -0.0193061 0.000781872 0.000365933 0.999996 1.09905
1 0.00159795 -0.000314125 0.00117249 -0.00159924 0.999995 -0.00362661 -0.0258107 0.00030682 0.00362669 0.999998 1.11182
0.999996 0.00145212 -4.65944e-05 -0.00697374 -0.00145208 0.99999 -0.00348038 -0.0255463 4.3089e-05 0.00348083 0.99999 1.09999
1 0.00105365 0.000502551 -0.0140475 -0.00105372 1 -0.000335074 -0.0198331 -0.000504222 0.000334131 1 1.06724
0.999996 0.000996526 0.00114705 -0.0232124 -0.00099962 0.999993 0.00277276 -0.0202506 -0.00114262 -0.00277326 0.999992 1.07675
1 0.00110318 -6.98206e-05 -0.00593068 -0.00110319 1 0.00263966 -0.0309299 7.13092e-05 -0.00264012 1 1.08615
0.999992 -0.00265069 0.001414 -0.025555 0.00264633 0.999989 0.00286146 -0.0339475 -0.0014197 -0.00285694 0.999991 1.08216
0.999996 0.00388827 0.000813881 0.0895776 -0.0038905 0.999992 0.00324315 -0.0986617 -0.000803212 -0.00324696 0.999998 1.02261
0.999996 -0.000476887 0.000625763 0.00645567 0.000476948 0.999995 -0.000679677 -0.0384815 -0.000623668 0.0006806 0.999996 1.05665
1 0.000206665 0.00241379 -0.0540116 -0.000202203 1 -0.00172596 -0.0232466 -0.00241602 0.00172485 1 1.12417
0.999997 -0.00125017 0.000286425 0.0174605 0.00125052 0.999991 -0.0024117 -0.0207503 -0.000281653 0.00241244 0.999992 1.02064
1 -0.00131588 -0.000275999 0.0116637 0.00131527 1 -0.00294916 -0.026361 0.000277981 0.00294836 1 1.07387
0.999996 -0.0014437 -0.00065999 0.0152633 0.00144244 0.999994 -0.00157947 -0.019769 0.000664132 0.00157894 0.999994 1.08777
1 -0.00157343 -0.000290655 0.00657848 0.00157438 0.999999 0.00261639 -0.0209939 0.00028462 -0.00261732 1 1.09787
0.999995 -0.00240356 -6.01759e-05 0.00630637 0.00240371 0.999975 0.00629207 -0.0191578 4.69507e-05 -0.00629171 0.999977 1.08424
0.999998 -0.00270895 0.000897268 0.000112679 0.00270379 0.999982 0.00585643 -0.0181717 -0.000914995 -0.00585448 0.999986 1.03818
0.999997 -0.00126981 0.000237514 -0.0102995 0.00126948 0.999996 0.00122835 -0.0297489 -0.000237258 -0.00122741 0.999996 1.11706
0.999992 -0.00440293 0.000763331 -0.00343378 0.00440559 0.999987 -0.00327074 -0.00828029 -0.000750883 0.00327348 0.999999 1.07521
0.999998 -0.00112679 0.000874203 -0.0206358 0.00112926 0.999994 -0.00289814 -0.0206971 -0.00086902 0.00289956 0.999994 1.07698
0.999999 0.00153481 -0.000967374 0.00385113 -0.00153879 0.999993 -0.00411578 -0.0156065 0.000959122 0.00411687 0.999994 1.12103
0.999999 5.05209e-05 0.000993842 -0.0242433 -4.55988e-05 0.999985 -0.00474231 -0.00655082 -0.000992038 0.00474264 0.999987 1.0827
0.999994 0.00300399 0.0021698 -0.032857 -0.00299412 0.99999 -0.0044989 0.0441574 -0.00218524 0.00449214 0.99999 1.07147
0.999994 0.00364459 0.000866378 -0.0115079 -0.00364804 0.999981 0.00388471 -0.0177174 -0.000850272 -0.00388758 0.999991 1.10369
0.999998 0.0015413 0.000894604 -0.0256742 -0.00154279 1 0.00199121 -0.0134924 -0.00089352 -0.00199289 0.999999 1.09462
1 -0.000833204 -0.000506024 -0.00108956 0.000832585 0.999995 -0.0006913 0.00459487 0.000508509 0.000691165 0.999999 1.1108
0.999998 -0.00200414 0.000565601 -0.0198646 0.0020041 1 0.000373253 -0.00851345 -0.000568295 -0.000372404 1 1.10013
0.999994 -0.00136992 0.00335438 -0.037091 0.00137174 0.999997 -0.000594799 0.0155191 -0.00335164 0.000599573 0.999994 1.05011
0.999996 -0.00273612 -0.00112103 0.014731 0.00273767 0.999996 0.00128461 0.00491832 0.00111553 -0.00128785 0.999999 1.09218
0.999999 -0.0018128 0.000379489 -0.0240095 0.0018126 0.999998 7.88861e-05 0.00664187 -0.000377661 -7.7991e-05 1 1.08686
0.999999 -0.000579708 0.000302191 -0.018903 0.000580502 0.999999 -0.00137465 -0.0179371 -0.000303333 0.0013746 0.999999 1.07201
1 0.000622983 -0.000961512 -0.00575066 -0.000626855 0.999994 -0.00366631 -0.0218662 0.000961163 0.00366713 0.999994 1.13403
0.999998 -3.56209e-05 -0.00180377 0.0118393 3.15726e-05 0.999996 -0.00243373 -0.010757 0.00180195 0.00243348 0.999995 1.07316
1 0.0014286 5.51039e-05 -0.0250247 -0.00142894 1 0.00166126 -0.0137314 -5.08821e-05 -0.00166116 0.999999 1.05468
0.999998 0.000322949 -0.0018819 0.0168263 -0.000315073 0.99999 0.00398419 -0.011147 0.00188135 -0.00398367 0.999991 1.0812
0.999999 0.0014329 -0.000703055 -0.0116466 -0.00143073 0.999995 0.00364312 -0.010705 0.00071006 -0.00364206 0.999994 1.07836
1 0.000893461 0.000233666 -0.0227059 -0.000893099 0.999998 0.00035175 -0.0134622 -0.000235264 -0.000352216 1 1.09154
0.999999 -0.000789277 -0.00052225 -0.0145942 0.000787766 0.999999 -0.00203426 -0.00296843 0.00052583 0.00203409 0.999997 1.03779
1 -0.000202647 0.000245275 -0.0225696 0.000203235 0.999999 -0.0010318 -0.0138791 -0.000247089 0.00103163 1 1.0486
0.999999 -0.000979932 -7.2956e-05 -0.0209522 0.00097958 1 -0.000985322 -0.00428647 7.592e-05 0.000985452 1 1.05303
1 -0.00114559 -0.000239192 -0.0154995 0.00114602 0.999997 0.000492571 -0.0217561 0.000236684 -0.000493089 1 1.03752
0.999998 -0.00134726 0.000599883 -0.0290984 0.00134622 1 0.000869629 -0.00935397 -0.00059917 -0.000868558 1 1.00973
1 -0.000405379 6.72039e-05 -0.0194935 0.000405628 0.999999 0.000403711 0.0195103 -6.90933e-05 -0.000404034 1 0.98056
0.999998 -0.00118786 -0.000301623 -0.0166561 0.0011874 1 -0.000175128 -0.00347002 0.000303654 0.00017513 1 0.993898
0.999999 -0.00144517 -0.0016688 -0.0153646 0.00144566 0.999998 8.31274e-05 -0.0174598 0.00166694 -8.59022e-05 0.999999 0.959456
0.999995 -0.00140295 -0.00265875 -0.0229729 0.00139958 0.999999 -0.00114952 -0.016132 0.00266211 0.00114612 0.999996 0.94996
0.999997 -0.000137482 -0.00278203 -0.0199425 0.000134995 0.999999 -0.000980399 -0.0159572 0.00278039 0.000979683 0.999997 0.914102
0.999997 -0.000468452 -0.00218733 -0.0289996 0.000468551 1 0.000225418 -0.0173181 0.00218912 -0.000226105 0.999998 0.879831
0.999998 0.000902216 -0.00192966 -0.0265274 -0.000900102 0.999999 0.000937089 -0.0158245 0.00192859 -0.000935696 0.999999 0.886
0.999998 0.000604785 -0.00221643 -0.0264404 -0.000602267 0.999998 0.00133027 -0.0216354 0.00221912 -0.00132853 0.999995 0.852126
0.999998 0.000968496 -0.00212908 -0.0199951 -0.00096399 0.999998 0.00200727 -0.0263349 0.00212906 -0.00200569 0.999998 0.805864
0.999997 0.00127118 -0.00197978 -0.0241328 -0.00126962 0.999998 0.000914682 -0.0180377 0.00198296 -0.000911629 0.999995 0.795735
0.999994 0.00209716 -0.00291744 0.00418045 -0.00209776 1 -0.000323852 -0.0122467 0.00291472 0.0003294 0.999999 0.741163
0.999993 0.00234068 -0.00267544 -0.0117262 -0.00234384 0.999995 -0.00106769 -0.0245547 0.00267491 0.00107448 0.999994 0.741072
0.999996 0.00174064 -0.0024605 -0.013004 -0.00174894 0.999994 -0.00349752 -0.0226782 0.00245237 0.00350124 0.999993 0.696323
0.999989 0.00349164 -0.00305311 -0.0126697 -0.00350273 0.999986 -0.00353533 -0.0235018 0.00304276 0.00354653 0.999987 0.700718
0.999997 0.0017971 -0.0022402 -0.0103227 -0.00180373 0.999996 -0.0031025 -0.0075716 0.00223261 0.00310596 0.999995 0.686697
0.999994 0.002418 -0.00150171 0.00660349 -0.00241948 0.999996 -0.000838531 -0.017562 0.00150169 0.000842704 0.999998 0.632663
0.999998 0.00259489 6.31873e-05 0.0112706 -0.0025947 0.999998 0.000327462 -0.0152921 -6.43448e-05 -0.000328186 1 0.623525
0.999988 0.00384586 0.00223903 0.00744564 -0.00384959 0.999991 0.00156365 -0.0163599 -0.00223099 -0.00157169 0.999996 0.61742
0.999987 0.00235098 0.0048297 0.0124528 -0.00235749 0.999997 0.00139554 -0.0162988 -0.0048284 -0.00140753 0.999988 0.591551
0.999984 0.000639299 0.00562548 0.0398243 -0.000651487 0.999997 0.00210767 -0.01455 -0.00562211 -0.00211066 0.999983 0.551284
0.999966 -0.000368676 0.00833649 0.0337939 0.000350078 0.999998 0.00226877 -0.00802249 -0.00833922 -0.00226633 0.999962 0.517694
0.999944 -7.60605e-05 0.0105897 0.0326534 6.50261e-05 0.999999 0.000999386 -0.00893963 -0.0105878 -0.000998051 0.999945 0.510086
0.999923 -0.00092653 0.0123701 0.0390694 0.000927906 1 -6.22675e-05 -0.00551254 -0.012372 7.31169e-05 0.999922 0.492233
0.999914 3.7406e-05 0.0131388 0.0566602 -2.28531e-05 0.999999 -0.00114882 -0.00315823 -0.0131368 0.00114899 0.999915 0.479071
0.999883 -0.000920816 0.0152555 0.072289 0.000975852 0.999994 -0.00356163 0.000203473 -0.0152541 0.0035755 0.999876 0.448158
0.999832 -0.000321246 0.018423 0.0804706 0.000407588 0.999987 -0.00472019 -0.000706255 -0.0184194 0.0047275 0.999821 0.425782
0.99976 -0.00264325 0.0216865 0.0758227 0.00275845 0.999984 -0.00525442 0.00317782 -0.0216741 0.00531244 0.999749 0.412981
0.999697 -0.00256995 0.0245424 0.0849126 0.00265136 0.999989 -0.0033083 0.00622859 -0.0245318 0.00337294 0.999695 0.442674
0.999631 -0.00264726 0.0269875 0.0882329 0.00268653 0.999998 -0.00139824 0.00144447 -0.0269855 0.00146959 0.999632 0.398971
0.999545 -0.00255114 0.0301137 0.0890404 0.00260975 0.999992 -0.00192486 -0.000197979 -0.0301067 0.00200315 0.999547 0.405093
0.999395 -0.00256944 0.0346743 0.0751258 0.00260932 0.999999 -0.00108834 -0.00805152 -0.0346733 0.00117755 0.999396 0.406976
0.999275 -0.00310272 0.0379734 0.076786 0.00312216 0.999992 -0.000468322 -0.00438795 -0.03797 0.000587157 0.999281 0.432257
0.999177 -0.00245348 0.0404762 0.0654721 0.00250411 0.999999 -0.00118998 -0.0039244 -0.0404749 0.00128976 0.999178 0.401457
0.999105 0.000508414 0.0423162 0.0675572 -0.000458622 0.999996 -0.00119597 -0.00790499 -0.042315 0.00117607 0.999105 0.389801
0.998951 0.00138696 0.0457414 0.0614956 -0.00136373 1 -0.000530135 -0.00816676 -0.0457438 0.00046658 0.998951 0.380653
0.998903 0.000444889 0.0468367 0.0641925 -0.000518438 0.999996 0.00154933 -0.00885576 -0.0468343 -0.00157122 0.998903 0.367752
0.998885 -0.00034794 0.0471829 0.0716836 0.000275826 1 0.00154283 -0.00983865 -0.047185 -0.00152881 0.998884 0.370516
0.998726 -0.0021816 0.0504438 0.0492174 0.00218419 0.999994 -3.28686e-06 -0.0127154 -0.0504421 0.000114215 0.998729 0.359392
0.998742 -0.000794341 0.050111 0.0527044 0.000877116 1 -0.00162182 -0.0167614 -0.0501112 0.00166297 0.99874 0.367366
0.998704 0.00059261 0.0509154 0.0442248 -0.000450506 0.999992 -0.00280972 -0.0169123 -0.0509154 0.00278396 0.998701 0.355633
0.998645 0.00234108 0.0519494 0.0466128 -0.00214151 0.999993 -0.00388979 -0.0136957 -0.0519594 0.00377248 0.998639 0.359307
0.998538 0.00522994 0.0538424 0.0440216 -0.00501303 0.999975 -0.00417076 0.000252835 -0.0538616 0.00389551 0.998544 0.358779
0.998601 0.00456817 0.0526365 0.0761816 -0.00445756 0.999992 -0.0022124 -0.00647709 -0.0526476 0.00197396 0.998609 0.365284
0.998563 -0.000157065 0.0536321 0.072401 0.000179875 0.999995 -0.00042524 -0.00375206 -0.0536305 0.000435104 0.998564 0.364007
0.998608 -0.00388022 0.0525604 0.084605 0.0038746 0.999998 0.000215046 0.0178977 -0.0525625 -1.19103e-05 0.998615 0.381899
0.998488 -0.000303602 0.0550254 0.0697124 0.000162472 0.999992 0.00256071 0.00469307 -0.0550245 -0.00254711 0.998486 0.371695
0.998461 0.000220326 0.0554121 0.0675893 -0.000323577 1 0.00185878 0.00618603 -0.0554132 -0.00187469 0.998459 0.381823
0.998474 -0.000328996 0.0552834 0.0700725 0.000194939 0.999994 0.00242516 0.00234079 -0.0552826 -0.00240987 0.998471 0.389702
