0.999998 0.000834876 0.00146471 0.00302876 -0.000833507 0.999999 -0.000996775 -0.0184318 -0.00146552 0.000995438 0.999998 1.2283
0.999998 0.000162901 0.00190387 -0.013316 -0.000163184 1 0.000211198 -0.0171454 -0.00190382 -0.00021134 0.999999 1.24439
0.999999 -0.000629571 0.000647557 -0.00217571 0.000629091 1 0.000542312 -0.0242683 -0.000647884 -0.000542094 0.999999 1.21766
1 -0.000208364 0.000807087 -0.00704765 0.000208529 1 -3.16633e-05 -0.0209983 -0.000807081 3.20809e-05 1 1.221
1 -0.00026064 0.000907383 -0.0101224 0.000260284 1 0.000320604 -0.0228596 -0.000907512 -0.000320576 1 1.21244
1 0.000357638 0.00121362 -0.0155154 -0.000356308 1 -0.00103686 -0.0225036 -0.00121397 0.00103656 1 1.2008
0.999994 -0.00332876 -0.000326509 0.00466818 0.00332743 0.999988 -0.0035334 0.02482 0.000338372 0.00353215 0.999993 1.1898
0.999999 -0.00164525 0.000472948 -0.0141581 0.00164527 0.999999 0.000284967 -0.00204831 -0.000473517 -0.000284034 1 1.19367
0.999999 -0.000452468 -0.000592931 -0.0182039 0.000452866 1 0.000957627 -0.0187237 0.000592565 -0.000958045 0.999999 1.20916
0.999999 -0.00105139 -0.00179775 -0.0214571 0.00104975 0.999998 -0.000990972 -0.0174783 0.00179871 0.000989232 0.999998 1.22769
0.999997 0.00126959 -0.0017646 -0.0134285 -0.00127093 0.999999 -0.000687258 -0.0089825 0.00176382 0.000689328 0.999998 1.211
0.999999 0.000186686 -0.00134959 -0.0124812 -0.00018634 1 0.000199892 -0.0327579 0.00134956 -0.000199494 1 1.21551
0.999998 0.00194596 -0.00026553 -0.0181646 -0.00194618 0.999998 -0.000615801 -0.012849 0.000264419 0.000616159 0.999999 1.22429
1 -0.00120955 -2.65705e-06 -0.0241158 0.00120951 0.999999 4.42777e-05 -0.0219327 2.58767e-06 -4.41652e-05 1 1.19834
1 -1.50538e-05 -8.70744e-05 -0.0184884 1.51438e-05 1 0.000796405 -0.0262992 8.70575e-05 -0.00079655 1 1.23255
1 -0.000549093 0.000443475 -0.0227746 0.000548794 0.999999 0.000620247 -0.027599 -0.000443836 -0.000619804 1 1.234
0.999999 0.000644053 0.000131249 -0.0206487 -0.000644084 1 -0.000238733 -0.0295081 -0.000131327 0.000238485 1 1.20918
1 0.000219452 -0.000787058 -0.00418312 -0.000219661 1 -0.00054369 -0.0240236 0.000786805 0.000544 1 1.20256
0.999999 0.00126448 -0.000856016 -0.00817726 -0.00126413 1 0.000757896 -0.0245927 0.000857459 -0.000757113 1 1.21732
0.999999 -0.000441158 -0.00149971 0.00239699 0.000441105 0.999999 -0.000242448 -0.0226 0.00149935 0.000242037 0.999999 1.22577
1 0.000381973 -0.00104405 -0.0127415 -0.000382519 1 -0.000223407 -0.0275516 0.00104444 0.000223586 1 1.21353
0.999999 0.000573084 -0.000182677 -0.022619 -0.000572659 0.999999 0.000730188 -0.0184277 0.000182644 -0.000729868 0.999999 1.22892
1 -0.00157702 -0.0006611 -0.00416378 0.00157805 0.999998 0.00212582 -0.0235916 0.000658195 -0.00212708 0.999999 1.24945
0.999998 -0.000423807 -0.00118057 -0.0122165 0.000424542 0.999999 0.000253883 -0.0269364 0.00118017 -0.000254226 0.999999 1.19429
1 -0.00037448 -0.0013141 -0.000408875 0.00037304 1 -0.000752918 -0.0199703 0.00131475 0.000752288 1 1.22523
0.999997 -0.00101478 -0.0013442 -0.00201631 0.00101359 0.999998 -0.00122551 -0.0169061 0.00134506 0.00122429 0.999997 1.22591
1 0.000738824 -0.0010416 -0.00921519 -0.000738954 1 0.000246505 -0.0254204 0.00104214 -0.000245882 1 1.20489
0.999998 -0.000795275 -0.00105557 -0.00472731 0.000795752 0.999999 0.000110191 -0.0170975 0.00105511 -0.000110912 0.999999 1.2181
1 -0.000603628 -0.000974525 -0.00469751 0.00060353 1 0.000268652 -0.0179557 0.000974735 -0.000269365 1 1.21795
0.999998 0.000484489 -0.00165932 0.0031139 -0.000483728 1 0.000256247 -0.0211073 0.00165907 -0.000255318 0.999998 1.21477
1 -0.000163278 -0.00117504 -0.0017415 0.000162522 1 -0.000303963 -0.0196614 0.00117546 0.000303677 1 1.19265
0.999999 -0.00105189 -0.000792093 0.00202291 0.00105296 0.999999 0.000882217 -0.0261406 0.000790836 -0.000882951 0.999999 1.22307
1 0.000307226 -0.000723826 0.00285586 -0.000306663 1 0.0012976 -0.0249031 0.00072455 -0.00129748 1 1.21747
1 0.000242847 -0.000837111 0.00507013 -0.000241471 0.999999 0.00122585 -0.0270444 0.000837099 -0.00122556 0.999999 1.23397
1 0.00044884 -0.00021287 -0.00917973 -0.000449235 1 -0.000117708 -0.0310609 0.000213165 0.000117705 1 1.21559
0.999999 0.000638723 -0.000312903 -0.00994739 -0.000638199 1 0.000484648 -0.0310964 0.00031286 -0.000484345 1 1.21876
0.999996 0.00282312 -0.000587451 0.00227966 -0.00282204 0.999993 0.0024284 -0.029306 0.000594628 -0.00242682 0.999997 1.21997
0.999999 0.000613543 0.000560607 0.00469963 -0.000615213 0.999993 0.00355181 -0.027439 -0.000558788 -0.00355205 0.999993 1.21772
1 0.000306819 0.00129173 -0.00171132 -0.000311097 0.999995 0.0030479 -0.0246796 -0.00129042 -0.00304841 0.999994 1.22405
0.999998 -2.23994e-05 0.00182984 -0.0145766 1.57479e-05 0.999993 0.00382012 -0.0260108 -0.00183026 -0.00382 0.999991 1.24105
1 -0.000158484 0.000944735 -0.00554762 0.000156602 0.999999 0.00158955 -0.0265108 -0.000944615 -0.00158951 0.999998 1.21201
0.999998 -0.00123104 0.00154734 -0.00808582 0.00123349 0.999999 -0.00136376 -0.0159605 -0.00154604 0.00136575 0.999999 1.21796
0.999998 0.00185598 0.000875226 -0.0109428 -0.00185512 0.999997 -0.00135999 -0.0207002 -0.000877356 0.00135826 0.999998 1.21108
0.999998 0.000232064 0.00203013 -0.0477294 -0.000230652 1 -0.00049514 -0.0180707 -0.00203053 0.000494727 0.999999 1.19283
0.999999 -0.000335576 0.00115968 -0.0244356 0.000336108 1 -0.000711748 -0.0169312 -0.00115914 0.000712057 0.999998 1.22809
1 -3.50074e-05 -1.77813e-06 -0.0163138 3.5315e-05 0.999999 -0.00117693 -0.0195087 1.48476e-06 0.00117701 1 1.20996
1 0.000298003 -0.000994813 -0.0141186 -0.000297448 1 0.000860733 -0.0253447 0.000995437 -0.000860542 0.999998 1.23257
0.999998 -7.19183e-05 -0.00168802 -0.00980072 7.45367e-05 0.999999 0.00138312 -0.0243364 0.00168757 -0.00138322 0.999999 1.19443
1 -0.000114094 -0.000794917 -0.0149931 0.000114185 1 0.000453168 -0.0254266 0.000795239 -0.000453303 0.999999 1.22528
0.999999 0.000645319 -0.000810319 -0.0081871 -0.000645139 0.999999 -0.000162548 -0.0232858 0.000809842 0.000163056 1 1.25343
1 0.000524302 -0.00122189 -0.00345327 -0.00052369 1 0.000725301 -0.0349011 0.00122266 -0.000724781 0.999998 1.20191
0.999998 -0.000899925 -0.000643715 -0.002213 0.000899626 0.999999 -0.000941159 -0.0207906 0.000644156 0.000940652 1 1.22622
1 -0.000750929 -0.000852177 0.00117931 0.000749697 1 -0.00113026 -0.0163662 0.000853435 0.00112953 0.999998 1.22314
0.999998 -0.000668419 -0.00126364 -0.00191176 0.000669801 0.999999 0.00087324 -0.0141447 0.00126263 -0.000873991 1 1.2159
1 -0.000609897 -0.000693045 -0.010028 0.000610805 0.999999 0.00165945 -0.024859 0.000692458 -0.00166 0.999997 1.20166
0.999998 0.000867502 0.00156479 -0.0298281 -0.000864839 0.999999 -0.00159412 -0.0303316 -0.00156651 0.00159286 0.999999 1.22897
0.999999 0.00182452 -0.000122149 -0.0055003 -0.00182482 0.999998 -0.00116694 -0.0202438 0.000120395 0.00116704 0.999998 1.22572
0.999998 0.00181973 -6.29561e-05 -0.0215021 -0.00181958 0.999998 0.000312779 -0.0213918 6.31758e-05 -0.000312591 1 1.2063
0.999999 0.00149566 -0.00100446 0.00157571 -0.00149543 0.999999 0.00034869 -0.0254949 0.00100537 -0.000347272 0.999998 1.21089
0.999999 0.000712882 0.000712076 -0.0157987 -0.000714345 0.999999 0.00221848 -0.048578 -0.000710873 -0.0022189 1 1.21239
0.999999 0.000572184 0.0014152 -0.0163918 -0.000575327 0.999996 0.00216157 -0.0372583 -0.00141357 -0.00216248 0.999994 1.21169
0.999996 0.00218163 0.00192094 -0.00834019 -0.00218387 0.999998 0.00123915 -0.0284343 -0.00191863 -0.00124328 1 1.19867
0.999996 -0.00152093 0.00236408 -0.00433983 0.00152537 0.999996 -0.00194098 -0.0309254 -0.00236076 0.00194456 0.999992 1.20815
0.999995 -0.00256533 0.00185889 0.00584011 0.00257566 0.999983 -0.00552049 -0.0210706 -0.00184507 0.00552526 0.999986 1.21226
0.999998 0.000465486 0.00181695 0.000850666 -0.000465167 0.999999 -0.00023953 -0.0142588 -0.00181665 0.000238539 0.999995 1.1899
0.999996 -0.00136483 0.00260051 0.000791592 0.00135806 0.999997 0.00264927 -0.0112159 -0.0026045 -0.00264561 0.999997 1.18738
0.999984 0.00183206 0.00535473 -0.0251676 -0.00183535 0.999997 0.000571211 -0.0180163 -0.00535325 -0.000581153 0.999983 1.1824
0.999987 0.00342896 0.00334011 0.0131723 -0.00341629 0.999992 -0.00375991 0.00173852 -0.00335342 0.00374853 0.999991 1.20213
0.999993 0.00264163 0.00375618 0.001218 -0.0026223 0.999977 -0.00518569 -0.00587616 -0.00376938 0.00517567 0.999977 1.18256
0.999989 -0.00064288 0.00386278 -0.00189429 0.000657366 0.999999 -0.00371151 -0.0191697 -0.00386073 0.00371415 0.999987 1.16843
0.999997 -0.000754437 0.00351613 0.000931395 0.000759574 0.999993 -0.00150648 -0.0186777 -0.00351463 0.00150898 0.999991 1.18032
0.99999 -0.000516724 0.00390863 -0.00441841 0.000511696 1 0.00133103 -0.0148954 -0.00390966 -0.00132887 0.999994 1.16384
0.999996 0.00119807 0.0036262 -0.00511441 -0.00119861 0.999994 0.000121482 -0.0246965 -0.00362571 -0.000125935 0.999992 1.19036
0.999993 -0.000996756 0.00257713 0.00991404 0.00100241 1 -0.0021469 -0.0209065 -0.00257532 0.00214953 0.999997 1.17686
0.999999 0.000332809 0.00262755 0.0058552 -0.000327577 0.999992 -0.00207241 -0.0293779 -0.00262779 0.00207147 0.999992 1.15656
0.999992 -0.00067564 0.00279251 -0.00342689 0.000675388 1.00001 0.000163128 -0.0203223 -0.00279301 -0.000161184 0.999998 1.15782
1 -0.00028519 0.00242708 -0.00109183 0.000281457 0.999993 0.00143854 -0.0145536 -0.00242712 -0.00143791 0.999994 1.16844
0.999994 -0.000888611 0.00191197 0.0079316 0.000887023 1.00001 0.000980537 -0.0139207 -0.00191321 -0.000978766 0.999999 1.18953
1 -0.00180256 0.00153125 0.0118202 0.00179956 0.999991 0.00175789 -0.0266317 -0.00153402 -0.00175515 0.999997 1.17358
0.999989 -0.00159581 0.00297611 -0.0237801 0.0015918 1 0.0014813 -0.0237179 -0.00297874 -0.00147655 0.999994 1.16824
1 -0.00095027 0.0013143 0.0101259 0.00095282 0.999992 -0.00220098 -0.0262828 -0.00131185 0.00220212 0.999998 1.16292
0.999993 -0.00106951 0.00167456 -0.0027137 0.00107518 0.999999 -0.00325838 -0.0212475 -0.00167131 0.00326032 0.999992 1.17685
1 0.000671485 0.000750063 0.00385717 -0.000669644 0.99999 -0.00272482 -0.0211032 -0.00075164 0.00272418 0.999997 1.17658
0.999995 0.000456349 0.00119296 0.00167411 -0.000455292 1.00001 -0.00070961 -0.0120066 -0.00119348 0.000709169 0.999999 1.18747
1 -4.13555e-05 -3.29918e-05 -0.0237088 4.11454e-05 0.999994 0.000314556 -0.0124022 3.32211e-05 -0.000314663 1 1.16904
0.999995 0.000411801 -0.000939187 -0.00736084 -0.000410402 1 0.00167437 -0.0149298 0.000939773 -0.00167383 1 1.24843
1 -0.000805257 -0.00132578 -0.00121151 0.000806986 0.999994 0.00114146 -0.0120325 0.00132498 -0.00114269 0.999997 1.24939
0.999992 0.000668915 -0.00201705 -0.00323751 -0.000668016 1.00001 0.000511648 -0.00867502 0.00201728 -0.000510161 0.999999 1.23205
1 0.000360066 -0.00275918 -0.000328604 -0.000359127 0.999994 0.00027745 -0.0166125 0.00275941 -0.000276617 0.999996 1.25187
0.999994 3.40556e-05 -0.00316345 -0.0303331 -3.43044e-05 1.00001 -1.05416e-05 -0.0253351 0.00316335 1.0804e-05 1 1.22675
0.999991 0.00180194 -0.0039358 -0.0311544 -0.00180159 0.999993 2.77803e-05 -0.0282768 0.00393592 -2.08269e-05 0.999988 1.21147
0.999993 0.000295731 -0.00393195 -0.0102507 -0.000292817 1.00001 0.000837406 -0.0243866 0.00393225 -0.000836138 0.999998 1.25724
0.99999 0.000811763 -0.0044368 -0.0138018 -0.000805616 0.999993 0.00130215 -0.0246982 0.00443786 -0.00129868 0.999984 1.24138
0.999991 -6.70406e-06 -0.00428868 -0.0391594 9.6717e-06 1.00001 0.000746644 -0.0155719 0.00428882 -0.000746638 0.999996 1.20619
0.99999 -0.000241888 -0.00461731 -0.0178078 0.000243153 0.999994 0.000208774 -0.0177058 0.00461716 -0.000209952 0.999984 1.2169
0.999985 -0.000547967 -0.0055021 -0.00754699 0.0005475 1.00001 -6.21678e-05 -0.024554 0.00550234 5.91247e-05 0.99999 1.26542
0.999987 0.000566216 -0.00460935 -0.0591815 -0.000563859 0.999994 0.000441653 -0.0332597 0.00460952 -0.0004391 0.999982 1.23438
0.999994 0.000254564 -0.00413469 -0.0478401 -0.000255114 1.00001 -0.000116549 -0.0292203 0.00413488 0.000117434 0.999999 1.34011
0.999986 0.000822295 -0.00525555 -0.0160409 -0.000825955 0.999993 -0.000723221 -0.0292676 0.00525481 0.000727597 0.999979 1.29914
0.999993 0.00159279 -0.00362651 -0.00717173 -0.00159282 1 2.89855e-05 -0.019707 0.0036267 -2.32555e-05 1 1.2789
0.999995 0.00133887 -0.00278966 -0.0115702 -0.00133832 0.999993 0.000161705 -0.0328834 0.00278972 -0.000157942 0.99999 1.269
0.999999 0.00100318 -0.00125978 -0.0124053 -0.00100335 1.00001 -5.62066e-05 -0.0265692 0.00125991 5.74219e-05 1.00001 1.26085
0.999997 0.00153322 -0.00177048 -0.007186 -0.00153293 0.999993 0.000108698 -0.0166509 0.00177046 -0.000105969 0.999992 1.28177
1 0.000979476 -0.000947502 -0.0225087 -0.000978964 1 0.000649751 -0.0114931 0.00094837 -0.000648834 1.00001 1.30501
1 -2.76278e-07 -0.000229658 -0.0250959 4.89704e-07 0.999995 0.000327295 -0.0193272 0.000229404 -0.000327284 0.999994 1.27975
0.999991 0.00442764 -0.000572776 -0.0256048 -0.00442653 0.999994 0.00210614 -0.0168594 0.000582408 -0.00210352 1 1.27954
0.999997 0.000516552 -0.00235088 0.0135837 -0.000509189 0.999989 0.00303229 -0.0166272 0.00235219 -0.0030312 0.999987 1.24135
1 -0.00116395 -0.000522918 -0.0265854 0.00116348 1.00001 -0.000592051 -0.012543 0.000524067 0.000591458 1.00001 1.29507
1 0.000255545 -0.000663736 -0.0131919 -0.000256176 0.999993 -0.00112614 -0.0287113 0.000663006 0.00112629 0.999993 1.2887
0.999993 -0.00318248 -0.00180663 -0.000746364 0.00318453 1 0.00119434 -0.0217692 0.00180321 -0.0012001 1 1.29526
0.999995 -0.00224165 -0.00241799 0.00914989 0.00224658 0.999989 0.00198924 -0.0214611 0.00241318 -0.00199464 0.999989 1.27672
0.999992 -0.00364561 -0.00167259 0.00758729 0.00364833 0.999999 0.00170429 -0.0207183 0.00166669 -0.00171037 1 1.28105
0.999998 -0.00179064 -0.00109386 -0.00150131 0.00179208 0.999991 0.00118829 -0.0221583 0.00109141 -0.00119028 0.999992 1.27173
0.99999 -0.00437012 5.79471e-05 -0.00509931 0.00437012 0.999996 -0.00158413 -0.0281267 -5.07158e-05 0.00158438 1.00001 1.28803
0.999996 -0.00296001 -0.000917493 0.00118543 0.0029592 0.999989 -0.000970616 -0.0242731 0.000920112 0.000967864 0.999992 1.30554
0.999998 -0.00129137 -0.00103288 0.00737521 0.0012913 1.00001 -6.88978e-05 -0.0228525 0.00103321 6.7595e-05 1.00001 1.28519
1 7.02597e-05 -0.000633358 0.00261643 -6.98904e-05 0.999994 0.000581655 -0.0190041 0.000633168 -0.00058165 0.999993 1.27932
0.999999 0.000331312 -0.00109543 0.00973882 -0.000329243 1 0.00190386 -0.0112954 0.0010963 -0.00190345 1 1.29006
0.999998 0.0022772 -0.000716393 0.007146 -0.00227643 0.999991 0.00102058 -0.013508 0.000718474 -0.001019 0.999993 1.28711
1 6.49035e-06 0.000412592 -0.010056 -5.87914e-06 1 -0.00160228 -0.0206949 -0.000412422 0.00160233 1.00001 1.29745
1 0.000910886 1.43944e-05 -0.0057022 -0.000910799 0.999992 -0.00180267 -0.0204285 -1.6213e-05 0.00180258 0.999992 1.30238
1 -0.000189973 4.08009e-05 -0.00535579 0.000190026 1 -0.00254327 -0.024376 -4.01466e-05 0.00254336 1 1.31561
0.999999 -0.00129603 0.000247223 -0.0117136 0.00129706 0.999987 -0.00380059 -0.0302931 -0.000242454 0.00380086 0.999987 1.28526
1 0.0002714 0.00015727 -0.0086959 -0.000271023 1 -0.00318364 -0.02863 -0.000157957 0.00318367 1 1.29083
1 -0.000175413 0.000146396 -0.0182789 0.000175648 0.999994 -0.000775928 -0.0261073 -0.000146438 0.000775886 0.999994 1.29965
1 0.000186353 4.3321e-05 -0.00932563 -0.000186629 1.00001 0.000389976 -0.025762 -4.30559e-05 -0.000389921 1.00001 1.26145
1 0.000414189 -0.000598687 -0.0111083 -0.000413708 0.999995 0.000714062 -0.0287274 0.000598795 -0.000713833 0.999994 1.30191
0.999999 0.000590542 -0.000857887 0.00099047 -0.000589647 1 0.00120628 -0.0247413 0.00085875 -0.00120581 1 1.27783
1 0.00041568 -0.0013242 0.00343465 -0.000415115 0.999995 0.000305613 -0.0161663 0.00132418 -0.000305041 0.999993 1.28522
0.999999 0.000284953 -0.00163772 0.00735886 -0.000286369 1 -0.000626926 -0.0184277 0.00163768 0.000627349 1.00001 1.26543
0.999998 0.000310227 -0.00179885 0.00283144 -0.000309149 0.999995 0.000389604 -0.0242039 0.00179883 -0.000389001 0.999991 1.26405
0.999998 -0.000860058 -0.00186475 0.0048386 0.000862245 1 0.00137179 -0.0280208 0.00186379 -0.00137346 1.00001 1.30693
0.999999 0.000987259 -4.77779e-06 -0.020668 -0.000986895 0.999995 0.000375009 -0.0306469 4.96705e-06 -0.000375008 0.999993 1.34255
0.999997 0.000641487 -0.0024144 0.0107524 -0.000643432 1 -0.000666153 -0.02957 0.00241427 0.000667656 1.00001 1.25971
1 0.000457008 -0.000356144 -0.0195741 -0.000456902 0.999996 -0.000645881 -0.0300124 0.000355544 0.000646075 0.999992 1.27713
1 0.000431892 -0.00118277 -0.00420511 -0.000431566 1 0.000566648 -0.0350932 0.00118336 -0.000566182 1.00001 1.25959
0.999999 -0.000556664 -0.00150935 0.00210904 0.000555897 0.999996 -0.000848216 -0.0236075 0.00150956 0.000847357 0.999991 1.31636
0.999999 0.000252678 -0.000951116 -0.0103946 -0.000254015 1 -0.000841639 -0.0245617 0.000951171 0.000841898 1.00001 1.29332
0.999998 0.000234352 -0.00175678 0.00455433 -0.000233145 0.999997 0.000431016 -0.0273368 0.00175662 -0.000430628 0.999991 1.27795
1 0.000405673 -0.000881054 -0.00975016 -0.000404895 1 0.00135339 -0.0251973 0.00088187 -0.001353 1.00001 1.28872
0.999999 0.000313622 -0.00154833 0.00014386 -0.000312742 0.999996 0.000324495 -0.0179791 0.00154818 -0.000324032 0.999991 1.28196
0.999998 0.00085442 -0.00187184 -0.00389855 -0.000854526 1 0.00013855 -0.0174813 0.00187221 -0.000136942 1.00001 1.27473
0.999999 0.000452509 -0.00137391 -0.0121824 -0.000451518 0.999996 0.000434022 -0.0228939 0.00137386 -0.000433404 0.999991 1.26091
1 0.000342313 0.000151374 -0.0321261 -0.000342664 1 -0.000609298 -0.0273792 -0.000151301 0.000609224 1.00001 1.28444
0.999999 0.00105946 -0.00109875 -0.00562711 -0.00105981 0.999995 -0.000719881 -0.0181083 0.00109772 0.000721079 0.999992 1.28101
1 0.000423947 -0.000226202 -0.0173157 -0.000424309 1 0.00035606 -0.0218139 0.000226639 -0.000355988 1.00001 1.28615
1 -5.2402e-06 0.000652555 -0.0277923 6.26517e-06 0.999996 -0.000861963 -0.0294137 -0.00065286 0.00086199 0.999992 1.29544
0.999999 -0.00119497 0.00044901 -0.0168764 0.00119501 1 -0.00113141 -0.0296454 -0.000447349 0.00113189 1.00001 1.28294
0.999996 -0.00282246 -0.0011886 0.00972436 0.00282297 0.999993 1.68251e-05 -0.021799 0.00118827 -2.01085e-05 0.999994 1.27339
0.999997 0.000503071 -0.00190517 0.0128194 -0.000496926 0.999997 0.00340912 -0.019049 0.00190726 -0.00340824 0.999999 1.31403
0.999999 -0.0013494 -0.000912715 0.00367199 0.00135335 0.999989 0.00396735 -0.0216903 0.000906929 -0.00396849 0.999986 1.30146
0.999999 0.00146118 -0.000187054 -0.00558911 -0.00146165 1 -0.000468014 -0.0243766 0.000186791 0.000468263 1.00001 1.2588
0.999999 0.00182357 -0.000353703 -0.00745483 -0.00182415 0.999993 -0.00276128 -0.0269745 0.000348271 0.00276195 0.99999 1.27138
1 0.000730483 -0.00034002 -0.00722122 -0.000731519 1 -0.00195144 -0.0222026 0.000339035 0.00195166 1 1.24297
0.999999 0.000547567 0.000729723 -0.0181484 -0.000547053 0.999998 -0.000237834 -0.0188434 -0.000730268 0.000237423 0.999994 1.25414
1 0.000205512 0.000525617 -0.0118304 -0.000206247 1 0.000790586 -0.0171537 -0.000525033 -0.000790689 1.00001 1.25345
0.999998 0.00120505 0.00149677 -0.0208622 -0.0012074 0.999996 0.00176126 -0.0196069 -0.00149507 -0.0017631 0.999992 1.26578
0.999999 0.000491454 0.000686093 -0.00776944 -0.000492119 1 0.000552899 -0.0190285 -0.000685373 -0.000553199 1.00001 1.27705
1 0.000970545 0.000575756 0.00531293 -0.000969969 0.999998 -0.00047874 -0.0182634 -0.000576594 0.000478085 0.999995 1.26169
0.999999 -0.000952907 0.00114948 -0.00613437 0.00095401 1 -0.00125018 -0.0252117 -0.00114792 0.00125128 1 1.23978
0.999999 0.00036456 0.00165874 -0.00701527 -0.000362563 0.999999 -0.000994233 -0.0315196 -0.00165947 0.000993607 0.999992 1.25291
0.999999 -0.000695122 0.000929787 -0.000345513 0.000695119 1 -0.000340231 -0.0272942 -0.000929187 0.000340928 1.00001 1.24773
1 0.000244961 0.00104102 -0.00209848 -0.000245322 0.999999 0.000677849 -0.0261904 -0.00104116 -0.000678186 0.999994 1.23138
0.999999 -0.000189753 0.00123658 -0.00380345 0.000186696 0.999999 0.00218078 -0.0228996 -0.00123668 -0.00218047 1 1.22802
1 0.000883648 0.000591208 -0.00440139 -0.000883567 0.999999 0.000495276 -0.0244462 -0.000591043 -0.000495858 0.999994 1.22678
1 0.00021757 0.000452238 -0.0040451 -0.000217901 1 3.8087e-05 -0.021008 -0.000451859 -3.81338e-05 1.00001 1.20178
1 0.000183019 -2.48689e-05 0.00542053 -0.000182645 0.999999 -8.81807e-05 -0.0219263 2.46349e-05 8.81238e-05 0.999994 1.2367
0.999999 -0.000140415 0.00162288 -0.0387466 0.000139482 1 0.000455856 -0.0302084 -0.00162256 -0.000455725 1.00001 1.18263
1 8.01515e-05 0.00102324 -0.0191684 -7.98019e-05 1 -0.000115219 -0.0278704 -0.00102361 0.000115211 0.999993 1.20956
0.999998 -0.000194712 0.00100689 -0.0127608 0.000194097 1 0.000377004 -0.0272967 -0.00100661 -0.000376871 1.00001 1.21094
1 -0.0015226 0.000150803 -0.00728082 0.00152289 0.999999 -0.000293231 -0.0233458 -0.000150696 0.000293462 0.999994 1.19125
0.999998 -0.000117501 -0.00122451 0.0156387 0.000118493 1 0.000999961 -0.0272507 0.00122472 -0.00100012 1.00001 1.15046
1 -0.000768763 -0.00112167 0.00468166 0.000770087 0.999999 0.000957442 -0.0235392 0.00112062 -0.000958316 0.999992 1.16967
0.999998 -0.000556018 -0.000978587 -0.00820057 0.000555598 1 -0.000195919 -0.0260418 0.00097901 0.00019536 1.00001 1.1719
1 0.000815895 -0.000748605 -0.00408154 -0.000816074 1 -0.000664668 -0.0296273 0.000747884 0.000665256 0.999994 1.10783
0.999998 -5.88189e-05 -0.000561328 -0.0124868 5.81399e-05 1 -0.000635403 -0.0248942 0.000561587 0.000635389 1.00001 1.11233
1 0.000237132 -0.000381567 -0.00678071 -0.0002368 1 0.000274986 -0.0289414 0.000381439 -0.000274876 0.999994 1.08069
0.999995 -0.000279729 -0.00187208 -0.00232297 0.000279299 1 -0.000125602 -0.019488 0.00187231 0.000125055 1 1.07826
1 -0.000258471 -0.00233944 -0.00226655 0.000259989 1 0.000590146 -0.0139722 0.00233909 -0.000590664 0.999991 1.05889
0.999994 -0.00072309 -0.00221221 -0.00538904 0.000726642 0.999998 0.00168405 -0.0196634 0.00221121 -0.00168574 1 1.03867
1 0.00112724 -0.0021487 -0.01046 -0.0011236 1 0.00161678 -0.0149742 0.00215049 -0.00161436 0.999992 1.09491
0.999987 0.000645655 -0.00456978 0.0260917 -0.000646716 0.999998 -0.000226013 -0.0171079 0.00456987 0.000228867 0.999994 0.972801
0.999998 4.74671e-05 -0.00343192 0.000151127 -5.10469e-05 1 -0.00107794 -0.0129511 0.00343177 0.00107811 0.999991 1.06581
0.999989 0.000120217 -0.00374195 0.00379991 -0.000121399 1 -0.000292283 -0.0131165 0.00374206 0.000292658 0.999996 0.991644
1 0.000129716 -0.00262567 -0.0163336 -0.000128 1 0.00072708 -0.03092 0.00262557 -0.000726766 0.999994 0.944845
0.999991 0.000474393 -0.00334238 -0.00287151 -0.000474537 1 -0.000106768 -0.027574 0.00334252 0.000108353 0.999996 0.94155
0.999996 -0.000251347 -0.00381651 -0.00037077 0.000248489 1 -0.000693368 -0.0197248 0.00381651 0.000692432 0.999991 0.913575
0.999995 0.000550369 -0.00195657 -0.0223548 -0.000551045 0.999999 -0.000538835 -0.0212858 0.00195647 0.000539819 1 0.887082
1 0.00145682 -0.001871 -0.0226395 -0.00145779 0.999999 -0.000338508 -0.0200175 0.00187032 0.000341326 0.999996 0.877745
0.999994 7.15455e-05 -0.0025588 -0.0160662 -7.25937e-05 1 -0.000523717 -0.0241368 0.00255893 0.000523805 0.999999 0.84373
0.999999 0.00167466 -0.00223889 -0.0170331 -0.00167481 0.999999 8.39504e-05 -0.0204697 0.00223886 -8.01114e-05 0.999995 0.841374
0.999997 0.000967687 -0.00047389 -0.00869119 -0.000967246 1 4.06027e-05 -0.0134192 0.00047413 -4.02348e-05 1 0.799718
1 0.000172963 0.000480928 -0.0113211 -0.000173651 0.999999 0.000551821 -0.0140739 -0.00048103 -0.000551807 0.999998 0.797563
0.999998 1.07063e-05 0.000797111 -0.0101013 -1.05663e-05 1 0.000412323 -0.016258 -0.000796999 -0.000412406 1 0.762118
1 0.00126581 0.00100564 -0.0103259 -0.00126572 0.999999 -0.000523089 -0.0130394 -0.0010064 0.000521904 0.999997 0.758664
0.999998 1.18627e-05 0.000835339 -0.00884411 -9.62718e-06 0.999997 -0.00211496 -0.0181735 -0.000835268 0.00211487 1 0.740421
1 -4.21635e-05 0.000641551 -0.000409362 4.29633e-05 0.999999 -0.00196161 -0.0180204 -0.000641607 0.00196173 0.999996 0.74175
0.999997 0.00104728 0.00105114 -0.00338367 -0.00104551 0.999998 -0.00128739 -0.0139318 -0.00105233 0.00128615 1 0.729645
1 0.000379567 0.00176961 -0.00903545 -0.000379449 1 -0.000303623 -0.0160751 -0.00176988 0.000303091 0.999996 0.733557
0.999996 -0.000494086 0.00211267 -0.00742686 0.000494596 1 -4.83431e-05 -0.0134349 -0.00211248 4.92459e-05 1 0.739727
0.999999 0.0008441 0.00194489 -0.00402049 -0.000842372 1 -0.00111931 0.0037001 -0.001946 0.00111779 0.999996 0.724342
0.999998 0.000338276 0.00126828 0.00458365 -0.000336352 0.999998 -0.00116015 -0.00105417 -0.00126848 0.00115959 1 0.718178
1 -0.000456093 0.000696986 0.0203541 0.000456369 1 -0.00109598 -0.00474114 -0.000696651 0.00109641 0.999998 0.719394
0.999996 0.000193632 0.00237727 0.00559548 -0.00019444 0.999999 0.000554521 -0.0153917 -0.00237693 -0.000555075 0.999997 0.717366
0.999997 -0.0012502 0.00257067 0.011684 0.00124614 1 0.00137711 -0.0240067 -0.00257262 -0.00137381 0.999996 0.719359
0.999995 -0.00105924 0.00242978 0.00768983 0.00105659 0.999997 0.00129948 -0.030511 -0.0024309 -0.00129702 0.999997 0.71119
0.999995 0.000221421 0.00372939 -0.00845551 -0.000222694 1 0.000197604 -0.0167571 -0.00372961 -0.000198324 0.999993 0.715109
0.999996 -6.59691e-05 0.00253815 0.00643592 6.91109e-05 0.999998 -0.00101815 -0.00531661 -0.00253781 0.0010182 0.999997 0.698049
0.999999 -0.000800509 0.00223662 0.00958214 0.000801095 1 -0.000535404 -0.0117009 -0.00223646 0.000537277 0.999997 0.711856
0.999994 0.000972176 0.00301493 -0.00317394 -0.000966868 0.999998 -0.00154361 -0.00639254 -0.00301617 0.00154064 0.999995 0.69299
0.999998 -0.000667638 0.00223211 0.00574187 0.000668794 1 -0.000760917 -0.00939966 -0.00223189 0.000762462 0.999996 0.722757
0.999998 0.000659104 0.00184164 0.00675757 -0.000659395 0.999999 0.000424878 -0.00825749 -0.00184108 -0.000426079 0.999999 0.703631
0.999998 0.000371366 0.00243806 -0.00154279 -0.000373016 1 0.000474365 -0.0105642 -0.00243816 -0.000475277 0.999996 0.708862
0.999997 -0.000721173 0.00232101 0.000511221 0.00072219 0.999999 -0.000236783 -0.012496 -0.0023206 0.000238427 0.999998 0.724542
0.999996 0.000136599 0.00288233 -0.00649251 -0.000129915 0.999997 -0.00246742 -0.00713787 -0.00288288 0.00246705 0.999993 0.717689
0.999997 0.000972164 0.00197191 -0.00393265 -0.000967116 0.999996 -0.00233611 -0.00804547 -0.00197394 0.0023342 0.999996 0.72008
1 0.000539636 0.00126004 -0.000935389 -0.000537652 0.999998 -0.00190824 -0.00260026 -0.00126125 0.00190762 0.999997 0.725051
0.999999 -0.00137939 -0.000124378 0.00125167 0.00137975 0.999999 -0.000372147 -0.0093087 0.000125054 0.00037193 1 0.733121
0.999998 -0.00198717 -0.00054114 0.0063666 0.00198633 0.999997 -0.000850635 -0.00465372 0.000542675 0.0008496 1 0.734659
1 8.93701e-05 -0.00013585 -0.00328321 -8.91105e-05 1 -0.000848897 -0.0061586 0.000135902 0.00084887 0.999999 0.746557
1 0.000542278 -0.000388463 0.00160937 -0.000542827 0.999999 -0.000415507 -0.00842185 0.000388102 0.000415728 1 0.740331
1 -0.00102753 0.000855323 -0.0027336 0.00103029 0.999996 -0.00281706 0.00257582 -0.000852299 0.00281791 0.999995 0.756438
0.999993 -0.00363809 0.000652191 0.00376981 0.00363982 0.999988 -0.0031628 0.00205544 -0.000640828 0.00316518 0.999995 0.745245
0.999993 -0.00408223 0.000664795 -0.00270514 0.00408348 0.999992 -0.00110704 -0.00125158 -0.000660105 0.0011097 0.999999 0.780505
0.999995 0.00268333 0.000645536 -0.00301184 -0.00268622 0.999988 0.00366282 0.000804658 -0.000635841 -0.00366449 0.999993 0.782553
0.999996 0.00299885 0.000571241 -0.0100531 -0.00300196 0.999978 0.00639936 -0.0188815 -0.00055194 -0.00640112 0.999982 0.820128
0.999997 -0.00201024 0.000335671 0.00170907 0.00200836 0.999986 0.00429742 -0.0279151 -0.000344411 -0.00429661 0.999988 0.79614
0.999999 -0.00120392 0.00167112 0.00214633 0.00120737 1 -0.0018711 -0.0191547 -0.00166874 0.001873 0.999999 0.779026
0.999979 0.00199492 0.00614111 -0.0228528 -0.00195983 0.999979 -0.0057656 -0.0144236 -0.00615256 0.00575359 0.999963 0.80319
0.999988 0.0020536 0.00460019 -0.0166477 -0.00203626 0.999994 -0.00369033 -0.0107249 -0.00460771 0.00368076 0.999984 0.821099
0.999994 0.000305291 0.00360125 -0.00628213 -0.000308012 0.999997 0.000673072 -0.0145526 -0.00360107 -0.000674011 0.999993 0.837534
0.999989 -0.00122109 0.00461982 -0.0150096 0.00121269 1 0.00188384 -0.0075739 -0.00462203 -0.00187839 0.999988 0.846381
0.999992 -0.00273452 0.0034228 -0.00326116 0.00272417 0.99999 0.00293492 -0.00743751 -0.00343086 -0.00292541 0.999991 0.837167
0.999994 -0.00225943 0.00220199 0.00767778 0.00225778 1 0.000878528 -0.0104318 -0.00220395 -0.000873711 0.999996 0.845507
0.999994 0.000160808 0.00389468 -0.0133016 -0.000163148 0.999997 0.000519976 -0.0124764 -0.00389461 -0.000520461 0.999994 0.845222
0.999993 0.00204225 0.0025326 -0.00541535 -0.00203666 0.999999 -0.00208339 -0.0142336 -0.00253681 0.0020781 0.999994 0.849467
1 -0.000276744 0.00173483 0.00692855 0.000279984 0.999995 -0.00204702 -0.0207635 -0.00173428 0.00204765 0.999997 0.842915
0.999992 0.000670385 0.0031829 -0.0174339 -0.00066889 1 -0.000404414 -0.00632552 -0.00318314 0.000402114 0.999993 0.835955
0.999999 0.000937086 0.00275936 0.000764576 -0.000941605 0.999995 0.00156161 -0.00595105 -0.00275784 -0.00156405 0.999997 0.857319
0.999983 0.00278719 0.00419779 -0.0170649 -0.00279051 1 0.000830853 -0.00476823 -0.00419552 -0.000842764 0.999988 0.848496
1 0.000814718 0.0027265 -0.00401526 -0.000813705 0.999995 -0.000430718 -0.0120665 -0.00272674 0.000428691 1 0.860124
0.99999 0.000275735 0.00348896 -0.008545 -0.000273245 1 -0.000665794 -0.0109879 -0.00348927 0.000664694 0.99999 0.855686
1 -0.00175019 0.00270707 0.00210639 0.00175185 0.999994 -0.000678702 -0.0104005 -0.00270576 0.00068359 1 0.877012
0.999992 -0.00248188 0.00128706 0.00975953 0.00248171 1 0.000171324 -0.00829414 -0.00128755 -0.000168271 0.999996 0.854659
1 -0.0018535 0.000613787 0.00310518 0.0018532 0.999994 0.000245797 -0.0161783 -0.000614174 -0.000244489 1 0.872662
0.999994 -0.00130239 2.61669e-05 0.00461336 0.00130253 1 0.000106591 -0.0160783 -2.63655e-05 -0.00010671 0.999996 0.86485
1 -0.000164785 0.000912913 -0.00845237 0.000164926 0.999996 -0.00031737 -0.00855788 -0.000912772 0.000317668 1 0.870098
0.999995 0.000284476 0.000166451 -0.0103278 -0.000284385 1 0.000278684 -0.00935228 -0.000166466 -0.000278868 0.999996 0.876008
1 0.000330131 0.00131087 -0.027951 -0.00033036 0.999996 4.48883e-05 -0.0135289 -0.00131076 -4.51898e-05 1 0.874251
0.999993 0.000440734 -0.00144455 -0.0084505 -0.000442443 1 -0.0013984 -0.00865425 0.00144387 0.00139884 0.999994 0.857353
1 0.000554616 -0.00146121 -0.00827112 -0.000557135 0.999994 -0.00153202 -0.0116261 0.00146036 0.00153303 1 0.866739
0.99999 -7.07769e-05 -0.00280503 0.00712484 6.837e-05 1 -0.00094936 -0.0132576 0.0028051 0.000948949 0.999991 0.872248
1.00001 3.9406e-05 -0.000751881 -0.01308 -3.95009e-05 0.999996 0.000364195 -0.0251151 0.000751941 -0.000363914 1 0.858454
0.999994 0.000972073 -0.000505768 -0.0317288 -0.000971903 1 3.56196e-06 -0.0168451 0.000505726 -3.3776e-06 0.999996 0.824826
1 0.000700581 -0.00249832 0.00117143 -0.000699583 0.999996 0.000565232 -0.0169493 0.00249874 -0.000563192 1 0.873553
0.999992 0.000928538 -0.00215728 -0.0116089 -0.000927535 1 0.000344176 0.000152752 0.00215754 -0.000342413 0.999993 0.900415
0.999999 -0.00112308 -0.00346791 -0.0190047 0.00112829 0.999995 0.00160354 0.000190531 0.00346617 -0.00160722 0.999998 0.862524
0.99998 -0.00086714 -0.00539511 0.00272972 0.000879314 1 0.00218089 -0.0227641 0.00539312 -0.00218584 0.999978 0.851783
0.999988 -0.000528615 -0.00593029 0.000802718 0.000535351 0.999994 0.00120569 -0.0187703 0.00592973 -0.00120863 0.999987 0.828165
0.999981 0.000391902 -0.00523203 0.000562977 -0.000390017 1 0.000288907 -0.0119282 0.00523207 -0.000287057 0.999981 0.847558
0.99999 -0.00133797 -0.00551356 0.00184122 0.00134544 0.999994 0.0014358 -0.0313474 0.00551175 -0.00144301 0.99999 0.82861
0.999987 -0.000611947 -0.00397471 -0.0212771 0.000610388 1 -0.00045671 -0.00660422 0.00397486 0.000454119 0.999986 0.787457
0.999997 0.000377418 -0.00405861 -0.00781045 -0.00038082 0.999997 -0.000782848 -0.0130486 0.00405845 0.000784541 0.999997 0.796646
0.999988 0.000889202 -0.00382178 -0.00944292 -0.000890045 1 -0.000292152 -0.0112137 0.00382136 0.000295417 0.999988 0.774066
1 0.000994811 -0.00294131 -0.0152419 -0.000994737 0.999996 0.000111114 -0.0185831 0.0029416 -0.000108086 1 0.744981
0.999989 -0.000934902 -0.0035189 -0.0109718 0.00093491 1 -7.75199e-05 -0.0135053 0.00351884 7.40926e-05 0.999988 0.730602
0.999994 -0.00160704 -0.00425485 -0.0130346 0.00160374 0.999996 -0.000713124 -0.0159206 0.00425609 0.00070642 0.999996 0.715259
0.999984 0.00126407 -0.00468855 -0.0188707 -0.00127167 1 -0.00168131 -0.0137449 0.0046863 0.00168707 0.999983 0.690228
0.999983 0.00173117 -0.00628338 -0.0146864 -0.00174438 0.999994 -0.00205203 -0.00909691 0.00627992 0.00206313 0.999983 0.684215
0.999963 0.000852919 -0.0081427 -0.0239613 -0.000867142 1 -0.00177019 -0.0187505 0.00814099 0.00177693 0.99996 0.642296
0.999955 0.000264217 -0.0097529 -0.0259156 -0.000278466 0.999997 -0.00143714 -0.00497113 0.00975263 0.00144003 0.999956 0.63785
0.999927 -0.000235437 -0.0118693 -0.0503314 0.000227207 1 -0.000702085 0.00520086 0.0118693 0.000699026 0.999925 0.604493
0.99987 0.00107336 -0.0162577 -0.0479892 -0.00106108 0.999998 0.000769858 -0.0167716 0.0162586 -0.000752215 0.999873 0.609406
0.999802 0.00216747 -0.0196326 -0.0501772 -0.00215301 0.999998 0.00075263 -0.0167511 0.0196341 -0.000710493 0.999802 0.609335
0.999752 0.00159469 -0.0223321 -0.0525332 -0.00159468 0.999998 2.43084e-05 -0.0170839 0.0223321 1.15777e-05 0.999755 0.610079
0.999669 0.00107051 -0.0256018 -0.0545744 -0.00107055 1 7.10567e-06 -0.0170966 0.0256018 2.00609e-05 0.999667 0.609843
0.999612 0.00136009 -0.0279619 -0.040209 -0.00133998 0.999999 0.000746013 -0.0215508 0.0279629 -0.000708073 0.999614 0.564547
0.999486 0.000456766 -0.0319429 -0.0233741 -0.000407239 0.999999 0.0015475 -0.0281839 0.0319434 -0.0015339 0.999483 0.59309
0.999407 -0.000297128 -0.0345218 -0.0408202 0.000346982 0.999999 0.00144425 -0.0141307 0.0345214 -0.00145519 0.999407 0.537162
0.999301 0.000181074 -0.0372791 -0.0390328 -0.000144807 0.999999 0.000968786 0.00448445 0.0372793 -0.000962909 0.999298 0.518047
0.999227 0.000222266 -0.0394133 -0.0402433 -0.000170407 0.999999 0.00132593 0.00466597 0.0394135 -0.00131799 0.999228 0.517978
0.999154 0.000341087 -0.0410356 -0.0411849 -0.000275081 0.999999 0.00160786 0.00483209 0.0410362 -0.00159542 0.99915 0.517806
0.999095 5.0865e-05 -0.0426325 -0.0421145 -8.562e-06 1 0.000998307 0.00443464 0.0426324 -0.000996814 0.999097 0.517745
0.999024 -0.000504037 -0.0440964 -0.0382065 0.000542604 1 0.000855957 0.00285571 0.044096 -0.000879263 0.999021 0.502149
0.998911 -0.00143039 -0.0466916 -0.0349486 0.00148027 0.999999 0.001042 -0.0141005 0.0466898 -0.00110981 0.998914 0.531944
0.998773 -0.00126783 -0.04946 -0.0337275 0.00131243 0.999999 0.000861332 -0.0175568 0.049459 -0.000925375 0.998771 0.547168
0.998733 -0.00185081 -0.0503563 -0.0401536 0.00190638 0.999998 0.00106331 -0.0167225 0.050354 -0.00115775 0.998736 0.537781
0.998647 -0.000559605 -0.0519417 -0.0403579 0.000653063 0.999998 0.00177604 -0.00836604 0.0519409 -0.00180783 0.998644 0.492121
0.99859 0.00139067 -0.0530697 -0.0681028 -0.00137243 0.999999 0.000387184 -0.00629511 0.0530696 -0.000313591 0.998594 0.534505
0.998502 -0.0010852 -0.054698 -0.0652384 0.00110002 0.999999 0.000233508 -0.00963386 0.0546982 -0.000293575 0.9985 0.49189
0.998427 -0.00283887 -0.056014 -0.0840186 0.0029092 0.999996 0.00118105 0.00909614 0.0560101 -0.00134191 0.998432 0.465022
0.998253 -0.00471397 -0.0588808 -0.0855312 0.00487966 0.999984 0.00266414 0.00978282 0.0588676 -0.00294704 0.998258 0.464849
0.998094 -0.00354664 -0.0616192 -0.093834 0.00368906 0.999991 0.00220401 0.00991419 0.0616106 -0.00242689 0.998101 0.469725
0.998087 0.00379193 -0.0617514 -0.11573 -0.00363549 0.99999 0.00263894 0.00653332 0.0617613 -0.00240959 0.998089 0.407534
0.998105 0.0072066 -0.0610682 -0.133764 -0.00700539 0.999969 0.00351497 -0.00582116 0.0610912 -0.00308033 0.998126 0.4383
0.998107 0.0048518 -0.0613851 -0.137676 -0.00471504 0.999987 0.00236565 -0.00707207 0.0613961 -0.00207194 0.998114 0.435211
0.998123 0.00241533 -0.061123 -0.137738 -0.00233561 0.999995 0.00138287 -0.00778814 0.0611257 -0.00123728 0.998126 0.435243
0.998261 -2.57122e-05 -0.0590202 -0.165753 0.000119652 0.999999 0.00158114 0.00688281 0.0590204 -0.00158568 0.998259 0.447377
0.998282 -0.000225424 -0.0585147 -0.13578 0.000374562 0.999997 0.00254499 0.00814121 0.0585133 -0.00256237 0.998281 0.399053
0.998286 0.000318384 -0.0585901 -0.148362 -0.000126751 0.999995 0.0032657 0.0104427 0.0585913 -0.00325282 0.998278 0.437
0.998162 -0.000154989 -0.0605526 -0.141015 0.000316435 0.999997 0.00266448 0.00850579 0.0605514 -0.00267857 0.998161 0.413397
0.998109 0.00254219 -0.0614665 -0.146072 -0.0023516 0.999992 0.00316469 0.0066699 0.0614747 -0.00301436 0.998104 0.43956
0.997898 0.0011288 -0.0647594 -0.0963983 -0.000824729 0.999988 0.00472897 0.0130024 0.0647632 -0.00466541 0.99789 0.44578
0.997875 0.00240161 -0.065156 -0.103437 -0.00201026 0.99998 0.00606361 0.0065218 0.06517 -0.00591995 0.997857 0.424049
0.997745 0.00197393 -0.0670642 -0.0837069 -0.00158206 0.999982 0.00590468 0.00933471 0.0670736 -0.00578517 0.997732 0.491073
0.997734 0.00208001 -0.0672856 -0.0807301 -0.00166501 0.999979 0.00621345 0.0040857 0.0672982 -0.00608743 0.997713 0.452941
0.997742 0.00124743 -0.0671291 -0.0783103 -0.000862431 0.999984 0.0057734 -0.00166086 0.067134 -0.00570235 0.997729 0.467701
0.997785 0.00077271 -0.0665452 -0.0738872 -0.000530465 0.999993 0.00364858 0.00423293 0.0665487 -0.00360534 0.997776 0.486911
0.997776 0.000819538 -0.0666243 -0.0585401 -0.00058523 0.999994 0.00354693 -0.0115465 0.0666257 -0.00349992 0.997773 0.516388
0.998013 -0.000177371 -0.0630394 -0.0932457 0.000296264 0.999998 0.00186628 -0.0166335 0.06304 -0.00188139 0.998008 0.504475
0.998113 0.000640269 -0.0613651 -0.0855517 -0.000584723 1 0.000930941 -0.000889246 0.0613646 -0.000893172 0.998116 0.532743
0.998264 0.00198806 -0.0588991 -0.0770411 -0.00193702 0.999997 0.000913285 0.00287205 0.0589018 -0.000797801 0.998263 0.568591
0.998474 0.00191418 -0.0551383 -0.067949 -0.00187012 0.999999 0.000862295 0.0069735 0.0551389 -0.000757665 0.998479 0.573866
0.998753 0.00210061 -0.0499418 -0.0642344 -0.00200475 0.999994 0.00195458 0.00423104 0.0499467 -0.00185219 0.998749 0.61552
0.998849 -0.00120268 -0.0479024 -0.0586809 0.00134553 0.999996 0.00296539 0.00532531 0.0478976 -0.00302629 0.998849 0.625394
0.99883 -0.00399921 -0.0482538 -0.077992 0.00420344 0.999981 0.00411696 0.00339747 0.0482376 -0.00431504 0.998826 0.614491
0.998703 -0.00196691 -0.0508236 -0.0429153 0.00215547 0.999993 0.00366896 0.0137611 0.0508148 -0.0037737 0.998702 0.675118
0.998794 0.00122696 -0.0491448 -0.0473403 -0.00112685 0.999996 0.00205194 0.00437577 0.0491483 -0.0019941 0.998789 0.704009
0.99885 0.0029978 -0.0477681 -0.0456239 -0.00307826 0.999995 -0.00159867 0.000333638 0.0477619 0.00174392 0.998858 0.717187
0.999035 5.93034e-05 -0.0440154 -0.0818666 -0.000148404 0.999997 -0.00203479 -0.0151184 0.0440164 0.00203926 0.999029 0.725261
0.999089 0.00268789 -0.0424982 -0.0827014 -0.00281155 0.999995 -0.00283741 -0.00449455 0.0424891 0.00295441 0.999093 0.770561
0.999151 0.00161303 -0.0412616 -0.0734875 -0.0016903 0.999995 -0.00185205 -0.00559877 0.0412596 0.00192014 0.999147 0.799717
0.999193 0.00169271 -0.0400229 -0.0805223 -0.00164697 1 0.00119004 -0.00247623 0.0400238 -0.00112312 0.999198 0.78786
0.999187 0.00414031 -0.0402313 -0.0865006 -0.00411439 0.99999 0.000707324 -0.00581967 0.0402349 -0.000541329 0.999192 0.888029
0.999186 0.000291051 -0.0402345 -0.0791939 -0.000277409 1 0.000363534 -0.00299553 0.0402335 -0.000351956 0.999189 0.860102
