0.999999 0.000599443 0.0013774 0.00314781 -0.000598298 1 -0.000818088 -0.0240418 -0.00137786 0.000817278 0.999999 1.23505
0.999997 0.000295907 0.00241431 0.00684072 -0.000295016 0.999999 -0.000369853 -0.0477319 -0.00241449 0.000369181 0.999996 2.47318
0.999996 -0.000312871 0.00281557 0.0081223 0.000311469 1 0.000515641 -0.0771917 -0.00281572 -0.000514828 0.999996 3.69476
0.999992 -0.000650374 0.00388223 0.00344155 0.000648524 0.999999 0.000466567 -0.0983043 -0.00388254 -0.000463896 0.999992 4.92777
0.999989 -0.000961631 0.00486268 -0.00579793 0.000957574 0.999999 0.000877789 -0.122554 -0.00486361 -0.000873235 0.999989 6.14084
0.999986 -0.000587035 0.00540795 -0.00982453 0.00058723 0.999999 -2.31373e-05 -0.145674 -0.00540792 2.63945e-05 0.999986 7.33645
0.999988 -0.00132144 0.00516836 0.00287478 0.00132403 1 -0.000495861 -0.166209 -0.00516762 0.000502416 0.999988 8.54333
0.999989 -0.00185035 0.00449886 0.00878285 0.00184468 0.999997 0.001281 -0.19594 -0.00450111 -0.00127261 0.99999 9.72689
0.999991 -0.00297909 0.00358982 -0.000377414 0.00297064 0.999993 0.00238906 -0.220737 -0.00359681 -0.00237863 0.999993 10.9343
0.999992 -0.00412603 0.00124898 -0.0117012 0.00412362 0.999989 0.00200202 -0.242117 -0.00125709 -0.00199678 0.999999 12.1554
0.999997 -0.00319308 -0.00062388 -0.0242237 0.00319387 0.999994 0.0011276 -0.249846 0.000620391 -0.00112985 1 13.3771
0.999994 -0.00312783 -0.00194083 -0.0362487 0.00312981 0.999994 0.000978346 -0.277125 0.00193789 -0.000984373 0.999999 14.5952
0.999999 -0.00141163 -0.00216205 -0.059269 0.00141412 0.999998 0.00114135 -0.301583 0.00216056 -0.00114466 0.999999 15.8208
0.999998 -0.00129631 -0.00242313 -0.0736519 0.00129984 0.999998 0.00140054 -0.327177 0.00242148 -0.00140365 0.999997 17.0327
0.999997 -0.00157309 -0.0029674 -0.0840345 0.00157938 0.999997 0.00211286 -0.34974 0.00296418 -0.0021178 0.999996 18.2599
0.999994 -0.00168923 -0.00337285 -0.0951301 0.00169652 0.999996 0.00209664 -0.365009 0.00336945 -0.00210225 0.999994 19.4955
0.999995 -0.00176771 -0.00328531 -0.12401 0.00177248 0.999997 0.0014575 -0.390943 0.00328283 -0.0014635 0.999996 20.7028
0.999993 -0.0016947 -0.00378003 -0.141216 0.00169767 0.999998 0.000711693 -0.412082 0.00377898 -0.000717992 0.999994 21.9056
0.999989 -0.00133413 -0.00507666 -0.151516 0.00134314 0.999997 0.00177857 -0.442671 0.00507441 -0.00178557 0.999988 23.1029
0.999979 -0.0017713 -0.00654192 -0.157775 0.00178245 0.999997 0.00165731 -0.463087 0.00653912 -0.00166881 0.999979 24.3176
0.999968 -0.00168523 -0.00813517 -0.170937 0.00169518 0.999997 0.00121803 -0.487641 0.00813322 -0.00123201 0.999968 25.5303
0.999964 -0.00148327 -0.00855737 -0.199803 0.00150096 0.999997 0.00202463 -0.508335 0.00855452 -0.00203729 0.999963 26.7571
0.999957 -0.00274297 -0.0091445 -0.214169 0.00277868 0.999988 0.00389642 -0.527177 0.00913389 -0.00392193 0.999953 28.0083
0.999948 -0.0029318 -0.0099666 -0.240278 0.00297516 0.999986 0.00429503 -0.549186 0.00995408 -0.00432432 0.999943 29.2075
0.99993 -0.00332401 -0.0116 -0.248748 0.0033651 0.999988 0.00352096 -0.563001 0.0115884 -0.00356 0.999929 30.4294
0.999905 -0.0047047 -0.0131638 -0.26214 0.00473562 0.999986 0.00228603 -0.57353 0.013153 -0.002348 0.999913 31.6568
0.999898 -0.00356635 -0.0140426 -0.289709 0.00360248 0.99999 0.00254707 -0.595939 0.0140338 -0.00259769 0.999902 32.86
0.999878 -0.0046394 -0.0150765 -0.314089 0.00467554 0.999986 0.00233518 -0.605594 0.0150657 -0.00240525 0.999886 34.08
0.999861 -0.00512937 -0.0160513 -0.338168 0.00517285 0.999983 0.00267107 -0.624229 0.0160377 -0.00275403 0.999871 35.2984
0.999826 -0.00542056 -0.0179841 -0.353534 0.00547844 0.99998 0.00314809 -0.649889 0.0179669 -0.00324591 0.999835 36.5158
0.999805 -0.00613526 -0.0189773 -0.384997 0.00619636 0.999976 0.00316806 -0.673185 0.0189578 -0.00328531 0.999818 37.7042
0.999788 -0.00689066 -0.0195498 -0.410316 0.00697822 0.999966 0.00438896 -0.703393 0.0195192 -0.00452431 0.999802 38.92
0.999782 -0.00653497 -0.0200297 -0.43531 0.00665993 0.999959 0.00618204 -0.73088 0.0199889 -0.00631436 0.999784 40.1349
0.999772 -0.00636602 -0.020513 -0.461445 0.00652472 0.99995 0.00765818 -0.756874 0.0204636 -0.00779018 0.999764 41.3883
0.999775 -0.00581861 -0.0205773 -0.498097 0.0059825 0.999951 0.00791066 -0.784659 0.0205307 -0.00803229 0.99976 42.6003
0.999775 -0.00497282 -0.0207348 -0.535705 0.0051575 0.999948 0.00884269 -0.810529 0.0206901 -0.00894755 0.999749 43.818
0.99978 -0.00258192 -0.0209979 -0.565769 0.00282107 0.999932 0.011365 -0.832138 0.0209677 -0.011422 0.999718 45.0423
0.999797 -0.00227297 -0.0201476 -0.592594 0.00257559 0.999884 0.0149833 -0.848683 0.0201116 -0.015032 0.999688 46.2642
0.999825 -0.0023729 -0.0187775 -0.622392 0.00271342 0.999832 0.0181259 -0.856465 0.0187318 -0.018174 0.999663 47.4857
0.999849 -0.00284352 -0.0172965 -0.657267 0.00322392 0.999753 0.0219795 -0.863065 0.0172301 -0.0220319 0.999612 48.7235
0.999869 -0.00295993 -0.0161593 -0.687139 0.00334504 0.99971 0.0238551 -0.863629 0.0160844 -0.0239064 0.999589 49.9271
0.999894 -0.00460452 -0.0140638 -0.72638 0.00492718 0.999724 0.0229636 -0.864259 0.0139546 -0.0230305 0.99964 51.1418
0.999915 -0.00432349 -0.0126013 -0.767038 0.00459872 0.99975 0.0218903 -0.871211 0.012504 -0.0219467 0.999685 52.344
0.99994 -0.00421968 -0.0104723 -0.832607 0.00444892 0.99975 0.0219216 -0.871745 0.0103777 -0.0219667 0.999708 53.529
0.999959 -0.0043539 -0.00852495 -0.882463 0.00453896 0.999752 0.0217948 -0.869401 0.00842858 -0.0218331 0.999731 54.7547
0.999952 -0.00450438 -0.00909482 -0.896958 0.00469392 0.999771 0.0208824 -0.867767 0.00899925 -0.020924 0.999744 55.9643
0.999943 -0.00452835 -0.0100721 -0.92568 0.00474942 0.999747 0.0220222 -0.873382 0.00997042 -0.0220693 0.999711 57.1956
0.999928 -0.00472469 -0.0114192 -0.955138 0.00499258 0.999711 0.0234998 -0.871665 0.0113055 -0.023555 0.999662 58.3964
0.999926 -0.00482287 -0.0115287 -0.998239 0.00509947 0.999698 0.0240722 -0.870852 0.0114097 -0.0241298 0.999648 59.6159
0.999921 -0.00424654 -0.0121857 -1.01979 0.00453553 0.999709 0.0237347 -0.862811 0.012082 -0.0237881 0.999648 60.8821
0.999909 -0.00401609 -0.0132093 -1.04134 0.00433628 0.999696 0.0242854 -0.868305 0.0131084 -0.024341 0.999623 62.0876
0.999898 -0.00438343 -0.013962 -1.05745 0.00471087 0.999714 0.0234599 -0.858846 0.0138559 -0.0235232 0.999633 63.3103
0.999878 -0.00589482 -0.0147787 -1.07343 0.0062166 0.999743 0.0218106 -0.844454 0.014647 -0.0219004 0.999658 64.5365
0.999846 -0.00740363 -0.0162324 -1.093 0.0077684 0.999718 0.022486 -0.834571 0.016062 -0.0226085 0.999621 65.7509
0.999841 -0.00758008 -0.0164412 -1.13151 0.00797026 0.999686 0.0237854 -0.827369 0.0162564 -0.0239133 0.999587 66.9544
0.999866 -0.0070805 -0.0151065 -1.18053 0.00741263 0.999731 0.0220009 -0.82593 0.0149474 -0.0221098 0.99965 68.1696
0.999887 -0.00539277 -0.0143665 -1.22193 0.00569323 0.999765 0.020938 -0.821324 0.0142509 -0.0210181 0.999682 69.3942
0.999903 -0.00326129 -0.0139509 -1.26697 0.00356053 0.999765 0.0214323 -0.817121 0.0138785 -0.0214798 0.999679 70.6041
0.999892 -0.00276795 -0.0147801 -1.28946 0.0030966 0.999749 0.0222477 -0.829038 0.0147155 -0.0222917 0.999649 71.8094
0.999907 -0.00181654 -0.0139539 -1.32186 0.00215372 0.999708 0.0241346 -0.847948 0.0139067 -0.0241623 0.999618 73.0262
0.999927 -0.00129411 -0.0124287 -1.35945 0.00162196 0.999652 0.0263928 -0.856436 0.0123909 -0.0264117 0.999581 74.2334
0.999954 0.00101697 -0.010316 -1.38472 -0.000730944 0.999619 0.0276232 -0.853345 0.010341 -0.0276143 0.999572 75.4362
0.999973 -0.000891963 -0.00798098 -1.39836 0.00109436 0.99968 0.0253743 -0.847089 0.00795649 -0.025383 0.999653 76.6432
0.999976 -0.00428936 -0.00673343 -1.39624 0.00442348 0.999793 0.0199344 -0.839834 0.00664735 -0.0199636 0.999786 77.8578
0.999988 -0.00354439 -0.00472227 -1.40776 0.0036392 0.999792 0.0201798 -0.842963 0.00465041 -0.0201974 0.999792 79.0452
0.999991 -0.0054493 -0.00186476 -1.41472 0.00549286 0.999702 0.0238275 -0.839571 0.00173519 -0.0238374 0.999721 80.2294
0.999995 -0.00221935 0.00425611 -1.45434 0.00211635 0.999712 0.024083 -0.826145 -0.00430758 -0.0240746 0.999709 81.4168
0.99998 2.84065e-05 0.00739116 -1.43133 -0.000182854 0.999782 0.0209897 -0.799937 -0.00738811 -0.0209905 0.999761 82.6206
0.999946 0.0015257 0.0108656 -1.41805 -0.00170088 0.999873 0.0161393 -0.780147 -0.0108388 -0.0161576 0.999818 83.7986
0.999898 0.000434545 0.0148161 -1.40732 -0.000613926 0.999928 0.0121522 -0.77485 -0.0148089 -0.0121601 0.999825 84.9773
0.99984 -0.000750383 0.0182038 -1.38921 0.000560587 0.99995 0.0104347 -0.772477 -0.0182099 -0.0104236 0.999788 86.1583
0.999776 -0.00173495 0.0214641 -1.36555 0.00149325 0.999937 0.0113049 -0.76548 -0.0214815 -0.0112703 0.999714 87.3298
0.999684 0.000208217 0.0253881 -1.34948 -0.000517064 0.999933 0.0121611 -0.787328 -0.0253829 -0.0121712 0.999612 88.5094
0.999612 -0.000547467 0.0281313 -1.30938 0.000270406 0.999954 0.00987334 -0.789424 -0.0281345 -0.00986192 0.999564 89.6912
0.999539 -0.000452138 0.0306 -1.27057 0.000208903 0.999975 0.00795816 -0.812609 -0.0306019 -0.00794898 0.999509 90.8419
0.999449 -0.00301265 0.0332778 -1.24696 0.00276701 0.999972 0.00744403 -0.819425 -0.0332983 -0.00734785 0.999428 91.9925
0.999365 -0.00394342 0.0356266 -1.21612 0.0036303 0.99996 0.00885519 -0.829871 -0.0356591 -0.00872109 0.999335 93.1572
0.999297 -0.00512836 0.037341 -1.15952 0.00476601 0.999945 0.00980452 -0.835862 -0.0373881 -0.00961976 0.999264 94.3467
0.999222 -0.00687507 0.0390363 -1.11246 0.0064243 0.999917 0.0116649 -0.852626 -0.0391122 -0.0114059 0.999179 95.5255
0.999118 -0.00966769 0.041047 -1.07401 0.00915318 0.999881 0.0127215 -0.859967 -0.041164 -0.0123347 0.999085 96.7105
0.999064 -0.0104602 0.0421721 -1.0128 0.0100166 0.999899 0.0107171 -0.877564 -0.0422788 -0.0102856 0.999062 97.8607
0.998979 -0.0112418 0.0439611 -0.962967 0.0109209 0.999918 0.00754841 -0.887082 -0.0440411 -0.00706072 0.999015 99.0383
0.998951 -0.0108437 0.0446823 -0.908199 0.0106354 0.999938 0.00489625 -0.89986 -0.0447314 -0.00441695 0.998999 100.217
0.998908 -0.0101312 0.045808 -0.848076 0.00996623 0.999949 0.00384371 -0.887031 -0.0458432 -0.00338314 0.998954 101.404
0.998905 -0.0103185 0.0458155 -0.829127 0.0101399 0.999947 0.00413237 -0.888944 -0.0458545 -0.00366442 0.998951 102.561
0.998956 -0.00995225 0.0448025 -0.780043 0.0096786 0.99994 0.00633685 -0.909931 -0.0448611 -0.0058968 0.998987 103.815
0.999027 -0.00965547 0.0432405 -0.730879 0.00931905 0.999931 0.00798114 -0.907912 -0.0433133 -0.00757161 0.999043 105.03
0.999126 -0.00900287 0.0410549 -0.68441 0.00866192 0.999933 0.00849214 -0.905301 -0.0411268 -0.00812928 0.999133 106.246
0.999249 -0.00984216 0.0377281 -0.63429 0.00953739 0.999927 0.0082576 -0.910709 -0.0378054 -0.00789277 0.999264 107.475
0.999378 -0.00956564 0.0343071 -0.608833 0.00929521 0.999931 0.00805292 -0.918379 -0.0343801 -0.00772913 0.999393 108.695
0.999525 -0.00851317 0.0298744 -0.582564 0.00827724 0.999939 0.00802361 -0.938709 -0.0299396 -0.00777376 0.999533 109.903
0.999646 -0.00816965 0.0258168 -0.543861 0.0079445 0.999937 0.00882675 -0.952946 -0.0258853 -0.00861866 0.999642 111.171
0.999756 -0.00714631 0.021319 -0.510326 0.00693706 0.999933 0.00988976 -0.965629 -0.021387 -0.0097407 0.999735 112.439
0.999845 -0.00770199 0.016622 -0.528121 0.00753046 0.999924 0.010402 -0.969245 -0.0166987 -0.0102756 0.999823 113.64
0.999903 -0.00809445 0.0120367 -0.528356 0.00796914 0.99992 0.0104601 -0.967627 -0.012119 -0.0103644 0.999884 114.866
0.999959 -0.00814692 0.00655493 -0.511763 0.00807909 0.999919 0.0104587 -0.972476 -0.00663735 -0.0104058 0.99994 116.146
0.999981 -0.00732922 0.00253473 -0.59193 0.00730255 0.999922 0.0107114 -0.979569 -0.00261141 -0.0106941 0.999953 117.368
0.999988 -0.00692639 -0.00121119 -0.651186 0.0069399 0.999928 0.0103766 -0.986716 0.00114173 -0.0103858 0.999961 118.723
0.999979 -0.00591813 -0.00632514 -0.664042 0.00597755 0.999945 0.00924259 -0.987738 0.00627175 -0.00928172 0.999956 120.032
0.99995 -0.00440756 -0.0103335 -0.677196 0.00449876 0.999958 0.00866956 -0.977167 0.0102973 -0.00871656 0.999925 121.288
0.99992 -0.0034462 -0.0136136 -0.69568 0.00356124 0.999964 0.00835094 -0.986105 0.013586 -0.00840028 0.999891 122.551
0.999892 -0.0026283 -0.0153085 -0.71651 0.00275159 0.999971 0.00793465 -0.99557 0.0152897 -0.00797686 0.999867 123.814
0.999871 -0.0010686 -0.0172466 -0.743059 0.00120756 0.999973 0.00797826 -0.997883 0.0172394 -0.00799958 0.999838 125.112
0.999856 0.000243197 -0.0176951 -0.805611 -8.60804e-05 0.999968 0.00878562 -1.0039 0.0176992 -0.00878379 0.999821 126.43
0.999849 0.000142492 -0.0185165 -0.839283 2.83e-05 0.999963 0.00915434 -1.01299 0.0185189 -0.00915498 0.999805 127.72
0.999815 0.00421608 -0.0194791 -0.88126 -0.00399485 0.999935 0.0112905 -1.02008 0.0195279 -0.0112116 0.999763 129
0.999757 0.00480382 -0.0224204 -0.881608 -0.00447966 0.999892 0.0144289 -1.02079 0.0224892 -0.0143265 0.999664 130.217
0.999745 0.00357392 -0.0228996 -0.93638 -0.00325205 0.999905 0.0139869 -1.0181 0.0229502 -0.01391 0.999658 131.514
0.999746 0.00388535 -0.0230482 -0.988809 -0.00359001 0.999918 0.0127864 -1.02687 0.0230978 -0.0127019 0.999672 132.816
0.999716 0.000541836 -0.024441 -1.0243 -0.000205489 0.999914 0.0136791 -1.02573 0.0244492 -0.0136714 0.999626 134.115
0.999655 -0.00182786 -0.0269463 -1.0413 0.00224666 0.999885 0.015468 -1.02647 0.0269167 -0.0155248 0.999537 135.384
0.999607 -0.00556216 -0.0280182 -1.07308 0.00604257 0.999845 0.0170249 -1.02611 0.0279219 -0.0171887 0.999481 136.672
0.999563 -0.00769216 -0.0292362 -1.10565 0.00822419 0.99981 0.018076 -1.02466 0.0290935 -0.0183101 0.999429 137.96
0.999507 -0.0119572 -0.0295436 -1.14324 0.0124536 0.999792 0.0166171 -1.0319 0.0293415 -0.0169781 0.999444 139.245
0.999439 -0.0151029 -0.0305839 -1.17685 0.0155789 0.999769 0.015345 -1.03054 0.0303469 -0.0158144 0.999435 140.551
0.999388 -0.0161276 -0.0315243 -1.21035 0.0166067 0.999758 0.0149385 -1.02972 0.0312786 -0.0154542 0.99941 141.843
0.999391 -0.0158335 -0.0317606 -1.25209 0.016323 0.999759 0.0151701 -1.02596 0.0315146 -0.0156808 0.999401 143.126
0.999336 -0.0163672 -0.0330017 -1.28026 0.0169424 0.999716 0.0171763 -1.02681 0.032714 -0.0177253 0.999327 144.417
0.999355 -0.013877 -0.0337372 -1.31545 0.0145102 0.99973 0.0185553 -1.02419 0.0334725 -0.0190343 0.999279 145.702
0.999375 -0.0138018 -0.0330228 -1.37783 0.0143794 0.999755 0.0172664 -1.0233 0.0327793 -0.0177318 0.999325 146.989
0.9994 -0.0128864 -0.0327966 -1.43014 0.013405 0.999795 0.0156 -1.02592 0.0325908 -0.0160317 0.99936 148.283
0.999396 -0.0129912 -0.0327036 -1.47887 0.013431 0.99983 0.0132127 -1.03414 0.0325293 -0.0136452 0.999398 149.604
0.99938 -0.0143943 -0.0327799 -1.52574 0.0147092 0.999855 0.00934465 -1.04794 0.0326425 -0.00982253 0.99944 150.902
0.999381 -0.0142623 -0.0326481 -1.57245 0.0144673 0.999883 0.00599831 -1.06281 0.0325617 -0.00646823 0.999468 152.203
0.999362 -0.0148393 -0.0331432 -1.61986 0.0150142 0.999882 0.00499039 -1.07894 0.0330671 -0.00548636 0.999459 153.505
0.99933 -0.0151228 -0.0337879 -1.66385 0.0153025 0.999877 0.00501316 -1.09133 0.0337109 -0.00552817 0.999436 154.786
0.999312 -0.0147778 -0.0346624 -1.71427 0.0149837 0.999879 0.00564418 -1.11346 0.0345767 -0.00616123 0.999404 156.094
0.99927 -0.0144537 -0.0358093 -1.75508 0.0146988 0.999877 0.0065452 -1.12589 0.0357133 -0.00706812 0.999357 157.374
0.999226 -0.0143033 -0.0372434 -1.79641 0.0145673 0.999878 0.00678466 -1.13705 0.0371438 -0.0073235 0.999304 158.661
0.999166 -0.0140101 -0.0387836 -1.83964 0.0142635 0.999886 0.00622426 -1.1474 0.0386948 -0.00677358 0.999249 159.932
0.999087 -0.0140943 -0.0408529 -1.88552 0.0143888 0.99988 0.00688493 -1.17144 0.0407529 -0.00746805 0.999162 161.183
0.998962 -0.0149793 -0.0434025 -1.92483 0.0153583 0.999854 0.00836994 -1.19381 0.0432739 -0.00902925 0.999044 162.483
0.998971 -0.014092 -0.0436026 -2.00496 0.0144947 0.999863 0.00889169 -1.21784 0.0434733 -0.00951614 0.999031 163.837
0.998842 -0.0139525 -0.0463913 -2.04612 0.0143336 0.999874 0.00785215 -1.22883 0.0462789 -0.00850948 0.998914 165.094
0.998835 -0.0139991 -0.0466595 -2.12686 0.0143242 0.999883 0.00660214 -1.24223 0.0465637 -0.00726448 0.998911 166.378
0.998747 -0.0136035 -0.0485049 -2.18434 0.0139735 0.999884 0.00725851 -1.27073 0.0484035 -0.00792868 0.998819 167.644
0.998643 -0.0148228 -0.0503731 -2.23868 0.0151436 0.999876 0.00595801 -1.27927 0.0502805 -0.00671449 0.998736 168.958
0.998564 -0.0151908 -0.0516974 -2.30852 0.0154524 0.999878 0.00462875 -1.28962 0.0516236 -0.00542245 0.998674 170.261
0.998457 -0.0152455 -0.0538262 -2.36495 0.0155371 0.999875 0.00497322 -1.30876 0.0537457 -0.00580361 0.998561 171.533
0.998365 -0.0152499 -0.0553948 -2.43528 0.0156274 0.999866 0.00635955 -1.32852 0.0552933 -0.00721635 0.998467 172.828
0.998288 -0.0157398 -0.0567428 -2.51125 0.016106 0.999861 0.00597055 -1.33112 0.056643 -0.006876 0.998394 174.115
0.998214 -0.0153232 -0.0580375 -2.5949 0.0157273 0.999863 0.00648436 -1.35098 0.057933 -0.00738709 0.998316 175.394
0.998144 -0.0149941 -0.0594138 -2.6808 0.0154435 0.999864 0.00708162 -1.36921 0.0593016 -0.00798779 0.998232 176.666
0.998172 -0.0145684 -0.0589442 -2.79017 0.0149838 0.999874 0.00658378 -1.38801 0.0588438 -0.00745652 0.998263 177.962
0.998108 -0.0132747 -0.0604188 -2.86156 0.0136821 0.999895 0.00630451 -1.40517 0.0603308 -0.00712106 0.998178 179.232
0.998107 -0.0125391 -0.0605092 -2.95637 0.0129767 0.999901 0.00681791 -1.42163 0.0604206 -0.00759179 0.998167 180.52
0.998112 -0.012781 -0.0604621 -3.05088 0.0131563 0.999905 0.00578252 -1.44073 0.0603846 -0.00656888 0.998178 181.816
0.998037 -0.0143414 -0.0612581 -3.12661 0.0146352 0.999892 0.00432479 -1.45976 0.0611924 -0.00521443 0.998136 183.109
0.997936 -0.0174634 -0.0621735 -3.19839 0.0177594 0.999842 0.00418342 -1.47159 0.0620926 -0.00528083 0.998081 184.39
0.997818 -0.016552 -0.0642084 -3.26269 0.017088 0.999833 0.00778933 -1.48805 0.0640717 -0.00887112 0.99793 185.705
0.99776 -0.0170756 -0.0650391 -3.33959 0.0178906 0.999776 0.0119417 -1.49965 0.0648227 -0.0130804 0.997836 187.005
0.997762 -0.0156895 -0.0652817 -3.42561 0.0164762 0.999807 0.011511 -1.50997 0.0650915 -0.0125624 0.997825 188.26
0.997774 -0.013944 -0.0655705 -3.51742 0.0145494 0.999864 0.00873664 -1.52121 0.0654419 -0.00967309 0.997834 189.529
0.997743 -0.0137801 -0.0659985 -3.60527 0.0142852 0.999881 0.00716922 -1.53949 0.0658949 -0.00809741 0.997819 190.769
0.997797 -0.0136805 -0.0652855 -3.70596 0.0141887 0.999881 0.00729668 -1.5555 0.0651801 -0.00820883 0.997865 192.019
0.997844 -0.0135725 -0.0645 -3.7999 0.0141499 0.999873 0.00848584 -1.56759 0.0643796 -0.0093818 0.997906 193.269
0.997946 -0.0128922 -0.0631414 -3.90185 0.0135843 0.999861 0.0105135 -1.58217 0.0629992 -0.0113514 0.997975 194.526
0.997994 -0.0129267 -0.0622835 -3.99619 0.0136469 0.999854 0.011131 -1.5895 0.0621335 -0.0119603 0.998021 195.814
0.998054 -0.0123337 -0.0615359 -4.07435 0.0130156 0.999867 0.0106603 -1.59423 0.0613985 -0.0114423 0.998073 197.071
0.998119 -0.0131701 -0.0601886 -4.15745 0.013768 0.999869 0.00950863 -1.60674 0.0600586 -0.0103211 0.998167 198.316
0.998217 -0.012939 -0.0586876 -4.2347 0.0134786 0.999879 0.00877631 -1.63104 0.0585691 -0.00955354 0.998263 199.557
0.998254 -0.0138585 -0.0577405 -4.30791 0.0143683 0.99987 0.00840027 -1.64733 0.0576198 -0.00921688 0.998322 200.808
0.998328 -0.0132322 -0.0567154 -4.3798 0.0137804 0.999871 0.00925075 -1.66583 0.0565879 -0.0100187 0.998373 202.03
0.998395 -0.0147447 -0.0550134 -4.4589 0.0153948 0.999825 0.0113904 -1.67784 0.0548391 -0.0122207 0.998446 203.256
0.998441 -0.0144267 -0.0543901 -4.53075 0.015086 0.999827 0.0116982 -1.68736 0.0542142 -0.0125023 0.998477 204.475
0.998416 -0.0151256 -0.0545341 -4.59253 0.0157912 0.999814 0.0117726 -1.69779 0.0543493 -0.0126168 0.998468 205.669
0.998427 -0.0148289 -0.0545352 -4.64998 0.0155034 0.999817 0.0119341 -1.70777 0.0543507 -0.0127627 0.998466 206.903
0.998504 -0.0153428 -0.0528564 -4.75413 0.0160208 0.999803 0.0123969 -1.7304 0.0526594 -0.013227 0.998551 208.072
0.998563 -0.0151038 -0.0519062 -4.83143 0.0157626 0.999809 0.0122716 -1.74343 0.0517135 -0.0130742 0.998602 209.304
0.998578 -0.0154713 -0.0514091 -4.89516 0.0161344 0.999801 0.0124765 -1.75472 0.0512095 -0.01329 0.998626 210.511
0.998547 -0.0171852 -0.051577 -4.95778 0.0178344 0.999776 0.0121175 -1.76181 0.0513597 -0.0130218 0.998621 211.703
0.998482 -0.0170296 -0.0527573 -5.00488 0.0177416 0.999767 0.0130259 -1.77419 0.0525267 -0.0139439 0.99855 212.867
0.998394 -0.0180838 -0.0541639 -5.05792 0.0188644 0.999734 0.0139031 -1.78441 0.0539006 -0.0149046 0.998461 214.033
0.998279 -0.0185448 -0.0560046 -5.11316 0.0193485 0.999726 0.0138154 -1.79395 0.0557366 -0.014877 0.998362 215.186
0.998249 -0.0181176 -0.0567672 -5.18182 0.0189112 0.99974 0.0134449 -1.81067 0.0565114 -0.0144969 0.998322 216.297
0.998189 -0.0183064 -0.0576629 -5.25162 0.0190506 0.999751 0.012356 -1.8154 0.0574258 -0.0134339 0.998287 217.411
0.998179 -0.0176057 -0.0581416 -5.32017 0.0183803 0.999759 0.0127847 -1.8325 0.057905 -0.0138321 0.998252 218.488
0.998028 -0.0182757 -0.0603925 -5.37925 0.0190559 0.999752 0.0123396 -1.83798 0.0601554 -0.0134679 0.998127 219.57
0.997865 -0.0190593 -0.0628831 -5.44743 0.0199062 0.999729 0.0128413 -1.84248 0.0626237 -0.0140677 0.997964 220.63
0.997697 -0.0199446 -0.0651577 -5.52118 0.0209419 0.999683 0.0146334 -1.85389 0.0648486 -0.015966 0.997796 221.673
0.997573 -0.0187912 -0.0674403 -5.60195 0.0199402 0.999677 0.0163785 -1.85653 0.0671133 -0.0176857 0.997615 222.765
0.997322 -0.0182603 -0.0711197 -5.6543 0.0194659 0.999688 0.0162691 -1.86019 0.0708039 -0.017612 0.997364 223.745
0.997066 -0.0182053 -0.0747271 -5.72905 0.0193639 0.999714 0.014788 -1.84809 0.0744392 -0.0161937 0.997122 224.81
0.996808 -0.0180186 -0.0780614 -5.80456 0.0191753 0.999727 0.0140676 -1.83891 0.07779 -0.0155216 0.996878 225.8
0.996597 -0.0184821 -0.0806832 -5.89277 0.0197994 0.999695 0.0155352 -1.86954 0.0803741 -0.017082 0.996647 226.741
0.996298 -0.0182357 -0.0842757 -5.97174 0.0195993 0.9997 0.0153584 -1.88192 0.0839736 -0.0169554 0.996353 227.68
0.995983 -0.0185629 -0.0879213 -6.05135 0.0199494 0.999702 0.0148952 -1.89129 0.0876212 -0.0165916 0.996044 228.591
0.995797 -0.0184778 -0.0899569 -6.15059 0.0198797 0.999705 0.0146921 -1.90568 0.0896621 -0.0164207 0.995867 229.47
0.995642 -0.0173587 -0.0919422 -6.24913 0.0187772 0.99973 0.0145645 -1.91803 0.0916671 -0.0162297 0.995686 230.34
0.995414 -0.0175013 -0.0942833 -6.34583 0.0189082 0.999734 0.0140302 -1.93222 0.0940157 -0.0157506 0.995476 231.184
0.995212 -0.0160358 -0.0967062 -6.43886 0.0174753 0.99976 0.0140369 -1.94164 0.0964604 -0.0156619 0.995243 232.018
0.995203 -0.0150348 -0.0969043 -6.52859 0.0164675 0.999777 0.0139843 -1.94349 0.0966756 -0.0155151 0.995225 232.813
0.995254 -0.0151409 -0.0964197 -6.61761 0.0166028 0.999771 0.0143578 -1.94561 0.0961827 -0.0158927 0.995266 233.609
0.995346 -0.0149901 -0.0954399 -6.70027 0.0164888 0.999764 0.0149162 -1.95155 0.0951969 -0.0164226 0.995353 234.363
0.995441 -0.0151706 -0.0944607 -6.78207 0.0165892 0.999773 0.0142301 -1.95854 0.0942259 -0.0157345 0.995456 235.116
0.995523 -0.0167368 -0.0932736 -6.86548 0.0180542 0.99976 0.0132799 -1.98315 0.0930322 -0.0149066 0.995581 235.849
0.995556 -0.0172844 -0.0928805 -6.93218 0.0184202 0.999777 0.0113655 -1.99222 0.0926659 -0.0130281 0.995642 236.584
0.995661 -0.0184323 -0.0914715 -7.01132 0.0195295 0.999759 0.0110979 -2.01597 0.0912482 -0.0128383 0.995776 237.316
0.995851 -0.018556 -0.089408 -7.09171 0.0196823 0.999749 0.0117124 -2.03483 0.0891708 -0.0134259 0.995955 238.045
0.996073 -0.0189563 -0.086754 -7.17452 0.0200629 0.999739 0.011883 -2.0418 0.0865094 -0.0135791 0.996188 238.773
0.996213 -0.018491 -0.0852791 -7.23313 0.0194436 0.999769 0.0103325 -2.02036 0.0850709 -0.0119539 0.996333 239.494
0.996334 -0.0182412 -0.0838747 -7.29078 0.0190228 0.999794 0.00850907 -2.00003 0.0837056 -0.0100756 0.99647 240.205
0.996397 -0.0186279 -0.0830767 -7.33459 0.019295 0.9998 0.00721264 -1.99429 0.0829282 -0.00879205 0.996546 240.9
0.996598 -0.0182463 -0.0806703 -7.39273 0.0189019 0.999805 0.0073504 -1.99941 0.0805239 -0.00885247 0.996744 241.61
0.996776 -0.0185004 -0.0784363 -7.43194 0.0192269 0.999791 0.00849202 -2.0192 0.0782653 -0.00997516 0.996913 242.358
0.99696 -0.0184478 -0.0760189 -7.47533 0.0192994 0.99977 0.0104609 -2.05809 0.0758119 -0.0118985 0.997082 243.073
0.997238 -0.0182396 -0.0724058 -7.53582 0.0191351 0.999761 0.0116676 -2.07986 0.0721782 -0.0130233 0.997338 243.781
0.997485 -0.0185587 -0.0687668 -7.59603 0.0194301 0.999751 0.0119987 -2.09373 0.0685304 -0.0133069 0.997591 244.465
0.997678 -0.0186367 -0.0659489 -7.64213 0.019465 0.999751 0.011909 -2.10582 0.0657132 -0.0131675 0.997783 245.199
0.997863 -0.0177219 -0.0632839 -7.687 0.0184238 0.999787 0.0104958 -2.10741 0.0630878 -0.0116415 0.997972 245.888
0.998 -0.0185495 -0.0609136 -7.72754 0.0192007 0.999776 0.0100872 -2.11276 0.0607156 -0.0112391 0.998123 246.611
0.998129 -0.0177947 -0.0589183 -7.76395 0.0184523 0.999785 0.0106042 -2.11475 0.0587204 -0.0116738 0.998238 247.315
0.998274 -0.0175227 -0.0565862 -7.80496 0.0181862 0.999783 0.0111941 -2.11838 0.0563806 -0.0122062 0.998366 248.025
0.998386 -0.0180319 -0.0543139 -7.84439 0.0186498 0.999779 0.0108566 -2.12461 0.0541097 -0.0118543 0.998496 248.75
0.998487 -0.01838 -0.0524059 -7.88153 0.0188841 0.999792 0.00909749 -2.1302 0.0522306 -0.0100758 0.998616 249.467
0.99857 -0.0180662 -0.0508022 -7.92155 0.0184535 0.999816 0.00713026 -2.13258 0.0506675 -0.00805987 0.998715 250.188
0.998606 -0.0205115 -0.0492543 -7.96097 0.0208241 0.999778 0.0057996 -2.13987 0.0491273 -0.00681962 0.998801 250.913
0.998521 -0.0242925 -0.0491489 -7.99711 0.0245868 0.999695 0.00535798 -2.14804 0.0490072 -0.00656083 0.998809 251.647
0.998312 -0.0305031 -0.0500372 -8.02514 0.0307989 0.999525 0.00511084 -2.15656 0.0498604 -0.00664577 0.998766 252.381
0.998333 -0.029698 -0.049995 -8.06698 0.0299778 0.999551 0.00482551 -2.16721 0.0498328 -0.00631854 0.998769 253.124
0.998314 -0.0296487 -0.0505139 -8.10051 0.0298701 0.999559 0.00359265 -2.15279 0.0503879 -0.00509794 0.998749 253.872
0.99833 -0.0307015 -0.0494483 -8.14099 0.0307658 0.999539 0.000506584 -2.14039 0.0494135 -0.0020294 0.998808 254.621
0.998273 -0.0341069 -0.0484574 -8.17551 0.0340004 0.999429 -0.00306145 -2.1305 0.0485369 0.00140599 0.998853 255.354
0.998173 -0.0375434 -0.0478837 -8.21296 0.037385 0.999305 -0.00422825 -2.13261 0.0480126 0.00242799 0.998876 256.133
0.99827 -0.0349897 -0.0478827 -8.25143 0.0350119 0.999399 -0.000415666 -2.13885 0.0478712 -0.00126406 0.998885 256.919
0.998387 -0.0324139 -0.0471544 -8.31033 0.032742 0.999457 0.00616975 -2.16225 0.0469323 -0.00770614 0.998901 257.741
0.998339 -0.0341527 -0.047032 -8.34419 0.0346812 0.999356 0.0104307 -2.18718 0.0466483 -0.012047 0.998872 258.544
0.998324 -0.0350794 -0.0465811 -8.35997 0.0355132 0.999346 0.0084853 -2.19594 0.0462564 -0.0101277 0.998911 259.323
0.998684 -0.0336197 -0.0395013 -8.42878 0.033772 0.999437 0.00314815 -2.20799 0.039376 -0.00448061 0.999248 260.124
0.998918 -0.031448 -0.0349886 -8.4749 0.0314535 0.999518 -0.000445821 -2.21612 0.0349894 -0.00065759 0.999421 260.945
0.999058 -0.0306817 -0.0316569 -8.50219 0.0307135 0.999541 0.000463798 -2.23426 0.0316309 -0.00143827 0.999533 261.78
0.999116 -0.0323095 -0.0278396 -8.53479 0.0324095 0.999483 0.00308345 -2.24796 0.0277292 -0.00398539 0.999641 262.628
0.999106 -0.0350177 -0.024964 -8.5577 0.0351923 0.999372 0.00652594 -2.25658 0.0247226 -0.00740124 0.999702 263.467
0.999077 -0.0373168 -0.022438 -8.57567 0.037503 0.999279 0.00786209 -2.26491 0.0221321 -0.00869872 0.99975 264.309
0.99918 -0.0371217 -0.0179343 -8.61629 0.0372772 0.999283 0.00832594 -2.26782 0.0176153 -0.0089902 0.999839 265.154
0.999292 -0.0352682 -0.014926 -8.64345 0.0353698 0.999366 0.00648405 -2.27716 0.0146916 -0.00700978 0.999901 266.003
0.999309 -0.0352986 -0.0140028 -8.63869 0.0353638 0.999378 0.00432646 -2.28887 0.0138442 -0.00482133 0.999927 266.854
0.999379 -0.0343375 -0.0106999 -8.67268 0.0343828 0.999415 0.00390503 -2.28941 0.0105634 -0.00427293 0.999969 267.682
0.999454 -0.0331287 -0.00741439 -8.68679 0.0331715 0.999447 0.00553164 -2.29193 0.00723002 -0.00577711 0.999992 268.536
0.999558 -0.0304439 -0.00286532 -8.71489 0.0304651 0.999526 0.00696542 -2.29964 0.00265588 -0.00705204 1.00001 269.385
0.999602 -0.0292744 -0.000197699 -8.72183 0.0292765 0.999563 0.00659352 -2.3041 7.647e-06 -0.00659924 1.00001 270.248
0.999602 -0.0288622 0.00362402 -8.73171 0.0288424 0.999581 0.00588602 -2.30904 -0.00378836 -0.00578157 1.00001 271.102
0.99955 -0.0303265 0.00631829 -8.72715 0.0302946 0.99954 0.00530609 -2.31257 -0.00647326 -0.00511485 1 271.98
0.999455 -0.0329571 0.00746408 -8.71201 0.032918 0.999458 0.00552901 -2.31739 -0.00763817 -0.00528272 0.999993 272.832
0.999395 -0.0346868 0.00816423 -8.70322 0.0346434 0.999397 0.00556432 -2.32658 -0.00834925 -0.00528065 0.999987 273.707
0.999343 -0.0359503 0.00854726 -8.69682 0.0359077 0.999356 0.00527202 -2.33369 -0.00872719 -0.00496407 0.999986 274.58
0.999325 -0.0363952 0.00931707 -8.69664 0.0363516 0.99934 0.00494561 -2.3386 -0.00948782 -0.00460617 0.99998 275.446
0.999307 -0.0365771 0.0100327 -8.70649 0.0365307 0.999335 0.00491562 -2.34396 -0.0102017 -0.00454816 0.999974 276.328
0.999299 -0.0364386 0.0115794 -8.72517 0.0363865 0.99934 0.00479984 -2.35134 -0.0117436 -0.00437777 0.999958 277.199
0.99929 -0.0366832 0.011283 -8.73894 0.0366511 0.999338 0.00316671 -2.35561 -0.0113876 -0.00275338 0.999968 278.067
0.999311 -0.0365263 0.010245 -8.74012 0.0365099 0.999345 0.00191264 -2.36993 -0.0103051 -0.00153992 0.999982 278.935
0.999337 -0.036382 0.00740632 -8.72476 0.0363762 0.999352 0.00112585 -2.38551 -0.00743841 -0.000858137 1.00001 279.807
0.999339 -0.0365724 0.00681948 -8.73412 0.0365647 0.999344 0.00143928 -2.4103 -0.0068646 -0.00119162 1.00001 280.665
0.999387 -0.0352077 0.00638615 -8.76381 0.0352018 0.999394 0.00128196 -2.42475 -0.00642331 -0.00105888 1.00002 281.489
0.999421 -0.0347681 0.00332558 -8.74841 0.0347637 0.999408 0.00163779 -2.43781 -0.00337754 -0.00152389 1.00003 282.358
0.999447 -0.0340623 0.000831087 -8.75258 0.034063 0.999434 0.00116416 -2.42584 -0.00086614 -0.00113774 1.00004 283.25
0.999416 -0.0349795 -0.00248559 -8.77497 0.0349873 0.999399 0.00281131 -2.43123 0.00238881 -0.00289934 1.00003 284.122
0.99933 -0.0365127 -0.00790554 -8.7757 0.0365522 0.999336 0.00471715 -2.454 0.00773215 -0.0050055 0.999997 284.972
0.999264 -0.036837 -0.0132621 -8.78981 0.0369134 0.999318 0.00549352 -2.46633 0.0130538 -0.00598173 0.999936 285.814
0.999178 -0.0368324 -0.0185147 -8.80138 0.0369443 0.999317 0.00565578 -2.47604 0.0182978 -0.0063377 0.999852 286.661
0.998995 -0.0387391 -0.0239035 -8.81472 0.0389231 0.999233 0.00724661 -2.51015 0.0236075 -0.00817242 0.999729 287.492
0.998866 -0.0394163 -0.0277734 -8.85596 0.0396043 0.999211 0.00619292 -2.50578 0.0275114 -0.00728837 0.999635 288.276
0.998757 -0.0391772 -0.0318188 -8.88341 0.0393638 0.999227 0.00523312 -2.51641 0.0315922 -0.00648189 0.999521 289.073
0.998659 -0.0385422 -0.0354 -8.91902 0.0387378 0.999253 0.00480952 -2.52486 0.0351922 -0.00617695 0.999402 289.843
0.998586 -0.0375698 -0.0384566 -8.95932 0.0377745 0.999291 0.00458587 -2.53735 0.03826 -0.00603483 0.999291 290.58
0.998396 -0.0387365 -0.0419851 -8.99706 0.0389567 0.999246 0.00439861 -2.54476 0.041787 -0.00602971 0.999148 291.306
0.998132 -0.0406096 -0.0463414 -9.03885 0.0408204 0.999176 0.00359226 -2.56152 0.0461602 -0.00548003 0.99896 292.015
0.997935 -0.0396556 -0.0511029 -9.08671 0.0397981 0.999221 0.00174156 -2.57461 0.0509979 -0.00377432 0.998732 292.701
0.997644 -0.0384545 -0.0573722 -9.13388 0.0384847 0.999276 -0.000594748 -2.58019 0.0573563 -0.00161745 0.998394 293.378
0.997153 -0.0379444 -0.0656269 -9.1888 0.0378521 0.999295 -0.00267295 -2.59886 0.0656857 0.000178556 0.997882 294.015
0.9964 -0.0384406 -0.0759853 -9.24317 0.0382297 0.999277 -0.0042393 -2.608 0.076096 0.00131625 0.997142 294.652
0.995425 -0.0383002 -0.0878981 -9.33217 0.0379702 0.999279 -0.00543921 -2.61116 0.0880464 0.00207398 0.996157 295.257
0.993923 -0.0372221 -0.1039 -9.43479 0.0368638 0.999323 -0.00537592 -2.63208 0.104032 0.00151022 0.994615 295.861
0.99179 -0.0347091 -0.123333 -9.54936 0.034312 0.999412 -0.00535469 -2.65287 0.12345 0.00107611 0.992394 296.462
0.98891 -0.0332023 -0.144984 -9.69094 0.0326423 0.999465 -0.00624647 -2.67288 0.145116 0.00144165 0.989456 297.051
0.984977 -0.0324761 -0.16979 -9.8442 0.0317154 0.999487 -0.00720001 -2.69251 0.169939 0.00170408 0.985497 297.631
0.980012 -0.0314142 -0.19661 -9.99235 0.0305345 0.999523 -0.00750909 -2.71487 0.196754 0.00135255 0.980495 298.161
0.97333 -0.0305777 -0.227494 -10.1485 0.0297434 0.999548 -0.00710092 -2.74562 0.22761 0.000142263 0.973796 298.737
0.964935 -0.0304949 -0.260841 -10.3128 0.0297706 0.999551 -0.00673259 -2.76268 0.260931 -0.00127199 0.965402 299.254
0.954515 -0.0301076 -0.296746 -10.4626 0.0294058 0.99956 -0.00683393 -2.76225 0.296823 -0.00220583 0.954976 299.708
0.942028 -0.029606 -0.334327 -10.6345 0.0290862 0.999572 -0.00656542 -2.76293 0.334379 -0.00354261 0.942478 300.158
0.927716 -0.0285179 -0.372282 -10.857 0.0283929 0.999596 -0.00582249 -2.76837 0.372299 -0.00517145 0.928146 300.63
0.911147 -0.0280721 -0.411207 -11.0992 0.0281954 0.999602 -0.00576935 -2.77383 0.411206 -0.00634051 0.911568 301.092
0.892302 -0.0282587 -0.450625 -11.3614 0.0286215 0.999588 -0.00601356 -2.77944 0.45061 -0.00753448 0.892739 301.543
0.870451 -0.0288977 -0.491471 -11.6365 0.0293779 0.999562 -0.00674408 -2.78876 0.49145 -0.00857112 0.870911 301.987
0.845263 -0.0294993 -0.533596 -11.9534 0.0302642 0.999531 -0.00732017 -2.81263 0.533562 -0.00996424 0.845755 302.445
0.817485 -0.030073 -0.57522 -12.2929 0.0314085 0.999494 -0.00762032 -2.83665 0.575158 -0.0118405 0.818008 302.885
0.786946 -0.0293927 -0.616376 -12.6162 0.0313899 0.999495 -0.00758859 -2.84608 0.616286 -0.0133792 0.787466 303.247
0.753683 -0.0280597 -0.656686 -13.0139 0.0294884 0.999543 -0.00886783 -2.85596 0.656633 -0.0126843 0.754158 303.615
0.716898 -0.0287078 -0.696637 -13.404 0.0299731 0.999513 -0.0103469 -2.87105 0.696593 -0.0134657 0.717404 303.944
0.6775 -0.0301772 -0.734945 -13.8106 0.0321108 0.999435 -0.0114383 -2.85342 0.734874 -0.0158534 0.678079 304.19
0.633897 -0.0314562 -0.772822 -14.2309 0.0358022 0.999311 -0.0113111 -2.836 0.772643 -0.0205016 0.634582 304.413
0.585844 -0.0322358 -0.809819 -14.674 0.0386156 0.9992 -0.0118405 -2.82098 0.809552 -0.0243383 0.586614 304.612
0.535608 -0.0288258 -0.844017 -15.0904 0.0348417 0.999337 -0.0120222 -2.81282 0.843801 -0.0229707 0.536252 304.739
0.483619 -0.0225138 -0.875025 -15.5466 0.0271169 0.999592 -0.0107333 -2.82309 0.874905 -0.0185404 0.484026 304.855
0.429866 -0.0183954 -0.902745 -15.9818 0.0218173 0.99973 -0.00998476 -2.83765 0.902679 -0.0154063 0.430147 304.925
0.374584 -0.0161307 -0.927087 -16.4203 0.0183768 0.999798 -0.00997249 -2.85186 0.927056 -0.0133046 0.3748 304.968
0.319501 -0.0145088 -0.947512 -16.9036 0.0175081 0.99982 -0.00940784 -2.85247 0.947472 -0.0135863 0.319694 304.977
0.264275 -0.0120705 -0.964405 -17.3403 0.0169007 0.999843 -0.00788433 -2.85222 0.964342 -0.0142188 0.264434 304.961
0.20771 -0.00850642 -0.978191 -17.8157 0.016086 0.999875 -0.00528095 -2.8513 0.978105 -0.0146412 0.207817 304.924
0.148456 -0.00571448 -0.988935 -18.2524 0.0156176 0.99989 -0.00343487 -2.85317 0.988838 -0.0149381 0.148526 304.866
0.0876897 -0.00197891 -0.996184 -18.7178 0.0131954 0.999931 -0.00082641 -2.85589 0.996107 -0.0130755 0.0877074 304.779
0.0229882 0.00269655 -0.999765 -19.1789 0.0120539 0.99994 0.00297259 -2.84587 0.999705 -0.0121226 0.0229521 304.72
-0.0421751 0.00902983 -0.999107 -19.596 0.0101398 0.99993 0.00860769 -2.84512 0.999104 -0.00977066 -0.0422649 304.626
-0.109483 0.0148433 -0.993911 -20.0837 0.00901483 0.999881 0.0139379 -2.83398 0.99399 -0.00743657 -0.109604 304.529
-0.176194 0.0208118 -0.984176 -20.5243 0.00777126 0.999794 0.0197492 -2.82918 0.984371 -0.00417158 -0.17632 304.399
-0.242018 0.02734 -0.969919 -20.9725 0.00880455 0.999642 0.0259792 -2.83736 0.970274 -0.00225486 -0.242172 304.24
-0.305649 0.0312125 -0.951676 -21.4246 0.0104354 0.999531 0.029429 -2.8278 0.952136 -0.000939172 -0.305831 304.049
-0.367844 0.0344496 -0.929285 -21.8949 0.0117625 0.999424 0.0323921 -2.82741 0.929857 0.000982034 -0.368035 303.827
-0.426023 0.036229 -0.904032 -22.3338 0.0137043 0.999361 0.0335895 -2.83052 0.904659 0.00191779 -0.426245 303.562
-0.480167 0.0360991 -0.876473 -22.7746 0.0146977 0.999362 0.0331069 -2.80683 0.8771 0.00301207 -0.480388 303.25
-0.530911 0.0351231 -0.846749 -23.2372 0.0136472 0.999384 0.0328961 -2.78116 0.847371 0.00590633 -0.531061 302.907
-0.57731 0.0344325 -0.81584 -23.6943 0.0133625 0.999394 0.0327219 -2.75132 0.816464 0.0079864 -0.577415 302.554
-0.617432 0.0348148 -0.785907 -24.1598 0.0132062 0.999357 0.0338937 -2.72754 0.78657 0.0105453 -0.617491 302.146
-0.654161 0.0382644 -0.755431 -24.6113 0.0165814 0.999224 0.0362523 -2.70227 0.756225 0.0111861 -0.654282 301.715
-0.689576 0.0438459 -0.722943 -25.0203 0.0217645 0.998988 0.0398265 -2.67743 0.723946 0.0117261 -0.689829 301.254
-0.725255 0.0470612 -0.686919 -25.478 0.0250102 0.998822 0.0420215 -2.63168 0.688081 0.0132939 -0.725571 300.758
-0.758196 0.0473404 -0.650371 -25.9232 0.0255853 0.998771 0.042872 -2.59674 0.651591 0.0158628 -0.758472 300.217
-0.788572 0.0435301 -0.613455 -26.3498 0.0241025 0.998931 0.0398977 -2.56484 0.61453 0.0166739 -0.78877 299.649
-0.814899 0.0423423 -0.578127 -26.7358 0.0257218 0.999006 0.0369099 -2.55492 0.579105 0.0152048 -0.815173 299.024
-0.838059 0.037846 -0.544328 -27.084 0.0241829 0.999206 0.0322374 -2.52123 0.54511 0.0138509 -0.838299 298.346
-0.859384 0.0349592 -0.510217 -27.4502 0.0236461 0.999329 0.0286423 -2.49265 0.510866 0.0125476 -0.859628 297.625
-0.878992 0.0335694 -0.475725 -27.7735 0.0227905 0.999356 0.0284065 -2.46744 0.476367 0.0141246 -0.87918 296.902
-0.897687 0.0305358 -0.43967 -28.1218 0.0200997 0.999415 0.0283716 -2.45327 0.440269 0.0166292 -0.89777 296.09
-0.914412 0.0305867 -0.403714 -28.417 0.0212073 0.999411 0.0276806 -2.43048 0.404318 0.0167474 -0.91451 295.284
-0.930117 0.0330489 -0.365891 -28.7129 0.0239713 0.999303 0.0293235 -2.4177 0.366596 0.018501 -0.930254 294.438
-0.943978 0.0367061 -0.328067 -28.9764 0.0282521 0.999155 0.0304944 -2.40123 0.328905 0.0195151 -0.944204 293.588
-0.955557 0.0386375 -0.292409 -29.1978 0.030052 0.998998 0.0337959 -2.38374 0.293413 0.0235042 -0.955754 292.666
-0.965559 0.04228 -0.256865 -29.4128 0.0340646 0.998779 0.0363445 -2.37326 0.258084 0.0263406 -0.965805 291.7
-0.973726 0.0420367 -0.224001 -29.5097 0.0346789 0.998747 0.03668 -2.3466 0.225254 0.0279459 -0.973957 290.819
-0.980847 0.0403236 -0.190754 -29.7078 0.0344501 0.998848 0.0339987 -2.32067 0.1919 0.0267738 -0.981092 289.732
-0.986608 0.0386362 -0.158742 -29.8485 0.0340704 0.998949 0.0313806 -2.29534 0.159779 0.0255498 -0.98688 288.683
-0.991098 0.0379704 -0.127892 -29.9564 0.0341809 0.998934 0.0316812 -2.26952 0.128954 0.0270256 -0.991325 287.629
-0.994602 0.0365807 -0.0975551 -30.0277 0.0336014 0.998945 0.0320042 -2.24077 0.0986162 0.0285511 -0.994775 286.571
-0.997101 0.0353098 -0.0679663 -30.1193 0.0333182 0.999011 0.0301924 -2.19489 0.068961 0.0278382 -0.997276 285.396
-0.998648 0.0343392 -0.0401816 -30.1849 0.0331662 0.999036 0.0294887 -2.16102 0.0411496 0.0281137 -0.998817 284.236
-0.999401 0.0316327 -0.0166038 -30.1636 0.0311064 0.99906 0.0309572 -2.13145 0.0175637 0.03042 -0.999429 283.104
-0.999579 0.029905 0.00634351 -30.1421 0.0300921 0.99906 0.0318907 -2.10085 -0.00538898 0.0320655 -0.999532 281.918
-0.999315 0.0274177 0.0264279 -30.0956 0.0282415 0.999131 0.031376 -2.0748 -0.025548 0.0320988 -0.999205 280.691
-0.998853 0.0227121 0.0432284 -30.0292 0.0239973 0.9993 0.0294568 -2.05007 -0.0425337 0.0304578 -0.998691 279.467
-0.998355 0.0181617 0.055143 -29.9473 0.0197665 0.999415 0.028721 -2.02352 -0.0545922 0.0297616 -0.998112 278.238
