0.99991 -0.000839141 -0.0133656 0.140285 0.000853755 1 0.00108809 -0.011292 0.0133647 -0.00109943 0.999911 1.01933
0.999894 -0.00246872 -0.0145311 0.130779 0.0024928 0.999996 0.00163728 -0.039696 0.0145275 -0.00167349 0.999894 2.42589
0.999926 0.00023568 -0.0121613 0.0479846 -0.000247875 1 -0.00100397 -0.0400379 0.012161 0.00100685 0.999927 3.64819
0.999929 -0.000129109 -0.0121632 0.0241673 0.000119108 1 -0.000822926 -0.0629841 0.0121639 0.000821181 0.999928 5.00096
0.999916 -0.000681765 -0.0130303 0.0327351 0.000685569 1 0.000283284 -0.0994111 0.0130302 -0.000292295 0.999917 6.32322
0.999899 -0.00279288 -0.0141712 0.0714705 0.0028153 0.999996 0.00156145 -0.122846 0.0141673 -0.00160145 0.999901 7.67205
0.999882 -0.00260018 -0.0153075 0.0695514 0.00263014 0.999997 0.00193599 -0.137915 0.0153025 -0.00197609 0.999884 9.04718
0.999871 -0.00207619 -0.0161725 0.0664689 0.0020682 0.999999 -0.00051142 -0.156545 0.0161741 0.000477634 0.999872 10.4222
0.99986 9.95478e-05 -0.016893 0.0527949 -0.000144513 0.999999 -0.00266219 -0.180318 0.0168927 0.00266415 0.999857 11.8203
0.999871 0.00367762 -0.0158875 -0.00561533 -0.00373786 0.999988 -0.00376786 -0.20265 0.015874 0.00382649 0.99987 13.1592
0.999866 0.00600089 -0.0154756 -0.0451979 -0.00605564 0.999978 -0.00350039 -0.233203 0.0154542 0.0035936 0.999878 14.5527
0.999883 0.00651735 -0.0142069 -0.0963575 -0.00655032 0.999978 -0.00228024 -0.260721 0.0141922 0.00237274 0.9999 15.9253
0.999913 0.00429893 -0.0127792 -0.14434 -0.00429211 0.999993 0.000554121 -0.286717 0.0127815 -0.000499255 0.999922 17.3016
0.999943 0.000157459 -0.0111447 -0.192149 -0.000133077 0.999999 0.00218743 -0.303537 0.0111456 -0.00218616 0.99994 18.6663
0.999946 -0.00261123 -0.0104442 -0.219707 0.00261707 1 0.000529549 -0.334187 0.0104428 -0.000556937 0.99995 20.0459
0.999951 -0.00383404 -0.00984809 -0.255529 0.00382577 0.999994 -0.000857271 -0.362484 0.00985208 0.000819056 0.999958 21.3827
0.999904 -0.00387415 -0.0137 -0.173081 0.00392149 0.999991 0.00341678 -0.523455 0.0136866 -0.00347029 0.999907 22.6908
0.999931 -0.00106312 -0.0124647 -0.211158 0.00114181 0.999983 0.00630383 -0.553186 0.0124585 -0.006318 0.999911 24.0815
0.999941 -0.000411074 -0.0114258 -0.244722 0.000535936 0.999945 0.0109129 -0.585921 0.0114207 -0.0109184 0.999882 25.5233
0.99995 -0.00312105 -0.0104083 -0.27547 0.00325204 0.999918 0.0126037 -0.593263 0.0103689 -0.0126372 0.999875 26.8959
0.999919 -0.00781316 -0.0106479 -0.291911 0.00793419 0.999908 0.0113703 -0.610793 0.0105581 -0.0114539 0.999886 28.3065
0.99992 -0.0084966 -0.0102907 -0.326798 0.00859651 0.999919 0.00971997 -0.630243 0.0102082 -0.00980799 0.999908 29.6959
0.999923 -0.00976169 -0.00855277 -0.371994 0.0098265 0.999928 0.00757293 -0.643802 0.00847822 -0.00765637 0.999942 31.0701
0.999967 -0.00644725 -0.00661595 -0.407075 0.0064907 0.999961 0.00663993 -0.658035 0.00657387 -0.00668302 0.999965 32.462
0.999981 -0.00502606 -0.00545094 -0.447821 0.0050528 0.999982 0.00488265 -0.672786 0.00542629 -0.00491017 0.999982 33.8533
0.999992 -0.00385897 -0.00444291 -0.479086 0.00388064 0.999985 0.00497522 -0.683116 0.00442469 -0.00499282 0.999987 35.2637
0.999996 -0.0033792 -0.00376484 -0.508211 0.00340099 0.999984 0.00576027 -0.688476 0.00374532 -0.00577313 0.999985 36.6828
0.999999 -0.00210138 -0.00398442 -0.520064 0.00212864 0.999978 0.00694835 -0.698708 0.00397078 -0.00695719 0.999977 38.1133
1 0.000469723 -0.00393644 -0.533637 -0.000440017 0.999978 0.00751262 -0.713446 0.00393988 -0.00751094 0.999973 39.5697
0.999999 0.00322568 -0.00321182 -0.556058 -0.00320309 0.999975 0.00713189 -0.725269 0.00323581 -0.00712196 0.999979 41.0199
0.999985 0.005966 -0.00337575 -0.565757 -0.00593988 0.99996 0.00768197 -0.740647 0.00342139 -0.00766192 0.999974 42.5074
0.999981 0.00689405 -0.00306835 -0.584879 -0.00687084 0.999953 0.00765208 -0.751402 0.00312214 -0.00763121 0.999976 43.9603
0.999978 0.00702901 -0.00326545 -0.589379 -0.00700429 0.999954 0.00750996 -0.760848 0.00331804 -0.00748703 0.999976 45.4171
0.999977 0.00732495 -0.0034177 -0.600407 -0.00730116 0.999954 0.00705805 -0.772115 0.00347044 -0.00703328 0.999979 46.8641
0.999977 0.00711141 -0.00369677 -0.628723 -0.00708527 0.999957 0.00705553 -0.779739 0.00374673 -0.00702924 0.999978 48.2775
0.999973 0.00703835 -0.00492071 -0.635491 -0.00699808 0.999948 0.00823958 -0.790445 0.00497964 -0.00820535 0.999965 49.7535
0.999963 0.00734599 -0.0061461 -0.637832 -0.0072975 0.999949 0.00788522 -0.801014 0.00620364 -0.00784015 0.99996 51.2268
0.999948 0.00797316 -0.00778171 -0.648066 -0.00791159 0.999943 0.00796718 -0.807412 0.00784597 -0.0079056 0.999949 52.6987
0.999938 0.00806512 -0.00871769 -0.670172 -0.00798921 0.999937 0.00871876 -0.820507 0.00878734 -0.0086487 0.999934 54.1341
0.999942 0.00717145 -0.00915529 -0.689088 -0.00708332 0.999935 0.00966187 -0.833996 0.00922517 -0.00959687 0.999922 55.6057
0.99995 0.00581631 -0.0091878 -0.706447 -0.00572567 0.999942 0.00987449 -0.846704 0.00924459 -0.00982148 0.999919 57.0731
0.999961 0.00378111 -0.00906406 -0.737496 -0.00369858 0.999958 0.00913992 -0.853524 0.00909942 -0.0091065 0.999928 58.5279
0.999976 0.00320459 -0.00745752 -0.776612 -0.00313777 0.999962 0.00896045 -0.86066 0.00748587 -0.00893697 0.999942 59.9704
0.999986 0.00251478 -0.0063158 -0.807229 -0.0024509 0.999952 0.010154 -0.87219 0.00634222 -0.0101388 0.99994 61.4124
0.999993 0.000823646 -0.00556606 -0.831412 -0.000762567 0.999946 0.0109814 -0.881896 0.00557471 -0.0109772 0.999934 62.8578
0.999994 -0.0012337 -0.00542478 -0.820363 0.00129073 0.999951 0.0105756 -0.898958 0.00541247 -0.0105829 0.99994 64.2906
0.999992 -0.00310259 -0.00493461 -0.833587 0.00315004 0.999956 0.00964584 -0.906837 0.00490424 -0.0096614 0.999951 65.7444
0.999999 -0.00261559 -0.00392673 -0.849994 0.00265214 0.99996 0.0094098 -0.921036 0.00390289 -0.00942061 0.999959 67.184
1 -0.00189413 -0.00332185 -0.857743 0.00192505 0.999962 0.00934341 -0.930962 0.00330375 -0.00934991 0.999961 68.6432
1.00001 0.00181503 -0.00157773 -0.886358 -0.00179769 0.999947 0.0110905 -0.956044 0.00159838 -0.0110882 0.999951 70.0252
0.999996 0.00534549 -0.000869634 -0.8935 -0.00533466 0.999923 0.0120208 -0.959911 0.000933026 -0.0120163 0.999939 71.5299
0.999957 0.0104783 0.000244677 -0.901471 -0.0104807 0.999888 0.0115976 -0.960714 -0.000122681 -0.0116001 0.999947 72.9788
0.999902 0.0145264 0.00200669 -0.965313 -0.0145466 0.99985 0.0105554 -0.943479 -0.00185394 -0.0105838 0.999955 74.441
0.999851 0.0176646 0.00303235 -0.987248 -0.0176936 0.999805 0.00978317 -0.946271 -0.00285872 -0.00983575 0.999962 75.8649
0.999806 0.0199557 0.00340839 -0.971089 -0.0199882 0.999762 0.00984776 -0.972598 -0.00321205 -0.00991422 0.999958 77.2907
0.999789 0.0206369 0.00437121 -0.991263 -0.020676 0.999755 0.00914388 -0.969096 -0.00418155 -0.00923264 0.999964 78.7632
0.999813 0.0196207 0.0037398 -0.959757 -0.0196524 0.99978 0.00879159 -0.99285 -0.00356803 -0.0088636 0.999968 80.1556
0.999837 0.0183615 0.00343655 -0.955562 -0.0183857 0.999813 0.00724903 -0.993939 -0.00330306 -0.00731135 0.999984 81.5381
0.999837 0.0182897 0.00406064 -0.989106 -0.0183144 0.999824 0.00631575 -0.989356 -0.0039462 -0.00638922 0.999987 82.9582
0.999896 0.015102 0.00256603 -0.937886 -0.0151219 0.999866 0.00815637 -1.03706 -0.00244353 -0.00819452 0.999983 84.2368
0.999887 0.0157538 0.00188859 -0.946613 -0.0157649 0.99987 0.00662767 -1.03479 -0.00178707 -0.00665687 0.999994 85.6764
0.999896 0.0152839 0.00137741 -0.969737 -0.0152919 0.999876 0.00653284 -1.03982 -0.00127844 -0.00655344 0.999997 87.1108
0.999891 0.0154414 0.00236292 -1.04222 -0.0154539 0.999879 0.00587161 -1.01798 -0.00227542 -0.00590763 0.999998 88.5776
0.999925 0.0134464 0.000565344 -1.00363 -0.013449 0.9999 0.00724225 -1.05663 -0.000469742 -0.00724957 0.999996 89.9602
0.999952 0.0111054 -0.000130018 -1.0487 -0.0111028 0.999935 0.00640718 -1.03697 0.000197132 -0.00640554 0.999999 91.4214
0.999971 0.00951102 1.4766e-05 -1.05674 -0.00950961 0.999952 0.00646967 -1.05869 4.46757e-05 -0.00646988 1 92.7733
0.99998 0.00824147 0.00147518 -1.11293 -0.00824723 0.999971 0.00507022 -1.05569 -0.00143747 -0.00508244 1.00001 94.1391
0.999997 0.00649426 -0.000738981 -1.04978 -0.00648839 0.999986 0.00515045 -1.09357 0.000769876 -0.00514579 1.00001 95.5492
0.999992 0.00691143 -0.000369478 -1.08137 -0.00690799 0.999986 0.00417868 -1.09715 0.000393837 -0.00417627 1.00001 97.0017
0.999988 0.00734227 0.00295567 -1.16568 -0.00734655 0.999991 0.00213238 -1.08639 -0.00294258 -0.00215433 1.00002 98.4106
0.99998 0.00805297 0.00254879 -1.14276 -0.0080566 0.999985 0.00247767 -1.13711 -0.00253347 -0.00249834 1.00002 99.7585
0.999956 0.0105676 0.00459222 -1.19645 -0.0105739 0.999965 0.00182755 -1.13499 -0.00457551 -0.00187621 1.00002 101.126
0.999966 0.00954618 0.00349827 -1.16033 -0.00955724 0.999967 0.00402372 -1.16988 -0.00346479 -0.00405706 1.00001 102.494
0.999962 0.0106874 -0.0036631 -1.05393 -0.0106546 0.999932 0.0081824 -1.23785 0.00374714 -0.00814304 0.999992 103.791
0.999958 0.0102317 -0.00401565 -1.07577 -0.0102024 0.99995 0.00640819 -1.24226 0.0040758 -0.00636689 1 105.17
0.999977 0.00913855 -0.00399451 -1.06826 -0.0091179 0.999972 0.00446952 -1.27095 0.00403204 -0.00443303 1.00001 106.501
0.999966 0.00996908 -0.00262794 -1.12479 -0.00995908 0.999971 0.0024158 -1.26487 0.0026468 -0.00238957 1.00002 107.836
1 0.00690865 -0.00251784 -1.13783 -0.00689556 0.999994 0.00404237 -1.29302 0.00254244 -0.00402502 1.00002 109.169
1 0.00643058 -0.000106073 -1.18192 -0.00642606 0.999992 0.00492977 -1.29323 0.000132456 -0.00492907 1.00002 110.567
1.00001 0.00569449 0.00161421 -1.20547 -0.00569955 0.999998 0.00494505 -1.2989 -0.00158937 -0.00495425 1.00002 111.939
1.00001 0.00490495 0.00246313 -1.19157 -0.00490869 1.00001 0.00318818 -1.31864 -0.00245294 -0.00320032 1.00002 113.272
1 0.0057488 0.00345392 -1.19323 -0.0057534 1.00001 0.0021706 -1.36816 -0.00344471 -0.00219052 1.00002 114.628
0.99996 0.00964182 0.00542495 -1.22231 -0.00963298 0.99998 -0.000847346 -1.3692 -0.00543842 0.00079498 1.00002 116.014
0.999918 0.0123579 0.0079463 -1.23591 -0.0123508 0.999949 -0.000579046 -1.39661 -0.00795648 0.000480725 1 117.332
0.999876 0.0141265 0.00949143 -1.22401 -0.0141394 0.999925 0.00175728 -1.43156 -0.00947129 -0.00189134 0.999986 118.672
0.999873 0.0141536 0.0103285 -1.20324 -0.0141916 0.999917 0.00390909 -1.456 -0.0102758 -0.0040552 0.999973 120.043
0.999855 0.0138756 0.0118562 -1.22123 -0.0139174 0.999922 0.00382551 -1.46433 -0.0118077 -0.00399 0.999957 121.384
0.999812 0.0150726 0.0142928 -1.2319 -0.015098 0.99991 0.00187937 -1.4583 -0.0142666 -0.00209485 0.99993 122.738
0.999726 0.0180215 0.0163499 -1.23653 -0.018026 0.999864 0.000403975 -1.46443 -0.0163459 -0.000698669 0.999901 124.104
0.99964 0.0203033 0.019135 -1.26343 -0.0202828 0.99982 -0.00111433 -1.46386 -0.0191577 0.000725677 0.999851 125.483
0.999582 0.0217376 0.0202867 -1.20002 -0.0217029 0.999791 -0.00171744 -1.51265 -0.0203263 0.00127622 0.999831 126.764
0.999551 0.022374 0.021379 -1.17034 -0.0223207 0.999775 -0.00258475 -1.53783 -0.0214361 0.00210622 0.999804 128.119
0.999553 0.0213959 0.021978 -1.11374 -0.0213494 0.999798 -0.00215577 -1.58547 -0.0220263 0.0016854 0.999794 129.448
0.999548 0.0211277 0.022722 -1.09092 -0.0210979 0.999803 -0.00141265 -1.6038 -0.0227515 0.000932508 0.999777 130.8
0.999533 0.0197866 0.0242981 -1.07273 -0.0197609 0.999832 -0.00112051 -1.6205 -0.0243228 0.000639669 0.999742 132.162
0.999553 0.0186401 0.0245708 -1.04045 -0.0186198 0.999853 -0.000925515 -1.64408 -0.0245886 0.000467488 0.999734 133.515
0.999587 0.0161769 0.0247446 -1.00923 -0.0161562 0.999898 -0.000865929 -1.66786 -0.0247626 0.000465695 0.999732 134.868
0.999629 0.0140704 0.024535 -0.971773 -0.0140731 0.999928 6.23982e-05 -1.69557 -0.0245366 -0.000407754 0.999735 136.247
0.999648 0.0124609 0.0244425 -0.960046 -0.0124506 0.999951 -0.000394273 -1.71313 -0.0244528 8.97041e-05 0.99974 137.666
0.999676 0.0110989 0.0241159 -0.944296 -0.0110854 0.999967 -0.000553648 -1.73807 -0.0241255 0.000286042 0.999746 139.03
0.999688 0.010082 0.0238888 -0.935405 -0.0100867 0.999977 0.000257895 -1.76058 -0.0238923 -0.000498853 0.999753 140.411
0.999712 0.00820717 0.0237982 -0.926224 -0.00820955 0.999995 0.000146301 -1.78083 -0.0238011 -0.000341692 0.999753 141.791
0.999718 0.00793661 0.0234084 -0.920835 -0.00793181 0.999997 -0.000112074 -1.80285 -0.0234158 -7.37022e-05 0.999764 143.162
0.999723 0.0080015 0.0234188 -0.916866 -0.00798125 0.999996 -0.000813052 -1.82525 -0.0234295 0.00062584 0.999762 144.546
0.999702 0.00787271 0.024142 -0.924082 -0.00783763 0.999997 -0.00136838 -1.84493 -0.0241593 0.00117866 0.999747 145.926
0.999702 0.00590523 0.0248566 -0.927451 -0.00580278 1 -0.00405499 -1.8672 -0.0248849 0.00390944 0.999719 147.31
0.999713 0.000990963 0.0249282 -0.921246 -0.000872525 1.00002 -0.00458991 -1.88678 -0.0249398 0.00456674 0.999718 148.697
0.999727 -0.00722354 0.02348 -0.87631 0.00729154 0.999999 -0.00266455 -1.91503 -0.0234651 0.00283503 0.999758 150.015
0.999655 -0.0130519 0.0238115 -0.879184 0.0131153 0.99994 -0.00232218 -1.92504 -0.0237863 0.00263371 0.999753 151.391
0.999599 -0.0162471 0.0244529 -0.871957 0.0164059 0.999876 -0.00616537 -1.94239 -0.024354 0.00656404 0.99972 152.774
0.999587 -0.0148751 0.0255314 -0.856216 0.0151336 0.999866 -0.00978651 -1.97331 -0.0253889 0.0101687 0.999665 154.121
0.999619 -0.0112257 0.0263587 -0.8177 0.0115316 0.999899 -0.0113501 -2.02224 -0.0262329 0.0116496 0.999627 155.505
0.999588 -0.0111319 0.0273367 -0.78779 0.0114466 0.9999 -0.0112195 -2.06086 -0.0272155 0.0115276 0.999603 156.89
0.999495 -0.0144033 0.0293547 -0.78758 0.0146412 0.999892 -0.00778335 -2.09767 -0.0292437 0.00820904 0.999578 158.201
0.999351 -0.0202847 0.0305864 -0.752896 0.0204339 0.999811 -0.00443268 -2.13583 -0.0304972 0.00505461 0.999563 159.6
0.999246 -0.0236084 0.031791 -0.723406 0.0237268 0.999744 -0.00324026 -2.16728 -0.0317107 0.00399218 0.999529 160.965
0.999153 -0.0253288 0.0332101 -0.720327 0.0254722 0.999697 -0.00376894 -2.18518 -0.033111 0.00461151 0.999482 162.321
0.999138 -0.0229461 0.035469 -0.704256 0.0231024 0.999756 -0.00390362 -2.20434 -0.0353751 0.00471967 0.999403 163.704
0.999163 -0.018401 0.037233 -0.673628 0.0185888 0.999844 -0.00458466 -2.2406 -0.0371492 0.00527271 0.999338 165.092
0.999144 -0.0146814 0.0394591 -0.641295 0.0149718 0.999895 -0.00698509 -2.27305 -0.0393567 0.00756979 0.999237 166.467
0.999143 -0.0123426 0.0401604 -0.615699 0.0126501 0.999921 -0.00730162 -2.29929 -0.0400735 0.0078031 0.999208 167.829
0.999048 -0.0101611 0.0431553 -0.611649 0.0104716 0.999952 -0.00689445 -2.31887 -0.0430876 0.00733968 0.999084 169.2
0.999029 -0.00857625 0.043808 -0.583356 0.00891883 0.99996 -0.00752932 -2.33735 -0.0437481 0.00791236 0.999053 170.578
0.999031 -0.00575245 0.0443528 -0.546574 0.0062275 0.999956 -0.0105016 -2.36733 -0.0442949 0.0107674 0.999 171.97
0.999046 -0.00281754 0.0441786 -0.504537 0.00339729 0.999938 -0.0129521 -2.40766 -0.0441458 0.0130894 0.998981 173.343
0.999045 0.00187536 0.0443885 -0.460852 -0.00126014 0.999934 -0.0138053 -2.45076 -0.0444161 0.0137359 0.998958 174.755
0.998963 0.00631085 0.0456651 -0.437625 -0.0057327 0.999931 -0.012683 -2.48307 -0.0457486 0.0124076 0.998917 176.126
0.998904 0.00911104 0.0465923 -0.377155 -0.00863657 0.999939 -0.0103005 -2.53059 -0.0466884 0.00988656 0.998899 177.56
0.998822 0.0101991 0.0479827 -0.345721 -0.00979973 0.999945 -0.00845974 -2.56195 -0.048073 0.00797912 0.998854 178.941
0.998863 0.00708541 0.047806 -0.290681 -0.00673036 0.999979 -0.00751169 -2.5955 -0.0478633 0.00718119 0.998867 180.339
0.998944 0.00469567 0.0462681 -0.229322 -0.00437272 0.999995 -0.00698303 -2.63344 -0.0463075 0.00677293 0.998946 181.758
0.998995 0.00501592 0.0452446 -0.175622 -0.00451752 0.999958 -0.0110349 -2.67347 -0.0453032 0.0108192 0.998953 183.182
0.998996 0.00760173 0.0447713 -0.140022 -0.00690906 0.999885 -0.0155105 -2.70898 -0.0448911 0.015185 0.998918 184.573
0.998952 0.0121073 0.0448528 -0.0936089 -0.0113971 0.999837 -0.0159807 -2.74899 -0.0450443 0.0154524 0.998904 185.986
0.998907 0.0146978 0.0449617 -0.0403718 -0.0140521 0.999824 -0.0145484 -2.79712 -0.0451747 0.0139 0.998925 187.388
0.99885 0.0160485 0.0458717 0.00814438 -0.0155733 0.999848 -0.0106249 -2.84377 -0.0460409 0.009898 0.998925 188.786
0.998798 0.016438 0.046741 0.0564242 -0.0160579 0.999864 -0.00840499 -2.88661 -0.0468799 0.00764373 0.998913 190.184
0.998784 0.0156484 0.047438 0.106523 -0.0153324 0.999885 -0.00694528 -2.93061 -0.0475468 0.00620924 0.998885 191.574
0.998805 0.0135921 0.0475209 0.165637 -0.0133052 0.999921 -0.0062632 -2.96114 -0.0476096 0.00562284 0.998892 193.043
0.998833 0.0111234 0.0476688 0.234063 -0.0108574 0.999951 -0.00576321 -2.99535 -0.0477361 0.00523873 0.998881 194.515
0.99883 0.00794032 0.0482645 0.295377 -0.00768914 0.999985 -0.00530565 -3.02999 -0.0483133 0.00492774 0.998862 195.975
0.998814 0.00530037 0.0490508 0.364139 -0.00508334 1 -0.00447857 -3.05716 -0.0490803 0.00422378 0.998821 197.472
0.998763 0.0013075 0.0502664 0.412385 -0.00114867 1.00002 -0.00311526 -3.08513 -0.050279 0.00305303 0.998772 198.878
0.998731 -0.00101278 0.0510023 0.47629 0.00118518 1.00002 -0.00328491 -3.11176 -0.0510055 0.00334114 0.998728 200.327
0.998685 0.000903867 0.0518142 0.53278 -0.000511487 1 -0.0075143 -3.14295 -0.0518283 0.00747717 0.99867 201.775
0.998605 0.00870987 0.0527203 0.575393 -0.00805829 0.999916 -0.0124981 -3.1791 -0.0528302 0.0120555 0.998566 203.216
0.998365 0.0170774 0.055057 0.620397 -0.016406 0.999815 -0.012555 -3.2152 -0.0552685 0.0116303 0.998446 204.667
0.998115 0.0244328 0.0568879 0.666176 -0.0239527 0.999699 -0.00904958 -3.24498 -0.0570973 0.00766961 0.998374 206.115
0.99795 0.0260265 0.0589374 0.718198 -0.025649 0.999675 -0.00708857 -3.27474 -0.0591098 0.00556149 0.998278 207.573
0.998004 0.024463 0.058776 0.792977 -0.0241067 0.999714 -0.00670946 -3.30512 -0.0589287 0.00527887 0.998284 209.064
0.998034 0.0213537 0.0594031 0.83559 -0.0209815 0.999786 -0.00681645 -3.33682 -0.0595429 0.00555575 0.998254 210.494
0.998101 0.0192284 0.0590705 0.9059 -0.0188242 0.999823 -0.00733688 -3.36829 -0.0592064 0.0062107 0.998263 211.966
0.998052 0.0196894 0.0596874 0.960125 -0.0192674 0.999814 -0.00757232 -3.40682 -0.0598325 0.00640656 0.998231 213.419
0.997931 0.0210009 0.0613072 0.998863 -0.0205821 0.999788 -0.00740233 -3.43775 -0.0614549 0.00612489 0.998128 214.875
0.99786 0.0215217 0.0622147 1.06424 -0.0211831 0.999786 -0.00603518 -3.48086 -0.0623383 0.00470339 0.998088 216.364
0.997842 0.0220245 0.0623815 1.14718 -0.0216465 0.999771 -0.00667911 -3.51979 -0.0625195 0.00531408 0.998066 217.863
0.997867 0.0217312 0.062029 1.24426 -0.0212889 0.999773 -0.00772362 -3.5498 -0.0621898 0.00638552 0.998089 219.399
0.997897 0.0211804 0.061795 1.33184 -0.0207349 0.999783 -0.00778845 -3.58997 -0.0619517 0.00649042 0.998095 220.894
0.997895 0.0218304 0.0615341 1.41388 -0.0213848 0.99977 -0.00783256 -3.62768 -0.061698 0.00649909 0.998119 222.395
0.997923 0.0217375 0.061184 1.50463 -0.0213069 0.999772 -0.00762938 -3.67294 -0.061341 0.00630957 0.998134 223.902
0.997888 0.0214489 0.0617932 1.56063 -0.0210243 0.99978 -0.00745899 -3.71103 -0.0619467 0.00614299 0.998106 225.348
0.997927 0.0216103 0.0611642 1.65515 -0.0212049 0.999778 -0.00721856 -3.75734 -0.0613118 0.00590621 0.998139 226.875
0.997974 0.0219242 0.0602157 1.75868 -0.0215184 0.99977 -0.00732432 -3.79824 -0.0603696 0.00601267 0.998204 228.466
0.997955 0.0224404 0.060402 1.83714 -0.0220236 0.999758 -0.00750923 -3.83112 -0.0605609 0.00616312 0.998186 229.971
0.997986 0.0215228 0.0601603 1.91971 -0.021094 0.999777 -0.00769919 -3.86607 -0.0603197 0.00641357 0.998204 231.494
0.997985 0.0202072 0.0606963 1.99162 -0.0197601 0.999803 -0.00790865 -3.89684 -0.0608491 0.00669285 0.998165 233.009
0.99795 0.0195771 0.0614129 2.06066 -0.0191218 0.999814 -0.00794113 -3.93014 -0.0615641 0.00674944 0.998126 234.543
0.997914 0.0181199 0.0624908 2.12149 -0.017685 0.999845 -0.00746042 -3.95959 -0.0626213 0.00633922 0.998058 236.059
0.997875 0.0182598 0.0630279 2.20058 -0.0178187 0.999842 -0.0075048 -3.99192 -0.0631621 0.00636467 0.998029 237.598
0.997821 0.0199857 0.0633991 2.29756 -0.0194901 0.999803 -0.00838184 -4.03019 -0.063559 0.00712748 0.997994 239.126
0.997677 0.0208928 0.0653197 2.35278 -0.0203337 0.99978 -0.00916524 -4.06788 -0.065504 0.00781455 0.997869 240.611
0.997606 0.0211194 0.0663167 2.4539 -0.0206133 0.999782 -0.00826503 -4.10806 -0.0664817 0.00687779 0.997804 242.107
0.997537 0.0212885 0.0672833 2.57458 -0.0209062 0.99979 -0.00633476 -4.1454 -0.0674112 0.00491139 0.99776 243.582
0.99749 0.0202033 0.0683245 2.6969 -0.0198712 0.999816 -0.00549576 -4.18153 -0.0684279 0.00412387 0.997687 245.057
0.997387 0.0211589 0.0695225 2.76646 -0.0206744 0.999786 -0.00763788 -4.2062 -0.0696765 0.0061793 0.9976 246.643
0.997313 0.0212634 0.0705539 2.85301 -0.0207026 0.999776 -0.00863008 -4.25187 -0.0707266 0.00714576 0.997509 248.186
0.99739 0.0219395 0.0692509 3.00092 -0.0214367 0.999768 -0.00795372 -4.30435 -0.0694168 0.00644709 0.997616 249.781
0.997503 0.0212832 0.0677965 3.14261 -0.0209051 0.999791 -0.00623976 -4.35638 -0.0679201 0.0048064 0.997719 251.343
0.99756 0.0212734 0.0669739 3.25566 -0.0209552 0.999795 -0.00540722 -4.40125 -0.0670827 0.00398924 0.997788 252.897
0.997588 0.0214274 0.066489 3.36168 -0.021145 0.999793 -0.00490425 -4.44681 -0.0665852 0.00348603 0.997814 254.452
0.997563 0.0228117 0.0664102 3.46055 -0.0225639 0.999765 -0.00443613 -4.4849 -0.0665034 0.00292551 0.99783 256.023
0.997494 0.0237838 0.0670929 3.54372 -0.0235437 0.999742 -0.00432399 -4.52038 -0.0671834 0.00273303 0.997777 257.554
0.997491 0.0236365 0.0672079 3.63589 -0.0234483 0.999748 -0.00354464 -4.56319 -0.0672823 0.00195851 0.99778 259.102
0.997492 0.0219914 0.067743 3.7237 -0.0218417 0.999786 -0.00290588 -4.60378 -0.0677973 0.0014185 0.997738 260.638
0.997547 0.0197411 0.0676357 3.8256 -0.0197003 0.999834 -0.00122639 -4.65239 -0.0676564 -0.000110351 0.997757 262.232
0.99753 0.0169713 0.0686095 3.91326 -0.0169601 0.999885 -0.000705961 -4.67673 -0.0686186 -0.000459888 0.997684 263.772
0.997564 0.0155641 0.0684697 4.01408 -0.0154804 0.999909 -0.00171106 -4.69979 -0.0684978 0.000645631 0.997699 265.341
0.997549 0.0142215 0.0689617 4.09899 -0.0140523 0.999926 -0.00290044 -4.728 -0.0690028 0.00192376 0.997656 266.907
0.997377 0.010994 0.071983 4.14906 -0.0109695 0.999971 -0.00069619 -4.75845 -0.0719959 -9.65989e-05 0.997455 268.439
0.997326 0.00842448 0.073054 4.24114 -0.00850061 0.999992 0.000765142 -4.78152 -0.0730522 -0.00138463 0.997369 270.001
0.997378 0.00813579 0.0723452 4.36119 -0.00814636 0.999998 -0.000110261 -4.81273 -0.0723535 -0.00048078 0.99743 271.613
0.99744 0.00871922 0.0714585 4.4994 -0.00865102 0.99999 -0.00123004 -4.84927 -0.0714737 0.000608102 0.997484 273.212
0.997337 0.00782171 0.072959 4.58625 -0.00778249 1 -0.000785028 -4.88481 -0.0729728 0.000213552 0.997388 274.743
0.997285 0.0101616 0.0734218 4.70898 -0.0101108 0.999978 -0.00103137 -4.913 -0.0734359 0.000285582 0.997343 276.337
0.997191 0.0122311 0.0743456 4.81502 -0.012143 0.999957 -0.00160387 -4.94223 -0.0743696 0.00069488 0.997285 277.895
0.997054 0.0131419 0.0760372 4.91896 -0.0130601 0.999943 -0.00154114 -4.9728 -0.0760584 0.000542864 0.997146 279.451
0.996959 0.0145399 0.0769861 5.02912 -0.014427 0.999926 -0.00199045 -5.0018 -0.0770169 0.000871935 0.997084 281.002
0.996924 0.0138103 0.0776109 5.14992 -0.0136386 0.999933 -0.0027115 -5.02702 -0.0776484 0.00164399 0.997023 282.527
0.996902 0.011961 0.0781634 5.26649 -0.0117285 0.999958 -0.00340346 -5.05218 -0.0782085 0.00247437 0.996989 284.12
0.996813 0.0105285 0.0795301 5.40048 -0.0103644 0.999973 -0.00244951 -5.09137 -0.0795595 0.00161665 0.996873 285.642
0.996865 0.00897919 0.0790461 5.54391 -0.00887429 0.999994 -0.00164643 -5.11694 -0.0790686 0.000938026 0.996925 287.262
0.996862 0.00830401 0.0791797 5.6679 -0.00820275 0.999995 -0.00157761 -5.14361 -0.0791982 0.000922425 0.996903 288.866
0.996884 0.00651817 0.079057 5.78681 -0.00624335 1.00001 -0.00369183 -5.17178 -0.0790899 0.00318494 0.99692 290.443
0.9969 0.00629846 0.0788858 5.90966 -0.00580712 0.999993 -0.00643032 -5.20176 -0.0789315 0.00595144 0.996907 292.03
0.996968 0.00588511 0.0780438 6.031 -0.00538529 1 -0.0065823 -5.23185 -0.0780906 0.0061402 0.996985 293.618
0.997012 0.00402806 0.0776008 6.14426 -0.00349527 1 -0.00697394 -5.25364 -0.0776346 0.00668109 0.997004 295.193
0.996962 0.00440032 0.0782093 6.24142 -0.00376464 0.999995 -0.00824308 -5.27987 -0.0782533 0.00792177 0.99696 296.753
0.996991 0.00506539 0.0778132 6.36964 -0.00436737 0.99998 -0.00911336 -5.30618 -0.0778636 0.00874524 0.996971 298.339
0.997038 0.00530255 0.0771943 6.48694 -0.00462698 0.999985 -0.00889904 -5.35015 -0.0772488 0.00851359 0.997034 299.986
0.997101 0.00436003 0.0764284 6.60402 -0.00369695 0.999985 -0.00878938 -5.38967 -0.0764715 0.00848051 0.99708 301.599
0.997202 0.0030514 0.0751772 6.73531 -0.00248048 1 -0.00765796 -5.42159 -0.0752094 0.00744817 0.997198 303.191
0.99725 0.00455756 0.0744411 6.85444 -0.00409015 1 -0.00640414 -5.45583 -0.0744764 0.00608125 0.997249 304.793
0.997202 0.00415427 0.0751232 6.97461 -0.00368373 1.00001 -0.00637235 -5.49009 -0.0751588 0.00607595 0.997212 306.395
0.997157 0.00308662 0.0757612 7.08928 -0.00255699 1 -0.00706392 -5.51684 -0.0757892 0.00684924 0.997146 308.031
0.997136 0.0014714 0.0761009 7.20778 -0.000913688 1.00001 -0.00733415 -5.54695 -0.0761209 0.00724177 0.997131 309.646
0.99714 -8.3217e-05 0.0760388 7.32936 0.00071906 0.999997 -0.00831231 -5.57609 -0.0760438 0.00834235 0.997115 311.269
0.997133 -0.0022911 0.0761208 7.4459 0.00309138 0.999977 -0.0103692 -5.6133 -0.0761038 0.0105729 0.997103 312.881
0.997143 -0.00333653 0.0759354 7.56297 0.00420253 0.99996 -0.0112253 -5.65352 -0.0759008 0.0115115 0.997094 314.493
0.997325 -0.0031696 0.0735261 7.67634 0.00404855 0.999958 -0.0117798 -5.70555 -0.0734943 0.012044 0.997281 316.108
0.997516 -0.00221598 0.0709205 7.80506 0.00298249 0.999971 -0.0106763 -5.75393 -0.0709007 0.0108603 0.997471 317.794
0.997584 -0.00126524 0.0699907 7.93931 0.00176319 1.00001 -0.00702355 -5.80656 -0.0699912 0.00712815 0.997581 319.458
0.997551 -0.00308152 0.0703857 8.04953 0.00335384 1.00002 -0.00372289 -5.84871 -0.0703815 0.00394896 0.99756 321.126
0.997533 -0.00332382 0.0706492 8.13911 0.00353292 1.00003 -0.00280581 -5.8816 -0.0706503 0.00304674 0.997555 322.768
0.997482 -0.00414796 0.0712982 8.23567 0.00443682 1.00002 -0.00386623 -5.91517 -0.0712891 0.00417199 0.997494 324.407
0.997472 -0.00558619 0.0713491 8.35853 0.00587757 1.00001 -0.00384618 -5.9513 -0.0713371 0.00425408 0.997501 326.04
0.997457 -0.00539689 0.0715743 8.47168 0.00562432 1.00001 -0.00294968 -6.00074 -0.0715652 0.00334391 0.997478 327.69
0.997339 -0.00541337 0.0732104 8.56941 0.00566991 1.00002 -0.00327043 -6.02666 -0.0732023 0.00367505 0.99737 329.377
0.997266 -0.00280307 0.074332 8.65586 0.00315948 1.00002 -0.00465155 -6.0567 -0.074326 0.00487284 0.99727 331.059
0.997159 -0.00124627 0.0758043 8.7549 0.00167175 1.00002 -0.0055244 -6.08774 -0.0758074 0.00563359 0.997166 332.742
0.997063 -0.00294288 0.0770085 8.87273 0.00321447 1.00002 -0.00337804 -6.133 -0.0770061 0.0036149 0.997071 334.384
0.997014 -0.00361467 0.0776115 8.97462 0.00380531 1.00003 -0.00228507 -6.16789 -0.0776137 0.0025718 0.997039 336.004
0.996972 -0.00476058 0.0780852 9.09159 0.00503749 1.00002 -0.00332443 -6.20203 -0.0780763 0.003707 0.996989 337.66
0.996978 -0.0035316 0.0780807 9.21262 0.0038067 1.00002 -0.00335134 -6.2345 -0.0780791 0.00363663 0.997 339.301
0.997016 -0.00188187 0.0776551 9.33049 0.00231005 1.00002 -0.00539899 -6.26921 -0.077652 0.00556151 0.997013 340.937
0.997073 -0.00143462 0.0769279 9.44859 0.00208834 0.999999 -0.00839461 -6.29282 -0.0769243 0.00852875 0.99706 342.566
0.997147 0.000276224 0.0759751 9.55989 0.000333369 1 -0.00798442 -6.33104 -0.0759832 0.00798612 0.997125 344.208
0.997223 -0.000271413 0.0749729 9.68454 0.00059319 1.00003 -0.00424429 -6.3787 -0.0749823 0.00427515 0.997237 345.815
0.997322 0.000549364 0.0736376 9.78503 -0.000453988 1.00004 -0.00128378 -6.4109 -0.0736464 0.00124616 0.997332 347.421
0.997463 0.000576182 0.0717119 9.90009 -0.000381614 1.00003 -0.00269876 -6.43212 -0.0717245 0.00266264 0.997483 349.06
0.997571 -0.000502291 0.0701911 10.0055 0.000797574 1.00003 -0.00414753 -6.46185 -0.0701968 0.00419275 0.997573 350.673
0.997703 -0.00215339 0.0682776 10.124 0.00237089 1.00003 -0.00307539 -6.50043 -0.0682818 0.00322833 0.997723 352.279
0.997732 -0.00354179 0.0677661 10.2161 0.00373878 1.00003 -0.00274634 -6.53493 -0.0677641 0.00299283 0.997746 353.935
0.997747 -0.00380148 0.0675612 10.318 0.00405548 1.00002 -0.00359337 -6.56774 -0.0675578 0.00385741 0.997771 355.58
0.997761 -0.00419929 0.0672975 10.4219 0.00451656 1.00002 -0.00452873 -6.60016 -0.0672857 0.0048219 0.997771 357.215
0.997747 -0.00499981 0.0674815 10.5166 0.00530933 1.00001 -0.00437889 -6.63824 -0.0674694 0.00472545 0.997773 358.827
0.997738 -0.00621928 0.0674801 10.6257 0.0065334 1.00001 -0.00440084 -6.67414 -0.0674592 0.00483112 0.997759 360.444
0.997746 -0.00617039 0.0673907 10.7262 0.00656265 1 -0.00557216 -6.69938 -0.0673652 0.00599996 0.997774 362.051
0.997752 -0.00620233 0.0672765 10.8367 0.00664071 0.999995 -0.00625982 -6.74377 -0.0672435 0.00669183 0.997763 363.686
0.997733 -0.00759382 0.0674331 10.946 0.00801297 0.999989 -0.00591894 -6.78335 -0.0673962 0.00644398 0.997769 365.302
0.997744 -0.00736338 0.0672885 11.0573 0.00783373 0.999984 -0.00669252 -6.82426 -0.0672443 0.00720388 0.99776 366.943
0.997754 -0.00915671 0.0669422 11.1634 0.00971827 0.99996 -0.00803538 -6.86123 -0.0668749 0.00866595 0.997788 368.548
0.997724 -0.01129 0.0670226 11.2677 0.0117285 0.999949 -0.00611613 -6.90335 -0.0669563 0.00688761 0.997782 370.195
0.997658 -0.0126283 0.0678089 11.3465 0.0130431 0.999938 -0.00564573 -6.93475 -0.0677424 0.0065151 0.997746 371.811
0.997514 -0.0122676 0.0699162 11.4069 0.0127792 0.999932 -0.00683932 -6.96722 -0.0698338 0.00771513 0.997579 373.39
0.997569 -0.0116279 0.0692697 11.5448 0.0121043 0.999945 -0.00643111 -7.02132 -0.0692002 0.007252 0.99764 374.955
0.997554 -0.00997942 0.0697289 11.6461 0.0104111 0.999967 -0.00579331 -7.05728 -0.0696751 0.00650444 0.997599 376.595
0.997524 -0.0089866 0.0703085 11.7498 0.00939006 0.99998 -0.00537958 -7.09106 -0.0702678 0.00602454 0.997573 378.228
0.997487 -0.00793348 0.0709258 11.852 0.00836922 0.999986 -0.0058121 -7.12528 -0.070885 0.00639043 0.997515 379.85
0.997475 -0.00939125 0.0709455 11.96 0.00981862 0.999975 -0.00564816 -7.17714 -0.0708998 0.00632849 0.997527 381.455
0.997426 -0.0097887 0.0715495 12.0626 0.0101821 0.999973 -0.00509954 -7.22469 -0.0715039 0.00581429 0.997474 383.059
0.997327 -0.00946609 0.0729998 12.165 0.00989731 0.999975 -0.00551927 -7.2552 -0.0729547 0.00622498 0.99738 384.688
0.997308 -0.00773202 0.0734219 12.2758 0.00817942 0.999988 -0.00575842 -7.28913 -0.0733827 0.00634278 0.997335 386.331
0.997248 -0.00562238 0.0744617 12.3803 0.0060065 1.00001 -0.00490673 -7.33524 -0.0744439 0.00533842 0.997275 387.945
0.997221 -0.00595552 0.0747593 12.5041 0.00633295 1.00001 -0.0047771 -7.37445 -0.0747375 0.00523656 0.99724 389.556
0.997207 -0.0042663 0.0750955 12.6179 0.00470107 1.00001 -0.00558449 -7.40531 -0.0750818 0.00591987 0.997224 391.176
0.997227 -0.00370904 0.074817 12.7505 0.00417328 1.00001 -0.00601359 -7.43258 -0.0748018 0.00630842 0.997229 392.789
0.997252 -0.00420055 0.074507 12.8816 0.00453418 1.00002 -0.00428004 -7.47824 -0.0744996 0.00460404 0.997276 394.366
0.997193 -0.00271132 0.0753117 12.9748 0.0030573 1.00002 -0.00443461 -7.50015 -0.075308 0.00465179 0.997202 396.059
0.997151 -0.00158534 0.0759204 13.0875 0.00202299 1.00002 -0.00565976 -7.52522 -0.0759222 0.00579506 0.997164 397.707
0.997115 -0.000266483 0.076394 13.2025 0.000735276 1.00002 -0.00606348 -7.55587 -0.0764006 0.0061015 0.997111 399.318
