1.0 -3.3881317890172014e-21 8.973255284975244e-20 -8.673617379884035e-19 -3.3881317890172014e-21 1.0 -4.336808689942018e-19 0.0 -4.72604679898497e-19 4.336808689942018e-19 1.0 0.0
0.9999457827272976 -0.0022535261737901637 0.010166675032295843 0.021841413781914096 0.002242154265077136 0.9999968484116455 0.0011298287486374717 -0.006520934161890382 -0.010169189437133581 -0.0011069722045410821 0.9999476788610568 0.29158089288744893
0.9998468282849555 -0.003952650179284148 0.01705003819530768 0.03417634024694724 0.00392646578507873 0.9999910585090063 0.0015689654565886457 -0.012256824332132876 -0.01705608871183598 -0.0015017787600289795 0.9998534032060382 0.5848709780571305
0.9997936984115942 -0.006622295145818122 0.019201850069786478 0.04198446555729399 0.006626263523044127 0.9999780340686052 -0.00014301577507169847 -0.013304542007837122 -0.019200482836042896 0.000270222776332504 0.9998156175198004 0.8817916636697061
0.9998215281740004 -0.007791366010843389 0.01721055027880088 0.041141329620566165 0.007816665352867461 0.9999684684480353 -0.0014031674787116514 -0.015546627521552087 -0.01719907638699421 0.0015374461366814344 0.9998509033779641 1.1903701036938041
0.999882539024706 -0.010987354138985453 0.010685922780274458 0.04998801177613019 0.011022279413625652 0.9999340861324216 -0.0032148885208109473 -0.0174076744111782 -0.010649896300758575 0.0033322941266035818 0.9999377348428723 1.5031988227034156
0.9999288452503299 -0.011866843604364517 -0.0012207791116208963 0.03980794480393317 0.011861035752481488 0.999918792897171 -0.0046605241664354384 -0.025114345231830454 0.001275985663478712 0.004645712779107837 0.9999883918524989 1.8371999928002594
0.9997846596584299 -0.01149519992806231 -0.017277048809808147 0.023579100374923233 0.011409454029457044 0.9999221451775673 -0.005053463941688191 -0.0331674940533363 0.017333795334928244 0.0048552540370275146 0.9998379651640028 2.1539631730912703
0.9993327934728039 -0.0076544680299226895 -0.03571236137694669 -0.009136456553184687 0.007455332076080309 0.9999559269185054 -0.00570596768641419 -0.03419527077985961 0.03575446745450679 0.0054359130445280285 0.9993458196086906 2.5048014907313987
0.9983866722029705 -0.004145744102031088 -0.056629229653159294 -0.05032993597588998 0.003767358122682326 0.9999698740827961 -0.006786945096211569 -0.04141559902811566 0.056655665035636536 0.006562652808779747 0.998372213714233 2.8345160906125617
0.9971675144299448 -0.0034953336033506266 -0.0751314586083127 -0.09904357584145279 0.002961434882888365 0.9999695783130433 -0.00721642992300237 -0.044366102429933066 0.07515440318753122 0.006973492514180805 0.9971475272570121 3.2136126430176146
0.9953364822150915 -0.004533188591152943 -0.09635736661534824 -0.1446880118047926 0.0038983143624999345 0.9999694454578797 -0.006775983481690185 -0.048407884347504634 0.0963851474943376 0.006368752169298983 0.9953237423270288 3.5934048341092977
0.993262837401553 -0.0056681481659204575 -0.11574457955813953 -0.19956564203415914 0.004990752155677422 0.9999686824630175 -0.0061414754184925015 -0.05574943949286998 0.11577577260843991 0.00552244673929435 0.9932600201354295 3.97430444355688
0.9910694218735249 -0.005081905198475677 -0.13325004737474455 -0.26608996449963584 0.004352715083778471 0.9999739203531888 -0.0057630767013183825 -0.062338335884719015 0.13327587296534052 0.005131609500587518 0.9910656977732863 4.363915581250917
0.9888148363748872 -0.004319083732323795 -0.14908577897584877 -0.34210436028959235 0.0035428097659338208 0.999978755740699 -0.005472080248891241 -0.07036404829252504 0.1491062593103864 0.004882691524494583 0.9888091278844137 4.797270271539942
0.9866068811980901 -0.003554766439914504 -0.16307738298734928 -0.41454542576943837 0.0026999378650000836 0.999981433750669 -0.005463193653144734 -0.07424168623448922 0.16309379060638232 0.004949725601302072 0.986598155051241 5.19182298484249
0.9845423597863943 -0.004945002017607591 -0.17507682494105767 -0.5061036441464984 0.003897522742536116 0.9999723905923901 -0.00632630625644913 -0.08149552229749274 0.1751032874955334 0.00554615040279567 0.9845344496212157 5.637980334697893
0.9828045328032556 -0.007893732344398847 -0.18448018367606972 -0.5913128146082458 0.0064213678824552 0.9999425929072117 -0.008577237259250156 -0.09317898311598082 0.18453731505192106 0.007245132464575347 0.9827988042895327 6.083807643326986
0.9812528931718599 -0.007110432889576183 -0.19259334187459837 -0.6900699332534088 0.005229011493988377 0.9999335316665019 -0.010275423318327453 -0.10045085732202516 0.19265362113878579 0.009075715955379413 0.981224855161638 6.541724262677321
0.9796577025133181 -0.007412144361642236 -0.20053886370745316 -0.7948013359682657 0.00502263321764595 0.9999102323474293 -0.012421623504294186 -0.10216981815845674 0.20061294471587435 0.011161705439107755 0.9796069951392528 7.00988555127776
0.9781742350588513 -0.007575555717896356 -0.20764819960062397 -0.9005882197093266 0.004579922172565496 0.9998784510690949 -0.014903445569655374 -0.11234553415489049 0.2077358765646316 0.013627153290871876 0.978090033872054 7.500040870302363
0.976293250394202 -0.011805310556135616 -0.21612985416175445 -1.0121007828552082 0.008346609678577626 0.999822202122811 -0.016908694332756123 -0.12455196904740669 0.21629105778993724 0.014703892342546033 0.9762181974829868 8.000410047219544
0.9744799269492964 -0.01734355095220961 -0.22380365498034527 -1.129567720868954 0.013614651664175382 0.9997417799024162 -0.018193933245359784 -0.1392029571402815 0.2240614223705347 0.014682613801801388 0.9744644131482875 8.528203576980625
0.972608481767812 -0.018427114978898852 -0.23171790130090156 -1.2501399379001252 0.014021051754635 0.999688495373882 -0.020647445022062373 -0.1633125898579009 0.23202620673158628 0.016832951833137492 0.9725638728583058 9.037899653016256
0.9703811521975443 -0.014804001315398937 -0.2411249915234384 -1.401490604151706 0.009071652953191508 0.9996496245156244 -0.024866166197025256 -0.16468018377533683 0.2414086401383287 0.02194225606076927 0.9701754532868312 9.563900973127904
0.9684041462979401 -0.011651153473778817 -0.24911372179663693 -1.5453381740323815 0.004883259664377628 0.9996024462112928 -0.027768653677902384 -0.1795612004530806 0.24933824280841985 0.025674792075611033 0.9680760574907671 10.107320998433952
0.9659525757765692 -0.014153133209087409 -0.2583317844971207 -1.700418887516549 0.006636013961714285 0.9995294424012375 -0.029947530486432485 -0.20021015677440634 0.258634105291986 0.02721359980826131 0.9655919618221933 10.656523564137025
0.9637283283558691 -0.016211900951512113 -0.266392355733028 -1.8601673786126491 0.007977151423217425 0.9994571464023959 -0.031965237087899695 -0.23149053717161272 0.2667659816856582 0.028680751568803918 0.963334485241735 11.238678638822744
0.9615822437795423 -0.016023430502779944 -0.27404897703653275 -2.0254916181489584 0.006810417068734337 0.9993802261300432 -0.034536615082913946 -0.2534229927383903 0.27443254719666715 0.0313434073186091 0.9610954000904145 11.799768258979736
0.9590916008629065 -0.01571757082700096 -0.2826592657237648 -2.2364176328521874 0.00515371164685841 0.9992614806843725 -0.038077938523200225 -0.2654058401170183 0.2830490378178983 0.03506348612694036 0.9584642984527213 12.426003228043303
0.9570722366132627 -0.016464182650075727 -0.2893815255549774 -2.4271484461219615 0.004139449077791332 0.9990600058848674 -0.04315049176567437 -0.2918407144298628 0.2898199659265346 0.040100257210644044 0.9562407475018698 13.02892542040328
0.9550932707809398 -0.01737231322821119 -0.29579561081344413 -2.630110583673005 0.002559933660956783 0.9987263233141893 -0.050390240922569635 -0.328880183106381 0.2962942822282399 0.04737016150224332 0.9539212659048708 13.664331816077764
0.95388340126755 -0.017448407036799583 -0.2996698312531085 -2.83808233967023 -0.00011549007014250746 0.9982877926145652 -0.05849336297257892 -0.36026799806355514 0.3001773792472988 0.05583045532069815 0.9522481361178847 14.30885373860871
0.9528029382862333 -0.017416522390316845 -0.303089460257135 -3.0394840603858957 -0.0031321803983885197 0.9977359748997394 -0.06717964417767751 -0.4047529896755483 0.303573319711026 0.06495829140262353 0.9505912168140273 14.940801086976823
0.9512518359094241 -0.017249099484844252 -0.3079324791576837 -3.267856087368191 -0.006503035083893762 0.9970910428717168 -0.07594179999136795 -0.4465753920083189 0.3083466770511268 0.07424227042452833 0.9483725112188591 15.591304358971326
0.9499756599408401 -0.01589725515655621 -0.3119190776383146 -3.498534078683828 -0.010611322048270973 0.9964843461334549 -0.0831044480240913 -0.5007535032760699 0.3121436407954109 0.08225707490941966 0.9464671839257048 16.236821902779653
0.9482982846305057 -0.014784036827850906 -0.3170359543517253 -3.7324976785497497 -0.014338863288022493 0.9958988395501073 -0.08933032297707322 -0.5593563659160392 0.31705642946451945 0.0892577259039357 0.9441971658193868 16.918319441779627
0.9466521116571914 -0.0132785675549991 -0.3219836308223635 -3.989612179579346 -0.018443102593668326 0.9952806863331316 -0.09526913744477422 -0.6253606210923184 0.32172915422191756 0.09612510510534157 0.9419396620096769 17.5974238105752
0.9453931899996577 -0.010953025674682813 -0.32574796579239645 -4.230986865113864 -0.023146500554512055 0.9946555586223066 -0.10062082801451415 -0.6949954727055754 0.32510915745149466 0.10266616642282757 0.9400870713780355 18.29300106909013
0.9432702692022173 -0.008968741894763155 -0.33190472398939447 -4.513896295612048 -0.027135716452053288 0.9942086119388917 -0.10398500227610984 -0.7660700085506514 0.33091517644992 0.10709243644862651 0.9375640588588908 19.002936400996028
0.9413060498121921 -0.00825689285426384 -0.3374532981225182 -4.780676365875524 -0.029016377726490444 0.9940211702686341 -0.10526142448807337 -0.837780654374733 0.3363048843023111 0.10887488864930443 0.9354385599191738 19.712529881742487
0.939181848043815 -0.007131927268706326 -0.3433461606830947 -5.0739607161721985 -0.030650359610119235 0.9940536551789646 -0.10448865580842484 -0.9211239794859261 0.3420497454364329 0.10865753138851865 0.9333785567772204 20.466189165134825
0.9369166899048416 -0.008216737147170453 -0.349456123302846 -5.382714736930338 -0.029704316004093286 0.9942359907912828 -0.10301677636031108 -0.9919740543995884 0.3482883479434932 0.10689848953583841 0.9312722193038756 21.23918829940756
0.9344248847834385 -0.007725334098886571 -0.3560764682367547 -5.6947970012219455 -0.030358150739306738 0.9943986569423855 -0.10124081379336702 -1.0613728492850336 0.35486410878617325 0.1054117555632634 0.928956318274176 22.01264539562731
0.9314041936859274 -0.008000453760416767 -0.3638986147582788 -6.067822569784348 -0.02980847056047949 0.9947236588484712 -0.0981646314288195 -1.1176455718699831 0.3627639536638625 0.10227821270502609 0.926251317465601 22.802053950469347
0.9273187151146194 -0.005357788846546203 -0.37423427215512745 -6.614928858818452 -0.03174515372537426 0.99516840151585 -0.09290911312357161 -1.1476468950432657 0.3729239384986061 0.09803648280769083 0.9226681933695307 23.83559898080675
0.924313185012908 -0.003474014412456791 -0.38161898654930115 -6.922543775523153 -0.03240191105136689 0.9956335686200759 -0.08754374859414366 -1.2212679743832424 0.38025683548985223 0.09328302475582838 0.9201646763670158 24.564514490195574
0.9201554281414512 -0.0010669713122457324 -0.39155182491864676 -7.262768346593933 -0.03432231863612537 0.9959272402834813 -0.08337208332986523 -1.288146223737521 0.3900461183256238 0.09015423990194604 0.9163712415750678 25.318216987293333
0.9170409731292609 2.172631596018403e-05 -0.3987929728815386 -7.588504358288051 -0.0355988824196129 0.9960122252585321 -0.08180683554160842 -1.3609473859316163 0.3972009281865177 0.08921680343125245 0.9133848016122071 26.075859468361863
0.9129199253891569 0.002200638037243339 -0.4081327690292986 -7.948890739946881 -0.03863798961815866 0.9959603492570083 -0.08105607109829599 -1.4401015758208915 0.40630571712026176 0.08976713017686044 0.909317075353835 26.859947616386325
0.9092383367620911 0.0010743825825194925 -0.4162745282625622 -8.296314164443292 -0.037851983527658825 0.9960673563883873 -0.0801065449784903 -1.5038765315747629 0.4145514370718195 0.08859275693012682 0.9057032868495217 27.60677744586578
0.9053477542036928 0.0014033424552205554 -0.42466865622974853 -8.679798167147526 -0.03834174470411334 0.9961805752860617 -0.07844851782527446 -1.5739474036738001 0.4229366120572626 0.08730572490795752 0.9019436505102456 28.416253762269278
0.9009489857502813 0.001048037270676965 -0.43392373800163125 -9.051511381167753 -0.03785364890123827 0.9963746419315933 -0.07618842471312459 -1.643960248090009 0.4322707964337058 0.08506747975202461 0.8977223923181255 29.19233528442758
0.8973130037566142 0.0030984917159632037 -0.44138390960951557 -9.434867006436706 -0.03887747880956532 0.9966437748837149 -0.07203971731748857 -1.7166267460229117 0.43967935263151475 0.08180206674217211 0.8944218813596707 29.979342622398093
0.8940352483709507 0.003463420613588654 -0.4479832149978239 -9.859376099935446 -0.03729255042976207 0.9970748552583444 -0.06671580704160143 -1.7765665787220055 0.4464417724825285 0.07635271859961143 0.8915492263707049 30.800521712742544
0.890476837687 0.003168781816870838 -0.4550175305434059 -10.275770501834867 -0.03553409550891564 0.9974062419531902 -0.06259478214133478 -1.8408459753809903 0.4536390156957362 0.07190783853965928 0.8882797603598102 31.599264794882906
0.8862738207295505 0.0012553591572467603 -0.4631599217063016 -10.701101210333231 -0.03311360682424571 0.9976090597080938 -0.06066017690264074 -1.9005376173703092 0.4619764230712987 0.06909842167006679 0.8841963695623556 32.44854554101164
0.883054367181282 0.0022633286736398707 -0.469265211357642 -11.141907399223042 -0.03430645030383692 0.9976239420507365 -0.05974554806237145 -1.9576198559293236 0.46801502134357015 0.06885738993840136 0.8810338307679817 33.278499605590795
0.8804171641131042 0.0013590012439517656 -0.4741980051482495 -11.59224195185933 -0.032824350976515336 0.9977719411289326 -0.058083640486053675 -2.001010536293454 0.47306256371651834 0.06670307545109135 0.8785001547579628 34.132588875810725
0.8778976223584598 0.0002774923733328935 -0.47884827426542553 -12.069019927275374 -0.03137927708331341 0.9978837279948503 -0.056950993597933534 -2.0457375083752423 0.4778191292779751 0.06502305300401412 0.8760484596466898 35.02449673945431
0.8748199760218153 -0.0007062100494261338 -0.4844476125921947 -12.519327171975316 -0.030681137916102063 0.9979106821187811 -0.05685899434084943 -2.100051123818304 0.4834756455215866 0.06460478774795668 0.8729705318594035 35.8982229818583
0.8722647762413517 8.457781710705624e-06 -0.48903388037028894 -13.007907654468012 -0.032124534270580124 0.9978410862525621 -0.057281629565671545 -2.162305098862876 0.4879776554537033 0.0656747329073833 0.8703818975060862 36.76504218541379
0.8714739307701944 -0.0013719388041544128 -0.4904398931068781 -13.50593010110657 -0.03100601321919113 0.9978415563884708 -0.05788661907789996 -2.215064065709491 0.48946076014514944 0.06565326378893434 0.8695503628413347 37.6438460041119
0.8715099251032066 -0.001098045707465702 -0.49037661363155854 -13.997504425716567 -0.030795637175489086 0.9979010941942182 -0.05696528165033388 -2.274682129774549 0.489409943598637 0.06474726795332116 0.8696468907025752 38.52128570821134
0.8708536366728135 -0.0011623912534025548 -0.4915410156043708 -14.507390383832858 -0.029939204582877105 0.9980151159150583 -0.055402797280889655 -2.3370543799676624 0.4906298010897986 0.06296407421946333 0.869090297412128 39.42399752150499
0.8708558270650157 -0.001507922945963841 -0.49153620149393207 -15.016175276416854 -0.029282817055634694 0.9980600475670058 -0.054942254203572474 -2.4000503499315875 0.4906655354700893 0.062240345313968645 0.8691222553679784 40.33726312543502
0.8702943057273933 -0.0039598366708258805 -0.49251610881189933 -15.515657645763328 -0.02690030325952659 0.9980929902359056 -0.05555851534335461 -2.4639679735698246 0.49179692612241527 0.061601090794771975 0.8685281340367011 41.25608703479262
0.8689493938432052 -0.005864110427484786 -0.49486618186664366 -16.02493805307238 -0.02529057579204093 0.9980971521017941 -0.056235769745268935 -2.5242262442893506 0.4942543377372486 0.06138148842893109 0.8671476140550005 42.178544753987175
0.8676319146286838 -0.006000295458820507 -0.49717083884860647 -16.534322330844052 -0.024289200444566124 0.9982218322948292 -0.054435432693954414 -2.5860008782321104 0.4966134486632922 0.05930579909500292 0.8659433730764866 43.08603576736543
0.8652629151271827 -0.006035181053835838 -0.5012820029836653 -17.08542450176638 -0.022492389248772015 0.9984532460953235 -0.0508449829457965 -2.6445814622705868 0.5008135445522237 0.055269307484883665 0.8637888187774937 44.06548688490357
0.8624595719734597 -0.005720202739730854 -0.5060936065941752 -17.61203085390899 -0.020769648192658804 0.9986938258385282 -0.04668249234402644 -2.7058972839708137 0.5056996453081288 0.05077314807604316 0.8612142521880122 44.993497751669466
0.858800783454839 -0.008303274754310861 -0.5122423712352944 -18.14823286677172 -0.017007375232819404 0.9988554587492661 -0.04470484741591722 -2.7523754866097425 0.5120273284146158 0.04710445541421411 0.857676637795895 45.939087819420166
0.8540695679421381 -0.01103744348953964 -0.5200416681886866 -18.708395960203713 -0.015812588642722274 0.9987618521409655 -0.04716704143682035 -2.810459820797891 0.5199184209838523 0.04850713902337274 0.8528375699168965 46.87705074535676
0.849101469475803 -0.01349744880513096 -0.5280572755886057 -19.278525769072623 -0.015600020020992691 0.9985966960365202 -0.05060910592442803 -2.8727957783465112 0.527999391632523 0.051209969269084187 0.8476993644876767 47.78750760508705
0.8416266071848935 -0.01305599905804258 -0.5399019936421464 -19.847951397013304 -0.01693805655671742 0.9985778075301167 -0.050551672488672234 -2.934058518614875 0.5397941998183002 0.05169052299675368 0.8402085052849898 48.69582099426781
0.836821687697893 -0.01087536535643875 -0.5473674827396903 -20.437948891478772 -0.016832148238213877 0.9988189545735975 -0.04557820283292901 -2.9903727675440845 0.5472167419362982 0.04735419862324409 0.8356503077285096 49.59370315404994
0.8317541609611485 -0.008202254973967963 -0.5550835139918258 -21.04551998948642 -0.01703696007344314 0.9990427201145845 -0.04029116947530249 -3.0523085734292783 0.5548826713008753 0.0429692832254486 0.8308182089242668 50.47529884541712
0.8277895519050128 -0.00756235441581043 -0.5609877332857067 -21.641506958934155 -0.0192398965727097 0.9989383739245564 -0.041856368695963535 -3.1088677385636365 0.5607087560633733 0.045441609555534085 0.8267652541704307 51.39265460233219
0.8243576713138869 -0.009614285652058132 -0.56598759819347 -22.253595234609808 -0.020242563235908045 0.9987155779762006 -0.04644809772269953 -3.1612343186896834 0.5657072514649288 0.04974688427973339 0.8231042407099123 52.25238640651348
0.8208257239987403 -0.012157406501322502 -0.5710492882617701 -22.833263848252383 -0.02242437556340565 0.9983167562462313 -0.05348653179028323 -3.227240978728619 0.5707383778920652 0.056708544333394756 0.8191714497550285 53.12637381774061
0.8172314314408456 -0.011924296299443748 -0.5761862387358911 -23.467628954224182 -0.024331470570308617 0.9981805797595831 -0.05516799994326245 -3.2902527631153395 0.5757958010192561 0.05910448117971623 0.8154544087995712 53.99023482884197
0.8154661072408977 -0.00923062459829816 -0.578731195544123 -24.08036824684871 -0.025286182884886807 0.9983500835276979 -0.05155315375313914 -3.3576177827391542 0.5782522467073259 0.05667375240448504 0.8138872492314043 54.885184839947456
0.8118718145051262 -0.007822823973572765 -0.5837832914350528 -24.71003279886324 -0.02334440561830606 0.9986756344987964 -0.04584771016142817 -3.419767331921113 0.5833688505357383 0.05085053630615405 0.8106139809960772 55.787165402319026
0.8094229050908832 -0.009354989017582898 -0.5871516075827866 -25.347360008310684 -0.019626634739878312 0.9988834963364681 -0.042971508697766295 -3.471231690885166 0.5868981038470445 0.046305931959763985 0.8083355785726486 56.68174653710568
0.8066790600589254 -0.0050330456608332266 -0.5909683057324467 -25.97808005972458 -0.025687398413934064 0.9987201151744475 -0.043569321955238875 -3.532208263358764 0.5904312705222958 0.05032689702225731 0.8055173147666272 57.52532107817955
0.8027061163595166 -0.0070208443726808584 -0.5963334357526218 -26.627420935402448 -0.02485187464077058 0.9986683286992997 -0.045210018143659776 -3.589554192803727 0.5958567817311892 0.05111036105366253 0.8014627049411835 58.41767342791457
0.7999107261015238 -0.009510169496445245 -0.6000436317675872 -27.287542089576526 -0.02404519580286779 0.9985636030016871 -0.047880713904047884 -3.654623370779237 0.5996371360124703 0.052728462233235726 0.798533060896789 59.28678397165911
0.7963577025352678 -0.0102701215132602 -0.6047387131458382 -27.93243156619917 -0.02394623311680944 0.9985364885530993 -0.04849178000136321 -3.711423454529427 0.604351739989099 0.05309801508730334 0.794946298911633 60.126162335997094
0.7905468587629138 -0.011538687491837597 -0.6122928154093247 -28.589564156437078 -0.022177162585463515 0.9986272705971808 -0.04745267630759993 -3.773873911386576 0.6119998956364627 0.05109248063731917 0.7892057506399054 60.99923521585449
0.78555016194674 -0.012698109844126166 -0.6186676471186059 -29.25128237835838 -0.020760930994138813 0.9986857473947645 -0.04685904050631634 -3.8306718977968477 0.61844963765741 0.049654243241160606 0.7842541306584956 61.81786489040773
0.7811206714467508 -0.011912163258075545 -0.6242664252435604 -29.936716193122102 -0.022757287367419905 0.9986105054307842 -0.04753066214241358 -3.9025960956212105 0.6239652523699425 0.05133379214249799 0.779764213122465 62.639558758496406
0.7752065419531301 -0.01462832652865252 -0.6315384290257581 -30.623609137096082 -0.020921071943103123 0.9985889174198675 -0.048810704174769355 -3.9592461755305814 0.6313613459298926 0.05105083724470624 0.7738066206270022 63.48488044159539
0.7701594953737492 -0.01524453313817621 -0.6376691342184942 -31.30977130035429 -0.02127761478382216 0.9985439651381276 -0.04957036600086555 -4.022268307535035 0.6374963896928366 0.051745165341158514 0.7687137494881233 64.32193248216613
0.76439599167684 -0.014876772776056861 -0.6445753705038243 -32.036462416588265 -0.023341686293901612 0.9984398762034161 -0.05072464014096345 -4.095045130499724 0.6443244204444696 0.053819186950304104 0.7628561921197438 65.18599814513028
0.7588782633403867 -0.01809179228506099 -0.650981131771186 -32.73264348088344 -0.020758466336778008 0.9984340688400307 -0.05194714045627319 -4.155595164418156 0.6509016088729335 0.05293492525212756 0.7573143478195825 66.02577875254806
0.7528173251545737 -0.02063218162091781 -0.657906036792158 -33.464006312484074 -0.018257080724324845 0.9984695783929046 -0.05220327659021903 -4.214615184314313 0.6579762845986087 0.05131097310482871 0.7512885064525218 66.8488037035927
0.7465389476928977 -0.01959145513963902 -0.6650531859220192 -34.22783196463131 -0.018997080673628375 0.9985312067666952 -0.05073990990543434 -4.287021282689824 0.6650704847867975 0.05051338683611389 0.745070255540407 67.71780874425302
0.7404080915487846 -0.019665171277545978 -0.6718698601677837 -34.99210912874958 -0.018942310599160992 0.9985644664511901 -0.05010193565347812 -4.36051235096089 0.6718906795076425 0.049822644818283836 0.7389727020000254 68.54439046999295
0.7346192644412503 -0.021251347767584795 -0.6781466506917878 -35.734492723842884 -0.017710600395358128 0.9985681312386676 -0.05047796929400404 -4.426212384137254 0.6782484048693748 0.04909247174487552 0.7331910143200822 69.34886966763771
0.7273051158912566 -0.023900973921651678 -0.6858979293271822 -36.50072614546801 -0.016962301943101273 0.9984621443861442 -0.05277896978089255 -4.495194285133145 0.6861046445536346 0.05002082192128604 0.7257812197225992 70.19079709354826
0.7229502431897762 -0.020156098351698654 -0.6906059889860481 -37.22874356264574 -0.022355653413321182 0.998368493966596 -0.052541156461634805 -4.564464759852177 0.6905383484665598 0.053423589192871504 0.7213201428436279 70.96985390160341
0.71729821581285 -0.021881295270886683 -0.6964225982558494 -38.03532213981409 -0.01954363036402322 0.9984816807331403 -0.051501319226818304 -4.631096603191489 0.6964921725773614 0.05055242958873345 0.7157814934540099 71.77872515746917
0.7128022158240034 -0.020710806469824605 -0.7010592207361491 -38.8036437352778 -0.021846228964629986 0.9984232854149809 -0.05170774446678964 -4.699093195437513 0.7010248138456661 0.05217289307343967 0.7112258687610157 72.60979538422241
0.7073288328039442 -0.023505985108851674 -0.7064937008664215 -39.61741357459634 -0.019091178726067342 0.9984471649433648 -0.05233340919647145 -4.763220925491418 0.7066268450725317 0.05050472553194324 0.7057817122526912 73.40005095433771
0.7030482713860143 -0.024800874795253374 -0.7107095087656379 -40.44888487329096 -0.020444018401203842 0.9982737687696173 -0.05505933649239722 -4.84264208124377 0.7108482360010666 0.05323912886888669 0.7013276198443682 74.20533110779544
0.6985848428414122 -0.02798113182416359 -0.7149798856817932 -41.28396242529555 -0.019310192115909893 0.9981338747774464 -0.05792991267393724 -4.90985258969285 0.715266648207417 0.05427535686861826 0.6967408823811413 75.00303195293671
0.6927524805175023 -0.026753320630594365 -0.7206789932146148 -42.1187293082747 -0.022773326890646612 0.9980017811324781 -0.05893905607216722 -4.992340402672876 0.7208157974715823 0.05724243478302421 0.6907589483500196 75.82768354934225
0.688148964800451 -0.02761650657083521 -0.7250436385590558 -42.95675548587474 -0.020416995811902407 0.9981426590606867 -0.057396746434535934 -5.063555215646113 0.7252821414083692 0.05430072430373871 0.6863069861388623 76.6240353127885
0.68408135884762 -0.026780282873575624 -0.7289138976456924 -43.82251704217432 -0.021057979911009647 0.9981841151098921 -0.05643605376751402 -5.147934109672444 0.7291017145883519 0.05395630545674623 0.6822752060424879 77.40632241122603
0.6779921165063149 -0.028923393391210004 -0.7344998884368685 -44.68290515510702 -0.018841209337107017 0.9982134807741735 -0.05669968361240777 -5.222977609120308 0.7348277011321657 0.052280804058746806 0.6762359127195114 78.17127376709794
0.6747503158548037 -0.02812599048198793 -0.7375099286750453 -45.53664198869536 -0.02071750311474007 0.9981580208036376 -0.05702068753775637 -5.298930405854155 0.7377552699588306 0.053754090534090394 0.6729247333415587 78.9546164791127
0.6693559890296342 -0.02903291894487073 -0.7423743007091598 -46.44919865690998 -0.019830195268491734 0.9981819620703949 -0.05691683419217432 -5.383150614099946 0.7426771659586973 0.052819050674754 0.6675633488999708 79.75244961147186
0.6649503530286742 -0.03058500102551806 -0.7462610341458644 -47.29776373813742 -0.01784878563701806 0.9982251251576365 -0.05681560539700424 -5.455228822648398 0.7466742882001164 0.05109940993816692 0.6632242518136895 80.5375478048691
0.6619030088364738 -0.033462646673204505 -0.7488421864830284 -48.185178699926844 -0.014846885859680968 0.9982218562823508 -0.05772957648135866 -5.536195270457804 0.7494424805456639 0.04932935394525114 0.6602292248811754 81.34224056738144
0.6574260176302165 -0.03751389723426324 -0.7525846754037282 -49.078017439677375 -0.012833662311535921 0.9980576461781722 -0.06096086720423626 -5.623571550380885 0.7534098325218248 0.049735676635159626 0.6556676261916112 82.1192023717286
0.6529533403354761 -0.042789633056288086 -0.756188425690203 -50.01775644303972 -0.007454256302164229 0.9979914390384673 -0.0629088821848228 -5.701140204544976 0.757361487535537 0.0467133860843831 0.6513228706260564 82.93007314266646
0.6456437940384951 -0.04613722148067491 -0.762243665058888 -50.916764258106234 -0.0031491205459643875 0.9980038380612256 -0.06307475854006185 -5.789251703406433 0.7636322559810217 0.04312422233340816 0.6442096979002792 83.6801675585288
0.6384341108313821 -0.05140220194221466 -0.7679581114549849 -51.85244058807587 0.004121083531041034 0.9979814331306665 -0.06337247192708428 -5.86948520688902 0.7696654810703651 0.037294326677155175 0.6373572160379516 84.44252823101121
0.6302360796099178 -0.05248698547217376 -0.7746273571519663 -52.772156585265094 0.006503155784029371 0.9980341862695268 -0.062333562430855506 -5.958129081142735 0.7763763536385591 0.03424733740850803 0.6293384841205555 85.18783426083667
0.6216144173967437 -0.05020304337204596 -0.7817129422887223 -53.71899462450458 0.005469318568918847 0.9981979779424868 -0.05975693602680291 -6.044789360450545 0.7833043150692754 0.032870334916802586 0.6207688246607695 85.96233251775581
0.6114160978278129 -0.04995404139813735 -0.7897309027202445 -54.70224624558814 0.005175163952398997 0.9982365041716891 -0.059136308473050805 -6.136915066043394 0.7912923774233888 0.032069903097249844 0.610596388000498 86.69475233175694
0.6044504622063255 -0.05010895333738292 -0.795065205123298 -55.6120716902946 0.001703572322426846 0.998098849225515 -0.06160999510060164 -6.216392776961773 0.7966409393234928 0.035885738880560715 0.6033866785681594 87.4092418252755
0.5945375432008703 -0.05289507705503595 -0.8023260972834425 -56.63689128822262 0.0032365595443818993 0.9979832079731801 -0.0633958484388694 -6.311405346405928 0.8040613685704003 0.035094434889495714 0.5935096888259497 88.1415364474687
0.5836920120480569 -0.055481318406444234 -0.8100774044981889 -57.63596436783783 0.004242537764960579 0.9978576199268213 -0.06528526910303704 -6.382378107245714 0.8119640938195712 0.034669705667772666 0.5826769080251217 88.83885138005554
0.5737737273131247 -0.056202142964633835 -0.8170832045998258 -58.63285881414556 0.006484916291004305 0.9979232367138717 -0.06408717035379313 -6.479747572010925 0.8189882258950009 0.031472817800421535 0.5729466059730036 89.54962736569519
0.5626183913917054 -0.05672293876356609 -0.8247684457712373 -59.6527503926019 0.008845097436974415 0.9979993111111652 -0.06260307324516198 -6.56813604307883 0.8266694413914697 0.027926482682611595 0.5619944874971294 90.25162812391527
0.5536197871784317 -0.05708276303065332 -0.8308108248430124 -60.687029986295514 0.00854261059194664 0.9979847588912426 -0.06287637091440837 -6.661791893072127 0.8327257708509688 0.027712308659149372 0.5529917439303256 90.90878340608485
0.5438590413532766 -0.05914093838006076 -0.8370899803523997 -61.74148438695332 0.009161038078748145 0.997872532707773 -0.06454838374201023 -6.744506919606067 0.839126617234292 0.027436607663327773 0.5432437859389505 91.53974422505243
0.5334902328084643 -0.05912888456594157 -0.8437368550799795 -62.81522770031256 0.006626177486410045 0.9978149843270648 -0.06573694931507164 -6.840386915780104 0.8457802988485429 0.029479270023210533 0.5327163528644709 92.19155557948861
0.5240899122628591 -0.059485179856976295 -0.8495829698229078 -63.83998767849493 0.00444079118569362 0.9977351035053492 -0.06711890586252106 -6.936632336590954 0.85165140321825 0.03140352049968827 0.5231670642317916 92.8274012034161
0.5144027076130863 -0.059618987975923 -0.8554737709296333 -64.9187824641829 0.003469505418506555 0.9977169036647285 -0.06744584282315666 -7.03375757178153 0.8575417666077095 0.03172625218330169 0.5134351187221852 93.47356539771171
0.5044423985914119 -0.05748966879755669 -0.8615293049386232 -65.99813924455862 0.0018030938158371693 0.9978489414412898 -0.06553050346240391 -7.129226022464824 0.8634434989383882 0.031502944628690306 0.5034609699672983 94.07117346153957
0.49702710725338584 -0.056603980254461804 -0.8658868202927545 -67.07050120928754 0.0037783009732745582 0.9980018447864415 -0.06307170656635813 -7.219678016503239 0.8677268254872748 0.028076766333362212 0.4962478379601727 94.67574578887312
0.4883988851523634 -0.056930970349215466 -0.8707613513563877 -68.21010501763246 0.003935843833170913 0.9980030785891674 -0.06304255784217877 -7.316406289897796 0.8726116612204732 0.027362734114775803 0.48764765625846906 95.29606738764008
0.4816559113303651 -0.059901542590763766 -0.8743107717377302 -69.30786411491754 0.005267220228253456 0.9978410739880897 -0.0654632593858389 -7.408609235845847 0.8763446190192289 0.026925578141288656 0.4809315746815452 95.89955040325522
0.47610685498799615 -0.06329481727836982 -0.8771065899426835 -70.42046133384663 0.007412805090689606 0.9976597868157339 -0.06797053837134809 -7.506480286060549 0.8793562286728008 0.025859417985297322 0.47546185819626996 96.47460940141691
0.467294929361184 -0.0660342308631862 -0.8816319383269718 -71.5389150730422 0.008505813286690977 0.9974963803628668 -0.07020410878942894 -7.608879839745286 0.884060612462642 0.02530702656292823 0.46668667027594907 97.05783824392807
0.4649716694184791 -0.06989619373980663 -0.8825620687672677 -72.65318735123391 0.010341256460675012 0.9972393794372213 -0.07353006574585429 -7.715306613208404 0.8852651954337318 0.025062595449901963 0.4644108711442996 97.60985516982028
0.45940750991610685 -0.07117889688098908 -0.8853689793288941 -73.7933001061659 0.01267033721545177 0.9972076720526987 -0.07359563814638836 -7.825214791310288 0.8881352766644055 0.022592464964669358 0.45902655803119463 98.1518931416468
0.45337465629177565 -0.06870584386119435 -0.8886680233249951 -74.89977921859979 0.014190184247983021 0.9974546842061514 -0.06987704694688941 -7.927644743800899 0.8912071175444488 0.01907011929472892 0.4531956195020728 98.71200172691289
0.4520500896555096 -0.06701234407313228 -0.8894717564974229 -76.0291444574349 0.018292411149002943 0.9976607481140067 -0.06586662386593846 -8.032149739285567 0.8918050087288399 0.01350442983900627 0.4522184422304838 99.3102117061967
0.4474402940418821 -0.06694930274450454 -0.8918042968159198 -77.14598001293666 0.020349713715051714 0.9976979669369397 -0.06468897169587273 -8.13452824526094 0.8940822883496437 0.010796490384674428 0.4477726690211781 99.8450208961729
0.4420232649813087 -0.06554973733485656 -0.8946052750699691 -78.25861554373243 0.01906229966465546 0.9977875645820125 -0.06369147945575858 -8.234574086952046 0.8968010528324373 0.01109988134570013 0.4422948404366787 100.38157277683041
0.44239691718613555 -0.06548590472613744 -0.8944252357804143 -79.36216763517118 0.022360733596655132 0.9978258492506508 -0.06199647358786178 -8.330763986134496 0.8965405948097019 0.007427044333580677 0.4428993935632135 100.90452957498444
0.4380850748929978 -0.06533901168235066 -0.8965557466659524 -80.48633047066377 0.025521272732249023 0.9978569347586437 -0.060251131434790425 -8.42174484448368 0.8985711975986318 0.0035138777162572418 0.4388137703483586 101.43347109978903
0.43638791418757145 -0.06571422479633317 -0.8973556466336257 -81.59987087023478 0.026469967621734553 0.9978353092620932 -0.06019999042997426 -8.516974932193383 0.8993692244358266 0.0025175731190318117 0.43718272655033547 101.95910095871716
0.43406647815499766 -0.06589796244624693 -0.8984674081513285 -82.66664531584156 0.028547989243582882 0.9978263619064347 -0.05939336264632169 -8.60977315803156 0.9004284418782551 0.00013122971109580958 0.43500422993856763 102.4885817175687
0.43231259569512076 -0.06531154633312986 -0.8993554171904311 -83.7710322146368 0.031601961809251435 0.9978582073908511 -0.05727406271852116 -8.701569941944436 0.9011699151805243 -0.0036610973494284773 0.4334506369140282 102.97862894309064
0.43025392337168933 -0.0650477949671635 -0.900361192251153 -84.83607753306708 0.03455150527922509 0.9978562106215242 -0.05558039173368485 -8.788225060963283 0.9020464674640123 -0.007195153037241504 0.4315790460067864 103.43222435716655
0.42859647381889016 -0.06627824478844167 -0.9010616983287438 -85.9109189747066 0.03644874633652748 0.9977622129601718 -0.05605401475352555 -8.885498096432306 0.9027605580378102 -0.008818015749915954 0.430053123220938 103.95705539556593
0.4278998784061448 -0.06783694408488927 -0.9012767480398899 -86.99008834616039 0.038089603793760925 0.9976469471628159 -0.057006668290632244 -8.967970174930818 0.9030232190855279 -0.00993612755235106 0.4294768944310395 104.4009207819787
0.42632138575084794 -0.0678824173941306 -0.9020210559266144 -88.0218427889941 0.0365637116752017 0.997658462430128 -0.057798627240378465 -9.055723927053 0.9038325246277896 -0.008340447151227419 0.427805171819024 104.90413356344985
0.42765002723345596 -0.06885518710784971 -0.9013181147596097 -89.07172032877592 0.03661281510751435 0.9975958820859827 -0.058838472859633284 -9.145533726334925 0.9032026467032185 -0.007837518746150665 0.42914289068056133 105.36899323198686
0.4297927773458144 -0.0682261703540129 -0.9003462036480542 -90.08608041548298 0.03390122232051944 0.9976574221642205 -0.05941697379345915 -9.230679561002843 0.9022909405311593 -0.004985850369202278 0.4310989104899651 105.85164550293861
0.4340806828438342 -0.06929160104263321 -0.8982051860484058 -91.09781958549833 0.033718953564475775 0.9975886103438406 -0.060662939194464076 -9.323055341332763 0.9002427798620584 -0.003953929303281207 0.43537038681232515 106.31315313438627
0.4392406741531788 -0.06830009607798393 -0.895769310519297 -92.0945621424472 0.02938531209705815 0.9976645351729 -0.06166025053052186 -9.403260409304403 0.8978887461072562 0.0007612292225297803 0.4402218606739213 106.81045238139092
0.44495127206549506 -0.06814534453545983 -0.8929582902137848 -93.1071516796352 0.02909569091048481 0.9976743622171543 -0.061638601831560655 -9.494197043750734 0.8950820528221749 0.0014449355647483716 0.44589920571735053 107.29042861779102
0.45177678050195846 -0.06786849494252728 -0.8895456960152975 -94.0968325197258 0.02920336419473225 0.997692807577541 -0.061288036778124694 -9.584004712930998 0.8916529403182577 0.001710784313776162 0.45271643192050054 107.72669107322103
0.4600760517452362 -0.06661717168699673 -0.8853768227952179 -95.0619027984263 0.028549808278713125 0.997775637487148 -0.0602386554223293 -9.667581380605307 0.8874204149254005 0.0024370237403142135 0.46095458076761586 108.1460187668501
0.4704016271918003 -0.06556485079194141 -0.8800133530163038 -96.0410015397851 0.02733777983399032 0.9978401313826849 -0.059730349442806675 -9.751303896126592 0.8820289226273075 0.004039642613338727 0.4711780214255148 108.64073963259042
0.4793609735215381 -0.0655430822193695 -0.8751669015496123 -96.98152845249075 0.027604499708565055 0.9978399632400403 -0.05961033101982754 -9.832810948607499 0.8771836251590196 0.004416321430809462 0.4801348232384215 109.17939367074916
0.4889976144197737 -0.06679051063326424 -0.8697242669851075 -97.9848531113971 0.02777806599243986 0.9977508984452952 -0.061004260176378555 -9.920274224219748 0.8718427478838454 0.005671679194616051 0.48975312713493113 109.7082001464974
0.5007600063230825 -0.06745596741452466 -0.8629536783100155 -98.9147015540578 0.025436264429923718 0.9976749936618287 -0.06322664904683521 -10.000133761396585 0.8652123894214088 0.009711059029477588 0.501311560015089 110.25634850606149
0.5098365884914481 -0.06662762638762933 -0.8576872163032803 -99.8360068455129 0.021237979033970563 0.9976672295798614 -0.06487715097076717 -10.080679334833855 0.8600091125961937 0.014861201722940672 0.5100622919286903 110.79057819771893
0.5235498132682379 -0.06467441229737282 -0.8495367889939054 -100.76633500177911 0.018833311533343777 0.9977495809335832 -0.06435117813807084 -10.163975213427223 0.8517869210139986 0.01769145543679312 0.5235896457981789 111.34994014659745
0.5355649631819747 -0.06215145385952024 -0.8422038383691274 -101.68355358641377 0.01730420716301071 0.9978863916813355 -0.06263633827309416 -10.247709848037605 0.8443167675680471 0.018972158370423865 0.53550846513669 111.89462873656828
0.5482854523812745 -0.060646760312885684 -0.834089306215606 -102.5675233941338 0.018107243546207793 0.9979941427033674 -0.0606615791284165 -10.324999181604827 0.8360952384161128 0.018156803178932097 0.5482838149153579 112.47197375587471
0.5597934459216918 -0.05956066006107282 -0.8264888228915843 -103.43451860637624 0.01804401965569162 0.9980530970169137 -0.05970289976121962 -10.408564340123451 0.8284357369079418 0.018508111165707348 0.5597782970613945 113.0483285869086
