1.000000000000000000e+00 -3.306050084167601550e-19 -2.270457535318767223e-19 -8.673617379884035472e-19 7.546676715296109287e-19 1.000000000000000000e+00 6.237773588823049983e-19 1.387778780781445676e-17 -3.447385680526250622e-20 4.770700176052009879e-20 1.000000000000000222e+00 5.551115123125782702e-17
9.999384616737629905e-01 -2.221746693928891916e-03 1.086916979930287533e-02 3.953956429568541986e-04 2.210699334456951715e-03 9.999970286113388784e-01 1.028316148002194523e-03 -6.688664591106230350e-03 -1.087142313853862834e-02 -1.004224345328840785e-03 9.999403997148984535e-01 3.035032328738810348e-01
9.997730250938245966e-01 -7.205456096447036829e-03 2.004918888653233269e-02 2.105435276752784524e-02 7.214383591680857515e-03 9.999739093996012906e-01 -3.729557254018802293e-04 -1.667283832326145465e-02 -2.004597953074651467e-02 5.175136710977578129e-04 9.997989255065745651e-01 8.933698083499506115e-01
9.998081147978956640e-01 -8.483533121691096135e-03 1.765699451897534411e-02 2.973684608799370688e-02 8.508976776217681837e-03 9.999628656033989760e-01 -1.366335622454386200e-03 -2.089044439115558816e-02 -1.764474813468534450e-02 1.516316456306090110e-03 9.998431695987057832e-01 1.194155613966982887e+00
9.998609907899769222e-01 -1.176696931857134851e-02 1.181280283631437611e-02 2.704921619635474936e-02 1.180748307791112950e-02 9.999246232860549144e-01 -3.365701564325780572e-03 -2.110642642295502969e-02 -1.177230973818878777e-02 3.504713228392972516e-03 9.999245659239686113e-01 1.521155257330011112e+00
9.999239347101210873e-01 -1.232788324304183794e-02 -3.828259935858918336e-04 1.499153487373882689e-02 1.232602544450242879e-02 9.999137810495430934e-01 -4.527214722984453446e-03 -3.550555041272411561e-02 4.386040112007261009e-04 4.522151693472571329e-03 9.999896742403361349e-01 1.841759390525600892e+00
9.997900565900351699e-01 -1.171377598623064842e-02 -1.681151773270166475e-02 -6.203301703520380447e-03 1.163079714064865593e-02 9.999197325940878400e-01 -5.025205709738119440e-03 -3.896675960833241581e-02 1.686903416140136253e-02 4.828619377898993488e-03 9.998460508158774074e-01 2.157330395648126675e+00
9.993222938673042011e-01 -8.345048723588939510e-03 -3.585130289799075276e-02 -4.212802507165464699e-02 8.147686270106837408e-03 9.999508630280696808e-01 -5.647625467283731542e-03 -4.444850252376728039e-02 3.589667445285635305e-02 5.351693119608367730e-03 9.993411731046265567e-01 2.501387043333467730e+00
9.984351512978707488e-01 -4.332783637470793807e-03 -5.575371951050332731e-02 -8.632708624440404988e-02 3.974152064113918928e-03 9.999707022155658320e-01 -6.541694312353529134e-03 -5.019068846968317843e-02 5.578043381553200036e-02 6.309883904941361935e-03 9.984231164865636776e-01 2.838204356646961024e+00
9.971723131981974353e-01 -3.366732307667969545e-03 -7.507352679284801100e-02 -1.359479673183003889e-01 2.858283409679192137e-03 9.999722567554555352e-01 -6.879097500244621584e-03 -5.312985048255532139e-02 7.509461043134371683e-02 6.645064341588194368e-03 9.971542700463472686e-01 3.215350252797522401e+00
9.954200461269234745e-01 -4.531341459601659176e-03 -9.549034820947298330e-02 -1.899422702242402061e-01 3.949328030055061951e-03 9.999724612255471712e-01 -6.283112088358776444e-03 -6.133513611144314481e-02 9.551619767116822923e-02 5.877213007642092743e-03 9.954105226475293833e-01 3.613583612970686865e+00
9.932883766083698829e-01 -5.780675623216419319e-03 -1.155196189039871396e-01 -2.404931359020086867e-01 5.187017139967853643e-03 9.999717547134550077e-01 -5.438980229235108703e-03 -6.984821566029728035e-02 1.155478010870574779e-01 4.803273605693440113e-03 9.932903086781754709e-01 3.980321031252228803e+00
9.911776773586432610e-01 -4.733161934742640548e-03 -1.324552900516226539e-01 -3.163942958463958344e-01 4.143515157551740276e-03 9.999802459587168180e-01 -4.726945913369096260e-03 -7.791157062577941383e-02 1.324750590314806575e-01 4.136412789703108363e-03 9.911777066826401583e-01 4.386345044118074910e+00
9.888726750441741986e-01 -4.020540498157500892e-03 -1.487099936091959562e-01 -4.002988408637677686e-01 3.414575742156968682e-03 9.999847996314219500e-01 -4.329896662738023927e-03 -8.560822275293254735e-02 1.487251607055997960e-01 3.773934910015816230e-03 9.888713653244042279e-01 4.802799388969460459e+00
9.867273884668070760e-01 -3.325882953455882880e-03 -1.623514309630841590e-01 -4.773325406530604109e-01 2.661105039073563376e-03 9.999871589287532281e-01 -4.311974181131223403e-03 -9.177640759687422101e-02 1.623637014205706330e-01 3.822708707554215487e-03 9.867235726044399913e-01 5.204656309099708444e+00
9.847075324672054375e-01 -4.559626817708699147e-03 -1.741558980697019143e-01 -5.697704236076630568e-01 3.677913876921173799e-03 9.999787350046549506e-01 -5.385178818013048804e-03 -1.000151675007627805e-01 1.741767648636026455e-01 4.662295798025778600e-03 9.847033625281399472e-01 5.654325417225285477e+00
9.828933299830862058e-01 -7.602096343879620119e-03 -1.840187451250479556e-01 -6.539164101192170842e-01 6.405730804990725225e-03 9.999543140778003325e-01 -7.094925556507958829e-03 -1.134251339670865888e-01 1.840642993433982133e-01 5.794780390463051024e-03 9.828971259391137139e-01 6.086565732093384362e+00
9.814990434902037819e-01 -6.774875680844465523e-03 -1.913471297990300413e-01 -7.560138608488164991e-01 5.156242935549009906e-03 9.999465974674361934e-01 -8.955799675170962940e-03 -1.219027635570364421e-01 1.913976084596119565e-01 7.803476666886506249e-03 9.814815690423602801e-01 6.557119131316404115e+00
9.798285214402606691e-01 -6.540487990628130084e-03 -1.997330472426586401e-01 -8.597192485081192048e-01 4.480469978979649028e-03 9.999320316688764532e-01 -1.076412514238527310e-02 -1.214167104862514807e-01 1.997898865302082660e-01 9.652099442427255344e-03 9.797912268908630651e-01 7.020073725035998358e+00
9.782299698472584071e-01 -7.327036960525862286e-03 -2.073944176736972622e-01 -9.710827402847728163e-01 4.657034648482270486e-03 9.998999127110644869e-01 -1.335934166254443625e-02 -1.360931498444131194e-01 2.074715703102879005e-01 1.210266565495233919e-02 9.781661774416774424e-01 7.492193673662356446e+00
9.764885506112409574e-01 -1.094864086136008302e-02 -2.152910514542270837e-01 -1.090661224976712473e+00 7.846090307489457516e-03 9.998527681619280294e-01 -1.526032667655662957e-02 -1.472982178451113788e-01 2.154264524209724141e-01 1.321234110205473170e-02 9.764306812268312985e-01 7.998828225305071093e+00
9.746140123176442183e-01 -1.658214299051891105e-02 -2.232768700289771424e-01 -1.206612773727055554e+00 1.328847727357673238e-02 9.997797188738823948e-01 -1.624599713980611967e-02 -1.642699116490567435e-01 2.234970976032804868e-01 1.286656717071818501e-02 9.746196688084736159e-01 8.519954502465321156e+00
9.727961930772610621e-01 -1.752774877889701904e-02 -2.309985726767017356e-01 -1.332457699773259785e+00 1.358832405052452785e-02 9.997340288682893261e-01 -1.863396057233115272e-02 -1.903658663247966565e-01 2.312637598338077305e-01 1.498816242070794870e-02 9.727756280544498368e-01 9.030597553757978346e+00
9.706935237814415807e-01 -1.403143745707149080e-02 -2.399108248924060327e-01 -1.489744322431828305e+00 8.756224593714764803e-03 9.996961952732155154e-01 -2.304007753736105057e-02 -1.941567255197494402e-01 2.401612498166790510e-01 2.026414173926014903e-02 9.705214809453431846e-01 9.566965494247584800e+00
9.686016770605160309e-01 -1.088977033838053367e-02 -2.483791581977912166e-01 -1.646635555326136258e+00 4.574562468127811588e-03 9.996517721035975690e-01 -2.598868981602599909e-02 -2.109449325352094617e-01 2.485757007276372110e-01 2.403646295797833357e-02 9.683141908358865457e-01 1.010939717763352874e+01
9.662298208476685080e-01 -1.366667130145985017e-02 -2.573191702353658794e-01 -1.801068064135348923e+00 6.679199590581011425e-03 9.995853471604664309e-01 -2.800942802327085340e-02 -2.330236546164252687e-01 2.575952857501654925e-01 2.534485816526876878e-02 9.659204519918653808e-01 1.066582680428124696e+01
9.638947795409960051e-01 -1.559598798830007585e-02 -2.658262802279084402e-01 -1.959732644377035315e+00 7.955961946162303997e-03 9.995244111959598055e-01 -2.979336995522567644e-02 -2.640777131206163419e-01 2.661645417858853335e-01 2.660276961139740326e-02 9.635604492630446272e-01 1.123101212990032849e+01
9.617651648103802131e-01 -1.535668402898197719e-02 -2.734445633590319447e-01 -2.142663012278056556e+00 6.723664562160565350e-03 9.994497517177591828e-01 -3.248061541843517974e-02 -2.853007026807061197e-01 2.737929198084328997e-01 2.940017591740883007e-02 9.613392134718607984e-01 1.179746411781415105e+01
9.593062955880439224e-01 -1.465437929695527844e-02 -2.819869981752943233e-01 -2.334848296787129573e+00 4.651073714388950266e-03 9.993369602843524824e-01 -3.611109516902763494e-02 -3.079797463462699003e-01 2.823292362201785810e-01 3.333005901141408711e-02 9.587383941276039767e-01 1.240891175855573003e+01
9.571598703341437364e-01 -1.577513993727909861e-02 -2.891299519742589474e-01 -2.534924068711001510e+00 4.023226294179345353e-03 9.991430166707219174e-01 -4.119514392447580498e-02 -3.396857857628583499e-01 2.895320502092366688e-01 3.826710335373103428e-02 9.564030629951345563e-01 1.300665562735717984e+01
9.554003891338055388e-01 -1.657431780555582851e-02 -2.948480454107424986e-01 -2.734564193383012931e+00 2.439915348282175201e-03 9.988327254140743072e-01 -4.824137245233504900e-02 -3.798842817181579123e-01 2.953034786901318487e-01 4.537042232319622725e-02 9.543256254521202964e-01 1.363936369066660070e+01
9.539178793914371290e-01 -1.654966199107925015e-02 -2.996110412532889122e-01 -2.950729918774227301e+00 -3.650498537266622752e-04 9.984131668999487452e-01 -5.631177051765496461e-02 -4.163739444536136980e-01 3.000675698745623454e-01 5.382617811360449617e-02 9.523981337086142585e-01 1.427411423158644332e+01
9.528460459201022470e-01 -1.679639533793817613e-02 -3.029889110766651461e-01 -3.154709262459260977e+00 -3.108905131085918944e-03 9.978742446978091651e-01 -6.509478469076822316e-02 -4.598863121290137634e-01 3.034382181439749804e-01 6.296727270405087784e-02 9.507683093820888942e-01 1.489761844623385656e+01
9.513173500448205422e-01 -1.629796208828487164e-02 -3.077818550808303910e-01 -3.375804257300308198e+00 -6.880151875114430722e-03 9.972291629187751694e-01 -7.407197459691004793e-02 -5.064977965943289195e-01 3.081362953989524311e-01 7.258354150604645616e-02 9.485692670364046508e-01 1.554834178308679427e+01
9.501028035316424480e-01 -1.543399744061028055e-02 -3.115548780410799523e-01 -3.617893594713518457e+00 -1.044718375193785451e-02 9.966405117534253844e-01 -8.123141767174958672e-02 -5.660472708848044432e-01 3.117619647911529235e-01 8.043307050118599089e-02 9.467497047149324718e-01 1.619616852276231000e+01
9.482897938903778190e-01 -1.443572514869877199e-02 -3.170773780138541054e-01 -3.859002269945182029e+00 -1.416484619805989838e-02 9.960452910892422240e-01 -8.771049485853532612e-02 -6.278359466210232664e-01 3.170896155494216662e-01 8.766632104195296038e-02 9.443351050203800945e-01 1.686160076743000857e+01
9.466958350520452425e-01 -1.298294069642620847e-02 -3.218671017349539754e-01 -4.108777665139079716e+00 -1.807215416846049208e-02 9.954731973027050040e-01 -9.330870162303886439e-02 -6.970801249559713808e-01 3.216215220235160710e-01 9.415179303515201770e-02 9.421756976452502208e-01 1.753955000167510292e+01
9.449909475396033320e-01 -1.068847565884263780e-02 -3.269217869011921684e-01 -4.359931376185889107e+00 -2.291383822016833036e-02 9.948474420494024528e-01 -9.875991955388109533e-02 -7.722215903042956020e-01 3.262929244785741090e-01 1.008182651102704358e-01 9.398769104109943040e-01 1.820710339895720509e+01
9.431435845126725503e-01 -8.226991202799800729e-03 -3.322837391018329534e-01 -4.635449314582213098e+00 -2.723816015047933123e-02 9.944183308831824331e-01 -1.019326591535001519e-01 -8.494617123694496730e-01 3.312676632738226212e-01 1.051879346956991479e-01 9.376551846041454308e-01 1.892695791601147093e+01
9.415874151358677446e-01 -7.748086553080926059e-03 -3.366795158940535937e-01 -4.900656093761319276e+00 -2.876955710803656696e-02 9.942299396528140321e-01 -1.033399046558072243e-01 -9.275168652251009060e-01 3.355375702404294058e-01 1.069896732358732588e-01 9.359314952113185759e-01 1.963313319067031770e+01
9.390933890478462276e-01 -6.615602482912714966e-03 -3.435983409858379134e-01 -5.189447585576179023e+00 -3.041325326554726594e-02 9.942919740530322681e-01 -1.022668575178270478e-01 -1.012696485850472561e+00 3.423136620547038156e-01 1.064880796842077870e-01 9.335318168991217913e-01 2.036569728969579174e+01
9.367874406229674822e-01 -7.384881814698548465e-03 -3.498210233900863053e-01 -5.500901519297577202e+00 -2.986653005986723841e-02 9.944407890440734032e-01 -1.009728250496621932e-01 -1.098016364617985241e+00 3.486219956358216909e-01 1.050380146524395319e-01 9.313590803329592216e-01 2.113735447350849839e+01
9.341840563265526587e-01 -6.826087679582659891e-03 -3.567261419275384315e-01 -5.801055961515428017e+00 -3.053060881681014457e-02 9.946204462106850164e-01 -9.898509628890748979e-02 -1.179649079872808981e+00 3.554828269656231665e-01 1.033613650832037045e-01 9.289501574627625491e-01 2.189321208782439854e+01
9.311376835023262855e-01 -6.620627802802897532e-03 -3.646077003756866830e-01 -6.139610501839795731e+00 -3.041893043802378765e-02 9.949404742514557087e-01 -9.575041903218636796e-02 -1.262758613423403009e+00 3.633969234207852228e-01 1.002477991223988812e-01 9.262251722462182535e-01 2.265145176185979281e+01
9.268176633622438043e-01 -3.797954653387666541e-03 -3.754924648106375273e-01 -6.579702485246387234e+00 -3.260412017754681785e-02 9.953586555739087904e-01 -9.054349328272151554e-02 -1.341992445689781821e+00 3.740935797487877634e-01 9.615991168061091554e-02 9.223921510638477539e-01 2.360545440780349224e+01
9.235778854866267817e-01 -1.895285530332828676e-03 -3.834061636967291964e-01 -6.907285625025381570e+00 -3.321801827710453570e-02 9.958321306522260885e-01 -8.494075959019845024e-02 -1.418644924777248795e+00 3.819691954578996462e-01 9.118540163749042082e-02 9.196655738611473341e-01 2.433276296602885935e+01
9.200926504506410364e-01 5.060610800032055902e-04 -3.917004418578077241e-01 -7.259812384243452321e+00 -3.493970836993424284e-02 9.961189365090795667e-01 -8.078538136921238622e-02 -1.491072811570881562e+00 3.901393812266030769e-01 8.801593717934061423e-02 9.165394030402795877e-01 2.510772446904930177e+01
9.165007748100211238e-01 1.274954474187954762e-03 -4.000308533196680894e-01 -7.593149795171767913e+00 -3.592088084822316063e-02 9.962175171772945648e-01 -7.912234807524333446e-02 -1.567684571660273418e+00 3.984168960108827040e-01 8.688515545083791425e-02 9.130799280126844497e-01 2.586336654810162017e+01
9.122501701641186900e-01 3.065323832023515195e-03 -4.096220480595618718e-01 -7.955396238766854644e+00 -3.861264190420080761e-02 9.961630721531556931e-01 -7.853782207820866890e-02 -1.647357282382109656e+00 4.078096527237798363e-01 8.746273171417842662e-02 9.088682976827259230e-01 2.664628828311630215e+01
9.087330346683765159e-01 2.851781732273186813e-03 -4.173680901712628066e-01 -8.335788492862267418e+00 -3.861074997672438169e-02 9.962630932842254650e-01 -7.725970614829021088e-02 -1.712850966684042797e+00 4.155881327974346728e-01 8.632334308110990728e-02 9.054472920473980446e-01 2.739385622640633855e+01
9.045123485791106699e-01 2.289039543785913091e-03 -4.264412781998639934e-01 -8.707866308750320528e+00 -3.814916810604266489e-02 9.964105762033057534e-01 -7.556859530710320627e-02 -1.781959901413773473e+00 4.247376500836872459e-01 8.462110926561959567e-02 9.013529852175840018e-01 2.817209421463779861e+01
9.004894087166327443e-01 3.406584340448211984e-03 -4.348645827055236945e-01 -9.108608016296299681e+00 -3.915350460880736433e-02 9.965432794992084009e-01 -7.326994721218157980e-02 -1.862306681847018197e+00 4.331118165073813420e-01 8.300528532091926148e-02 8.975100517841589909e-01 2.896877622528750607e+01
8.967026708469625351e-01 4.245449557052649765e-03 -4.426130189563564077e-01 -9.513651521313191139e+00 -3.886354870567550190e-02 9.968473710036857005e-01 -6.917324741679960198e-02 -1.931961358769769932e+00 4.409239899233577953e-01 7.922934929772719459e-02 8.940406981493520533e-01 2.974262221792548289e+01
8.930416778138980938e-01 5.690346172411782540e-03 -4.499379529560850743e-01 -9.935252169072962047e+00 -3.839370126803102329e-02 9.972371597423210776e-01 -6.359220746983444694e-02 -1.995360328506480707e+00 4.483330284929788467e-01 7.406527600250541188e-02 8.907928224437811071e-01 3.055571247678026126e+01
8.890830913026660509e-01 4.636047604983562290e-03 -4.577223470388349646e-01 -1.037015634134865749e+01 -3.572936059718725271e-02 9.976007743481574153e-01 -5.929674068447949448e-02 -2.061731238975879510e+00 4.563492992353204714e-01 6.907385673545629601e-02 8.871156243491769011e-01 3.137237637978794780e+01
8.856495711223727474e-01 3.625048167186562410e-03 -4.643400440571306409e-01 -1.082040236015077106e+01 -3.418176998398153588e-02 9.977655539307274113e-01 -5.740646303714205118e-02 -2.124092923915794628e+00 4.630944460382780958e-01 6.671397431377532050e-02 8.837945449469000181e-01 3.220495567275969506e+01
8.823218366293370529e-01 4.473918930280772893e-03 -4.706252732436722042e-01 -1.128131494605890417e+01 -3.513487744399155371e-02 9.977906907576511442e-01 -5.638505758165977821e-02 -2.185172964754397817e+00 4.693332899172621420e-01 6.628512883594703253e-02 8.805297026130118887e-01 3.303328797009621809e+01
8.792997822203163505e-01 4.956544773711275831e-03 -4.762429040854175843e-01 -1.173787522825072038e+01 -3.511142787921151670e-02 9.978994538662303571e-01 -5.444140936988296070e-02 -2.239817618343997729e+00 4.749727370560404283e-01 6.459188786251542080e-02 8.776268039134537124e-01 3.388305336391498912e+01
8.766084100980624516e-01 2.879618157072572418e-03 -4.811957931530559396e-01 -1.226963033205930031e+01 -3.248108655722778404e-02 9.980555250278553281e-01 -5.319907757457637693e-02 -2.295197003239921596e+00 4.801069659636108544e-01 6.226452193706228516e-02 8.749974048740825072e-01 3.478154516278357278e+01
8.742625442596205776e-01 5.229171898324535975e-04 -4.854531015377317460e-01 -1.274994941994778941e+01 -3.007584686598106793e-02 9.981367633295863406e-01 -5.308904362413779943e-02 -2.352895233073061032e+00 4.845208679398074203e-01 6.101417636364358382e-02 8.726493124107932431e-01 3.565395452129755682e+01
8.712006290665995634e-01 8.058564676532706857e-04 -4.909264718816572226e-01 -1.321014219722017913e+01 -3.106906996283499353e-02 9.980845597387535406e-01 -5.349696900591923571e-02 -2.414795474288613075e+00 4.899430633074267072e-01 6.185922222119632358e-02 8.695569311946471647e-01 3.646825538562281821e+01
8.699968899999307448e-01 1.765188214351741001e-03 -4.930540272482972219e-01 -1.370615132006805936e+01 -3.261014888523428717e-02 9.980100442609771694e-01 -5.396781917577576915e-02 -2.473118499886250987e+00 4.919776489798425856e-01 6.303040054985713236e-02 8.683231957390922240e-01 3.732478132949154315e+01
8.692435224782716352e-01 1.055513902018463939e-03 -4.943830097297909343e-01 -1.421942583367436974e+01 -3.139901860979617959e-02 9.980967107604296062e-01 -5.307602856074217917e-02 -2.533532336785807360e+00 4.933860757776744599e-01 6.165913680494902044e-02 8.676222467612991762e-01 3.819819405175313420e+01
8.694254255389295416e-01 7.250812493150584313e-04 -4.940636340539446003e-01 -1.475507934244557262e+01 -3.012885165457773393e-02 9.982156190026058029e-01 -5.155408842425725918e-02 -2.596500738489878390e+00 4.931447059245301356e-01 5.970800680581161979e-02 8.678958954584649055e-01 3.911163515606244090e+01
8.695562618982403125e-01 -8.987954439414219026e-04 -4.938330481861682442e-01 -1.527854068283516220e+01 -2.790193599216412093e-02 9.983114897542828547e-01 -5.094753839004691892e-02 -2.658842375376754497e+00 4.930450391320798098e-01 5.808065020369783393e-02 8.680629283474768920e-01 4.001007265118501977e+01
8.686142102199654325e-01 -2.962665100617923025e-03 -4.954801211214920897e-01 -1.577066097642771325e+01 -2.597033933724048060e-02 9.983353910704314549e-01 -5.149739832796241396e-02 -2.717638205681746300e+00 4.948079534231501486e-01 5.759915991262916368e-02 8.670913687096035716e-01 4.088119921928356604e+01
8.672000683749226946e-01 -3.798430651990105777e-03 -4.979453773534324168e-01 -1.631884279875717425e+01 -2.568047647805259820e-02 9.982991089006697516e-01 -5.233923302008297584e-02 -2.785286221053207001e+00 4.972972707933498993e-01 5.817606163234648187e-02 8.656275127244077439e-01 4.182414166633703445e+01
8.658661754331906657e-01 -3.862690311793295830e-03 -5.002607529179421419e-01 -1.685208210558329256e+01 -2.462907088392270183e-02 9.984285113483156726e-01 -5.033794415064216793e-02 -2.848412811356642038e+00 4.996690787541797074e-01 5.590688119030474273e-02 8.644103532184940208e-01 4.272523777650155807e+01
8.636652503987921614e-01 -2.955841591069075045e-03 -5.040571156411649545e-01 -1.741001530218067472e+01 -2.384747494915338828e-02 9.986234675016059104e-01 -4.671694128486920256e-02 -2.913886471943501810e+00 5.035013969458688177e-01 5.236828936981868798e-02 8.624058920996021671e-01 4.366876592742730878e+01
8.606427890158309113e-01 -3.057418015439330051e-03 -5.091999737074187626e-01 -1.796713798521199124e+01 -2.150285320579841189e-02 9.988717836062698252e-01 -4.234140554570007403e-02 -2.981590923425812445e+00 5.087549813981263602e-01 4.739007825312857580e-02 8.596060573778996350e-01 4.460683479833976861e+01
8.569771745647223327e-01 -4.223821115010239179e-03 -5.153370331376564417e-01 -1.852224881520576361e+01 -1.918193240470666971e-02 9.990120739207029033e-01 -4.008663094967129803e-02 -3.035164758493404946e+00 5.149972806382822066e-01 4.423848843992997382e-02 8.560495215145750292e-01 4.552180890273655933e+01
8.525985788247758546e-01 -1.015620692424418735e-02 -5.224676845159552663e-01 -1.906618946568856998e+01 -1.412664615419922769e-02 9.989977746516318646e-01 -4.247226371442267695e-02 -3.092479132166428002e+00 5.223754592815793574e-01 4.359250824293896265e-02 8.516006065235924849e-01 4.646580871402115775e+01
8.470650847829931385e-01 -1.052372375047829801e-02 -5.313849647092744322e-01 -1.964899950298964271e+01 -1.637187078155565023e-02 9.988128442947763475e-01 -4.587873244214010077e-02 -3.158442225551405969e+00 5.312369837457510124e-01 4.756203845510480199e-02 8.458871909222308583e-01 4.736133845251996632e+01
8.402292256636699763e-01 -1.267826806300359314e-02 -5.420831021089052015e-01 -2.021003153913450845e+01 -1.443199417918274337e-02 9.988495445521163862e-01 -4.573074478710285190e-02 -3.213059608205617756e+00 5.420392956638252491e-01 4.624764809990967313e-02 8.390795997842137588e-01 4.825729577239630430e+01
8.352256208980805008e-01 -5.801041683638241339e-03 -5.498767807185417356e-01 -2.082161249488944321e+01 -1.972050002412667827e-02 9.989851872109625219e-01 -4.049310797776520948e-02 -3.282876435845876628e+00 5.495537166492640013e-01 4.466472662907242791e-02 8.342636318909572024e-01 4.919533148739485284e+01
8.299583062457241978e-01 -5.024073307344749037e-03 -5.578027856255006744e-01 -2.141258385971984524e+01 -1.762859166420899931e-02 9.992237539299173577e-01 -3.522959871829099698e-02 -3.339063463986961189e+00 5.575468334638186141e-01 3.907237657114438767e-02 8.292254898243586192e-01 5.007063588839608315e+01
8.262359430206077660e-01 -4.011380842164299389e-03 -5.633099026594198255e-01 -2.202689626692828284e+01 -2.030173424754217262e-02 9.991130040718497751e-01 -3.689238140922296294e-02 -3.393752394624007351e+00 5.629582830942616578e-01 4.191797949688927383e-02 8.254216329075426684e-01 5.095077351104168883e+01
8.225585523219444140e-01 -4.964975286267149686e-03 -5.686587259082328538e-01 -2.265154170555214819e+01 -2.256474463533168079e-02 9.988894330869986238e-01 -4.136098155736441656e-02 -3.448160476035354804e+00 5.682325997649224636e-01 4.685346868321103864e-02 8.215330145910573201e-01 5.181793712186009770e+01
8.200325159187012991e-01 -6.846650974908318268e-03 -5.722759561654812144e-01 -2.324920658375859617e+01 -2.537230659467842875e-02 9.985104293608033643e-01 -4.830286237387838161e-02 -3.514680066791301627e+00 5.717542708320153544e-01 5.412987823681337379e-02 8.186373047204955622e-01 5.267969271447507396e+01
8.175545204430629820e-01 -5.518202530105359611e-03 -5.758247382579114726e-01 -2.390588057773424424e+01 -2.837988551204239512e-02 9.983528686940289498e-01 -4.986103136934205704e-02 -3.583116276699234160e+00 5.751514772889499971e-01 5.710595232573092983e-02 8.160513008629082243e-01 5.357928320457070015e+01
8.149231953392994665e-01 -5.311398216839886485e-03 -5.795446011379435935e-01 -2.451637020666284172e+01 -2.636665043600856101e-02 9.985829191807612526e-01 -4.622709659677825406e-02 -3.646869668146325072e+00 5.789689290705550828e-01 5.295218297861875589e-02 8.136283454799395631e-01 5.447694381283361764e+01
8.115003257469977083e-01 -3.844014517971671395e-03 -5.843392964213331986e-01 -2.516027384071812989e+01 -2.440165467589198306e-02 9.988831978993253369e-01 -4.045880695530777726e-02 -3.707070151778926181e+00 5.838422736530926027e-01 4.709118051893388529e-02 8.105002463536773449e-01 5.537669754884505835e+01
8.084136524752350006e-01 -3.714769444938266496e-03 -5.886030383645289854e-01 -2.577410959344718933e+01 -2.251305737434889861e-02 9.990532555009906668e-01 -3.722562166383856785e-02 -3.760587602236224125e+00 5.881841162635195186e-01 4.334495465236837958e-02 8.075646620237744155e-01 5.626371249303557676e+01
8.057608946042977838e-01 -2.536559893631999425e-03 -5.922355189131236486e-01 -2.642844555449179822e+01 -2.466107121512527839e-02 9.989798046092386308e-01 -3.783106005202355182e-02 -3.814124877805668667e+00 5.917273325952788765e-01 4.508795211621287324e-02 8.048763107864639332e-01 5.710089945889169627e+01
8.023737841714426722e-01 -3.377860104679508441e-03 -5.968122499566881345e-01 -2.707257964077120604e+01 -2.537186440413158328e-02 9.988869151900938714e-01 -3.976429366282810407e-02 -3.872746011338125349e+00 5.962823196137261306e-01 4.704806710991078084e-02 8.013949706384637661e-01 5.800209551161228205e+01
7.993994302885494285e-01 -5.721467148566332026e-03 -6.007726640390641526e-01 -2.772986669611324118e+01 -2.472942622734575907e-02 9.987938824804271087e-01 -4.241746559749235562e-02 -3.935953488761407826e+00 6.002907968401739458e-01 4.876526117291821172e-02 7.982937672310238542e-01 5.887186454638462862e+01
7.937738724438939686e-01 -5.876094628299499342e-03 -6.081845818276763183e-01 -2.836755198434679315e+01 -2.530230963406788006e-02 9.987686400870061654e-01 -4.267317881484396225e-02 -3.987042030025189643e+00 6.076864873327928462e-01 4.926132893400050200e-02 7.926477674690998176e-01 5.965276587562055965e+01
7.884661065415621284e-01 -8.066472514080489861e-03 -6.150252900127067823e-01 -2.904712225207674692e+01 -2.224385667479630846e-02 9.988859658137390074e-01 -4.161782034889107557e-02 -4.049787471439835862e+00 6.146758873862065986e-01 4.649477524375809218e-02 7.874082976446992177e-01 6.053207742811284220e+01
7.848622855255222852e-01 -7.142128648392533433e-03 -6.196290445720064044e-01 -2.970497969939076910e+01 -2.325769612825442229e-02 9.988895199849907591e-01 -4.097335993326989279e-02 -4.108722510622298429e+00 6.192336414807120271e-01 4.656958953026114206e-02 7.838245944894872697e-01 6.136380002689599422e+01
7.791587101539991789e-01 -8.090451056296705384e-03 -6.267744565809423296e-01 -3.040993176063463110e+01 -2.319999311149120724e-02 9.988593714044492478e-01 -4.173382958404842774e-02 -4.180165452058049347e+00 6.263972337406394919e-01 4.705843990119130266e-02 7.780822784415517557e-01 6.223291268485647265e+01
7.738239646848467101e-01 -1.037191986975122271e-02 -6.333157636250751343e-01 -3.110973326296776165e+01 -2.158180005350840078e-02 9.988535984482483920e-01 -4.272835715417309943e-02 -4.231320800174476204e+00 6.330329576383199042e-01 4.673232151096481934e-02 7.727130168669050780e-01 6.305735591218503799e+01
7.688319825279428255e-01 -1.065218990842762767e-02 -6.393620836029980659e-01 -3.181266772981849655e+01 -2.230962832554135925e-02 9.988056899967743263e-01 -4.346804924542295445e-02 -4.296387052490292291e+00 6.390615803200488942e-01 4.768355732086454468e-02 7.676761174752830819e-01 6.390363943560652871e+01
7.622199408332164250e-01 -1.155314139724678002e-02 -6.472150024217999675e-01 -3.251506496669583157e+01 -2.263206246909417463e-02 9.987537976268155981e-01 -4.448189751841739870e-02 -4.360147757256166656e+00 6.469223991352464065e-01 4.855279981022400659e-02 7.610085915399681378e-01 6.474237818725477212e+01
7.565512393697427784e-01 -1.612488509204133488e-02 -6.537355473149082385e-01 -3.323891317622705088e+01 -1.827996490373859015e-02 9.987837907364951473e-01 -4.579069100397137326e-02 -4.416361021880461202e+00 6.536788927113917902e-01 4.659326802461666306e-02 7.553363498937624154e-01 6.557168348875511299e+01
7.502781829634143085e-01 -1.501716064064543242e-02 -6.609516573846661025e-01 -3.395571122379451623e+01 -2.029329280873156185e-02 9.987477865673424215e-01 -4.572795605217470222e-02 -4.485796521680140536e+00 6.608107613101561473e-01 4.772157349844308172e-02 7.490339204692434416e-01 6.640916117929707241e+01
7.442935816013228623e-01 -1.689578544445402564e-02 -6.676387951404521015e-01 -3.470461074315434047e+01 -1.693956825121048504e-02 9.988807197933938786e-01 -4.416292971751000634e-02 -4.539265657083006111e+00 6.676377465597361782e-01 4.417969795113970560e-02 7.431742986052833899e-01 6.722956467869565245e+01
7.365828436947142732e-01 -1.759337720313254236e-02 -6.761184367639867521e-01 -3.544594176592671175e+01 -1.564376043385866388e-02 9.989510090042128532e-01 -4.303661182509935929e-02 -4.611086931679606593e+00 6.761664104031882561e-01 4.227706506982436413e-02 7.355349573010731001e-01 6.804674123518094575e+01
7.313004087371239859e-01 -1.761814415453032134e-02 -6.818278854621431240e-01 -3.625141242108345807e+01 -1.681784689289509208e-02 9.988965943680099269e-01 -4.384919193241770125e-02 -4.680234444101914804e+00 6.818481513502967495e-01 4.353380928325474575e-02 7.301971968948662850e-01 6.886410036760274522e+01
7.250024502476277721e-01 -1.728516886116691562e-02 -6.885293247449517651e-01 -3.701003517981627056e+01 -1.954818461881397199e-02 9.987658865029949151e-01 -4.565719431368846226e-02 -4.755433016392878187e+00 6.884688493051842606e-01 4.656107645272765383e-02 7.237698232493775530e-01 6.968667872622566506e+01
7.188267808941747328e-01 -2.006402156999537514e-02 -6.948995981420860168e-01 -3.782142430551903800e+01 -1.639271339612406730e-02 9.988162937987578038e-01 -4.579624459584934887e-02 -4.804365032664799529e+00 6.949959617497503128e-01 4.431085672601894898e-02 7.176469953070677699e-01 7.048687917519009716e+01
7.113509107593922742e-01 -1.858051733350652573e-02 -7.025913476062149998e-01 -3.858099036740161836e+01 -1.770506403700824669e-02 9.988595407756306610e-01 -4.434133588755732186e-02 -4.875385029090760547e+00 7.026140136864794661e-01 4.398167531793104046e-02 7.102106784649774296e-01 7.127177980832836113e+01
7.072795904757933627e-01 -1.703817240500624802e-02 -7.067285477141919126e-01 -3.941389661833741798e+01 -2.040590363332143650e-02 9.988008936695601525e-01 -4.450141398047069430e-02 -4.941300031685345928e+00 7.066393862264487291e-01 4.589637718021824520e-02 7.060838058546464735e-01 7.206847066584103345e+01
7.027560471439655565e-01 -1.836377332147942978e-02 -7.111938359702494328e-01 -4.025913257386452671e+01 -1.972542508161199276e-02 9.987795240224062177e-01 -4.528093380146486907e-02 -5.011336538711407940e+00 7.111574346401251523e-01 4.585005070792685239e-02 7.015361188336284304e-01 7.287897295966247668e+01
6.980499346842234942e-01 -1.905262851555408407e-02 -7.157955249868329650e-01 -4.110125931867596449e+01 -2.186295176853248270e-02 9.986127667438648992e-01 -4.790143032142228641e-02 -5.083092024493264027e+00 7.157152577496129764e-01 4.908699412834072184e-02 6.966650385719118654e-01 7.368046390675100099e+01
6.933833239167743745e-01 -2.088111294744051868e-02 -7.202662702885562762e-01 -4.190847148615326745e+01 -2.249656776168829433e-02 9.984654323097267303e-01 -5.060324810194774536e-02 -5.150963836638573490e+00 7.202176863695016751e-01 5.129096825788611452e-02 6.918495237734992864e-01 7.444165266568914774e+01
6.889284513466076287e-01 -2.173144495000526449e-02 -7.245034745645575480e-01 -4.277179599354658279e+01 -2.273064604513564194e-02 9.984110824620836544e-01 -5.156179977705386414e-02 -5.223499157686039673e+00 7.244728726400109231e-01 5.199082383797254403e-02 6.873398361913090060e-01 7.525317859096010409e+01
6.830095573515526652e-01 -2.183048156380675703e-02 -7.300830937741908944e-01 -4.362807191090768555e+01 -2.154165961233151308e-02 9.985163883840031396e-01 -5.000972069277608012e-02 -5.296052025545435527e+00 7.300917340198295191e-01 4.988431918955082284e-02 6.815259742644446117e-01 7.603548005352772066e+01
6.783786277854619851e-01 -2.230189387439867818e-02 -7.343738890708833011e-01 -4.449457142429336898e+01 -1.984149107227020994e-02 9.986185424143654288e-01 -4.865522479773167625e-02 -5.369316251154259589e+00 7.344445425546684003e-01 4.757773848455854743e-02 6.769989798001729842e-01 7.679787617545433420e+01
6.728155421218862120e-01 -2.297742202942692352e-02 -7.394533332187519514e-01 -4.537516896661254862e+01 -1.979474255675590585e-02 9.986005974325304901e-01 -4.904092668331997557e-02 -5.446761595135305889e+00 7.395454379425604463e-01 4.763278683910334571e-02 6.714191804455835744e-01 7.760211559320188712e+01
6.692129089630791672e-01 -2.360383873024419349e-02 -7.426956927605976588e-01 -4.624830521057363342e+01 -1.969450042387343655e-02 9.985808124230360905e-01 -4.948211350900243860e-02 -5.517100061906042185e+00 7.428097044124767345e-01 4.774109027161606983e-02 6.677983086138851165e-01 7.834933097373559008e+01
6.644389696739366746e-01 -2.466666821125658438e-02 -7.469353144154422530e-01 -4.715192366992483386e+01 -1.818702395222612789e-02 9.986254736960510359e-01 -4.915677340545266533e-02 -5.593177187746829482e+00 7.471212322632672098e-01 4.624620696796948732e-02 6.630770666300127569e-01 7.915761174515097309e+01
6.595472926630366883e-01 -2.571947833335647832e-02 -7.512228903912947509e-01 -4.801379821800859560e+01 -1.676898274368147923e-02 9.986622358707247793e-01 -4.891358911896514367e-02 -5.662866943791581065e+00 7.514760333518911706e-01 4.485806929565907403e-02 6.582336814662386182e-01 7.990954664084583214e+01
6.561834080730613028e-01 -2.807008362649797070e-02 -7.540791477534719567e-01 -4.892837651826187084e+01 -1.436439924075963437e-02 9.986621778303498287e-01 -4.967410919685940479e-02 -5.739349074318381483e+00 7.544647494981943092e-01 4.342722083265532218e-02 6.549023440965888732e-01 8.068583493029342435e+01
6.522753443332803824e-01 -3.253963228935873725e-02 -7.572833071502272917e-01 -4.984859361890035245e+01 -1.156077137042685506e-02 9.985348135220621923e-01 -5.286365136077341570e-02 -5.821448588592645024e+00 7.578939724480368012e-01 4.323643573546815527e-02 6.509434521446576527e-01 8.145851856698824633e+01
6.479470863822072157e-01 -3.714418518205454128e-02 -7.607790962999192441e-01 -5.077000149940504059e+01 -7.097197381388472420e-03 9.984724622970576613e-01 -5.479390017949354458e-02 -5.894046634259123785e+00 7.616523172099159966e-01 4.090294810762769989e-02 6.466937013207356699e-01 8.224670053753507659e+01
6.411440770832934621e-01 -4.070929373543073770e-02 -7.663399910697622497e-01 -5.169212271951381155e+01 -2.113309628980839482e-03 9.984945780452906261e-01 -5.480980411526602952e-02 -5.974176340027439025e+00 7.674176561902312788e-01 3.676049492292272208e-02 6.400928548714163169e-01 8.300471127306906283e+01
6.316189390072318721e-01 -4.641894740374179207e-02 -7.738880768095626195e-01 -5.262144758047260495e+01 6.027190471282526871e-03 9.984697847500999535e-01 -5.497051830347691320e-02 -6.054402372726501724e+00 7.752555943982540887e-01 3.005604890490426451e-02 6.309322062426684363e-01 8.377157597956394852e+01
6.234589792483701265e-01 -4.539729938218067112e-02 -7.805369450892966077e-01 -5.357382065387092496e+01 5.354088054386482200e-03 9.985373824799949061e-01 -5.379994611851428299e-02 -6.143678136343718066e+00 7.818377600073745937e-01 2.936299612888645244e-02 6.227901582716351969e-01 8.448605114559674689e+01
6.153123366496451307e-01 -4.482938810925438111e-02 -7.870076255526078368e-01 -5.454549159012010762e+01 7.409481749582871347e-03 9.986664171643921950e-01 -5.109284445216370069e-02 -6.219838084909294018e+00 7.882486154475766282e-01 2.560673870780290004e-02 6.148239361859626495e-01 8.522296964213877857e+01
6.066608072634741555e-01 -4.524215801114226526e-02 -7.936723225921958891e-01 -5.552487024627748013e+01 8.268786541315220270e-03 9.986843544635363168e-01 -5.060814748343279296e-02 -6.299014703825379868e+00 7.949178190518357834e-01 2.413927272935242202e-02 6.062367582729898396e-01 8.595048299065976494e+01
5.953828487489312149e-01 -4.576680643913983576e-02 -8.021375324354759195e-01 -5.648800613478451282e+01 5.420079961093499446e-03 9.985823435541143489e-01 -5.295214440191254451e-02 -6.378084394647371091e+00 8.034238845061603129e-01 2.717914893931043865e-02 5.947868576969546073e-01 8.665984962961790927e+01
5.876165182159799327e-01 -4.726509669616154458e-02 -8.077578754718430787e-01 -5.747553359842098075e+01 5.161333557312038252e-03 9.984910831199222958e-01 -5.467095251650312682e-02 -6.465864500615975174e+00 8.091231371445927190e-01 2.795644596538503571e-02 5.869737986640979344e-01 8.738206391606807699e+01
5.760980042732303241e-01 -4.914677685393008949e-02 -8.159017261608428884e-01 -5.851821578305087712e+01 5.647264849937595928e-03 9.984062200759457051e-01 -5.615268118715315698e-02 -6.544956575079383221e+00 8.173611496912032148e-01 2.774183415505113159e-02 5.754573756508242210e-01 8.807597100078375263e+01
5.671295863834793227e-01 -5.073028309042525857e-02 -8.220647185652361078e-01 -5.952133189938626145e+01 9.691266543634726241e-03 9.984432392553460600e-01 -5.492889068123366081e-02 -6.626554821066142686e+00 8.235715892730397503e-01 2.318495104027117060e-02 5.667383443611745397e-01 8.874294040933439476e+01
5.564433781650158783e-01 -5.003772073867251979e-02 -8.293774332201164778e-01 -6.054180351843551477e+01 1.030945157992669246e-02 9.985239463638182489e-01 -5.332582524417869840e-02 -6.708154213918524178e+00 8.308216077627466056e-01 2.112237586719712887e-02 5.561378954711663214e-01 8.942208614254346344e+01
5.470162564673040073e-01 -5.099702024595856309e-02 -8.355671477021301419e-01 -6.160464118177925030e+01 1.146617892429258566e-02 9.985054896259927260e-01 -5.343510534774133930e-02 -6.795330975714561461e+00 8.370434860554629708e-01 1.964910835023451693e-02 5.467834839067033936e-01 9.007910325532553486e+01
5.357392335101579528e-01 -5.147910187665293708e-02 -8.428127398867969466e-01 -6.265280445114194663e+01 9.189434635236968726e-03 9.984361607889585821e-01 -5.514327669464379883e-02 -6.880987733918754401e+00 8.443335181243574183e-01 2.179744381024685193e-02 5.353744857008836400e-01 9.072148397304732725e+01
5.261024813550059243e-01 -5.203104389852911821e-02 -8.488279496683175385e-01 -6.373904523869113348e+01 8.200313634261310880e-03 9.983905580593189777e-01 -5.611631604680464985e-02 -6.969108066817067737e+00 8.503816752493897901e-01 2.256227742020817245e-02 5.256824205856757137e-01 9.132500467406221389e+01
5.162640646462606231e-01 -5.289585642322185144e-02 -8.547943444742105434e-01 -6.479753444213271507e+01 6.984234069152119549e-03 9.983176766482728670e-01 -5.755906001291581642e-02 -7.052350740275990404e+00 8.564010122838003891e-01 2.374559064592636839e-02 5.157649787054665591e-01 9.193972714436436888e+01
5.061229924296779537e-01 -5.273093358735590069e-02 -8.608477823335054513e-01 -6.588744051440278326e+01 5.820464202031300563e-03 9.983152978727505289e-01 -5.772940035010239168e-02 -7.144688548824476904e+00 8.624417034891191935e-01 2.420764359886065295e-02 5.055772496975715624e-01 9.258318198990937731e+01
