1.0 -3.3060500841676016e-19 -2.270457535318767e-19 -8.673617379884035e-19 7.546676715296109e-19 1.0 6.23777358882305e-19 1.3877787807814457e-17 -3.4473856805262506e-20 4.77070017605201e-20 1.0000000000000002 5.551115123125783e-17
0.999945714921411 -0.0022863494206686184 0.01016601585941805 0.019201724437991778 0.002275612286291499 0.9999968411719181 0.0010676292822674217 -0.007913903948693596 -0.010168424986887315 -0.0010444374032077654 0.9999477539066712 0.291732157508098
0.9998466753456413 -0.004010347611219697 0.01704553360779439 0.028888838819129313 0.003985927469920551 0.9999909789451503 0.0014663855278867668 -0.014972700401287675 -0.01705126183942109 -0.001398218473967375 0.9998536357092088 0.5850927869481384
0.9997937230276188 -0.0067043215293626475 0.01917208189438616 0.03405519467061644 0.00671013376835182 0.99997745649347 -0.00023882961760436893 -0.01732188641855953 -0.019170050111813566 0.0003674275865360855 0.9998161704789115 0.8820637434117053
0.9998216332867457 -0.007876386260225058 0.017165686987405646 0.030457887583573002 0.007902817068760263 0.9999676917086784 -0.001472424818277693 -0.020843724421542156 -0.017153536426882256 0.0016078195401693445 0.9998515750045763 1.190610414740488
0.9998825012836704 -0.01106116899112727 0.010613055225971625 0.03651509563356011 0.011095732750173184 0.9999333107907729 -0.003203346999303041 -0.024080974669322797 -0.010576915635818834 0.0033207303837628245 0.9999385479255569 1.5034943645708045
0.9999283139080677 -0.011902204691936716 -0.0013086008738204158 0.02331192502851776 0.011896144947936386 0.9999189055756268 -0.004545440402800549 -0.033097330729884245 0.0013625956192989353 0.004529547361120111 0.9999888105163058 1.8373568973549328
0.9997834906388505 -0.011463123114262747 -0.01736578202562387 0.004210456619017838 0.01138115106429767 0.9999236595192338 -0.004811867492453061 -0.042339136775892725 0.01741961651388749 0.004613183330156989 0.9998376198419159 2.1539273710750875
0.9993308711940454 -0.0075455772580362065 -0.03578924205499963 -0.03162186751852313 0.007358785625643801 0.9999586201885103 -0.005348083539545597 -0.044564023543490316 0.03582811937738142 0.005081139690660141 0.9993450486174447 2.5044555221250806
0.9983834968883963 -0.00395048459484485 -0.056699125530419295 -0.07579427690170462 0.0035996556561805884 0.9999737515148622 -0.0062883576520860775 -0.052824255078899 0.056722483775097095 0.006074095196435704 0.9983715115967418 2.8337598207504344
0.9971631932805578 -0.003215391680206126 -0.07520127922081606 -0.1278896392850242 0.002728968345333749 0.99997469486182 -0.006570150334408482 -0.05695966241119145 0.07522050829420178 0.006346290291834431 0.9971467318576225 3.212395388525972
0.9953314338213827 -0.004143009369216179 -0.09642705499878543 -0.17693101089753044 0.0035866795899891606 0.9999759148946882 -0.005942054743137426 -0.06221413516482206 0.09644935880088666 0.005568460931058097 0.9953223212839294 3.5917490423558265
0.9932575664494367 -0.005171437750195236 -0.11581305021183033 -0.23524141315665592 0.004607986753751286 0.999976207868694 -0.0051323858191722 -0.07069785807356459 0.11583684383225272 0.0045641160883383896 0.9932577656818694 3.9721145113366902
0.9910639243123373 -0.004489740784019224 -0.13331218932973743 -0.30526882645518105 0.003910192707775287 0.9999817348321333 -0.004608791621436062 -0.07837067004096064 0.133330459989519 0.004046330664191385 0.9910633808555297 4.361091410928818
0.9888091500715284 -0.003639320313825037 -0.14914162561575658 -0.38518511306657843 0.003048881879539229 0.9999865886350513 -0.0041873576774399705 -0.08758554797643905 0.14915487785458584 0.003685782353391599 0.9888069812934206 4.793719846128281
0.9866007347184504 -0.0027984101277793703 -0.1631292927210046 -0.4611507361266001 0.0021645207719674414 0.9999894036784021 -0.004063419343977668 -0.09251975677188319 0.16313895044280327 0.0036558757365604422 0.9865963316031477 5.187597322992537
0.9845347200801277 -0.0041263094072579425 -0.17514098387493343 -0.556717003372765 0.003335376037813557 0.9999828663542135 -0.004810098256530763 -0.10088990878217087 0.1751578439455214 0.00415154753523798 0.9845316135656593 5.632893783033737
0.9827933372369735 -0.007036161386485144 -0.1845745036000281 -0.6459675713058397 0.005852826926179295 0.9999586800213264 -0.00695519486730835 -0.11373969926095827 0.1846158304548747 0.0057552365317529485 0.9827939127417002 6.077897508844442
0.9812384519194169 -0.006222162208713185 -0.19269763586050823 -0.7488366334109223 0.004653596812557943 0.9999522605637976 -0.008591580934444848 -0.12211844373342036 0.19274191284122896 0.0075336524664605395 0.9812205675167859 6.534889011621684
0.9796391360933975 -0.006495838076331922 -0.20066129874644478 -0.8577254860656061 0.004445171247154824 0.999933208463368 -0.010668429647767217 -0.12493869376813646 0.20071720879214922 0.009559237046128266 0.9796025854432349 7.002095475334624
0.9781507408090363 -0.006639086164915267 -0.20779087698312648 -0.9679331415502151 0.004005968858471534 0.9999062977570958 -0.013090195053109526 -0.1362984820357762 0.20785832806785032 0.011971779924709025 0.9780856814338682 7.491249721866891
0.9762655467583276 -0.010827352280564998 -0.21630612647083372 -1.0839730487577814 0.0077687221917163785 0.9998575322529035 -0.014985587637652452 -0.14968498288489837 0.21643758292977203 0.012949490794453717 0.9762105709887691 7.990558149507606
0.9744493941588313 -0.01631850812603655 -0.22401358691026552 -1.2062298349082545 0.013028988107815326 0.9997846122709061 -0.016154842728680466 -0.165581919084083 0.22422897096854771 0.012823406641390058 0.9744521135702631 8.517226651834717
0.9725721640834878 -0.017372687102533046 -0.23195167246846338 -1.3315076925062197 0.013438015668117363 0.999737941981413 -0.01853272034800612 -0.19083641880681895 0.2322128649291498 0.014907438516398959 0.9725507439350997 9.025731022458395
0.9703343961480078 -0.013737231891185532 -0.24137615553498995 -1.4875224667809015 0.008504066379021584 0.9997059449128644 -0.022708972974113915 -0.19316779721127592 0.24161715043104962 0.019982618574604625 0.970165888939128 9.550364457193885
0.968349598726529 -0.010567984588301106 -0.2493739328936901 -1.6362984023643166 0.004323512985938571 0.999663552229582 -0.025575073829959806 -0.20914561570225162 0.2495603289346848 0.023687441374238786 0.9680694990438892 10.092424716835948
0.9658914794841015 -0.013025030453881096 -0.25861940898100305 -1.7964045848501682 0.0060753077664970016 0.9995991068560374 -0.027653457183186427 -0.230823995933261 0.258875946924198 0.025139045679583364 0.9655833936598613 10.640143555618687
0.9636609750940343 -0.015045000071075986 -0.2667042866865996 -1.9615563576113608 0.00741718100885249 0.9995347580754256 -0.02958465175877845 -0.26323284331966124 0.2670253268000602 0.026531380375607302 0.9633242268305405 11.220726999592292
0.9615070141268791 -0.014830792760786133 -0.27437986929544017 -2.132021107069896 0.006257486353142617 0.9994652297283347 -0.03209508299118338 -0.28616102505746877 0.27470915848422534 0.029142719285788925 0.9610856261447864 11.780236400212571
0.9590055253155556 -0.014502029517688917 -0.2830160675564688 -2.348581526569225 0.0046148496144638555 0.9993565117044765 -0.035570529657039315 -0.29904122075634654 0.28334982384352464 0.032806258209018384 0.9584553429799683 12.404527436495833
0.956971597559408 -0.01524976990635089 -0.2897806212130913 -2.5448583479040736 0.003631533052479717 0.9991693359856814 -0.040588733645880365 -0.3264396820505181 0.29015889970736775 0.037789918122499544 0.9562320564549108 13.005623895526785
0.954972062730878 -0.016181407360900395 -0.29625414368181374 -2.7537393922922964 0.002102036747487111 0.9988555934466701 -0.04778162153722394 -0.3644783889489907 0.2966883068970493 0.04500737653632543 0.9539132038224521 13.639049983734878
0.9537398557924753 -0.01630940345647202 -0.30019041998054685 -2.967664820773157 -0.0005117670635859872 0.9984378516415968 -0.05587126431680338 -0.396862993112579 0.3006327341412565 0.05344027917414374 0.9522416225659281 14.281570884101447
0.9526354270674473 -0.016339207012688015 -0.30367543264299485 -3.175015094392508 -0.0034615603314481027 0.99790838311116 -0.06455127562733035 -0.44234516469155355 0.3040950027543635 0.06254502296992324 0.950586319821393 14.911520293734101
0.9510590106340187 -0.016225763196363853 -0.30858302099093504 -3.409476734367409 -0.0067676155445275344 0.9972872068357866 -0.07329679783140484 -0.48502314625710313 0.30893522848471755 0.07179795152832051 0.9483691725301948 15.559797808699168
0.9497621622607448 -0.014922338549346022 -0.31261661289945675 -3.6462998732836085 -0.010823015781558207 0.9966992740054207 -0.08045757214725562 -0.5400168004634637 0.3127853964994532 0.07979901301309968 0.9464657537338349 16.20301706042121
0.948065427821836 -0.013840367801373477 -0.3177741163519629 -3.8867631899729256 -0.014507286693393526 0.9961316644828097 -0.08666748918284312 -0.599558359443057 0.317744397342088 0.08677649188213964 0.9441971976953547 16.88216679198317
0.9464006330896619 -0.012366233702402538 -0.3227582947934343 -4.150414368755675 -0.018570283140496135 0.9955306433569437 -0.09259526819116558 -0.6663029638833443 0.32246085533183194 0.09362593418697895 0.9419411835533946 17.558687590157323
0.9451258025458882 -0.010077421294248263 -0.3265511478210135 -4.398502284027536 -0.023235330418295827 0.9949197953020319 -0.09795260055381011 -0.7368745589445739 0.3258793410130974 0.10016505257556854 0.9400902221520803 18.251804113502303
0.9429897827515404 -0.008092607787189898 -0.332723254093087 -4.6882609051485975 -0.027205658900178398 0.9944845473585509 -0.10129328091335942 -0.8086082525313497 0.3317078886128294 0.1045704905502117 0.937568609889909 18.958905050264445
0.9410175887892337 -0.007358593937481523 -0.33827759648980427 -4.9618934397998045 -0.029083407209956506 0.9943043335428517 -0.10253317546874827 -0.8811076262371781 0.3371054099554404 0.10632379064418182 0.9354438576679146 19.66580392020773
0.9388906898612436 -0.006189323410894336 -0.3441597860990025 -5.262513130372975 -0.030731058333716116 0.9943384535871915 -0.10171840839200282 -0.9652076378278871 0.34284091177514003 0.10607886365269899 0.9333849165515652 20.416483033250927
0.9366234623004654 -0.007212805349824174 -0.3502633944230649 -5.578671839889407 -0.02980469822306895 0.9945229167874544 -0.10017911804326397 -1.0367698992283665 0.34906757651235326 0.10426960785921317 0.9312785209120801 21.18641741956659
0.9341309057947307 -0.0066587466203137085 -0.35686847541120675 -5.898150878932851 -0.03048061173012987 0.9946854766244474 -0.09834502170392366 -1.1068558147013223 0.3556267722792524 0.10274469367125609 0.9289634775808222 21.956786504004693
0.931111993429087 -0.006845944682301669 -0.3646691231639879 -6.2786041354509114 -0.029964582720774405 0.9950082166591733 -0.09518807473613858 -1.1633876638716185 0.36350045685274424 0.09955792142445562 0.9262589599117399 22.74262366073482
0.9270340435569797 -0.004085547015441986 -0.3749549114206923 -6.835077857055748 -0.03195413155448119 0.9954426227457781 -0.08984944949729917 -1.1932531038373613 0.37361321358253335 0.09527485901735237 0.9226786436972426 23.771159399251268
0.9240391163270042 -0.002100578524759354 -0.3822921424577816 -7.149729070281592 -0.032661373929635466 0.9958949891711224 -0.08441800612504705 -1.267411689594153 0.38090018973625955 0.09049172841363179 0.9201773245018737 24.497010584922375
0.9198868118077423 0.0004120433124395205 -0.39218371345553676 -7.497152848744534 -0.03462412873392488 0.996179989930105 -0.08016602153341575 -1.3346661871758618 0.39065257033532247 0.08732268642181339 0.9163871082621531 25.247388136432487
0.9167717775525153 0.0015655411967395452 -0.39940836069038815 -7.83017193862952 -0.035918944323244134 0.9962636157626987 -0.07854061912747068 -1.4079774728980556 0.3977930884256904 0.0863501515793267 0.9134026066847866 26.00180833415334
0.9126460353616755 0.003812001578454662 -0.40873300852321387 -8.198124762499654 -0.03897025504714562 0.9962129557218355 -0.07772428291904339 -1.487470321155414 0.4068888707332059 0.08686318902370332 0.9093383589164891 26.78233992651332
0.9089610431122638 0.002761379331231352 -0.41687190654422474 -8.552660844336657 -0.03819697444371741 0.9963233530027368 -0.07668622394252107 -1.5515345194761159 0.41512748952665796 0.08562803701608429 0.9057245838849998 27.52579471744976
0.9050694852675494 0.0031696704800368986 -0.42525189284004034 -8.943861290387304 -0.03870454692054044 0.9964359993382763 -0.07494834938021637 -1.6218626643219227 0.4234987695140759 0.08429264671000163 0.9019664953941747 28.33154777162871
0.9006714018285978 0.0029105461848532173 -0.43449112500727427 -9.322995221178324 -0.03823888918140423 0.9966285190917523 -0.07259052316853339 -1.692089152490844 0.4328150044020823 0.08199466776365372 0.8977460990796503 29.104011848610337
0.8970443965135433 0.005052873684817516 -0.4419115312656214 -9.713889059357857 -0.03929925061945034 0.9968853084473313 -0.06837575491844718 -1.7649201677463222 0.4401896606906833 0.07870288021932904 0.8944489550391259 29.887287127500777
0.8937812436495812 0.00552379961086598 -0.44846912603186484 -10.14613348908472 -0.03776021433483575 0.9973007767630584 -0.06297084272884569 -1.824833238075502 0.4469108078523855 0.07321644951330453 0.8915773095873607 30.704423001687378
0.890233524230648 0.005329659902297095 -0.45547322548850694 -10.57009996558891 -0.03603738189755497 0.9976213096495701 -0.05876240107951805 -1.889058056162919 0.4540766521616683 0.06872632244486643 0.8883080061197822 31.499177213163318
0.8860332382565481 0.0035113182835604818 -0.46360839621425937 -11.003413115969963 -0.03363382148829393 0.9978232975244651 -0.056722455443920454 -1.9488334488640104 0.4624001276360019 0.0658509042336157 0.8842227142189872 32.34440718986208
0.8828130488761677 0.004573402273368761 -0.4697022256648022 -11.452008167148898 -0.03483416047772173 0.9978366020322368 -0.055755624505907896 -2.005793249016835 0.46843111535222304 0.06558347669227813 0.8810624890915958 33.170185789970716
0.8801797254968012 0.003731579917884771 -0.474625856210552 -11.9102341882669 -0.03336570959654919 0.9979817345492883 -0.054029442861509756 -2.0490852988344455 0.4734663557637812 0.06339185024033117 0.8785277999539108 34.02007234837617
0.8776623974952057 0.00270596684583035 -0.4792717134473735 -12.395247863263712 -0.031929603565311236 0.9980926359463438 -0.05283559176312811 -2.0936564733821363 0.478214628387349 0.06167476829923923 0.8760747765584507 34.90753644995093
0.8745821616757867 0.0017748920820174726 -0.48487407644444314 -12.853709018146795 -0.03123116593636903 0.9981230131444637 -0.052678950491153384 -2.147953105885016 0.48387051860817015 0.06121525457636733 0.8729960151797498 35.77701294979098
0.8720219303538634 0.002519644105178843 -0.48946029429814075 -13.350443617466802 -0.03266973867839412 0.998056426966548 -0.05306657072660544 -2.2098500648945665 0.48837532554484664 0.06226575470553877 0.8704094026795888 36.63921100701931
0.8712283774591001 0.0011519076337805415 -0.4908765320598538 -13.856648989766983 -0.03154577752558519 0.9980615722788674 -0.053646686844940714 -2.2622256854866345 0.4898632446892951 0.06222359819909378 0.8695759002620328 37.51334997884705
0.8712681820033843 0.0014336827617067388 -0.4908051318151226 -14.356450071533377 -0.03134317278038344 0.998117111974516 -0.052724232046721914 -2.321506808673046 0.48980544501550954 0.061320337081717094 0.8696726160221 38.386152763248894
0.8706178802660497 0.001396221073628073 -0.4919578581563328 -14.874807821338162 -0.03049956473352871 0.9982255593304661 -0.05114202505647852 -2.383498632362407 0.49101354052998153 0.059529663429273835 0.8691156104034843 39.28405302059989
0.8706222485479913 0.001057416099048326 -0.49195097748190314 -15.392163206595235 -0.029847090069882856 0.9982690616427086 -0.05067568440799227 -2.446167100663009 0.49104589785401853 0.058802683527877514 0.8691468198093004 40.1925136419059
0.8700589493302936 -0.001379714136444795 -0.49294573400356406 -15.900273475240132 -0.027459182973480267 0.9983077580081658 -0.05126017613819344 -2.5098559272522976 0.49218232286329133 0.0581352622413913 0.8685487226615408 41.10661055916729
0.8687108539494007 -0.003261024909709001 -0.49530878464165795 -16.41818370717023 -0.025843009732920287 0.9983179424870267 -0.0518982136292448 -2.5698211141254905 0.49464492659149345 0.057884812634405924 0.867165363563573 42.0242700896663
0.8674000102877277 -0.003357472935389627 -0.49760017556519676 -16.936077356632314 -0.02485596908658897 0.9984366265320698 -0.0500648742949194 -2.6312393498069326 0.4969903667405783 0.05579460699570733 0.8659604831802029 42.92695628367339
0.8650446870446667 -0.003318326615271398 -0.501683824335875 -17.49629812415282 -0.023087832520183302 0.9986553781862234 -0.04641542946560583 -2.689424841422062 0.501163314027604 0.05173421362538403 0.8638049147691103 43.90124419315084
0.8622574001007257 -0.002918738515953036 -0.5064618729864152 -18.03159084342203 -0.021398161233069354 0.9988805497823063 -0.04218716766002159 -2.7503299482114647 0.5060180994997319 0.047213551037643624 0.8612297001169683 44.824299084028425
0.8586069401388696 -0.005412314716948906 -0.512605896790522 -18.57651442696519 -0.017649488117398367 0.9990393447989309 -0.040110906036803326 -2.7963934080224515 0.5123305954768063 0.0434867343492979 0.8576865950621998 45.764910509811166
0.8538628349340603 -0.008088023671573047 -0.520435232289217 -19.14542358456727 -0.01642884340678575 0.9989622746779043 -0.042479076219366765 -2.853836071362905 0.5202387733633783 0.04482145399005256 0.8528438803880358 46.69763429144267
0.8488763391758075 -0.010498780374768937 -0.5284871886150309 -19.724089227860144 -0.016181151616207808 0.9988180553156307 -0.0458330258341294 -2.915334525678903 0.5283437842656762 0.04745810278092571 0.8477031355085618 47.602747260879276
0.8413951177958748 -0.00995103435851137 -0.5403287884191934 -20.302023057188762 -0.017509335649278368 0.99880358288782 -0.045659971488268516 -2.9757565899375185 0.540136742307311 0.047878876455104184 0.8402142193163054 48.50572763450597
0.8366093703417264 -0.0076599040259882805 -0.5477463448412423 -20.900394766847487 -0.017438209101066127 0.9990230821561006 -0.040605270436195606 -3.0310197641012695 0.5475223200031814 0.04352246560858166 0.8356584975021735 49.398116562993515
0.8315625447971489 -0.004872867782561855 -0.5554097202027617 -21.516239861764888 -0.017679628720578 0.9992225978300138 -0.035236680996207366 -3.091693596316245 0.5551496965827898 0.03912094238278644 0.8308299473728376 50.27404073855073
0.8275861711323828 -0.00419851675096463 -0.5613229635017675 -22.12077526398508 -0.019862069768766134 0.999126839611788 -0.036756777470486876 -3.1472342227706616 0.560987212060434 0.04156843655459791 0.8267801692558293 51.18584838733054
0.82412981737365 -0.006241020698755031 -0.5663665412178285 -22.740865972068434 -0.020819182614459038 0.998929778566775 -0.041301960973036685 -3.198211367359392 0.5660182252039833 0.04582946597024395 0.8231178940595754 52.03991041389453
0.8205601168975539 -0.00879841152686513 -0.5714924697921469 -23.328776047389734 -0.022934431850676115 0.9985693877320966 -0.04830317992053851 -3.263150816947884 0.5710999245823302 0.05274251906587038 0.8191844253703499 52.908455862655465
0.816953159828199 -0.008536650163742398 -0.5766408262822935 -23.97126467163896 -0.02481999758927388 0.9984435366270136 -0.049944672810933996 -3.324608980393579 0.576169714191118 0.05511468281168496 0.8154697235447878 53.76640498174458
0.8152027377567175 -0.00579535228270745 -0.5791466849673563 -24.592439899646266 -0.025801520762675258 0.9985938169256178 -0.04631067139380437 -3.390725501819339 0.5786007272110594 0.05269545280712369 0.813906885317665 54.65561415897811
0.81163524574507 -0.0042832611334466695 -0.5841488268593196 -25.230559334680017 -0.02390043828373508 0.9988923317385281 -0.04053239919663778 -3.4515185985777985 0.5836754380132047 0.04685893681138964 0.810633852516402 55.55172617538441
0.8092028876728984 -0.005739512533703804 -0.5875012417800758 -25.876188865925208 -0.02020180753301755 0.9990891836358315 -0.03758569850662261 -3.50153385159044 0.5871819152033022 0.04228304223461145 0.8083499086912702 56.44041675832826
0.8064474148530413 -0.001416263817104508 -0.5913040979523343 -26.51483636535588 -0.02625114534865196 0.9989254275476257 -0.03819508188103079 -3.5609019080083626 0.5907228434465984 0.0463247351277792 0.8055436475993332 57.27812120915845
0.8024649306162512 -0.00335632015826231 -0.5966898168694006 -27.172506493953605 -0.025392371067294243 0.9988862488488839 -0.039767845172890885 -3.616691603290365 0.5961587804237672 0.04706367070291728 0.8014859705348651 58.164452054244585
0.7996555542884606 -0.005822179464132299 -0.6004307361476485 -27.84081249456362 -0.024556273899511837 0.9987993556492386 -0.04238914964086652 -3.6800197421107397 0.5999566814696421 0.048641060871243605 0.7985524800623011 59.027414231881444
0.7960972584658771 -0.0065368841077518254 -0.6051333740139572 -28.493557421331964 -0.0244433545005539 0.9987783234448582 -0.04294620845187999 -3.7350788858111867 0.6046748839204397 0.04898084800381459 0.794964908089265 59.860815267435164
0.790290088267018 -0.007707906801126439 -0.6126843662478066 -29.158889031472686 -0.022668258947323053 0.9988685819336541 -0.041805677403557395 -3.7958292113823866 0.6123134498187407 0.0469271007864203 0.7892212097993279 60.727777095359706
0.785295198313726 -0.008786638252196022 -0.6190591265340387 -29.82827750049062 -0.02124380218424375 0.9989280761892498 -0.041126724239776626 -3.8506630376331916 0.6187569631491888 0.04544778993324011 0.7842667654970245 61.54028180251791
0.7808568661826396 -0.007956573045304704 -0.6246592825152205 -30.521529334728946 -0.023222280584104756 0.9988580966975333 -0.04175198058877803 -3.9204425748337104 0.6242782342060369 0.04710833414901494 0.7797804271198272 62.35557692567469
0.7749350156756593 -0.010591499832283068 -0.6319521332396677 -31.216326189871126 -0.02135845461059649 0.9988496855876687 -0.04293162112301008 -3.975035300325896 0.6316799511726497 0.046766737898445786 0.7738173787366722 63.19455062645985
0.7698803936939927 -0.011147296536238768 -0.6380908126781678 -31.91037051598984 -0.02169378221302263 0.9988124895432537 -0.04362337588091538 -4.035971266138226 0.6378194031525968 0.047427385323368876 0.7687243267627539 64.02523450952208
0.7641041647150446 -0.010722749077347726 -0.6450037255986022 -32.6452592775905 -0.023730688832477462 0.9987178684325104 -0.044715584374707525 -4.106444931198693 0.6446562686984635 0.04947374762912853 0.7628700268524453 64.88253136349775
0.7585803176643515 -0.013857942546411574 -0.6514321327289173 -33.349325987685596 -0.02112000048475269 0.998725523238015 -0.04583976389290974 -4.164838893866105 0.6512371948291488 0.048531390591496276 0.7573208390976337 65.7158656737256
0.7525182723887076 -0.016305122481028753 -0.6583694684030178 -34.08841099132482 -0.01859710792098282 0.9987686861867411 -0.04599196802172458 -4.221347250706579 0.6583087681863562 0.04685356411413472 0.7512884514245516 66.53214087098799
0.7462431673994785 -0.015175867359947996 -0.6655004078641925 -34.86047241393803 -0.019328868450698932 0.9988245664412116 -0.04445085744211317 -4.291169151159428 0.6653927929878783 0.04603451855647012 0.74507267615931 67.39405043936567
0.7401125362877433 -0.015164720689058758 -0.6723120064291904 -35.63261793014223 -0.019258818366810707 0.9988576868167516 -0.04373131751601568 -4.361895413922899 0.6722072372230377 0.045314031109597905 0.7389750368955056 68.21353013919246
0.7343205842016681 -0.016670846066865343 -0.6785980585358543 -36.382612476835725 -0.01800390933533436 0.9988683632263482 -0.044021081994667276 -4.424916650410681 0.6785640474370557 0.04454300454665632 0.733189462571984 69.01113479690952
0.7269906942387766 -0.019237210199123063 -0.6863777509585116 -37.15681371584552 -0.01721018695380181 0.9987829448999019 -0.04622154833366471 -4.491182030583778 0.6864316238699646 0.04541532545759282 0.7257748408613216 69.84596130678538
0.7226249346724565 -0.015468184283777452 -0.691067212721242 -37.892246574357266 -0.02258976883006551 0.9986871387401388 -0.04597498613533595 -4.557784254126097 0.6908711500271013 0.04883372042411356 0.7213268065874051 70.61825654353956
0.7169809953165761 -0.01709664735088674 -0.6968829981132227 -38.70647795917876 -0.01976569848045675 0.9987986591551247 -0.04483928798467101 -4.6212341067057405 0.6968124565804475 0.04592329715993783 0.7157817355282994 71.41968208068316
0.7124769477536231 -0.015884963776169908 -0.7015156685347507 -39.482662985905954 -0.022049690405067515 0.9987431893371823 -0.04500953572564123 -4.686451984745994 0.7013490259483678 0.04753645925850289 0.7112312329091948 72.24363764747565
0.7070022809322165 -0.01859768156135634 -0.706966660029402 -40.303899805377725 -0.01926846498302126 0.9987765069904763 -0.045543554342716855 -4.747261789609443 0.7069487603302516 0.045821559039842204 0.7057789220773076 73.02639549522033
0.7027005163454515 -0.01986540334375775 -0.711208345221596 -41.143093692061804 -0.020581690590558206 0.9986242373723735 -0.04822895757432119 -4.8232832386085684 0.7111880359882954 0.04852838404393941 0.7013249062821753 73.82395598653908
0.6982196335891616 -0.02300138680757707 -0.7155139704514201 -41.98572763310644 -0.019406143428881462 0.9985082571224383 -0.05103579435594604 -4.887033651332643 0.715620562088319 0.04951956058824526 0.6967317092884004 74.61395747153462
0.6923707478931624 -0.021729514396244584 -0.7212146180954014 -42.82841342638957 -0.022837580170059636 0.9983856740256032 -0.052004640983172375 -4.966175633047327 0.721180441917349 0.05247728943546039 0.6907567880812346 75.4308463598723
0.687778825631927 -0.022509839560208283 -0.7255711819660527 -43.6740161974414 -0.020475605382456706 0.9985198687672101 -0.050386796815533194 -5.033900605692483 0.7256314991530007 0.04951148228273824 0.6862999156008632 76.21945579940548
0.6837134749550162 -0.02162100972427157 -0.7294301709443255 -44.54733408627795 -0.021108056352336195 0.9985568256303275 -0.049383299331977985 -5.114505164144702 0.7294452605953535 0.04916088047212139 0.6822703794146566 76.99370043530224
0.677624129971735 -0.02367597994390601 -0.7350271724171914 -45.41504972026482 -0.01886380492052782 0.9985931738013272 -0.0495563171120535 -5.185746081173869 0.7351664755823891 0.04744596611015323 0.6762242062269381 77.75069721868286
0.6743744575216314 -0.022853074258375586 -0.7380357592971413 -46.276284978785135 -0.020723803337692626 0.9985414033320613 -0.04985577215955605 -5.2580269746342285 0.7380986769845181 0.048916367996264934 0.6729172091463076 78.52613936748587
0.6689798784869015 -0.02368722325715897 -0.7429029474874145 -47.19653117068477 -0.01981448663234654 0.9985685204523568 -0.04968186907505841 -5.3381575507109655 0.7430163912378047 0.04795641192367499 0.6675529010607418 79.31551663645702
0.6645771471908805 -0.025171548074609557 -0.746795522883439 -48.052579284845464 -0.01781501177514239 0.9986145782461064 -0.049513049728087295 -5.406613348679387 0.7470072853429335 0.046209413331468906 0.6632080045630134 80.09277629695009
0.6615295448980214 -0.027997762276480164 -0.7493962553509874 -48.94772009361273 -0.014792213472171776 0.9986212447773426 -0.05036673759704931 -5.483723134179723 0.7497732366399423 0.04440431469462235 0.660203300324636 80.88924873698912
0.6570345596242763 -0.03200141986438764 -0.7531808882467717 -49.84809023485875 -0.012732259164625555 0.9984850147898487 -0.05353092657364174 -5.567082794880672 0.7537529596588973 0.04476136304207094 0.6556317155858752 81.65791645613024
0.6525602904880421 -0.03719910254527499 -0.7568231269184933 -50.7955786225061 -0.007316846355033455 0.9984383362458614 -0.05538373598179474 -5.640395650258193 0.7577015140408168 0.04167878545949552 0.6512690232660969 82.4601188565764
0.6452573388280842 -0.04042985595297258 -0.7628947171853032 -51.70188511218437 -0.0029777603504186423 0.99845801442551 -0.0554322037958976 -5.724328356282303 0.7639595196306405 0.03803975361438485 0.644141976746406 83.20186286879374
0.6380619796600976 -0.04556062742284034 -0.7686358692803434 -52.64490253768763 0.004327359293247013 0.9984442886454862 -0.0555902038166205 -5.8001366767998865 0.7699728788277082 0.03214383113176536 0.6372664916944164 83.95558208079206
0.6298747660028294 -0.04652345320851541 -0.7753020627985264 -53.57187756563199 0.00673838181766912 0.9984941935550141 -0.054442084637509616 -5.884413552834963 0.7766675111201432 0.029067414376281964 0.6292397904421566 84.69235276936902
0.621265101409012 -0.04412650060014447 -0.7823570018720384 -54.52621548507223 0.00572335496254211 0.9986420919617417 -0.05178053026371748 -5.966608323021375 0.7835795839749348 0.02769172930653063 0.6206740266292465 85.45808313602593
0.6110673660887942 -0.043753653233673966 -0.7903684208112041 -55.51663545692218 0.005472630829528305 0.998680880625112 -0.05105440706315079 -6.053797040007086 0.7915597121861273 0.026872287057853137 0.6105007432860942 86.18139226740531
0.6040726133173785 -0.04386424298970944 -0.7957211534231742 -56.43337328307263 0.0020557630692852142 0.9985665140590684 -0.05348548646471766 -6.1288599806689525 0.7969266598894056 0.030673304066294243 0.6032968626235533 86.88747413733176
0.5941489758944104 -0.0465330473775041 -0.8030078548066669 -57.465380471960174 0.003652376384583208 0.9984709867190027 -0.05515742077124255 -6.218597253907865 0.8043467564273038 0.029838837831550242 0.5934104773865871 87.61027868041948
0.5832901930060314 -0.048995665230925134 -0.8107847541016354 -58.471138452945574 0.004728346663800739 0.9983669955576985 -0.05692960547326752 -6.284359008687982 0.8122501136658572 0.02937280932048935 0.5825693514362703 88.29843458877674
0.5733848589796683 -0.049577801037066854 -0.817784677307226 -59.4750507572619 0.007010944388187846 0.9984277585669116 -0.05561351833795008 -6.376590193361915 0.8192561922037154 0.02615450632694646 0.5728309524534204 88.99995818628203
0.5622453291009912 -0.049943882149909906 -0.8254609214196164 -60.50180810959286 0.00941609306313312 0.998496557538092 -0.053999696427626476 -6.45961735792259 0.8269169138917746 0.022588460218495896 0.561870303360917 89.69254194323481
0.5532418681806837 -0.050203466127268566 -0.8315064542674467 -61.54259739743845 0.00916304959437083 0.9984886691040443 -0.05418864567391601 -6.547607810537879 0.832970304566354 0.02236029198236832 0.5528657527152723 90.3401329500729
0.5434691739855713 -0.052154290617736895 -0.8378073337718134 -62.60323931134002 0.009847250756900211 0.9983954588575352 -0.05576333293891754 -6.624384787470407 0.839371401649537 0.022055552781287315 0.5431107271568938 90.9613989580549
0.5330805076577461 -0.052048582304613226 -0.8444619888774418 -63.683460078353704 0.007378293467400542 0.9983539794672132 -0.05687607637217101 -6.714256438791967 0.8460323763486097 0.024088839512832545 0.532587082875041 91.60328828837248
0.5236599738389606 -0.052321553933475554 -0.8503191349036832 -64.71456242691737 0.005255823131200267 0.9982917044310465 -0.0581898102014114 -6.804824828080569 0.8519111911180675 0.02600254758136895 0.5230404017299932 92.22964376023965
0.5139644669159215 -0.052354969316466334 -0.856212254590077 -65.79979429931517 0.004340739117869595 0.9982816917254765 -0.0584364690182693 -6.895877085100928 0.857800530119338 0.026317674059850176 0.5133085713586021 92.86583630163247
0.504009801787618 -0.05011659138084499 -0.8622426484204225 -66.88514419185047 0.002713961956840633 0.9984020674271528 -0.0564442562163123 -6.985065594578842 0.863693704243224 0.0261083636708717 0.5033404407852293 93.45347710652854
0.49661887979831754 -0.049121160005818426 -0.8665776020441074 -67.9635209600833 0.0047102293794356875 0.9985351356849261 -0.05390171050284222 -7.06932371615731 0.8679559704678222 0.022686827665722418 0.49612277451675646 94.04816490101622
0.4879898118156772 -0.04935134161334665 -0.8714529963928335 -69.10932512601278 0.004916599036828287 0.9985398829293651 -0.053795250828659304 -7.159377306615358 0.8728355194424103 0.021966949553367362 0.48751992525495774 94.65798066250602
0.4812325944618865 -0.052249425605128505 -0.8750343559058447 -70.21310169767321 0.006306889240125729 0.9984025673601736 -0.056147372430948604 -7.245175458817062 0.8765702853239298 0.021501200945736976 0.48079339817794 95.2513474454079
0.47567215020760134 -0.05557763916768973 -0.8778650647893937 -71.33150912484628 0.008505366271400706 0.9982458758935843 -0.05859030568368144 -7.336402424774764 0.8795815643663105 0.020403211979317156 0.4753104738988145 95.81613647323503
0.4668460934749537 -0.058222702807522 -0.8824198468925809 -72.45588170837887 0.00966824213650441 0.9981067449004561 -0.06074080467060096 -7.432144197857671 0.8842857664759326 0.019825158110757475 0.46652514162459024 96.38902401676481
0.46450440978011437 -0.06206139418328778 -0.8833934413024888 -73.57582894628285 0.011544847232131002 0.9978809299806968 -0.06403403797147669 -7.531816843759507 0.8854955851129497 0.01954544970621476 0.4642365802391889 96.93072099412421
0.45894870825194706 -0.06326555095040692 -0.8862073557508594 -74.72155446963853 0.013906983364181051 0.9978508398249812 -0.0640335361508997 -7.63471923189196 0.8883539533156618 0.017063637514950235 0.45884219192307196 97.4621964886468
0.45295056565384334 -0.060697012928719186 -0.8894670226102629 -75.8337485317593 0.015431382026123708 0.998064072164349 -0.06024940035248981 -7.7304922691684475 0.8914021115004467 0.013564294834005942 0.4530103221818078 98.01207052418556
0.45167492372667506 -0.05893897935773169 -0.8902336223548444 -76.96918168857285 0.019507498992137672 0.9982294144125314 -0.056191514715892475 -7.828313227500989 0.8919693327475289 0.008014066221848337 0.4520249418607937 98.59983317708756
0.4470831883464779 -0.058804640661483866 -0.8925573178481999 -78.09150670749955 0.021582130403506334 0.9982554041573937 -0.054957863266322224 -7.923845200743937 0.8942320171354415 0.005307448158237669 0.44757233749612874 99.124317774448
0.44166805698700373 -0.057351476645757175 -0.8953435472093118 -79.20962859431815 0.020318901286525765 0.9983382037325862 -0.05392562452049239 -8.017085991220878 0.8969484580465825 0.005624827973064121 0.4420994092804103 99.65059197038693
0.442069745506339 -0.05725883270619613 -0.8951512183159998 -80.31851597185731 0.02360044697233774 0.9983574531275586 -0.05220541303103831 -8.1064880985267 0.8966701913822903 0.00195246435768476 0.4426949613661026 100.16336832267251
0.4377859881015146 -0.0570333739297677 -0.8972683813270171 -81.448023554607 0.026771777875966334 0.9983703501793284 -0.050397540951972984 -8.190538911731057 0.8986805695039561 -0.001958133022231583 0.43859944171915716 100.681969159623
0.43609366334990485 -0.05738283191367253 -0.898069849165155 -82.56691446158632 0.02773013497809853 0.9983478686897579 -0.05032469597119696 -8.278911256508872 0.899473973607437 -0.0029573178739023395 0.4369644179603376 101.19733429155491
0.43378828492668575 -0.05752213904604058 -0.8991767672991202 -83.63905726289937 0.02981506776195411 0.9983299289684772 -0.04948153462761187 -8.365247787544824 0.9005214377425599 -0.005344506903644572 0.43477885610483735 101.7169735234093
0.43206538813858814 -0.05688423516388861 -0.9000464588017276 -84.7484520625248 0.03286128247758421 0.9983390295121113 -0.04732147970350775 -8.450112956772205 0.9012434283883779 -0.00913070862471951 0.4332170223493007 102.1968531424075
0.4300341234377824 -0.05656853703771481 -0.9010386134847438 -85.81814332814152 0.03580848487696839 0.9983184326055388 -0.045585775486319466 -8.530004260294534 0.9021022557667767 -0.012661389535679529 0.43133662395667893 102.64065200070971
0.4283822075938605 -0.05776894810297244 -0.9017490555046567 -86.89834749977979 0.037719463654196914 0.9982276325420741 -0.046030781398031316 -8.62073049632741 0.9028100576073778 -0.014294723432586648 0.4298019698640657 103.15555150205176
0.42768605027295287 -0.05931201178521975 -0.9019793014979706 -87.98204170330519 0.039372315486389246 0.9981202888373067 -0.046965082527800024 -8.696283629401202 0.9030694997594648 -0.015426703531536284 0.4292173808897406 103.5895137883238
0.4260943152216683 -0.059355486537110105 -0.9027294676160722 -89.01889332092354 0.03786299273071158 0.9981410849350428 -0.047757325793579886 -8.77775084083866 0.9038861046113376 -0.013830915274021948 0.4275496198432891 104.08321702124366
0.4274147889464321 -0.060346797858391 -0.9020392385354242 -90.07354328652677 0.03791278551481094 0.9980883647497127 -0.04880824491129952 -8.860966873174295 0.9032603633877971 -0.013337455050414929 0.42888564630385534 104.53840018542425
0.4295398530704856 -0.05976389194132592 -0.9010680990830787 -91.0927984069577 0.03519352930401364 0.9981575154801972 -0.049426625302250095 -8.939881841639567 0.9023618985409688 -0.01048106167198226 0.43085174144931737 105.0117085954718
0.43381657633009457 -0.06088259887077313 -0.8989418266378549 -92.10930377540895 0.03499583014839948 0.9981000971237979 -0.05070979563041074 -9.025959576661112 0.9003213536573056 -0.009460466741928136 0.4351230065461078 105.46386586510941
0.4389481962715664 -0.05998414014031686 -0.896507843558388 -93.11103255534175 0.030640171019653904 0.9981880891178285 -0.051785387397081085 -9.100138169494295 0.8979898261654975 -0.004738051781174216 0.43999078461060526 105.95199711485222
0.44465723942355684 -0.059893468150367335 -0.8936960564892794 -94.12854035019818 0.03031616678197452 0.998196545518944 -0.051813086152830645 -9.184846920403267 0.895187658939197 -0.004054375645025975 0.4456710550574994 106.42262069600592
0.4514855134223903 -0.059688541500410724 -0.8902797568999702 -95.12274436736524 0.03038019590566524 0.998209864090552 -0.05151804561887268 -9.268430569628626 0.8917611434489777 -0.0037872233188452316 0.45249064248705795 106.84973972883208
0.4597895128762873 -0.05852791636494748 -0.8860970743874781 -96.09213905422278 0.02966881342307669 0.9982811166422471 -0.05054288742636263 -9.345912780093112 0.8875322097634321 -0.0030503600017701316 0.460735640481466 107.26016861935175
0.47011321519592253 -0.057595584442839826 -0.8807248461660739 -97.07623086896507 0.028392187381851824 0.9983389589336935 -0.05013185906610446 -9.42374124692412 0.8821493718122422 -0.0014380555245660754 0.47096760587038417 107.74586253514367
0.4790742622256328 -0.05767017931007674 -0.8758778139196441 -98.02212526454639 0.028605906390908004 0.9983351233998176 -0.0500866808126323 -9.499850860316627 0.8773081654393547 -0.0010600399505375506 0.4799263743745498 108.27583760521249
0.48870069091505774 -0.05903027765816919 -0.8704521813139111 -99.03077373048477 0.02873587294770143 0.9982561732200912 -0.051564117133696914 -9.581365267626683 0.8719781816369812 0.0001862155243765313 0.48954477586485123 108.79538564802674
0.5004366042862236 -0.059855679950652205 -0.8637015943338232 -99.96606128730748 0.026346354598913525 0.9981981081143423 -0.05391115013450331 -9.655953766764448 0.8653722558236366 0.004223724045604551 0.5011118475994344 109.3349558915116
0.509484508391837 -0.05916856294014925 -0.8584431049670068 -100.89268844130754 0.02211156182893794 0.9982038794886163 -0.05567846196101539 -9.731239633958019 0.8601957260696692 0.009385795443101379 0.5098777221195469 109.8606806845645
0.5231935727846633 -0.05738532123656169 -0.8502795727680004 -101.82858289202167 0.01962692828163685 0.9982770346836803 -0.05529683172121235 -9.809307192268962 0.8519878687791146 0.012242569898380464 0.5234184325316567 110.41144516677674
0.5352169758819025 -0.0550011222839043 -0.8429220619491813 -102.75124215707321 0.018018211347219336 0.9983942663568498 -0.053705027856307985 -9.887858795800318 0.8445224699586524 0.013555894632581658 0.5353485777612479 110.94765092648656
0.547956169185065 -0.053625895261579105 -0.8347863418938416 -103.64089248044415 0.018736459605768266 0.9984794866679784 -0.05184272378249642 -9.960371622834662 0.8362972193123984 0.012766599881898544 0.5481277541469568 111.5168325624571
