1.000000000000000000e+00 6.052227578932375726e-19 -4.756376575484536442e-19 -5.551115123125782702e-17 7.855130909573354167e-20 1.000000000000000000e+00 -9.059422532615956870e-22 0.000000000000000000e+00 6.998588456719787483e-19 4.059807377574831132e-21 1.000000000000000000e+00 0.000000000000000000e+00
9.999319049557723327e-01 1.160551753999365145e-02 1.267784033271631859e-03 2.811117037023742049e-01 -1.160201155686715370e-02 9.999290241120616374e-01 -2.682288669504014414e-03 1.937910255711021955e-03 -1.298821304131053591e-03 2.667404649114932334e-03 9.999960709321660257e-01 2.072331398052167095e-02
9.997897274556123426e-01 2.039723500144125998e-02 2.023435625540844027e-03 5.799234977503373578e-01 -2.038792416478405270e-02 9.997820639680531363e-01 -4.496431262971102745e-03 -9.426260885670679698e-03 -2.114707620040052680e-03 4.454237307379580769e-03 9.999882085763344142e-01 2.964696439491508462e-02
9.997535721655561591e-01 2.217728320225657856e-02 1.099428320349282425e-03 8.699484323190196378e-01 -2.216857226555396521e-02 9.997270592503415543e-01 -7.340425495096445860e-03 -1.942190485870450012e-02 -1.261913673717514209e-03 7.314245222690091662e-03 9.999723685841024334e-01 3.530805225904152383e-02
9.998176448005402506e-01 1.911128900224625879e-02 -1.684655523293010233e-04 1.180399022062551095e+00 -1.911198745085369854e-02 9.997819934002658560e-01 -8.378178202061018973e-03 -2.126634032823658538e-02 8.312430228164540585e-06 8.379863260728700330e-03 9.999653617991939303e-01 3.878783520054044504e-02
9.999147996896553536e-01 1.295179412434663280e-02 -1.567967951088697354e-03 1.495053327893190342e+00 -1.296804043235776256e-02 9.998568834995245069e-01 -1.085446804865817030e-02 -2.020298384998064911e-02 1.427162384013668135e-03 1.087391978096874552e-02 9.999403168108201845e-01 4.127060789030726623e-02
9.999951828136485199e-01 1.789968418449201576e-03 -2.739604907090523005e-03 1.822022805609442742e+00 -1.822323689275165198e-03 9.999277694293768892e-01 -1.185686553815522119e-02 -2.499602441154552199e-03 2.718179627689454488e-03 1.186178793197415447e-02 9.999260477569743566e-01 4.994938661383689638e-02
9.998955980107546715e-01 -1.412120692807593801e-02 -3.071222333580677158e-03 2.152600634669668445e+00 1.408639087744110834e-02 9.998397513956610583e-01 -1.107344762627701998e-02 1.349081807657738670e-02 3.227093561802832009e-03 1.102902488596785822e-02 9.999336505935841890e-01 5.697901855083388478e-02
9.994106802474576057e-01 -3.421954854692000475e-02 -2.767951155366617840e-03 2.491630462228305198e+00 3.419932155213071395e-02 9.993898542218971892e-01 -7.066681100926374900e-03 4.616900039378166176e-02 3.008084400583340215e-03 6.967850902245427934e-03 9.999714655306450872e-01 6.458726473048091721e-02
9.985144982491093169e-01 -5.430268449356534521e-02 -4.410712640008243243e-03 2.840535345548729662e+00 5.428776191267506435e-02 9.985198890191945287e-01 -3.427694678008488555e-03 8.849167917894670832e-02 4.590318529238023547e-03 3.183148651545041671e-03 9.999846127316960320e-01 6.829604781969475513e-02
9.971925113846412669e-01 -7.471610613093593312e-02 -4.943574775839894124e-03 3.191655740782094242e+00 7.470303021760010820e-02 9.972018987467733409e-01 -2.797525944244371853e-03 1.356304140569619954e-01 5.138760720413902174e-03 2.420370058878091452e-03 9.999835898685854874e-01 7.563263059109207043e-02
9.954558920377780673e-01 -9.516366400532005887e-02 -3.495060463372268427e-03 3.589751552386975852e+00 9.514959682162726917e-02 9.954548919267564022e-01 -3.996232127441169332e-03 1.739251585931106403e-01 3.859470872319804326e-03 3.645509626064023009e-03 9.999862160354654472e-01 8.145426632697382041e-02
9.936573639146402126e-01 -1.124191841836235939e-01 -2.526321030297390673e-03 3.976043282410985036e+00 1.124046006430728523e-01 9.936488887599737030e-01 -5.263793252322533645e-03 2.284882810375505335e-01 3.102030310556190551e-03 4.946441584791552194e-03 9.999827473253861676e-01 8.862194870101007538e-02
9.917004027994223980e-01 -1.285522234515651119e-01 -2.367108270851104711e-03 4.349279073592160927e+00 1.285395665763987838e-01 9.916929016382345363e-01 -4.848227693272714502e-03 2.964039907651089822e-01 2.970698720672726272e-03 4.503718749822725916e-03 9.999856955623428467e-01 9.455233498539160342e-02
9.894441342695989849e-01 -1.449058164598354403e-01 -1.453505640343814983e-03 4.777469193720504492e+00 1.448993297115330758e-01 9.894399476700621587e-01 -3.613257464818343898e-03 3.862928958030528159e-01 1.961748166799938149e-03 3.364504684130446236e-03 9.999929180603389645e-01 1.014721138672383810e-01
9.872729309199190784e-01 -1.590257493938185829e-01 -1.643305812119854941e-03 5.205751151841448099e+00 1.590211222476696218e-01 9.872709596002416932e-01 -2.830159210298091501e-03 4.690675632980051413e-01 2.072459230951975880e-03 2.532818009211216907e-03 9.999951094798391615e-01 1.070794652029898875e-01
9.851476285593828708e-01 -1.716944973751120262e-01 -2.160157868227458033e-03 5.638952295937732728e+00 1.716846120384308561e-01 9.851419187908146968e-01 -4.425926811282532639e-03 5.419635389024406447e-01 2.887971351019187269e-03 3.989332805884709607e-03 9.999874526498024885e-01 1.127012524584096453e-01
9.833590100209228524e-01 -1.816444477304244576e-01 -3.311402219422117810e-03 6.082666521903944634e+00 1.816160794149980773e-01 9.833417807485419493e-01 -7.397727963080608093e-03 6.344727557701893561e-01 4.599995260276201585e-03 6.673211351955926282e-03 9.999672092305352811e-01 1.234091735052097044e-01
9.820678492121003300e-01 -1.884419217763960708e-01 -5.602323622536683860e-03 6.532813856840791189e+00 1.884032880995236137e-01 9.820676976709746819e-01 -6.857345616622885498e-03 7.455047590741772368e-01 6.794076713373465790e-03 5.678884663239145390e-03 9.999604531169251631e-01 1.298439343277988656e-01
9.805509529616307507e-01 -1.961160528422729032e-01 -7.670520300008250129e-03 7.018540848050483838e+00 1.960651593145517346e-01 9.805666003389132968e-01 -6.912211008501723333e-03 8.522122197977088920e-01 8.877044730944106191e-03 5.273845814836849999e-03 9.999464466994556489e-01 1.331081610255978598e-01
9.791291912180374313e-01 -2.029976695465981751e-01 -9.923400582437617856e-03 7.484320619386545026e+00 2.029312961168674156e-01 9.791654788545737231e-01 -7.280711261882154457e-03 9.513768800413744398e-01 1.119465688758003973e-02 5.114982551652022362e-03 9.999243299273887775e-01 1.409499211772657357e-01
9.770705342872325616e-01 -2.126385659889696855e-01 -1.087331231366269954e-02 7.987234425975259455e+00 2.125174939202531532e-01 9.770920830929559209e-01 -1.126777017743373771e-02 1.060864903337689125e+00 1.302021006951805011e-02 8.698662913185212578e-03 9.998773826198116277e-01 1.517433237049497230e-01
9.754110696082233245e-01 -2.201513557963901691e-01 -1.033519977257613826e-02 8.503341515573687559e+00 2.199590255594709443e-01 9.753605753306293646e-01 -1.703438291966141369e-02 1.186285625625125073e+00 1.383065527061246545e-02 1.434217777121844437e-02 9.998013550611472011e-01 1.678765487868452977e-01
9.734438561781212362e-01 -2.285982400014335836e-01 -1.223862141170857683e-02 9.017696073749613461e+00 2.283683470420728445e-01 9.734122973190886263e-01 -1.776659334816151070e-02 1.317821553680958546e+00 1.597464170397922684e-02 1.449984669113664297e-02 9.997668465027899076e-01 1.864073693550589994e-01
9.713280673550350741e-01 -2.370818499311076466e-01 -1.771849129783067273e-02 9.558406633199535207e+00 2.368439074914334974e-01 9.714392129585004421e-01 -1.451417907223316595e-02 1.470393385524662255e+00 2.065345345417377715e-02 9.901501432389070781e-03 9.997377196864641880e-01 1.916875839114129398e-01
9.692290438160969801e-01 -2.452168104614975419e-01 -2.155074885446744276e-02 1.010114103590278845e+01 2.450170085787199414e-01 9.694504599893314367e-01 -1.153711092798788244e-02 1.621348781939055295e+00 2.372147179439713233e-02 5.901827054691769457e-03 9.997014961945714928e-01 2.069371437061164332e-01
9.668351196926187052e-01 -2.543684298763216334e-01 -2.294624420875615925e-02 1.066103305042821603e+01 2.540938637357036955e-01 9.670749180145025159e-01 -1.424760093191644247e-02 1.777059913305708783e+00 2.581488510423425933e-02 7.944571352181394389e-03 9.996349622928788481e-01 2.261231458861356902e-01
9.643426164994801653e-01 -2.635728807080355840e-01 -2.393934370143386420e-02 1.121859570370194881e+01 2.632448445221942102e-01 9.645955279921534231e-01 -1.602270153918505455e-02 1.947630209620019093e+00 2.731492799760688525e-02 9.149455317022487169e-03 9.995848555083665099e-01 2.507240506453812245e-01
9.623844839282261754e-01 -2.703692201372295822e-01 -2.675473057954027081e-02 1.179804630363799234e+01 2.700248392871862912e-01 9.627233928017667752e-01 -1.581542481579874260e-02 2.119689898973106779e+00 3.003338711104343306e-02 7.996049665327931502e-03 9.995171232700068575e-01 2.729418972424391687e-01
9.597788527934096869e-01 -2.790808397222819259e-01 -3.062939899810885810e-02 1.237985312823384199e+01 2.787336141680266111e-01 9.602493448617586136e-01 -1.514021490108724902e-02 2.300574662363930933e+00 3.363716652947938007e-02 5.993795652562600856e-03 9.994158023448317385e-01 2.929844488419681703e-01
9.578084875153772826e-01 -2.851660092434932792e-01 -3.581705061651940802e-02 1.299571210009751354e+01 2.847572694291216622e-01 9.584638766096964524e-01 -1.615024378135486785e-02 2.492142729656821043e+00 3.893484959519182692e-02 5.269706420204386781e-03 9.992276358749261345e-01 3.210507937187773719e-01
9.554360214850166066e-01 -2.920544761242969689e-01 -4.295874281321317156e-02 1.360050682731995586e+01 2.915730456462701792e-01 9.563933179719481537e-01 -1.722148993324952235e-02 2.692263391252143201e+00 4.611505278106375200e-02 3.928383942500868718e-03 9.989286605430351962e-01 3.553475308808213273e-01
9.537497031052203367e-01 -2.961998632275201215e-01 -5.124840785154543416e-02 1.422763950922763954e+01 2.956795176185262886e-01 9.551249956299637800e-01 -1.763820118093644210e-02 2.901850246989618132e+00 5.417312367780822979e-02 1.669387587262178597e-03 9.985303012648159005e-01 3.891521755189101817e-01
9.522049118195080597e-01 -2.994570338027917056e-01 -6.025299343990818401e-02 1.484602468851976731e+01 2.989267245284700780e-01 9.541088765253953330e-01 -1.783910403107418288e-02 3.106320399656765652e+00 6.283002677744077558e-02 -1.024792442785828900e-03 9.980242116550968046e-01 4.278956227183466909e-01
9.499924904289108740e-01 -3.043502202780402066e-01 -6.990223937707708279e-02 1.547652928965150032e+01 3.039184933464034732e-01 9.525465175748852875e-01 -1.698093298968204531e-02 3.332470809478333962e+00 7.175324265646662592e-02 -5.112887063070880971e-03 9.974089919962036976e-01 4.704864488725721827e-01
9.483320501775805988e-01 -3.076383524271869008e-01 -7.761587364095900998e-02 1.612489209128344569e+01 3.073336400831138127e-01 9.514653714507074200e-01 -1.613951438197924054e-02 3.550533884755677771e+00 7.881395486892787960e-02 -8.548332010267410686e-03 9.968525783717120392e-01 5.258020589658100041e-01
9.460153214997384374e-01 -3.128525232898806685e-01 -8.472725464476912882e-02 1.679550355528894912e+01 3.127097751706562900e-01 9.497254697922198341e-01 -1.530256883552630863e-02 3.798304846834459347e+00 8.525510199909239195e-02 -1.201854170619873381e-02 9.962862087080416318e-01 5.841175223819564666e-01
9.438635552624963232e-01 -3.173928827543720521e-01 -9.156607849267142663e-02 1.745913264617479044e+01 3.174932209478018019e-01 9.481591414052058520e-01 -1.385115966806501134e-02 4.042262032309728248e+00 9.121541832061064170e-02 -1.599810876658901149e-02 9.957023033322977001e-01 6.516704432239492917e-01
9.418287304612077415e-01 -3.214462442648866047e-01 -9.813565553690188625e-02 1.814578400504187883e+01 3.218779361252980253e-01 9.467074358539350198e-01 -1.183824721967483527e-02 4.282137076018023514e+00 9.671106838988242915e-02 -2.043815532836098375e-02 9.951028336848574130e-01 7.229371864567951667e-01
9.399463626522994719e-01 -3.255936486204144553e-01 -1.024217008768735365e-01 1.884257523001939205e+01 3.264024393593922269e-01 9.451860594918910508e-01 -9.238726115264071781e-03 4.548580621035708482e+00 9.981512610194158419e-02 -2.474658268973124048e-02 9.946985778558092850e-01 7.972482258182455039e-01
9.378692155289543031e-01 -3.309141524233555898e-01 -1.043930194556088181e-01 1.951637694352260155e+01 3.318707740500913550e-01 9.432860761901143976e-01 -8.578621577236694024e-03 4.803217479901640274e+00 1.013114715283046363e-01 -2.659927795565379671e-02 9.944997082809313715e-01 8.708485829210963480e-01
9.357572101093220018e-01 -3.369788727766678260e-01 -1.039421178481324259e-01 2.025524115839647266e+01 3.380606214814299015e-01 9.410939400299153101e-01 -7.561233988118902342e-03 5.080476110792654154e+00 1.003674577731087925e-01 -2.806321569296695018e-02 9.945548498607627019e-01 9.586306771190268305e-01
9.339871920172708730e-01 -3.422390020916013520e-01 -1.026690494255231983e-01 2.099508390506336042e+01 3.433063041464096687e-01 9.391928287301817280e-01 -7.648464414165966063e-03 5.353344567374096030e+00 9.904365836020666281e-02 -2.810340286980163305e-02 9.946859792525472033e-01 1.043923875222508402e+00
9.317671468419871372e-01 -3.487876295709761432e-01 -1.007863316559389072e-01 2.167985569005742974e+01 3.498365772029810583e-01 9.367796894638953376e-01 -7.656869335529560908e-03 5.618439450133521085e+00 9.708512856196141461e-02 -2.812422851040606575e-02 9.948791636941174410e-01 1.124518441434331439e+00
9.290852889489787936e-01 -3.567478029218436042e-01 -9.763071249371531313e-02 2.238376854735724919e+01 3.577568648664480322e-01 9.337844019287457886e-01 -7.567990696960433944e-03 5.926069174265110817e+00 9.386590313041609512e-02 -2.789670356335107945e-02 9.951943091222753557e-01 1.205209453477534831e+00
9.256379869662005877e-01 -3.666238065335380436e-01 -9.370896330036047883e-02 2.319428241143569736e+01 3.677975307628663648e-01 9.298925535109968665e-01 -5.041455801915583658e-03 6.221498535859148582e+00 8.898754357045866870e-02 -2.979934832252002785e-02 9.955864595228024472e-01 1.291810217421735407e+00
9.228172718159723953e-01 -3.750277180261499810e-01 -8.810248150130969846e-02 2.392679579236900267e+01 3.761881507439960859e-01 9.265364704919956118e-01 -3.675071402344570227e-03 6.546555957227206513e+00 8.300837021023969864e-02 -2.975170492406973080e-02 9.961042576920320357e-01 1.370441427111675825e+00
9.197232490660305348e-01 -3.829987933297280822e-01 -8.613800509124847071e-02 2.468995686179281179e+01 3.844108464284978766e-01 9.231622328824117263e-01 -2.101975353500008684e-04 6.910965565319329151e+00 7.959980141711987811e-02 -3.291907249742014041e-02 9.962835180515577926e-01 1.449913172965776154e+00
9.163933452994372786e-01 -3.913503744537032980e-01 -8.407123492265580755e-02 2.541158059284598281e+01 3.927714979921045901e-01 9.196362906714666829e-01 3.876983853667128384e-04 7.190326968991987755e+00 7.716313929064627652e-02 -3.337607574932489191e-02 9.964593640290960730e-01 1.521710904366728290e+00
9.123418522058280855e-01 -4.006324571091716691e-01 -8.441963726232391829e-02 2.620517874015876103e+01 4.022204219727100183e-01 9.155404405013158886e-01 1.980631798802978249e-03 7.597066663700904776e+00 7.649610583712186662e-02 -3.576229001933014379e-02 9.964287072928559308e-01 1.599986102415366540e+00
9.085839826510105910e-01 -4.092142269652484510e-01 -8.377529136462309733e-02 2.697076970313933231e+01 4.108171326528051726e-01 9.117155307192366109e-01 2.092578632043122586e-03 7.927931135323817990e+00 7.552295433208539022e-02 -3.631758950221412874e-02 9.964824866297528061e-01 1.668924821177730111e+00
9.052949310716120745e-01 -4.167373620491526820e-01 -8.228475024201098442e-02 2.774167640656500211e+01 4.183554537140355412e-01 9.082796316949677262e-01 2.687844964489777538e-03 8.316216400681881282e+00 7.361749852277672812e-02 -3.685763467499735685e-02 9.966054372334202105e-01 1.739815203646114083e+00
9.015389423194140051e-01 -4.252066300633270401e-01 -8.017318142256947555e-02 2.851123415111003112e+01 4.267745907899340718e-01 9.043542767731809207e-01 2.696707611013780814e-03 8.682919888314891921e+00 7.135830239740598158e-02 -3.664699737937687080e-02 9.967777809074049866e-01 1.812465274908818369e+00
8.974123448810606973e-01 -4.345627590058048217e-01 -7.620698871969397437e-02 2.932968905977430296e+01 4.360352932994233099e-01 8.999246180270138451e-01 3.017263074634682178e-03 9.114727216727571246e+00 6.726937319455870978e-02 -3.593668619531047159e-02 9.970870370919254766e-01 1.883815905183841011e+00
8.937670010649254593e-01 -4.428436600108542898e-01 -7.120082278276906873e-02 3.012395887591728183e+01 4.442000038727935141e-01 8.959208274428718255e-01 3.632747852753818486e-03 9.502953695191663996e+00 6.218152115474766262e-02 -3.487421873236316860e-02 9.974551714922027523e-01 1.948102001628644997e+00
8.910362563409570669e-01 -4.490706685521628772e-01 -6.626082411203366995e-02 3.086315998446528397e+01 4.502521212920346239e-01 8.928956297098910033e-01 3.294028541174003673e-03 9.886272214402012537e+00 5.768469357368793266e-02 -3.276912831521423125e-02 9.977971139491518260e-01 2.009527729074261249e+00
8.868645513371808953e-01 -4.576159579265935418e-01 -6.370716681619016664e-02 3.175294654543681006e+01 4.586965486125300084e-01 8.885889285826725770e-01 2.656282556823569285e-03 1.035823280871930407e+01 5.539393709771064239e-02 -3.157800544323063896e-02 9.979655200801466064e-01 2.079517608088668812e+00
8.836927699156152949e-01 -4.638401899127712058e-01 -6.276263816307491028e-02 3.253425413272701405e+01 4.649270378977178875e-01 8.853439716656360536e-01 3.102749173497132591e-03 1.077506790208900611e+01 5.412734163329592507e-02 -3.192189265337203041e-02 9.980232584187485045e-01 2.137946112854628655e+00
8.808066213460684635e-01 -4.695199808417591658e-01 -6.108254113341229918e-02 3.337145478818462152e+01 4.705794135426843439e-01 8.823507862495841847e-01 3.406319948895277991e-03 1.122958009369453869e+01 5.229694453260239073e-02 -3.174456037575479339e-02 9.981265924043474236e-01 2.193060903074159906e+00
8.773272061026035074e-01 -4.762736863986569147e-01 -5.882221645590714892e-02 3.420857709110307354e+01 4.771638778775851852e-01 8.788136048642831710e-01 1.240633343540527723e-03 1.170249065749343487e+01 5.110282821789612767e-02 -2.915625495819809676e-02 9.982681890331134289e-01 2.255917884912910676e+00
8.754667266379719814e-01 -4.797782050038470469e-01 -5.806685033542255403e-02 3.504379888907667606e+01 4.806006591178235143e-01 8.769401290657918846e-01 2.223537651886778050e-04 1.219793720478840626e+01 5.081442045217495623e-02 -2.810160002638722315e-02 9.983131442962361879e-01 2.313110087189374831e+00
8.730412284938836587e-01 -4.841784443845324470e-01 -5.805603857446191979e-02 3.583677223181067717e+01 4.849415335589958298e-01 8.745457026412780666e-01 -1.075995915100014591e-03 1.264645958346954657e+01 5.129365763605448630e-02 -2.721442344395810786e-02 9.983130688648381712e-01 2.368869568254675873e+00
8.718695308082405893e-01 -4.862079257887066408e-01 -5.870422690076593231e-02 3.678957505399716865e+01 4.869996798210701194e-01 8.734018946156257845e-01 -9.366962301179029143e-04 1.318638677783740754e+01 5.172788909721602602e-02 -2.777228213686289832e-02 9.982745745761336664e-01 2.432569037634739306e+00
8.704622885817858702e-01 -4.887711061640221955e-01 -5.829108032993412375e-02 3.761175080823927885e+01 4.895988657361336482e-01 8.719481494886980322e-01 -1.032233057927136851e-04 1.367796401901712500e+01 5.087718573623714602e-02 -2.844935951618113648e-02 9.982995619295158551e-01 2.488458156995336790e+00
8.713280041530455655e-01 -4.874770829789554227e-01 -5.616009065002504352e-02 3.842959929140721442e+01 4.882246102697189172e-01 8.727176086926032861e-01 -4.794943437125199939e-04 1.414475888137628523e+01 4.924562860631616357e-02 -2.700091929520347794e-02 9.984213871543509145e-01 2.544464679000894236e+00
8.698001588484375324e-01 -4.903758653173138637e-01 -5.458117151660665106e-02 3.944974237791959126e+01 4.909977026332029704e-01 8.711577335946169010e-01 -2.295049282751622857e-03 1.469196944447759101e+01 4.867424223770130953e-02 -2.480299466489545648e-02 9.985071075569454946e-01 2.612700617779985635e+00
8.693074900040649311e-01 -4.912827441475482448e-01 -5.427019317888101546e-02 4.028754377023448541e+01 4.918220542990131006e-01 8.706871520999374114e-01 -3.846541973219428420e-03 1.519427529953626532e+01 4.914214703501366965e-02 -2.334740959804722585e-02 9.985193578959978833e-01 2.669252891617647450e+00
8.692168217359692584e-01 -4.914765944907085182e-01 -5.397667632424054535e-02 4.114223865292401427e+01 4.919344988451501699e-01 8.706155792502606738e-01 -5.365742517943693744e-03 1.569354252200487032e+01 4.963003541861212009e-02 -2.188900238219632782e-02 9.985275990137700841e-01 2.726659961139926480e+00
8.665083261574351159e-01 -4.964944081798885467e-01 -5.153798997028833512e-02 4.213464605903908478e+01 4.968504038145635238e-01 8.678108782743271243e-01 -6.561965445346030351e-03 1.628008217929703960e+01 4.798322326483550615e-02 -1.992062862883689500e-02 9.986497955682377414e-01 2.794208089803059014e+00
8.639369532617127145e-01 -5.013567913484565652e-01 -4.748541000937538809e-02 4.308516149878128232e+01 5.016383778621102962e-01 8.650523917322956446e-01 -6.647385719747394076e-03 1.680395208133617402e+01 4.441011206827295138e-02 -1.807764356925686475e-02 9.988496550059916546e-01 2.858361167253451018e+00
8.622956202078188026e-01 -5.045964507524673959e-01 -4.275398260492273977e-02 4.386836487019656516e+01 5.048079735563099080e-01 8.632069476303922961e-01 -6.496082460397082682e-03 1.730560920761043420e+01 4.018348084540365739e-02 -1.598102665211618284e-02 9.990644321617887513e-01 2.915422170612591124e+00
8.590685662774647513e-01 -5.103744491671527994e-01 -3.897760933807529332e-02 4.480613645201523099e+01 5.104911977298710601e-01 8.598493140561133119e-01 -7.636588093281954787e-03 1.786130768062403362e+01 3.741240131647540629e-02 -1.333740546178448574e-02 9.992111196664219541e-01 2.974625399939166304e+00
8.515435216859088552e-01 -5.227443448657221881e-01 -4.014760909394045341e-02 4.574423844315150234e+01 5.227804574672175741e-01 8.524037105148595250e-01 -1.042451902819873343e-02 1.844415483225405694e+01 3.967123711332368879e-02 -1.211141268110699221e-02 9.991397677992318593e-01 3.036458199914807476e+00
8.461846629591766034e-01 -5.311618821424857195e-01 -4.288629598516433689e-02 4.657931146879681705e+01 5.311369639571801304e-01 8.471872305145174975e-01 -1.292845831437583123e-02 1.898472626515078332e+01 4.319985511722616855e-02 -1.183859615046644644e-02 9.989961065263057716e-01 3.093119758224077920e+00
8.383668643205544058e-01 -5.434195778002118837e-01 -4.284396214666127273e-02 4.759117896245336965e+01 5.434164019086580311e-01 8.393663682105776402e-01 -1.275424364018596692e-02 1.958651634729471169e+01 4.289274228474997119e-02 -1.258942929249693386e-02 9.990007674688680117e-01 3.158127899486845358e+00
8.324363429314167728e-01 -5.527669242167922992e-01 -3.871529358451298447e-02 4.848282111547337081e+01 5.528276429209399989e-01 8.332348659361447085e-01 -1.009421226500961319e-02 2.018821591843542151e+01 3.783867605352588676e-02 -1.300011111081106688e-02 9.991997911324382864e-01 3.214005915627110799e+00
8.288301283566701372e-01 -5.584719335925673045e-01 -3.389162736608800075e-02 4.931621789590049332e+01 5.585537647409628548e-01 8.294310776937489083e-01 -7.907000146651591010e-03 2.076841501634763532e+01 3.252668488428309135e-02 -1.237675178005983451e-02 9.993947939495810839e-01 3.270775302261090367e+00
8.243926024078154224e-01 -5.648084239469641776e-01 -3.698524276982714104e-02 5.016202873160482767e+01 5.649973729650770160e-01 8.250697906597385112e-01 -6.117052892738530229e-03 2.135603174575031105e+01 3.397036341984371183e-02 -1.585380207647745995e-02 9.992966069324460410e-01 3.321660762825290991e+00
8.202122113553432792e-01 -5.705769327347897102e-01 -4.115333890278909806e-02 5.102383841738912196e+01 5.707411691685777555e-01 8.210835459060168429e-01 -8.797584087303713524e-03 2.196355991163029842e+01 3.880999176338486428e-02 -1.627199879832849291e-02 9.991142427386399127e-01 3.372884687705705264e+00
8.165185935424741359e-01 -5.752815707480671836e-01 -4.846708833503351327e-02 5.193514141172886411e+01 5.755398021116014950e-01 8.177141021451697078e-01 -9.857387850040167168e-03 2.262068092410394371e+01 4.530300477767263551e-02 -1.984598349152376026e-02 9.987763043123558671e-01 3.437875796603340639e+00
8.145175659882617492e-01 -5.779704872023312401e-01 -5.010853619089113142e-02 5.278617971591207692e+01 5.782052755343821682e-01 8.158149076289427093e-01 -1.114118365156251816e-02 2.326768043355686899e+01 4.731855382512323294e-02 -1.989831166832135498e-02 9.986815263827956146e-01 3.498631470067415705e+00
8.088662612021114695e-01 -5.861326195917171411e-01 -4.672622373467411050e-02 5.371773956354785184e+01 5.863871678233335549e-01 8.099750846891966560e-01 -9.500061040096024340e-03 2.390769717799253868e+01 4.341540894794124889e-02 -1.971537025418498498e-02 9.988626541086917943e-01 3.566265251799414226e+00
8.080233932286702281e-01 -5.877471029839634875e-01 -4.062435740074332030e-02 5.450721346685612900e+01 5.879480073406608831e-01 8.088587923118935041e-01 -8.097091222190469853e-03 2.451973675429755772e+01 3.761838191112106683e-02 -1.734236282936150661e-02 9.991418144594362838e-01 3.622317096804836378e+00
8.045109063578654851e-01 -5.927171971957684304e-01 -3.805545365304975614e-02 5.538959265767351781e+01 5.929160574095665437e-01 8.052338113611934300e-01 -7.050394221249921788e-03 2.517535090195450209e+01 3.482238203350147138e-02 -1.689149261387390757e-02 9.992512822809411777e-01 3.681796062688153626e+00
8.009471958932776747e-01 -5.974100941247280083e-01 -3.981681227010415436e-02 5.628361425770642512e+01 5.977197914326460859e-01 8.016895698271877535e-01 -4.910746228846196021e-03 2.586548759270928599e+01 3.485446137669050148e-02 -1.986607490835182177e-02 9.991952342795346054e-01 3.737014517302729377e+00
7.965211471141913080e-01 -6.032224236328297406e-01 -4.095246135598112208e-02 5.717644841525162036e+01 6.034930804921827541e-01 7.973392647278916279e-01 -6.799377283851756014e-03 2.650018057616836131e+01 3.675452627540071876e-02 -1.929868915142307975e-02 9.991375881579170892e-01 3.790692568421328623e+00
7.940342806252035368e-01 -6.063397279590621025e-01 -4.315678153198694578e-02 5.799725191928172308e+01 6.065936702709708861e-01 7.949671055231853911e-01 -8.447097974614650034e-03 2.723919413306702353e+01 3.943009927713146678e-02 -1.947140441634741259e-02 9.990326138516110177e-01 3.849651350680132644e+00
7.884710247639774572e-01 -6.135494167790279674e-01 -4.325036220873253179e-02 5.887561416418166260e+01 6.137828103393910828e-01 7.894209468185831025e-01 -9.231275413377435304e-03 2.782008648955756769e+01 3.980661385818070469e-02 -1.926775089724844930e-02 9.990220284174394783e-01 3.904665211534241731e+00
7.840604613578767701e-01 -6.193367295537629547e-01 -4.088761483372189975e-02 5.967497758357311710e+01 6.194780650458218130e-01 7.849413189376825972e-01 -1.063894308276790678e-02 2.851618409064747439e+01 3.868345896777728582e-02 -1.698741121491356698e-02 9.991072197044404968e-01 3.960939314977575343e+00
7.792635210383979105e-01 -6.253983416450121791e-01 -4.030377697059093350e-02 6.051154223935782994e+01 6.255351164848346190e-01 7.801222872798435626e-01 -1.068112420666919582e-02 2.919762377420829225e+01 3.812185817620724476e-02 -1.688795953346606399e-02 9.991301916817586504e-01 4.018897694205256776e+00
7.734461847826483716e-01 -6.325476501618910730e-01 -4.080961743541717396e-02 6.140510979750890641e+01 6.326680317755174476e-01 7.743371512375105681e-01 -1.152533815863786629e-02 2.994413993777760297e+01 3.889076268742797798e-02 -1.690468517536463516e-02 9.991006639798413191e-01 4.080367125330378819e+00
7.684194829949118066e-01 -6.386044641229131624e-01 -4.141958609790469953e-02 6.219651136070901032e+01 6.386950381331040205e-01 7.693539184773076078e-01 -1.274067137674988158e-02 3.057438154879643832e+01 4.000259211847324858e-02 -1.666427887551316656e-02 9.990605985277805079e-01 4.134427254824443843e+00
7.627420882283372228e-01 -6.453744088419742786e-01 -4.141949501147555029e-02 6.304514405510195019e+01 6.454262828552108644e-01 7.636966310338579866e-01 -1.391363582708351164e-02 3.139699365948906262e+01 4.061138466293023191e-02 -1.612077271261357775e-02 9.990452807378045197e-01 4.199041979045829542e+00
7.573554246838798409e-01 -6.516720017022403777e-01 -4.166479894813110429e-02 6.383455979182648576e+01 6.516673705910398517e-01 7.583452123262899303e-01 -1.555924103133882359e-02 3.204631510731901756e+01 4.173583182475666675e-02 -1.536771098006858675e-02 9.990103629898300364e-01 4.254254756324002074e+00
7.503946886625331159e-01 -6.596441772639877188e-01 -4.215374466623683647e-02 6.467234988652481320e+01 6.595841939717624891e-01 7.514317945143837996e-01 -1.729059962075567281e-02 3.281530336182252228e+01 4.308126661433257093e-02 -1.482918573272367507e-02 9.989615168230829845e-01 4.318048789769527218e+00
7.443273938740228024e-01 -6.665450081687975814e-01 -4.116119461567614018e-02 6.547695521060303747e+01 6.664456062852373019e-01 7.453335175085844533e-01 -1.808715946359376603e-02 3.352638463421481418e+01 4.273468279121674790e-02 -1.396897629770205151e-02 9.989890886173928841e-01 4.376671282773482829e+00
7.390337029698093030e-01 -6.725151879716549930e-01 -3.941391275875084921e-02 6.614477507358402875e+01 6.723895047833108318e-01 7.399703493497111761e-01 -1.832824873520990522e-02 3.416235547941263206e+01 4.149117074196138205e-02 -1.295638206094813262e-02 9.990549476804794216e-01 4.428697656311739728e+00
7.314995730557631859e-01 -6.808286008725745742e-01 -3.717072990295945678e-02 6.690082911678187827e+01 6.806468380729902012e-01 7.323579721112601915e-01 -1.929053104041706171e-02 3.483280507186199060e+01 4.035575767751299614e-02 -1.118916479871913047e-02 9.991224548329765698e-01 4.483593041961848158e+00
7.252691684767594849e-01 -6.874824685231674115e-01 -3.677126730343323324e-02 6.771330254272785965e+01 6.872465955887976374e-01 7.261285790387740358e-01 -2.073568460667241445e-02 3.556557981897007181e+01 4.095609793652465330e-02 -1.023195332671157122e-02 9.991082524844664414e-01 4.546028426447968229e+00
7.191449319854187339e-01 -6.938182508767364309e-01 -3.803597593974922253e-02 6.863030649517085635e+01 6.935355717632487593e-01 7.200762097608819357e-01 -2.233324391354010729e-02 3.654658974778936908e+01 4.288402097371242505e-02 -1.031846546649256742e-02 9.990268582536994124e-01 4.621824563896957727e+00
7.132020965801956214e-01 -6.998655960912407714e-01 -3.913068946089268141e-02 6.943073019170223859e+01 6.996434215471085682e-01 7.141716145115483139e-01 -2.141003319830603671e-02 3.735582765219774615e+01 4.293018220966267340e-02 -1.210780023692688452e-02 9.990042889082559885e-01 4.680634475936676253e+00
7.072730281268626573e-01 -7.059413830107272858e-01 -3.757317798628242306e-02 7.007908130232321753e+01 7.057067247234082297e-01 7.081795423693244551e-01 -2.145400389663722554e-02 3.804353361567553549e+01 4.175391839204283667e-02 -1.134178589767177031e-02 9.990634295038128831e-01 4.731968907061639307e+00
7.025847282000017291e-01 -7.105922450736452678e-01 -3.786349912034795567e-02 7.086684981017252483e+01 7.103856726982454850e-01 7.034997311068997838e-01 -2.101286201009295793e-02 3.886923153120386587e+01 4.156852760884997139e-02 -1.213440077831333397e-02 9.990615406930986042e-01 4.794669469782709470e+00
6.979986938214638448e-01 -7.150705998453250611e-01 -3.836731553257666238e-02 7.168554082814965511e+01 7.148405835458043756e-01 6.989465450459585449e-01 -2.185505480293764569e-02 3.968602531625915475e+01 4.244465681033529614e-02 -1.217172888347657807e-02 9.990247611325775434e-01 4.860857540631712936e+00
6.920965381623470636e-01 -7.206693941222926947e-01 -4.047224598259239331e-02 7.248430439834913841e+01 7.204095920492717964e-01 6.931562811046094730e-01 -2.332460005531535735e-02 4.055065314767750095e+01 4.486293802798418245e-02 -1.301378592464847404e-02 9.989081807330433271e-01 4.926385023921750594e+00
6.876475276472294729e-01 -7.248199979125687920e-01 -4.216586558372039523e-02 7.327334642649158525e+01 7.244796006146322354e-01 6.888186620195700938e-01 -2.568133668385146062e-02 4.141325566807849867e+01 4.765897349523842697e-02 -1.288856579167480150e-02 9.987808103332003196e-01 4.995331373539543485e+00
6.815052386131693618e-01 -7.304691275954762197e-01 -4.433653199550178364e-02 7.409251605041575317e+01 7.301972742173985509e-01 6.827751019669362487e-01 -2.510891575024977451e-02 4.223212887510074154e+01 4.861319466468885797e-02 -1.526253194148780891e-02 9.987006594198942766e-01 5.065048618503571909e+00
6.776237194793928165e-01 -7.342350745644059540e-01 -4.153814266711709086e-02 7.481527557969384645e+01 7.338964732645694156e-01 6.787716673508730203e-01 -2.581030249605512430e-02 4.309811485465431247e+01 4.714572021072813840e-02 -1.299498170405246310e-02 9.988036131697339837e-01 5.130674207433645329e+00
6.733525097222197164e-01 -7.382497874208202582e-01 -3.980484211668705585e-02 7.555784959634668496e+01 7.378822884260012316e-01 6.744254840089665137e-01 -2.610580231060852241e-02 4.392697233182301630e+01 4.611802027122392789e-02 -1.179290185554212299e-02 9.988660062688136110e-01 5.198461940839686157e+00
6.668406451000592483e-01 -7.441383397964564939e-01 -3.976752937171353780e-02 7.637552870981762965e+01 7.437697685769751876e-01 6.679174649062570301e-01 -2.633105393155412560e-02 4.484431647713103075e+01 4.615533492722865422e-02 -1.201929763428195158e-02 9.988618899936836382e-01 5.274440927040402016e+00
6.619962651544031296e-01 -7.484815050142724635e-01 -3.919587102580125715e-02 7.716678543039317617e+01 7.480350212693998024e-01 6.630679054501741332e-01 -2.801737548051143681e-02 4.571941585109380668e+01 4.696006249881486128e-02 -1.077248875704034554e-02 9.988388293954226782e-01 5.344259814506109763e+00
6.587012416153739114e-01 -7.514308613086980726e-01 -3.827705465040412425e-02 7.790783256306298199e+01 7.509708841217407338e-01 6.597338196325372994e-01 -2.819045573675566310e-02 4.659893089439911762e+01 4.643588147502684255e-02 -1.017591709409725736e-02 9.988689387520885976e-01 5.415684764526054629e+00
6.535991797744260534e-01 -7.559639952951209274e-01 -3.642023917360601853e-02 7.869010200968544666e+01 7.554344736719806885e-01 6.545613439584777593e-01 -2.946567100689866450e-02 4.751103001756160182e+01 4.611424381658677657e-02 -8.254366074533796629e-03 9.989024762670961621e-01 5.481935929853476885e+00
6.501570914465366613e-01 -7.590276765103208811e-01 -3.423604361643919208e-02 7.943521699229242472e+01 7.583461426844492204e-01 6.510402811963551528e-01 -3.251397836930169233e-02 4.838706242772954624e+01 4.696811898345182312e-02 -4.823580525811503768e-03 9.988846273571081458e-01 5.553182550451666089e+00
6.450537686811144145e-01 -7.634063960620292022e-01 -3.341392133853104268e-02 8.024335824774281889e+01 7.625133206049860002e-01 6.459167601984578955e-01 -3.695968913910417653e-02 4.935230495245910021e+01 4.979783640363689978e-02 -1.637583403948006736e-03 9.987584711204277044e-01 5.628396003978695106e+00
6.391493420816272142e-01 -7.684155253481240733e-01 -3.202172986629129442e-02 8.106379531699386121e+01 7.673195776394579060e-01 6.399493103098194968e-01 -4.105040231313537846e-02 5.029064072024092269e+01 5.203602632737350936e-02 1.666487534381973484e-03 9.986443476085531401e-01 5.704032296603915420e+00
6.316137973131322747e-01 -7.748373419117277061e-01 -2.626305061602915089e-02 8.180055107623533672e+01 7.735591558082978159e-01 6.321060757258023521e-01 -4.525931021082239131e-02 5.120688585949967120e+01 5.166963738314626214e-02 8.270409627387578788e-03 9.986301269610651232e-01 5.781452154563985424e+00
6.263021307377903968e-01 -7.792502834326995309e-01 -2.266670669632588758e-02 8.251269615239137067e+01 7.778297005117186247e-01 6.265790930465506836e-01 -4.877591804740851605e-02 5.215558533390090901e+01 5.221110857612670797e-02 1.291759754519250514e-02 9.985527762156588549e-01 5.862297236321481364e+00
6.157261024148517059e-01 -7.877358111827008624e-01 -1.880412376817934897e-02 8.326402378298818974e+01 7.863092083706553215e-01 6.158050885684684950e-01 -5.002284593422129388e-02 5.308388990905839933e+01 5.098449841707004826e-02 1.601448110938228156e-02 9.985708090166797168e-01 5.939638155504620265e+00
6.064419055611028897e-01 -7.949747113094954853e-01 -1.557076333779837049e-02 8.402405732393705762e+01 7.936512223798640742e-01 6.063928678034750108e-01 -4.904360413980343725e-02 5.404281374673414717e+01 4.843049177532732230e-02 1.738434388541937672e-02 9.986752266354221863e-01 6.012697948130656833e+00
6.001118612870991464e-01 -7.997835425314466784e-01 -1.455391984398798390e-02 8.466045125412307470e+01 7.984796075755824507e-01 6.000250149661271459e-01 -4.898327837922495515e-02 5.503236108156018958e+01 4.790872885114853125e-02 1.777449873025939431e-02 9.986931237467736588e-01 6.091503821647359374e+00
5.893434480813671827e-01 -8.076904661147956688e-01 -1.763167915144929834e-02 8.541553961776223503e+01 8.063208822838549006e-01 5.894204773586916302e-01 -4.929282702661376414e-02 5.602858140920335472e+01 5.020578510127665650e-02 1.483356334573617680e-02 9.986290745599413210e-01 6.164752070935868744e+00
5.800822179356767139e-01 -8.143902721701191671e-01 -1.653764314617687040e-02 8.608607039530403426e+01 8.128858188470601265e-01 5.800725004634788018e-01 -5.227138333358000849e-02 5.700933854813557389e+01 5.216229455380889946e-02 1.687851790977641306e-02 9.984962816008443598e-01 6.245223540061944689e+00
5.712980345684200989e-01 -8.205362066757490025e-01 -1.841304973503053721e-02 8.682358345481628703e+01 8.189760219189664570e-01 5.713960541308873431e-01 -5.277018791436934031e-02 5.805211951062017306e+01 5.382097804830394960e-02 1.506760685788512480e-02 9.984369113006925645e-01 6.323446912159920608e+00
5.603216250196001447e-01 -8.281672289124261122e-01 -1.336450794309700443e-02 8.746685115316027748e+01 8.266050965046843890e-01 5.601430967203295808e-01 -5.444476233145342792e-02 5.905011385546368530e+01 5.257543610513704113e-02 1.945937865599906696e-02 9.984272782600700502e-01 6.402459533166440231e+00
5.494656476470785034e-01 -8.354456873409169537e-01 -1.086911004920175852e-02 8.817834720806993687e+01 8.339474908516331109e-01 5.491835806260394470e-01 -5.412518704076115655e-02 6.011333881015051617e+01 5.118775636148915897e-02 2.067566117008945090e-02 9.984747717268819267e-01 6.487981576772274828e+00
5.385436040910074329e-01 -8.425427053572687175e-01 -9.600820553050304698e-03 8.882522871489837257e+01 8.410386465984641680e-01 5.382045401100223891e-01 -5.467659434463995050e-02 6.116712769960939511e+01 5.123458527854993227e-02 2.137099942504084096e-02 9.984578557989701730e-01 6.568853761434776395e+00
5.303980075045663378e-01 -8.476690729046792994e-01 -1.159966918294666124e-02 8.949820401180409135e+01 8.461021088158954262e-01 5.301710423519385706e-01 -5.504546380651061110e-02 6.221421217712009621e+01 5.281014919723767825e-02 1.938148487854954999e-02 9.984169501434950744e-01 6.651160270075212821e+00
5.182713489583105071e-01 -8.551399986714216528e-01 -1.138027415008956850e-02 9.010965707803549662e+01 8.535146982646000247e-01 5.180336028613843347e-01 -5.616625433757870683e-02 6.328819449240526041e+01 5.392550041450538262e-02 1.939608508319601646e-02 9.983570481803052399e-01 6.729389335028817420e+00
5.092765955972073932e-01 -8.604995923977667438e-01 -1.333575065992560066e-02 9.077448581517062109e+01 8.588171997122040491e-01 5.091561449057037114e-01 -5.650053532926857525e-02 6.441354071240787960e+01 5.540866197612589333e-02 1.732146559112605552e-02 9.983132594970889340e-01 6.820091789627392487e+00
4.995435301459256183e-01 -8.661867547559525260e-01 -1.327309962284309308e-02 9.135074747652329563e+01 8.644926565814533559e-01 4.994360456232257439e-01 -5.671044714068153997e-02 6.547364087332616123e+01 5.575092793437094046e-02 1.685493537149904131e-02 9.983024242308485841e-01 6.902528244847170313e+00
