1.000000000000000000e+00 0.000000000000000000e+00 0.000000000000000000e+00 0.000000000000000000e+00 0.000000000000000000e+00 1.000000000000000000e+00 0.000000000000000000e+00 0.000000000000000000e+00 0.000000000000000000e+00 0.000000000000000000e+00 1.000000000000000000e+00 0.000000000000000000e+00
9.999289999999999567e-01 -2.717289999999999810e-03 1.159589999999999926e-02 3.703140000000000164e-03 2.702629099999999829e-03 9.999959999999999960e-01 1.280490000000000014e-03 -2.091099999999999903e-02 -1.159939999999999929e-02 -1.249059999999999971e-03 9.999320000000000430e-01 2.808720000000000105e-01
9.997819999999999485e-01 -4.556509999999999727e-03 2.037769999999999859e-02 1.995840000000000114e-02 4.514969100000000221e-03 9.999879999999999880e-01 2.084330000000000124e-03 -3.022740000000000149e-02 -2.038699999999999887e-02 -1.991870000000000186e-03 9.997899999999999565e-01 5.794099999999999806e-01
9.997270000000000323e-01 -7.397950000000000359e-03 2.215210000000000096e-02 3.237109999999999987e-02 7.372919099999999948e-03 9.999719999999999720e-01 1.211550000000000040e-03 -3.681399999999999950e-02 -2.216049999999999964e-02 -1.047900000000000047e-03 9.997540000000000315e-01 8.693899999999999961e-01
9.997819999999999485e-01 -8.419869999999999438e-03 1.909330000000000055e-02 3.530069999999999736e-02 8.422669100000000283e-03 9.999649999999999928e-01 -6.637301800000000563e-05 -4.141310000000000130e-02 -1.909210000000000074e-02 2.271750000000000061e-04 9.998179999999999845e-01 1.179950000000000054e+00
9.998569999999999958e-01 -1.087240000000000081e-02 1.294400000000000064e-02 3.421409999999999729e-02 1.089279899999999988e-02 9.999400000000000510e-01 -1.503149999999999972e-03 -4.506899999999999795e-02 -1.292689999999999985e-02 1.643930000000000044e-03 9.999149999999999983e-01 1.494779999999999998e+00
9.999280000000000390e-01 -1.184140000000000019e-02 1.796169899999999894e-03 1.501790000000000069e-02 1.184639900000000051e-02 9.999259999999999815e-01 -2.801580000000000129e-03 -5.491320000000000229e-02 -1.762859700000000106e-03 2.822659999999999839e-03 9.999949999999999672e-01 1.822040000000000104e+00
9.998399999999999510e-01 -1.101979999999999973e-02 -1.411079999999999973e-02 -3.895020099999999940e-03 1.097419900000000045e-02 9.999339999999999895e-01 -3.304800000000000099e-03 -6.286239999999999883e-02 1.414630000000000054e-02 3.149419999999999997e-03 9.998949999999999783e-01 2.152810000000000112e+00
9.993900000000000006e-01 -6.969930000000000049e-03 -3.421489999999999948e-02 -4.059719999999999995e-02 6.869339099999999948e-03 9.999719999999999720e-01 -3.056600000000000029e-03 -7.118009999999999615e-02 3.423520000000000035e-02 2.819700000000000071e-03 9.994100000000000206e-01 2.491999999999999993e+00
9.985199999999999632e-01 -3.274219999999999995e-03 -5.429520000000000179e-02 -8.689589999999999814e-02 3.028309099999999896e-03 9.999850000000000128e-01 -4.610669900000000272e-03 -7.622230000000000671e-02 5.430949999999999667e-02 4.439420000000000345e-03 9.985140000000000127e-01 2.841149999999999842e+00
9.972020000000000328e-01 -2.594319999999999786e-03 -7.470899999999999763e-02 -1.383350000000000135e-01 2.215629099999999810e-03 9.999839999999999840e-01 -5.151289899999999741e-03 -8.453879999999999728e-02 7.472109999999999863e-02 4.971350000000000248e-03 9.971919999999999673e-01 3.192320000000000046e+00
9.954549999999999788e-01 -3.757110000000000137e-03 -9.515819999999999834e-02 -1.807529999999999970e-01 3.403569099999999986e-03 9.999869999999999592e-01 -3.877249900000000020e-03 -9.082590000000000108e-02 9.517150000000000609e-02 3.535749999999999831e-03 9.954549999999999788e-01 3.590120000000000200e+00
9.936490000000000045e-01 -4.992579999999999935e-03 -1.124160000000000020e-01 -2.384630000000000083e-01 4.670829100000000074e-03 9.999839999999999840e-01 -3.125369900000000110e-03 -9.860720000000000596e-02 1.124300000000000022e-01 2.580439999999999817e-03 9.936559999999999837e-01 3.976220000000000088e+00
9.916930000000000467e-01 -4.541810000000000291e-03 -1.285499999999999976e-01 -3.091169999999999751e-01 4.192609100000000387e-03 9.999869999999999592e-01 -2.986929900000000020e-03 -1.053390000000000021e-01 1.285620000000000096e-01 2.423149999999999783e-03 9.916989999999999972e-01 4.349359999999999893e+00
9.894399999999999862e-01 -3.276460000000000136e-03 -1.449070000000000080e-01 -4.013729999999999798e-01 3.023579099999999797e-03 9.999940000000000495e-01 -1.965319899999999967e-03 -1.128949999999999954e-01 1.449129999999999863e-01 1.506420000000000068e-03 9.894429999999999614e-01 4.777449999999999974e+00
9.872710000000000097e-01 -2.460260000000000138e-03 -1.590270000000000017e-01 -4.858009999999999828e-01 2.159239099999999897e-03 9.999959999999999960e-01 -2.065649900000000004e-03 -1.195110000000000061e-01 1.590310000000000057e-01 1.695979999999999927e-03 9.872720000000000384e-01 5.205680000000000085e+00
9.851419999999999622e-01 -4.023849999999999823e-03 -1.716940000000000133e-01 -5.600089999999999790e-01 3.581359100000000139e-03 9.999890000000000168e-01 -2.886929800000000157e-03 -1.263769999999999893e-01 1.717029999999999945e-01 2.229140000000000114e-03 9.851459999999999662e-01 5.638790000000000191e+00
9.833420000000000494e-01 -6.965129999999999932e-03 -1.816319999999999879e-01 -6.529460000000000264e-01 6.230649100000000030e-03 9.999700000000000255e-01 -4.614039799999999740e-03 -1.386479999999999935e-01 1.816589999999999872e-01 3.405490000000000166e-03 9.833560000000000079e-01 6.082679999999999865e+00
9.820680000000000520e-01 -6.393389999999999664e-03 -1.884180000000000021e-01 -7.630419999999999980e-01 5.205569099999999769e-03 9.999630000000000463e-01 -6.798359799999999752e-03 -1.468389999999999973e-01 1.884540000000000104e-01 5.695630000000000137e-03 9.820649999999999658e-01 6.533369999999999678e+00
9.805669999999999664e-01 -6.416479999999999580e-03 -1.960800000000000043e-01 -8.689019999999999522e-01 4.768559099999999940e-03 9.999489999999999768e-01 -8.875239800000000318e-03 -1.519000000000000072e-01 1.961269999999999958e-01 7.767750000000000349e-03 9.805479999999999752e-01 7.019529999999999603e+00
9.791659999999999808e-01 -6.753689999999999694e-03 -2.029469999999999885e-01 -9.671170000000000044e-01 4.577859099999999695e-03 9.999270000000000103e-01 -1.118869999999999934e-02 -1.615709999999999924e-01 2.030079999999999940e-01 1.002650000000000069e-02 9.791260000000000518e-01 7.485719999999999708e+00
9.770929999999999893e-01 -1.071240000000000039e-02 -2.125420000000000087e-01 -1.076580000000000092e+00 8.126819100000000004e-03 9.998820000000000485e-01 -1.303510000000000085e-02 -1.740970000000000018e-01 2.126570000000000127e-01 1.100920000000000024e-02 9.770649999999999613e-01 7.988819999999999588e+00
9.753619999999999512e-01 -1.646589999999999859e-02 -2.199959999999999971e-01 -1.201300000000000034e+00 1.374749899999999983e-02 9.998089999999999478e-01 -1.388179999999999970e-02 -1.916470000000000118e-01 2.201829999999999898e-01 1.051539999999999940e-02 9.754019999999999913e-01 8.505219999999999558e+00
9.734140000000000015e-01 -1.716579999999999842e-02 -2.284069999999999989e-01 -1.332089999999999996e+00 1.387099900000000018e-02 9.997749999999999693e-01 -1.602270000000000083e-02 -2.120589999999999975e-01 2.286299999999999999e-01 1.242850000000000031e-02 9.734340000000000215e-01 9.019989999999999952e+00
9.714409999999999989e-01 -1.385590000000000085e-02 -2.368760000000000032e-01 -1.483449999999999935e+00 9.220719100000000085e-03 9.997439999999999660e-01 -2.066460000000000172e-02 -2.201490000000000113e-01 2.371020000000000072e-01 1.789030000000000134e-02 9.713199999999999612e-01 9.561510000000000176e+00
9.694519999999999804e-01 -1.083360000000000052e-02 -2.450430000000000108e-01 -1.633099999999999996e+00 5.181199099999999648e-03 9.997059999999999835e-01 -2.369999999999999885e-02 -2.376729999999999954e-01 2.452270000000000005e-01 2.170640000000000069e-02 9.692229999999999457e-01 1.010490000000000066e+01
9.670769999999999644e-01 -1.351379999999999942e-02 -2.541260000000000185e-01 -1.788119999999999932e+00 7.188479099999999823e-03 9.996410000000000018e-01 -2.580270000000000133e-02 -2.588199999999999945e-01 2.543830000000000258e-01 2.312639999999999835e-02 9.668269999999999920e-01 1.066520000000000046e+01
9.645979999999999555e-01 -1.526130000000000021e-02 -2.632809999999999873e-01 -1.957969999999999988e+00 8.361969099999999946e-03 9.995920000000000361e-01 -2.730590000000000100e-02 -2.851819999999999911e-01 2.635899999999999910e-01 2.413770000000000152e-02 9.643329999999999957e-01 1.122320000000000029e+01
9.627259999999999707e-01 -1.501899999999999936e-02 -2.700609999999999955e-01 -2.128210000000000157e+00 7.174119100000000103e-03 9.995239999999999680e-01 -3.001209999999999989e-02 -3.096300000000000163e-01 2.703829999999999845e-01 2.695600000000000079e-02 9.623749999999999805e-01 1.180339999999999989e+01
9.602519999999999945e-01 -1.429700000000000068e-02 -2.787689999999999890e-01 -2.307869999999999866e+00 5.126889100000000393e-03 9.994220000000000326e-01 -3.359630000000000255e-02 -3.322100000000000053e-01 2.790889999999999760e-01 3.083170000000000008e-02 9.597700000000000120e-01 1.238589999999999947e+01
9.584669999999999579e-01 -1.525699999999999973e-02 -2.847959999999999936e-01 -2.497199999999999864e+00 4.351829100000000235e-03 9.992339999999999556e-01 -3.888490000000000002e-02 -3.634569999999999745e-01 2.851710000000000078e-01 3.603050000000000003e-02 9.577989999999999560e-01 1.300280000000000058e+01
9.563970000000000526e-01 -1.626270000000000146e-02 -2.916159999999999863e-01 -2.695429999999999993e+00 2.944509100000000136e-03 9.989350000000000174e-01 -4.605100000000000166e-02 -4.015489999999999893e-01 2.920539999999999803e-01 4.318439999999999779e-02 9.554259999999999975e-01 1.360870000000000068e+01
9.551290000000000058e-01 -1.661189999999999889e-02 -2.957259999999999889e-01 -2.902010000000000201e+00 6.195821100000000262e-04 9.985359999999999792e-01 -5.409019999999999800e-02 -4.395049999999999790e-01 2.961909999999999821e-01 5.147979999999999917e-02 9.537400000000000322e-01 1.423729999999999940e+01
9.541129999999999889e-01 -1.674219999999999875e-02 -2.989769999999999928e-01 -3.103229999999999933e+00 -2.142710899999999800e-03 9.980290000000000550e-01 -6.272569999999999535e-02 -4.825900000000000190e-01 2.994379999999999820e-01 6.048800000000000010e-02 9.521960000000000424e-01 1.485720000000000063e+01
9.525500000000000078e-01 -1.580499999999999960e-02 -3.039709999999999912e-01 -3.326550000000000118e+00 -6.304450900000000378e-03 9.974119999999999653e-01 -7.161649999999999960e-02 -5.296539999999999582e-01 3.043170000000000042e-01 7.013469999999999427e-02 9.499859999999999971e-01 1.548920000000000030e+01
9.514679999999999804e-01 -1.490170000000000036e-02 -3.073879999999999946e-01 -3.541129999999999889e+00 -9.796840899999999241e-03 9.968540000000000179e-01 -7.865049999999999819e-02 -5.888539999999999885e-01 3.075930000000000053e-01 7.784480000000000566e-02 9.483279999999999488e-01 1.613899999999999935e+01
9.497269999999999879e-01 -1.400269999999999987e-02 -3.127659999999999885e-01 -3.785919999999999952e+00 -1.332400100000000025e-02 9.962860000000000049e-01 -8.506329999999999447e-02 -6.508990000000000054e-01 3.127949999999999897e-01 8.495419999999999361e-02 9.460140000000000216e-01 1.681099999999999994e+01
9.481589999999999741e-01 -1.249250000000000013e-02 -3.175499999999999989e-01 -4.026699999999999946e+00 -1.735560099999999828e-02 9.957000000000000295e-01 -9.099210000000000631e-02 -7.220090000000000119e-01 3.173219999999999930e-01 9.178630000000000122e-02 9.438659999999999828e-01 1.747599999999999909e+01
9.467050000000000187e-01 -1.042359999999999988e-02 -3.219339999999999979e-01 -4.263060000000000294e+00 -2.184330099999999900e-02 9.950980000000000381e-01 -9.645330000000000570e-02 -7.967330000000000245e-01 3.213610000000000078e-01 9.834489999999999899e-02 9.418360000000000065e-01 1.816400000000000148e+01
9.451810000000000489e-01 -7.783850000000000144e-03 -3.264549999999999952e-01 -4.525920000000000165e+00 -2.618280099999999860e-02 9.946909999999999918e-01 -9.952379999999999560e-02 -8.737120000000000442e-01 3.254960000000000075e-01 1.026159999999999989e-01 9.399589999999999890e-01 1.886220000000000141e+01
9.432800000000000074e-01 -7.097619999999999797e-03 -3.319230000000000236e-01 -4.777599999999999625e+00 -2.805800099999999908e-02 9.944910000000000139e-01 -1.010029999999999956e-01 -9.493639999999999857e-01 3.308110000000000217e-01 1.045869999999999994e-01 9.378840000000000510e-01 1.953709999999999880e+01
9.410870000000000068e-01 -6.069530000000000064e-03 -3.381100000000000216e-01 -5.051660000000000039e+00 -2.952900099999999917e-02 9.945450000000000124e-01 -1.000439999999999940e-01 -1.038510000000000044e+00 3.368729999999999780e-01 1.041340000000000043e-01 9.357739999999999947e-01 2.027700000000000102e+01
9.391859999999999653e-01 -6.153930000000000164e-03 -3.433550000000000213e-01 -5.321089999999999876e+00 -2.957180100000000172e-02 9.946760000000000046e-01 -9.871580000000000632e-02 -1.125029999999999974e+00 3.421339999999999937e-01 1.028659999999999991e-01 9.340039999999999454e-01 2.101790000000000092e+01
9.367729999999999668e-01 -6.160910000000000344e-03 -3.498839999999999728e-01 -5.583560000000000301e+00 -2.959370100000000003e-02 9.948690000000000033e-01 -9.675190000000000179e-02 -1.206509999999999971e+00 3.486839999999999939e-01 1.009889999999999954e-01 9.317839999999999456e-01 2.170349999999999824e+01
9.337779999999999969e-01 -6.076439999999999793e-03 -3.578020000000000089e-01 -5.888889999999999958e+00 -2.936160100000000106e-02 9.951839999999999575e-01 -9.352779999999999427e-02 -1.287700000000000067e+00 3.566469999999999918e-01 9.783980000000000454e-02 9.291019999999999834e-01 2.240830000000000055e+01
9.298849999999999616e-01 -3.555009999999999941e-03 -3.678339999999999943e-01 -6.181799999999999962e+00 -3.125230100000000316e-02 9.955739999999999590e-01 -8.862780000000000658e-02 -1.374489999999999990e+00 3.665220000000000145e-01 9.390930000000000111e-02 9.256579999999999808e-01 2.321930000000000049e+01
9.265290000000000470e-01 -2.209249999999999842e-03 -3.762179999999999969e-01 -6.504419999999999646e+00 -3.118170099999999917e-02 9.960909999999999487e-01 -8.264180000000000137e-02 -1.452749999999999986e+00 3.749299999999999855e-01 8.830109999999999348e-02 9.228380000000000472e-01 2.395260000000000034e+01
9.231530000000000014e-01 1.260169999999999910e-03 -3.844310000000000227e-01 -6.865960000000000285e+00 -3.434310100000000088e-02 9.962670000000000137e-01 -7.920389999999999375e-02 -1.532820000000000071e+00 3.828960000000000141e-01 8.631990000000000496e-02 9.197490000000000387e-01 2.471699999999999875e+01
9.196269999999999722e-01 1.862280000000000012e-03 -3.927889999999999993e-01 -7.143010000000000304e+00 -3.480190100000000314e-02 9.964420000000000499e-01 -7.675640000000000240e-02 -1.605429999999999913e+00 3.912479999999999847e-01 8.425710000000000144e-02 9.164200000000000124e-01 2.543919999999999959e+01
9.155299999999999550e-01 3.478820000000000089e-03 -4.022339999999999804e-01 -7.547220000000000262e+00 -3.720440099999999806e-02 9.964089999999999892e-01 -7.606380000000000086e-02 -1.685300000000000020e+00 4.005250000000000199e-01 8.460360000000000102e-02 9.123719999999999608e-01 2.623420000000000130e+01
9.117049999999999876e-01 3.605520000000000079e-03 -4.108299999999999730e-01 -7.875580000000000247e+00 -3.777230100000000118e-02 9.964619999999999589e-01 -7.507840000000000347e-02 -1.755649999999999933e+00 4.091060000000000252e-01 8.396729999999999472e-02 9.086149999999999505e-01 2.700069999999999837e+01
9.082689999999999930e-01 4.207200000000000349e-03 -4.183660000000000156e-01 -8.260930000000000106e+00 -3.831600100000000231e-02 9.965840000000000254e-01 -7.316169999999999618e-02 -1.827649999999999997e+00 4.166290000000000271e-01 8.248049999999999826e-02 9.053269999999999929e-01 2.777299999999999969e+01
9.043440000000000367e-01 4.220100000000000066e-03 -4.267839999999999967e-01 -8.625049999999999883e+00 -3.810870100000000177e-02 9.967559999999999754e-01 -7.089539999999999731e-02 -1.901280000000000081e+00 4.250999999999999779e-01 8.037800000000000500e-02 9.015710000000000113e-01 2.854360000000000142e+01
8.999150000000000205e-01 4.533530000000000025e-03 -4.360419999999999852e-01 -9.054190000000000182e+00 -3.739090099999999722e-02 9.970649999999999791e-01 -6.680179999999999452e-02 -1.973100000000000076e+00 4.344600000000000128e-01 7.641989999999999894e-02 8.974440000000000195e-01 2.936329999999999885e+01
8.959120000000000417e-01 5.132109999999999624e-03 -4.442030000000000145e-01 -9.439529999999999532e+00 -3.631150100000000297e-02 9.974330000000000140e-01 -6.171270000000000228e-02 -2.037459999999999827e+00 4.427459999999999729e-01 7.141880000000000450e-02 8.937979999999999814e-01 3.015859999999999985e+01
8.928880000000000150e-01 4.772239999999999642e-03 -4.502539999999999876e-01 -9.819710000000000605e+00 -3.418900099999999664e-02 9.977759999999999962e-01 -5.722399999999999709e-02 -2.099029999999999951e+00 4.489799999999999902e-01 6.648840000000000305e-02 8.910649999999999959e-01 3.089910000000000068e+01
8.885819999999999830e-01 4.135490000000000346e-03 -4.586990000000000234e-01 -1.028829999999999956e+01 -3.300120100000000084e-02 9.979449999999999710e-01 -5.493209999999999760e-02 -2.170259999999999856e+00 4.575290000000000190e-01 6.394930000000000059e-02 8.868920000000000137e-01 3.179050000000000153e+01
8.853370000000000406e-01 4.589270000000000328e-03 -4.649280000000000079e-01 -1.070170000000000066e+01 -3.335030099999999886e-02 9.980019999999999447e-01 -5.365600000000000230e-02 -2.230039999999999800e+00 4.637530000000000263e-01 6.300909999999999844e-02 8.837209999999999788e-01 3.257350000000000279e+01
8.823440000000000172e-01 4.893690000000000019e-03 -4.705790000000000251e-01 -1.115220000000000056e+01 -3.317300100000000057e-02 9.981050000000000200e-01 -5.182029999999999970e-02 -2.286439999999999806e+00 4.694340000000000179e-01 6.133380000000000082e-02 8.808350000000000346e-01 3.341270000000000095e+01
8.788080000000000336e-01 2.726929999999999805e-03 -4.771679999999999811e-01 -1.162160000000000082e+01 -3.059170099999999892e-02 9.982490000000000530e-01 -5.063639999999999808e-02 -2.350779999999999870e+00 4.761940000000000062e-01 5.909709999999999963e-02 8.773520000000000207e-01 3.425169999999999959e+01
8.769350000000000200e-01 1.711070000000000082e-03 -4.806070000000000064e-01 -1.211239999999999917e+01 -2.954300099999999929e-02 9.982950000000000434e-01 -5.035119999999999874e-02 -2.409769999999999968e+00 4.797009999999999885e-01 5.835329999999999684e-02 8.754899999999999904e-01 3.508959999999999724e+01
8.745410000000000128e-01 4.224070000000000233e-04 -4.849510000000000209e-01 -1.255690000000000062e+01 -2.866920099999999832e-02 9.982959999999999612e-01 -5.083130000000000287e-02 -2.467490000000000183e+00 4.841030000000000055e-01 5.835719999999999796e-02 8.730630000000000335e-01 3.588479999999999848e+01
8.733969999999999789e-01 5.708710000000000303e-04 -4.870090000000000252e-01 -1.309079999999999977e+01 -2.923470099999999836e-02 9.982569999999999499e-01 -5.125910000000000188e-02 -2.533510000000000151e+00 4.861309999999999798e-01 5.900699999999999695e-02 8.718920000000000003e-01 3.684089999999999776e+01
8.719430000000000236e-01 1.407239999999999923e-03 -4.896059999999999857e-01 -1.357740000000000080e+01 -2.991160099999999947e-02 9.982809999999999739e-01 -5.040050000000000086e-02 -2.590990000000000126e+00 4.886929999999999885e-01 5.859129999999999894e-02 8.704859999999999820e-01 3.766590000000000060e+01
8.727129999999999610e-01 1.012920000000000053e-03 -4.882319999999999993e-01 -1.403800000000000026e+01 -2.844880099999999926e-02 9.984039999999999582e-01 -4.878079999999999916e-02 -2.648299999999999876e+00 4.874029999999999752e-01 5.646129999999999899e-02 8.713499999999999579e-01 3.848700000000000188e+01
8.711539999999999839e-01 -8.074710000000000351e-04 -4.910089999999999733e-01 -1.457910000000000039e+01 -2.625350099999999853e-02 9.984920000000000462e-01 -4.822130000000000166e-02 -2.718649999999999789e+00 4.903069999999999928e-01 5.489890000000000048e-02 8.698190000000000088e-01 3.951019999999999754e+01
8.706840000000000135e-01 -2.359260000000000176e-03 -4.918370000000000242e-01 -1.507590000000000074e+01 -2.480330099999999982e-02 9.985060000000000047e-01 -4.869829999999999992e-02 -2.777260000000000062e+00 4.912170000000000147e-01 5.460000000000000270e-02 8.693239999999999856e-01 4.035119999999999862e+01
8.706129999999999702e-01 -3.880230000000000137e-03 -4.919529999999999736e-01 -1.556930000000000014e+01 -2.334880099999999889e-02 9.985159999999999592e-01 -4.919620000000000243e-02 -2.836770000000000014e+00 4.914140000000000175e-01 5.431740000000000179e-02 8.692309999999999759e-01 4.120920000000000272e+01
8.678090000000000526e-01 -5.082549999999999915e-03 -4.968710000000000071e-01 -1.615060000000000073e+01 -2.138030100000000086e-02 9.986399999999999721e-01 -4.755700000000000205e-02 -2.906010000000000204e+00 4.964370000000000172e-01 5.189370000000000094e-02 8.665199999999999569e-01 4.220450000000000301e+01
8.650510000000000144e-01 -5.185730000000000374e-03 -5.016580000000000483e-01 -1.666939999999999955e+01 -1.952330099999999985e-02 9.988409999999999789e-01 -4.399079999999999657e-02 -2.971109999999999918e+00 5.013050000000000006e-01 4.784820000000000045e-02 8.639470000000000205e-01 4.315740000000000265e+01
8.632060000000000288e-01 -5.060590000000000227e-03 -5.048259999999999970e-01 -1.716659999999999897e+01 -1.740440099999999990e-02 9.990569999999999729e-01 -3.977490000000000192e-02 -3.028519999999999879e+00 5.045509999999999717e-01 4.312010000000000148e-02 8.623039999999999594e-01 4.394310000000000116e+01
8.598489999999999744e-01 -6.214879999999999884e-03 -5.105110000000000481e-01 -1.771770000000000067e+01 -1.475450099999999973e-02 9.992060000000000386e-01 -3.701499999999999929e-02 -3.088909999999999823e+00 5.103360000000000118e-01 3.935960000000000153e-02 8.590740000000000043e-01 4.488329999999999842e+01
8.524040000000000505e-01 -8.966989999999999336e-03 -5.228070000000000217e-01 -1.829830000000000112e+01 -1.357250100000000070e-02 9.991370000000000529e-01 -3.926589999999999941e-02 -3.153630000000000155e+00 5.227079999999999504e-01 4.056629999999999958e-02 8.515460000000000251e-01 4.582300000000000040e+01
8.471880000000000521e-01 -1.143289999999999931e-02 -5.311700000000000310e-01 -1.883599999999999852e+01 -1.334360100000000007e-02 9.989949999999999664e-01 -4.278479999999999783e-02 -3.213379999999999903e+00 5.311249999999999583e-01 4.333449999999999802e-02 8.461849999999999650e-01 4.666020000000000323e+01
8.393669999999999742e-01 -1.123150000000000016e-02 -5.434489999999999599e-01 -1.943479999999999919e+01 -1.412010099999999949e-02 9.989989999999999704e-01 -4.245509900000000308e-02 -3.280590000000000117e+00 5.433810000000000029e-01 4.330889999999999740e-02 8.383680000000000021e-01 4.767360000000000042e+01
8.332349999999999479e-01 -8.579500000000000320e-03 -5.528530000000000388e-01 -2.003320000000000078e+01 -1.451650099999999936e-02 9.991959999999999731e-01 -3.738469900000000040e-02 -3.336800000000000210e+00 5.527290000000000258e-01 3.917570000000000080e-02 8.324399999999999578e-01 4.856710000000000349e+01
8.294310000000000294e-01 -6.413440000000000286e-03 -5.585729999999999862e-01 -2.060930000000000106e+01 -1.386880100000000005e-02 9.993900000000000006e-01 -3.206879900000000200e-02 -3.393679999999999808e+00 5.584369999999999612e-01 3.434550000000000103e-02 8.288349999999999884e-01 4.940290000000000248e+01
8.250690000000000524e-01 -4.587380000000000277e-03 -5.650129999999999875e-01 -2.119300000000000139e+01 -1.737030100000000118e-02 9.992879999999999541e-01 -3.347839899999999896e-02 -3.447000000000000064e+00 5.647649999999999615e-01 3.743640000000000162e-02 8.244019999999999682e-01 5.025150000000000006e+01
8.210830000000000073e-01 -7.225689999999999891e-03 -5.707640000000000491e-01 -2.179660000000000153e+01 -1.783560099999999954e-02 9.991069999999999673e-01 -3.830609900000000317e-02 -3.501819999999999933e+00 5.705310000000000104e-01 4.163239999999999996e-02 8.202199999999999491e-01 5.111639999999999873e+01
8.177130000000000232e-01 -8.223319999999999241e-03 -5.755670000000000508e-01 -2.244900000000000162e+01 -2.146580099999999963e-02 9.987669999999999604e-01 -4.476639899999999839e-02 -3.571099999999999941e+00 5.752249999999999863e-01 4.896110000000000045e-02 8.165289999999999493e-01 5.203150000000000119e+01
8.158140000000000391e-01 -9.489579999999999196e-03 -5.782359999999999722e-01 -2.309100000000000108e+01 -2.153840099999999869e-02 9.986730000000000329e-01 -4.677729900000000135e-02 -3.634479999999999933e+00 5.779130000000000100e-01 5.061589999999999839e-02 8.145270000000000010e-01 5.288640000000000185e+01
8.099739999999999718e-01 -7.853979999999999989e-03 -5.864129999999999621e-01 -2.372710000000000008e+01 -2.134660099999999977e-02 9.988529999999999909e-01 -4.286259900000000123e-02 -3.702920000000000211e+00 5.860769999999999591e-01 4.723549999999999971e-02 8.088769999999999571e-01 5.382019999999999982e+01
8.088579999999999659e-01 -6.490450000000000039e-03 -5.879689999999999639e-01 -2.433399999999999963e+01 -1.893660100000000082e-02 9.991330000000000489e-01 -3.707989899999999950e-02 -3.758809999999999985e+00 5.876989999999999714e-01 4.112650000000000333e-02 8.080330000000000013e-01 5.461310000000000286e+01
8.052329999999999766e-01 -5.450729999999999985e-03 -5.929339999999999611e-01 -2.498499999999999943e+01 -1.847740100000000094e-02 9.992419999999999636e-01 -3.427909900000000037e-02 -3.819360000000000088e+00 5.926709999999999479e-01 3.855859999999999843e-02 8.045210000000000417e-01 5.549860000000000326e+01
8.016879999999999562e-01 -3.288020000000000005e-03 -5.977329999999999588e-01 -2.567030000000000101e+01 -2.146280100000000010e-02 9.991820000000000146e-01 -3.428249900000000100e-02 -3.876650000000000151e+00 5.973570000000000269e-01 4.031289999999999873e-02 8.009619999999999518e-01 5.639629999999999654e+01
7.973379999999999912e-01 -5.155709999999999980e-03 -6.035110000000000197e-01 -2.630079999999999885e+01 -2.092200099999999910e-02 9.991259999999999586e-01 -3.617679900000000254e-02 -3.932999999999999829e+00 6.031699999999999839e-01 4.147180000000000311e-02 7.965339999999999643e-01 5.729209999999999781e+01
7.949659999999999505e-01 -6.780959999999999939e-03 -6.066160000000000441e-01 -2.703519999999999968e+01 -2.112060099999999926e-02 9.990219999999999656e-01 -3.884579900000000030e-02 -3.994740000000000180e+00 6.062859999999999916e-01 4.369309999999999861e-02 7.940460000000000296e-01 5.811730000000000018e+01
7.894200000000000106e-01 -7.548390000000000308e-03 -6.138069999999999915e-01 -2.761240000000000094e+01 -2.093600099999999922e-02 9.990120000000000111e-01 -3.921139900000000095e-02 -4.051879999999999704e+00 6.134960000000000413e-01 4.380490000000000078e-02 7.884820000000000162e-01 5.899779999999999802e+01
7.849409999999999998e-01 -8.959899999999999809e-03 -6.195049999999999724e-01 -2.830489999999999995e+01 -1.866100099999999998e-02 9.990999999999999881e-01 -3.809429899999999813e-02 -4.109589999999999854e+00 6.192889999999999784e-01 4.146240000000000342e-02 7.840679999999999872e-01 5.980030000000000001e+01
7.801219999999999821e-01 -8.992649999999999602e-03 -6.255619999999999514e-01 -2.898250000000000171e+01 -1.857140100000000127e-02 9.991229999999999833e-01 -3.752269899999999964e-02 -4.169270000000000032e+00 6.253509999999999902e-01 4.088989999999999986e-02 7.792710000000000470e-01 6.063989999999999725e+01
7.743370000000000530e-01 -9.817350000000000729e-03 -6.326969999999999539e-01 -2.972520000000000095e+01 -1.860980099999999873e-02 9.990940000000000376e-01 -3.827859900000000343e-02 -4.233039999999999914e+00 6.324999999999999512e-01 4.141489999999999755e-02 7.734529999999999461e-01 6.153670000000000329e+01
7.693539999999999823e-01 -1.101489999999999934e-02 -6.387270000000000447e-01 -3.035200000000000031e+01 -1.839100100000000057e-02 9.990550000000000264e-01 -3.938099899999999987e-02 -4.289279999999999760e+00 6.385570000000000412e-01 4.204480000000000023e-02 7.684250000000000247e-01 6.233080000000000354e+01
7.636969999999999592e-01 -1.217279999999999925e-02 -6.454609999999999514e-01 -3.117099999999999937e+01 -1.786720099999999922e-02 9.990409999999999568e-01 -3.998099900000000317e-02 -4.356040000000000134e+00 6.453280000000000127e-01 4.206590000000000329e-02 7.627460000000000351e-01 6.318319999999999936e+01
7.583459999999999646e-01 -1.380269999999999934e-02 -6.517060000000000075e-01 -3.181700000000000017e+01 -1.713640099999999902e-02 9.990080000000000071e-01 -4.109879899999999836e-02 -4.413429999999999964e+00 6.516269999999999563e-01 4.233499999999999763e-02 7.573569999999999469e-01 6.397529999999999717e+01
7.514330000000000176e-01 -1.551289999999999961e-02 -6.596269999999999634e-01 -3.258290000000000219e+01 -1.662550100000000086e-02 9.989609999999999879e-01 -4.243259900000000140e-02 -4.479589999999999961e+00 6.595999999999999641e-01 4.285189999999999833e-02 7.503940000000000055e-01 6.481610000000000582e+01
7.453349999999999698e-01 -1.630109999999999892e-02 -6.664900000000000269e-01 -3.329070000000000107e+01 -1.577860099999999974e-02 9.989900000000000446e-01 -4.207849899999999838e-02 -4.539930000000000021e+00 6.665029999999999566e-01 4.187889999999999668e-02 7.443250000000000144e-01 6.562350000000000705e+01
7.399719999999999631e-01 -1.654119999999999896e-02 -6.724339999999999762e-01 -3.392399999999999949e+01 -1.477090099999999948e-02 9.990569999999999729e-01 -4.083019899999999758e-02 -4.593060000000000365e+00 6.724759999999999627e-01 4.014559999999999657e-02 7.390299999999999647e-01 6.629380000000000450e+01
7.323600000000000110e-01 -1.750080000000000038e-02 -6.806929999999999925e-01 -3.459199999999999875e+01 -1.301470100000000005e-02 9.991269999999999873e-01 -3.969029899999999833e-02 -4.649289999999999701e+00 6.807940000000000103e-01 3.792659999999999781e-02 7.314929999999999488e-01 6.705180000000000007e+01
7.261309999999999709e-01 -1.893399999999999944e-02 -6.872960000000000180e-01 -3.532139999999999702e+01 -1.207690099999999926e-02 9.991149999999999753e-01 -4.028349900000000039e-02 -4.713779999999999859e+00 6.874500000000000055e-01 3.755150000000000154e-02 7.252600000000000158e-01 6.786719999999999686e+01
7.200790000000000246e-01 -2.050859999999999836e-02 -6.935890000000000111e-01 -3.629820000000000135e+01 -1.219140099999999928e-02 9.990350000000000064e-01 -4.219729900000000061e-02 -4.792329999999999757e+00 6.937849999999999850e-01 3.884119999999999934e-02 7.191340000000000510e-01 6.878900000000000148e+01
7.141739999999999755e-01 -1.956410000000000093e-02 -6.996949999999999559e-01 -3.710379999999999967e+01 -1.399480099999999942e-02 9.990099999999999536e-01 -4.221769899999999742e-02 -4.852999999999999758e+00 6.998280000000000056e-01 3.994290000000000340e-02 7.131939999999999946e-01 6.959310000000000684e+01
7.081819999999999782e-01 -1.960550000000000140e-02 -7.057579999999999965e-01 -3.778900000000000148e+01 -1.323440099999999980e-02 9.990700000000000136e-01 -4.103349900000000106e-02 -4.905420000000000336e+00 7.059060000000000334e-01 3.839940000000000020e-02 7.072640000000000038e-01 7.024410000000000309e+01
7.035019999999999607e-01 -1.915189999999999948e-02 -7.104359999999999564e-01 -3.861070000000000135e+01 -1.403630099999999929e-02 9.990670000000000384e-01 -4.083209899999999670e-02 -4.969870000000000232e+00 7.105550000000000477e-01 3.869729999999999698e-02 7.025770000000000071e-01 7.103600000000000136e+01
6.989490000000000425e-01 -1.998060000000000114e-02 -7.148930000000000007e-01 -3.942329999999999757e+01 -1.409000099999999957e-02 9.990310000000000024e-01 -4.169779900000000067e-02 -5.038230000000000430e+00 7.150330000000000297e-01 3.921739999999999948e-02 6.979899999999999993e-01 7.185880000000000223e+01
6.931589999999999696e-01 -2.142290000000000166e-02 -7.204660000000000508e-01 -4.028430000000000177e+01 -1.496180100000000027e-02 9.989149999999999974e-01 -4.409719899999999665e-02 -5.106410000000000338e+00 7.206289999999999640e-01 4.134580000000000199e-02 6.920870000000000077e-01 7.266169999999999618e+01
6.888220000000000454e-01 -2.375860000000000125e-02 -7.245420000000000194e-01 -4.114289999999999736e+01 -1.486570100000000026e-02 9.987899999999999556e-01 -4.688439900000000021e-02 -5.178110000000000213e+00 7.247789999999999511e-01 4.306580000000000130e-02 6.876349999999999962e-01 7.345529999999999404e+01
6.827779999999999960e-01 -2.315820000000000031e-02 -7.302589999999999915e-01 -4.195790000000000219e+01 -1.725920099999999832e-02 9.987070000000000114e-01 -4.780839900000000142e-02 -5.250040000000000262e+00 7.304220000000000157e-01 4.524620000000000031e-02 6.814959999999999907e-01 7.427819999999999823e+01
6.787750000000000172e-01 -2.387099999999999986e-02 -7.339590000000000281e-01 -4.282009999999999650e+01 -1.499000099999999933e-02 9.988129999999999509e-01 -4.634799900000000084e-02 -5.316819999999999879e+00 7.341940000000000133e-01 4.246189999999999687e-02 6.776109999999999634e-01 7.500539999999999452e+01
6.744289999999999452e-01 -2.416980000000000170e-02 -7.379449999999999621e-01 -4.364509999999999934e+01 -1.378990100000000024e-02 9.988770000000000149e-01 -4.531909900000000158e-02 -5.385959999999999859e+00 7.382119999999999793e-01 4.074060000000000181e-02 6.733379999999999921e-01 7.575209999999999866e+01
6.679209999999999869e-01 -2.438219999999999971e-02 -7.438329999999999664e-01 -4.455870000000000175e+01 -1.403000100000000028e-02 9.988730000000000109e-01 -4.534029900000000057e-02 -5.463829999999999742e+00 7.440999999999999837e-01 4.071969999999999756e-02 6.668260000000000298e-01 7.657389999999999475e+01
6.630719999999999947e-01 -2.606299999999999936e-02 -7.481020000000000447e-01 -4.542980000000000018e+01 -1.279880100000000027e-02 9.988529999999999909e-01 -4.614299899999999705e-02 -5.535730000000000040e+00 7.484459999999999447e-01 4.017090000000000244e-02 6.619779999999999553e-01 7.736950000000000216e+01
6.597380000000000466e-01 -2.623599999999999891e-02 -7.510379999999999834e-01 -4.630510000000000304e+01 -1.220530100000000000e-02 9.988839999999999941e-01 -4.561559899999999973e-02 -5.608679999999999666e+00 7.513969999999999816e-01 3.926090000000000135e-02 6.586819999999999897e-01 7.811539999999999395e+01
6.545659999999999812e-01 -2.751429999999999848e-02 -7.555039999999999534e-01 -4.721329999999999671e+01 -1.029190099999999913e-02 9.989209999999999479e-01 -4.529599900000000345e-02 -5.676610000000000156e+00 7.559350000000000236e-01 3.742480000000000112e-02 6.535760000000000458e-01 7.890210000000000434e+01
6.510460000000000136e-01 -3.057139999999999858e-02 -7.584220000000000406e-01 -4.808529999999999660e+01 -6.874210599999999727e-03 9.989099999999999646e-01 -4.616629900000000092e-02 -5.749839999999999840e+00 7.590069999999999872e-01 3.526989999999999986e-02 6.501259999999999817e-01 7.965189999999999770e+01
6.459240000000000537e-01 -3.501350000000000295e-02 -7.625990000000000268e-01 -4.904659999999999798e+01 -3.718190599999999894e-03 9.987920000000000131e-01 -4.900719900000000129e-02 -5.827849999999999753e+00 7.633929999999999882e-01 3.449039999999999745e-02 6.450129999999999475e-01 8.046490000000000009e+01
6.399580000000000268e-01 -3.910319999999999768e-02 -7.674140000000000406e-01 -4.998109999999999786e+01 -4.413875999999999954e-04 9.986859999999999626e-01 -5.125559899999999891e-02 -5.906109999999999971e+00 7.684100000000000374e-01 3.314020000000000160e-02 6.390989999999999727e-01 8.128969999999999629e+01
6.321160000000000112e-01 -4.333859999999999796e-02 -7.736610000000000431e-01 -5.089459999999999695e+01 6.150239400000000189e-03 9.986840000000000162e-01 -5.091879900000000070e-02 -5.985070000000000334e+00 7.748490000000000100e-01 2.742839999999999862e-02 6.315499999999999448e-01 8.202979999999999450e+01
6.265899999999999803e-01 -4.687090000000000006e-02 -7.779380000000000184e-01 -5.184000000000000341e+01 1.078339900000000080e-02 9.986159999999999481e-01 -5.148119899999999832e-02 -6.067719999999999558e+00 7.792740000000000222e-01 2.386879999999999905e-02 6.262280000000000069e-01 8.274639999999999418e+01
6.158160000000000300e-01 -4.812609999999999805e-02 -7.864189999999999792e-01 -5.276599999999999824e+01 1.386939899999999927e-02 9.986399999999999721e-01 -5.025269899999999790e-02 -6.146359999999999602e+00 7.877680000000000238e-01 2.003920000000000007e-02 6.156460000000000266e-01 8.350029999999999575e+01
6.064030000000000253e-01 -4.715330000000000216e-02 -7.937579999999999636e-01 -5.372200000000000131e+01 1.524059900000000051e-02 9.987460000000000226e-01 -4.768739899999999837e-02 -6.220299899999999660e+00 7.950110000000000232e-01 1.682039999999999924e-02 6.063610000000000388e-01 8.426359999999999673e+01
6.000349999999999850e-01 -4.708939999999999654e-02 -7.985860000000000181e-01 -5.470870000000000033e+01 1.562339899999999962e-02 9.987650000000000139e-01 -4.715419900000000081e-02 -6.300399900000000386e+00 7.998210000000000042e-01 1.581760000000000110e-02 6.000299999999999523e-01 8.490460000000000207e+01
5.894310000000000382e-01 -4.735990000000000338e-02 -8.064289999999999514e-01 -5.570230000000000103e+01 1.264829900000000000e-02 9.986990000000000034e-01 -4.940659900000000243e-02 -6.376169899999999835e+00 8.077199999999999935e-01 1.892179999999999904e-02 5.892629999999999812e-01 8.566320000000000334e+01
5.800840000000000440e-01 -5.033150000000000124e-02 -8.129999999999999449e-01 -5.668079999999999785e+01 1.466409899999999988e-02 9.985730000000000439e-01 -5.135699900000000040e-02 -6.458839900000000078e+00 8.144249999999999545e-01 1.786949999999999997e-02 5.799940000000000095e-01 8.633729999999999905e+01
5.714080000000000270e-01 -5.080359999999999737e-02 -8.190920000000000423e-01 -5.772050000000000125e+01 1.282749899999999915e-02 9.985129999999999839e-01 -5.298339900000000047e-02 -6.539329900000000251e+00 8.205660000000000176e-01 1.976819999999999966e-02 5.712099999999999955e-01 8.707920000000000016e+01
5.601549999999999585e-01 -5.249670000000000031e-02 -8.267229999999999857e-01 -5.871670000000000300e+01 1.721039900000000122e-02 9.985119999999999552e-01 -5.174419899999999767e-02 -6.619389899999999827e+00 8.282089999999999730e-01 1.475650000000000052e-02 5.602249999999999730e-01 8.772530000000000427e+01
5.491949999999999887e-01 -5.217839999999999978e-02 -8.340640000000000276e-01 -5.977740000000000009e+01 1.841969900000000118e-02 9.985619999999999497e-01 -5.034069900000000264e-02 -6.706079899999999760e+00 8.354909999999999837e-01 1.228369999999999983e-02 5.493670000000000497e-01 8.844029999999999347e+01
5.382160000000000277e-01 -5.272299999999999903e-02 -8.411560000000000148e-01 -6.082909999999999684e+01 1.909839899999999854e-02 9.985479999999999912e-01 -5.036799899999999663e-02 -6.788459900000000324e+00 8.425899999999999501e-01 1.104409999999999940e-02 5.384419999999999762e-01 8.909069999999999823e+01
5.301829999999999599e-01 -5.306659999999999849e-02 -8.462210000000000010e-01 -6.187319999999999709e+01 1.708609999999999990e-02 9.985060000000000047e-01 -5.191139899999999696e-02 -6.872859899999999911e+00 8.477109999999999923e-01 1.306389999999999982e-02 5.302970000000000184e-01 8.976829999999999643e+01
5.180460000000000065e-01 -5.417249999999999843e-02 -8.536359999999999504e-01 -6.294550000000000267e+01 1.707569999999999921e-02 9.984490000000000309e-01 -5.299979900000000022e-02 -6.952879900000000113e+00 8.551819999999999977e-01 1.287980000000000028e-02 5.181670000000000442e-01 9.038309999999999889e+01
5.091689999999999827e-01 -5.448130000000000334e-02 -8.589400000000000368e-01 -6.406799999999999784e+01 1.497839999999999935e-02 9.984039999999999582e-01 -5.444829899999999862e-02 -7.045629899999999779e+00 8.605359999999999676e-01 1.485790000000000027e-02 5.091729999999999867e-01 9.105280000000000484e+01
