9.999999999999998890e-01 2.680133637895683627e-22 9.467889521019811528e-20 -8.673617379884035472e-19 1.132317908027311147e-21 1.000000000000000000e+00 -4.956378993858831401e-19 1.387778780781445676e-17 -7.288425687518648529e-19 4.589744003470270786e-19 1.000000000000000000e+00 0.000000000000000000e+00
9.999457827272975052e-01 -2.253526173790164171e-03 1.016667503229584310e-02 2.184141378191409646e-02 2.242154265077136131e-03 9.999968484116454892e-01 1.129828748637471715e-03 -6.520934161890382108e-03 -1.016918943713358142e-02 -1.106972204541081892e-03 9.999476788610568434e-01 2.915808928874489281e-01
9.998468282849554134e-01 -3.952650179284147684e-03 1.705003819530767975e-02 3.417634024694723993e-02 3.926465785078729100e-03 9.999910585090063808e-01 1.568965456588645654e-03 -1.225682433213287625e-02 -1.705608871183597955e-02 -1.501778760028979693e-03 9.998534032060382160e-01 5.848709780571305084e-01
9.997936984115941561e-01 -6.622295145818121731e-03 1.920185006978647815e-02 4.198446555729398733e-02 6.626263523044127399e-03 9.999780340686053037e-01 -1.430157750716983358e-04 -1.330454200783713625e-02 -1.920048283604289946e-02 2.702227763325043878e-04 9.998156175198004147e-01 8.817916636697060717e-01
9.998215281740003846e-01 -7.791366010843388777e-03 1.721055027880087976e-02 4.114132962056616521e-02 7.816665352867461364e-03 9.999684684480354413e-01 -1.403167478711651135e-03 -1.554662752155208660e-02 -1.719907638699421162e-02 1.537446136681434872e-03 9.998509033779641175e-01 1.190370103693804138e+00
9.998825390247059186e-01 -1.098735413898545288e-02 1.068592278027446010e-02 4.998801177613018676e-02 1.102227941362565224e-02 9.999340861324215179e-01 -3.214888520810946400e-03 -1.740767441117821446e-02 -1.064989630075857500e-02 3.332294126603581753e-03 9.999377348428722945e-01 1.503198822703415649e+00
9.999288452503297675e-01 -1.186684360436451695e-02 -1.220779111620896081e-03 3.980794480393316792e-02 1.186103575248148578e-02 9.999187928971711159e-01 -4.660524166435439306e-03 -2.511434523183045386e-02 1.275985663478712388e-03 4.645712779107837032e-03 9.999883918524988813e-01 1.837199992800259363e+00
9.997846596584297751e-01 -1.149519992806230864e-02 -1.727704880980814733e-02 2.357910037492323349e-02 1.140945402945704561e-02 9.999221451775672787e-01 -5.053463941688191192e-03 -3.316749405333629941e-02 1.733379533492824393e-02 4.855254037027513687e-03 9.998379651640028065e-01 2.153963173091270278e+00
9.993327934728039041e-01 -7.654468029922689536e-03 -3.571236137694668716e-02 -9.136456553184684956e-03 7.455332076080308998e-03 9.999559269185053223e-01 -5.705967686414189534e-03 -3.419527077985960728e-02 3.575446745450679142e-02 5.435913044528028516e-03 9.993458196086906220e-01 2.504801490731398683e+00
9.983866722029705043e-01 -4.145744102031089992e-03 -5.662922965315930063e-02 -5.032993597588998613e-02 3.767358122682325835e-03 9.999698740827962506e-01 -6.786945096211569051e-03 -4.141559902811565996e-02 5.665566503563653628e-02 6.562652808779746716e-03 9.983722137142330144e-01 2.834516090612561712e+00
9.971675144299447791e-01 -3.495333603350627046e-03 -7.513145860831269007e-02 -9.904357584145277726e-02 2.961434882888364616e-03 9.999695783130433391e-01 -7.216429923002369747e-03 -4.436610242993307973e-02 7.515440318753122129e-02 6.973492514180804243e-03 9.971475272570120563e-01 3.213612643017614623e+00
9.953364822150915225e-01 -4.533188591152943064e-03 -9.635736661534824443e-02 -1.446880118047925989e-01 3.898314362499934529e-03 9.999694454578795799e-01 -6.775983481690186182e-03 -4.840788434750464830e-02 9.638514749433760298e-02 6.368752169298982913e-03 9.953237423270288042e-01 3.593404834109297674e+00
9.932628374015529671e-01 -5.668148165920457518e-03 -1.157445795581395348e-01 -1.995656420341591353e-01 4.990752155677421684e-03 9.999686824630175108e-01 -6.141475418492502343e-03 -5.574943949286997880e-02 1.157757726084399086e-01 5.522446739294350863e-03 9.932600201354294667e-01 3.974304443556880173e+00
9.910694218735249805e-01 -5.081905198475677142e-03 -1.332500473747445791e-01 -2.660899644996358449e-01 4.352715083778471196e-03 9.999739203531887721e-01 -5.763076701318382497e-03 -6.233833588471900111e-02 1.332758729653405194e-01 5.131609500587518136e-03 9.910656977732863471e-01 4.363915581250917164e+00
9.888148363748873182e-01 -4.319083732323794958e-03 -1.490857789758487650e-01 -3.421043602895922908e-01 3.542809765933821204e-03 9.999787557406990546e-01 -5.472080248891240777e-03 -7.036404829252504434e-02 1.491062593103864020e-01 4.882691524494583817e-03 9.888091278844136633e-01 4.797270271539941788e+00
9.866068811980900355e-01 -3.554766439914505000e-03 -1.630773829873492786e-01 -4.145454257694383693e-01 2.699937865000083623e-03 9.999814337506689466e-01 -5.463193653144735214e-03 -7.424168623448922089e-02 1.630937906063823217e-01 4.949725601302071808e-03 9.865981550512410436e-01 5.191822984842490385e+00
9.845423597863942611e-01 -4.945002017607592025e-03 -1.750768249410576682e-01 -5.061036441464984437e-01 3.897522742536116847e-03 9.999723905923900702e-01 -6.326306256449130451e-03 -8.149552229749273957e-02 1.751032874955333885e-01 5.546150402795668906e-03 9.845344496212157237e-01 5.637980334697893170e+00
9.828045328032556371e-01 -7.893732344398845038e-03 -1.844801836760696923e-01 -5.913128146082458070e-01 6.421367882455199065e-03 9.999425929072116581e-01 -8.577237259250155774e-03 -9.317898311598082906e-02 1.845373150519210581e-01 7.245132464575347424e-03 9.827988042895327014e-01 6.083807643326985648e+00
9.812528931718599301e-01 -7.110432889576184280e-03 -1.925933418745983672e-01 -6.900699332534087072e-01 5.229011493988375801e-03 9.999335316665018958e-01 -1.027542331832745348e-02 -1.004508573220251749e-01 1.926536211387858133e-01 9.075715955379412558e-03 9.812248551616380432e-01 6.541724262677321100e+00
9.796577025133181849e-01 -7.412144361642238576e-03 -2.005388637074531633e-01 -7.948013359682656320e-01 5.022633217645950179e-03 9.999102323474291509e-01 -1.242162350429418770e-02 -1.021698181584567572e-01 2.006129447158743195e-01 1.116170543910775456e-02 9.796069951392527564e-01 7.009885551277760030e+00
9.781742350588512602e-01 -7.575555717896357254e-03 -2.076481996006239450e-01 -9.005882197093266761e-01 4.579922172565495907e-03 9.998784510690948979e-01 -1.490344556965537449e-02 -1.123455341548904862e-01 2.077358765646316052e-01 1.362715329087187816e-02 9.780900338720539544e-01 7.500040870302362883e+00
9.762932503942020057e-01 -1.180531055613561614e-02 -2.161298541617544533e-01 -1.012100782855208214e+00 8.346609678577626007e-03 9.998222021228110323e-01 -1.690869433275612316e-02 -1.245519690474066882e-01 2.162910577899372355e-01 1.470389234254603286e-02 9.762181974829867714e-01 8.000410047219544296e+00
9.744799269492963045e-01 -1.734355095220960902e-02 -2.238036549803452957e-01 -1.129567720868954295e+00 1.361465166417538154e-02 9.997417799024161944e-01 -1.819393324535978351e-02 -1.392029571402814969e-01 2.240614223705346963e-01 1.468261380180138805e-02 9.744644131482874672e-01 8.528203576980624590e+00
9.726084817678120054e-01 -1.842711497889885572e-02 -2.317179013009015298e-01 -1.250139937900125453e+00 1.402105175463499824e-02 9.996884953738820467e-01 -2.064744502206237314e-02 -1.633125898579008972e-01 2.320262067315862764e-01 1.683295183313749527e-02 9.725638728583058112e-01 9.037899653016255641e+00
9.703811521975442833e-01 -1.480400131539893506e-02 -2.411249915234383867e-01 -1.401490604151705899e+00 9.071652953191506122e-03 9.996496245156243354e-01 -2.486616619702525927e-02 -1.646801837753367748e-01 2.414086401383286618e-01 2.194225606076927182e-02 9.701754532868311909e-01 9.563900973127903882e+00
9.684041462979401382e-01 -1.165115347377881742e-02 -2.491137217966369333e-01 -1.545338174032381273e+00 4.883259664377627603e-03 9.996024462112927944e-01 -2.776865367790238431e-02 -1.795612004530805772e-01 2.493382428084198743e-01 2.567479207561103663e-02 9.680760574907670835e-01 1.010732099843395204e+01
9.659525757765692333e-01 -1.415313320908740888e-02 -2.583317844971206867e-01 -1.700418887516548905e+00 6.636013961714285099e-03 9.995294424012376444e-01 -2.994753048643248455e-02 -2.002101567744063448e-01 2.586341052919859940e-01 2.721359980826131009e-02 9.655919618221933121e-01 1.065652356413702506e+01
9.637283283558690794e-01 -1.621190095151211000e-02 -2.663923557330279412e-01 -1.860167378612649136e+00 7.977151423217422946e-03 9.994571464023959129e-01 -3.196523708789969498e-02 -2.314905371716127203e-01 2.667659816856582378e-01 2.868075156880391802e-02 9.633344852417350390e-01 1.123867863882274420e+01
9.615822437795422672e-01 -1.602343050277994785e-02 -2.740489770365328037e-01 -2.025491618148958395e+00 6.810417068734336832e-03 9.993802261300430700e-01 -3.453661508291395316e-02 -2.534229927383903069e-01 2.744325471966671537e-01 3.134340731860910112e-02 9.610954000904144978e-01 1.179976825897973569e+01
9.590916008629063461e-01 -1.571757082700096439e-02 -2.826592657237648187e-01 -2.236417632852187420e+00 5.153711646858410642e-03 9.992614806843724828e-01 -3.807793852320022487e-02 -2.654058401170182879e-01 2.830490378178983080e-01 3.506348612694036582e-02 9.584642984527212972e-01 1.242600322804330304e+01
9.570722366132625725e-01 -1.646418265007572670e-02 -2.893815255549774257e-01 -2.427148446121961456e+00 4.139449077791332310e-03 9.990600058848675413e-01 -4.315049176567437028e-02 -2.918407144298628131e-01 2.898199659265345285e-01 4.010025721064404414e-02 9.562407475018698255e-01 1.302892542040327939e+01
9.550932707809397515e-01 -1.737231322821118987e-02 -2.957956108134441875e-01 -2.630110583673005209e+00 2.559933660956782708e-03 9.987263233141893126e-01 -5.039024092256963461e-02 -3.288801831063810077e-01 2.962942822282398914e-01 4.737016150224331729e-02 9.539212659048708076e-01 1.366433181607776426e+01
9.538834012675501128e-01 -1.744840703679958679e-02 -2.996698312531084762e-01 -2.838082339670230159e+00 -1.154900701425074373e-04 9.982877926145651282e-01 -5.849336297257892031e-02 -3.602679980635551393e-01 3.001773792472988145e-01 5.583045532069815658e-02 9.522481361178847248e-01 1.430885373860870935e+01
9.528029382862333030e-01 -1.741652239031684507e-02 -3.030894602571350127e-01 -3.039484060385895692e+00 -3.132180398388519256e-03 9.977359748997394195e-01 -6.717964417767750829e-02 -4.047529896755482914e-01 3.035733197110260240e-01 6.495829140262351920e-02 9.505912168140272511e-01 1.494080108697682263e+01
9.512518359094239706e-01 -1.724909948484425193e-02 -3.079324791576836806e-01 -3.267856087368190998e+00 -6.503035083893761621e-03 9.970910428717169038e-01 -7.594179999136795034e-02 -4.465753920083188611e-01 3.083466770511267829e-01 7.424227042452832825e-02 9.483725112188591266e-01 1.559130435897132649e+01
9.499756599408399893e-01 -1.589725515655621493e-02 -3.119190776383146124e-01 -3.498534078683828152e+00 -1.061132204827097344e-02 9.964843461334549346e-01 -8.310444802409129583e-02 -5.007535032760699334e-01 3.121436407954109038e-01 8.225707490941966404e-02 9.464671839257048358e-01 1.623682190277965276e+01
9.482982846305055835e-01 -1.478403682785090802e-02 -3.170359543517253242e-01 -3.732497678549749676e+00 -1.433886328802249331e-02 9.958988395501073843e-01 -8.933032297707321767e-02 -5.593563659160392110e-01 3.170564294645194514e-01 8.925772590393570016e-02 9.441971658193868411e-01 1.691831944177962654e+01
9.466521116571914307e-01 -1.327856755499910030e-02 -3.219836308223634758e-01 -3.989612179579346662e+00 -1.844310259366832572e-02 9.952806863331317144e-01 -9.526913744477422119e-02 -6.253606210923183806e-01 3.217291542219175571e-01 9.612510510534158503e-02 9.419396620096769368e-01 1.759742381057520078e+01
9.453931899996577126e-01 -1.095302567468281127e-02 -3.257479657923963989e-01 -4.230986865113863793e+00 -2.314650055451205474e-02 9.946555586223065903e-01 -1.006208280145141493e-01 -6.949954727055751569e-01 3.251091574514946569e-01 1.026661664228275678e-01 9.400870713780354881e-01 1.829300106909013124e+01
9.432702692022173485e-01 -8.968741894763153019e-03 -3.319047239893945234e-01 -4.513896295612047638e+00 -2.713571645205328786e-02 9.942086119388916510e-01 -1.039850022761098364e-01 -7.660700085506514379e-01 3.309151764499200232e-01 1.070924364486265101e-01 9.375640588588908253e-01 1.900293640099602754e+01
9.413060498121921249e-01 -8.256892854263840273e-03 -3.374532981225181749e-01 -4.780676365875524247e+00 -2.901637772649044364e-02 9.940211702686341244e-01 -1.052614244880733657e-01 -8.377806543747330359e-01 3.363048843023110357e-01 1.088748886493044327e-01 9.354385599191737954e-01 1.971252988174248699e+01
9.391818480438149930e-01 -7.131927268706325998e-03 -3.433461606830947033e-01 -5.073960716172198460e+00 -3.065035961011923146e-02 9.940536551789646014e-01 -1.044886558084248407e-01 -9.211239794859260588e-01 3.420497454364329060e-01 1.086575313885186495e-01 9.333785567772203695e-01 2.046618916513482489e+01
9.369166899048415598e-01 -8.216737147170452907e-03 -3.494561233028459779e-01 -5.382714736930338084e+00 -2.970431600409328618e-02 9.942359907912827754e-01 -1.030167763603110770e-01 -9.919740543995884119e-01 3.482883479434931706e-01 1.068984895358384146e-01 9.312722193038756036e-01 2.123918829940755870e+01
9.344248847834385474e-01 -7.725334098886571174e-03 -3.560764682367547618e-01 -5.694797001221944655e+00 -3.035815073930673777e-02 9.943986569423853839e-01 -1.012408137933670238e-01 -1.061372849285033615e+00 3.548641087861732490e-01 1.054117555632633901e-01 9.289563182741760183e-01 2.201264539562730960e+01
9.314041936859274173e-01 -8.000453760416767132e-03 -3.638986147582787267e-01 -6.067822569784347309e+00 -2.980847056047948931e-02 9.947236588484712483e-01 -9.816463142881949600e-02 -1.117645571869983145e+00 3.627639536638624929e-01 1.022782127050260864e-01 9.262513174656009651e-01 2.280205395046934669e+01
9.273187151146193852e-01 -5.357788846546203410e-03 -3.742342721551274454e-01 -6.614928858818450941e+00 -3.174515372537425884e-02 9.951684015158497321e-01 -9.290911312357161278e-02 -1.147646895043265891e+00 3.729239384986061112e-01 9.803648280769082513e-02 9.226681933695306537e-01 2.383559898080675055e+01
9.243131850129080451e-01 -3.474014412456790171e-03 -3.816189865493011535e-01 -6.922543775523153364e+00 -3.240191105136688843e-02 9.956335686200759039e-01 -8.754374859414365551e-02 -1.221267974383242416e+00 3.802568354898522296e-01 9.328302475582837816e-02 9.201646763670158213e-01 2.456451449019557387e+01
9.201554281414512371e-01 -1.066971312245732851e-03 -3.915518249186468180e-01 -7.262768346593933444e+00 -3.432231863612537209e-02 9.959272402834813409e-01 -8.337208332986523196e-02 -1.288146223737521190e+00 3.900461183256238029e-01 9.015423990194604276e-02 9.163712415750677742e-01 2.531821698729333292e+01
9.170409731292609168e-01 2.172631596018398246e-05 -3.987929728815385877e-01 -7.588504358288052032e+00 -3.559888241961289140e-02 9.960122252585320579e-01 -8.180683554160841919e-02 -1.360947385931616349e+00 3.972009281865177543e-01 8.921680343125244772e-02 9.133848016122071423e-01 2.607585946836186253e+01
9.129199253891568944e-01 2.200638037243339042e-03 -4.081327690292986254e-01 -7.948890739946880224e+00 -3.863798961815866073e-02 9.959603492570082706e-01 -8.105607109829600365e-02 -1.440101575820891489e+00 4.063057171202617557e-01 8.976713017686044349e-02 9.093170753538349915e-01 2.685994761638632511e+01
9.092383367620909818e-01 1.074382582519492306e-03 -4.162745282625621712e-01 -8.296314164443291617e+00 -3.785198352765881818e-02 9.960673563883872816e-01 -8.010654497849030442e-02 -1.503876531574762865e+00 4.145514370718195174e-01 8.859275693012681752e-02 9.057032868495217270e-01 2.760677744586578086e+01
9.053477542036927339e-01 1.403342455220555176e-03 -4.246686562297485312e-01 -8.679798167147525945e+00 -3.834174470411334107e-02 9.961805752860617424e-01 -7.844851782527445527e-02 -1.573947403673800149e+00 4.229366120572625731e-01 8.730572490795751595e-02 9.019436505102456092e-01 2.841625376226927813e+01
9.009489857502812615e-01 1.048037270676964927e-03 -4.339237380016312540e-01 -9.051511381167753001e+00 -3.785364890123826820e-02 9.963746419315931968e-01 -7.618842471312459175e-02 -1.643960248090009069e+00 4.322707964337058062e-01 8.506747975202461065e-02 8.977223923181254506e-01 2.919233528442757830e+01
8.973130037566143802e-01 3.098491715963203746e-03 -4.413839096095155679e-01 -9.434867006436705950e+00 -3.887747880956532454e-02 9.966437748837149169e-01 -7.203971731748856633e-02 -1.716626746022911876e+00 4.396793526315147527e-01 8.180206674217210816e-02 8.944218813596707118e-01 2.997934262239809300e+01
8.940352483709508302e-01 3.463420613588653885e-03 -4.479832149978238420e-01 -9.859376099935447613e+00 -3.729255042976207385e-02 9.970748552583443836e-01 -6.671580704160141873e-02 -1.776566578722005518e+00 4.464417724825284761e-01 7.635271859961142993e-02 8.915492263707048837e-01 3.080052171274254391e+01
8.904768376870000335e-01 3.168781816870838621e-03 -4.550175305434058792e-01 -1.027577050183486662e+01 -3.553409550891564045e-02 9.974062419531900536e-01 -6.259478214133477880e-02 -1.840845975380990263e+00 4.536390156957361697e-01 7.190783853965927730e-02 8.882797603598101555e-01 3.159926479488290596e+01
8.862738207295505211e-01 1.255359157246760480e-03 -4.631599217063016583e-01 -1.070110121033323125e+01 -3.311360682424571711e-02 9.976090597080937705e-01 -6.066017690264075696e-02 -1.900537617370309240e+00 4.619764230712986586e-01 6.909842167006678693e-02 8.841963695623555886e-01 3.244854554101164013e+01
8.830543671812819406e-01 2.263328673639870663e-03 -4.692652113576419870e-01 -1.114190739922304374e+01 -3.430645030383692312e-02 9.976239420507364564e-01 -5.974554806237145077e-02 -1.957619855929323638e+00 4.680150213435700923e-01 6.885738993840136157e-02 8.810338307679816960e-01 3.327849960559079534e+01
8.804171641131043335e-01 1.359001243951765562e-03 -4.741980051482495018e-01 -1.159224195185933048e+01 -3.282435097651533601e-02 9.977719411289327489e-01 -5.808364048605367536e-02 -2.001010536293454045e+00 4.730625637165182806e-01 6.670307545109134539e-02 8.785001547579628367e-01 3.413258887581072543e+01
8.778976223584598060e-01 2.774923733328935765e-04 -4.788482742654254776e-01 -1.206901992727537376e+01 -3.137927708331340881e-02 9.978837279948503669e-01 -5.695099359793353438e-02 -2.045737508375241820e+00 4.778191292779750965e-01 6.502305300401413357e-02 8.760484596466897589e-01 3.502449673945430675e+01
8.748199760218153820e-01 -7.062100494261339513e-04 -4.844476125921947096e-01 -1.251932717197531630e+01 -3.068113791610206295e-02 9.979106821187810894e-01 -5.685899434084942111e-02 -2.100051123818304166e+00 4.834756455215865611e-01 6.460478774795667956e-02 8.729705318594035424e-01 3.589822298185829652e+01
8.722647762413516803e-01 8.457781710705649256e-06 -4.890338803702889425e-01 -1.300790765446801167e+01 -3.212453427058011707e-02 9.978410862525621816e-01 -5.728162956567153796e-02 -2.162305098862876029e+00 4.879776554537033073e-01 6.567473290738330693e-02 8.703818975060861884e-01 3.676504218541379032e+01
8.714739307701943050e-01 -1.371938804154413261e-03 -4.904398931068780776e-01 -1.350593010110656955e+01 -3.100601321919112599e-02 9.978415563884707185e-01 -5.788661907789995759e-02 -2.215064065709491548e+00 4.894607601451494427e-01 6.565326378893433790e-02 8.695503628413346897e-01 3.764384600411190007e+01
8.715099251032065730e-01 -1.098045707465701874e-03 -4.903766136315585999e-01 -1.399750442571656706e+01 -3.079563717548908230e-02 9.979010941942183521e-01 -5.696528165033387658e-02 -2.274682129774549200e+00 4.894099435986369873e-01 6.474726795332115536e-02 8.696468907025751705e-01 3.852128570821133735e+01
8.708536366728135691e-01 -1.162391253402554831e-03 -4.915410156043708567e-01 -1.450739038383285617e+01 -2.993920458287710473e-02 9.980151159150583151e-01 -5.540279728088965544e-02 -2.337054379967662410e+00 4.906298010897985895e-01 6.296407421946333127e-02 8.690902974121279545e-01 3.942399752150498671e+01
8.708558270650157418e-01 -1.507922945963840761e-03 -4.915362014939320678e-01 -1.501617527641685612e+01 -2.928281705563469048e-02 9.980600475670057259e-01 -5.494225420357247425e-02 -2.400050349931587501e+00 4.906655354700892868e-01 6.224034531396863829e-02 8.691222553679783802e-01 4.033726312543502246e+01
8.702943057273930805e-01 -3.959836670825881387e-03 -4.925161088118993336e-01 -1.551565764576332995e+01 -2.690030325952659160e-02 9.980929902359055861e-01 -5.555851534335461139e-02 -2.463967973569824554e+00 4.917969261224152677e-01 6.160109079477198157e-02 8.685281340367011493e-01 4.125608703479262118e+01
8.689493938432052422e-01 -5.864110427484785053e-03 -4.948661818666436618e-01 -1.602493805307237906e+01 -2.529057579204092854e-02 9.980971521017941717e-01 -5.623576974526893479e-02 -2.524226244289350607e+00 4.942543377372485836e-01 6.138148842893108997e-02 8.671476140550005152e-01 4.217854475398717540e+01
8.676319146286838313e-01 -6.000295458820506002e-03 -4.971708388486064667e-01 -1.653432233084405567e+01 -2.428920044456612387e-02 9.982218322948293032e-01 -5.443543269395442058e-02 -2.586000878232110889e+00 4.966134486632922673e-01 5.930579909500292846e-02 8.659433730764866111e-01 4.308603576736543062e+01
8.652629151271826746e-01 -6.035181053835837403e-03 -5.012820029836653202e-01 -1.708542450176637928e+01 -2.249238924877201146e-02 9.984532460953234878e-01 -5.084498294579650746e-02 -2.644581462270586769e+00 5.008135445522237106e-01 5.526930748488366463e-02 8.637888187774936943e-01 4.406548688490357080e+01
8.624595719734596821e-01 -5.720202739730853581e-03 -5.060936065941752382e-01 -1.761203085390899048e+01 -2.076964819265880030e-02 9.986938258385280598e-01 -4.668249234402644526e-02 -2.705897283970813749e+00 5.056996453081288312e-01 5.077314807604316194e-02 8.612142521880121748e-01 4.499349775166946586e+01
8.588007834548389008e-01 -8.303274754310863148e-03 -5.122423712352943692e-01 -1.814823286677172121e+01 -1.700737523281940083e-02 9.988554587492660675e-01 -4.470484741591722322e-02 -2.752375486609742961e+00 5.120273284146157344e-01 4.710445541421411780e-02 8.576766377958949805e-01 4.593908781942016617e+01
8.540695679421380637e-01 -1.103744348953964068e-02 -5.200416681886865788e-01 -1.870839596020371332e+01 -1.581258864272227713e-02 9.987618521409654671e-01 -4.716704143682035055e-02 -2.810459820797890806e+00 5.199184209838523252e-01 4.850713902337273897e-02 8.528375699168965207e-01 4.687705074535676175e+01
8.491014694758030057e-01 -1.349744880513096060e-02 -5.280572755886057124e-01 -1.927852576907261906e+01 -1.560002002099269112e-02 9.985966960365202372e-01 -5.060910592442802863e-02 -2.872795778346511231e+00 5.279993916325229630e-01 5.120996926908418651e-02 8.476993644876766876e-01 4.778750760508705042e+01
8.416266071848934605e-01 -1.305599905804258332e-02 -5.399019936421464161e-01 -1.984795139701330413e+01 -1.693805655671741864e-02 9.985778075301167123e-01 -5.055167248867223351e-02 -2.934058518614874878e+00 5.397941998183002354e-01 5.169052299675368223e-02 8.402085052849898039e-01 4.869582099426781241e+01
8.368216876978930019e-01 -1.087536535643874973e-02 -5.473674827396902698e-01 -2.043794889147877214e+01 -1.683214823821387388e-02 9.988189545735973729e-01 -4.557820283292901564e-02 -2.990372767544084542e+00 5.472167419362982121e-01 4.735419862324408841e-02 8.356503077285095671e-01 4.959370315404994045e+01
8.317541609611485143e-01 -8.202254973967960938e-03 -5.550835139918258720e-01 -2.104551998948641867e+01 -1.703696007344314076e-02 9.990427201145845038e-01 -4.029116947530248655e-02 -3.052308573429278304e+00 5.548826713008753186e-01 4.296928322544860818e-02 8.308182089242668322e-01 5.047529884541712164e+01
8.277895519050127993e-01 -7.562354415810429789e-03 -5.609877332857067245e-01 -2.164150695893415488e+01 -1.923989657270969503e-02 9.989383739245563110e-01 -4.185636869596352783e-02 -3.108867738563636518e+00 5.607087560633733370e-01 4.544160955553408487e-02 8.267652541704306746e-01 5.139265460233219329e+01
8.243576713138869305e-01 -9.614285652058133375e-03 -5.659875981934699984e-01 -2.225359523460980427e+01 -2.024256323590804471e-02 9.987155779762005858e-01 -4.644809772269953285e-02 -3.161234318689683409e+00 5.657072514649288397e-01 4.974688427973338045e-02 8.231042407099122826e-01 5.225238640651348021e+01
8.208257239987403198e-01 -1.215740650132250342e-02 -5.710492882617701493e-01 -2.283326384825237909e+01 -2.242437556340564839e-02 9.983167562462311739e-01 -5.348653179028323157e-02 -3.227240978728619147e+00 5.707383778920651629e-01 5.670854433339475587e-02 8.191714497550285357e-01 5.312637381774060685e+01
8.172314314408456459e-01 -1.192429629944375021e-02 -5.761862387358911430e-01 -2.346762895422418183e+01 -2.433147057030861718e-02 9.981805797595829643e-01 -5.516799994326244960e-02 -3.290252763115339540e+00 5.757958010192560927e-01 5.910448117971622839e-02 8.154544087995712065e-01 5.399023482884197023e+01
8.154661072408977418e-01 -9.230624598298160788e-03 -5.787311955441228895e-01 -2.408036824684871036e+01 -2.528618288488680699e-02 9.983500835276980512e-01 -5.155315375313913179e-02 -3.357617782739154677e+00 5.782522467073258898e-01 5.667375240448503659e-02 8.138872492314043194e-01 5.488518483994745623e+01
8.118718145051262436e-01 -7.822823973572765391e-03 -5.837832914350528091e-01 -2.471003279886323867e+01 -2.334440561830606123e-02 9.986756344987963718e-01 -4.584771016142816236e-02 -3.419767331921113040e+00 5.833688505357382814e-01 5.085053630615404829e-02 8.106139809960771769e-01 5.578716540231902599e+01
8.094229050908831047e-01 -9.354989017582897998e-03 -5.871516075827866166e-01 -2.534736000831068381e+01 -1.962663473987831184e-02 9.988834963364681130e-01 -4.297150869776630161e-02 -3.471231690885165921e+00 5.868981038470444389e-01 4.630593195976398513e-02 8.083355785726485943e-01 5.668174653710568123e+01
8.066790600589254234e-01 -5.033045660833225694e-03 -5.909683057324468525e-01 -2.597808005972458290e+01 -2.568739841393406428e-02 9.987201151744473648e-01 -4.356932195523887524e-02 -3.532208263358763922e+00 5.904312705222958257e-01 5.032689702225730949e-02 8.055173147666272460e-01 5.752532107817955165e+01
8.027061163595167192e-01 -7.020844372680858439e-03 -5.963334357526217655e-01 -2.662742093540244781e+01 -2.485187464077057845e-02 9.986683286992998898e-01 -4.521001814365977617e-02 -3.589554192803726895e+00 5.958567817311891668e-01 5.111036105366253274e-02 8.014627049411835458e-01 5.841767342791457196e+01
7.999107261015238057e-01 -9.510169496445244897e-03 -6.000436317675872377e-01 -2.728754208957652594e+01 -2.404519580286779493e-02 9.985636030016871167e-01 -4.788071390404788352e-02 -3.654623370779237490e+00 5.996371360124703731e-01 5.272846223323571918e-02 7.985330608967889932e-01 5.928678397165911917e+01
7.963577025352678307e-01 -1.027012151326020008e-02 -6.047387131458381582e-01 -2.793243156619917400e+01 -2.394623311680943792e-02 9.985364885530991774e-01 -4.849178000136321331e-02 -3.711423454529427346e+00 6.043517399890988573e-01 5.309801508730333658e-02 7.949462989116330425e-01 6.012616233599709403e+01
7.905468587629136401e-01 -1.153868749183759729e-02 -6.122928154093246755e-01 -2.858956415643707771e+01 -2.217716258546351474e-02 9.986272705971809271e-01 -4.745267630759993777e-02 -3.773873911386576019e+00 6.119998956364627318e-01 5.109248063731917228e-02 7.892057506399053901e-01 6.099923521585449038e+01
7.855501619467400998e-01 -1.269810984412616563e-02 -6.186676471186057791e-01 -2.925128237835837552e+01 -2.076093099413881329e-02 9.986857473947644559e-01 -4.685904050631634066e-02 -3.830671897796847691e+00 6.184496376574100118e-01 4.965424324116060606e-02 7.842541306584955851e-01 6.181786489040773347e+01
7.811206714467507917e-01 -1.191216325807554523e-02 -6.242664252435603522e-01 -2.993671619312209842e+01 -2.275728736741990804e-02 9.986105054307842233e-01 -4.753066214241358223e-02 -3.902596095621210459e+00 6.239652523699426023e-01 5.133379214249798872e-02 7.797642131224650219e-01 6.263955875849640620e+01
7.752065419531302126e-01 -1.462832652865252159e-02 -6.315384290257580746e-01 -3.062360913709608212e+01 -2.092107194310312279e-02 9.985889174198675500e-01 -4.881070417476935513e-02 -3.959246175530581446e+00 6.313613459298925701e-01 5.105083724470623613e-02 7.738066206270022285e-01 6.348488044159538646e+01
7.701594953737491700e-01 -1.524453313817621114e-02 -6.376691342184942490e-01 -3.130977130035428857e+01 -2.127761478382216367e-02 9.985439651381274873e-01 -4.957036600086554834e-02 -4.022268307535035170e+00 6.374963896928366180e-01 5.174516534115851385e-02 7.687137494881233213e-01 6.432193248216613313e+01
7.643959916768400253e-01 -1.487677277605686278e-02 -6.445753705038242964e-01 -3.203646241658826455e+01 -2.334168629390161176e-02 9.984398762034161212e-01 -5.072464014096345064e-02 -4.095045130499723740e+00 6.443244204444695811e-01 5.381918695030409733e-02 7.628561921197437590e-01 6.518599814513028434e+01
7.588782633403866607e-01 -1.809179228506098414e-02 -6.509811317711859946e-01 -3.273264348088343922e+01 -2.075846633677800798e-02 9.984340688400308306e-01 -5.194714045627318866e-02 -4.155595164418156351e+00 6.509016088729334681e-01 5.293492525212756955e-02 7.573143478195825118e-01 6.602577875254806372e+01
7.528173251545736688e-01 -2.063218162091781313e-02 -6.579060367921579777e-01 -3.346400631248408075e+01 -1.825708072432484161e-02 9.984695783929046220e-01 -5.220327659021903322e-02 -4.214615184314313368e+00 6.579762845986085740e-01 5.131097310482871099e-02 7.512885064525217649e-01 6.684880370359269364e+01
7.465389476928979695e-01 -1.959145513963901977e-02 -6.650531859220192299e-01 -3.422783196463130650e+01 -1.899708067362837483e-02 9.985312067666950453e-01 -5.073990990543433832e-02 -4.287021282689823742e+00 6.650704847867975333e-01 5.051338683611388686e-02 7.450702555404069560e-01 6.771780874425301988e+01
7.404080915487845083e-01 -1.966517127754597791e-02 -6.718698601677837168e-01 -3.499210912874958268e+01 -1.894231059916099205e-02 9.985644664511901247e-01 -5.010193565347811906e-02 -4.360512350960888739e+00 6.718906795076425853e-01 4.982264481828382885e-02 7.389727020000254054e-01 6.854439046999294760e+01
7.346192644412502526e-01 -2.125134776758479810e-02 -6.781466506917878112e-01 -3.573449272384288378e+01 -1.771060039535812813e-02 9.985681312386676112e-01 -5.047796929400404087e-02 -4.426212384137254929e+00 6.782484048693747658e-01 4.909247174487551407e-02 7.331910143200821572e-01 6.934886966763771454e+01
7.273051158912564595e-01 -2.390097392165167756e-02 -6.858979293271821875e-01 -3.650072614546800764e+01 -1.696230194310127323e-02 9.984621443861443346e-01 -5.277896978089254704e-02 -4.495194285133145229e+00 6.861046445536346239e-01 5.002082192128604055e-02 7.257812197225992357e-01 7.019079709354825525e+01
7.229502431897761872e-01 -2.015609835169865360e-02 -6.906059889860479695e-01 -3.722874356264573947e+01 -2.235565341332117900e-02 9.983684939665958824e-01 -5.254115646163480535e-02 -4.564464759852176812e+00 6.905383484665598148e-01 5.342358919287150398e-02 7.213201428436278873e-01 7.096985390160341467e+01
7.172982158128498043e-01 -2.188129527088668314e-02 -6.964225982558494010e-01 -3.803532213981409171e+01 -1.954363036402321716e-02 9.984816807331402533e-01 -5.150131922681830399e-02 -4.631096603191489081e+00 6.964921725773614014e-01 5.055242958873344683e-02 7.157814934540098761e-01 7.177872515746916804e+01
7.128022158240034933e-01 -2.071080646982460458e-02 -7.010592207361491246e-01 -3.880364373527780231e+01 -2.184622896462998579e-02 9.984232854149809322e-01 -5.170774446678964159e-02 -4.699093195437512804e+00 7.010248138456661726e-01 5.217289307343966898e-02 7.112258687610156782e-01 7.260979538422240864e+01
7.073288328039440964e-01 -2.350598510885167428e-02 -7.064937008664214924e-01 -3.961741357459634116e+01 -1.909117872606734198e-02 9.984471649433648288e-01 -5.233340919647145456e-02 -4.763220925491418178e+00 7.066268450725317063e-01 5.050472553194323977e-02 7.057817122526911513e-01 7.340005095433771487e+01
7.030482713860143340e-01 -2.480087479525337410e-02 -7.107095087656378762e-01 -4.044888487329095739e+01 -2.044401840120384575e-02 9.982737687696172646e-01 -5.505933649239722061e-02 -4.842642081243769603e+00 7.108482360010666135e-01 5.323912886888668844e-02 7.013276198443681997e-01 7.420533110779544472e+01
6.985848428414122013e-01 -2.798113182416358743e-02 -7.149798856817931592e-01 -4.128396242529554883e+01 -1.931019211590989312e-02 9.981338747774464171e-01 -5.792991267393723248e-02 -4.909852589692849989e+00 7.152666482074170329e-01 5.427535686861825748e-02 6.967408823811412910e-01 7.500303195293670910e+01
6.927524805175023781e-01 -2.675332063059436202e-02 -7.206789932146148159e-01 -4.211872930827470185e+01 -2.277332689064661200e-02 9.980017811324780608e-01 -5.893905607216722714e-02 -4.992340402672875932e+00 7.208157974715823091e-01 5.724243478302421667e-02 6.907589483500196081e-01 7.582768354934225385e+01
6.881489648004509574e-01 -2.761650657083521490e-02 -7.250436385590557364e-01 -4.295675548587473713e+01 -2.041699581190240323e-02 9.981426590606867766e-01 -5.739674643453593350e-02 -5.063555215646114327e+00 7.252821414083692186e-01 5.430072430373870940e-02 6.863069861388623183e-01 7.662403531278849300e+01
6.840813588476198914e-01 -2.678028287357562751e-02 -7.289138976456924768e-01 -4.382251704217431865e+01 -2.105797991100964717e-02 9.981841151098920228e-01 -5.643605376751402447e-02 -5.147934109672444691e+00 7.291017145883519346e-01 5.395630545674622719e-02 6.822752060424879250e-01 7.740632241122602863e+01
6.779921165063149679e-01 -2.892339339121000746e-02 -7.344998884368685310e-01 -4.468290515510702221e+01 -1.884120933710701704e-02 9.982134807741736005e-01 -5.669968361240777105e-02 -5.222977609120308173e+00 7.348277011321656671e-01 5.228080405874680620e-02 6.762359127195114450e-01 7.817127376709794362e+01
6.747503158548038282e-01 -2.812599048198793222e-02 -7.375099286750452787e-01 -4.553664198869535795e+01 -2.071750311474007331e-02 9.981580208036375801e-01 -5.702068753775636767e-02 -5.298930405854155978e+00 7.377552699588305618e-01 5.375409053409039434e-02 6.729247333415586674e-01 7.895461647911270120e+01
6.693559890296341131e-01 -2.903291894487073158e-02 -7.423743007091597734e-01 -4.644919865690997796e+01 -1.983019526849173417e-02 9.981819620703948903e-01 -5.691683419217431761e-02 -5.383150614099945663e+00 7.426771659586972607e-01 5.281905067475399507e-02 6.675633488999708209e-01 7.975244961147186018e+01
6.649503530286742237e-01 -3.058500102551805697e-02 -7.462610341458644214e-01 -4.729776373813741230e+01 -1.784878563701806226e-02 9.982251251576366169e-01 -5.681560539700424017e-02 -5.455228822648398257e+00 7.466742882001163872e-01 5.109940993816691757e-02 6.632242518136894915e-01 8.053754780486910647e+01
6.619030088364737940e-01 -3.346264667320451164e-02 -7.488421864830284713e-01 -4.818517869992683700e+01 -1.484688585968096768e-02 9.982218562823508279e-01 -5.772957648135866593e-02 -5.536195270457803908e+00 7.494424805456639804e-01 4.932935394525114065e-02 6.602292248811754138e-01 8.134224056738143815e+01
6.574260176302165748e-01 -3.751389723426324513e-02 -7.525846754037281983e-01 -4.907801743967737451e+01 -1.283366231153591948e-02 9.980576461781721642e-01 -6.096086720423626176e-02 -5.623571550380884965e+00 7.534098325218248071e-01 4.973567663515962578e-02 6.556676261916112303e-01 8.211920237172860482e+01
6.529533403354761401e-01 -4.278963305628809277e-02 -7.561884256902029477e-01 -5.001775644303972967e+01 -7.454256302164227917e-03 9.979914390384673206e-01 -6.290888218482279526e-02 -5.701140204544975276e+00 7.573614875355370035e-01 4.671338608438310031e-02 6.513228706260564271e-01 8.293007314266645835e+01
6.456437940384951446e-01 -4.613722148067490869e-02 -7.622436650588879647e-01 -5.091676425810623385e+01 -3.149120545964387459e-03 9.980038380612256121e-01 -6.307475854006185101e-02 -5.789251703406432803e+00 7.636322559810215793e-01 4.312422233340815897e-02 6.442096979002791546e-01 8.368016755852879385e+01
6.384341108313821289e-01 -5.140220194221466199e-02 -7.679581114549848264e-01 -5.185244058807587209e+01 4.121083531041035142e-03 9.979814331306664510e-01 -6.337247192708428400e-02 -5.869485206889018869e+00 7.696654810703651428e-01 3.729432667715518179e-02 6.373572160379515905e-01 8.444252823101120953e+01
6.302360796099177875e-01 -5.248698547217375832e-02 -7.746273571519664003e-01 -5.277215658526509401e+01 6.503155784029370987e-03 9.980341862695267796e-01 -6.233356243085549225e-02 -5.958129081142734762e+00 7.763763536385590580e-01 3.424733740850802871e-02 6.293384841205554858e-01 8.518783426083666654e+01
6.216144173967435016e-01 -5.020304337204595235e-02 -7.817129422887223456e-01 -5.371899462450458174e+01 5.469318568918845984e-03 9.981979779424867694e-01 -5.975693602680291761e-02 -6.044789360450545601e+00 7.833043150692755585e-01 3.287033491680258629e-02 6.207688246607695470e-01 8.596233251775581152e+01
6.114160978278130321e-01 -4.995404139813735406e-02 -7.897309027202443765e-01 -5.470224624558814241e+01 5.175163952398998193e-03 9.982365041716890763e-01 -5.913630847305080540e-02 -6.136915066043393985e+00 7.912923774233887597e-01 3.206990309724985083e-02 6.105963880004979805e-01 8.669475233175694484e+01
6.044504622063254784e-01 -5.010895333738292490e-02 -7.950652051232980355e-01 -5.561207169029459862e+01 1.703572322426846492e-03 9.980988492255148392e-01 -6.160999510060163886e-02 -6.216392776961773059e+00 7.966409393234927805e-01 3.588573888056071498e-02 6.033866785681594180e-01 8.740924182527550101e+01
5.945375432008700445e-01 -5.289507705503594670e-02 -8.023260972834425075e-01 -5.663689128822262120e+01 3.236559544381899332e-03 9.979832079731800754e-01 -6.339584843886940380e-02 -6.311405346405927652e+00 8.040613685704003366e-01 3.509443488949571394e-02 5.935096888259496772e-01 8.814153644746869531e+01
5.836920120480568741e-01 -5.548131840644423413e-02 -8.100774044981888800e-01 -5.763596436783782906e+01 4.242537764960578606e-03 9.978576199268213154e-01 -6.528526910303703024e-02 -6.382378107245713750e+00 8.119640938195711310e-01 3.466970566777266560e-02 5.826769080251217314e-01 8.883885138005554438e+01
5.737737273131248150e-01 -5.620214296463384163e-02 -8.170832045998257520e-01 -5.863285881414555689e+01 6.484916291004305146e-03 9.979232367138717308e-01 -6.408717035379313254e-02 -6.479747572010925438e+00 8.189882258950008653e-01 3.147281780042152782e-02 5.729466059730036198e-01 8.954962736569518711e+01
5.626183913917054413e-01 -5.672293876356609282e-02 -8.247684457712373129e-01 -5.965275039260190226e+01 8.845097436974414667e-03 9.979993111111650217e-01 -6.260307324516198313e-02 -6.568136043078831143e+00 8.266694413914696948e-01 2.792648268261159472e-02 5.619944874971294357e-01 9.025162812391526757e+01
5.536197871784317437e-01 -5.708276303065331486e-02 -8.308108248430123854e-01 -6.068702998629551359e+01 8.542610591946641838e-03 9.979847588912426071e-01 -6.287637091440836934e-02 -6.661791893072127380e+00 8.327257708509687717e-01 2.771230865914937197e-02 5.529917439303255744e-01 9.090878340608485075e+01
5.438590413532764511e-01 -5.914093838006075771e-02 -8.370899803523995653e-01 -6.174148438695331720e+01 9.161038078748144978e-03 9.978725327077730967e-01 -6.454838374201021800e-02 -6.744506919606067186e+00 8.391266172342919383e-01 2.743660766332777293e-02 5.432437859389505075e-01 9.153974422505243069e+01
5.334902328084643042e-01 -5.912888456594157793e-02 -8.437368550799795308e-01 -6.281522770031256186e+01 6.626177486410045510e-03 9.978149843270647246e-01 -6.573694931507163830e-02 -6.840386915780102939e+00 8.457802988485428886e-01 2.947927002321053258e-02 5.327163528644709434e-01 9.219155557948860746e+01
5.240899122628589479e-01 -5.948517985697629462e-02 -8.495829698229075966e-01 -6.383998767849492850e+01 4.440791185693619691e-03 9.977351035053492190e-01 -6.711890586252104718e-02 -6.936632336590953685e+00 8.516514032182499472e-01 3.140352049968827414e-02 5.231670642317916009e-01 9.282740120341610179e+01
