1.000000000000000000e+00 0.000000000000000000e+00 0.000000000000000000e+00 0.000000000000000000e+00 0.000000000000000000e+00 1.000000000000000000e+00 0.000000000000000000e+00 0.000000000000000000e+00 0.000000000000000000e+00 0.000000000000000000e+00 1.000000000000000000e+00 0.000000000000000000e+00 0.000000000000000000e+00 0.000000000000000000e+00 0.000000000000000000e+00 1.000000000000000000e+00
9.999402499999999749e-01 1.087712300000000069e-02 1.088081299999999960e-03 3.036932700000000152e-01 -1.087476100000000015e-02 9.999385499999999816e-01 -2.153585799999999800e-03 2.466502399999999894e-03 -1.111439299999999976e-03 2.141624500000000129e-03 9.999970900000000329e-01 5.094231299999999948e-03 0.000000000000000000e+00 0.000000000000000000e+00 0.000000000000000000e+00 1.000000000000000000e+00
9.997979900000000253e-01 2.009587900000000052e-02 -3.679579800000000152e-04 8.935543599999999920e-01 -2.009798100000000087e-02 9.997729699999999831e-01 -7.076008200000000019e-03 -1.663399999999999948e-02 2.256758400000000012e-04 7.081974000000000428e-03 9.999748999999999999e-01 1.065596400000000041e-02 0.000000000000000000e+00 0.000000000000000000e+00 0.000000000000000000e+00 1.000000000000000000e+00
9.998421800000000248e-01 1.771120199999999881e-02 -1.388726000000000066e-03 1.194241200000000003e+00 -1.772221800000000139e-02 9.998079399999999506e-01 -8.367335300000000586e-03 -2.678299199999999852e-02 1.240263699999999934e-03 8.390626099999999588e-03 9.999640300000000037e-01 1.251665700000000048e-02 0.000000000000000000e+00 0.000000000000000000e+00 0.000000000000000000e+00 1.000000000000000000e+00
9.999235899999999733e-01 1.187644499999999936e-02 -3.431042599999999804e-03 1.521030300000000057e+00 -1.191579000000000076e-02 9.998607400000000256e-01 -1.168414800000000010e-02 -2.687449800000000014e-02 3.291798600000000064e-03 1.172413899999999974e-02 9.999258500000000049e-01 9.958885599999999991e-03 0.000000000000000000e+00 0.000000000000000000e+00 0.000000000000000000e+00 1.000000000000000000e+00
9.999896000000000340e-01 -3.222682200000000002e-04 -4.548280099999999632e-03 1.841577900000000101e+00 2.662044199999999763e-04 9.999240499999999532e-01 -1.232160000000000026e-02 -1.962265399999999979e-02 4.551905600000000392e-03 1.232026100000000075e-02 9.999137399999999953e-01 2.195316599999999965e-02 0.000000000000000000e+00 0.000000000000000000e+00 0.000000000000000000e+00 1.000000000000000000e+00
9.998472200000000365e-01 -1.675386300000000078e-02 -4.984966799999999802e-03 2.157139200000000034e+00 1.669401400000000008e-02 9.997908399999999585e-01 -1.181453000000000017e-02 -4.467248499999999789e-03 5.181863200000000162e-03 1.172950600000000065e-02 9.999177799999999783e-01 2.332196099999999869e-02 0.000000000000000000e+00 0.000000000000000000e+00 0.000000000000000000e+00 1.000000000000000000e+00
9.993430300000000210e-01 -3.579886599999999863e-02 -5.651684100000000169e-03 2.501316699999999837e+00 3.574970400000000020e-02 9.993240100000000403e-01 -8.572318000000000646e-03 2.467854900000000101e-02 5.954742800000000121e-03 8.364640300000000112e-03 9.999472900000000442e-01 2.658551600000000001e-02 0.000000000000000000e+00 0.000000000000000000e+00 0.000000000000000000e+00 1.000000000000000000e+00
9.984246300000000351e-01 -5.570095900000000128e-02 -6.756626100000000419e-03 2.838372999999999813e+00 5.566994599999999793e-02 9.984381900000000032e-01 -4.694656799999999582e-03 6.186706100000000097e-02 7.007570400000000428e-03 4.311119999999999883e-03 9.999661499999999981e-01 3.012558200000000144e-02 0.000000000000000000e+00 0.000000000000000000e+00 0.000000000000000000e+00 1.000000000000000000e+00
9.971558600000000050e-01 -7.501871000000000234e-02 -7.237340200000000161e-03 3.215915700000000044e+00 7.499223200000000589e-02 9.971766300000000083e-01 -3.863395899999999810e-03 1.043943400000000021e-01 7.506733500000000413e-03 3.309663599999999786e-03 9.999663500000000038e-01 3.084225999999999981e-02 0.000000000000000000e+00 0.000000000000000000e+00 0.000000000000000000e+00 1.000000000000000000e+00
9.954132900000000062e-01 -9.543839899999999321e-02 -6.624757900000000088e-03 3.614822999999999897e+00 9.540508200000000216e-02 9.954250799999999622e-01 -5.175832000000000002e-03 1.506863400000000019e-01 7.088423299999999615e-03 4.520056399999999863e-03 9.999646599999999497e-01 3.703940099999999958e-02 0.000000000000000000e+00 0.000000000000000000e+00 0.000000000000000000e+00 1.000000000000000000e+00
9.932946499999999457e-01 -1.154696600000000017e-01 -5.700676099999999608e-03 3.982381499999999797e+00 1.154318200000000044e-01 9.932936500000000279e-01 -6.574096300000000295e-03 1.937098700000000062e-01 6.421554099999999925e-03 5.871975300000000300e-03 9.999621400000000548e-01 4.380475000000000341e-02 0.000000000000000000e+00 0.000000000000000000e+00 0.000000000000000000e+00 1.000000000000000000e+00
9.911818599999999702e-01 -1.324082599999999998e-01 -5.154493500000000179e-03 4.389254199999999884e+00 1.323790099999999914e-01 9.911830400000000152e-01 -5.654678500000000392e-03 2.632178299999999860e-01 5.857772699999999610e-03 4.922468000000000156e-03 9.999707300000000298e-01 5.002442199999999894e-02 0.000000000000000000e+00 0.000000000000000000e+00 0.000000000000000000e+00 1.000000000000000000e+00
9.888753999999999600e-01 -1.486652599999999935e-01 -4.906607099999999930e-03 4.806614800000000187e+00 1.486405500000000102e-01 9.888783100000000381e-01 -5.066697000000000214e-03 3.409157099999999829e-01 5.605279200000000406e-03 4.281011200000000433e-03 9.999751300000000453e-01 5.577134499999999995e-02 0.000000000000000000e+00 0.000000000000000000e+00 0.000000000000000000e+00 1.000000000000000000e+00
9.867272700000000452e-01 -1.623076800000000097e-01 -5.050005500000000376e-03 5.209285799999999966e+00 1.622858100000000026e-01 9.867336300000000282e-01 -4.477672499999999986e-03 4.126550299999999782e-01 5.709770999999999770e-03 3.598697300000000196e-03 9.999772200000000000e-01 5.991004199999999669e-02 0.000000000000000000e+00 0.000000000000000000e+00 0.000000000000000000e+00 1.000000000000000000e+00
9.847086400000000239e-01 -1.741068600000000022e-01 -5.973891099999999871e-03 5.659716600000000319e+00 1.740729000000000026e-01 9.847156700000000429e-01 -5.802507400000000287e-03 5.001706799999999786e-01 6.892840499999999641e-03 4.673886700000000165e-03 9.999653200000000464e-01 6.558011599999999386e-02 0.000000000000000000e+00 0.000000000000000000e+00 0.000000000000000000e+00 1.000000000000000000e+00
9.829061700000000235e-01 -1.839671499999999960e-01 -7.179935800000000409e-03 6.092653000000000318e+00 1.839015999999999984e-01 9.829041699999999659e-01 -8.921089000000000102e-03 5.799031000000000047e-01 8.698376100000000319e-03 7.448191699999999645e-03 9.999344300000000407e-01 7.626679299999999939e-02 0.000000000000000000e+00 0.000000000000000000e+00 0.000000000000000000e+00 1.000000000000000000e+00
9.814897000000000205e-01 -1.912920600000000138e-01 -9.237007900000000077e-03 6.563722099999999671e+00 1.912199800000000116e-01 9.815133799999999908e-01 -8.148798599999999837e-03 6.786902000000000212e-01 1.062504700000000031e-02 6.231661399999999587e-03 9.999241300000000221e-01 8.185885299999999531e-02 0.000000000000000000e+00 0.000000000000000000e+00 0.000000000000000000e+00 1.000000000000000000e+00
9.797991499999999521e-01 -1.996734599999999971e-01 -1.114187799999999916e-02 7.027235300000000073e+00 1.995923900000000084e-01 9.798465299999999933e-01 -7.978641499999999595e-03 7.787727199999999739e-01 1.251045299999999950e-02 5.593632200000000360e-03 9.999061000000000199e-01 7.856595299999999393e-02 0.000000000000000000e+00 0.000000000000000000e+00 0.000000000000000000e+00 1.000000000000000000e+00
9.781750599999999851e-01 -2.073339100000000101e-01 -1.364534599999999917e-02 7.499962199999999690e+00 2.072273500000000046e-01 9.782530299999999679e-01 -8.822841999999999144e-03 8.865440799999999566e-01 1.517787500000000039e-02 5.802595199999999870e-03 9.998679700000000503e-01 9.017850299999999319e-02 0.000000000000000000e+00 0.000000000000000000e+00 0.000000000000000000e+00 1.000000000000000000e+00
9.764446500000000251e-01 -2.152588300000000121e-01 -1.481468699999999999e-02 8.007330700000000689e+00 2.150846499999999883e-01 9.765153199999999645e-01 -1.250705499999999956e-02 1.002206300000000105e+00 1.715902299999999894e-02 9.026034999999999961e-03 9.998120299999999627e-01 9.840368900000000252e-02 0.000000000000000000e+00 0.000000000000000000e+00 0.000000000000000000e+00 1.000000000000000000e+00
9.746421800000000246e-01 -2.232966899999999921e-01 -1.453288200000000044e-02 8.529354400000000780e+00 2.230253000000000096e-01 9.746426099999999648e-01 -1.820725200000000016e-02 1.113988299999999931e+00 1.822998500000000063e-02 1.450435599999999950e-02 9.997286100000000175e-01 1.125841800000000059e-01 0.000000000000000000e+00 0.000000000000000000e+00 0.000000000000000000e+00 1.000000000000000000e+00
9.727998500000000215e-01 -2.310439699999999874e-01 -1.670703700000000097e-02 9.040801699999999386e+00 2.307212100000000099e-01 9.728301900000000391e-01 -1.921315499999999912e-02 1.236045499999999908e+00 2.069219400000000056e-02 1.483588700000000073e-02 9.996758100000000535e-01 1.355497300000000072e-01 0.000000000000000000e+00 0.000000000000000000e+00 0.000000000000000000e+00 1.000000000000000000e+00
9.705401700000000353e-01 -2.399297599999999919e-01 -2.203383199999999972e-02 9.577782600000000812e+00 2.396204700000000021e-01 9.707383699999999616e-01 -1.578147200000000125e-02 1.389609199999999989e+00 2.517553000000000152e-02 1.003679499999999940e-02 9.996326599999999507e-01 1.355991199999999897e-01 0.000000000000000000e+00 0.000000000000000000e+00 0.000000000000000000e+00 1.000000000000000000e+00
9.683277200000000029e-01 -2.483404700000000076e-01 -2.585410499999999875e-02 1.012101099999999931e+01 2.480851799999999885e-01 9.686549199999999749e-01 -1.270421799999999976e-02 1.542780100000000099e+00 2.819867699999999838e-02 5.887825699999999982e-03 9.995849999999999458e-01 1.490923500000000124e-01 0.000000000000000000e+00 0.000000000000000000e+00 0.000000000000000000e+00 1.000000000000000000e+00
9.659385400000000121e-01 -2.573354600000000159e-01 -2.722507399999999841e-02 1.067850800000000078e+01 2.569903499999999785e-01 9.662887799999999583e-01 -1.555505000000000082e-02 1.692828199999999894e+00 3.031015000000000098e-02 8.028640700000000754e-03 9.995083000000000162e-01 1.680971300000000113e-01 0.000000000000000000e+00 0.000000000000000000e+00 0.000000000000000000e+00 1.000000000000000000e+00
9.635819199999999807e-01 -2.658859199999999978e-01 -2.854057899999999995e-02 1.124482199999999921e+01 2.654700600000000077e-01 9.639592599999999845e-01 -1.755536400000000039e-02 1.847226500000000105e+00 3.217968000000000217e-02 9.339361799999999422e-03 9.994384600000000285e-01 1.961311400000000094e-01 0.000000000000000000e+00 0.000000000000000000e+00 0.000000000000000000e+00 1.000000000000000000e+00
9.613600300000000320e-01 -2.734993299999999850e-01 -3.138501400000000274e-02 1.181222799999999928e+01 2.730679599999999985e-01 9.618377900000000258e-01 -1.737673400000000132e-02 2.026426400000000072e+00 3.493981699999999802e-02 8.135055599999999748e-03 9.993563100000000254e-01 2.142114599999999924e-01 0.000000000000000000e+00 0.000000000000000000e+00 0.000000000000000000e+00 1.000000000000000000e+00
9.587573700000000532e-01 -2.820169000000000148e-01 -3.536616000000000065e-02 1.242469200000000029e+01 2.815854700000000044e-01 9.593900899999999732e-01 -1.674132999999999871e-02 2.214514199999999988e+00 3.865128200000000208e-02 6.092277299999999778e-03 9.992341900000000221e-01 2.332055500000000114e-01 0.000000000000000000e+00 0.000000000000000000e+00 0.000000000000000000e+00 1.000000000000000000e+00
9.564229499999999939e-01 -2.891834500000000086e-01 -4.034927099999999905e-02 1.302336700000000036e+01 2.886801500000000242e-01 9.572579799999999528e-01 -1.791479099999999935e-02 2.410783599999999804e+00 4.380532300000000018e-02 5.486083400000000242e-03 9.990250200000000413e-01 2.608978200000000025e-01 0.000000000000000000e+00 0.000000000000000000e+00 0.000000000000000000e+00 1.000000000000000000e+00
9.543450900000000070e-01 -2.949072099999999752e-01 -4.748892500000000128e-02 1.365681799999999946e+01 2.943366299999999880e-01 9.555178699999999914e-01 -1.874933599999999839e-02 2.606993000000000116e+00 5.090583099999999861e-02 3.915606000000000295e-03 9.986957800000000329e-01 2.961886000000000241e-01 0.000000000000000000e+00 0.000000000000000000e+00 0.000000000000000000e+00 1.000000000000000000e+00
9.524151299999999987e-01 -2.996204900000000171e-01 -5.597305699999999967e-02 1.429217200000000076e+01 2.990354399999999857e-01 9.540578100000000061e-01 -1.874824699999999914e-02 2.820137499999999964e+00 5.901889200000000335e-02 1.118186599999999951e-03 9.982562400000000169e-01 3.275384299999999915e-01 0.000000000000000000e+00 0.000000000000000000e+00 0.000000000000000000e+00 1.000000000000000000e+00
9.507830099999999840e-01 -3.029342600000000107e-01 -6.513448800000000427e-02 1.491615900000000039e+01 3.023419399999999757e-01 9.530100700000000424e-01 -1.900400899999999879e-02 3.021506700000000212e+00 6.783078900000000244e-02 -1.624198500000000045e-03 9.976955199999999468e-01 3.656437100000000107e-01 0.000000000000000000e+00 0.000000000000000000e+00 0.000000000000000000e+00 1.000000000000000000e+00
9.485800300000000185e-01 -3.075780499999999917e-01 -7.477742099999999670e-02 1.556756400000000085e+01 3.070669100000000262e-01 9.515076000000000089e-01 -1.852573299999999909e-02 3.239497099999999907e+00 7.684939300000000195e-02 -5.388531400000000360e-03 9.970281500000000019e-01 4.067268299999999837e-01 0.000000000000000000e+00 0.000000000000000000e+00 0.000000000000000000e+00 1.000000000000000000e+00
9.467562899999999448e-01 -3.111624800000000191e-01 -8.264644299999999999e-02 1.621620800000000173e+01 3.107888899999999843e-01 9.503145800000000198e-01 -1.767656999999999909e-02 3.478746199999999789e+00 8.404040499999999858e-02 -8.950192500000000648e-03 9.964221500000000065e-01 4.615499800000000263e-01 0.000000000000000000e+00 0.000000000000000000e+00 0.000000000000000000e+00 1.000000000000000000e+00
9.443372100000000380e-01 -3.164547699999999963e-01 -8.990885399999999639e-02 1.688270599999999888e+01 3.162665599999999744e-01 9.485231800000000213e-01 -1.671035499999999965e-02 3.716385299999999781e+00 9.056870399999999988e-02 -1.265495399999999951e-02 9.958097999999999672e-01 5.187098100000000489e-01 0.000000000000000000e+00 0.000000000000000000e+00 0.000000000000000000e+00 1.000000000000000000e+00
9.421725699999999870e-01 -3.209586600000000067e-01 -9.641776999999999986e-02 1.756176100000000062e+01 3.210214699999999755e-01 9.469485699999999895e-01 -1.528472500000000074e-02 3.962884999999999991e+00 9.620843399999999546e-02 -1.655132499999999868e-02 9.952235900000000468e-01 5.836105099999999712e-01 0.000000000000000000e+00 0.000000000000000000e+00 0.000000000000000000e+00 1.000000000000000000e+00
9.398666599999999649e-01 -3.256066000000000238e-01 -1.031067199999999989e-01 1.823049400000000020e+01 3.260480299999999887e-01 9.452635499999999524e-01 -1.301928899999999986e-02 4.210706599999999966e+00 1.017021899999999979e-01 -2.138134800000000141e-02 9.945850899999999495e-01 6.545270499999999991e-01 0.000000000000000000e+00 0.000000000000000000e+00 0.000000000000000000e+00 1.000000000000000000e+00
9.376379500000000533e-01 -3.305733900000000225e-01 -1.075002800000000036e-01 1.895173199999999980e+01 3.314008199999999849e-01 9.434305600000000291e-01 -1.059586700000000013e-02 4.482682699999999798e+00 1.049217600000000028e-01 -2.569059300000000115e-02 9.941485899999999987e-01 7.281744799999999573e-01 0.000000000000000000e+00 0.000000000000000000e+00 0.000000000000000000e+00 1.000000000000000000e+00
9.359119900000000269e-01 -3.348382799999999881e-01 -1.093255600000000022e-01 1.965930699999999831e+01 3.357884099999999816e-01 9.418827199999999511e-01 -1.015308600000000040e-02 4.744539699999999804e+00 1.063714999999999938e-01 -2.720786299999999880e-02 9.939541400000000415e-01 8.032647899999999508e-01 0.000000000000000000e+00 0.000000000000000000e+00 0.000000000000000000e+00 1.000000000000000000e+00
9.335089699999999935e-01 -3.416290100000000107e-01 -1.088605500000000004e-01 2.039374700000000118e+01 3.427225600000000094e-01 9.393927100000000197e-01 -9.086981299999999720e-03 5.029068900000000397e+00 1.053671800000000047e-01 -2.882618699999999964e-02 9.940155000000000518e-01 8.863346699999999911e-01 0.000000000000000000e+00 0.000000000000000000e+00 0.000000000000000000e+00 1.000000000000000000e+00
9.313371799999999867e-01 -3.479454799999999737e-01 -1.074476899999999985e-01 2.116731899999999911e+01 3.489499500000000087e-01 9.370888699999999627e-01 -9.919008099999999592e-03 5.336281200000000169e+00 1.041393099999999988e-01 -2.825592400000000171e-02 9.941612600000000466e-01 9.695644799999999508e-01 0.000000000000000000e+00 0.000000000000000000e+00 0.000000000000000000e+00 1.000000000000000000e+00
9.289264299999999697e-01 -3.548242300000000182e-01 -1.058085500000000012e-01 2.192514099999999999e+01 3.558738200000000074e-01 9.344864299999999790e-01 -9.430512000000000269e-03 5.632118700000000366e+00 1.022228300000000006e-01 -2.889424200000000054e-02 9.943418000000000534e-01 1.049345600000000100e+00 0.000000000000000000e+00 0.000000000000000000e+00 0.000000000000000000e+00 1.000000000000000000e+00
9.262007300000000276e-01 -3.627629700000000179e-01 -1.027386899999999936e-01 2.268563400000000030e+01 3.637815400000000143e-01 9.314377799999999930e-01 -9.309051999999999952e-03 5.965980799999999640e+00 9.907167799999999636e-02 -2.875238899999999972e-02 9.946648200000000051e-01 1.131323000000000079e+00 0.000000000000000000e+00 0.000000000000000000e+00 0.000000000000000000e+00 1.000000000000000000e+00
9.223609900000000472e-01 -3.735072400000000181e-01 -9.870434999999999626e-02 2.364247999999999905e+01 3.747248000000000245e-01 9.271125799999999639e-01 -6.602832500000000056e-03 6.400231500000000295e+00 9.397624999999999729e-02 -3.089677199999999943e-02 9.950949000000000044e-01 1.209615099999999943e+00 0.000000000000000000e+00 0.000000000000000000e+00 0.000000000000000000e+00 1.000000000000000000e+00
9.196305599999999858e-01 -3.814275500000000041e-01 -9.376916200000000312e-02 2.437212299999999843e+01 3.826943500000000165e-01 9.238625900000000390e-01 -4.790748099999999655e-03 6.723336599999999663e+00 8.845714400000000144e-02 -3.147921000000000052e-02 9.955824399999999574e-01 1.286047200000000057e+00 0.000000000000000000e+00 0.000000000000000000e+00 0.000000000000000000e+00 1.000000000000000000e+00
9.164983799999999459e-01 -3.896348099999999981e-01 -9.063906500000000477e-02 2.514943299999999837e+01 3.910363499999999770e-01 9.203718899999999703e-01 -2.479566600000000093e-03 7.071244799999999664e+00 8.438777299999999926e-02 -3.317065000000000291e-02 9.958807200000000526e-01 1.357642800000000038e+00 0.000000000000000000e+00 0.000000000000000000e+00 0.000000000000000000e+00 1.000000000000000000e+00
9.130357000000000056e-01 -3.979277700000000140e-01 -8.955051399999999773e-02 2.590737100000000126e+01 3.993842599999999909e-01 9.167818599999999485e-01 -1.796511399999999904e-03 7.399840000000000195e+00 8.281316900000000591e-02 -3.412478699999999671e-02 9.959806599999999621e-01 1.432549800000000095e+00 0.000000000000000000e+00 0.000000000000000000e+00 0.000000000000000000e+00 1.000000000000000000e+00
9.088170700000000046e-01 -4.073331299999999877e-01 -9.017352500000000437e-02 2.669277900000000159e+01 4.089910099999999882e-01 9.125384100000000220e-01 -1.010646399999999974e-04 7.756922900000000176e+00 8.232797199999999926e-02 -3.678831199999999663e-02 9.959260599999999464e-01 1.510189599999999910e+00 0.000000000000000000e+00 0.000000000000000000e+00 0.000000000000000000e+00 1.000000000000000000e+00
9.053952499999999848e-01 -4.151207000000000091e-01 -8.907437799999999573e-02 2.744264799999999838e+01 4.167451699999999981e-01 9.090232700000000499e-01 -3.960395299999999903e-04 8.132799900000000193e+00 8.113508699999999463e-02 -3.676274499999999945e-02 9.960248999999999908e-01 1.574287200000000109e+00 0.000000000000000000e+00 0.000000000000000000e+00 0.000000000000000000e+00 1.000000000000000000e+00
9.013010500000000480e-01 -4.242808699999999766e-01 -8.741940400000000611e-02 2.822345400000000026e+01 4.258273599999999881e-01 9.048038200000000364e-01 -1.055899099999999934e-03 8.499804400000000371e+00 7.954540799999999801e-02 -3.627389000000000308e-02 9.961710400000000076e-01 1.641871899999999940e+00 0.000000000000000000e+00 0.000000000000000000e+00 0.000000000000000000e+00 1.000000000000000000e+00
8.974539499999999448e-01 -4.326746399999999992e-01 -8.584324699999999753e-02 2.902274500000000046e+01 4.342754200000000231e-01 9.007801399999999514e-01 -2.947732999999999853e-05 8.895687900000000425e+00 7.733864599999999700e-02 -3.725315700000000202e-02 9.963086500000000179e-01 1.721002600000000049e+00 0.000000000000000000e+00 0.000000000000000000e+00 0.000000000000000000e+00 1.000000000000000000e+00
8.939825700000000319e-01 -4.405156700000000258e-01 -8.210430300000000348e-02 2.979917999999999978e+01 4.420610300000000215e-01 8.969846900000000289e-01 7.191106800000000117e-04 9.296201399999999282e+00 7.332952299999999368e-02 -3.693798499999999957e-02 9.966234800000000060e-01 1.790245400000000098e+00 0.000000000000000000e+00 0.000000000000000000e+00 0.000000000000000000e+00 1.000000000000000000e+00
8.907320100000000185e-01 -4.479637599999999886e-01 -7.697376499999999955e-02 3.061488200000000148e+01 4.494388500000000009e-01 8.933086900000000163e-01 2.074150400000000002e-03 9.713433399999999551e+00 6.783218900000000107e-02 -3.644251300000000277e-02 9.970309600000000216e-01 1.853615199999999907e+00 0.000000000000000000e+00 0.000000000000000000e+00 0.000000000000000000e+00 1.000000000000000000e+00
8.870590799999999998e-01 -4.560031900000000027e-01 -7.202272299999999683e-02 3.143432599999999866e+01 4.572497500000000104e-01 8.893378499999999853e-01 9.252876599999999710e-04 1.014360300000000059e+01 6.363059999999999550e-02 -3.375315699999999891e-02 9.974025600000000491e-01 1.919616200000000106e+00 0.000000000000000000e+00 0.000000000000000000e+00 0.000000000000000000e+00 1.000000000000000000e+00
8.837409600000000198e-01 -4.627572999999999825e-01 -6.969645700000000332e-02 3.226937699999999865e+01 4.638753199999999799e-01 8.859004799999999902e-01 -1.619437200000000006e-04 1.058952000000000027e+01 6.181906599999999891e-02 -3.218735000000000346e-02 9.975682299999999447e-01 1.980810100000000018e+00 0.000000000000000000e+00 0.000000000000000000e+00 0.000000000000000000e+00 1.000000000000000000e+00
8.804724999999999913e-01 -4.690057300000000096e-01 -6.929498700000000233e-02 3.310003300000000337e+01 4.701736599999999933e-01 8.825737099999999558e-01 6.183539999999999957e-04 1.104637199999999986e+01 6.086792299999999739e-02 -3.312512100000000043e-02 9.975960200000000277e-01 2.040526400000000073e+00 0.000000000000000000e+00 0.000000000000000000e+00 0.000000000000000000e+00 1.000000000000000000e+00
8.775680700000000334e-01 -4.746587199999999784e-01 -6.762678599999999429e-02 3.395204900000000237e+01 4.758093700000000092e-01 8.795478199999999802e-01 1.036161100000000104e-03 1.149907999999999930e+01 5.898917000000000049e-02 -3.308676099999999926e-02 9.977101499999999623e-01 2.093954000000000093e+00 0.000000000000000000e+00 0.000000000000000000e+00 0.000000000000000000e+00 1.000000000000000000e+00
8.749454899999999924e-01 -4.797945800000000260e-01 -6.532655199999999607e-02 3.485289099999999962e+01 4.807582100000000191e-01 8.768525200000000241e-01 -1.100045700000000038e-03 1.202692399999999928e+01 5.780954700000000279e-02 -3.044379599999999866e-02 9.978633300000000483e-01 2.148186599999999835e+00 0.000000000000000000e+00 0.000000000000000000e+00 0.000000000000000000e+00 1.000000000000000000e+00
8.726045999999999525e-01 -4.842028099999999835e-01 -6.410034300000000407e-02 3.572739899999999835e+01 4.850007299999999910e-01 8.745067199999999596e-01 -3.506092499999999886e-03 1.250357900000000022e+01 5.775384000000000073e-02 -2.802928099999999964e-02 9.979373000000000271e-01 2.204111900000000013e+00 0.000000000000000000e+00 0.000000000000000000e+00 0.000000000000000000e+00 1.000000000000000000e+00
8.695095999999999936e-01 -4.896244599999999836e-01 -6.496882299999999499e-02 3.654387799999999942e+01 4.904722799999999827e-01 8.714506199999999536e-01 -3.281275699999999969e-03 1.295996500000000040e+01 5.822371400000000280e-02 -2.901230600000000159e-02 9.978818999999999884e-01 2.264253300000000024e+00 0.000000000000000000e+00 0.000000000000000000e+00 0.000000000000000000e+00 1.000000000000000000e+00
8.682715399999999528e-01 -4.916595200000000165e-01 -6.614710000000000034e-02 3.740199799999999897e+01 4.926021800000000006e-01 8.702514599999999767e-01 -2.342672200000000138e-03 1.345329599999999992e+01 5.871640799999999771e-02 -3.055013000000000173e-02 9.978071299999999866e-01 2.320819600000000094e+00 0.000000000000000000e+00 0.000000000000000000e+00 0.000000000000000000e+00 1.000000000000000000e+00
8.675735900000000056e-01 -4.930711799999999978e-01 -6.478339399999999415e-02 3.827706500000000034e+01 4.939335000000000253e-01 8.694942599999999633e-01 -3.070260699999999808e-03 1.396398699999999948e+01 5.784264599999999756e-02 -2.933501100000000111e-02 9.978946300000000047e-01 2.379986900000000016e+00 0.000000000000000000e+00 0.000000000000000000e+00 0.000000000000000000e+00 1.000000000000000000e+00
8.678498799999999624e-01 -4.928374400000000155e-01 -6.283195599999999437e-02 3.919194499999999692e+01 4.936240499999999809e-01 8.696687400000000512e-01 -3.401769499999999970e-03 1.449754500000000057e+01 5.631950699999999782e-02 -2.806313900000000083e-02 9.980183200000000143e-01 2.441848100000000077e+00 0.000000000000000000e+00 0.000000000000000000e+00 0.000000000000000000e+00 1.000000000000000000e+00
8.680232900000000029e-01 -4.927364799999999767e-01 -6.120725600000000155e-02 4.009180400000000333e+01 4.933877199999999741e-01 8.697949699999999451e-01 -5.026839800000000233e-03 1.501882100000000086e+01 5.571467000000000086e-02 -2.583549499999999999e-02 9.981124200000000002e-01 2.502778100000000006e+00 0.000000000000000000e+00 0.000000000000000000e+00 0.000000000000000000e+00 1.000000000000000000e+00
8.670582399999999801e-01 -4.944906299999999866e-01 -6.073730000000000101e-02 4.096455499999999716e+01 4.950168699999999977e-01 8.688542700000000396e-01 -7.109945999999999801e-03 1.550817299999999932e+01 5.628766400000000114e-02 -2.390125099999999836e-02 9.981284599999999951e-01 2.559687799999999847e+00 0.000000000000000000e+00 0.000000000000000000e+00 0.000000000000000000e+00 1.000000000000000000e+00
8.655961100000000297e-01 -4.969732700000000225e-01 -6.132652100000000189e-02 4.190936399999999651e+01 4.974698200000000070e-01 8.674446599999999785e-01 -7.971644099999999553e-03 1.605319899999999933e+01 5.715905699999999923e-02 -2.360786900000000008e-02 9.980859199999999598e-01 2.625321599999999922e+00 0.000000000000000000e+00 0.000000000000000000e+00 0.000000000000000000e+00 1.000000000000000000e+00
8.643806499999999726e-01 -4.993566700000000025e-01 -5.906786499999999718e-02 4.281240400000000079e+01 4.998004400000000125e-01 8.661030199999999457e-01 -8.066954200000000380e-03 1.658349400000000173e+01 5.518714400000000048e-02 -2.254922599999999860e-02 9.982213699999999967e-01 2.687551299999999976e+00 0.000000000000000000e+00 0.000000000000000000e+00 0.000000000000000000e+00 1.000000000000000000e+00
8.623756999999999673e-01 -5.032126599999999783e-01 -5.554426999999999975e-02 4.375828800000000030e+01 5.036310999999999982e-01 8.638887200000000544e-01 -7.210706899999999760e-03 1.713795400000000058e+01 5.161258700000000144e-02 -2.175548299999999907e-02 9.984301899999999952e-01 2.752589599999999859e+00 0.000000000000000000e+00 0.000000000000000000e+00 0.000000000000000000e+00 1.000000000000000000e+00
8.595797200000000471e-01 -5.084913699999999981e-01 -5.058886800000000211e-02 4.469909100000000279e+01 5.088075899999999763e-01 8.608486199999999533e-01 -7.381306399999999941e-03 1.769106499999999826e+01 4.730268800000000246e-02 -1.939517899999999850e-02 9.986922900000000380e-01 2.820144299999999937e+00 0.000000000000000000e+00 0.000000000000000000e+00 0.000000000000000000e+00 1.000000000000000000e+00
8.560289700000000002e-01 -5.147440199999999688e-01 -4.746577200000000329e-02 4.561681300000000050e+01 5.149544499999999525e-01 8.571741600000000183e-01 -8.623982999999999996e-03 1.824191199999999924e+01 4.512557700000000005e-02 -1.706033100000000149e-02 9.988356400000000246e-01 2.872982599999999831e+00 0.000000000000000000e+00 0.000000000000000000e+00 0.000000000000000000e+00 1.000000000000000000e+00
8.515994199999999958e-01 -5.220942800000000217e-01 -4.686136099999999721e-02 4.656366100000000330e+01 5.220268799999999709e-01 8.528033999999999892e-01 -1.463857200000000074e-02 1.878083399999999870e+01 4.760624299999999948e-02 -1.199669100000000030e-02 9.987941399999999970e-01 2.927728600000000014e+00 0.000000000000000000e+00 0.000000000000000000e+00 0.000000000000000000e+00 1.000000000000000000e+00
8.458826600000000084e-01 -5.309379100000000129e-01 -5.086705100000000340e-02 4.746224200000000337e+01 5.309139999999999970e-01 8.472911800000000326e-01 -1.509943000000000049e-02 1.935845099999999874e+01 5.111606300000000325e-02 -1.423368399999999992e-02 9.985912799999999701e-01 2.991359800000000124e+00 0.000000000000000000e+00 0.000000000000000000e+00 0.000000000000000000e+00 1.000000000000000000e+00
8.390827199999999486e-01 -5.417380299999999815e-01 -4.959927499999999823e-02 4.836188700000000296e+01 5.415983399999999559e-01 8.404576999999999742e-01 -1.738096399999999875e-02 1.991363799999999884e+01 5.110202199999999695e-02 -1.227881899999999984e-02 9.986179499999999765e-01 3.044680699999999796e+00 0.000000000000000000e+00 0.000000000000000000e+00 0.000000000000000000e+00 1.000000000000000000e+00
8.342438100000000301e-01 -5.492997200000000468e-01 -4.803217299999999745e-02 4.930318599999999662e+01 5.494778000000000162e-01 8.354410799999999471e-01 -1.059902300000000082e-02 2.052080300000000079e+01 4.595009099999999846e-02 -1.755044399999999838e-02 9.987895500000000260e-01 3.115023100000000156e+00 0.000000000000000000e+00 0.000000000000000000e+00 0.000000000000000000e+00 1.000000000000000000e+00
8.292079300000000375e-01 -5.573245300000000402e-01 -4.246863800000000300e-02 5.018199400000000310e+01 5.574500000000000011e-01 8.301511499999999488e-01 -9.928328599999999490e-03 2.110708800000000096e+01 4.078868900000000297e-02 -1.544149300000000058e-02 9.990484699999999663e-01 3.172023400000000048e+00 0.000000000000000000e+00 0.000000000000000000e+00 0.000000000000000000e+00 1.000000000000000000e+00
8.253967199999999727e-01 -5.627301799999999687e-01 -4.533198900000000309e-02 5.106463600000000014e+01 5.629500299999999902e-01 8.264422000000000157e-01 -8.975102299999999228e-03 2.171756999999999849e+01 4.251483000000000345e-02 -1.811162499999999925e-02 9.989316599999999990e-01 3.225333599999999912e+00 0.000000000000000000e+00 0.000000000000000000e+00 0.000000000000000000e+00 1.000000000000000000e+00
8.215053300000000336e-01 -5.679789800000000222e-01 -5.028789200000000070e-02 5.193419099999999844e+01 5.682566999999999480e-01 8.227907899999999941e-01 -9.981802399999999825e-03 2.233832699999999960e+01 4.704586799999999763e-02 -2.037632799999999911e-02 9.986848799999999970e-01 3.277587000000000028e+00 0.000000000000000000e+00 0.000000000000000000e+00 0.000000000000000000e+00 1.000000000000000000e+00
8.186076799999999487e-01 -5.714595700000000278e-01 -5.757972199999999985e-02 5.279786699999999655e+01 5.718063300000000293e-01 8.203024700000000058e-01 -1.189036899999999959e-02 2.293253999999999948e+01 5.402765400000000134e-02 -2.319090299999999882e-02 9.982701000000000491e-01 3.340936800000000151e+00 0.000000000000000000e+00 0.000000000000000000e+00 0.000000000000000000e+00 1.000000000000000000e+00
8.160128500000000118e-01 -5.748520900000000378e-01 -6.056493899999999819e-02 5.369972400000000334e+01 5.753511399999999831e-01 8.178378499999999773e-01 -1.059807500000000020e-02 2.358592000000000155e+01 5.562462499999999699e-02 -2.619794099999999890e-02 9.981079899999999450e-01 3.408245799999999992e+00 0.000000000000000000e+00 0.000000000000000000e+00 0.000000000000000000e+00 1.000000000000000000e+00
8.135932200000000059e-01 -5.786902200000000329e-01 -5.642438899999999841e-02 5.460001299999999702e+01 5.791007999999999711e-01 8.151890200000000419e-01 -1.044625300000000083e-02 2.419300300000000092e+01 5.204168700000000314e-02 -2.417640899999999940e-02 9.983522200000000124e-01 3.472295799999999932e+00 0.000000000000000000e+00 0.000000000000000000e+00 0.000000000000000000e+00 1.000000000000000000e+00
8.104657600000000350e-01 -5.835984400000000516e-01 -5.057778500000000010e-02 5.550279400000000152e+01 5.839503700000000519e-01 8.117389000000000410e-01 -9.051056899999999905e-03 2.483324700000000007e+01 4.633813900000000041e-02 -2.219934499999999880e-02 9.986791099999999810e-01 3.533761399999999941e+00 0.000000000000000000e+00 0.000000000000000000e+00 0.000000000000000000e+00 1.000000000000000000e+00
8.075335099999999544e-01 -5.879583800000000027e-01 -4.684620300000000293e-02 5.639251500000000306e+01 5.882402399999999698e-01 8.086363399999999535e-01 -8.982731799999999281e-03 2.544358899999999934e+01 4.316301499999999902e-02 -2.030296499999999921e-02 9.988617199999999530e-01 3.587530800000000131e+00 0.000000000000000000e+00 0.000000000000000000e+00 0.000000000000000000e+00 1.000000000000000000e+00
8.048380499999999715e-01 -5.915013900000000158e-01 -4.859859899999999927e-02 5.723199499999999773e+01 5.918752699999999534e-01 8.059913800000000350e-01 -7.845620299999999867e-03 2.609482099999999960e+01 4.381074699999999711e-02 -2.244985500000000120e-02 9.987875800000000082e-01 3.640655600000000103e+00 0.000000000000000000e+00 0.000000000000000000e+00 0.000000000000000000e+00 1.000000000000000000e+00
8.013567000000000329e-01 -5.960449700000000073e-01 -5.057496000000000214e-02 5.813573699999999889e+01 5.964307699999999990e-01 8.026169399999999454e-01 -8.739349500000000159e-03 2.673523099999999886e+01 4.580136499999999666e-02 -2.316112600000000063e-02 9.986820299999999984e-01 3.697922800000000176e+00 0.000000000000000000e+00 0.000000000000000000e+00 0.000000000000000000e+00 1.000000000000000000e+00
7.982615800000000261e-01 -6.000351600000000118e-01 -5.230923199999999718e-02 5.900799899999999809e+01 6.003545099999999524e-01 7.996565700000000110e-01 -1.112842300000000013e-02 2.738891299999999873e+01 4.850686600000000265e-02 -2.252069099999999893e-02 9.985689300000000213e-01 3.759853500000000182e+00 0.000000000000000000e+00 0.000000000000000000e+00 0.000000000000000000e+00 1.000000000000000000e+00
7.926142800000000044e-01 -6.074304299999999657e-01 -5.282871000000000095e-02 5.979220699999999766e+01 6.077627300000000288e-01 7.940371999999999986e-01 -1.137522200000000080e-02 2.802223899999999901e+01 4.885761699999999902e-02 -2.309115800000000052e-02 9.985387999999999487e-01 3.810871399999999909e+00 0.000000000000000000e+00 0.000000000000000000e+00 0.000000000000000000e+00 1.000000000000000000e+00
7.873858599999999930e-01 -6.144222700000000481e-01 -5.008779099999999956e-02 6.067508500000000282e+01 6.145968899999999513e-01 7.887230899999999600e-01 -1.365867100000000070e-02 2.869721600000000095e+01 4.789758899999999736e-02 -2.002915599999999935e-02 9.986514199999999564e-01 3.873708399999999941e+00 0.000000000000000000e+00 0.000000000000000000e+00 0.000000000000000000e+00 1.000000000000000000e+00
7.837977299999999703e-01 -6.189859800000000467e-01 -5.017435800000000223e-02 6.150956099999999793e+01 6.192113700000000387e-01 7.851201300000000272e-01 -1.279312500000000068e-02 2.935158399999999901e+01 4.731166299999999686e-02 -2.104131100000000004e-02 9.986585399999999835e-01 3.932717499999999866e+00 0.000000000000000000e+00 0.000000000000000000e+00 0.000000000000000000e+00 1.000000000000000000e+00
7.780573699999999704e-01 -6.261451000000000100e-01 -5.068562000000000067e-02 6.238226800000000338e+01 6.263439100000000037e-01 7.794241299999999928e-01 -1.383243800000000072e-02 3.005188300000000012e+01 4.816670900000000199e-02 -2.098419899999999852e-02 9.986188599999999971e-01 4.003890600000000077e+00 0.000000000000000000e+00 0.000000000000000000e+00 0.000000000000000000e+00 1.000000000000000000e+00
7.726967099999999533e-01 -6.327728000000000241e-01 -5.038238899999999965e-02 6.321010299999999660e+01 6.328618299999999586e-01 7.740952599999999517e-01 -1.619965099999999894e-02 3.074738200000000177e+01 4.925146700000000016e-02 -1.936767400000000139e-02 9.985986100000000532e-01 4.054958300000000015e+00 0.000000000000000000e+00 0.000000000000000000e+00 0.000000000000000000e+00 1.000000000000000000e+00
7.676586699999999874e-01 -6.387983400000000200e-01 -5.135034900000000346e-02 6.405967300000000364e+01 6.388998999999999651e-01 7.691116799999999643e-01 -1.655709000000000000e-02 3.144617600000000124e+01 5.007079500000000127e-02 -2.009753900000000107e-02 9.985434399999999489e-01 4.119894099999999781e+00 0.000000000000000000e+00 0.000000000000000000e+00 0.000000000000000000e+00 1.000000000000000000e+00
7.609923299999999946e-01 -6.466540699999999697e-01 -5.224167500000000131e-02 6.490222900000000550e+01 6.467381700000000011e-01 7.625099300000000024e-01 -1.756003700000000056e-02 3.214379999999999882e+01 5.119006499999999987e-02 -2.042363200000000059e-02 9.984800700000000528e-01 4.183470400000000033e+00 0.000000000000000000e+00 0.000000000000000000e+00 0.000000000000000000e+00 1.000000000000000000e+00
7.553410699999999478e-01 -6.533980099999999736e-01 -5.030805599999999683e-02 6.573522300000000484e+01 6.532178199999999491e-01 7.568438400000000454e-01 -2.222327400000000119e-02 3.286313299999999771e+01 5.259598499999999788e-02 -1.607596700000000003e-02 9.984864700000000148e-01 4.239665500000000087e+00 0.000000000000000000e+00 0.000000000000000000e+00 0.000000000000000000e+00 1.000000000000000000e+00
7.490313299999999952e-01 -6.605337500000000306e-01 -5.145113199999999665e-02 6.657644700000000171e+01 6.604409999999999448e-01 7.505783099999999708e-01 -2.121047200000000105e-02 3.357547300000000234e+01 5.262833599999999779e-02 -1.809312999999999894e-02 9.984502499999999836e-01 4.309396699999999747e+00 0.000000000000000000e+00 0.000000000000000000e+00 0.000000000000000000e+00 1.000000000000000000e+00
7.431845299999999543e-01 -6.673676499999999789e-01 -4.792890699999999976e-02 6.740075299999999459e+01 6.671275700000000031e-01 7.445825099999999752e-01 -2.318821999999999897e-02 3.432002700000000317e+01 5.116209399999999824e-02 -1.474156899999999951e-02 9.985815599999999792e-01 4.364069599999999660e+00 0.000000000000000000e+00 0.000000000000000000e+00 0.000000000000000000e+00 1.000000000000000000e+00
7.355504600000000170e-01 -6.759032900000000454e-01 -4.604630500000000265e-02 6.822240100000000496e+01 6.756107300000000482e-01 7.368675599999999770e-01 -2.400693599999999955e-02 3.505635099999999937e+01 5.015639599999999892e-02 -1.345106499999999990e-02 9.986507900000000104e-01 4.436885600000000096e+00 0.000000000000000000e+00 0.000000000000000000e+00 0.000000000000000000e+00 1.000000000000000000e+00
7.302100799999999836e-01 -6.815824000000000327e-01 -4.731460099999999780e-02 6.904334400000000471e+01 6.813130299999999862e-01 7.315950599999999637e-01 -2.410841299999999868e-02 3.585782700000000034e+01 5.104699900000000262e-02 -1.463184799999999938e-02 9.985890600000000283e-01 4.506888299999999958e+00 0.000000000000000000e+00 0.000000000000000000e+00 0.000000000000000000e+00 1.000000000000000000e+00
7.237751900000000127e-01 -6.881961800000000462e-01 -5.035373600000000310e-02 6.986968500000000404e+01 6.880017000000000493e-01 7.253166399999999570e-01 -2.386282299999999829e-02 3.661209099999999950e+01 5.294470600000000110e-02 -1.737213699999999930e-02 9.984463300000000485e-01 4.582181699999999580e+00 0.000000000000000000e+00 0.000000000000000000e+00 0.000000000000000000e+00 1.000000000000000000e+00
