1.000000000000000000e+00 0.000000000000000000e+00 0.000000000000000000e+00 0.000000000000000000e+00 0.000000000000000000e+00 1.000000000000000000e+00 0.000000000000000000e+00 0.000000000000000000e+00 0.000000000000000000e+00 0.000000000000000000e+00 1.000000000000000000e+00 0.000000000000000000e+00 0.000000000000000000e+00 0.000000000000000000e+00 0.000000000000000000e+00 1.000000000000000000e+00
9.999476099999999867e-01 1.017426100000000042e-02 1.122467000000000039e-03 2.918922400000000250e-01 -1.017174799999999955e-02 9.999457999999999958e-01 -2.222759300000000035e-03 -1.656745000000000093e-02 -1.145021100000000007e-03 2.211225399999999959e-03 9.999968999999999664e-01 6.256189199999999742e-03 0.000000000000000000e+00 0.000000000000000000e+00 0.000000000000000000e+00 1.000000000000000000e+00
9.998532100000000478e-01 1.706498299999999885e-02 1.529116000000000069e-03 5.853692099999999732e-01 -1.705890499999999921e-02 9.998468700000000542e-01 -3.903537900000000199e-03 -2.467134799999999920e-02 -1.595495599999999931e-03 3.876879900000000049e-03 9.999912100000000192e-01 1.148878799999999978e-02 0.000000000000000000e+00 0.000000000000000000e+00 0.000000000000000000e+00 1.000000000000000000e+00
9.998153400000000524e-01 1.921552099999999930e-02 -2.241146300000000061e-04 8.822294699999999601e-01 -1.921658000000000047e-02 9.997936899999999572e-01 -6.580709700000000363e-03 -2.987563000000000024e-02 9.761662800000000650e-05 6.583801200000000305e-03 9.999783199999999761e-01 1.131447499999999919e-02 0.000000000000000000e+00 0.000000000000000000e+00 0.000000000000000000e+00 1.000000000000000000e+00
9.998506799999999917e-01 1.721682399999999863e-02 -1.483108599999999897e-03 1.190682100000000077e+00 -1.722783599999999984e-02 9.998214500000000005e-01 -7.763146000000000282e-03 -2.761638199999999835e-02 1.349187099999999990e-03 7.787537500000000362e-03 9.999687699999999513e-01 1.244831199999999957e-02 0.000000000000000000e+00 0.000000000000000000e+00 0.000000000000000000e+00 1.000000000000000000e+00
9.999377200000000299e-01 1.067502600000000065e-02 -3.255452299999999927e-03 1.503374299999999941e+00 -1.071020200000000026e-02 9.998822899999999514e-01 -1.098637700000000030e-02 -3.668134800000000251e-02 3.137789199999999838e-03 1.102055899999999922e-02 9.999343499999999718e-01 1.302052899999999944e-02 0.000000000000000000e+00 0.000000000000000000e+00 0.000000000000000000e+00 1.000000000000000000e+00
9.999888099999999502e-01 -1.248934200000000007e-03 -4.562308600000000366e-03 1.837139199999999972e+00 1.194558000000000078e-03 9.999284600000000189e-01 -1.190192300000000002e-02 -2.819329199999999827e-02 4.576846899999999739e-03 1.189634000000000004e-02 9.999187600000000176e-01 1.949680700000000141e-02 0.000000000000000000e+00 0.000000000000000000e+00 0.000000000000000000e+00 1.000000000000000000e+00
9.998388099999999667e-01 -1.730776700000000168e-02 -4.773438700000000312e-03 2.153754900000000028e+00 1.725159500000000151e-02 9.997842599999999802e-01 -1.156796000000000040e-02 -1.506901400000000037e-02 4.972624400000000278e-03 1.148374599999999954e-02 9.999217000000000244e-01 2.670143800000000095e-02 0.000000000000000000e+00 0.000000000000000000e+00 0.000000000000000000e+00 1.000000000000000000e+00
9.993467299999999609e-01 -3.573760599999999815e-02 -5.379117499999999837e-03 2.504385999999999779e+00 3.569525700000000107e-02 9.993324900000000177e-01 -7.772960800000000038e-03 1.424489200000000032e-02 5.653313899999999961e-03 7.575873999999999803e-03 9.999553199999999809e-01 2.669397999999999910e-02 0.000000000000000000e+00 0.000000000000000000e+00 0.000000000000000000e+00 1.000000000000000000e+00
9.983729199999999970e-01 -5.664729000000000292e-02 -6.527385099999999732e-03 2.833956099999999978e+00 5.661981900000000179e-02 9.983864700000000258e-01 -4.319373999999999957e-03 5.103275799999999751e-02 6.761533800000000399e-03 3.942766700000000131e-03 9.999693699999999685e-01 3.278372799999999809e-02 0.000000000000000000e+00 0.000000000000000000e+00 0.000000000000000000e+00 1.000000000000000000e+00
9.971482600000000085e-01 -7.514784700000000373e-02 -6.939250600000000310e-03 3.212995199999999940e+00 7.512344099999999913e-02 9.971673300000000184e-01 -3.713536800000000193e-03 9.627830699999999353e-02 7.198658200000000208e-03 3.181646399999999916e-03 9.999690300000000365e-01 3.472860700000000161e-02 0.000000000000000000e+00 0.000000000000000000e+00 0.000000000000000000e+00 1.000000000000000000e+00
9.953248900000000177e-01 -9.637635399999999741e-02 -6.322232199999999747e-03 3.593018300000000220e+00 9.634699800000000314e-02 9.953362599999999727e-01 -4.794898199999999763e-03 1.374220999999999915e-01 6.754861699999999830e-03 4.163353399999999982e-03 9.999685200000000274e-01 3.806541000000000091e-02 0.000000000000000000e+00 0.000000000000000000e+00 0.000000000000000000e+00 1.000000000000000000e+00
9.932616800000000357e-01 -1.157643700000000053e-01 -5.462509899999999814e-03 3.974198499999999967e+00 1.157316600000000001e-01 9.932625899999999453e-01 -5.967507900000000240e-03 1.884119999999999961e-01 6.116531500000000308e-03 5.295111600000000120e-03 9.999672699999999637e-01 4.476478200000000296e-02 0.000000000000000000e+00 0.000000000000000000e+00 0.000000000000000000e+00 1.000000000000000000e+00
9.910673599999999528e-01 -1.332658600000000138e-01 -5.070110200000000136e-03 4.364023900000000289e+00 1.332383900000000121e-01 9.910692100000000337e-01 -5.417914200000000305e-03 2.518653800000000276e-01 5.746853100000000152e-03 4.693984600000000208e-03 9.999724700000000022e-01 5.059412900000000157e-02 0.000000000000000000e+00 0.000000000000000000e+00 0.000000000000000000e+00 1.000000000000000000e+00
9.888106700000000027e-01 -1.490980399999999872e-01 -4.820797299999999598e-03 4.797546200000000205e+00 1.490757799999999911e-01 9.888146599999999564e-01 -4.688976600000000286e-03 3.256860599999999994e-01 5.465992200000000314e-03 3.917845900000000402e-03 9.999773899999999660e-01 5.773091500000000070e-02 0.000000000000000000e+00 0.000000000000000000e+00 0.000000000000000000e+00 1.000000000000000000e+00
9.865995100000000129e-01 -1.630874599999999897e-01 -4.887623800000000067e-03 5.192253100000000288e+00 1.630690499999999932e-01 9.866067299999999873e-01 -3.956607400000000142e-03 3.962761499999999937e-01 5.467435500000000261e-03 3.106566700000000080e-03 9.999802300000000255e-01 6.071275599999999967e-02 0.000000000000000000e+00 0.000000000000000000e+00 0.000000000000000000e+00 1.000000000000000000e+00
9.845364899999999864e-01 -1.750942299999999896e-01 -5.469130099999999599e-03 5.638357700000000250e+00 1.750653600000000032e-01 9.845421300000000153e-01 -5.377967400000000127e-03 4.868496199999999829e-01 6.326240099999999936e-03 4.337349899999999765e-03 9.999705800000000533e-01 6.667683300000000479e-02 0.000000000000000000e+00 0.000000000000000000e+00 0.000000000000000000e+00 1.000000000000000000e+00
9.828023200000000070e-01 -1.845225600000000021e-01 -7.143110200000000326e-03 6.084006999999999721e+00 1.844621300000000019e-01 9.828040700000000296e-01 -8.359688900000000408e-03 5.718226600000000381e-01 8.562828899999999632e-03 6.898288300000000352e-03 9.999395399999999601e-01 7.661669799999999697e-02 0.000000000000000000e+00 0.000000000000000000e+00 0.000000000000000000e+00 1.000000000000000000e+00
9.812281099999999867e-01 -1.926417400000000058e-01 -8.975284300000000576e-03 6.541581100000000148e+00 1.925769200000000125e-01 9.812523899999999744e-01 -7.607504200000000244e-03 6.711387300000000167e-01 1.027254200000000083e-02 5.736264399999999736e-03 9.999307800000000190e-01 8.227691700000000496e-02 0.000000000000000000e+00 0.000000000000000000e+00 0.000000000000000000e+00 1.000000000000000000e+00
9.796105000000000507e-01 -2.006017200000000111e-01 -1.105517399999999921e-02 7.009341599999999950e+00 2.005216400000000010e-01 9.796570799999999579e-01 -7.941716600000000778e-03 7.764750999999999737e-01 1.242340200000000006e-02 5.562987400000000277e-03 9.999073499999999726e-01 8.221748800000000523e-02 0.000000000000000000e+00 0.000000000000000000e+00 0.000000000000000000e+00 1.000000000000000000e+00
9.780936900000000156e-01 -2.077259300000000031e-01 -1.351576600000000024e-02 7.499048799999999737e+00 2.076304200000000100e-01 9.781734899999999788e-01 -8.138418700000000366e-03 8.833115599999999956e-01 1.491132499999999958e-02 5.153851899999999965e-03 9.998755400000000071e-01 9.045098999999999501e-02 0.000000000000000000e+00 0.000000000000000000e+00 0.000000000000000000e+00 1.000000000000000000e+00
9.762244799999999501e-01 -2.162725400000000131e-01 -1.455830800000000071e-02 7.999151799999999923e+00 2.161026500000000072e-01 9.762919700000000089e-01 -1.239467399999999962e-02 9.951819800000000216e-01 1.689378700000000039e-02 8.953895300000000446e-03 9.998171999999999615e-01 1.008787800000000012e-01 0.000000000000000000e+00 0.000000000000000000e+00 0.000000000000000000e+00 1.000000000000000000e+00
9.744743300000000552e-01 -2.240305599999999897e-01 -1.449401999999999982e-02 8.526689799999999764e+00 2.237644199999999917e-01 9.744779599999999764e-01 -1.794984599999999847e-02 1.113371899999999970e+00 1.814541700000000049e-02 1.424841800000000054e-02 9.997338300000000455e-01 1.139381299999999986e-01 0.000000000000000000e+00 0.000000000000000000e+00 0.000000000000000000e+00 1.000000000000000000e+00
9.725748499999999908e-01 -2.319946599999999914e-01 -1.663219399999999945e-02 9.036012700000000564e+00 2.316760700000000117e-01 9.726061299999999576e-01 -1.906626100000000101e-02 1.234792099999999948e+00 2.059984399999999910e-02 1.469008500000000030e-02 9.996798700000000260e-01 1.360746399999999967e-01 0.000000000000000000e+00 0.000000000000000000e+00 0.000000000000000000e+00 1.000000000000000000e+00
9.701842899999999492e-01 -2.413895100000000016e-01 -2.176113799999999932e-02 9.561303699999999850e+00 2.410902699999999954e-01 9.703789099999999834e-01 -1.550026900000000055e-02 1.386954699999999985e+00 2.485815200000000141e-02 9.791718600000000675e-03 9.996430299999999880e-01 1.348056800000000111e-01 0.000000000000000000e+00 0.000000000000000000e+00 0.000000000000000000e+00 1.000000000000000000e+00
9.680826399999999943e-01 -2.493295100000000042e-01 -2.551077399999999995e-02 1.010411099999999962e+01 2.490852899999999870e-01 9.684022700000000095e-01 -1.239166799999999978e-02 1.532177300000000075e+00 2.779430000000000095e-02 5.641799700000000098e-03 9.995977400000000124e-01 1.474549199999999893e-01 0.000000000000000000e+00 0.000000000000000000e+00 0.000000000000000000e+00 1.000000000000000000e+00
9.656005600000000522e-01 -2.586216499999999807e-01 -2.702614000000000058e-02 1.065292400000000050e+01 2.582975299999999974e-01 9.659501200000000232e-01 -1.492507900000000082e-02 1.687839000000000089e+00 2.996585200000000115e-02 7.430878999999999610e-03 9.995233000000000034e-01 1.661400299999999941e-01 0.000000000000000000e+00 0.000000000000000000e+00 0.000000000000000000e+00 1.000000000000000000e+00
9.633448500000000303e-01 -2.667507399999999862e-01 -2.847352400000000006e-02 1.123461499999999980e+01 2.663532699999999753e-01 9.637253399999999859e-01 -1.701218599999999859e-02 1.848820899999999989e+00 3.197867000000000071e-02 8.804585999999999663e-03 9.994497700000000151e-01 1.954331199999999880e-01 0.000000000000000000e+00 0.000000000000000000e+00 0.000000000000000000e+00 1.000000000000000000e+00
9.611056599999999728e-01 -2.744206399999999935e-01 -3.113224200000000094e-02 1.179508599999999952e+01 2.740097100000000174e-01 9.615791399999999989e-01 -1.685960900000000109e-02 2.015532799999999902e+00 3.456273900000000204e-02 7.673328899999999966e-03 9.993730699999999745e-01 2.152228999999999948e-01 0.000000000000000000e+00 0.000000000000000000e+00 0.000000000000000000e+00 1.000000000000000000e+00
9.584742400000000329e-01 -2.830419299999999971e-01 -3.484835199999999911e-02 1.242040399999999956e+01 2.826197699999999924e-01 9.590883900000000128e-01 -1.659921400000000102e-02 2.227991199999999949e+00 3.812092300000000100e-02 6.061085800000000183e-03 9.992547499999999694e-01 2.245846800000000087e-01 0.000000000000000000e+00 0.000000000000000000e+00 0.000000000000000000e+00 1.000000000000000000e+00
9.562511599999999889e-01 -2.898166899999999879e-01 -3.987490999999999952e-02 1.302235800000000054e+01 2.893390299999999971e-01 9.570686000000000471e-01 -1.739628000000000008e-02 2.420644600000000146e+00 4.320475599999999694e-02 5.097845200000000222e-03 9.990532300000000143e-01 2.479395600000000033e-01 0.000000000000000000e+00 0.000000000000000000e+00 0.000000000000000000e+00 1.000000000000000000e+00
9.539320999999999495e-01 -2.962971300000000197e-01 -4.713350499999999915e-02 1.365659800000000068e+01 2.957488500000000076e-01 9.550890899999999739e-01 -1.836986399999999964e-02 2.625847799999999843e+00 5.045963500000000268e-02 3.583923399999999846e-03 9.987196699999999483e-01 2.810887599999999931e-01 0.000000000000000000e+00 0.000000000000000000e+00 0.000000000000000000e+00 1.000000000000000000e+00
9.522583000000000020e-01 -3.001897299999999880e-01 -5.559010699999999972e-02 1.429961199999999977e+01 2.996198400000000261e-01 9.538790200000000219e-01 -1.851410699999999840e-02 2.837037399999999820e+00 5.858398199999999972e-02 9.743132100000000085e-04 9.982820100000000529e-01 3.082625399999999738e-01 0.000000000000000000e+00 0.000000000000000000e+00 0.000000000000000000e+00 1.000000000000000000e+00
9.506002999999999536e-01 -3.035967600000000211e-01 -6.471530500000000075e-02 1.493007399999999940e+01 3.030357000000000189e-01 9.527985700000000113e-01 -1.855404899999999954e-02 3.041729600000000033e+00 6.729359999999999509e-02 -1.973562900000000193e-03 9.977312600000000087e-01 3.483566300000000004e-01 0.000000000000000000e+00 0.000000000000000000e+00 0.000000000000000000e+00 1.000000000000000000e+00
9.483800199999999903e-01 -3.083826499999999804e-01 -7.399647900000000389e-02 1.557906499999999994e+01 3.078746099999999930e-01 9.512477900000000375e-01 -1.846274599999999863e-02 3.273054800000000153e+00 7.608257799999999793e-02 -5.271937400000000114e-03 9.970875799999999733e-01 3.857104199999999983e-01 0.000000000000000000e+00 0.000000000000000000e+00 0.000000000000000000e+00 1.000000000000000000e+00
9.464715200000000106e-01 -3.121935200000000021e-01 -8.201749099999999792e-02 1.622307800000000100e+01 3.118599899999999758e-01 9.499727999999999506e-01 -1.717621399999999868e-02 3.507027700000000081e+00 8.327668900000000096e-02 -9.321176800000000734e-03 9.964828700000000206e-01 4.359623100000000195e-01 0.000000000000000000e+00 0.000000000000000000e+00 0.000000000000000000e+00 1.000000000000000000e+00
9.441983999999999932e-01 -3.171190700000000029e-01 -8.902178099999999428e-02 1.690324999999999989e+01 3.169753399999999943e-01 9.482967199999999819e-01 -1.612370600000000154e-02 3.744142699999999824e+00 8.953219699999999392e-02 -1.299373099999999968e-02 9.958991699999999447e-01 4.908741400000000143e-01 0.000000000000000000e+00 0.000000000000000000e+00 0.000000000000000000e+00 1.000000000000000000e+00
9.419369499999999951e-01 -3.218055400000000010e-01 -9.589566900000000282e-02 1.758089000000000013e+01 3.219222299999999759e-01 9.466523399999999810e-01 -1.467764199999999943e-02 4.004477600000000415e+00 9.550320599999999327e-02 -1.704553400000000107e-02 9.952831699999999948e-01 5.532827599999999846e-01 0.000000000000000000e+00 0.000000000000000000e+00 0.000000000000000000e+00 1.000000000000000000e+00
9.400790500000000272e-01 -3.252005199999999929e-01 -1.024499900000000047e-01 1.827501699999999829e+01 3.256877300000000086e-01 9.453959899999999639e-01 -1.240658300000000054e-02 4.249647200000000069e+00 1.008904399999999979e-01 -2.170353699999999844e-02 9.946607800000000221e-01 6.194765300000000252e-01 0.000000000000000000e+00 0.000000000000000000e+00 0.000000000000000000e+00 1.000000000000000000e+00
9.375512400000000079e-01 -3.310184800000000038e-01 -1.068851600000000068e-01 1.898358500000000149e+01 3.318461899999999853e-01 9.432754300000000258e-01 -1.046726499999999990e-02 4.535624199999999995e+00 1.042870000000000047e-01 -2.565583399999999889e-02 9.942162700000000131e-01 6.877572499999999867e-01 0.000000000000000000e+00 0.000000000000000000e+00 0.000000000000000000e+00 1.000000000000000000e+00
9.354235199999999528e-01 -3.364136099999999741e-01 -1.086679700000000026e-01 1.969199499999999858e+01 3.373952399999999852e-01 9.413122699999999510e-01 -9.780395799999999293e-03 4.805579200000000384e+00 1.055807500000000010e-01 -2.751524400000000120e-02 9.940299900000000299e-01 7.574061199999999605e-01 0.000000000000000000e+00 0.000000000000000000e+00 0.000000000000000000e+00 1.000000000000000000e+00
9.333612399999999809e-01 -3.421617000000000131e-01 -1.084535600000000044e-01 2.044443700000000064e+01 3.432910399999999917e-01 9.391890899999999487e-01 -8.667131499999999530e-03 5.102263800000000238e+00 1.048239599999999938e-01 -2.914156899999999911e-02 9.940637300000000343e-01 8.392891900000000183e-01 0.000000000000000000e+00 0.000000000000000000e+00 0.000000000000000000e+00 1.000000000000000000e+00
9.312564599999999526e-01 -3.483969800000000228e-01 -1.066815200000000019e-01 2.121621100000000126e+01 3.493996300000000166e-01 9.369230299999999900e-01 -9.753227200000000666e-03 5.414315199999999884e+00 1.033503699999999970e-01 -2.819172799999999923e-02 9.942454099999999961e-01 9.088976199999999617e-01 0.000000000000000000e+00 0.000000000000000000e+00 0.000000000000000000e+00 1.000000000000000000e+00
9.289395999999999765e-01 -3.549729300000000198e-01 -1.051924100000000001e-01 2.198846400000000045e+01 3.560222499999999846e-01 9.344315399999999494e-01 -9.266208899999999610e-03 5.729644300000000356e+00 1.015843599999999985e-01 -2.884308999999999831e-02 9.944087200000000237e-01 9.771421099999999527e-01 0.000000000000000000e+00 0.000000000000000000e+00 0.000000000000000000e+00 1.000000000000000000e+00
9.262352700000000549e-01 -3.628692099999999976e-01 -1.020498499999999975e-01 2.277645800000000165e+01 3.638458999999999999e-01 9.314103299999999530e-01 -9.536802599999999810e-03 6.105566399999999838e+00 9.851089400000000162e-02 -2.829709500000000127e-02 9.947335699999999559e-01 1.032677000000000067e+00 0.000000000000000000e+00 0.000000000000000000e+00 0.000000000000000000e+00 1.000000000000000000e+00
9.226486099999999801e-01 -3.730299200000000148e-01 -9.781728100000000592e-02 2.380766500000000008e+01 3.741908600000000140e-01 9.273261400000000210e-01 -6.887524100000000371e-03 6.656654200000000188e+00 9.327777299999999439e-02 -3.024756799999999898e-02 9.951805599999999918e-01 1.062103000000000019e+00 0.000000000000000000e+00 0.000000000000000000e+00 0.000000000000000000e+00 1.000000000000000000e+00
9.201433199999999868e-01 -3.803606400000000276e-01 -9.307017400000000551e-02 2.453572399999999831e+01 3.815831800000000218e-01 9.243210499999999774e-01 -4.986909700000000112e-03 6.967050900000000269e+00 8.792354500000000572e-02 -3.092534099999999855e-02 9.956470600000000282e-01 1.135889799999999950e+00 0.000000000000000000e+00 0.000000000000000000e+00 0.000000000000000000e+00 1.000000000000000000e+00
9.163465200000000532e-01 -3.901516099999999820e-01 -8.994874899999999451e-02 2.528862099999999913e+01 3.915238500000000066e-01 9.201643400000000250e-01 -2.580160699999999984e-03 7.309413199999999833e+00 8.377428600000000336e-02 -3.285275900000000221e-02 9.959430500000000519e-01 1.202456299999999922e+00 0.000000000000000000e+00 0.000000000000000000e+00 0.000000000000000000e+00 1.000000000000000000e+00
9.133580700000000219e-01 -3.973083700000000218e-01 -8.901175699999999691e-02 2.604515100000000061e+01 3.987682799999999750e-01 9.170504900000000514e-01 -1.501100499999999957e-03 7.638119099999999939e+00 8.222467499999999707e-02 -3.412402300000000333e-02 9.960294400000000437e-01 1.274057500000000065e+00 0.000000000000000000e+00 0.000000000000000000e+00 0.000000000000000000e+00 1.000000000000000000e+00
9.092857899999999827e-01 -4.064196600000000159e-01 -8.956793600000000077e-02 2.682813600000000065e+01 4.081132900000000174e-01 9.129310600000000164e-01 6.529943199999999710e-04 8.001036499999999663e+00 8.150396099999999977e-02 -3.714762399999999715e-02 9.959805000000000463e-01 1.351656100000000027e+00 0.000000000000000000e+00 0.000000000000000000e+00 0.000000000000000000e+00 1.000000000000000000e+00
9.056732600000000355e-01 -4.146630700000000225e-01 -8.837694499999999842e-02 2.757390300000000138e+01 4.162529500000000104e-01 9.092487299999999495e-01 -4.831784299999999769e-04 8.350884199999999424e+00 8.055698099999999973e-02 -3.634956200000000193e-02 9.960869900000000055e-01 1.414065399999999917e+00 0.000000000000000000e+00 0.000000000000000000e+00 0.000000000000000000e+00 1.000000000000000000e+00
9.019127399999999906e-01 -4.230483800000000016e-01 -8.708317100000000088e-02 2.838213199999999858e+01 4.246486700000000059e-01 9.053582100000000521e-01 -1.639447099999999965e-04 8.737255700000000402e+00 7.891082000000000651e-02 -3.683188899999999960e-02 9.962010300000000429e-01 1.482855999999999952e+00 0.000000000000000000e+00 0.000000000000000000e+00 0.000000000000000000e+00 1.000000000000000000e+00
8.976920000000000455e-01 -4.323801299999999737e-01 -8.483213900000000085e-02 2.915727100000000149e+01 4.339041200000000043e-01 9.009589000000000070e-01 -5.241901600000000187e-04 9.111281500000000477e+00 7.665692000000000339e-02 -3.633845299999999973e-02 9.963951199999999675e-01 1.551877600000000079e+00 0.000000000000000000e+00 0.000000000000000000e+00 0.000000000000000000e+00 1.000000000000000000e+00
8.943891200000000374e-01 -4.397885500000000003e-01 -8.157285200000000125e-02 2.994303899999999885e+01 4.413711300000000004e-01 8.973233400000000248e-01 1.532493100000000040e-03 9.497809099999999560e+00 7.252325199999999639e-02 -3.737454700000000102e-02 9.966661999999999466e-01 1.624153299999999911e+00 0.000000000000000000e+00 0.000000000000000000e+00 0.000000000000000000e+00 1.000000000000000000e+00
8.915178599999999953e-01 -4.465443800000000185e-01 -7.611847400000000541e-02 3.076268500000000117e+01 4.479739600000000044e-01 8.940445399999999987e-01 1.920976100000000054e-03 9.925892599999999177e+00 6.719550500000000259e-02 -3.581167899999999904e-02 9.970969299999999924e-01 1.684047000000000072e+00 0.000000000000000000e+00 0.000000000000000000e+00 0.000000000000000000e+00 1.000000000000000000e+00
8.882502500000000190e-01 -4.537354800000000243e-01 -7.166321700000000128e-02 3.156001699999999843e+01 4.550095299999999954e-01 8.904850600000000505e-01 1.641878899999999917e-03 1.034550800000000059e+01 6.307004500000000513e-02 -3.406584599999999685e-02 9.974275299999999511e-01 1.747923399999999905e+00 0.000000000000000000e+00 0.000000000000000000e+00 0.000000000000000000e+00 1.000000000000000000e+00
8.841702099999999565e-01 -4.620664700000000069e-01 -6.883041700000000485e-02 3.240795500000000118e+01 4.631484000000000156e-01 8.862807000000000324e-01 -2.699257600000000141e-04 1.077392000000000039e+01 6.112779399999999919e-02 -3.164003700000000280e-02 9.976283400000000023e-01 1.806363200000000058e+00 0.000000000000000000e+00 0.000000000000000000e+00 0.000000000000000000e+00 1.000000000000000000e+00
8.810057000000000027e-01 -4.681073499999999776e-01 -6.858905299999999705e-02 3.323596200000000067e+01 4.692563100000000098e-01 8.830617099999999997e-01 7.260782700000000152e-04 1.121857299999999924e+01 6.022848399999999880e-02 -3.282552500000000123e-02 9.976447299999999796e-01 1.861857700000000060e+00 0.000000000000000000e+00 0.000000000000000000e+00 0.000000000000000000e+00 1.000000000000000000e+00
8.784739400000000087e-01 -4.731507400000000141e-01 -6.642218299999999576e-02 3.408794499999999772e+01 4.741877500000000190e-01 8.804237299999999600e-01 -1.740927800000000134e-04 1.167317500000000052e+01 5.856203799999999682e-02 -3.134364900000000120e-02 9.977915899999999505e-01 1.903884499999999980e+00 0.000000000000000000e+00 0.000000000000000000e+00 0.000000000000000000e+00 1.000000000000000000e+00
8.760242299999999593e-01 -4.779034999999999811e-01 -6.472862699999999692e-02 3.497750099999999662e+01 4.788360300000000236e-01 8.779034599999999688e-01 -1.254142399999999893e-03 1.215456700000000012e+01 5.742484500000000214e-02 -2.989574000000000051e-02 9.979021200000000036e-01 1.946982200000000107e+00 0.000000000000000000e+00 0.000000000000000000e+00 0.000000000000000000e+00 1.000000000000000000e+00
8.729474600000000084e-01 -4.835584099999999941e-01 -6.429622399999999904e-02 3.584919299999999964e+01 4.844331399999999843e-01 8.748253999999999753e-01 -2.247374400000000036e-03 1.260904900000000062e+01 5.733470599999999917e-02 -2.918538199999999930e-02 9.979283300000000301e-01 1.999349100000000101e+00 0.000000000000000000e+00 0.000000000000000000e+00 0.000000000000000000e+00 1.000000000000000000e+00
8.703568000000000415e-01 -4.880639399999999739e-01 -6.536529200000000539e-02 3.671345699999999823e+01 4.890207699999999935e-01 8.722707600000000339e-01 -1.550481800000000094e-03 1.310222199999999937e+01 5.777296700000000146e-02 -3.061551300000000045e-02 9.978601999999999750e-01 2.059477300000000177e+00 0.000000000000000000e+00 0.000000000000000000e+00 0.000000000000000000e+00 1.000000000000000000e+00
8.695272299999999843e-01 -4.895447900000000074e-01 -6.533218899999999885e-02 3.758912800000000232e+01 4.904234100000000041e-01 8.714793600000000362e-01 -2.933826599999999826e-03 1.360583399999999976e+01 5.837189400000000056e-02 -2.948939299999999916e-02 9.978592600000000257e-01 2.110046999999999784e+00 0.000000000000000000e+00 0.000000000000000000e+00 0.000000000000000000e+00 1.000000000000000000e+00
8.696237999999999468e-01 -4.894930499999999851e-01 -6.442822600000000510e-02 3.846325999999999823e+01 4.903611500000000234e-01 8.715152900000000535e-01 -2.653431300000000034e-03 1.410360700000000023e+01 5.744902000000000342e-02 -2.928561199999999906e-02 9.979188199999999842e-01 2.167986700000000155e+00 0.000000000000000000e+00 0.000000000000000000e+00 0.000000000000000000e+00 1.000000000000000000e+00
8.690680800000000206e-01 -4.907102199999999748e-01 -6.264306299999999883e-02 3.936281900000000178e+01 4.915260699999999816e-01 8.708586499999999564e-01 -2.707838499999999909e-03 1.461943100000000051e+01 5.588201699999999911e-02 -2.843740200000000051e-02 9.980323199999999728e-01 2.228845100000000023e+00 0.000000000000000000e+00 0.000000000000000000e+00 0.000000000000000000e+00 1.000000000000000000e+00
8.691009100000000043e-01 -4.907442399999999982e-01 -6.191689499999999957e-02 4.027266999999999797e+01 4.915206799999999876e-01 8.708605699999999450e-01 -3.048262600000000138e-03 1.513460000000000072e+01 5.541689999999999811e-02 -2.778418699999999839e-02 9.980766500000000097e-01 2.289929799999999904e+00 0.000000000000000000e+00 0.000000000000000000e+00 0.000000000000000000e+00 1.000000000000000000e+00
8.685106900000000296e-01 -4.918704400000000199e-01 -6.125897300000000129e-02 4.118834400000000073e+01 4.924948699999999735e-01 8.702979800000000266e-01 -5.497801499999999814e-03 1.564001700000000028e+01 5.601776700000000303e-02 -2.539483099999999965e-02 9.981067599999999818e-01 2.351575599999999877e+00 0.000000000000000000e+00 0.000000000000000000e+00 0.000000000000000000e+00 1.000000000000000000e+00
8.671329599999999527e-01 -4.943244399999999761e-01 -6.102277500000000132e-02 4.210779899999999998e+01 4.948404299999999978e-01 8.689523000000000108e-01 -7.405722299999999668e-03 1.615483700000000056e+01 5.668671000000000126e-02 -2.377479000000000051e-02 9.981088999999999656e-01 2.409525100000000197e+00 0.000000000000000000e+00 0.000000000000000000e+00 0.000000000000000000e+00 1.000000000000000000e+00
8.659297099999999636e-01 -4.966804300000000061e-01 -5.894308699999999818e-02 4.301237199999999916e+01 4.971455300000000022e-01 8.676344799999999857e-01 -7.532454699999999864e-03 1.666980399999999918e+01 5.488227799999999962e-02 -2.278071599999999947e-02 9.982329300000000183e-01 2.469855799999999935e+00 0.000000000000000000e+00 0.000000000000000000e+00 0.000000000000000000e+00 1.000000000000000000e+00
8.637767600000000323e-01 -5.008748400000000434e-01 -5.490089799999999659e-02 4.398905899999999747e+01 5.012580300000000211e-01 8.652649399999999824e-01 -7.548137299999999571e-03 1.722639399999999910e+01 5.128449399999999991e-02 -2.099960999999999842e-02 9.984632799999999531e-01 2.527439000000000213e+00 0.000000000000000000e+00 0.000000000000000000e+00 0.000000000000000000e+00 1.000000000000000000e+00
8.612034400000000423e-01 -5.057553099999999580e-01 -5.040051400000000043e-02 4.491465699999999828e+01 5.060718400000000505e-01 8.624611699999999992e-01 -7.212296200000000053e-03 1.775791800000000009e+01 4.711614299999999922e-02 -1.929502699999999932e-02 9.987030399999999863e-01 2.588064699999999885e+00 0.000000000000000000e+00 0.000000000000000000e+00 0.000000000000000000e+00 1.000000000000000000e+00
8.576708899999999636e-01 -5.120735100000000095e-01 -4.670516499999999988e-02 4.585798499999999933e+01 5.122155999999999931e-01 8.588011800000000528e-01 -9.783222700000000077e-03 1.829849300000000056e+01 4.512018000000000278e-02 -1.553232899999999923e-02 9.988608100000000434e-01 2.633092099999999824e+00 0.000000000000000000e+00 0.000000000000000000e+00 0.000000000000000000e+00 1.000000000000000000e+00
8.528349100000000016e-01 -5.199626600000000209e-01 -4.807757599999999687e-02 4.679358799999999974e+01 5.200080400000000047e-01 8.540692500000000020e-01 -1.254456500000000058e-02 1.886240600000000001e+01 4.758428399999999753e-02 -1.430228300000000070e-02 9.987648300000000479e-01 2.688223400000000041e+00 0.000000000000000000e+00 0.000000000000000000e+00 0.000000000000000000e+00 1.000000000000000000e+00
8.476989000000000329e-01 -5.280443799999999799e-01 -5.075150500000000231e-02 4.770162599999999742e+01 5.280169900000000194e-01 8.491005900000000439e-01 -1.504136799999999941e-02 1.943603900000000095e+01 5.103564299999999859e-02 -1.404710600000000018e-02 9.985980399999999646e-01 2.747328800000000015e+00 0.000000000000000000e+00 0.000000000000000000e+00 0.000000000000000000e+00 1.000000000000000000e+00
8.402065300000000070e-01 -5.398423100000000474e-01 -5.121780399999999872e-02 4.860845799999999883e+01 5.398625500000000521e-01 8.416260399999999642e-01 -1.462970300000000085e-02 2.000788100000000114e+01 5.100397000000000264e-02 -1.535860200000000071e-02 9.985803500000000055e-01 2.806531199999999782e+00 0.000000000000000000e+00 0.000000000000000000e+00 0.000000000000000000e+00 1.000000000000000000e+00
8.356465699999999774e-01 -5.472627599999999592e-01 -4.688577499999999759e-02 4.950410899999999970e+01 5.473345299999999858e-01 8.368215300000000356e-01 -1.243528099999999942e-02 2.060182700000000011e+01 4.604039199999999943e-02 -1.527070399999999953e-02 9.988228500000000398e-01 2.862479299999999949e+00 0.000000000000000000e+00 0.000000000000000000e+00 0.000000000000000000e+00 1.000000000000000000e+00
8.308120599999999634e-01 -5.549273799999999701e-01 -4.250802699999999684e-02 5.038345699999999994e+01 5.550580699999999590e-01 8.317544700000000235e-01 -9.748608699999999558e-03 2.121318399999999826e+01 4.076601099999999783e-02 -1.549516199999999982e-02 9.990485599999999744e-01 2.924186100000000010e+00 0.000000000000000000e+00 0.000000000000000000e+00 0.000000000000000000e+00 1.000000000000000000e+00
8.267565599999999737e-01 -5.607591200000000553e-01 -4.497563599999999939e-02 5.129786500000000160e+01 5.609631200000000373e-01 8.277903399999999579e-01 -9.139249999999999804e-03 2.181366299999999825e+01 4.235531499999999755e-02 -1.767373900000000081e-02 9.989462799999999643e-01 2.978112700000000057e+00 0.000000000000000000e+00 0.000000000000000000e+00 0.000000000000000000e+00 1.000000000000000000e+00
8.230962600000000240e-01 -5.657615799999999862e-01 -4.925842400000000204e-02 5.215426300000000026e+01 5.659568600000000060e-01 8.243583300000000280e-01 -1.123251699999999915e-02 2.242993999999999843e+01 4.696151900000000018e-02 -1.863270100000000151e-02 9.987228999999999690e-01 3.026966799999999846e+00 0.000000000000000000e+00 0.000000000000000000e+00 0.000000000000000000e+00 1.000000000000000000e+00
8.191635400000000233e-01 -5.708006100000000416e-01 -5.619386099999999773e-02 5.302506499999999789e+01 5.710101699999999836e-01 8.208263799999999666e-01 -1.383576800000000002e-02 2.301383999999999830e+01 5.402286900000000114e-02 -2.075350899999999985e-02 9.983240100000000394e-01 3.088591999999999782e+00 0.000000000000000000e+00 0.000000000000000000e+00 0.000000000000000000e+00 1.000000000000000000e+00
8.154443799999999687e-01 -5.758632599999999879e-01 -5.858308599999999949e-02 5.388562199999999791e+01 5.761467999999999590e-01 8.172325700000000470e-01 -1.363093800000000043e-02 2.365254799999999946e+01 5.572556199999999932e-02 -2.263718500000000064e-02 9.981894700000000231e-01 3.149052000000000184e+00 0.000000000000000000e+00 0.000000000000000000e+00 0.000000000000000000e+00 1.000000000000000000e+00
8.138739000000000390e-01 -5.783204199999999462e-01 -5.616732099999999922e-02 5.477708799999999911e+01 5.786991000000000218e-01 8.154679500000000525e-01 -1.092591799999999974e-02 2.427090899999999962e+01 5.212133099999999991e-02 -2.361165800000000065e-02 9.983615900000000210e-01 3.215593099999999982e+00 0.000000000000000000e+00 0.000000000000000000e+00 0.000000000000000000e+00 1.000000000000000000e+00
8.106012999999999691e-01 -5.834302199999999994e-01 -5.034581500000000209e-02 5.567626599999999826e+01 5.837564699999999718e-01 8.118733599999999884e-01 -9.488465399999999883e-03 2.490530400000000100e+01 4.641028400000000304e-02 -2.169833300000000020e-02 9.986867699999999459e-01 3.277630499999999891e+00 0.000000000000000000e+00 0.000000000000000000e+00 0.000000000000000000e+00 1.000000000000000000e+00
8.083277599999999508e-01 -5.869497299999999473e-01 -4.578481300000000059e-02 5.656754600000000011e+01 5.871224800000000021e-01 8.094234200000000046e-01 -1.099613800000000079e-02 2.554765599999999992e+01 4.351348099999999969e-02 -1.799281000000000144e-02 9.988907999999999676e-01 3.328060100000000077e+00 0.000000000000000000e+00 0.000000000000000000e+00 0.000000000000000000e+00 1.000000000000000000e+00
8.054998300000000278e-01 -5.904972499999999735e-01 -4.982989499999999905e-02 5.740742300000000142e+01 5.909483399999999609e-01 8.066814900000000010e-01 -6.711066299999999575e-03 2.618332600000000099e+01 4.415971999999999953e-02 -2.404113100000000031e-02 9.987351700000000054e-01 3.386861500000000191e+00 0.000000000000000000e+00 0.000000000000000000e+00 0.000000000000000000e+00 1.000000000000000000e+00
8.014476200000000272e-01 -5.959214400000000245e-01 -5.059012300000000073e-02 5.829658500000000032e+01 5.963084600000000401e-01 8.027080699999999958e-01 -8.716249000000000566e-03 2.683696600000000032e+01 4.580329999999999818e-02 -2.318170099999999900e-02 9.986814600000000208e-01 3.441629999999999967e+00 0.000000000000000000e+00 0.000000000000000000e+00 0.000000000000000000e+00 1.000000000000000000e+00
7.985208900000000387e-01 -5.997009300000000209e-01 -5.218416900000000247e-02 5.916201699999999875e+01 6.000121800000000061e-01 7.999121099999999540e-01 -1.122512900000000036e-02 2.750174300000000116e+01 4.847446899999999920e-02 -2.234763700000000006e-02 9.985743900000000339e-01 3.503826999999999803e+00 0.000000000000000000e+00 0.000000000000000000e+00 0.000000000000000000e+00 1.000000000000000000e+00
7.949348400000000314e-01 -6.044155399999999734e-01 -5.254015000000000074e-02 5.999811499999999853e+01 6.047053199999999906e-01 7.963589199999999702e-01 -1.199809599999999976e-02 2.815087700000000126e+01 4.909265299999999999e-02 -2.223360400000000056e-02 9.985467300000000490e-01 3.558509599999999828e+00 0.000000000000000000e+00 0.000000000000000000e+00 0.000000000000000000e+00 1.000000000000000000e+00
7.891971500000000139e-01 -6.120591199999999565e-01 -5.051228800000000241e-02 6.086871699999999663e+01 6.122570299999999799e-01 7.905474399999999902e-01 -1.326932100000000059e-02 2.881148900000000168e+01 4.805396900000000193e-02 -2.045439300000000127e-02 9.986352899999999533e-01 3.619335599999999875e+00 0.000000000000000000e+00 0.000000000000000000e+00 0.000000000000000000e+00 1.000000000000000000e+00
7.842479799999999557e-01 -6.185052800000000461e-01 -4.905437700000000317e-02 6.168453199999999725e+01 6.186295499999999725e-01 7.855502300000000160e-01 -1.443276800000000033e-02 2.947670899999999961e+01 4.746141999999999722e-02 -1.902761799999999962e-02 9.986918299999999471e-01 3.674478899999999992e+00 0.000000000000000000e+00 0.000000000000000000e+00 0.000000000000000000e+00 1.000000000000000000e+00
7.797552500000000109e-01 -6.240258699999999825e-01 -5.072921600000000059e-02 6.250289399999999773e+01 6.242296600000000195e-01 7.811212699999999787e-01 -1.367108700000000017e-02 3.016607199999999978e+01 4.815678100000000267e-02 -2.100658000000000039e-02 9.986188700000000473e-01 3.744285200000000202e+00 0.000000000000000000e+00 0.000000000000000000e+00 0.000000000000000000e+00 1.000000000000000000e+00
7.738021000000000482e-01 -6.314180700000000535e-01 -5.041349600000000208e-02 6.334546699999999930e+01 6.314952799999999922e-01 7.752062299999999961e-01 -1.640133800000000142e-02 3.085623299999999958e+01 4.943695800000000307e-02 -1.914449500000000096e-02 9.985937499999999467e-01 3.798591099999999887e+00 0.000000000000000000e+00 0.000000000000000000e+00 0.000000000000000000e+00 1.000000000000000000e+00
7.687094500000000163e-01 -6.375542400000000498e-01 -5.109183800000000053e-02 6.417943400000000054e+01 6.376242800000000432e-01 7.701591100000000356e-01 -1.703602099999999842e-02 3.154614700000000127e+01 5.021023200000000047e-02 -1.948164599999999830e-02 9.985486500000000376e-01 3.859444700000000061e+00 0.000000000000000000e+00 0.000000000000000000e+00 0.000000000000000000e+00 1.000000000000000000e+00
7.628493299999999921e-01 -6.443876400000000393e-01 -5.315512800000000287e-02 6.504029900000000453e+01 6.445306800000000225e-01 7.643960800000000333e-01 -1.669817999999999997e-02 3.227658999999999878e+01 5.139167299999999883e-02 -2.152191499999999910e-02 9.984466499999999911e-01 3.929842400000000069e+00 0.000000000000000000e+00 0.000000000000000000e+00 0.000000000000000000e+00 1.000000000000000000e+00
7.573134799999999833e-01 -6.509590899999999625e-01 -5.223554999999999865e-02 6.587718499999999722e+01 6.509290800000000488e-01 7.588771199999999606e-01 -1.992111099999999829e-02 3.297625399999999729e+01 5.260819099999999859e-02 -1.891511300000000076e-02 9.984360799999999481e-01 3.988086399999999809e+00 0.000000000000000000e+00 0.000000000000000000e+00 0.000000000000000000e+00 1.000000000000000000e+00
7.512929600000000097e-01 -6.580277799999999511e-01 -5.057983399999999713e-02 6.669728000000000634e+01 6.578485299999999869e-01 7.528151299999999990e-01 -2.246537900000000060e-02 3.371085599999999971e+01 5.286010800000000287e-02 -1.639578900000000089e-02 9.984673200000000470e-01 4.045161700000000415e+00 0.000000000000000000e+00 0.000000000000000000e+00 0.000000000000000000e+00 1.000000000000000000e+00
7.450728599999999480e-01 -6.651232000000000255e-01 -4.977511999999999909e-02 6.756315800000000138e+01 6.649983800000000000e-01 7.465371400000000435e-01 -2.143492699999999945e-02 3.447843600000000208e+01 5.141584300000000274e-02 -1.712979200000000132e-02 9.985304099999999794e-01 4.116070999999999813e+00 0.000000000000000000e+00 0.000000000000000000e+00 0.000000000000000000e+00 1.000000000000000000e+00
7.389754800000000179e-01 -6.719429999999999570e-01 -4.906976799999999972e-02 6.838656600000000196e+01 6.718150899999999481e-01 7.404062599999999827e-01 -2.151890000000000053e-02 3.524619700000000222e+01 5.079103799999999669e-02 -1.706387100000000129e-02 9.985635200000000378e-01 4.187889199999999867e+00 0.000000000000000000e+00 0.000000000000000000e+00 0.000000000000000000e+00 1.000000000000000000e+00
7.331968899999999900e-01 -6.782978400000000407e-01 -4.831516200000000177e-02 6.918790799999999308e+01 6.780883699999999958e-01 7.346168499999999879e-01 -2.311381300000000041e-02 3.599197800000000314e+01 5.117118200000000255e-02 -1.581497399999999900e-02 9.985646700000000431e-01 4.251634899999999995e+00 0.000000000000000000e+00 0.000000000000000000e+00 0.000000000000000000e+00 1.000000000000000000e+00
