1 0 0 0 0 1 0 0 0 0 1 0
0.999989 -0.00312225 -0.00353807 0.0106076 0.00311467 0.999993 -0.00214555 -0.0056297 0.00354474 0.00213451 0.999991 0.666806
0.999965 -0.00194474 -0.00810256 0.00921758 0.00191368 0.999991 -0.00383965 -0.00614229 0.00810995 0.00382401 0.99996 1.40402
0.999929 -0.00225486 -0.0117078 -0.00739708 0.00219584 0.999985 -0.0050514 -0.0160828 0.011719 0.00502533 0.999919 2.11195
0.999859 -0.000927432 -0.016792 -0.0218829 0.000834353 0.999984 -0.00554922 -0.0228885 0.0167968 0.00553443 0.999844 2.87505
0.999781 -0.00214857 -0.0208365 -0.0428123 0.00202637 0.999981 -0.00588434 -0.0321283 0.0208488 0.00584082 0.999766 3.6296
0.999669 -0.000492847 -0.025736 -0.0635227 0.000306507 0.999974 -0.00724385 -0.0377232 0.0257389 0.00723357 0.999643 4.43023
0.999517 0.00209873 -0.0309941 -0.0886858 -0.0023446 0.999966 -0.00789843 -0.0443498 0.0309764 0.00796729 0.999488 5.24171
0.999383 0.00262063 -0.0350347 -0.124786 -0.00284952 0.999975 -0.00648479 -0.0520966 0.0350168 0.00658061 0.999365 6.04148
0.999234 0.0019204 -0.0390742 -0.166686 -0.00208084 0.99999 -0.00406554 -0.0566891 0.039066 0.00414374 0.999228 6.87577
0.999092 0.00161752 -0.0425673 -0.203406 -0.00169078 0.999997 -0.00168526 -0.0622259 0.0425644 0.00175571 0.999092 7.71489
0.998979 0.00320635 -0.0450703 -0.252286 -0.0033192 0.999991 -0.00242912 -0.0695539 0.0450621 0.00257624 0.998981 8.56708
0.998898 0.00268368 -0.0468634 -0.299749 -0.00281216 0.999992 -0.00267594 -0.078274 0.0468559 0.00280478 0.998898 9.40998
0.998837 -0.000310557 -0.0482127 -0.34495 0.000151343 0.999995 -0.00330594 -0.0833158 0.0482135 0.0032948 0.998832 10.2698
0.998763 -0.000375957 -0.0497212 -0.396668 0.000235913 0.999996 -0.00282241 -0.0882258 0.0497221 0.00280719 0.998759 11.1324
0.998698 -0.00161187 -0.0509911 -0.443944 0.0014437 0.999993 -0.00333462 -0.0973944 0.0509962 0.00325666 0.998694 12.0056
0.998607 0.00038078 -0.0527562 -0.492935 -0.000677615 0.999984 -0.00560879 -0.108682 0.0527532 0.00563672 0.998592 12.8771
0.998557 0.000594276 -0.0537028 -0.557755 -0.00104795 0.999964 -0.0084202 -0.115176 0.0536959 0.00846432 0.998521 13.7893
0.998455 0.00424531 -0.0554074 -0.614811 -0.00480833 0.999938 -0.0100321 -0.128178 0.0553614 0.010283 0.998413 14.6916
0.998399 0.00512438 -0.0563273 -0.673958 -0.0056826 0.999936 -0.00975451 -0.141994 0.0562738 0.010059 0.998365 15.6089
0.99831 0.00380872 -0.0579879 -0.710718 -0.00427971 0.999959 -0.00800026 -0.162721 0.057955 0.00823491 0.998285 16.505
0.998214 0.00431227 -0.0595839 -0.763099 -0.00469095 0.99997 -0.00621699 -0.180057 0.0595553 0.00648539 0.998204 17.4416
0.998156 0.00349369 -0.0605959 -0.817865 -0.00385543 0.999975 -0.0058537 -0.197439 0.060574 0.00607653 0.998145 18.3758
0.998084 0.00268952 -0.0618104 -0.870587 -0.00309498 0.999974 -0.00646489 -0.214524 0.0617914 0.00664381 0.998067 19.2858
0.998056 0.0012655 -0.062307 -0.956772 -0.00174062 0.99997 -0.00757173 -0.219717 0.0622955 0.00766546 0.998028 20.267
0.998041 0.0014071 -0.0625427 -1.02238 -0.00179383 0.999979 -0.00612787 -0.230647 0.0625328 0.00622805 0.998023 21.2113
0.998064 0.00257048 -0.0621417 -1.08683 -0.00276263 0.999992 -0.00300638 -0.240027 0.0621335 0.00317223 0.998063 22.1569
0.998129 0.00330985 -0.0610557 -1.15283 -0.00328684 0.999994 0.000477281 -0.24778 0.061057 -0.000275711 0.998134 23.1222
0.998246 0.00223095 -0.0591583 -1.21322 -0.00204004 0.999992 0.00328718 -0.256245 0.0591652 -0.00316074 0.998243 24.082
0.99836 0.00257826 -0.0571858 -1.27551 -0.00235163 0.999989 0.00403004 -0.265006 0.0571956 -0.00388895 0.998355 25.0495
0.998458 0.00257466 -0.055459 -1.33433 -0.00250694 0.999996 0.00129055 -0.273789 0.0554621 -0.00114953 0.99846 26.0215
0.998526 0.00328684 -0.0541862 -1.393 -0.00347056 0.999988 -0.0032967 -0.286632 0.0541748 0.00347989 0.998525 26.9948
0.998609 0.00206088 -0.0526918 -1.44128 -0.00237316 0.99998 -0.00586475 -0.302822 0.0526786 0.00598163 0.998593 27.9528
0.998681 -0.00100559 -0.0513366 -1.49449 0.000763875 0.999988 -0.00472789 -0.316808 0.0513408 0.00468244 0.99867 28.9333
0.99866 -0.00336576 -0.0516357 -1.53698 0.00338959 0.999994 0.000374099 -0.32937 0.0516341 -0.000548624 0.998666 29.9214
0.998609 -0.00777037 -0.0521527 -1.58684 0.00798941 0.99996 0.00399291 -0.341033 0.0521196 -0.00440403 0.998631 30.9253
0.998504 -0.0150351 -0.0525681 -1.63708 0.0152374 0.999878 0.00344976 -0.353554 0.0525099 -0.0042456 0.998611 31.9291
0.998398 -0.0176923 -0.0537506 -1.68633 0.017719 0.999843 2.04279e-05 -0.368336 0.0537418 -0.000972805 0.998554 32.9313
0.998334 -0.0177236 -0.0549069 -1.74422 0.0175521 0.999839 -0.00360482 -0.381303 0.0549619 0.00263508 0.998485 33.9419
0.998258 -0.0165299 -0.0566307 -1.80701 0.0163059 0.999857 -0.00441524 -0.392549 0.0566956 0.00348414 0.998385 34.9624
0.998195 -0.0169369 -0.0576199 -1.86641 0.0167799 0.999854 -0.00320617 -0.398946 0.0576658 0.00223352 0.998333 36.0148
0.998183 -0.0134146 -0.0587492 -1.93503 0.0133883 0.99991 -0.000841235 -0.407765 0.0587552 5.31529e-05 0.998272 37.051
0.998134 -0.013111 -0.0596418 -2.00419 0.0131442 0.999914 0.00016442 -0.416054 0.0596345 -0.000948062 0.99822 38.0871
0.998103 -0.0115677 -0.0604711 -2.07206 0.011736 0.999928 0.00242734 -0.42293 0.0604387 -0.00313242 0.998167 39.1232
0.998103 -0.0119213 -0.0604021 -2.12412 0.0122823 0.999909 0.00560857 -0.436705 0.0603298 -0.00633981 0.998158 40.1266
0.998123 -0.00640715 -0.0609051 -2.20426 0.00688909 0.999947 0.00770623 -0.437683 0.0608525 -0.00811135 0.998114 41.1855
0.998132 -0.00655785 -0.0607331 -2.2769 0.00698842 0.999952 0.0068799 -0.439817 0.0606851 -0.00729148 0.99813 42.2277
0.998147 -0.00632544 -0.0605169 -2.35133 0.00664395 0.999965 0.00506335 -0.444254 0.0604828 -0.00545604 0.998154 43.2832
0.998157 -0.00395876 -0.0605479 -2.41184 0.00413206 0.999988 0.00273726 -0.450558 0.0605363 -0.00298241 0.998161 44.2992
0.998084 -0.00454109 -0.0617019 -2.47187 0.00471617 0.999985 0.00269227 -0.458942 0.0616888 -0.00297811 0.998091 45.3289
0.998005 -0.0064654 -0.0628051 -2.53892 0.00671673 0.99997 0.00379147 -0.468602 0.0627787 -0.00420575 0.998018 46.3572
0.997958 -0.00582918 -0.0636055 -2.60117 0.00613964 0.99997 0.00468661 -0.480034 0.0635763 -0.00506756 0.997964 47.3573
0.997966 -0.00335171 -0.0636581 -2.68003 0.00344179 0.999993 0.00130545 -0.493406 0.0636533 -0.0015219 0.997971 48.3799
0.997948 -0.00267558 -0.0639671 -2.75789 0.00250422 0.999993 -0.00275896 -0.508855 0.0639741 0.00259311 0.997948 49.3794
0.997826 -0.00251439 -0.0658518 -2.80048 0.00227258 0.99999 -0.00374662 -0.526023 0.0658607 0.00358882 0.997822 50.3817
0.997757 -0.00403073 -0.0668244 -2.84693 0.00403123 0.999992 -0.000127455 -0.543387 0.0668243 -0.000142217 0.997765 51.3778
0.997679 -0.00641405 -0.0677829 -2.89594 0.00663473 0.999973 0.0030311 -0.556953 0.0677616 -0.00347378 0.997695 52.3782
0.997641 -0.00875846 -0.0680883 -2.96112 0.00903032 0.999952 0.00368602 -0.567237 0.0680527 -0.00429218 0.997672 53.3794
0.997616 -0.0119482 -0.0679658 -3.0347 0.0121442 0.999923 0.00247107 -0.576788 0.067931 -0.00329057 0.997684 54.3885
0.997521 -0.0152546 -0.0686998 -3.09869 0.01538 0.999881 0.00129678 -0.588013 0.0686718 -0.00235017 0.997636 55.3846
0.997431 -0.0169868 -0.0695874 -3.16687 0.0172023 0.999849 0.00249907 -0.599544 0.0695344 -0.00368972 0.997572 56.3633
0.997287 -0.0203547 -0.0707382 -3.2195 0.0208626 0.999761 0.00644923 -0.608603 0.0705901 -0.00790752 0.997474 57.3172
0.997202 -0.021598 -0.0715596 -3.28475 0.0224792 0.999681 0.0115324 -0.613496 0.0712877 -0.0131088 0.997369 58.3087
0.997286 -0.0196853 -0.0709477 -3.37878 0.0206909 0.999695 0.0134664 -0.614306 0.070661 -0.0148978 0.997389 59.2878
0.997015 -0.0194162 -0.0747233 -3.4054 0.0202281 0.999744 0.0101243 -0.629604 0.0745076 -0.0116056 0.997153 60.2169
0.997017 -0.0178678 -0.0750757 -3.50209 0.0180906 0.999833 0.00228872 -0.63104 0.0750223 -0.00364006 0.997175 61.1853
0.996996 -0.0162905 -0.075712 -3.58408 0.0161362 0.999866 -0.00264804 -0.638085 0.0757449 0.00141838 0.997126 62.137
0.996984 -0.0116502 -0.0767265 -3.66466 0.011544 0.999931 -0.00182716 -0.649678 0.0767426 0.00093592 0.99705 63.0763
0.996936 -0.00942966 -0.0776452 -3.74863 0.00947066 0.999955 0.000159776 -0.659361 0.0776402 -0.00089464 0.996981 64.0135
0.996974 -0.00645439 -0.0774611 -3.83873 0.00661109 0.999976 0.00176663 -0.678702 0.0774479 -0.00227339 0.996993 64.9028
0.996938 -0.00608621 -0.0779595 -3.92988 0.00623326 0.999979 0.00164313 -0.688514 0.0779479 -0.00212405 0.996955 65.8115
0.996813 -0.00468464 -0.0796308 -3.9981 0.00490393 0.999985 0.00255864 -0.70165 0.0796176 -0.00294099 0.996821 66.679
0.996719 -0.00388747 -0.0808437 -4.07781 0.00414548 0.999987 0.003024 -0.713553 0.0808308 -0.00334922 0.996722 67.5514
0.996594 -0.0040982 -0.0823626 -4.14813 0.00440264 0.999984 0.00351517 -0.726253 0.0823468 -0.00386581 0.996596 68.3968
0.996478 -0.00435398 -0.0837331 -4.21883 0.00476848 0.999977 0.00475096 -0.738016 0.0837105 -0.00513351 0.996476 69.2353
0.996408 -0.00162305 -0.0846572 -4.30864 0.00224825 0.999971 0.00729039 -0.743419 0.0846429 -0.00745454 0.996383 70.0782
0.996349 -7.14072e-05 -0.0853657 -4.39697 0.00103196 0.999936 0.0112083 -0.747921 0.0853595 -0.0112554 0.996286 70.9026
0.996205 0.00277193 -0.0869903 -4.47618 -0.00165603 0.999915 0.0128976 -0.752197 0.0870187 -0.0127046 0.996125 71.705
0.996092 0.00549988 -0.0881388 -4.54885 -0.00471801 0.999947 0.00907692 -0.765541 0.0881841 -0.00862562 0.996066 72.4655
0.995991 0.0053487 -0.089284 -4.62851 -0.0051856 0.999984 0.00205874 -0.776968 0.0892936 -0.00158751 0.996004 73.2276
0.995863 0.00461073 -0.0907436 -4.68718 -0.00493741 0.999982 -0.00337574 -0.793862 0.0907264 0.00380981 0.995868 73.938
0.995815 0.00556068 -0.0912123 -4.75869 -0.00600224 0.999971 -0.00456736 -0.801846 0.0911843 0.00509572 0.995821 74.6611
0.9957 0.00831693 -0.0922574 -4.81822 -0.00843481 0.999964 -0.00088781 -0.817547 0.0922467 0.00166216 0.995734 75.3456
0.995555 0.00837272 -0.0938044 -4.88301 -0.00828095 0.999965 0.00136761 -0.832035 0.0938126 -0.000584742 0.995589 76.0339
0.995487 0.0050873 -0.0947601 -4.94404 -0.00527888 0.999984 -0.00177113 -0.847318 0.0947496 0.00226336 0.995498 76.6838
0.99553 -0.00293662 -0.0943902 -5.00426 0.00231005 0.999974 -0.00674657 -0.865494 0.0944076 0.00649837 0.995512 77.3348
0.995613 -0.00688951 -0.0933103 -5.06369 0.00588358 0.999921 -0.0110512 -0.886433 0.0933791 0.0104537 0.995575 77.9858
0.995862 -0.00447707 -0.0907655 -5.10918 0.00349557 0.999933 -0.0109696 -0.904578 0.0908086 0.0106069 0.995811 78.6016
0.996167 0.000424277 -0.0874653 -5.1534 -0.00110573 0.999969 -0.0077427 -0.920122 0.0874593 0.00780973 0.996137 79.2202
0.996541 -0.00120771 -0.0830904 -5.19486 0.000832671 0.999989 -0.00454796 -0.932743 0.083095 0.00446304 0.996531 79.8122
0.996974 -0.00499071 -0.0775667 -5.22676 0.00497925 0.999987 -0.000341006 -0.943296 0.0775675 -4.62537e-05 0.996987 80.394
0.99754 -0.00933125 -0.0694689 -5.25238 0.00956701 0.999949 0.00306183 -0.955281 0.0694368 -0.00371891 0.997579 80.9476
0.998223 -0.00566794 -0.0593129 -5.27239 0.00587111 0.999977 0.00325184 -0.967004 0.0592931 -0.0035943 0.998234 81.502
0.998988 -0.000675443 -0.0449671 -5.28145 0.000822828 0.999994 0.00325941 -0.97905 0.0449647 -0.00329312 0.998983 82.0258
0.999614 0.00441791 -0.0274093 -5.28041 -0.00429954 0.999981 0.00437639 -0.98969 0.0274281 -0.00425686 0.999614 82.5366
0.999978 0.0026915 -0.0059566 -5.25472 -0.00265989 0.999982 0.00530954 -0.997119 0.00597078 -0.00529358 0.999968 83.0514
0.999802 -0.000954358 0.0198231 -5.21324 0.000822886 0.999977 0.00663884 -1.00336 -0.019829 -0.00662122 0.999781 83.554
0.998796 -0.0021419 0.0489999 -5.16024 0.00171974 0.999961 0.00865605 -1.01227 -0.0490166 -0.00856137 0.998761 84.0159
0.996646 -0.0024532 0.0817851 -5.09212 0.00158875 0.999942 0.0106331 -1.02035 -0.0818065 -0.0104675 0.996593 84.4769
0.992893 -0.0024537 0.118978 -5.00175 0.00108419 0.999932 0.0115739 -1.02345 -0.118998 -0.0113627 0.992829 84.9538
0.987037 -0.00246162 0.160468 -4.893 0.000542057 0.999928 0.0120049 -1.02627 -0.160486 -0.0117623 0.986967 85.4077
0.97865 -0.00259155 0.205514 -4.76335 4.75721e-05 0.999923 0.0123825 -1.02894 -0.205531 -0.0121084 0.978575 85.8561
0.967043 -0.000526418 0.254611 -4.61535 -0.00231749 0.999938 0.0108695 -1.03422 -0.254601 -0.0111013 0.966982 86.2904
0.951372 0.000406131 0.308042 -4.44309 -0.00324692 0.999957 0.00870955 -1.04054 -0.308025 -0.00928621 0.951332 86.7156
0.931363 0.000240773 0.36409 -4.2531 -0.0030858 0.999969 0.00723234 -1.0463 -0.364077 -0.00785945 0.931335 87.1081
0.907105 0.000348685 0.420904 -4.03315 -0.0033312 0.999974 0.00635075 -1.0538 -0.420891 -0.00716292 0.907082 87.4764
0.87822 4.01249e-05 0.478255 -3.80039 -0.00290288 0.999982 0.00524665 -1.06038 -0.478246 -0.00599604 0.878205 87.8101
0.844884 -0.00161498 0.534945 -3.5465 -0.000534953 0.999992 0.00386381 -1.0669 -0.534948 -0.00355065 0.844877 88.1219
0.807969 -0.00195107 0.589221 -3.26663 2.5063e-05 0.999995 0.00327686 -1.07207 -0.589224 -0.00263284 0.807964 88.4311
0.767906 -0.0032787 0.640553 -2.98607 0.000194081 0.999988 0.0048858 -1.07915 -0.640562 -0.00362752 0.767898 88.7051
0.725075 -0.00392274 0.688658 -2.68207 -0.00193529 0.999968 0.00773364 -1.08491 -0.688667 -0.00694023 0.725044 88.9687
0.679545 -0.00496415 0.733616 -2.36106 -0.00214555 0.999959 0.00875381 -1.08905 -0.73363 -0.00752262 0.679507 89.216
0.632998 -0.0063498 0.774127 -2.0293 0.000411601 0.999969 0.00786571 -1.0912 -0.774153 -0.00466035 0.632981 89.428
0.586198 -0.00889489 0.810118 -1.69843 0.00528118 0.99996 0.00715786 -1.09427 -0.81015 8.24609e-05 0.586222 89.6023
0.541047 -0.00671106 0.840964 -1.3398 0.00283061 0.999977 0.00615888 -1.09549 -0.840987 -0.000951807 0.541054 89.7655
0.495301 -0.00370775 0.868712 -0.978971 -0.0012524 0.999987 0.00498209 -1.0938 -0.86872 -0.00355562 0.49529 89.9158
0.450429 -0.0014807 0.89281 -0.627447 -0.00203694 0.999994 0.0026861 -1.09295 -0.892809 -0.0030285 0.450424 90.0461
0.408083 -0.00406204 0.912935 -0.25933 0.00508513 0.999985 0.00217629 -1.09295 -0.91293 0.00375428 0.408097 90.1639
0.369375 -0.0117963 0.929205 0.113522 0.0200734 0.999787 0.00471287 -1.09284 -0.929063 0.0169114 0.369533 90.239
0.335432 -0.0156275 0.941934 0.49845 0.0242494 0.999674 0.00794999 -1.09087 -0.941752 0.0201747 0.335702 90.321
0.303072 -0.0115172 0.952897 0.866049 0.0219548 0.999746 0.00510065 -1.08932 -0.952714 0.0193748 0.303247 90.4043
0.273013 -0.00344254 0.962003 1.25313 0.0111229 0.999938 0.000421642 -1.09055 -0.961945 0.0105851 0.273034 90.5029
0.244819 0.00118584 0.969567 1.64172 0.00692927 0.999971 -0.0029727 -1.09482 -0.969543 0.00744617 0.244804 90.5898
0.219034 0.00282636 0.975712 2.05433 0.00768117 0.99996 -0.00462093 -1.10684 -0.975686 0.00850675 0.219003 90.668
0.195809 0.00435252 0.980631 2.45662 0.0148338 0.999862 -0.00739985 -1.11037 -0.980529 0.0159954 0.195718 90.7142
0.176145 0.0104567 0.984308 2.87623 0.021738 0.999658 -0.0145099 -1.10733 -0.984123 0.0239527 0.175858 90.7543
0.157248 0.0170006 0.987412 3.31286 0.0236305 0.999501 -0.020972 -1.10528 -0.987276 0.0266308 0.156768 90.8015
0.140164 0.0180085 0.989963 3.76447 0.021196 0.999551 -0.0211839 -1.11013 -0.989901 0.0239525 0.13972 90.8546
0.124785 0.0138267 0.992087 4.22826 0.0195505 0.999674 -0.0163915 -1.12356 -0.991991 0.0214412 0.124474 90.9059
0.110181 0.0104608 0.993856 4.70626 0.0200583 0.999717 -0.0127462 -1.13755 -0.993708 0.0213394 0.10994 90.9535
0.0968549 0.00787621 0.995266 5.20721 0.0227547 0.99969 -0.0101256 -1.14923 -0.995038 0.0236277 0.0966455 90.9949
0.0849664 0.00700917 0.996358 5.70924 0.0263459 0.99961 -0.00927875 -1.15918 -0.996035 0.0270384 0.0847484 91.0275
0.0748 0.00760058 0.997169 6.23152 0.0293433 0.999521 -0.00981963 -1.16849 -0.996766 0.0299947 0.074541 91.0543
0.0668568 0.0080944 0.997729 6.77398 0.0315639 0.999449 -0.0102234 -1.17686 -0.997262 0.0321757 0.0665644 91.0843
0.0613889 0.00843922 0.998077 7.33986 0.0332467 0.999392 -0.0104953 -1.18448 -0.997559 0.0338271 0.0610709 91.1145
0.0561025 0.00955868 0.998378 7.91518 0.0346552 0.999333 -0.0115152 -1.19163 -0.997823 0.0352451 0.0557338 91.1373
0.0504298 0.0102421 0.998674 8.49899 0.035251 0.999306 -0.0120287 -1.2008 -0.998105 0.0358108 0.0500337 91.1551
0.0459774 0.0103196 0.998888 9.11596 0.0372449 0.999233 -0.0120375 -1.21172 -0.998247 0.0377569 0.0455577 91.1798
0.0428921 0.0104568 0.999024 9.75353 0.0384046 0.999189 -0.0121073 -1.2209 -0.998341 0.0388864 0.0424556 91.2057
0.0395948 0.0102805 0.999162 10.4032 0.0388545 0.999175 -0.0118204 -1.23019 -0.998459 0.03929 0.0391626 91.2321
0.0364128 0.00955929 0.99929 11.0861 0.0413488 0.999083 -0.011064 -1.24177 -0.99848 0.0417223 0.035984 91.2739
0.0354046 0.00921623 0.999329 11.7766 0.0459679 0.998884 -0.0108407 -1.25194 -0.998315 0.0463209 0.0349413 91.2966
0.036486 0.00863576 0.999296 12.4698 0.0498864 0.9987 -0.0104521 -1.2647 -0.998087 0.0502326 0.0360077 91.3141
0.0388867 0.00862638 0.999205 13.1925 0.0517021 0.998606 -0.0106333 -1.27462 -0.997904 0.0520746 0.0383864 91.3403
0.0426265 0.00878404 0.999051 13.9406 0.0541597 0.99847 -0.0110898 -1.28118 -0.997621 0.0545811 0.0420855 91.3743
0.0467183 0.00835135 0.998872 14.6942 0.0547924 0.998438 -0.0109104 -1.29193 -0.997403 0.0552403 0.0461876 91.4115
0.0506237 0.00683908 0.998693 15.4825 0.0563329 0.998365 -0.00969235 -1.30081 -0.997127 0.05675 0.0501555 91.4551
0.0548858 0.00524467 0.998478 16.292 0.0565612 0.998364 -0.00835321 -1.31257 -0.996889 0.0569336 0.0544992 91.4985
0.0590466 0.003253 0.998249 17.1213 0.0534208 0.998551 -0.00641384 -1.32299 -0.996824 0.053706 0.0587871 91.557
0.0627458 0.00205512 0.998026 17.942 0.0527378 0.998594 -0.00537192 -1.33605 -0.996634 0.0529708 0.0625491 91.6228
0.0666536 0.00297794 0.99777 18.7753 0.0501989 0.998719 -0.00633419 -1.35079 -0.996512 0.0505092 0.0664187 91.6916
0.0700073 0.00694318 0.997521 19.5769 0.0481558 0.998786 -0.0103316 -1.36879 -0.996383 0.0487598 0.0695879 91.7415
0.0716478 0.0120113 0.997356 20.4319 0.0426461 0.998976 -0.0150944 -1.389 -0.996517 0.0436148 0.0710621 91.8152
0.071359 0.0150512 0.997336 21.2824 0.039553 0.999057 -0.0179072 -1.411 -0.996665 0.0407254 0.0706963 91.8875
0.0714572 0.0146047 0.997336 22.1344 0.0375454 0.999145 -0.0173213 -1.43223 -0.996736 0.0386831 0.0708476 91.9593
0.0713812 0.0130794 0.997362 22.9966 0.0346159 0.999279 -0.015582 -1.45312 -0.996847 0.0356369 0.0708769 92.0338
0.0714802 0.0118786 0.99737 23.8322 0.0356743 0.999259 -0.0144578 -1.4769 -0.996803 0.036614 0.0710033 92.0891
0.0725126 0.0111711 0.997304 24.6626 0.0334113 0.999349 -0.0136233 -1.50089 -0.996807 0.0343091 0.0720921 92.1424
0.0734254 0.0114215 0.997234 25.5063 0.0319519 0.999394 -0.0137988 -1.52507 -0.996788 0.0328767 0.0730159 92.1981
0.0744748 0.0119023 0.997151 26.3487 0.0292187 0.999473 -0.0141123 -1.54948 -0.996794 0.0301865 0.0740877 92.2548
0.0741795 0.0130529 0.997158 27.1872 0.0265297 0.999534 -0.0150576 -1.5748 -0.996891 0.0275713 0.0737986 92.3112
0.0729601 0.0124179 0.997256 28.0175 0.0237337 0.999617 -0.0141837 -1.5999 -0.997051 0.0247034 0.0726374 92.3535
0.0699536 0.0111026 0.997487 28.856 0.0214001 0.999691 -0.0126279 -1.62056 -0.99732 0.0222297 0.0696943 92.4074
0.0660001 0.00879668 0.99778 29.683 0.0195473 0.999758 -0.0101071 -1.64157 -0.997627 0.0201709 0.0658121 92.4523
0.0606239 0.00673831 0.998137 30.5115 0.0178509 0.99981 -0.00783382 -1.66046 -0.998 0.0182926 0.060492 92.4931
0.0529717 0.00716863 0.998569 31.3405 0.0176604 0.999811 -0.0081144 -1.6762 -0.998439 0.018065 0.052835 92.5439
0.0448569 0.00799985 0.99896 32.1462 0.0180358 0.999798 -0.00881644 -1.69657 -0.99883 0.0184125 0.0447035 92.5675
0.035815 0.00828348 0.999323 32.9521 0.0185978 0.999787 -0.00895386 -1.71562 -0.999184 0.0189059 0.0356532 92.5771
0.0265698 0.00729438 0.999619 33.7667 0.0201172 0.999767 -0.00783018 -1.73231 -0.999443 0.0203176 0.0264168 92.581
0.0161036 0.00645679 0.999848 34.5754 0.0188915 0.999798 -0.00676075 -1.75078 -0.999691 0.0189975 0.0159782 92.5885
0.00606895 0.00576713 0.999964 35.3759 0.0204453 0.999773 -0.00589013 -1.76603 -0.999772 0.0204803 0.00594956 92.5735
-0.00543329 0.00590038 0.999967 36.1836 0.0191603 0.999799 -0.0057953 -1.79193 -0.999801 0.0191282 -0.00554536 92.5806
-0.0169581 0.00643977 0.999834 36.9775 0.01919 0.999797 -0.00611406 -1.81117 -0.999671 0.0190832 -0.0170783 92.5729
-0.0276736 0.00729685 0.999589 37.76 0.0186225 0.999803 -0.00678286 -1.83226 -0.999442 0.0184271 -0.0278041 92.5534
-0.0381558 0.00845587 0.999235 38.5429 0.0196023 0.999778 -0.00771197 -1.84549 -0.999078 0.019293 -0.0383131 92.5219
-0.0475125 0.00923866 0.998827 39.314 0.0207728 0.99975 -0.00825908 -1.86213 -0.998654 0.020356 -0.0476926 92.4776
-0.0564381 0.00979116 0.998357 40.0759 0.0216224 0.999729 -0.00858229 -1.87978 -0.998171 0.0211025 -0.0566346 92.4164
-0.0649868 0.0100461 0.997834 40.8259 0.0222283 0.999716 -0.00861738 -1.89954 -0.997637 0.0216201 -0.0651917 92.3463
-0.0735626 0.00957759 0.997243 41.5843 0.0234562 0.999694 -0.00787087 -1.91566 -0.997014 0.0228125 -0.0737648 92.2886
-0.0804993 0.00839089 0.996718 42.2991 0.025577 0.999653 -0.00634989 -1.93416 -0.996425 0.0249819 -0.0806861 92.2038
-0.0857441 0.00667571 0.996293 43.0359 0.0287626 0.999577 -0.00422233 -1.94897 -0.995901 0.0282939 -0.0859 92.132
-0.0895491 0.00501821 0.995968 43.7494 0.0316099 0.999498 -0.0021939 -1.96347 -0.99548 0.031286 -0.0896629 92.0552
-0.0929932 0.00402676 0.995657 44.49 0.0338695 0.999426 -0.000878637 -1.97464 -0.995089 0.0336407 -0.0930763 92.0041
-0.0965119 0.00344961 0.995324 45.2259 0.034043 0.99942 -0.00016283 -1.98458 -0.994748 0.0338681 -0.0965735 91.9784
-0.0981503 0.00401061 0.995162 45.9224 0.0352243 0.999379 -0.000553522 -1.99541 -0.994547 0.0349996 -0.0982308 91.9289
-0.098031 0.00514841 0.995169 46.6187 0.0361174 0.999346 -0.00161222 -2.00697 -0.994527 0.0357848 -0.098153 91.8791
-0.094981 0.00695457 0.995453 47.3055 0.0371662 0.999303 -0.00343526 -2.01707 -0.994784 0.036671 -0.0951734 91.8144
-0.0903898 0.00746367 0.995877 47.9372 0.037478 0.999289 -0.0040876 -2.03146 -0.9952 0.036954 -0.0906053 91.7727
-0.0832573 0.00802476 0.996494 48.5402 0.0368509 0.999308 -0.00496853 -2.04945 -0.995845 0.0363081 -0.0834956 91.7467
-0.0715361 0.00822055 0.997403 49.1482 0.035899 0.999339 -0.00566176 -2.06078 -0.99679 0.0354007 -0.0717841 91.7017
-0.0580375 0.00833505 0.998278 49.7283 0.035323 0.999356 -0.00629047 -2.078 -0.997688 0.0348971 -0.0582946 91.6833
-0.0408514 0.00965321 0.999117 50.302 0.0342695 0.999379 -0.00825454 -2.09499 -0.998576 0.033902 -0.0411569 91.6743
-0.0191326 0.0122203 0.999741 50.8562 0.0328753 0.999392 -0.0115869 -2.1102 -0.999275 0.0326451 -0.0195228 91.6708
0.00537613 0.0148712 0.999874 51.3962 0.030907 0.999409 -0.0150305 -2.13276 -0.999507 0.0309839 0.00491324 91.6926
0.0332562 0.0164527 0.99931 51.9243 0.0294786 0.999413 -0.0174354 -2.15204 -0.999011 0.0300381 0.0327516 91.7369
0.0662736 0.0158856 0.997674 52.4514 0.027616 0.999461 -0.0177486 -2.1685 -0.997418 0.0287281 0.0657992 91.796
0.104229 0.0134789 0.994461 52.9657 0.026958 0.999503 -0.0163727 -2.18374 -0.994187 0.0285152 0.103814 91.8718
0.146786 0.00974801 0.989119 53.4978 0.0249212 0.999598 -0.0135496 -2.20019 -0.988853 0.0266389 0.146484 91.9685
0.192409 0.00537501 0.981299 53.9993 0.0225675 0.999696 -0.00990072 -2.21848 -0.981054 0.0240504 0.192229 92.0868
0.24122 0.00205596 0.970467 54.4976 0.0183357 0.99981 -0.00667566 -2.23487 -0.970296 0.0194045 0.241137 92.233
0.29292 0.000415897 0.956135 54.9944 0.0151047 0.999873 -0.00506236 -2.24995 -0.956016 0.015925 0.292876 92.4099
0.347528 -7.59692e-05 0.937668 55.4647 0.0142382 0.999885 -0.00519609 -2.26404 -0.93756 0.0151565 0.347489 92.6133
0.405294 0.000221335 0.914185 55.9097 0.016913 0.999827 -0.00774028 -2.2781 -0.914029 0.0185987 0.40522 92.8403
0.464634 0.00351736 0.885494 56.3294 0.0179413 0.99975 -0.0133853 -2.29279 -0.88532 0.0221063 0.464454 93.0964
0.522794 0.00677622 0.852431 56.7129 0.019509 0.999611 -0.019911 -2.30769 -0.852234 0.0270394 0.522458 93.3875
0.579856 0.0108991 0.814644 57.068 0.0157921 0.999572 -0.024614 -2.32092 -0.814564 0.0271376 0.579436 93.706
0.634699 0.0139888 0.772631 57.4215 0.012332 0.999526 -0.0282273 -2.33008 -0.772659 0.0274439 0.634225 94.0583
0.685923 0.0151643 0.727514 57.7282 0.0109577 0.999454 -0.0311639 -2.34137 -0.72759 0.029348 0.685383 94.4232
0.734741 0.0124161 0.678232 58.0339 0.0114124 0.999465 -0.0306601 -2.36554 -0.67825 0.0302675 0.734206 94.7934
0.779123 0.00891946 0.626805 58.3147 0.00960381 0.999612 -0.0261622 -2.38263 -0.626795 0.0264033 0.778735 95.2048
0.819658 0.00370134 0.572839 58.5434 0.00950605 0.999754 -0.0200617 -2.40048 -0.572773 0.0218892 0.819421 95.6098
0.855708 0.00111919 0.517455 58.768 0.00748191 0.999866 -0.0145353 -2.4134 -0.517402 0.0163096 0.855585 96.0487
0.885486 -0.00189677 0.464658 58.9275 0.00655961 0.999943 -0.00841865 -2.4253 -0.464616 0.0105026 0.885449 96.4808
0.910205 -0.00116265 0.414153 59.0834 0.00307214 0.999987 -0.00394456 -2.43342 -0.414143 0.00486273 0.910197 96.9447
0.929599 0.00144385 0.368566 59.214 -0.00084946 0.999998 -0.001775 -2.44019 -0.368568 0.00133698 0.929599 97.4115
0.944343 0.00787607 0.328862 59.3284 -0.00826042 0.999966 -0.000228498 -2.44295 -0.328853 -0.00250073 0.944377 97.8948
0.955567 0.0124463 0.294505 59.4225 -0.0124863 0.999921 -0.00174464 -2.44814 -0.294503 -0.00201012 0.955647 98.3638
0.964674 0.0140679 0.263066 59.5376 -0.0140114 0.9999 -0.00209106 -2.44791 -0.263069 -0.0016687 0.964775 98.8747
0.970494 0.0084616 0.240971 59.6498 -0.008069 0.999964 -0.00261602 -2.4508 -0.240985 0.000594461 0.970528 99.3617
0.974272 0.00556561 0.2253 59.757 -0.00517857 0.999984 -0.00230891 -2.46115 -0.22531 0.0010828 0.974285 99.8401
0.977036 0.00946972 0.212856 59.8469 -0.00908338 0.999955 -0.00279302 -2.46526 -0.212873 0.000795462 0.977078 100.367
0.979188 0.0147535 0.20241 59.946 -0.0145325 0.999891 -0.00257862 -2.46635 -0.202426 -0.000416529 0.979296 100.89
0.98019 0.0224775 0.196773 60.0287 -0.0221743 0.999747 -0.00374412 -2.47203 -0.196808 -0.000693335 0.980441 101.414
0.980592 0.0268012 0.19421 60.1167 -0.0257284 0.999637 -0.00804491 -2.46697 -0.194355 0.00289209 0.980926 101.942
0.980704 0.027738 0.193511 60.2188 -0.0261323 0.9996 -0.0108465 -2.47684 -0.193735 0.0055803 0.981037 102.486
0.980538 0.0257432 0.194624 60.3518 -0.0233769 0.999622 -0.0144461 -2.49102 -0.194923 0.00961529 0.98077 103.024
0.979953 0.0241102 0.197757 60.4847 -0.0203952 0.999576 -0.0208017 -2.50222 -0.198174 0.0163514 0.980029 103.585
0.979323 0.0242167 0.200841 60.6212 -0.0194989 0.999486 -0.0254357 -2.51278 -0.201354 0.0209937 0.979292 104.157
0.97846 0.0289679 0.204387 60.7424 -0.024362 0.99939 -0.0250163 -2.52743 -0.204987 0.0194982 0.978569 104.725
0.977196 0.0319371 0.209917 60.8644 -0.0281605 0.999384 -0.0209564 -2.54355 -0.210457 0.0145671 0.977493 105.34
0.976631 0.0288761 0.212965 61.0328 -0.0257918 0.999519 -0.0172475 -2.54984 -0.213361 0.0113517 0.976906 105.962
0.976316 0.0242876 0.214972 61.2061 -0.0220807 0.999676 -0.0126622 -2.55492 -0.21521 0.00761556 0.976537 106.596
0.975365 0.0220619 0.219485 61.3341 -0.020768 0.999751 -0.00820122 -2.56689 -0.219612 0.00344094 0.97558 107.236
0.97462 0.0176089 0.223165 61.4652 -0.0163684 0.999839 -0.00740748 -2.57994 -0.223259 0.00356665 0.974751 107.867
0.974677 0.0136544 0.223193 61.6286 -0.0115885 0.999877 -0.0105635 -2.59531 -0.22331 0.00770961 0.974716 108.53
0.974759 0.0129073 0.22288 61.7725 -0.00935872 0.999812 -0.0169707 -2.61711 -0.223057 0.0144565 0.974697 109.181
0.974818 0.0149955 0.222487 61.9119 -0.00998721 0.999671 -0.0236186 -2.63202 -0.222768 0.0208019 0.974648 109.856
0.97538 0.0185108 0.219744 62.0725 -0.0127918 0.999542 -0.0274204 -2.6428 -0.220151 0.0239345 0.975171 110.567
0.975817 0.0179743 0.217842 62.209 -0.0132248 0.999642 -0.0232412 -2.65836 -0.218182 0.0197983 0.975706 111.263
0.976225 0.0141038 0.21629 62.3746 -0.0108727 0.999811 -0.0161215 -2.67024 -0.216477 0.0133866 0.976195 111.998
0.976965 0.0149683 0.212867 62.5388 -0.0130616 0.999861 -0.010361 -2.69005 -0.212992 0.00734197 0.977025 112.728
0.977331 0.0186626 0.210882 62.6911 -0.0167612 0.999801 -0.0108008 -2.70904 -0.211042 0.00702137 0.977451 113.47
0.977594 0.0250183 0.208997 62.8335 -0.022365 0.999637 -0.0150496 -2.72622 -0.209298 0.0100382 0.977799 114.221
0.978356 0.0267343 0.205186 62.9914 -0.0230897 0.999531 -0.0201368 -2.73602 -0.205628 0.0149633 0.978515 115.001
0.979263 0.0256979 0.200946 63.1495 -0.0214741 0.999501 -0.0231715 -2.75345 -0.201441 0.0183759 0.979327 115.773
0.980107 0.024094 0.19699 63.31 -0.0201756 0.999557 -0.0218746 -2.77166 -0.19743 0.0174651 0.98016 116.568
0.980987 0.0203706 0.19299 63.4784 -0.0167849 0.999655 -0.0201967 -2.79217 -0.193335 0.0165735 0.980992 117.377
0.981496 0.0191358 0.190512 63.6508 -0.0160433 0.999713 -0.0177625 -2.80776 -0.190797 0.0143774 0.981523 118.205
0.98193 0.0157703 0.188576 63.8183 -0.0130323 0.999791 -0.0157505 -2.8258 -0.188785 0.0130083 0.981931 119.017
0.982143 0.0108186 0.187813 63.9846 -0.00822128 0.99986 -0.0146027 -2.84493 -0.187945 0.012798 0.982095 119.832
0.982378 0.0114997 0.186541 64.1516 -0.00921472 0.999872 -0.013112 -2.86609 -0.186668 0.011162 0.982358 120.643
0.982241 0.0174656 0.186799 64.3025 -0.0149278 0.999776 -0.0149842 -2.88679 -0.187019 0.0119296 0.982283 121.5
0.981876 0.0233234 0.188072 64.4353 -0.0202071 0.999625 -0.0184705 -2.90363 -0.188432 0.0143354 0.98198 122.384
0.981414 0.0324998 0.189119 64.5816 -0.0291961 0.999369 -0.0202298 -2.92226 -0.189657 0.0143324 0.981744 123.233
0.980684 0.0385819 0.191746 64.7394 -0.0354445 0.999176 -0.0197672 -2.94447 -0.192351 0.0125891 0.981244 124.082
0.979629 0.0415984 0.196448 64.8656 -0.0387672 0.999082 -0.0182376 -2.9643 -0.197026 0.0102504 0.980343 124.992
0.979737 0.0419164 0.195841 65.0861 -0.0389196 0.999059 -0.0191276 -2.99609 -0.196458 0.011118 0.980448 125.783
0.979477 0.0402946 0.197475 65.2607 -0.036611 0.999081 -0.022271 -3.01258 -0.198191 0.0145843 0.980054 126.678
0.980009 0.0336937 0.196067 65.4883 -0.030251 0.999331 -0.0205286 -3.04935 -0.196628 0.0141871 0.980374 127.486
0.980193 0.0268414 0.196206 65.6729 -0.0229648 0.999494 -0.022007 -3.08004 -0.196697 0.0170654 0.980314 128.358
0.979861 0.0265231 0.197901 65.8442 -0.0225473 0.999497 -0.0223171 -3.10342 -0.198393 0.0174056 0.979967 129.262
0.979565 0.0289747 0.199021 66.0211 -0.0256209 0.999483 -0.0194072 -3.13246 -0.19948 0.0139115 0.979802 130.12
0.97937 0.0308889 0.199689 66.1944 -0.0287093 0.999492 -0.0138022 -3.15766 -0.200015 0.00778455 0.979761 130.971
0.979093 0.0346442 0.200429 66.361 -0.0333614 0.999395 -0.00977599 -3.18375 -0.200646 0.00288505 0.979658 131.815
0.978994 0.0334245 0.201122 66.5432 -0.0307777 0.999394 -0.0162737 -3.20934 -0.201544 0.00974182 0.97943 132.687
0.979207 0.0286835 0.200816 66.7206 -0.0230086 0.999269 -0.0305371 -3.24 -0.201545 0.0252817 0.979152 133.523
0.979508 0.0257232 0.199746 66.9087 -0.0181535 0.999049 -0.0396365 -3.26908 -0.200576 0.0351983 0.979044 134.372
0.979864 0.0225838 0.198376 67.0857 -0.0167676 0.99938 -0.0309509 -3.2965 -0.198952 0.0270014 0.979636 135.204
0.98027 0.0169181 0.19693 67.2667 -0.0151945 0.999832 -0.0102604 -3.32889 -0.19707 0.00706575 0.980363 136.085
0.980582 0.013912 0.195604 67.4411 -0.0151403 0.999874 0.00478526 -3.36044 -0.195513 -0.00765383 0.98067 136.944
0.980571 0.0181567 0.195311 67.5906 -0.0182684 0.999832 -0.0012302 -3.37477 -0.195301 -0.00236169 0.980739 137.792
0.980625 0.0262942 0.19411 67.7344 -0.0233649 0.999576 -0.0173655 -3.38738 -0.194484 0.0124937 0.980825 138.632
0.980622 0.0258679 0.194183 67.8737 -0.021255 0.999441 -0.0258019 -3.39767 -0.194742 0.0211746 0.980625 139.471
0.981127 0.0217209 0.192131 68.0367 -0.0169025 0.999501 -0.0266828 -3.42896 -0.192615 0.0229318 0.981005 140.294
0.98165 0.0212767 0.189491 68.1928 -0.0167718 0.999538 -0.0253456 -3.46341 -0.189943 0.0217024 0.981554 141.142
0.98225 0.0209189 0.186394 68.337 -0.0162052 0.99951 -0.0267769 -3.48818 -0.186863 0.0232811 0.982109 141.988
0.983418 0.0206639 0.18016 68.4982 -0.0157751 0.999468 -0.0285268 -3.51846 -0.180653 0.0252117 0.983222 142.781
0.983977 0.0253324 0.176477 68.6427 -0.0205082 0.999366 -0.0291067 -3.54735 -0.177102 0.0250212 0.983873 143.594
0.98422 0.0311623 0.174172 68.7764 -0.0263966 0.999213 -0.0296126 -3.57609 -0.174958 0.0245478 0.984269 144.423
0.98458 0.0320975 0.171951 68.9129 -0.0276878 0.999225 -0.0279833 -3.60705 -0.172716 0.0227909 0.984707 145.226
0.984947 0.0295245 0.170302 69.0556 -0.0258826 0.999387 -0.0235664 -3.63652 -0.170894 0.0188038 0.985109 146.049
0.985344 0.0279362 0.168264 69.1993 -0.0242878 0.999424 -0.0237024 -3.66699 -0.168829 0.0192683 0.985456 146.876
0.985855 0.0260644 0.165548 69.3368 -0.0219422 0.999403 -0.026681 -3.69929 -0.166145 0.0226711 0.98584 147.696
0.986854 0.0209801 0.160233 69.4753 -0.0162976 0.999402 -0.030482 -3.73185 -0.160777 0.02747 0.986607 148.501
0.988023 0.0178301 0.15326 69.6035 -0.0130707 0.999402 -0.0320066 -3.75648 -0.153739 0.0296201 0.987666 149.306
0.989164 0.0160122 0.145928 69.7328 -0.0122093 0.999563 -0.0269185 -3.78597 -0.146295 0.0248452 0.988928 150.119
0.99023 0.0135623 0.138771 69.8643 -0.0110613 0.999762 -0.0187777 -3.81255 -0.138992 0.0170593 0.990145 150.945
0.990845 0.0109425 0.134545 69.9792 -0.00972908 0.999905 -0.00967335 -3.83305 -0.134638 0.00827582 0.990859 151.77
0.991336 0.0177694 0.130126 70.0822 -0.0169636 0.999829 -0.00729912 -3.8529 -0.130233 0.00502851 0.991469 152.618
0.991899 0.0207167 0.125313 70.1764 -0.019384 0.999741 -0.0118455 -3.87652 -0.125526 0.00932046 0.992045 153.459
0.992689 0.0211585 0.118813 70.2512 -0.0187135 0.99959 -0.0216568 -3.90518 -0.119223 0.0192751 0.992679 154.265
0.993427 0.0178826 0.113045 70.3313 -0.0149357 0.999527 -0.026862 -3.93087 -0.113472 0.0249971 0.993226 155.096
0.994165 0.0168299 0.106534 70.4086 -0.0141395 0.999563 -0.0259598 -3.9562 -0.106924 0.0243021 0.993969 155.923
0.994885 0.0235574 0.0982095 70.4838 -0.0213992 0.999507 -0.022972 -3.98237 -0.0987023 0.020753 0.994899 156.752
0.995565 0.0288552 0.0895227 70.5553 -0.0267315 0.999334 -0.0248326 -4.01011 -0.0901796 0.0223294 0.995674 157.614
0.996511 0.0310791 0.0774325 70.6377 -0.0287862 0.999118 -0.0305548 -4.04201 -0.0783138 0.0282192 0.996528 158.429
0.997229 0.029315 0.0683407 70.7063 -0.0271238 0.999094 -0.0327742 -4.07654 -0.0692395 0.0308298 0.997122 159.295
0.997766 0.0292849 0.0600066 70.7518 -0.0275076 0.999164 -0.0302339 -4.10533 -0.0608418 0.0285158 0.997739 160.136
0.998043 0.0325648 0.053352 70.7629 -0.0313122 0.999217 -0.0241499 -4.12858 -0.0540967 0.0224321 0.998283 160.97
0.99828 0.0363988 0.0459135 70.7792 -0.0355494 0.999183 -0.0191853 -4.14959 -0.0465743 0.0175201 0.99876 161.829
0.998604 0.036061 0.0385579 70.8013 -0.0354473 0.999235 -0.0164835 -4.16964 -0.0391227 0.0150938 0.999119 162.67
0.998793 0.0371281 0.0321086 70.8271 -0.0366703 0.999218 -0.0147338 -4.1903 -0.0326305 0.0135387 0.999375 163.524
0.998976 0.0360233 0.0273039 70.8522 -0.0355776 0.999228 -0.0166411 -4.2168 -0.0278823 0.0156526 0.999488 164.364
0.998959 0.0399454 0.0219379 70.8697 -0.0394623 0.998978 -0.0220334 -4.24122 -0.0227955 0.0211448 0.999515 165.218
0.998807 0.0453205 0.0180698 70.8732 -0.0447969 0.998592 -0.0284063 -4.27386 -0.0193317 0.027563 0.999432 166.051
0.998841 0.0458601 0.0144849 70.886 -0.0454041 0.998506 -0.030386 -4.30222 -0.0158567 0.0296932 0.999432 166.905
0.998795 0.0477659 0.0110723 70.8916 -0.0474799 0.998564 -0.0248036 -4.32635 -0.0122411 0.0242481 0.99963 167.745
0.998723 0.0497821 0.00832146 70.8996 -0.0496567 0.998658 -0.0146604 -4.34832 -0.00904004 0.0142285 0.999857 168.603
0.998689 0.0509342 0.00458844 70.9018 -0.0508989 0.998675 -0.0075236 -4.37208 -0.00496549 0.00728022 0.99996 169.439
0.998878 0.0473144 -3.87416e-05 70.8905 -0.047312 0.998819 -0.0110518 -4.39254 -0.000484125 0.0110413 0.999938 170.283
0.999381 0.0346454 -0.00582362 70.8995 -0.0347595 0.999179 -0.0207629 -4.41945 0.0050996 0.0209525 0.999766 171.095
0.999386 0.032477 -0.0129556 70.8877 -0.032798 0.999139 -0.025376 -4.43908 0.0121204 0.0257854 0.999593 171.926
0.999141 0.0362803 -0.0199154 70.8617 -0.0367545 0.999036 -0.0239814 -4.4684 0.0190263 0.0246928 0.999513 172.754
0.99904 0.0345915 -0.0267865 70.8165 -0.0350836 0.99922 -0.0181237 -4.4908 0.0261388 0.0190461 0.999476 173.613
0.998975 0.0291416 -0.0345738 70.8012 -0.0296693 0.999449 -0.0148481 -4.51114 0.0341221 0.0158587 0.999291 174.436
0.998977 0.020673 -0.0401602 70.7777 -0.0211281 0.999716 -0.0109413 -4.53068 0.0399228 0.0117786 0.999132 175.266
0.998808 0.0163456 -0.045951 70.7196 -0.0168873 0.999792 -0.0114239 -4.54677 0.0457548 0.0121863 0.998877 176.156
0.998578 0.0128608 -0.0516965 70.6587 -0.0138416 0.99973 -0.018659 -4.56968 0.0514427 0.019348 0.998487 177.028
0.99823 0.00314148 -0.0593594 70.6191 -0.00486539 0.999569 -0.0289194 -4.59533 0.0592432 0.0291571 0.997817 177.866
0.997677 -0.00848993 -0.0675521 70.6157 0.00627693 0.999438 -0.032905 -4.62235 0.0677937 0.0324046 0.997172 178.675
0.997273 -0.00528421 -0.0735795 70.5206 0.00339353 0.999661 -0.025797 -4.6463 0.073691 0.025477 0.996955 179.583
0.996865 0.004751 -0.078947 70.4247 -0.0057876 0.999899 -0.0129065 -4.66755 0.0788779 0.013323 0.996794 180.472
0.996472 0.0105032 -0.0832414 70.3375 -0.0110188 0.999922 -0.00573666 -4.69258 0.0831749 0.00663366 0.996512 181.322
0.996182 0.00989985 -0.0867171 70.2558 -0.0106827 0.999906 -0.00856749 -4.71764 0.0866243 0.00946118 0.996195 182.17
0.996012 0.0110829 -0.0885039 70.1621 -0.0128245 0.999734 -0.0191339 -4.74282 0.0882685 0.0201927 0.995891 183.032
0.99554 0.02115 -0.0919101 70.0661 -0.0238308 0.999319 -0.0281682 -4.76841 0.091252 0.0302329 0.995368 183.899
0.995415 0.0189263 -0.0937376 69.9719 -0.0219976 0.99925 -0.0318408 -4.79688 0.093065 0.0337569 0.995087 184.759
0.995338 0.0137182 -0.0954455 69.8945 -0.0164093 0.999487 -0.0274676 -4.82599 0.09502 0.0289058 0.995055 185.595
0.995223 0.0137925 -0.0966261 69.8286 -0.0156773 0.9997 -0.0187734 -4.85328 0.0963384 0.0201986 0.995143 186.466
0.995113 0.0152823 -0.0975343 69.7566 -0.0166746 0.99977 -0.0134755 -4.87849 0.0973061 0.015036 0.99514 187.326
0.99492 0.0151316 -0.099501 69.6665 -0.0166566 0.999755 -0.0145128 -4.90298 0.0992574 0.0160964 0.994931 188.202
0.994738 0.0115858 -0.101772 69.5793 -0.0140451 0.999625 -0.0234819 -4.93568 0.101462 0.0247878 0.99453 189.063
0.994613 0.000526149 -0.10364 69.4922 -0.00412079 0.999397 -0.0344728 -4.97567 0.103559 0.0347142 0.994016 189.929
0.994276 -0.00998693 -0.106351 69.4232 0.00595075 0.999252 -0.0382014 -5.0163 0.106653 0.0373499 0.993593 190.795
0.99417 -0.00752701 -0.107539 69.303 0.0039279 0.999426 -0.0336406 -5.0521 0.107731 0.0330221 0.99363 191.716
0.994003 -0.00144413 -0.10932 69.2106 -0.00112076 0.999725 -0.0233971 -5.08555 0.109324 0.0233793 0.99373 192.569
0.993751 -0.000671899 -0.111594 69.1231 -0.00158587 0.999795 -0.0201419 -5.11921 0.111585 0.020193 0.993549 193.423
0.993588 -0.0021661 -0.113019 69.0369 -0.000500373 0.999722 -0.0235595 -5.15413 0.113038 0.023465 0.993312 194.273
0.993489 -0.00177668 -0.113892 68.9501 -0.00152636 0.99958 -0.0289078 -5.19352 0.113896 0.0288935 0.993071 195.121
0.993469 0.00469498 -0.113986 68.8276 -0.00806521 0.999543 -0.0291239 -5.22594 0.113797 0.029853 0.993054 195.986
0.993364 0.00745065 -0.114751 68.7233 -0.0105517 0.999594 -0.0264407 -5.25906 0.114507 0.0274761 0.993041 196.833
0.993181 0.0115603 -0.115989 68.6191 -0.0143646 0.999623 -0.0233704 -5.29217 0.115676 0.0248772 0.992975 197.682
0.9931 0.0151677 -0.116264 68.5135 -0.017701 0.999627 -0.0207876 -5.32249 0.115906 0.0227022 0.993 198.524
0.992945 0.0178447 -0.117204 68.4098 -0.0204695 0.999565 -0.021229 -5.35153 0.116775 0.0234784 0.99288 199.36
0.99293 0.0157005 -0.11764 68.3104 -0.0187277 0.99952 -0.0246717 -5.38893 0.117196 0.0267005 0.992749 200.17
0.992768 0.0176115 -0.118728 68.2053 -0.0213217 0.99932 -0.030052 -5.41794 0.118118 0.0323662 0.992471 200.995
0.992556 0.0196355 -0.120172 68.1012 -0.0233732 0.999283 -0.0297728 -5.44729 0.119501 0.03236 0.992306 201.8
