1 0 0 0 0 1 0 0 0 0 1 0
1 -0.000543031 -1.66019e-05 -0.0308734 0.000543081 0.999995 0.00314703 -0.0394578 1.48929e-05 -0.00314703 0.999995 1.6077
0.999999 -0.000836716 -0.00144762 -0.0370168 0.000842443 0.999992 0.00396027 -0.0568205 0.0014443 -0.00396148 0.999991 3.19547
0.999995 0.000227869 -0.00303473 -0.0398645 -0.000216037 0.999992 0.00389881 -0.0731087 0.0030356 -0.00389813 0.999988 4.77061
0.999989 0.000333764 -0.00458127 -0.0467411 -0.000316407 0.999993 0.00378905 -0.0882505 0.0045825 -0.00378756 0.999982 6.34997
0.999982 0.000540712 -0.00604609 -0.0592266 -0.000517199 0.999992 0.00388987 -0.0968551 0.00604815 -0.00388667 0.999974 7.92142
0.99997 -0.000630506 -0.00768865 -0.0760997 0.000661058 0.999992 0.0039718 -0.107768 0.00768608 -0.00397676 0.999963 9.45159
0.999962 -0.00237032 -0.00840325 -0.10469 0.0023963 0.999992 0.00308317 -0.121805 0.00839587 -0.00310319 0.99996 10.9895
0.999964 -0.00382514 -0.00753256 -0.164829 0.00384947 0.999987 0.00321825 -0.134229 0.00752016 -0.00324713 0.999966 12.5275
0.999971 -0.00389169 -0.00654972 -0.214833 0.00391235 0.999987 0.00314346 -0.150125 0.00653741 -0.00316899 0.999974 14.0339
0.999975 -0.00322487 -0.00631365 -0.252045 0.00324433 0.99999 0.00307457 -0.164623 0.00630368 -0.00309498 0.999975 15.5634
0.999979 -0.00207616 -0.00614086 -0.28723 0.00209914 0.999991 0.00373841 -0.178979 0.00613304 -0.00375122 0.999974 17.1339
0.999983 -0.00075752 -0.00585887 -0.319905 0.000784065 0.999989 0.0045296 -0.191614 0.00585538 -0.00453412 0.999973 18.7013
0.999981 -3.86681e-05 -0.00613225 -0.335985 7.12416e-05 0.999986 0.00531157 -0.199767 0.00613196 -0.0053119 0.999967 20.2396
0.999979 -4.4127e-05 -0.00644919 -0.347574 7.78373e-05 0.999986 0.00522678 -0.210067 0.00644887 -0.00522718 0.999965 21.7712
0.999977 0.000762316 -0.00680593 -0.35985 -0.000725835 0.999985 0.00536083 -0.218841 0.00680992 -0.00535577 0.999962 23.2951
0.999976 0.00135731 -0.00683887 -0.371874 -0.00131837 0.999983 0.00569549 -0.225575 0.00684648 -0.00568634 0.99996 24.8044
0.999981 0.00192819 -0.0058812 -0.396563 -0.00188626 0.999973 0.00712641 -0.243537 0.00589478 -0.00711518 0.999957 26.272
0.999983 0.00205343 -0.00550899 -0.415126 -0.00202196 0.999982 0.00571109 -0.253016 0.00552062 -0.00569985 0.999968 27.766
0.999985 0.00268701 -0.0047925 -0.437916 -0.0026713 0.999991 0.00328164 -0.25449 0.00480127 -0.00326878 0.999983 29.2777
0.999989 0.0010317 -0.00462145 -0.450688 -0.00101682 0.999994 0.00322016 -0.273581 0.00462475 -0.00321543 0.999984 30.7331
0.999988 5.73747e-05 -0.00487734 -0.455726 -2.74785e-05 0.999981 0.00612929 -0.292676 0.0048776 -0.00612909 0.999969 32.193
0.999986 -0.00141602 -0.00517808 -0.461581 0.00145564 0.99997 0.0076556 -0.311835 0.00516708 -0.00766303 0.999957 33.6401
0.999983 -0.00197987 -0.00544154 -0.470858 0.00201777 0.999974 0.00696838 -0.327788 0.0054276 -0.00697924 0.999961 35.0588
0.999984 -0.00244268 -0.00510296 -0.479136 0.00247089 0.999982 0.00552892 -0.345212 0.00508936 -0.00554144 0.999972 36.495
0.999988 -0.0019997 -0.00446215 -0.49315 0.00202127 0.999986 0.00483422 -0.358215 0.00445242 -0.00484318 0.999978 37.9222
0.999993 -0.00104455 -0.00372335 -0.505452 0.00105881 0.999992 0.0038304 -0.370693 0.00371932 -0.00383432 0.999986 39.3339
0.999998 -0.000426491 -0.00213817 -0.521443 0.000436893 0.999988 0.00486629 -0.385901 0.00213607 -0.00486721 0.999986 40.7116
1 1.87731e-05 -0.000655497 -0.530814 -1.43622e-05 0.999977 0.00672699 -0.398972 0.000655612 -0.00672698 0.999977 42.0634
1 -0.000519744 0.000760388 -0.532566 0.000513857 0.99997 0.00772297 -0.41257 -0.000764375 -0.00772257 0.99997 43.3976
0.999997 -0.000434222 0.00264654 -0.525884 0.000412725 0.999967 0.00811804 -0.417275 -0.00264997 -0.00811692 0.999963 44.7747
0.999982 -0.00113801 0.00593732 -0.519152 0.00109386 0.999972 0.00743285 -0.429057 -0.00594561 -0.00742622 0.999955 46.0989
0.999954 -0.00198105 0.00937838 -0.50645 0.0019282 0.999982 0.00564158 -0.441166 -0.00938938 -0.00562324 0.99994 47.4207
0.999916 -0.00170306 0.01286 -0.498498 0.00165207 0.999991 0.00397473 -0.456284 -0.0128666 -0.00395315 0.999909 48.6896
0.999853 -0.00170388 0.0171082 -0.485083 0.00162708 0.999988 0.00450161 -0.470565 -0.0171157 -0.0044731 0.999843 49.9586
0.999753 -0.00140745 0.0222105 -0.455901 0.0013114 0.99999 0.00433845 -0.485127 -0.0222164 -0.00430825 0.999744 51.221
0.999594 0.000273071 0.0285183 -0.42337 -0.000365433 0.999995 0.00323357 -0.494659 -0.0285173 -0.00324268 0.999588 52.4798
0.999349 0.00187921 0.0360353 -0.38713 -0.00198892 0.999993 0.00300906 -0.50414 -0.0360294 -0.00307877 0.999346 53.7149
0.999028 0.00261105 0.0440208 -0.334644 -0.00278239 0.999989 0.00383137 -0.516593 -0.0440103 -0.00395013 0.999023 54.9309
0.998521 0.00444277 0.054185 -0.269704 -0.00469001 0.999979 0.00443666 -0.5283 -0.0541642 -0.00468423 0.998521 56.1463
0.997725 0.00650867 0.0670996 -0.194883 -0.00681696 0.999967 0.00436656 -0.540228 -0.0670689 -0.00481405 0.997737 57.3418
0.99658 0.00871213 0.0821803 -0.119842 -0.00914631 0.999946 0.00490837 -0.555716 -0.082133 -0.00564323 0.996605 58.4874
0.995136 0.0107024 0.0979279 -0.0058662 -0.0113453 0.999917 0.00601129 -0.561864 -0.0978554 -0.00709307 0.995175 59.6642
0.993228 0.0107625 0.115688 0.117273 -0.0116188 0.99991 0.00672997 -0.573144 -0.115605 -0.00802855 0.993263 60.7982
0.990825 0.0104366 0.134753 0.263014 -0.0113177 0.999919 0.00577422 -0.580421 -0.134682 -0.00724633 0.990862 61.938
0.987897 0.00957603 0.154821 0.426648 -0.010468 0.999933 0.00494721 -0.594764 -0.154763 -0.00650799 0.98793 63.0202
0.984433 0.00668333 0.175633 0.613452 -0.00766391 0.999958 0.00490549 -0.609093 -0.175592 -0.00617516 0.984443 64.0989
0.980278 0.00161605 0.197617 0.823266 -0.00306761 0.99997 0.00703945 -0.621947 -0.1976 -0.00750683 0.980254 65.1704
0.975327 -0.00392089 0.220732 1.06113 0.00208111 0.999961 0.00856684 -0.63374 -0.220757 -0.0078961 0.975297 66.2278
0.969644 -0.00845299 0.244377 1.32477 0.00664413 0.999944 0.0082253 -0.645974 -0.244433 -0.00635194 0.969645 67.2792
0.962853 -0.0137238 0.26968 1.61247 0.0124184 0.999901 0.00654617 -0.650934 -0.269743 -0.00295401 0.962928 68.3339
0.955168 -0.0172123 0.295564 1.92275 0.0156873 0.999849 0.00753018 -0.663156 -0.295649 -0.00255599 0.955293 69.3215
0.946278 -0.0197202 0.322752 2.26169 0.0174951 0.999799 0.00979387 -0.664312 -0.322881 -0.00362113 0.946433 70.3312
0.936369 -0.023814 0.35021 2.6155 0.0206402 0.999705 0.0127928 -0.672629 -0.350412 -0.00475038 0.936584 71.2697
0.925326 -0.0267746 0.378226 3.00338 0.0238068 0.999638 0.0125212 -0.678151 -0.378424 -0.00258183 0.925629 72.2022
0.913113 -0.0259428 0.406882 3.41796 0.0244515 0.999662 0.00886526 -0.683525 -0.406974 0.00185387 0.913438 73.1219
0.900046 -0.0271465 0.43495 3.85845 0.0283942 0.99959 0.00363097 -0.689654 -0.43487 0.00908201 0.900447 74.005
0.885781 -0.029312 0.463177 4.32028 0.0323736 0.999475 0.00134008 -0.699422 -0.462973 0.0138077 0.886265 74.8645
0.869934 -0.0297309 0.492272 4.81107 0.0316224 0.99949 0.00448186 -0.70309 -0.492154 0.0116679 0.87043 75.723
0.852288 -0.0287496 0.522283 5.33417 0.0276436 0.999569 0.00991201 -0.703919 -0.522343 0.00598991 0.852715 76.5615
0.832139 -0.0292568 0.553796 5.84235 0.0258433 0.999568 0.0139744 -0.720846 -0.553965 0.00268327 0.832535 77.3495
0.810614 -0.0232023 0.585122 6.40023 0.0219393 0.999716 0.00924831 -0.724781 -0.585171 0.00534036 0.810892 78.1425
0.788435 -0.0163055 0.614902 6.99921 0.0189753 0.999817 0.00218198 -0.72547 -0.614825 0.00994758 0.788601 78.9182
0.765696 -0.0140054 0.64305 7.61609 0.018159 0.999835 0.000153629 -0.728895 -0.642946 0.0115595 0.765824 79.6589
0.742104 -0.0164425 0.670084 8.25044 0.0190833 0.999812 0.00339901 -0.739834 -0.670013 0.010265 0.742278 80.3574
0.717828 -0.0170904 0.696011 8.90575 0.019773 0.999796 0.00415684 -0.754748 -0.695939 0.0107783 0.718019 81.003
0.692355 -0.0152385 0.721396 9.58449 0.020358 0.999791 0.00158074 -0.769266 -0.721269 0.0135918 0.692521 81.6433
0.666145 -0.0132087 0.745706 10.2996 0.0205931 0.999788 -0.000686777 -0.777734 -0.745538 0.0158139 0.666275 82.2716
0.639073 -0.0108597 0.76907 11.0217 0.0188193 0.999822 -0.00152016 -0.788517 -0.768916 0.0154448 0.639163 82.8677
0.610964 -0.00939561 0.791602 11.7752 0.0188001 0.99982 -0.00264306 -0.798924 -0.791435 0.016497 0.611031 83.4453
0.582163 -0.00306692 0.813067 12.547 0.0174797 0.999809 -0.00874428 -0.815325 -0.812884 0.0193027 0.582105 83.9948
0.552109 0.00559981 0.833754 13.3195 0.0167957 0.9997 -0.0178364 -0.839828 -0.833603 0.0238511 0.551849 84.5045
0.521061 0.01386 0.853407 14.1213 0.01589 0.999537 -0.0259352 -0.860474 -0.853371 0.0270745 0.5206 84.995
0.489208 0.0188904 0.871963 14.9405 0.0134438 0.999483 -0.0291955 -0.883936 -0.872063 0.0260052 0.488701 85.4554
0.456668 0.0188407 0.889438 15.7976 0.0112996 0.999572 -0.0269752 -0.907902 -0.889565 0.022369 0.456259 85.9008
0.423429 0.0180327 0.90575 16.6729 0.00648145 0.999716 -0.0229335 -0.930334 -0.905906 0.0155813 0.423192 86.3169
0.389204 0.0197625 0.92094 17.5438 0.00222784 0.999747 -0.0223951 -0.952517 -0.921148 0.010768 0.389061 86.6814
0.353975 0.0229944 0.934972 18.4325 -0.00510997 0.99973 -0.0226524 -0.977053 -0.93524 0.00324072 0.353997 87.0234
0.31905 0.0250274 0.947407 19.3776 -0.00980762 0.999685 -0.0231056 -1.00057 -0.947687 -0.00192 0.319194 87.3262
0.283748 0.0247851 0.958579 20.3222 -0.0125401 0.999676 -0.0221357 -1.02433 -0.958817 -0.00573967 0.283967 87.5901
0.248016 0.0246151 0.968443 21.2781 -0.0132475 0.99967 -0.0220162 -1.04846 -0.968665 -0.00736909 0.24826 87.8224
0.212462 0.0243383 0.976866 22.2456 -0.0124577 0.999676 -0.0221971 -1.0737 -0.97709 -0.00745342 0.212696 88.0227
0.177265 0.0231719 0.98389 23.2012 -0.0101357 0.999713 -0.0217184 -1.10185 -0.984111 -0.00612246 0.177449 88.1857
0.142672 0.0223054 0.989519 24.1689 -0.00171336 0.99975 -0.022289 -1.13309 -0.989768 0.00148462 0.142675 88.3132
0.109332 0.0257665 0.993671 25.1525 0.000946615 0.999661 -0.026026 -1.16551 -0.994005 0.0037861 0.10927 88.4083
0.0773274 0.0305804 0.996537 26.1614 0.00242438 0.999521 -0.0308601 -1.19886 -0.997003 0.00480232 0.0772162 88.4731
0.0483876 0.0342854 0.99824 27.1404 0.00948932 0.99935 -0.0347835 -1.24019 -0.998783 0.0111557 0.0480309 88.5122
0.0230518 0.0325775 0.999203 28.1234 0.0114229 0.999395 -0.0328473 -1.28056 -0.999669 0.012171 0.0226658 88.5285
0.00104694 0.0296308 0.99956 29.1503 0.0133339 0.999472 -0.0296421 -1.31673 -0.99991 0.0133591 0.000651347 88.5205
-0.0180623 0.0274055 0.999461 30.1712 0.0136184 0.999538 -0.0271615 -1.35089 -0.999744 0.0131205 -0.0184271 88.5045
-0.0342152 0.0303824 0.998953 31.1974 0.0154024 0.999435 -0.0298695 -1.39056 -0.999296 0.0143643 -0.0346637 88.46
-0.0487404 0.0345826 0.998213 32.2097 0.0184545 0.999261 -0.0337178 -1.43087 -0.998641 0.0167781 -0.0493426 88.4056
-0.060255 0.0398047 0.997389 33.2337 0.0228214 0.998998 -0.0384902 -1.47228 -0.997922 0.0204425 -0.061103 88.3314
-0.068818 0.0435233 0.996679 34.2691 0.0285267 0.998725 -0.041643 -1.51446 -0.997221 0.0255662 -0.0699718 88.2428
-0.0751391 0.0487987 0.995978 35.2689 0.0323675 0.998395 -0.0464752 -1.56889 -0.996647 0.0287452 -0.0765979 88.1696
-0.0786807 0.0535966 0.995458 36.2951 0.0344607 0.998103 -0.0510153 -1.62291 -0.996304 0.0302903 -0.0803784 88.0808
-0.0814117 0.0578678 0.994999 37.3208 0.0365334 0.997815 -0.0550424 -1.681 -0.99601 0.0318696 -0.0833479 87.989
-0.0840582 0.0609378 0.994596 38.3552 0.0366938 0.99764 -0.0580232 -1.7422 -0.995785 0.0316182 -0.0860958 87.8962
-0.0866902 0.0646441 0.994136 39.3734 0.0375686 0.997395 -0.06158 -1.80882 -0.995526 0.0320099 -0.0888928 87.8037
-0.0890436 0.0684216 0.993675 40.41 0.0388966 0.997115 -0.0651729 -1.87908 -0.995268 0.0328474 -0.091448 87.7108
-0.0916032 0.0700159 0.993331 41.4463 0.041262 0.996935 -0.0664649 -1.95049 -0.99494 0.0348984 -0.0942114 87.6152
-0.0939695 0.0691258 0.993172 42.4853 0.041346 0.996997 -0.06548 -2.02236 -0.994716 0.0349106 -0.0965453 87.5186
-0.0968504 0.0690837 0.992898 43.5455 0.0405151 0.997035 -0.0654195 -2.0927 -0.994474 0.0338915 -0.099362 87.427
-0.0994986 0.0707909 0.992516 44.6062 0.0402634 0.996935 -0.0670697 -2.16154 -0.994222 0.0332888 -0.102044 87.3306
-0.101154 0.0729851 0.99219 45.6729 0.0393466 0.996818 -0.0693142 -2.24059 -0.994092 0.0320279 -0.103704 87.2077
-0.103141 0.075256 0.991816 46.7391 0.0377802 0.99671 -0.0716985 -2.32223 -0.993948 0.0300759 -0.105645 87.0827
-0.104844 0.0787964 0.991362 47.8049 0.035581 0.996515 -0.075443 -2.40802 -0.993851 0.027364 -0.107282 86.9561
-0.10723 0.0826923 0.99079 48.8561 0.032432 0.996295 -0.0796419 -2.50046 -0.993705 0.0235933 -0.109514 86.8538
-0.109723 0.0852747 0.990298 49.9611 0.0296788 0.99615 -0.0824903 -2.5851 -0.993518 0.0203398 -0.111831 86.7245
-0.112402 0.0841274 0.990095 51.0555 0.0273967 0.996293 -0.0815438 -2.67101 -0.993284 0.0179597 -0.11429 86.5967
-0.11508 0.0802251 0.990111 52.1611 0.0239678 0.996667 -0.0779706 -2.75629 -0.993066 0.0147579 -0.116619 86.4638
-0.117598 0.0789607 0.989917 53.257 0.0240085 0.996768 -0.0766551 -2.84277 -0.99277 0.0147519 -0.119114 86.3379
-0.119366 0.0795722 0.989657 54.3532 0.022781 0.99674 -0.0773941 -2.92954 -0.992588 0.0133071 -0.12079 86.2038
-0.12032 0.0825195 0.9893 55.4555 0.0242615 0.996486 -0.0801682 -3.01814 -0.992438 0.014356 -0.121899 86.0633
-0.120493 0.0853977 0.989034 56.5575 0.0250246 0.996237 -0.082971 -3.10997 -0.992398 0.0147527 -0.122177 85.9225
-0.120488 0.0863525 0.988952 57.6594 0.0237401 0.996175 -0.0840909 -3.20314 -0.99243 0.0133459 -0.122077 85.7818
-0.120271 0.085198 0.989079 58.7752 0.0206713 0.996309 -0.0833073 -3.29937 -0.992525 0.0104261 -0.121588 85.6496
-0.120652 0.0847892 0.989067 59.885 0.0169044 0.996376 -0.0833537 -3.39741 -0.99255 0.00666281 -0.121648 85.5177
-0.120475 0.0860421 0.988981 61.0261 0.0131283 0.996287 -0.0850786 -3.49455 -0.992629 0.00273378 -0.121157 85.3718
-0.120933 0.0862128 0.98891 62.1355 0.00889882 0.996275 -0.0857667 -3.5956 -0.99262 -0.00157186 -0.121249 85.245
-0.121087 0.0857207 0.988934 63.2711 0.00559174 0.996307 -0.0856751 -3.69547 -0.992626 -0.00484425 -0.121119 85.1034
-0.12145 0.0807392 0.989308 64.3983 0.00578131 0.996726 -0.0806349 -3.79147 -0.99258 -0.00407357 -0.121519 84.9674
-0.122088 0.0725887 0.989861 65.5211 0.00853139 0.997361 -0.0720865 -3.88043 -0.992482 -0.000356007 -0.122385 84.8346
-0.122215 0.0674547 0.990209 66.6599 0.0136154 0.997707 -0.0662851 -3.96609 -0.99241 0.00538109 -0.122853 84.6912
-0.122082 0.0697786 0.990064 67.7761 0.0218496 0.997472 -0.0676066 -4.05162 -0.992279 0.0133789 -0.123298 84.5548
-0.120942 0.0753511 0.989796 68.9198 0.0276914 0.996982 -0.0725147 -4.13595 -0.992273 0.0186388 -0.122663 84.4012
-0.119929 0.0810024 0.989473 70.0642 0.0313025 0.996478 -0.077782 -4.22653 -0.992288 0.0216447 -0.122042 84.2499
-0.11912 0.0853609 0.989204 71.2077 0.0321289 0.996106 -0.0820876 -4.32355 -0.992359 0.0220037 -0.121399 84.104
-0.119225 0.0825948 0.989426 72.3633 0.029099 0.996396 -0.0796703 -4.41892 -0.99244 0.0192927 -0.121199 83.9678
-0.120222 0.0785569 0.989634 73.4942 0.0279317 0.996737 -0.0757275 -4.51416 -0.992353 0.018538 -0.122024 83.8615
-0.119573 0.0766606 0.989861 74.6887 0.0251935 0.996927 -0.0741646 -4.60274 -0.992505 0.0160701 -0.121136 83.6997
-0.119499 0.0773984 0.989813 75.8478 0.0230642 0.996903 -0.0751684 -4.69428 -0.992566 0.0138467 -0.120914 83.5652
-0.119401 0.0825497 0.989408 77.0163 0.0239734 0.996486 -0.0802472 -4.79039 -0.992556 0.0141379 -0.12096 83.4239
-0.11945 0.0851218 0.989184 78.1769 0.0231048 0.996286 -0.0829429 -4.88921 -0.992571 0.0129473 -0.120973 83.298
-0.118963 0.0841586 0.989326 79.3766 0.0228299 0.996369 -0.0820126 -4.98455 -0.992636 0.0128297 -0.120453 83.1414
-0.119457 0.0777641 0.989789 80.5377 0.0234611 0.99687 -0.075489 -5.08139 -0.992562 0.0142039 -0.120908 83.0264
-0.120298 0.0764209 0.989792 81.7262 0.022285 0.996988 -0.0742681 -5.17462 -0.992487 0.0131232 -0.121639 82.8895
-0.120431 0.0793434 0.989546 82.9145 0.0197708 0.996794 -0.0775185 -5.27215 -0.992524 0.0102286 -0.121613 82.7528
-0.120431 0.0823812 0.989298 84.1203 0.019272 0.996556 -0.0806396 -5.37057 -0.992534 0.00935424 -0.121604 82.6057
-0.12051 0.0819959 0.98932 85.3266 0.0183071 0.996596 -0.080369 -5.46882 -0.992543 0.00842636 -0.121601 82.4585
-0.120336 0.0788188 0.989599 86.5311 0.0178027 0.996853 -0.0772318 -5.56754 -0.992573 0.00832379 -0.121361 82.3154
-0.119511 0.0779115 0.989771 87.745 0.0184238 0.996918 -0.0762496 -5.66642 -0.992661 0.00912267 -0.120578 82.1692
-0.118273 0.0785341 0.989871 88.9749 0.0201336 0.996851 -0.0766824 -5.76499 -0.992777 0.0108602 -0.119482 82.0188
-0.11757 0.0789443 0.989922 90.1925 0.0225719 0.996789 -0.0768113 -5.86297 -0.992808 0.0133137 -0.118974 81.8763
-0.11696 0.0785996 0.990021 91.4054 0.0222299 0.99682 -0.0765132 -5.96284 -0.992887 0.0130591 -0.118335 81.7409
-0.116153 0.0793389 0.990057 92.631 0.0235513 0.996743 -0.0771118 -6.06391 -0.992952 0.0143604 -0.117643 81.6031
-0.115355 0.0776473 0.990285 93.8576 0.0238058 0.996869 -0.0753906 -6.16426 -0.993039 0.0148778 -0.116842 81.4645
-0.114369 0.0768493 0.990461 95.1064 0.0220663 0.996953 -0.0748051 -6.26317 -0.993193 0.0133005 -0.115716 81.324
-0.113359 0.0763133 0.990619 96.3287 0.0233638 0.996974 -0.0741294 -6.36301 -0.993279 0.0147414 -0.114799 81.1894
-0.111636 0.0771913 0.990747 97.5836 0.0216311 0.99693 -0.0752358 -6.46289 -0.993513 0.013032 -0.112963 81.0474
-0.110183 0.079524 0.990725 98.8192 0.0221491 0.996742 -0.0775438 -6.56634 -0.993664 0.0133997 -0.111585 80.9104
-0.109114 0.0782785 0.990942 100.074 0.0200043 0.996864 -0.0765437 -6.66972 -0.993827 0.0114711 -0.110338 80.7776
-0.110089 0.0772846 0.990912 101.333 0.0158904 0.996981 -0.0759926 -6.77009 -0.993794 0.00738002 -0.110985 80.6698
-0.110352 0.0782522 0.990807 102.589 0.013039 0.996923 -0.077283 -6.87313 -0.993807 0.00439077 -0.111033 80.5405
-0.110601 0.0775787 0.990832 103.846 0.0107428 0.996983 -0.0768612 -6.97657 -0.993806 0.00214343 -0.111101 80.4004
-0.111639 0.0751592 0.990902 105.107 0.00850965 0.99717 -0.074676 -7.07749 -0.993712 9.5506e-05 -0.111962 80.2611
-0.113651 0.0736785 0.990785 106.399 0.00645237 0.997279 -0.0734214 -7.18116 -0.993499 -0.0019515 -0.113817 80.1342
-0.114967 0.0732876 0.990662 107.694 0.00465133 0.997302 -0.0732391 -7.28042 -0.993358 -0.00381219 -0.114998 79.9913
-0.116877 0.0735385 0.99042 108.974 0.00477943 0.997284 -0.0734842 -7.38429 -0.993134 -0.00385494 -0.116911 79.8473
-0.119056 0.0723453 0.990248 110.27 0.00456352 0.99737 -0.072317 -7.48318 -0.992876 -0.00409073 -0.119073 79.6948
-0.121414 0.0675123 0.990303 111.517 0.00209427 0.997698 -0.0677598 -7.58591 -0.992599 -0.00615301 -0.121276 79.536
-0.124812 0.0675938 0.989875 112.788 0.00180651 0.997689 -0.0678997 -7.68339 -0.992178 -0.00668645 -0.124645 79.3685
-0.129382 0.0731215 0.988895 114.054 -0.00308007 0.997242 -0.0741417 -7.78733 -0.991589 -0.0126385 -0.1288 79.1995
-0.135838 0.0760986 0.987804 115.316 -0.00206919 0.997021 -0.0770932 -7.8941 -0.990728 -0.0125162 -0.135276 79.0241
-0.144952 0.0720331 0.986813 116.605 -0.000387252 0.997341 -0.0728585 -7.99734 -0.989438 -0.0109431 -0.144538 78.8359
-0.15481 0.0701196 0.985453 117.857 0.00171424 0.997494 -0.0707073 -8.0999 -0.987942 -0.0092569 -0.154542 78.6288
-0.167553 0.0711056 0.983295 119.069 0.00183809 0.997415 -0.0718136 -8.20205 -0.985861 -0.0102252 -0.167251 78.4307
-0.181488 0.0713854 0.980798 120.296 0.00389077 0.997405 -0.0718742 -8.30289 -0.983385 -0.00922827 -0.181295 78.2102
-0.196253 0.0692069 0.978108 121.523 0.00439361 0.997557 -0.0697016 -8.40601 -0.980543 -0.00938169 -0.196077 77.9771
-0.211155 0.0720037 0.974797 122.765 0.00887149 0.997382 -0.0717504 -8.50474 -0.977412 -0.00650256 -0.211241 77.6963
-0.225824 0.0752579 0.971256 123.959 0.0101273 0.997138 -0.0749087 -8.61145 -0.974115 -0.00708 -0.22594 77.4149
-0.240292 0.0788911 0.967489 125.138 0.010351 0.996842 -0.0787138 -8.72004 -0.970645 -0.00889977 -0.240349 77.1146
-0.255966 0.0768131 0.963629 126.35 0.00732788 0.996962 -0.0775238 -8.82665 -0.966658 -0.0127821 -0.255751 76.7974
-0.272043 0.07101 0.959661 127.561 0.00199401 0.997312 -0.0732308 -8.93374 -0.962283 -0.0180084 -0.271453 76.4726
-0.287332 0.0668734 0.955494 128.757 -0.00165694 0.997522 -0.0703133 -9.03873 -0.957829 -0.0217865 -0.286509 76.1215
-0.302144 0.0680769 0.950828 129.939 -0.00324315 0.997366 -0.0724396 -9.14227 -0.953256 -0.0249709 -0.301127 75.7551
-0.316236 0.0699745 0.946096 131.118 -0.00311001 0.997193 -0.0747933 -9.24487 -0.948675 -0.0265947 -0.315131 75.3673
-0.330042 0.0722607 0.941196 132.29 -0.00113271 0.997033 -0.0769449 -9.34969 -0.943965 -0.0264612 -0.328981 74.9621
-0.343783 0.0723256 0.93626 133.458 0.00115043 0.99706 -0.0766001 -9.45145 -0.939048 -0.0252567 -0.342855 74.5312
-0.357905 0.0703823 0.931102 134.598 0.00104088 0.997183 -0.0749774 -9.55709 -0.933757 -0.0258656 -0.35697 74.1039
-0.371977 0.0691585 0.925662 135.745 0.00107648 0.997251 -0.0740746 -9.65967 -0.928241 -0.0265576 -0.371029 73.6417
-0.386274 0.070512 0.919685 136.889 -0.000173581 0.997067 -0.0765179 -9.76185 -0.922384 -0.0297165 -0.385129 73.1598
-0.400906 0.0727857 0.913223 138.002 0.000973008 0.996871 -0.0790255 -9.86458 -0.916118 -0.0307933 -0.399723 72.6779
-0.415396 0.0745048 0.906584 139.099 0.00226567 0.99672 -0.0808743 -9.97102 -0.909638 -0.0315408 -0.414202 72.1842
-0.429631 0.0771371 0.899704 140.203 0.00503333 0.996533 -0.0830354 -10.0797 -0.90299 -0.0311461 -0.42853 71.6577
-0.444066 0.0804754 0.892373 141.311 0.00494862 0.996162 -0.0873728 -10.1921 -0.89598 -0.0343833 -0.44276 71.1074
-0.458675 0.0827836 0.884739 142.419 0.0063895 0.995931 -0.0898753 -10.3055 -0.888581 -0.0355705 -0.457338 70.5312
-0.47365 0.0802917 0.877045 143.509 0.00510619 0.996068 -0.0884305 -10.4179 -0.880698 -0.0374068 -0.472198 69.946
-0.489265 0.0762172 0.868798 144.587 0.00254518 0.996293 -0.0859688 -10.5292 -0.872131 -0.0398503 -0.487646 69.3437
-0.504972 0.0764465 0.859744 145.671 0.00247943 0.996193 -0.0871232 -10.6421 -0.863132 -0.0418631 -0.50324 68.7131
-0.520509 0.0756662 0.850497 146.773 0.00132896 0.996135 -0.08781 -10.7543 -0.853855 -0.0445756 -0.518598 68.0523
-0.535698 0.0746282 0.841106 147.793 0.00117442 0.99615 -0.0876369 -10.8732 -0.844409 -0.0459591 -0.533723 67.3924
-0.550857 0.0741746 0.831297 148.844 0.000126604 0.996049 -0.0887913 -10.9919 -0.834599 -0.0488061 -0.54869 66.7007
-0.565785 0.0736663 0.821256 149.896 9.50076e-05 0.996006 -0.089276 -11.1099 -0.824553 -0.050433 -0.563532 65.9822
-0.58066 0.0712664 0.811021 150.941 -4.8243e-05 0.996157 -0.0875694 -11.2255 -0.814146 -0.0508872 -0.578425 65.2415
-0.595051 0.0683042 0.80078 151.966 0.000612486 0.996419 -0.0845366 -11.3393 -0.803687 -0.0498132 -0.592962 64.4823
-0.609551 0.0667537 0.789931 152.955 0.00150463 0.996543 -0.0830526 -11.4546 -0.792745 -0.0494363 -0.607544 63.7284
-0.623544 0.0654295 0.779046 153.968 0.0010235 0.996558 -0.0828785 -11.5654 -0.781788 -0.050881 -0.621464 62.9187
-0.637486 0.0668649 0.767555 154.973 0.000171597 0.996238 -0.086644 -11.6787 -0.770462 -0.0551026 -0.635099 62.0745
-0.652038 0.0664311 0.755271 155.96 -0.00195501 0.996002 -0.089293 -11.7914 -0.758184 -0.059699 -0.649302 61.2247
-0.667312 0.0638632 0.742035 156.919 -0.00318363 0.996062 -0.0885891 -11.9067 -0.744771 -0.061479 -0.664481 60.3692
-0.683157 0.0570917 0.728036 157.87 -0.0060776 0.996459 -0.0838442 -12.0225 -0.730246 -0.0617035 -0.680392 59.4862
-0.698945 0.0554377 0.713024 158.776 -0.005835 0.996515 -0.083199 -12.1418 -0.715152 -0.062312 -0.696185 58.585
-0.716285 0.0522265 0.695851 159.693 -0.00777728 0.996535 -0.0827998 -12.2595 -0.697765 -0.0647201 -0.713396 57.6643
-0.733584 0.0487224 0.67785 160.592 -0.0103059 0.996513 -0.0827806 -12.377 -0.67952 -0.0677124 -0.730524 56.7122
-0.750087 0.0470606 0.659663 161.467 -0.00957925 0.996586 -0.0819893 -12.4923 -0.66127 -0.0678182 -0.747076 55.7331
-0.765574 0.0495214 0.641439 162.292 -0.00680002 0.996353 -0.0850382 -12.6135 -0.643312 -0.0694649 -0.762446 54.744
-0.780514 0.0490845 0.623208 163.118 -0.00304881 0.996601 -0.0823117 -12.7318 -0.625131 -0.0661456 -0.777712 53.7075
-0.794865 0.0509359 0.604646 163.911 0.00161726 0.996643 -0.0818324 -12.8525 -0.606785 -0.0640678 -0.792279 52.6649
-0.808978 0.0521099 0.585525 164.68 0.00351649 0.996473 -0.0838248 -12.9735 -0.587828 -0.0657535 -0.806309 51.5927
-0.823084 0.0539191 0.565355 165.413 0.00497233 0.996127 -0.0877638 -13.0964 -0.567899 -0.0694259 -0.820165 50.555
-0.835959 0.0550243 0.546027 166.131 0.00866809 0.996159 -0.0871145 -13.2226 -0.548724 -0.0680911 -0.833225 49.4602
-0.847804 0.0536458 0.52759 166.822 0.0105916 0.996383 -0.0842934 -13.3461 -0.530204 -0.0658762 -0.845306 48.351
-0.858376 0.0557689 0.509981 167.487 0.0139062 0.996237 -0.0855372 -13.4701 -0.512833 -0.0663311 -0.855921 47.2305
-0.868124 0.0589718 0.492832 168.13 0.0172856 0.995905 -0.0887207 -13.5925 -0.496047 -0.0685017 -0.865589 46.1069
-0.877594 0.0568899 0.476018 168.759 0.0157787 0.995822 -0.0899233 -13.7173 -0.479145 -0.0714052 -0.874826 44.9817
-0.886233 0.0542687 0.46005 169.372 0.0147899 0.995921 -0.0889908 -13.8411 -0.463004 -0.0720625 -0.883422 43.8322
-0.893761 0.0521885 0.445497 169.966 0.0137929 0.995935 -0.0889992 -13.9649 -0.448331 -0.0733994 -0.890848 42.6726
-0.900702 0.0502605 0.43152 170.551 0.0132943 0.996007 -0.0882594 -14.0914 -0.434234 -0.0737587 -0.897775 41.4924
-0.907286 0.0474817 0.417826 171.118 0.0119219 0.996108 -0.0873102 -14.2165 -0.420346 -0.074234 -0.904321 40.3034
-0.913301 0.0427958 0.405031 171.668 0.00967958 0.996463 -0.0834607 -14.3364 -0.40717 -0.0723043 -0.910485 39.106
-0.918838 0.0394041 0.392663 172.224 0.00848045 0.996743 -0.0801801 -14.4517 -0.394544 -0.0703426 -0.91618 37.8835
-0.923375 0.0402404 0.381785 172.739 0.0117686 0.996989 -0.0766206 -14.5654 -0.383719 -0.0662565 -0.921069 36.674
-0.926859 0.0438425 0.37284 173.249 0.0156828 0.996811 -0.0782292 -14.682 -0.375082 -0.0666603 -0.924591 35.4513
-0.928414 0.0492776 0.368265 173.665 0.0215934 0.996645 -0.0789235 -14.8068 -0.370919 -0.0653217 -0.926364 34.2505
-0.929533 0.0528511 0.364933 174.126 0.0249772 0.996425 -0.0806866 -14.9277 -0.367893 -0.0658858 -0.92753 32.9813
-0.931404 0.0501054 0.360523 174.599 0.0228824 0.99658 -0.0793885 -15.0434 -0.363269 -0.0656932 -0.929365 31.7592
-0.93334 0.0425453 0.356463 175.079 0.016561 0.996997 -0.0756337 -15.1561 -0.358611 -0.0646886 -0.931243 30.5252
-0.935247 0.0365427 0.352105 175.554 0.0112234 0.997217 -0.0736838 -15.2662 -0.353818 -0.0649608 -0.933055 29.2888
-0.936951 0.0302854 0.348147 176.023 0.00453118 0.997205 -0.074553 -15.3776 -0.349432 -0.068275 -0.93447 28.0505
-0.938012 0.0283711 0.345439 176.477 0.00183001 0.997034 -0.076918 -15.4887 -0.346598 -0.071518 -0.935283 26.8112
-0.938733 0.0291481 0.343411 176.922 0.0020188 0.996864 -0.0790939 -15.6039 -0.34464 -0.0735549 -0.935848 25.6012
-0.939035 0.0298484 0.342523 177.383 0.00223655 0.996732 -0.0807266 -15.7217 -0.343814 -0.0750391 -0.936034 24.3623
-0.939003 0.0327264 0.342348 177.836 0.00477368 0.996605 -0.0821764 -15.8398 -0.343875 -0.0755297 -0.935972 23.1343
-0.938627 0.0343809 0.343218 178.285 0.00590141 0.996474 -0.0836802 -15.9587 -0.344885 -0.076519 -0.93552 21.9234
-0.938253 0.0355258 0.344123 178.742 0.00637521 0.996318 -0.0854741 -16.0811 -0.345893 -0.0780025 -0.935025 20.6968
-0.937559 0.0370067 0.345852 179.197 0.00783834 0.996318 -0.085359 -16.2005 -0.347738 -0.0773183 -0.934398 19.47
-0.936328 0.0374814 0.349122 179.652 0.00808008 0.996321 -0.0852941 -16.3218 -0.351035 -0.0770424 -0.933187 18.2224
-0.934902 0.036539 0.353021 180.113 0.0067411 0.996333 -0.0852723 -16.4438 -0.354843 -0.0773415 -0.931721 17.0042
-0.933375 0.0352376 0.357168 180.587 0.00587472 0.996534 -0.0829644 -16.5642 -0.358854 -0.0753388 -0.930348 15.7977
-0.931307 0.0332562 0.362715 181.07 0.00431642 0.996759 -0.0803071 -16.6808 -0.364211 -0.073225 -0.928433 14.5808
-0.928728 0.0311018 0.369456 181.553 0.00252137 0.996981 -0.0775905 -16.7942 -0.370755 -0.071129 -0.926002 13.3771
-0.925839 0.0337869 0.376406 182.055 0.00493621 0.99699 -0.0773503 -16.9063 -0.377887 -0.069756 -0.923219 12.1577
-0.922364 0.0343799 0.384788 182.555 0.00485579 0.996984 -0.0774387 -17.0199 -0.386291 -0.0695583 -0.91975 10.9571
-0.918187 0.0376782 0.394352 183.078 0.00652407 0.996768 -0.0800458 -17.1297 -0.396094 -0.0709243 -0.915466 9.74387
-0.913619 0.0395312 0.404645 183.605 0.00795274 0.996807 -0.0794258 -17.2384 -0.406494 -0.069347 -0.911017 8.5512
-0.908335 0.0416523 0.416164 184.147 0.00845439 0.996652 -0.0812986 -17.3499 -0.418158 -0.070328 -0.905647 7.36557
-0.902036 0.0442974 0.429381 184.715 0.00949141 0.996514 -0.0828668 -17.4613 -0.431556 -0.0706735 -0.899313 6.16543
-0.895675 0.0468786 0.442231 185.291 0.0108989 0.996442 -0.0835536 -17.5738 -0.444576 -0.070017 -0.893 4.99697
-0.888825 0.0468068 0.45585 185.892 0.010693 0.996616 -0.0814835 -17.6849 -0.458122 -0.0675502 -0.886318 3.81339
-0.881648 0.0499395 0.469259 186.503 0.012565 0.996515 -0.0824441 -17.8012 -0.471741 -0.0667905 -0.879203 2.64846
-0.874088 0.0527336 0.482898 187.133 0.0149908 0.996543 -0.0816905 -17.9164 -0.485537 -0.0641657 -0.871857 1.49317
-0.866189 0.0551559 0.496664 187.776 0.0177421 0.996656 -0.079739 -18.0335 -0.499402 -0.0602572 -0.864271 0.359106
-0.858068 0.0568342 0.510381 188.465 0.0200359 0.996804 -0.0773158 -18.1523 -0.513144 -0.0561163 -0.856465 -0.776318
-0.84943 0.0596826 0.524316 189.147 0.0232312 0.996848 -0.0758346 -18.2659 -0.52719 -0.0522357 -0.848139 -1.88136
-0.839774 0.0632887 0.539235 189.838 0.0271187 0.996831 -0.0747627 -18.3739 -0.542258 -0.0481605 -0.83883 -2.95775
-0.829265 0.064506 0.55512 190.521 0.0275962 0.996829 -0.0746091 -18.4918 -0.558173 -0.0465516 -0.828416 -3.99021
-0.817866 0.067344 0.571455 191.248 0.0306917 0.996818 -0.0735459 -18.6031 -0.57459 -0.0426118 -0.81733 -5.0329
-0.805762 0.0683334 0.588284 192.01 0.031691 0.996871 -0.0723873 -18.7143 -0.591391 -0.0396836 -0.805407 -6.08406
-0.792422 0.0703406 0.605904 192.794 0.0322762 0.996771 -0.0735054 -18.8229 -0.609119 -0.0386911 -0.792134 -7.14057
-0.779762 0.0731045 0.621793 193.571 0.0340676 0.996641 -0.074453 -18.9192 -0.625149 -0.0368726 -0.779633 -8.10663
-0.766759 0.0743208 0.637619 194.37 0.0355511 0.996666 -0.07342 -19.0179 -0.64095 -0.0336274 -0.766844 -9.05153
-0.752416 0.0762878 0.654255 195.175 0.037135 0.996602 -0.0735 -19.116 -0.65764 -0.0310068 -0.752693 -9.97422
-0.736623 0.0786555 0.671714 196.043 0.0375632 0.996437 -0.0754867 -19.2179 -0.67526 -0.0303735 -0.736953 -10.8873
-0.717255 0.081458 0.692034 196.869 0.0376497 0.996222 -0.0782417 -19.3271 -0.695793 -0.0300644 -0.717612 -11.8004
-0.69904 0.0823964 0.710319 197.737 0.0370901 0.996178 -0.0790547 -19.4366 -0.71412 -0.0289166 -0.699425 -12.6638
-0.679423 0.0824004 0.729105 198.622 0.0356426 0.996206 -0.0793734 -19.5458 -0.73288 -0.0279409 -0.679782 -13.5055
-0.659296 0.0821533 0.747382 199.528 0.033542 0.996235 -0.079919 -19.6543 -0.751135 -0.0276216 -0.65957 -14.3052
-0.638942 0.0821259 0.764858 200.45 0.0312115 0.996232 -0.0808963 -19.7708 -0.768621 -0.0278157 -0.639098 -15.0778
-0.618353 0.0823314 0.781576 201.412 0.0284206 0.996188 -0.0824534 -19.8726 -0.785386 -0.0287725 -0.618336 -15.8284
-0.596887 0.0826588 0.798056 202.385 0.0269035 0.99618 -0.0830578 -19.978 -0.801874 -0.0281056 -0.59683 -16.5585
-0.573252 0.0829964 0.815165 203.357 0.0265317 0.996214 -0.0827721 -20.0871 -0.818949 -0.0258216 -0.573284 -17.2628
-0.549541 0.0836608 0.831267 204.353 0.0258796 0.996199 -0.0831514 -20.1987 -0.835065 -0.0241823 -0.549617 -17.912
-0.522722 0.086829 0.848069 205.37 0.0275276 0.995998 -0.0850076 -20.3133 -0.852058 -0.02109 -0.523021 -18.5699
-0.495746 0.0873846 0.86406 206.399 0.0268838 0.995991 -0.0853029 -20.4274 -0.868051 -0.0190594 -0.496108 -19.1696
-0.467511 0.0863232 0.879762 207.466 0.0251583 0.996115 -0.0843707 -20.5457 -0.883628 -0.0173109 -0.467867 -19.7599
-0.438593 0.0842359 0.894729 208.54 0.02397 0.996338 -0.0820522 -20.6614 -0.898366 -0.0145408 -0.439006 -20.3113
-0.408123 0.085597 0.908905 209.615 0.0238261 0.996253 -0.0831245 -20.7729 -0.912615 -0.0122693 -0.408633 -20.8113
-0.377714 0.0854684 0.921969 210.719 0.0213965 0.996269 -0.0835905 -20.8914 -0.925674 -0.0118464 -0.378133 -21.2724
-0.34601 0.0867274 0.934214 211.832 0.0228961 0.996201 -0.0840019 -21.0092 -0.937951 -0.00767559 -0.346681 -21.6921
-0.314261 0.0869814 0.945343 212.969 0.0244155 0.996203 -0.0835447 -21.1231 -0.949022 -0.00317381 -0.315191 -22.0733
-0.280679 0.0865837 0.955888 214.136 0.0229107 0.996242 -0.0835117 -21.2327 -0.959527 -0.00153991 -0.281608 -22.4437
-0.246862 0.0855413 0.965267 215.277 0.0240133 0.996329 -0.0821527 -21.3432 -0.968752 0.00289887 -0.24801 -22.7435
-0.211947 0.0835268 0.973705 216.454 0.0231475 0.996489 -0.0804427 -21.4531 -0.977006 0.00548931 -0.213136 -23.0183
-0.176705 0.0823215 0.980815 217.63 0.0232876 0.996565 -0.079448 -21.5611 -0.983988 0.008802 -0.178015 -23.2491
-0.141381 0.0819117 0.98656 218.825 0.022967 0.996572 -0.0794517 -21.6658 -0.989688 0.0114254 -0.142777 -23.4374
-0.10598 0.0817268 0.991004 220.011 0.0227556 0.996553 -0.079751 -21.768 -0.994107 0.014099 -0.107473 -23.5747
-0.0701209 0.0818753 0.994173 221.202 0.0219231 0.99651 -0.0805216 -21.8703 -0.997297 0.0161491 -0.0716705 -23.6735
-0.0348263 0.0825382 0.995979 222.41 0.0193583 0.996451 -0.0819004 -21.9743 -0.999205 0.0164282 -0.0362998 -23.7311
0.000171632 0.082208 0.996615 223.613 0.0176322 0.996458 -0.0821982 -22.0779 -0.999844 0.0175867 -0.00127778 -23.7491
0.0342534 0.0817571 0.996063 224.817 0.0149746 0.996493 -0.0823073 -22.1828 -0.9993 0.017735 0.0329098 -23.7248
0.0678179 0.082371 0.994291 226.017 0.0127611 0.996431 -0.0834187 -22.2889 -0.997615 0.0183455 0.0665255 -23.6592
0.101466 0.0822462 0.991433 227.23 0.0129794 0.996381 -0.0839851 -22.3978 -0.994753 0.0213899 0.100033 -23.5629
0.133541 0.0801156 0.9878 228.407 0.0128287 0.996502 -0.0825558 -22.505 -0.990959 0.0236968 0.132047 -23.414
0.163789 0.0789811 0.983328 229.571 0.0133942 0.996518 -0.0822716 -22.6099 -0.986404 0.0266462 0.162162 -23.2167
0.194779 0.0784482 0.977705 230.797 0.013681 0.996481 -0.0826804 -22.7308 -0.980751 0.0294804 0.193021 -23.004
0.225416 0.0772453 0.971195 231.987 0.0153186 0.996446 -0.0828092 -22.8517 -0.974141 0.0335439 0.223432 -22.7512
0.255346 0.0756098 0.963889 233.14 0.0174756 0.996412 -0.0827906 -22.9655 -0.966691 0.0379848 0.253109 -22.4544
0.285429 0.0733953 0.955585 234.309 0.0193305 0.996418 -0.0823055 -23.0808 -0.958204 0.0419645 0.282989 -22.1238
0.315569 0.071611 0.946196 235.472 0.0207032 0.99639 -0.0823146 -23.1939 -0.948676 0.0455653 0.312948 -21.7588
0.344956 0.0706479 0.935956 236.614 0.022737 0.99624 -0.0835784 -23.3046 -0.938342 0.0501118 0.342054 -21.3553
0.373146 0.0695831 0.925159 237.724 0.0231786 0.996172 -0.0842728 -23.4133 -0.927482 0.05289 0.370106 -20.9139
0.400804 0.0678281 0.913649 238.841 0.022793 0.996207 -0.083956 -23.5244 -0.915879 0.0544748 0.397739 -20.4355
0.427807 0.0668742 0.901393 239.935 0.0219492 0.996195 -0.0843249 -23.6368 -0.903603 0.0558597 0.424713 -19.917
0.455627 0.0677834 0.887586 241.035 0.0223468 0.99591 -0.0875273 -23.7491 -0.889889 0.0597146 0.45225 -19.3621
0.483267 0.0684545 0.872792 242.118 0.023059 0.995596 -0.090854 -23.8664 -0.875168 0.0640326 0.479561 -18.7834
0.510335 0.0663571 0.857412 243.182 0.0238828 0.995539 -0.0912623 -23.984 -0.859643 0.0670518 0.506474 -18.1712
0.535871 0.0633987 0.841916 244.196 0.0240007 0.995628 -0.09025 -24.108 -0.843957 0.068569 0.532008 -17.523
0.560078 0.0609831 0.826192 245.212 0.0229633 0.995759 -0.0890662 -24.2302 -0.82812 0.0688562 0.556304 -16.8339
0.58217 0.0611651 0.810763 246.221 0.0205631 0.995738 -0.0898854 -24.3529 -0.812806 0.0690005 0.578432 -16.0938
0.602218 0.0607817 0.796015 247.22 0.0188735 0.995733 -0.0903103 -24.4753 -0.798108 0.0694102 0.598502 -15.3247
0.621074 0.0591621 0.781516 248.196 0.0176847 0.995833 -0.0894405 -24.5975 -0.783551 0.0693702 0.617441 -14.546
0.638871 0.056629 0.767227 249.159 0.0169671 0.996006 -0.0876437 -24.7169 -0.769126 0.0690106 0.635359 -13.7455
0.656062 0.0531075 0.752836 250.144 0.0178374 0.99615 -0.0858161 -24.8389 -0.754495 0.0697294 0.652589 -12.9107
0.672225 0.0503364 0.738633 251.084 0.0183369 0.996246 -0.0845806 -24.9547 -0.740118 0.0704016 0.66878 -12.0725
0.687694 0.0478362 0.724422 251.988 0.0195588 0.996242 -0.0843526 -25.0714 -0.725736 0.0721777 0.684176 -11.2356
0.702717 0.0470267 0.709913 252.893 0.0189154 0.996224 -0.0847164 -25.1885 -0.711217 0.07296 0.699175 -10.3616
0.717255 0.0455013 0.695323 253.77 0.0190682 0.996209 -0.0848606 -25.3032 -0.696549 0.0741253 0.713669 -9.46352
0.731915 0.0429407 0.680042 254.651 0.0183898 0.996402 -0.0827097 -25.4161 -0.681147 0.0730423 0.728493 -8.54854
0.745925 0.0403071 0.664809 255.512 0.0182866 0.99655 -0.0809383 -25.5267 -0.665778 0.072531 0.742615 -7.61524
0.760056 0.0384517 0.648719 256.382 0.0181094 0.996605 -0.0802896 -25.6391 -0.649604 0.0727726 0.756781 -6.63676
0.773335 0.0374011 0.632893 257.204 0.0187076 0.996476 -0.0817462 -25.7595 -0.63372 0.0750573 0.769911 -5.6576
0.785398 0.0361308 0.617936 258.01 0.0187177 0.99645 -0.0820529 -25.8794 -0.618707 0.0760106 0.781935 -4.64988
0.79661 0.0350568 0.603477 258.797 0.0178543 0.996515 -0.0814573 -25.9981 -0.604229 0.0756643 0.793209 -3.62502
0.806002 0.0326332 0.591013 259.499 0.0177807 0.996692 -0.0792818 -26.1116 -0.591644 0.07441 0.802756 -2.59012
0.814818 0.0300614 0.578937 260.195 0.0188238 0.996754 -0.0782501 -26.2249 -0.57941 0.0746575 0.811608 -1.53465
0.823552 0.0298516 0.566455 260.913 0.0181241 0.996718 -0.0788762 -26.3344 -0.56695 0.0752252 0.820309 -0.446702
0.831759 0.0273707 0.554461 261.622 0.0213447 0.996467 -0.0812098 -26.4421 -0.554725 0.0793819 0.828237 0.636996
0.839468 0.0257369 0.5428 262.317 0.0216742 0.996495 -0.0807693 -26.5491 -0.542976 0.079568 0.835969 1.73033
0.846531 0.0217326 0.531895 263.003 0.0246173 0.996498 -0.0798952 -26.6646 -0.531768 0.0807277 0.843032 2.81566
0.852596 0.0197862 0.522195 263.675 0.0258814 0.996456 -0.0800133 -26.7773 -0.521927 0.0817342 0.849064 3.93773
0.857564 0.0182794 0.514052 264.348 0.0263352 0.996496 -0.0793686 -26.8893 -0.513701 0.0816014 0.854079 5.07299
0.860962 0.0175799 0.508364 265.015 0.02559 0.996639 -0.0778041 -27.0017 -0.508023 0.0799955 0.857619 6.22639
0.863539 0.0165103 0.504012 265.682 0.0255586 0.996745 -0.0764416 -27.1154 -0.503633 0.0788922 0.860307 7.38703
0.86571 0.0162702 0.500281 266.338 0.0253882 0.996756 -0.0763499 -27.2262 -0.4999 0.0787982 0.86249 8.53607
0.867752 0.0155308 0.496754 266.992 0.0254366 0.996812 -0.0755988 -27.3404 -0.496344 0.0782368 0.864592 9.67704
0.86955 0.0136097 0.493657 267.642 0.0260984 0.996955 -0.0734561 -27.4543 -0.493153 0.0767575 0.866548 10.8233
0.871444 0.0119796 0.490348 268.297 0.0272892 0.996967 -0.0728551 -27.5635 -0.489733 0.0768704 0.868476 11.9855
0.873424 0.0115204 0.486824 268.948 0.027688 0.996926 -0.0732677 -27.6733 -0.486171 0.077473 0.870421 13.1504
0.875276 0.00980763 0.483524 269.597 0.0288572 0.996952 -0.0724594 -27.7829 -0.48276 0.0773751 0.872326 14.3272
0.877048 0.0109163 0.480279 270.243 0.0273489 0.996984 -0.0726031 -27.8913 -0.479623 0.0768116 0.874105 15.5132
0.878806 0.0114911 0.47704 270.885 0.0264115 0.997004 -0.0726716 -27.9997 -0.476446 0.0764636 0.875871 16.7016
0.880438 0.0120171 0.47401 271.523 0.025404 0.997046 -0.0724633 -28.1082 -0.47348 0.0758412 0.877532 17.8929
0.881389 0.0134401 0.4722 272.159 0.0236951 0.997077 -0.072608 -28.2169 -0.471795 0.0751847 0.878495 19.0856
0.882006 0.0162972 0.470957 272.806 0.0203677 0.997148 -0.0726506 -28.321 -0.470797 0.0736706 0.879159 20.331
0.882365 0.0165707 0.470274 273.435 0.0199631 0.99716 -0.0725928 -28.4374 -0.470141 0.0734415 0.879529 21.5096
0.882939 0.0188032 0.469111 274.08 0.0178942 0.997122 -0.0736471 -28.5484 -0.469146 0.0734203 0.880062 22.7255
0.883548 0.0196258 0.467929 274.718 0.017586 0.997025 -0.0750234 -28.6625 -0.468009 0.0745158 0.880575 23.9284
0.883871 0.0205998 0.467277 275.362 0.0171869 0.996923 -0.076459 -28.7718 -0.467414 0.0756109 0.880798 25.1538
