1 0 0 0 0 1 0 0 0 0 1 0
0.999999 -0.00145743 -0.000895262 0.0108759 0.00145592 0.999997 -0.00168944 -0.0327874 0.000897722 0.00168813 0.999998 0.949788
0.999989 -0.00439262 -0.00137623 0.0279618 0.00438916 0.999987 -0.00250522 -0.0320833 0.00138722 0.00249915 0.999996 1.9084
0.999979 -0.00625235 -0.00179553 0.0323692 0.00625497 0.999979 0.00145527 -0.0290991 0.0017864 -0.00146647 0.999997 2.8794
0.999953 -0.00858608 -0.00440775 0.0588162 0.00861882 0.999935 0.00746465 -0.0278946 0.00434337 -0.00750229 0.999962 3.84436
0.999907 -0.0121776 -0.00617842 0.0574541 0.0122237 0.999897 0.00748465 -0.0224344 0.00608664 -0.00755947 0.999953 4.8151
0.999863 -0.0148644 -0.00732487 0.0506216 0.0148978 0.999879 0.00452946 -0.0124115 0.00725665 -0.00463797 0.999963 5.79406
0.999839 -0.0155647 -0.00891082 0.0516397 0.0155755 0.999878 0.00114771 -0.0102866 0.00889187 -0.00128632 0.99996 6.74201
0.99983 -0.0152313 -0.0103984 0.0456877 0.015238 0.999884 0.000559821 -0.00588551 0.0103887 -0.000718177 0.999946 7.70229
0.99981 -0.0150492 -0.0124231 0.0422232 0.0150773 0.999884 0.00217174 0.000883202 0.0123889 -0.00235864 0.999921 8.65564
0.999789 -0.0147398 -0.0142705 0.0375386 0.0148079 0.99988 0.00467704 0.00872977 0.0141998 -0.00488737 0.999887 9.60968
0.999763 -0.0148964 -0.01585 0.0268063 0.0149943 0.999869 0.00607812 0.0141356 0.0157574 -0.00631435 0.999856 10.5671
0.999722 -0.0163205 -0.0169996 0.0190621 0.0164409 0.999841 0.00696468 0.0180837 0.0168832 -0.00724223 0.999831 11.5033
0.999698 -0.0164113 -0.0182704 0.00513284 0.0165422 0.999839 0.00703553 0.0225419 0.0181519 -0.00733564 0.999808 12.441
0.999674 -0.0167917 -0.0192067 -0.0107669 0.0169054 0.999841 0.00577176 0.0261314 0.0191068 -0.00609458 0.999799 13.3731
0.999631 -0.0172981 -0.0209358 -0.0290053 0.0173804 0.999842 0.00375407 0.0323431 0.0208676 -0.00411656 0.999774 14.3232
0.999566 -0.0185978 -0.0228416 -0.0443838 0.0186583 0.999823 0.00243654 0.0361502 0.0227922 -0.00286166 0.999736 15.2567
0.999518 -0.0183508 -0.0250317 -0.0619183 0.0183995 0.999829 0.00171652 0.0393555 0.0249959 -0.00217626 0.999685 16.1899
0.999489 -0.0170479 -0.0270447 -0.0851037 0.0170767 0.999854 0.00083473 0.0405009 0.0270266 -0.00129614 0.999634 17.1054
0.999452 -0.0156483 -0.029163 -0.109523 0.0156801 0.999877 0.000861736 0.040081 0.0291459 -0.00131854 0.999574 18.0111
0.999384 -0.0161706 -0.0311355 -0.134368 0.0162341 0.999867 0.00178828 0.0405776 0.0311025 -0.00229263 0.999514 18.9197
0.999342 -0.0156048 -0.0327387 -0.168284 0.0157209 0.999871 0.00329206 0.0404607 0.0326832 -0.00380457 0.999459 19.8367
0.999296 -0.0154497 -0.0341972 -0.20556 0.0156033 0.99987 0.00422755 0.0381728 0.0341274 -0.00475816 0.999406 20.7352
0.999231 -0.0164253 -0.0355935 -0.24465 0.0165911 0.999853 0.00436995 0.0369656 0.0355165 -0.00495713 0.999357 21.6292
0.999179 -0.0166267 -0.0369357 -0.286831 0.0167924 0.99985 0.00417969 0.0370183 0.0368607 -0.0047965 0.999309 22.5322
0.999178 -0.0162422 -0.0371301 -0.344027 0.0164251 0.999855 0.00462547 0.0393597 0.0370496 -0.00523153 0.9993 23.4006
0.999155 -0.0158448 -0.0379211 -0.387624 0.0161065 0.999849 0.00660655 0.0435282 0.0378107 -0.00721174 0.999259 24.2811
0.999111 -0.0168674 -0.0386303 -0.422995 0.017232 0.99981 0.00912519 0.0510521 0.038469 -0.00978275 0.999212 25.1558
0.99909 -0.01694 -0.0391414 -0.461052 0.0173613 0.999795 0.0104495 0.0589366 0.0389564 -0.0111195 0.999179 26.0157
0.999022 -0.0168289 -0.0408958 -0.483509 0.0172239 0.999808 0.00932626 0.065578 0.040731 -0.0100215 0.99912 26.8804
0.998965 -0.0154694 -0.0427681 -0.508266 0.0157815 0.999851 0.00696961 0.068629 0.042654 -0.00763735 0.999061 27.7179
0.998926 -0.0151686 -0.0437884 -0.54334 0.015414 0.999868 0.00527299 0.0750814 0.0437026 -0.00594228 0.999027 28.5424
0.998879 -0.0142837 -0.045126 -0.577588 0.0145193 0.999883 0.00489758 0.0811869 0.0450507 -0.00554729 0.998969 29.3705
0.998821 -0.0144753 -0.0463333 -0.617196 0.0146842 0.999884 0.00417182 0.0851415 0.0462675 -0.00484727 0.998917 30.1734
0.998739 -0.0140868 -0.0481766 -0.658818 0.0142601 0.999893 0.00325539 0.087185 0.0481256 -0.00393829 0.998834 30.9711
0.998673 -0.013577 -0.0496794 -0.707672 0.0137582 0.9999 0.00330614 0.0893101 0.0496295 -0.00398525 0.99876 31.7529
0.998566 -0.0132686 -0.0518615 -0.745906 0.0135135 0.999899 0.00437588 0.0966712 0.0517983 -0.00507044 0.998645 32.5491
0.998479 -0.0131851 -0.0535342 -0.798616 0.0135599 0.999886 0.0066449 0.0995598 0.0534405 -0.00736071 0.998544 33.3055
0.998399 -0.0120195 -0.0552776 -0.848212 0.0124855 0.99989 0.00809184 0.104929 0.0551742 -0.00876905 0.998438 34.0721
0.998322 -0.0104774 -0.0569503 -0.897791 0.0109743 0.999905 0.0084201 0.109983 0.0568567 -0.00903096 0.998342 34.8306
0.998245 -0.00773577 -0.0587088 -0.947531 0.0082002 0.999937 0.0076742 0.116491 0.0586457 -0.00814216 0.998246 35.5877
0.998165 -0.00569874 -0.0602783 -1.00184 0.00612275 0.999958 0.00685212 0.124303 0.0602367 -0.00720862 0.998158 36.3136
0.9981 -0.00505125 -0.061401 -1.05813 0.00554043 0.999954 0.00779961 0.133281 0.0613588 -0.00812499 0.998083 37.0332
0.998071 -0.00341609 -0.0619924 -1.11476 0.00400979 0.999947 0.00945547 0.143517 0.0619568 -0.00968581 0.998032 37.7528
0.998122 -0.000168299 -0.0612575 -1.17813 0.000759477 0.999954 0.00962783 0.152515 0.061253 -0.00965627 0.998076 38.4522
0.998198 0.00312778 -0.0599318 -1.22907 -0.00269707 0.99997 0.00726664 0.160274 0.0599527 -0.0070919 0.998176 39.1465
0.998285 0.00464663 -0.0583583 -1.26951 -0.00441041 0.999982 0.00417619 0.165255 0.0583766 -0.00391164 0.998287 39.83
0.998419 0.00497178 -0.0559803 -1.30961 -0.00485204 0.999986 0.00227499 0.171714 0.0559908 -0.00199978 0.998429 40.5071
0.998545 0.00604224 -0.0535841 -1.33278 -0.00589462 0.999979 0.00291287 0.181147 0.0536006 -0.00259278 0.998559 41.1907
0.998656 0.010855 -0.0506814 -1.36582 -0.0105929 0.999929 0.00543733 0.185903 0.0507369 -0.00489316 0.9987 41.8476
0.998797 0.0151658 -0.0466211 -1.40835 -0.0147672 0.999852 0.00888162 0.186469 0.0467489 -0.00818247 0.998873 42.4734
0.9989 0.0204544 -0.0421881 -1.44132 -0.0200654 0.999753 0.00962298 0.194187 0.0423745 -0.00876587 0.999063 43.1001
0.999039 0.0239921 -0.0366758 -1.4691 -0.0236417 0.999671 0.00995691 0.199954 0.0369027 -0.00908026 0.999277 43.7063
0.99916 0.0278283 -0.0300719 -1.50256 -0.0274774 0.99955 0.0120197 0.205663 0.0303929 -0.0111833 0.999475 44.2803
0.999198 0.0326585 -0.0231424 -1.52819 -0.0323602 0.99939 0.0131483 0.21268 0.0235577 -0.0123889 0.999646 44.8441
0.99923 0.03614 -0.0152821 -1.55399 -0.035949 0.999274 0.0125995 0.219957 0.0157264 -0.0120404 0.999804 45.3884
0.999199 0.0392229 -0.00784881 -1.56146 -0.0391213 0.999154 0.0127026 0.222982 0.00834043 -0.0123853 0.999888 45.9184
0.999049 0.0435851 -0.000365626 -1.56494 -0.0435774 0.998976 0.0122142 0.230106 0.000897633 -0.0121866 0.999925 46.4402
0.998833 0.0477609 0.00720918 -1.56583 -0.0478277 0.998812 0.00938279 0.236959 -0.00675245 -0.00971664 0.99993 46.9286
0.998667 0.0493797 0.0149928 -1.55567 -0.0494789 0.998755 0.00631809 0.243485 -0.0146621 -0.0070515 0.999867 47.4046
0.998504 0.049714 0.0227742 -1.54322 -0.0498666 0.998737 0.00618145 0.245338 -0.0224381 -0.00730788 0.999721 47.8395
0.998328 0.0489686 0.030718 -1.52683 -0.0492211 0.99876 0.00751553 0.247146 -0.0303118 -0.00901494 0.9995 48.2517
0.997977 0.0505919 0.0385019 -1.50711 -0.0509447 0.998668 0.0082362 0.251574 -0.0380339 -0.010181 0.999224 48.6491
0.99742 0.054011 0.0472718 -1.49317 -0.0544696 0.99848 0.00846771 0.255095 -0.0467426 -0.0110208 0.998846 49.0142
0.996707 0.0586296 0.0560062 -1.47766 -0.0591567 0.998218 0.00779796 0.257308 -0.0554492 -0.0110854 0.9984 49.3509
0.995943 0.0621382 0.0650904 -1.46166 -0.0627759 0.997997 0.00779552 0.263222 -0.0644756 -0.01185 0.997849 49.6863
0.995325 0.0614416 0.0745195 -1.43358 -0.0622375 0.998026 0.00840258 0.26277 -0.0738561 -0.0130012 0.997184 49.973
0.994539 0.0602577 0.0852092 -1.40233 -0.0610418 0.998113 0.00662355 0.261723 -0.0846493 -0.0117887 0.996341 50.2593
0.993532 0.058855 0.0971022 -1.36762 -0.0593473 0.998235 0.00218614 0.25931 -0.0968021 -0.00793475 0.995272 50.5452
0.992108 0.0596636 0.110281 -1.32821 -0.0598456 0.998206 -0.00166238 0.25596 -0.110183 -0.00495059 0.993899 50.8163
0.990182 0.0611615 0.125689 -1.28442 -0.061176 0.99812 -0.00374861 0.252215 -0.125682 -0.00397735 0.992063 51.0869
0.987898 0.0626351 0.141893 -1.23695 -0.0625805 0.998028 -0.00485206 0.248732 -0.141917 -0.00408637 0.98987 51.3551
0.985308 0.0629293 0.158772 -1.18435 -0.0628026 0.998009 -0.00582073 0.244509 -0.158822 -0.00423608 0.987298 51.6154
0.982288 0.062112 0.17678 -1.12573 -0.0618594 0.998061 -0.00694521 0.240134 -0.176869 -0.00411334 0.984226 51.8643
0.978655 0.06124 0.196173 -1.06034 -0.0610224 0.998111 -0.00715956 0.236483 -0.19624 -0.00496418 0.980543 52.115
0.974373 0.0614265 0.216389 -0.989102 -0.0610648 0.998099 -0.00836403 0.231379 -0.216492 -0.00506408 0.976272 52.35
0.96933 0.0634034 0.237443 -0.908433 -0.0626495 0.997978 -0.0107274 0.233767 -0.237643 -0.00447727 0.971342 52.6151
0.963377 0.0647216 0.260222 -0.823007 -0.0636022 0.997894 -0.0127295 0.229041 -0.260498 -0.00428739 0.965465 52.8586
0.956331 0.0659262 0.284753 -0.725756 -0.0645986 0.997812 -0.0140628 0.229766 -0.285057 -0.00494594 0.958498 53.1237
0.948056 0.0688759 0.310558 -0.621273 -0.0675164 0.997603 -0.0151391 0.230132 -0.310856 -0.00661498 0.950434 53.386
0.938555 0.0708894 0.337771 -0.499663 -0.0694598 0.997451 -0.0163333 0.226351 -0.338068 -0.00813184 0.941087 53.653
0.927735 0.0714316 0.366339 -0.37364 -0.0698421 0.997403 -0.0176097 0.217311 -0.366646 -0.00924871 0.930315 53.9058
0.915451 0.0694557 0.39639 -0.231991 -0.0671665 0.997548 -0.0196721 0.209452 -0.396784 -0.00861528 0.917872 54.1549
0.901078 0.0664434 0.428537 -0.0653318 -0.0629562 0.997767 -0.022324 0.199272 -0.429063 -0.00686339 0.903249 54.4035
0.884283 0.0656227 0.462316 0.110934 -0.0602581 0.997834 -0.0263789 0.188002 -0.463046 -0.00453187 0.886323 54.6458
0.865418 0.0672061 0.496523 0.297548 -0.0595128 0.997736 -0.0313188 0.176117 -0.497504 -0.00244559 0.867459 54.8843
0.844233 0.068887 0.531531 0.494606 -0.0589354 0.997624 -0.0356859 0.165189 -0.532726 -0.00119879 0.846287 55.1206
0.82037 0.0715242 0.567342 0.701688 -0.0598715 0.997437 -0.0391724 0.153116 -0.56869 -0.00183182 0.82255 55.3483
0.793572 0.0751494 0.603817 0.926542 -0.0625465 0.997162 -0.0419017 0.137201 -0.605253 -0.00451463 0.796021 55.5919
0.764331 0.0793063 0.639928 1.17936 -0.0660963 0.996816 -0.04459 0.119398 -0.641428 -0.00821538 0.76714 55.8403
0.731879 0.0804042 0.676675 1.44409 -0.0660173 0.99671 -0.0470286 0.100877 -0.67823 -0.010253 0.734779 56.076
0.695536 0.0778884 0.714256 1.68507 -0.0624997 0.996897 -0.0478484 0.0845137 -0.715768 -0.0113605 0.698246 56.2916
0.65644 0.076412 0.750498 1.98286 -0.0596744 0.996999 -0.049314 0.0658251 -0.752015 -0.0124139 0.65903 56.5302
0.614231 0.0757904 0.785478 2.31002 -0.0576628 0.997027 -0.0511114 0.0452344 -0.787017 -0.0138986 0.616775 56.7617
0.568152 0.0753725 0.819464 2.66147 -0.0541502 0.997063 -0.0541641 0.0269161 -0.82114 -0.0136008 0.570564 56.9854
0.519796 0.0745031 0.851035 3.06752 -0.0511432 0.997117 -0.0560545 0.0108609 -0.852759 -0.0143878 0.522107 57.2136
0.470998 0.0728912 0.879117 3.48122 -0.0496595 0.997191 -0.0560755 -0.00686393 -0.880736 -0.0172451 0.473294 57.4146
0.421255 0.0705984 0.90419 3.96289 -0.049465 0.99727 -0.0548207 -0.0354199 -0.905593 -0.0216323 0.423597 57.6229
0.371195 0.0701802 0.925899 4.43782 -0.0524592 0.997132 -0.0545485 -0.0598792 -0.927072 -0.0283239 0.373812 57.7995
0.32165 0.0707643 0.94421 4.94064 -0.0507801 0.997057 -0.0574265 -0.0772951 -0.945496 -0.0294759 0.324297 57.9634
0.275514 0.0674971 0.958925 5.40861 -0.0398386 0.997477 -0.0587645 -0.103009 -0.960471 -0.0220118 0.277507 58.0371
0.232543 0.0613514 0.970649 5.89257 -0.0264717 0.998038 -0.0567406 -0.132565 -0.972226 -0.0125001 0.23371 58.0816
0.191111 0.060126 0.979725 6.4113 -0.0173722 0.998173 -0.0578695 -0.159616 -0.981415 -0.00596045 0.191807 58.1308
0.152932 0.0618673 0.986298 6.97676 -0.0142328 0.998073 -0.060399 -0.178745 -0.988134 -0.00480087 0.153518 58.2012
0.121266 0.0624095 0.990656 7.49708 -0.00525785 0.998048 -0.0622316 -0.212485 -0.992606 0.00233788 0.121358 58.2082
0.0929074 0.0606505 0.993826 8.04706 0.00236331 0.998127 -0.061134 -0.245578 -0.995672 0.00802851 0.0925897 58.2158
0.0681343 0.0588948 0.995936 8.63527 0.00971988 0.998169 -0.0596919 -0.273686 -0.997629 0.0137474 0.0674368 58.2324
0.0484657 0.0579839 0.99714 9.22496 0.0142584 0.998172 -0.058737 -0.299795 -0.998723 0.0170643 0.04755 58.2388
0.0328311 0.0596313 0.99768 9.82254 0.0170567 0.99804 -0.0602142 -0.328812 -0.999316 0.0189941 0.0317494 58.2382
0.0207932 0.0590149 0.998041 10.4089 0.017959 0.998073 -0.0593911 -0.365954 -0.999623 0.0191588 0.019693 58.2065
0.00889577 0.0599776 0.99816 11.0596 0.0189654 0.99801 -0.0601376 -0.394982 -0.999781 0.0194655 0.00774026 58.2195
-0.000260347 0.0629553 0.998016 11.7029 0.023798 0.997734 -0.0629314 -0.425851 -0.999717 0.0237344 -0.00175828 58.2147
-0.00628962 0.0646752 0.997887 12.3333 0.0280836 0.997524 -0.0644747 -0.461464 -0.999586 0.0276187 -0.00809067 58.1898
-0.0104017 0.0638629 0.997905 12.9691 0.0285423 0.997571 -0.0635441 -0.496503 -0.999539 0.0278215 -0.0121996 58.1657
-0.0137872 0.0615267 0.99801 13.6516 0.0260303 0.997789 -0.0611536 -0.523295 -0.999566 0.0251353 -0.0153586 58.1586
-0.0162804 0.0549531 0.998356 14.3372 0.023944 0.998223 -0.0545555 -0.549481 -0.999581 0.0230165 -0.0175676 58.1485
-0.0178117 0.0495255 0.998614 15.0199 0.0250585 0.998481 -0.049072 -0.579754 -0.999527 0.0241497 -0.019026 58.1399
-0.018123 0.0470443 0.998728 15.7422 0.0278556 0.998528 -0.0465295 -0.60991 -0.999448 0.0269769 -0.0194071 58.1205
-0.0178637 0.0493667 0.998621 16.4556 0.0311276 0.998323 -0.0487953 -0.64256 -0.999356 0.030213 -0.0193707 58.1023
-0.0166935 0.0562943 0.998275 17.1894 0.0322975 0.997923 -0.0557345 -0.679028 -0.999339 0.0313114 -0.0184774 58.0804
-0.0143251 0.0638025 0.99786 17.9201 0.0331917 0.997442 -0.0632995 -0.716516 -0.999346 0.0322139 -0.0164064 58.0653
-0.0143293 0.0643826 0.997822 18.6333 0.0342117 0.997372 -0.0638624 -0.752666 -0.999312 0.0332221 -0.0164945 58.101
-0.0135895 0.0603257 0.998086 19.3947 0.0332555 0.997653 -0.0598468 -0.786658 -0.999355 0.0323786 -0.0155641 58.1155
-0.0134722 0.0542248 0.998438 20.1446 0.0326319 0.99802 -0.0537619 -0.824809 -0.999377 0.0318566 -0.0152153 58.1561
-0.0106537 0.0528833 0.998544 20.9316 0.0304358 0.998155 -0.052538 -0.860267 -0.99948 0.0298318 -0.0122439 58.1497
-0.00869748 0.0579539 0.998281 21.6555 0.0384967 0.997598 -0.0575789 -0.904047 -0.999221 0.0379297 -0.0109079 58.1555
-0.00589386 0.0634104 0.99797 22.395 0.040455 0.997185 -0.0631217 -0.943907 -0.999164 0.0400009 -0.00844285 58.1549
-0.0037131 0.0638165 0.997955 23.1559 0.0346202 0.997371 -0.0636505 -0.985954 -0.999394 0.034313 -0.00591299 58.1676
-0.000785197 0.0605125 0.998167 23.927 0.0303277 0.99771 -0.060461 -1.02438 -0.99954 0.0302247 -0.00261891 58.1858
0.003305 0.0572649 0.998353 24.6902 0.0348643 0.997745 -0.0573456 -1.06366 -0.999387 0.0349964 0.00130075 58.194
0.00816395 0.0578361 0.998293 25.4015 0.0394072 0.997532 -0.0581144 -1.11534 -0.99919 0.0398144 0.00586433 58.1405
0.011574 0.0623744 0.997986 26.1746 0.0393178 0.997252 -0.0627847 -1.15676 -0.99916 0.0399653 0.0090895 58.1422
0.014979 0.0632984 0.997882 26.9618 0.0358377 0.997319 -0.0638007 -1.19501 -0.999245 0.0367175 0.0126701 58.1733
0.0182617 0.0629772 0.997848 27.7489 0.0355328 0.997343 -0.0635957 -1.23511 -0.999202 0.0366176 0.0159751 58.2061
0.0224171 0.0598703 0.997954 28.4936 0.0397198 0.997364 -0.0607272 -1.27864 -0.998959 0.0409999 0.0199797 58.1996
0.0267194 0.0604517 0.997813 29.2491 0.0445018 0.997108 -0.0616007 -1.32268 -0.998652 0.0460504 0.0239516 58.19
0.0306701 0.0612582 0.99765 30.0507 0.0473718 0.996909 -0.0626691 -1.36685 -0.998406 0.0491826 0.0276731 58.2101
0.0335131 0.0614278 0.997548 30.834 0.0476656 0.996875 -0.0629878 -1.40624 -0.998301 0.0496597 0.0304801 58.2368
0.0369321 0.0603098 0.997496 31.6182 0.0490717 0.996863 -0.0620884 -1.44496 -0.998112 0.0512419 0.0338565 58.2662
0.0402514 0.0595182 0.997415 32.4041 0.0511754 0.996791 -0.0615462 -1.4872 -0.997878 0.0535204 0.0370761 58.3026
0.0425733 0.0600821 0.997285 33.2163 0.0494407 0.99684 -0.0621659 -1.53015 -0.997869 0.051953 0.0394681 58.361
0.0453713 0.061801 0.997056 33.9828 0.0468214 0.996856 -0.0639193 -1.57318 -0.997872 0.0495837 0.0423348 58.4047
0.0477557 0.0618793 0.99694 34.7492 0.0487439 0.996746 -0.0642023 -1.61647 -0.997669 0.0516608 0.0445837 58.4497
0.0508448 0.0616482 0.996802 35.4806 0.0465924 0.99686 -0.0640284 -1.65798 -0.997619 0.0496989 0.0478125 58.4689
0.0548851 0.0622303 0.996551 36.2648 0.0450444 0.996885 -0.064732 -1.69754 -0.997476 0.0484419 0.0519108 58.4849
0.0593642 0.0626641 0.996267 37.0489 0.0419821 0.996988 -0.0652111 -1.7379 -0.997353 0.0456966 0.0565544 58.5068
0.0638695 0.0648812 0.995847 37.834 0.0405682 0.99689 -0.0675512 -1.78186 -0.997133 0.0447142 0.0610385 58.5398
0.0668867 0.0683796 0.995414 38.6571 0.0395086 0.996685 -0.0711217 -1.83317 -0.996978 0.0440845 0.0639631 58.6162
0.0707196 0.0706723 0.994989 39.3997 0.0395686 0.996503 -0.0735922 -1.88206 -0.996711 0.0445748 0.0676756 58.6458
0.0729521 0.0727558 0.994678 40.205 0.0334381 0.996596 -0.0753487 -1.93793 -0.996774 0.038757 0.0702707 58.7293
0.0752997 0.0718712 0.994567 40.992 0.0297674 0.996792 -0.0742858 -1.99195 -0.996716 0.0351993 0.0729185 58.7979
0.0782882 0.0724607 0.994294 41.7584 0.0318702 0.996663 -0.0751428 -2.04702 -0.996421 0.0375711 0.0757174 58.8527
0.0821956 0.0735419 0.993899 42.5684 0.0313236 0.99659 -0.0763316 -2.10384 -0.996124 0.0374066 0.0796114 58.9245
0.0854575 0.0741213 0.993581 43.3866 0.0275361 0.996672 -0.0767204 -2.16283 -0.995961 0.0339157 0.0831318 59.0135
0.0887916 0.0721242 0.993435 44.1841 0.0265242 0.99685 -0.0747429 -2.21779 -0.995697 0.0329866 0.0865986 59.0953
0.0937637 0.0720028 0.992987 44.9789 0.0270796 0.996828 -0.0748384 -2.27717 -0.995226 0.0339068 0.0915162 59.1583
0.0992488 0.0752986 0.992209 45.7876 0.023842 0.996666 -0.0780218 -2.33911 -0.994777 0.0313998 0.0971224 59.2378
0.103899 0.083705 0.991059 46.6079 0.0220931 0.996012 -0.0864395 -2.40328 -0.994342 0.0308765 0.101635 59.3594
0.111123 0.0881911 0.989886 47.4036 0.0206911 0.995633 -0.091026 -2.46921 -0.993591 0.0305969 0.108812 59.4439
0.116874 0.0913184 0.988939 48.2401 0.0161246 0.995458 -0.0938261 -2.53553 -0.993016 0.0269121 0.114871 59.5832
0.122783 0.0899725 0.988346 49.0692 0.011951 0.995676 -0.0921245 -2.60532 -0.992361 0.023123 0.121177 59.7164
0.129865 0.0879992 0.987619 49.8917 0.0121964 0.995837 -0.0903353 -2.67772 -0.991456 0.0237768 0.128251 59.8354
0.136687 0.084551 0.986999 50.7135 0.0116286 0.996145 -0.086945 -2.74711 -0.990546 0.0233617 0.135177 59.9601
0.143704 0.0791332 0.986451 51.5363 0.00954902 0.99664 -0.0813417 -2.81236 -0.989574 0.0211088 0.142465 60.0871
0.150522 0.0719722 0.985983 52.3659 0.00717848 0.99724 -0.0738899 -2.8713 -0.98858 0.0181999 0.14959 60.2256
0.157836 0.0693855 0.985024 53.1986 0.00764172 0.997412 -0.0714827 -2.9325 -0.987435 0.0188098 0.156897 60.3695
0.165258 0.0711132 0.983683 53.9966 0.00718611 0.997284 -0.0733038 -2.99514 -0.986224 0.0191829 0.164298 60.493
0.171225 0.0772012 0.982202 54.825 0.007596 0.996792 -0.0796723 -3.0617 -0.985202 0.0211027 0.170089 60.6505
0.176527 0.080488 0.980999 55.6545 0.00587947 0.996547 -0.0828217 -3.12985 -0.984278 0.020388 0.175444 60.8152
0.181938 0.08333 0.979773 56.4537 0.00444227 0.996323 -0.0855626 -3.1978 -0.9833 0.0199195 0.180898 60.9651
0.188186 0.082786 0.978638 57.2392 0.00238859 0.996399 -0.084748 -3.26131 -0.98213 0.018286 0.187311 61.1076
0.194223 0.0798459 0.977702 58.0085 0.00642912 0.996557 -0.082663 -3.32181 -0.980936 0.0223408 0.193041 61.2403
0.199788 0.0733084 0.977093 58.7896 0.00736369 0.997057 -0.076312 -3.378 -0.979811 0.0224413 0.19866 61.3874
0.20329 0.0670875 0.976817 59.5759 0.00581745 0.997549 -0.0697222 -3.43701 -0.979101 0.0198564 0.202401 61.5609
0.207506 0.0637533 0.976154 60.352 0.00219457 0.997841 -0.0656364 -3.4929 -0.978231 0.0157622 0.206918 61.7304
0.21137 0.0639117 0.975314 61.082 0.000453273 0.997853 -0.0654871 -3.5438 -0.977406 0.0142841 0.210887 61.8804
0.215318 0.0661388 0.974302 61.8345 -0.00134544 0.997723 -0.0674316 -3.59118 -0.976543 0.0132083 0.214916 62.0285
0.216612 0.0704456 0.973713 62.5575 -0.0056404 0.997467 -0.0709096 -3.64366 -0.976241 0.0098677 0.21646 62.2039
0.218995 0.074559 0.972873 63.2557 -0.00683536 0.997169 -0.0748825 -3.69599 -0.975702 0.00974895 0.218884 62.3593
0.222417 0.0797974 0.97168 63.9596 -0.00736187 0.996754 -0.0801715 -3.74985 -0.974924 0.0106781 0.222282 62.5051
0.224193 0.0816494 0.971118 64.6496 -0.00647674 0.996587 -0.0822957 -3.80396 -0.974523 0.0121604 0.223956 62.6627
0.225465 0.0816982 0.970819 65.3499 -0.00908799 0.99661 -0.0817582 -3.85667 -0.974209 0.0096108 0.225443 62.8392
0.225888 0.0788642 0.970956 66.0008 -0.00903512 0.996844 -0.0788651 -3.91145 -0.974111 0.00904195 0.225887 62.987
0.226382 0.0763994 0.971038 66.6744 -0.00873807 0.997038 -0.0764081 -3.96379 -0.973999 0.00881239 0.226379 63.1519
0.226522 0.074898 0.971122 67.3216 -0.00716006 0.99714 -0.0752347 -4.01271 -0.97398 0.010089 0.22641 63.2924
0.225867 0.0739089 0.97135 67.9772 -0.00685597 0.997213 -0.0742828 -4.06101 -0.974134 0.0101185 0.225745 63.4382
0.225512 0.0747375 0.971369 68.6081 -0.00771358 0.997158 -0.0749311 -4.1088 -0.97421 0.00940512 0.225448 63.5633
0.223707 0.0777696 0.971549 69.2501 -0.00817252 0.996926 -0.0779194 -4.155 -0.974622 0.00949106 0.223654 63.7185
0.22185 0.0815056 0.971668 69.8546 -0.00619385 0.996598 -0.0821828 -4.20444 -0.975061 0.0122138 0.2216 63.8439
0.22044 0.0818169 0.971963 70.4711 -0.00370833 0.996538 -0.0830448 -4.25264 -0.975393 0.014702 0.21998 63.9805
0.218717 0.0804741 0.972464 71.0758 -0.00417694 0.996661 -0.0815373 -4.29858 -0.975779 0.0137716 0.218322 64.1125
0.216837 0.0776581 0.973114 71.6685 -0.00432516 0.996897 -0.0785925 -4.34374 -0.976198 0.0128329 0.2165 64.2369
0.214896 0.0737009 0.973852 72.2524 -0.00358857 0.997201 -0.0746763 -4.39185 -0.97663 0.0125529 0.214558 64.3621
0.213366 0.0722126 0.9743 72.8167 0.000550159 0.997255 -0.0740347 -4.44063 -0.976972 0.0163325 0.212741 64.4713
0.212022 0.0728485 0.974546 73.3774 0.00462642 0.997131 -0.0755436 -4.48878 -0.977254 0.0205255 0.211076 64.5782
0.209766 0.0738916 0.974955 73.9281 0.00947957 0.996939 -0.0775976 -4.53354 -0.977706 0.0255195 0.208423 64.6831
0.208479 0.0753208 0.975122 74.4775 0.00901021 0.996839 -0.0789248 -4.5781 -0.977985 0.0252402 0.207141 64.7865
0.207123 0.078076 0.975194 75.0289 0.0083469 0.996632 -0.0815654 -4.61931 -0.978279 0.0250339 0.205773 64.9013
0.205587 0.076534 0.975641 75.5805 0.0103541 0.996711 -0.0803688 -4.66019 -0.978584 0.0266246 0.204118 65.0147
0.205701 0.0745387 0.975772 76.1392 0.0168534 0.996677 -0.0796887 -4.70232 -0.97847 0.032837 0.203761 65.131
0.207622 0.0721673 0.975543 76.684 0.0223372 0.996665 -0.078484 -4.7405 -0.977954 0.0380859 0.205318 65.2248
0.209429 0.0710873 0.975236 77.2398 0.0257444 0.996607 -0.0781738 -4.77954 -0.977485 0.0414787 0.206888 65.3322
0.212988 0.0703285 0.97452 77.8096 0.0241328 0.996723 -0.0772054 -4.82084 -0.976757 0.0399617 0.210592 65.459
0.218209 0.0709376 0.97332 78.3901 0.0231074 0.996699 -0.0778221 -4.86293 -0.975628 0.0394724 0.215849 65.6013
0.224608 0.0698973 0.971939 78.9555 0.024095 0.99672 -0.0772478 -4.90445 -0.974151 0.0407694 0.222187 65.7249
0.231854 0.0698458 0.970239 79.5538 0.0225103 0.996766 -0.0771348 -4.94734 -0.97249 0.0397245 0.229532 65.8938
0.239973 0.0672243 0.968449 80.1306 0.0236927 0.996896 -0.07507 -4.98827 -0.970491 0.0409599 0.237635 66.0392
0.24871 0.0670209 0.966256 80.7229 0.0203446 0.997021 -0.0743916 -5.03205 -0.968364 0.03816 0.246606 66.2043
0.258274 0.0666551 0.963769 81.2975 0.0193833 0.997058 -0.0741519 -5.07297 -0.965877 0.0378325 0.256222 66.3469
0.267809 0.0703043 0.960903 81.9081 0.0142802 0.996934 -0.0769207 -5.11637 -0.963366 0.0343219 0.265984 66.5343
0.276783 0.0725902 0.958186 82.4925 0.0109782 0.996838 -0.0786898 -5.15587 -0.96087 0.0322992 0.275111 66.7031
0.286792 0.0752458 0.955033 83.1968 0.00755823 0.996701 -0.0807987 -5.20262 -0.957963 0.0303907 0.285277 67.0139
0.296917 0.0770682 0.951788 83.786 0.00645276 0.996552 -0.0827061 -5.2454 -0.954882 0.0306985 0.295395 67.1792
0.306561 0.0778553 0.948661 84.4274 0.00335189 0.996554 -0.0828692 -5.2944 -0.951845 0.0285842 0.305243 67.4058
0.316519 0.0783077 0.945348 85.0544 0.00253395 0.996513 -0.0833945 -5.34118 -0.948583 0.0287914 0.315217 67.6161
0.32662 0.0790782 0.941841 85.7145 -0.00130575 0.99653 -0.0832173 -5.38807 -0.945155 0.0259507 0.32559 67.8654
0.336547 0.0742134 0.938737 86.3942 -0.000380143 0.996899 -0.0786755 -5.43353 -0.941666 0.0261211 0.335532 68.1374
0.34811 0.0669991 0.935056 87.0281 0.00338239 0.997346 -0.0727217 -5.47582 -0.937448 0.0284778 0.346959 68.3084
0.358972 0.0622987 0.931267 87.7143 0.00562828 0.997607 -0.0689064 -5.52319 -0.933331 0.0299769 0.357762 68.5695
0.368946 0.0587067 0.927595 88.4383 0.00532325 0.997853 -0.0652708 -5.57145 -0.929435 0.0290192 0.367841 68.8925
0.378329 0.055772 0.923989 89.1299 0.0119502 0.997805 -0.0651207 -5.61201 -0.925594 0.0356789 0.376832 69.1598
0.386838 0.0503604 0.920771 89.8415 0.0187872 0.997869 -0.0624703 -5.64496 -0.921956 0.0414646 0.385067 69.4443
0.393443 0.0404273 0.918459 90.563 0.0291536 0.997981 -0.0564164 -5.68313 -0.918886 0.048973 0.39147 69.7379
0.400674 0.0357524 0.915523 91.3067 0.0352784 0.997895 -0.0544087 -5.7178 -0.915541 0.0540984 0.398569 70.049
0.407065 0.0350923 0.912724 92.0169 0.037892 0.997752 -0.055261 -5.76794 -0.912613 0.0570798 0.40482 70.3649
0.414148 0.0419108 0.909244 92.7877 0.039839 0.997147 -0.064109 -5.80112 -0.909337 0.062774 0.411296 70.7412
0.420333 0.0459487 0.906205 93.4918 0.0437395 0.996529 -0.0708168 -5.84573 -0.906315 0.0694036 0.416864 71.0753
0.424771 0.0485106 0.904 94.1969 0.0415802 0.996463 -0.0730103 -5.89378 -0.904345 0.0686011 0.421251 71.4172
0.428963 0.050346 0.901918 94.9006 0.0347779 0.996784 -0.0721825 -5.94179 -0.902652 0.0623304 0.425832 71.7641
0.432288 0.0541508 0.900108 95.6116 0.028203 0.996894 -0.0735186 -5.99842 -0.901294 0.057167 0.429418 72.141
0.435355 0.0573534 0.89843 96.3149 0.027254 0.996671 -0.0768316 -6.05952 -0.899846 0.0579348 0.432342 72.5129
0.438723 0.0615769 0.89651 97.0638 0.0237425 0.996506 -0.0800642 -6.13098 -0.898309 0.0564114 0.435728 72.9429
0.441883 0.064707 0.894736 97.7615 0.0205723 0.996401 -0.0822197 -6.19229 -0.896837 0.0547383 0.438961 73.3168
0.44583 0.0633661 0.892872 98.4222 0.019233 0.996582 -0.08033 -6.24913 -0.894911 0.0529862 0.443088 73.644
0.449988 0.0602274 0.891001 99.0851 0.0205469 0.99676 -0.0777534 -6.30295 -0.892798 0.0532954 0.447293 73.9752
0.453629 0.0577295 0.889318 99.7463 0.0203482 0.996968 -0.0750972 -6.35489 -0.890958 0.0521624 0.451079 74.309
0.457747 0.0568341 0.887264 100.406 0.0196177 0.997066 -0.0739887 -6.40607 -0.888866 0.0512741 0.455288 74.6462
0.461941 0.0585367 0.884977 101.054 0.0177915 0.997007 -0.075234 -6.45672 -0.886732 0.0504987 0.459517 74.9792
0.464638 0.0590233 0.883531 101.659 0.0187927 0.996893 -0.0764793 -6.50645 -0.885301 0.0521391 0.462085 75.2884
0.466864 0.0572207 0.882476 102.289 0.0210489 0.996902 -0.0757761 -6.55473 -0.884079 0.0539523 0.464213 75.6242
0.469108 0.0558206 0.881375 102.899 0.0234166 0.996863 -0.0755984 -6.60374 -0.88283 0.0561027 0.466329 75.9358
0.471519 0.0558473 0.880085 103.508 0.0222405 0.996922 -0.0751772 -6.65253 -0.881575 0.0550211 0.468825 76.2584
0.473907 0.0551465 0.878846 104.089 0.0240327 0.996855 -0.0755109 -6.69785 -0.880247 0.0569062 0.471091 76.5552
0.477209 0.056808 0.876951 104.669 0.0236594 0.996716 -0.077441 -6.74431 -0.878471 0.0577037 0.474298 76.855
0.480585 0.0566106 0.875119 105.24 0.0269971 0.996485 -0.0792878 -6.79079 -0.876532 0.0617302 0.477367 77.1505
0.484142 0.0556367 0.873219 105.815 0.0291806 0.996394 -0.0796637 -6.83975 -0.874503 0.0640496 0.480773 77.4673
0.487818 0.0537279 0.87129 106.37 0.032542 0.99629 -0.0796559 -6.88462 -0.872338 0.0672112 0.48426 77.7647
0.491882 0.0527 0.869065 106.908 0.0342488 0.996222 -0.0797954 -6.92728 -0.869988 0.0690144 0.488218 78.0425
0.495314 0.0521491 0.867147 107.454 0.0355764 0.996141 -0.0802282 -6.97486 -0.867985 0.0705882 0.491547 78.3695
0.499713 0.0511242 0.864681 107.962 0.0365061 0.996126 -0.0799936 -7.0155 -0.865421 0.07154 0.495911 78.6165
0.50356 0.0506197 0.862476 108.49 0.0380222 0.996016 -0.080657 -7.06259 -0.863123 0.0734089 0.499629 78.9202
0.507874 0.0519855 0.859861 109.008 0.037423 0.995903 -0.0823144 -7.11081 -0.860618 0.073984 0.503848 79.2253
0.512393 0.0521547 0.857166 109.523 0.0393517 0.995679 -0.0841063 -7.15945 -0.857849 0.0768265 0.508127 79.5324
0.517556 0.0554583 0.85385 110.02 0.0371433 0.9955 -0.0871731 -7.2083 -0.854842 0.0768318 0.513168 79.8239
0.523516 0.0612736 0.84981 110.516 0.0335284 0.995156 -0.0924084 -7.25978 -0.851356 0.07687 0.518925 80.1275
0.529784 0.06831 0.845377 111.009 0.0280457 0.994794 -0.0979596 -7.31331 -0.847669 0.0756066 0.52511 80.4443
0.536108 0.0745204 0.840853 111.493 0.0227142 0.994461 -0.102616 -7.36789 -0.843843 0.0741127 0.531446 80.7604
0.542699 0.0789534 0.836208 111.987 0.0188271 0.994178 -0.106088 -7.42652 -0.839716 0.0733171 0.538053 81.0914
0.548323 0.0793286 0.832495 112.486 0.0145014 0.994438 -0.104312 -7.48339 -0.83614 0.069269 0.544124 81.433
0.55393 0.0786268 0.828842 112.993 0.00801344 0.99498 -0.099743 -7.5411 -0.832524 0.0618925 0.550519 81.7977
0.559749 0.0765428 0.82512 113.497 0.00186498 0.995605 -0.0936235 -7.59521 -0.82866 0.0539445 0.557146 82.1587
0.565303 0.0749402 0.821472 114.008 -0.00413652 0.996109 -0.0880255 -7.64905 -0.824873 0.046363 0.563413 82.5507
0.571629 0.0728921 0.817268 114.508 -0.00628901 0.996405 -0.0844709 -7.69866 -0.820488 0.0431463 0.570033 82.8897
0.578128 0.0764296 0.812359 115.025 -0.0113085 0.996257 -0.0856838 -7.74907 -0.815868 0.0403496 0.576829 83.2675
0.584209 0.0803777 0.807613 115.551 -0.0153402 0.995999 -0.0880304 -7.80168 -0.811458 0.0390392 0.583105 83.6729
0.590799 0.0836344 0.802472 116.073 -0.0183923 0.99575 -0.0902375 -7.85626 -0.806609 0.0385529 0.589826 84.0454
0.597358 0.0856692 0.797386 116.613 -0.020547 0.995586 -0.091571 -7.90883 -0.801711 0.0383168 0.596482 84.457
0.603876 0.0864845 0.792373 117.158 -0.0233792 0.99559 -0.0908476 -7.96187 -0.796735 0.0363356 0.603235 84.8811
0.609697 0.0885904 0.787668 117.715 -0.0291479 0.995567 -0.0894114 -8.01711 -0.792098 0.031555 0.609577 85.3589
0.618586 0.086385 0.780953 118.275 -0.0297636 0.9958 -0.0865751 -8.07844 -0.785153 0.0303102 0.618559 85.7382
0.625841 0.0845615 0.775353 118.852 -0.0302147 0.995987 -0.0842362 -8.13327 -0.779365 0.0292914 0.625884 86.2235
0.633488 0.0844849 0.769126 119.429 -0.0303976 0.99597 -0.0843661 -8.18568 -0.773155 0.0300654 0.633504 86.705
0.641436 0.0867651 0.762254 120.009 -0.0346815 0.995847 -0.0841702 -8.23697 -0.766392 0.0275536 0.641781 87.2043
0.650162 0.0873234 0.754761 120.594 -0.0354151 0.995776 -0.0847014 -8.29104 -0.75897 0.0283398 0.650509 87.69
0.657136 0.0881915 0.748594 121.178 -0.0371443 0.995713 -0.0846985 -8.33975 -0.752856 0.0278524 0.657596 88.2105
0.662285 0.0874603 0.74413 121.766 -0.0370061 0.995769 -0.0841008 -8.38969 -0.748337 0.0281614 0.66272 88.7426
0.666013 0.0862234 0.740939 122.369 -0.0356371 0.99584 -0.0838533 -8.44148 -0.745088 0.0294426 0.666316 89.2959
0.670146 0.0835998 0.737506 122.978 -0.0321469 0.995973 -0.0836877 -8.50043 -0.741533 0.0323745 0.670135 89.835
0.673417 0.0797338 0.73495 123.605 -0.0265938 0.996135 -0.0837026 -8.55796 -0.738784 0.0368217 0.672935 90.4215
0.677389 0.0730056 0.731993 124.227 -0.0187255 0.996451 -0.0820532 -8.62393 -0.735386 0.0418751 0.676353 90.9783
0.681355 0.0669236 0.728887 124.857 -0.0130627 0.996764 -0.0793085 -8.689 -0.731836 0.0445161 0.680025 91.5537
0.684913 0.0612443 0.726046 125.491 -0.0075538 0.997004 -0.0769749 -8.75281 -0.728585 0.0472368 0.683324 92.1358
0.688712 0.0596953 0.722573 126.123 -0.00740889 0.997131 -0.0753166 -8.81521 -0.724997 0.046518 0.687179 92.7215
0.690962 0.0611307 0.720301 126.742 -0.00821051 0.997016 -0.0767393 -8.87803 -0.722844 0.04711 0.689403 93.3439
0.693915 0.0655658 0.717066 127.374 -0.0136036 0.996861 -0.0779852 -8.93998 -0.719929 0.0443604 0.692629 93.9861
0.696463 0.0693017 0.714238 128.017 -0.0200039 0.996813 -0.0772138 -9.00188 -0.717314 0.039489 0.69563 94.6555
0.69965 0.0662893 0.711403 128.65 -0.0202794 0.997127 -0.0729693 -9.06121 -0.714197 0.0366262 0.698985 95.2646
0.703449 0.0639057 0.707866 129.294 -0.0237166 0.997504 -0.0664858 -9.11825 -0.71035 0.0299812 0.70321 95.903
0.706928 0.058691 0.704845 129.935 -0.0231978 0.997938 -0.0598302 -9.17011 -0.706905 0.0259448 0.706833 96.544
0.71121 0.0546138 0.700854 130.577 -0.0210066 0.998183 -0.0564664 -9.22021 -0.702665 0.0254369 0.711065 97.2028
0.715834 0.0511277 0.696396 131.216 -0.0150631 0.998213 -0.0578032 -9.26852 -0.698108 0.0308876 0.715326 97.8331
0.720696 0.0476967 0.691608 131.85 -0.00492661 0.997957 -0.0636906 -9.32179 -0.693234 0.0424943 0.719459 98.4666
0.72566 0.0487689 0.686323 132.501 0.000841545 0.99742 -0.0717652 -9.37728 -0.688053 0.0526547 0.723747 99.1611
0.730959 0.0487698 0.680676 133.147 0.00391258 0.997126 -0.0756452 -9.4364 -0.68241 0.0579567 0.728668 99.8626
0.736554 0.0443319 0.674924 133.783 0.0064808 0.99734 -0.0725826 -9.49338 -0.676348 0.057835 0.734308 100.548
0.742106 0.0387413 0.669162 134.441 0.0112021 0.997471 -0.0701725 -9.55587 -0.670189 0.0595715 0.739795 101.308
0.747502 0.0348956 0.663342 135.057 0.016027 0.99738 -0.0705286 -9.61498 -0.664066 0.0633516 0.744985 101.915
0.75197 0.0364039 0.658191 135.699 0.0182255 0.996943 -0.0759626 -9.68506 -0.658945 0.0691175 0.749009 102.685
0.755668 0.0372784 0.653892 136.32 0.0177812 0.996842 -0.0773792 -9.74891 -0.654713 0.0701001 0.75262 103.385
0.758779 0.034364 0.65044 136.946 0.0202106 0.996883 -0.0762445 -9.8151 -0.651034 0.0709986 0.755721 104.108
0.761571 0.0284909 0.647455 137.574 0.0239931 0.997108 -0.0720996 -9.8772 -0.647638 0.0704434 0.758685 104.794
0.76332 0.0243733 0.64556 138.208 0.0269572 0.997215 -0.0695253 -9.93994 -0.645457 0.0704726 0.760538 105.519
0.764361 0.0197199 0.644486 138.839 0.0304709 0.99731 -0.0666544 -9.99935 -0.644068 0.0705861 0.761705 106.232
0.764804 0.0186873 0.643992 139.467 0.0307205 0.997384 -0.065426 -10.0599 -0.643531 0.0698218 0.762229 106.985
0.764978 0.0191213 0.643772 140.091 0.0294508 0.997474 -0.064623 -10.1191 -0.643382 0.0683948 0.762484 107.72
0.764927 0.0206838 0.643784 140.714 0.0284577 0.997422 -0.0658588 -10.1795 -0.643488 0.0686979 0.762367 108.454
0.764242 0.0246651 0.644457 141.332 0.0243406 0.997452 -0.0670404 -10.2397 -0.64447 0.0669216 0.761696 109.171
0.762837 0.0283053 0.645971 141.952 0.0209439 0.997435 -0.0684392 -10.3026 -0.646252 0.0657371 0.760288 109.888
0.761377 0.0313118 0.647553 142.58 0.0166298 0.99756 -0.0677894 -10.3655 -0.648097 0.062382 0.758999 110.632
0.759664 0.0328591 0.649485 143.209 0.0143901 0.997628 -0.0673043 -10.4262 -0.650157 0.0604748 0.75739 111.35
0.758234 0.0319973 0.651197 143.84 0.0139963 0.997765 -0.0653235 -10.4837 -0.651833 0.0586449 0.756092 112.048
0.756605 0.0309915 0.653137 144.479 0.0128597 0.997977 -0.0622515 -10.5394 -0.653746 0.0554989 0.754676 112.771
0.754617 0.026723 0.655621 145.112 0.0172611 0.998015 -0.0605468 -10.5949 -0.655939 0.0570064 0.752658 113.463
0.752871 0.0301199 0.657479 145.742 0.0172436 0.997706 -0.0654519 -10.6539 -0.657943 0.0606142 0.750625 114.133
0.750079 0.0398985 0.660143 146.366 0.0119648 0.997196 -0.0738649 -10.7166 -0.66124 0.063303 0.747499 114.841
0.747497 0.046145 0.662659 147.013 0.00963589 0.996725 -0.080278 -10.7784 -0.664195 0.066393 0.744606 115.57
0.743623 0.0450268 0.667081 147.601 0.00810302 0.997049 -0.0763323 -10.842 -0.66855 0.0621679 0.741064 116.252
0.741042 0.0433595 0.670056 148.285 0.00560543 0.997478 -0.0707468 -10.9059 -0.671435 0.0561824 0.738931 116.986
0.738021 0.0416721 0.67349 148.927 0.00385478 0.997814 -0.0659641 -10.968 -0.674767 0.0512791 0.736247 117.686
0.735113 0.0413183 0.676683 149.571 0.00452913 0.997819 -0.0658474 -11.0303 -0.677929 0.0514702 0.733323 118.384
0.732702 0.0393585 0.67941 150.213 0.00662512 0.997866 -0.0649519 -11.0893 -0.680517 0.0520916 0.730878 119.049
0.730358 0.0378282 0.682015 150.862 0.010948 0.997688 -0.0670615 -11.1494 -0.682977 0.0564457 0.728256 119.715
0.726818 0.0366405 0.685852 151.492 0.0146677 0.997519 -0.0688351 -11.2102 -0.686674 0.0600905 0.724478 120.374
0.723072 0.0365767 0.689804 152.134 0.0179499 0.997264 -0.0716958 -11.2715 -0.69054 0.0642232 0.720438 121.037
0.719344 0.036816 0.693677 152.778 0.0177638 0.997292 -0.0713514 -11.332 -0.694427 0.0636486 0.716743 121.698
0.714839 0.0384518 0.69823 153.419 0.0155878 0.997362 -0.0708841 -11.397 -0.699115 0.0615547 0.712355 122.383
0.710114 0.0373757 0.703093 154.048 0.017281 0.997363 -0.0704727 -11.4516 -0.703875 0.0621938 0.707597 122.981
0.704791 0.0400849 0.708281 154.702 0.014818 0.997352 -0.0711901 -11.5099 -0.709261 0.0606695 0.702331 123.62
0.69905 0.0467821 0.71354 155.374 0.0115308 0.996989 -0.076663 -11.5721 -0.71498 0.061819 0.696407 124.304
0.693789 0.0519145 0.718304 156.044 0.00942435 0.996658 -0.0811353 -11.6313 -0.720117 0.0630604 0.690982 124.943
0.688299 0.0538991 0.723421 156.727 0.0101232 0.996424 -0.0838715 -11.6925 -0.725357 0.0650521 0.685293 125.581
0.682373 0.048031 0.729424 157.417 0.0106591 0.997078 -0.0756274 -11.7481 -0.730927 0.0593811 0.679868 126.207
0.676032 0.0443306 0.735537 158.115 0.00566703 0.997845 -0.0653488 -11.8037 -0.736851 0.0483462 0.674325 126.853
0.669518 0.0394441 0.741748 158.818 0.00680624 0.99822 -0.0592265 -11.8583 -0.742765 0.0447017 0.668058 127.469
0.662323 0.0407762 0.748108 159.542 0.00224793 0.998404 -0.0564093 -11.9097 -0.749215 0.0390429 0.661175 128.156
0.654357 0.0419936 0.755018 160.252 0.00381772 0.99826 -0.0588316 -11.9588 -0.756176 0.0413793 0.653059 128.766
0.648088 0.0411634 0.760452 160.969 0.00964261 0.998014 -0.0622408 -12.0202 -0.761505 0.0476703 0.646404 129.34
0.641399 0.048728 0.765658 161.71 0.0109792 0.997295 -0.0726675 -12.0821 -0.76713 0.0550152 0.639129 129.955
0.634346 0.0495064 0.771462 162.476 0.0151088 0.996962 -0.0764009 -12.1349 -0.772902 0.0601205 0.631671 130.581
0.627168 0.0456905 0.777543 163.215 0.0177161 0.997182 -0.0728873 -12.1971 -0.778683 0.0594876 0.624591 131.183
0.620356 0.0397511 0.783312 163.98 0.0220822 0.997433 -0.0681059 -12.2586 -0.78401 0.0595472 0.617886 131.768
0.613866 0.0387231 0.788459 164.747 0.0228801 0.997503 -0.0668037 -12.32 -0.789079 0.0590486 0.611448 132.351
0.606599 0.0403941 0.793981 165.477 0.021392 0.997516 -0.0670929 -12.3809 -0.79472 0.0576834 0.604229 132.922
0.599762 0.0380865 0.799271 166.241 0.0261652 0.997398 -0.067162 -12.4395 -0.799751 0.0611944 0.597206 133.532
0.594045 0.0319561 0.803796 167.005 0.0314821 0.997521 -0.0629251 -12.4979 -0.803815 0.0626856 0.591567 134.12
0.588923 0.029066 0.807666 167.734 0.0321865 0.997716 -0.0593752 -12.5587 -0.807548 0.0609634 0.586642 134.649
0.584575 0.0279738 0.810857 168.495 0.0306578 0.997929 -0.0565302 -12.619 -0.810761 0.0579052 0.582507 135.213
0.580136 0.0301077 0.813963 169.267 0.0302861 0.997827 -0.0584948 -12.6737 -0.813956 0.0585867 0.577964 135.78
0.576562 0.03202 0.816425 169.932 0.0319412 0.997584 -0.0616823 -12.7236 -0.816429 0.0616414 0.574147 136.194
0.573756 0.0373982 0.818172 170.655 0.0314858 0.997211 -0.0676622 -12.7787 -0.818421 0.0645825 0.570978 136.689
0.570486 0.0400927 0.820328 171.413 0.0294527 0.997166 -0.0692183 -12.8342 -0.820779 0.063649 0.567689 137.25
0.567753 0.0354675 0.822434 172.129 0.0302853 0.997494 -0.0639242 -12.8841 -0.822642 0.0612009 0.565256 137.742
0.565371 0.0274375 0.82438 172.861 0.0341951 0.997807 -0.0566615 -12.93 -0.824128 0.0602246 0.563193 138.251
