1 0 0 0 0 1 0 0 0 0 1 0
0.999999 0.00120424 0.000320362 0.0294819 -0.00120415 0.999999 -0.000300144 -0.0516836 -0.000320723 0.000299758 1 1.18185
0.999997 0.00168071 0.00170636 0.0246205 -0.00168125 0.999999 0.000318465 -0.0731425 -0.00170582 -0.000321333 0.999999 2.42304
0.999996 0.00113811 0.00251341 0.0221492 -0.00113986 0.999999 0.000693945 -0.0962542 -0.00251262 -0.000696808 0.999997 3.63593
0.999995 0.000934588 0.00303772 0.0212964 -0.00093689 0.999999 0.000756565 -0.116387 -0.00303701 -0.000759407 0.999995 4.87016
0.999993 0.000633035 0.00362733 0.0208043 -0.000635968 0.999999 0.000807428 -0.137541 -0.00362681 -0.000809729 0.999993 6.0884
0.999991 0.00112967 0.0039937 0.0209351 -0.00112916 0.999999 -0.000130138 -0.159425 -0.00399385 0.000125627 0.999992 7.29996
0.999992 0.00102336 0.00390914 0.0306086 -0.00102106 0.999999 -0.000589433 -0.179789 -0.00390974 0.000585436 0.999992 8.50502
0.999994 0.000857314 0.00328377 0.0374155 -0.000860176 0.999999 0.000870087 -0.199868 -0.00328302 -0.000872906 0.999994 9.70942
0.999998 0.000659199 0.00200263 0.0326999 -0.000662755 0.999998 0.00177532 -0.217156 -0.00200146 -0.00177664 0.999996 10.9364
1 -0.000294156 -0.000549992 0.0226833 0.000294848 0.999999 0.00125896 -0.237865 0.00054962 -0.00125912 0.999999 12.1689
0.999997 0.000242457 -0.00256159 0.00437129 -0.000240204 1 0.000879781 -0.258206 0.00256181 -0.000879162 0.999996 13.3849
0.999993 0.000309336 -0.00384527 -0.0157158 -0.000306467 1 0.000746665 -0.279613 0.0038455 -0.000745481 0.999992 14.6051
0.999988 0.00180153 -0.00460804 -0.0367736 -0.00179879 0.999998 0.000598043 -0.301247 0.00460911 -0.000589747 0.999989 15.8289
0.999986 0.00132251 -0.00510398 -0.0610788 -0.00131964 0.999999 0.000565731 -0.324136 0.00510472 -0.000558987 0.999987 17.045
0.999984 0.000836452 -0.00559658 -0.0807551 -0.000829391 0.999999 0.00126376 -0.349149 0.00559763 -0.0012591 0.999983 18.2735
0.999982 0.000212445 -0.00610048 -0.0969731 -0.000202733 0.999999 0.00159271 -0.372884 0.00610081 -0.00159144 0.99998 19.5063
0.999978 0.000569049 -0.00661393 -0.118718 -0.000562958 0.999999 0.000922733 -0.398922 0.00661445 -0.000918989 0.999978 20.7265
0.999975 5.24693e-05 -0.00710318 -0.140822 -5.06245e-05 1 0.000259893 -0.425887 0.0071032 -0.000259526 0.999975 21.9475
0.999969 0.00061291 -0.00793134 -0.16402 -0.000604913 0.999999 0.00101057 -0.451835 0.00793196 -0.00100574 0.999968 23.1684
0.999963 -2.95748e-05 -0.00860895 -0.188095 3.8063e-05 1 0.000985806 -0.477796 0.00860892 -0.000986097 0.999962 24.3892
0.999956 -0.000283474 -0.00939347 -0.214711 0.000288808 1 0.00056644 -0.504726 0.00939331 -0.000569128 0.999956 25.6101
0.99995 3.75788e-05 -0.0100196 -0.242904 -2.32893e-05 0.999999 0.00142626 -0.52853 0.0100197 -0.00142595 0.999949 26.8418
0.999936 -0.00108248 -0.0112768 -0.249742 0.00111897 0.999994 0.00323041 -0.5466 0.0112732 -0.00324282 0.999931 28.0886
0.999923 -0.00146838 -0.0123696 -0.27631 0.00150977 0.999993 0.00333783 -0.567373 0.0123646 -0.00335624 0.999918 29.2766
0.999909 -0.00179277 -0.0133983 -0.294997 0.00182537 0.999996 0.00242114 -0.58572 0.0133939 -0.00244538 0.999907 30.4953
0.999891 -0.00249172 -0.0146024 -0.314931 0.00251376 0.999996 0.00149122 -0.606179 0.0145986 -0.00152777 0.999892 31.7102
0.999872 -0.00209886 -0.0159034 -0.336407 0.00212246 0.999997 0.00146735 -0.626611 0.0159003 -0.00150091 0.999872 32.9251
0.999857 -0.00232877 -0.0167926 -0.3617 0.00235909 0.999996 0.00178621 -0.643791 0.0167883 -0.00182556 0.999857 34.1508
0.999834 -0.00271752 -0.0180346 -0.380937 0.00275221 0.999995 0.00189911 -0.658693 0.0180293 -0.00194843 0.999836 35.3931
0.999806 -0.00364151 -0.019347 -0.398221 0.00367436 0.999992 0.00166261 -0.676089 0.0193408 -0.00173338 0.999811 36.6231
0.999781 -0.00419231 -0.0205176 -0.416965 0.00422028 0.999991 0.00132039 -0.693876 0.0205119 -0.00140669 0.999789 37.8527
0.999759 -0.0051774 -0.0213651 -0.437431 0.00521413 0.999985 0.00166366 -0.711993 0.0213562 -0.00177466 0.99977 39.0847
0.999744 -0.00488346 -0.0221126 -0.458856 0.00494524 0.999984 0.00274007 -0.728764 0.0220988 -0.00284872 0.999752 40.3167
0.999726 -0.00449249 -0.0229972 -0.481347 0.00457083 0.999984 0.00335496 -0.744866 0.0229818 -0.00345916 0.99973 41.549
0.999714 -0.00383096 -0.0236267 -0.514279 0.00389445 0.999989 0.00264184 -0.759513 0.0236163 -0.0027331 0.999717 42.7778
0.999709 -0.00285342 -0.0239753 -0.547687 0.00291094 0.999993 0.0023644 -0.77449 0.0239684 -0.0024335 0.99971 44.0065
0.999711 -0.000197097 -0.0240588 -0.581218 0.000288623 0.999993 0.00380082 -0.787688 0.0240578 -0.00380666 0.999703 45.2353
0.999736 -0.000217244 -0.0230037 -0.613293 0.000364882 0.99998 0.00641395 -0.79774 0.0230019 -0.00642064 0.999715 46.4642
0.999763 0.000497582 -0.0217543 -0.643933 -0.000305531 0.999961 0.00883052 -0.804943 0.0217578 -0.00882178 0.999724 47.6932
0.999791 0.00116576 -0.0204176 -0.677213 -0.000924109 0.99993 0.0118408 -0.810231 0.0204299 -0.0118194 0.999721 48.9337
0.999817 0.000690952 -0.0191279 -0.710579 -0.000443041 0.999916 0.0129619 -0.816874 0.0191352 -0.012951 0.999733 50.1691
0.999842 -0.00105938 -0.0177543 -0.737213 0.0012654 0.999932 0.0115968 -0.823689 0.0177408 -0.0116175 0.999775 51.4013
0.999862 -0.000319288 -0.0166462 -0.767567 0.000486428 0.99995 0.0100376 -0.833213 0.0166422 -0.0100443 0.999811 52.627
0.999893 -1.58587e-05 -0.0146482 -0.831779 0.000157086 0.999954 0.0096401 -0.843777 0.0146473 -0.00964136 0.999846 53.8208
0.999914 -0.000522826 -0.0131604 -0.882245 0.000647222 0.999956 0.00944965 -0.863648 0.0131549 -0.00945735 0.999869 55.0483
0.999914 -0.00130446 -0.0130637 -0.922467 0.00141999 0.99996 0.00883854 -0.881375 0.0130516 -0.00885633 0.999876 56.2712
0.999905 -0.000912254 -0.0137672 -0.962772 0.00104252 0.999955 0.00945735 -0.894717 0.013758 -0.0094708 0.99986 57.5166
0.999881 -0.00132077 -0.0153935 -0.985979 0.00148806 0.99994 0.0108615 -0.909086 0.0153782 -0.0108831 0.999822 58.7344
0.99986 -0.00209586 -0.0166056 -1.01378 0.00228309 0.999934 0.0112638 -0.921084 0.0165809 -0.0113001 0.999799 59.9659
0.999847 -0.000956397 -0.0174634 -1.04542 0.00115364 0.999936 0.011288 -0.932613 0.0174515 -0.0113064 0.999784 61.2012
0.999833 -0.00091157 -0.0182671 -1.07689 0.00111859 0.999936 0.0113258 -0.946341 0.0182556 -0.0113443 0.999769 62.4066
0.999826 -0.00181141 -0.0185926 -1.10533 0.00201408 0.999939 0.0108874 -0.956245 0.0185717 -0.010923 0.999768 63.6314
0.999805 -0.00265271 -0.0195597 -1.12522 0.00284495 0.999948 0.0098068 -0.963621 0.0195327 -0.00986054 0.999761 64.8576
0.999791 -0.00280153 -0.0202484 -1.15433 0.00302462 0.999936 0.0109951 -0.973972 0.0202162 -0.011054 0.999734 66.0729
0.999802 -0.00295478 -0.0196663 -1.20932 0.0032031 0.999916 0.0126074 -0.987942 0.0196274 -0.0126679 0.999727 67.2755
0.999805 -0.00234542 -0.0196122 -1.2445 0.00255736 0.999939 0.0107881 -0.993481 0.0195857 -0.0108362 0.999749 68.4946
0.999797 -0.000873261 -0.0201216 -1.2689 0.00106235 0.999956 0.00938867 -0.999363 0.0201125 -0.00940814 0.999753 69.7197
0.999787 0.00153043 -0.0206037 -1.30094 -0.00133767 0.999956 0.00936636 -1.00481 0.0206171 -0.0093368 0.999744 70.9317
0.999784 0.00363679 -0.0204476 -1.33841 -0.00344954 0.999952 0.00918562 -1.01231 0.02048 -0.00911311 0.999749 72.1417
0.999783 0.00555229 -0.0200849 -1.37562 -0.00536211 0.999941 0.00951058 -1.01961 0.0201365 -0.00940081 0.999753 73.36
0.99982 0.00642839 -0.0178468 -1.4249 -0.00624099 0.999926 0.0105366 -1.03037 0.0179132 -0.0104233 0.999785 74.5701
0.99985 0.00831126 -0.0152057 -1.46715 -0.00814023 0.999904 0.0112757 -1.04092 0.015298 -0.0111502 0.999821 75.7741
0.999907 0.00688539 -0.0117785 -1.50334 -0.00677757 0.999936 0.00916934 -1.05363 0.0118408 -0.00908865 0.999888 76.978
0.999947 0.0041073 -0.00949639 -1.51129 -0.00407066 0.999985 0.00387444 -1.06226 0.00951214 -0.00383558 0.999947 78.1911
0.999959 0.00548773 -0.00725926 -1.52413 -0.005465 0.999981 0.00314695 -1.07301 0.00727639 -0.00310715 0.999969 79.3839
0.999976 0.0057256 -0.00396614 -1.53603 -0.00570124 0.999966 0.00612788 -1.08331 0.00400109 -0.00610512 0.999973 80.5797
0.999972 0.00748437 0.000183444 -1.55058 -0.00748546 0.999949 0.00694577 -1.09498 -0.000131452 -0.00694695 0.999976 81.7621
0.999963 0.00767817 0.00388034 -1.54488 -0.00769835 0.999958 0.00521066 -1.11045 -0.00384017 -0.00524034 0.999979 82.9645
0.999952 0.00684829 0.00701781 -1.53763 -0.00686555 0.999974 0.00243699 -1.13072 -0.00700093 -0.00248505 0.999972 84.1461
0.999928 0.00618453 0.0103145 -1.52424 -0.00616898 0.999981 -0.00153901 -1.14702 -0.0103238 0.00147526 0.999945 85.3339
0.999893 0.0054588 0.0135705 -1.50561 -0.00542357 0.999983 -0.00263204 -1.16826 -0.0135847 0.00255815 0.999904 86.5247
0.999853 0.00456054 0.0165006 -1.48283 -0.00453947 0.99999 -0.00131433 -1.18738 -0.0165064 0.00123922 0.999863 87.7087
0.999792 0.00562239 0.0196016 -1.45669 -0.00559669 0.999984 -0.00136607 -1.2067 -0.019609 0.00125608 0.999807 88.8924
0.999732 0.00511068 0.0225946 -1.42628 -0.00502798 0.999981 -0.00371527 -1.228 -0.0226132 0.00360066 0.999738 90.0787
0.999683 0.00452077 0.024775 -1.39128 -0.00437708 0.999974 -0.00585086 -1.25801 -0.0248008 0.00574056 0.999676 91.2314
0.999606 0.00440784 0.0277165 -1.35739 -0.00423872 0.999973 -0.00615768 -1.27875 -0.0277428 0.00603777 0.999597 92.4281
0.99955 0.00289642 0.0298473 -1.32103 -0.00275975 0.999986 -0.00461911 -1.31113 -0.0298602 0.00453465 0.999544 93.5809
0.999485 0.00221351 0.0320138 -1.27459 -0.00210665 0.999993 -0.00337136 -1.33262 -0.0320209 0.00330218 0.999482 94.7719
0.999395 0.00143196 0.0347393 -1.2422 -0.00136737 0.999998 -0.00188274 -1.35191 -0.0347418 0.00183409 0.999395 95.9483
0.999254 0.000123926 0.0386071 -1.23076 -7.25435e-05 1 -0.00133223 -1.36918 -0.0386072 0.00132843 0.999254 97.1012
0.999223 -0.000657359 0.0394035 -1.17244 0.000789306 0.999995 -0.00333305 -1.39931 -0.0394011 0.00336155 0.999218 98.2645
0.999199 -0.00231874 0.0399399 -1.10872 0.00258697 0.999975 -0.00666525 -1.4279 -0.0399234 0.00676322 0.99918 99.4431
0.999201 -0.00197479 0.0399031 -1.0406 0.00234469 0.999956 -0.00922515 -1.45928 -0.039883 0.00931133 0.999161 100.612
0.999172 -0.00209619 0.0406274 -0.979118 0.00250514 0.999948 -0.0100175 -1.48887 -0.0406042 0.010111 0.999124 101.797
0.999198 -0.00175132 0.0399875 -0.918068 0.0021282 0.999955 -0.00938415 -1.51737 -0.0399692 0.00946172 0.999156 102.987
0.999278 -0.00190477 0.0379515 -0.859961 0.00219752 0.999969 -0.00767331 -1.54344 -0.0379357 0.00775116 0.99925 104.179
0.999339 -0.00185472 0.0363025 -0.795268 0.00208406 0.999979 -0.00628061 -1.56441 -0.03629 0.00635211 0.999321 105.452
0.999421 -0.00106701 0.0340009 -0.746671 0.00126121 0.999984 -0.00569049 -1.58606 -0.0339942 0.00573007 0.999406 106.698
0.999516 -0.000436766 0.0310837 -0.69659 0.000600922 0.999987 -0.00527186 -1.60771 -0.031081 0.00528798 0.999503 107.957
0.999623 0.000508309 0.0274521 -0.651136 -0.00035609 0.999985 -0.0055494 -1.62976 -0.0274545 0.00553752 0.999608 109.217
0.999726 0.00261075 0.0232631 -0.633534 -0.0024685 0.999979 -0.00614141 -1.65199 -0.0232786 0.0060823 0.99971 110.445
0.999813 0.00354922 0.019002 -0.621341 -0.00343647 0.999977 -0.00596263 -1.67392 -0.0190227 0.00589621 0.999802 111.672
0.999881 0.00481852 0.014666 -0.616694 -0.00474278 0.999976 -0.00519458 -1.69601 -0.0146907 0.0051244 0.999879 112.904
0.99993 0.00478659 0.0108045 -0.642909 -0.00473921 0.99998 -0.00440706 -1.7244 -0.0108254 0.00435554 0.999932 114.118
0.999955 0.00535057 0.00784302 -0.69383 -0.00531824 0.999978 -0.00413834 -1.74368 -0.00786496 0.00409644 0.999961 115.317
0.999973 0.00605369 0.0041314 -0.733427 -0.00603524 0.999973 -0.00446424 -1.76394 -0.00415828 0.00443918 0.999981 116.546
0.999976 0.00690922 0.000229677 -0.777905 -0.00690808 0.999966 -0.00466725 -1.78442 -0.000261893 0.00466554 0.999989 117.774
0.999967 0.00684807 -0.00436112 -0.808005 -0.0068705 0.999964 -0.00514831 -1.80955 0.00432573 0.0051781 0.999977 119.049
0.99993 0.00745954 -0.00920811 -0.821586 -0.00751364 0.999956 -0.00585368 -1.83643 0.00916405 0.00592245 0.99994 120.326
0.999872 0.00903951 -0.0131704 -0.840082 -0.00911644 0.999943 -0.00579272 -1.86318 0.0131173 0.00591204 0.999896 121.603
0.999823 0.0111976 -0.0150783 -0.875406 -0.0112857 0.999921 -0.00577399 -1.89308 0.0150125 0.00594313 0.99987 122.845
0.999797 0.0124496 -0.0158357 -0.912713 -0.0125456 0.999904 -0.00597609 -1.92301 0.0157598 0.00617354 0.999857 124.099
0.999766 0.0143815 -0.0161247 -0.963882 -0.0144764 0.999879 -0.00578441 -1.95121 0.0160396 0.00601647 0.999853 125.347
0.999754 0.0153042 -0.0160058 -1.01636 -0.0153848 0.99987 -0.0049211 -1.97788 0.0159285 0.00516613 0.99986 126.597
0.999776 0.0152753 -0.0146323 -1.08754 -0.0153415 0.999874 -0.00442073 -2.00595 0.0145629 0.00464421 0.999883 127.851
0.999711 0.0194337 -0.0141298 -1.15484 -0.0194692 0.999809 -0.00237374 -2.03149 0.014081 0.00264814 0.999897 129.104
0.999663 0.0204089 -0.0160213 -1.16513 -0.0203947 0.999792 0.00105132 -2.05741 0.0160394 -0.000724216 0.999871 130.331
0.999649 0.0188551 -0.0185936 -1.16694 -0.0188476 0.999823 0.000578918 -2.07816 0.0186012 -0.000228272 0.999827 131.593
0.999617 0.0187648 -0.0203448 -1.18735 -0.0187928 0.999824 -0.00118152 -2.09219 0.0203191 0.0015634 0.999792 132.884
0.999633 0.0155338 -0.0221833 -1.21006 -0.0155549 0.99988 -0.000777975 -2.1057 0.0221686 0.00112275 0.999754 134.174
0.999612 0.0131798 -0.0245192 -1.2309 -0.0131698 0.999914 0.000569217 -2.12173 0.0245246 -0.000246086 0.999699 135.472
0.999621 0.00982296 -0.0256979 -1.25703 -0.00977188 0.999951 0.00211284 -2.13781 0.0257174 -0.00186092 0.999667 136.759
0.999579 0.00785864 -0.0279133 -1.27141 -0.00778373 0.999967 0.00279132 -2.15612 0.0279343 -0.00257288 0.999606 138.053
0.999609 0.00361524 -0.0277095 -1.30911 -0.00358911 0.999994 0.000992726 -2.17592 0.0277129 -0.000892888 0.999615 139.361
0.999602 0.000746356 -0.0282009 -1.34323 -0.000753633 1 -0.000247452 -2.19447 0.0282008 0.000268603 0.999602 140.656
0.999617 -0.00087239 -0.0276346 -1.38952 0.000848956 1 -0.000859829 -2.21389 0.0276353 0.000836036 0.999618 141.955
0.999631 -0.00101119 -0.0271224 -1.43526 0.000994528 1 -0.000627876 -2.2348 0.0271231 0.000600667 0.999632 143.236
0.99962 -0.000711347 -0.0275358 -1.46134 0.000732521 1 0.000758735 -2.24963 0.0275353 -0.00077862 0.99962 144.551
0.999606 0.00189409 -0.0279905 -1.48807 -0.00184375 0.999998 0.00182422 -2.26322 0.0279939 -0.0017719 0.999606 145.866
0.999596 0.0016699 -0.0283502 -1.51624 -0.00167966 0.999999 -0.000320292 -2.2807 0.0283496 0.000367778 0.999598 147.189
0.999599 0.00222928 -0.0282246 -1.55547 -0.00229693 0.999996 -0.0023646 -2.30244 0.0282192 0.00242847 0.999599 148.506
0.999609 0.00236375 -0.0278731 -1.60202 -0.00250362 0.999985 -0.00498415 -2.32887 0.0278609 0.00505197 0.999599 149.817
0.999643 0.00131437 -0.0266706 -1.67291 -0.00155549 0.999959 -0.0090219 -2.36321 0.0266577 0.00906016 0.999603 151.091
0.999687 0.00136059 -0.0249813 -1.74586 -0.00167076 0.999923 -0.0123993 -2.4019 0.0249625 0.0124372 0.999611 152.385
0.999803 0.00104688 -0.0197902 -1.87917 -0.00129809 0.99992 -0.0126851 -2.45396 0.0197753 0.0127083 0.999724 153.669
0.999822 0.00112386 -0.0188484 -1.94369 -0.00135485 0.999925 -0.0122468 -2.49986 0.0188332 0.0122701 0.999747 154.941
0.999823 0.00159756 -0.0187571 -1.98819 -0.00181688 0.999931 -0.0116814 -2.54147 0.0187372 0.0117134 0.999756 156.247
0.99982 0.0025937 -0.0188099 -2.02166 -0.00279078 0.999942 -0.0104585 -2.58201 0.0187817 0.0105091 0.999768 157.531
0.999806 0.00279423 -0.0194962 -2.0505 -0.00298997 0.999946 -0.0100179 -2.61781 0.0194672 0.0100742 0.99976 158.82
0.999786 0.00278366 -0.0204935 -2.07802 -0.00299634 0.999943 -0.0103545 -2.65353 0.0204635 0.0104137 0.999736 160.106
0.999753 0.00315175 -0.0219779 -2.10391 -0.00337613 0.999944 -0.0101796 -2.68928 0.0219446 0.0102513 0.999706 161.399
0.999727 0.00255627 -0.0232153 -2.13127 -0.00276776 0.999956 -0.00908265 -2.72369 0.0231911 0.00914442 0.999689 162.692
0.999699 0.00326409 -0.0242966 -2.16102 -0.00347851 0.999956 -0.0087881 -2.7581 0.0242669 0.00886997 0.999666 163.985
0.999675 0.00365673 -0.0252303 -2.20031 -0.00390749 0.999944 -0.00989663 -2.7918 0.0251927 0.00999199 0.999632 165.266
0.999647 0.00380498 -0.0262829 -2.24111 -0.00410265 0.999929 -0.0112811 -2.82747 0.0262381 0.0113849 0.999591 166.547
0.999641 0.00476523 -0.0263525 -2.30955 -0.00505853 0.999927 -0.0110742 -2.86636 0.0262978 0.0112035 0.999591 167.806
0.999613 0.00427784 -0.0274882 -2.33901 -0.00461597 0.999915 -0.0122494 -2.9009 0.0274335 0.0123715 0.999547 169.135
0.99959 0.00477826 -0.0282324 -2.39229 -0.00515676 0.999899 -0.0133487 -2.93909 0.0281657 0.0134888 0.999512 170.423
0.99957 0.00509038 -0.0288859 -2.44763 -0.00547287 0.999899 -0.0131778 -2.97763 0.0288159 0.0133302 0.999496 171.717
0.99963 0.00562251 -0.0266304 -2.57188 -0.00593738 0.999914 -0.0117593 -3.01757 0.026562 0.0119131 0.999576 172.982
0.99966 0.00542395 -0.0255098 -2.65706 -0.00571332 0.999921 -0.0112842 -3.05926 0.0254466 0.0114261 0.999611 174.275
0.999659 0.00621001 -0.0253685 -2.71777 -0.00648771 0.999921 -0.010879 -3.09629 0.0252989 0.0110399 0.999619 175.568
0.999661 0.00703225 -0.0250676 -2.78365 -0.00729864 0.999919 -0.0105509 -3.13259 0.0249914 0.0107303 0.99963 176.85
0.999671 0.00746258 -0.0245408 -2.84838 -0.00774783 0.999904 -0.0115489 -3.16802 0.0244523 0.0117352 0.999632 178.147
0.999668 0.00867001 -0.0242692 -2.91249 -0.0089658 0.999888 -0.0121056 -3.20345 0.0241615 0.0123192 0.999632 179.434
0.999682 0.00863736 -0.023683 -2.9751 -0.00892472 0.999889 -0.0120546 -3.23907 0.0235762 0.0122621 0.999647 180.725
0.99972 0.0087222 -0.0220186 -3.04748 -0.0090111 0.999875 -0.0130555 -3.27936 0.021902 0.0132502 0.999672 182.019
0.999764 0.00749345 -0.0203982 -3.11248 -0.007789 0.999866 -0.0144482 -3.32195 0.0202872 0.0146037 0.999687 183.318
0.999765 0.00427612 -0.0212439 -3.14122 -0.00458064 0.999888 -0.0143068 -3.36477 0.0211804 0.0144007 0.999672 184.599
0.99975 0.004579 -0.0218956 -3.16415 -0.00481374 0.999933 -0.0106802 -3.40423 0.0218452 0.0107829 0.999703 185.919
0.999755 0.00375397 -0.02184 -3.19772 -0.00389639 0.999973 -0.00648206 -3.44145 0.0218151 0.00656556 0.99974 187.208
0.999769 0.0048477 -0.0209431 -3.24501 -0.004996 0.999964 -0.00703488 -3.47729 0.0209082 0.00713788 0.999756 188.477
0.999769 0.00651416 -0.0204798 -3.27927 -0.00672515 0.999926 -0.0102508 -3.50858 0.0204116 0.0103862 0.999738 189.762
0.999771 0.00674838 -0.020314 -3.31924 -0.00699952 0.999901 -0.0123171 -3.54339 0.0202288 0.0124565 0.999718 191.022
0.999774 0.00725195 -0.0199875 -3.35789 -0.00749766 0.999898 -0.0122458 -3.57793 0.0198967 0.0123929 0.999725 192.285
0.999789 0.0070661 -0.0193055 -3.39826 -0.0072872 0.99991 -0.0114065 -3.61375 0.0192232 0.0115448 0.999748 193.545
0.999811 0.00729113 -0.0180447 -3.44957 -0.00746258 0.999929 -0.0094522 -3.65209 0.0179745 0.00958506 0.999792 194.792
0.999812 0.00667901 -0.0182253 -3.46461 -0.00683701 0.999941 -0.00862109 -3.68993 0.0181666 0.00874407 0.999797 196.078
0.999826 0.00633194 -0.0175318 -3.48366 -0.00649388 0.999938 -0.00919525 -3.72792 0.0174725 0.00930749 0.999804 197.342
0.999859 0.00502969 -0.0160184 -3.51269 -0.00519659 0.999934 -0.0103948 -3.7689 0.0159651 0.0104766 0.999817 198.598
0.999885 0.00507473 -0.0143262 -3.54089 -0.00524211 0.999919 -0.0116703 -3.80856 0.0142658 0.0117441 0.999829 199.847
0.999914 0.00407356 -0.0125262 -3.5685 -0.00422637 0.999918 -0.0121973 -3.84804 0.0124755 0.0122492 0.999847 201.088
0.99993 0.00451682 -0.0109967 -3.5945 -0.00464293 0.999925 -0.0114705 -3.88651 0.0109441 0.0115208 0.999874 202.328
0.999951 0.0042412 -0.00896154 -3.62186 -0.00432777 0.999945 -0.00966244 -3.92345 0.0089201 0.00970074 0.999913 203.562
0.999956 0.00498638 -0.00799822 -3.63627 -0.00506066 0.999945 -0.00929363 -3.95838 0.00795147 0.00933369 0.999925 204.791
0.999957 0.00551403 -0.00745434 -3.65085 -0.00558317 0.999943 -0.00928599 -3.99074 0.00740274 0.0093272 0.999929 206.018
0.999959 0.00595819 -0.00687878 -3.66524 -0.00602261 0.999939 -0.00938351 -4.02328 0.00682248 0.00942454 0.999932 207.245
0.999968 0.00588769 -0.00553076 -3.70094 -0.00593788 0.999942 -0.00910403 -4.06125 0.00547687 0.00913656 0.999943 208.447
0.999975 0.00596045 -0.00395336 -3.74115 -0.00599671 0.999941 -0.00922569 -4.10085 0.00389817 0.00924915 0.99995 209.642
0.99998 0.00559112 -0.00308368 -3.7591 -0.00561893 0.999944 -0.00908275 -4.13984 0.00303276 0.00909988 0.999954 210.843
0.999987 0.00465913 -0.00226424 -3.77286 -0.00467949 0.999949 -0.00907569 -4.17731 0.00222188 0.00908616 0.999956 212.034
0.999987 0.00461964 -0.00247553 -3.77611 -0.00463997 0.999956 -0.00827233 -4.21356 0.00243724 0.0082837 0.999963 213.22
0.999987 0.004196 -0.0031352 -3.77944 -0.0042187 0.999966 -0.00726882 -4.24926 0.00310464 0.00728194 0.999968 214.397
0.999984 0.00445427 -0.00356918 -3.79241 -0.00447935 0.999966 -0.00705116 -4.28783 0.00353769 0.00706703 0.999969 215.545
0.99998 0.00505261 -0.00383975 -3.80477 -0.00508243 0.999958 -0.00779818 -4.32371 0.00380023 0.00781753 0.999962 216.664
0.999982 0.00512076 -0.00317282 -3.83214 -0.00514712 0.999953 -0.00835527 -4.35925 0.00312993 0.00837144 0.99996 217.77
0.999982 0.00488289 -0.00357994 -3.84817 -0.00491243 0.999955 -0.00828855 -4.3959 0.00353934 0.00830598 0.999959 218.846
0.999978 0.00445538 -0.00493454 -3.85722 -0.00449603 0.999957 -0.00825713 -4.42809 0.00489758 0.00827912 0.999954 219.931
0.999968 0.00390358 -0.00697745 -3.86706 -0.00395676 0.999964 -0.0076253 -4.45772 0.00694747 0.00765266 0.999946 220.996
0.99995 0.00312427 -0.00950443 -3.88128 -0.00318158 0.999978 -0.00602078 -4.4875 0.00948544 0.00605071 0.999937 222.04
0.999921 0.0033896 -0.0121172 -3.89066 -0.00344325 0.999985 -0.00441013 -4.51701 0.0121021 0.0044515 0.999917 223.12
0.999862 0.00349578 -0.0162552 -3.88766 -0.00356605 0.999986 -0.00429588 -4.54653 0.0162399 0.00435325 0.999858 224.145
0.999784 0.00379977 -0.0204687 -3.87628 -0.0038989 0.999982 -0.00480529 -4.57341 0.0204501 0.00488405 0.999779 225.214
0.999685 0.00388728 -0.0248023 -3.88088 -0.00400286 0.999982 -0.00461213 -4.60006 0.0247839 0.00470995 0.999682 226.213
0.999594 0.00470068 -0.0281268 -3.91228 -0.00481395 0.999982 -0.00396055 -4.62839 0.0281077 0.00409434 0.999596 227.157
0.999498 0.00528964 -0.0312534 -3.94381 -0.00542378 0.999977 -0.00420873 -4.65462 0.0312305 0.00437613 0.999502 228.109
0.999407 0.00483896 -0.0341118 -3.98074 -0.00500406 0.999977 -0.00475649 -4.68178 0.034088 0.00492436 0.999407 229.039
0.999331 0.00487229 -0.0362604 -4.03873 -0.00506426 0.999975 -0.00520433 -4.70876 0.0362341 0.00538448 0.999329 229.92
0.999259 0.00613642 -0.0379955 -4.09911 -0.00634257 0.999967 -0.00530739 -4.73529 0.0379617 0.00554444 0.999264 230.79
0.999163 0.00687447 -0.0403246 -4.14951 -0.00712973 0.999956 -0.00618965 -4.75786 0.0402803 0.00647197 0.999167 231.635
0.999077 0.00897741 -0.0420028 -4.20062 -0.00924482 0.999939 -0.0061764 -4.7811 0.0419448 0.00655901 0.999098 232.473
0.99911 0.00989397 -0.0409997 -4.26574 -0.0101364 0.999933 -0.00570902 -4.80418 0.0409405 0.00611952 0.999143 233.271
0.999125 0.00982859 -0.0406597 -4.30572 -0.0100329 0.999939 -0.00482491 -4.8267 0.0406098 0.00522862 0.999161 234.066
0.999194 0.0103471 -0.0387944 -4.36113 -0.0105161 0.999937 -0.00415507 -4.84822 0.038749 0.00455968 0.999239 234.825
0.999246 0.0105733 -0.037356 -4.40611 -0.0107542 0.999932 -0.00464559 -4.86841 0.0373043 0.00504382 0.999291 235.581
0.999276 0.0113653 -0.0363193 -4.44859 -0.0116174 0.999911 -0.00673753 -4.88774 0.0362395 0.00715458 0.999318 236.323
0.99932 0.0115654 -0.0350304 -4.48259 -0.0118843 0.999891 -0.00890867 -4.90815 0.0349235 0.00931891 0.999347 237.075
0.999374 0.0118794 -0.0333176 -4.51912 -0.0122239 0.999875 -0.0101542 -4.93057 0.0331928 0.0105551 0.999393 237.808
0.999425 0.0124632 -0.0315354 -4.55278 -0.0128059 0.999862 -0.0106898 -4.95221 0.0313978 0.0110875 0.999445 238.549
0.999489 0.0120851 -0.0295807 -4.5798 -0.0124096 0.999866 -0.0108099 -4.974 0.0294461 0.0111715 0.999504 239.288
0.999532 0.0121634 -0.0280766 -4.59986 -0.0124814 0.999861 -0.0111797 -4.99226 0.0279367 0.0115249 0.999543 240.012
0.99955 0.0122608 -0.0273791 -4.60251 -0.0125815 0.999855 -0.0115731 -5.01275 0.0272332 0.0119124 0.999558 240.739
0.999567 0.0121236 -0.0268314 -4.59778 -0.012443 0.999854 -0.0117682 -5.04014 0.0266848 0.012097 0.999571 241.468
0.999558 0.0126998 -0.0268837 -4.5762 -0.0129936 0.999858 -0.0107795 -5.07261 0.026743 0.011124 0.999581 242.18
0.999593 0.011746 -0.0260119 -4.56173 -0.0119873 0.999887 -0.00913781 -5.10614 0.0259016 0.00944589 0.99962 242.892
0.99965 0.0113179 -0.0239174 -4.56626 -0.0114834 0.999912 -0.00679178 -5.1533 0.0238384 0.00706405 0.999691 243.601
0.999728 0.0109503 -0.0206083 -4.58839 -0.0110852 0.999919 -0.00644079 -5.17689 0.0205361 0.00666748 0.999767 244.301
0.999784 0.0106558 -0.0178706 -4.60091 -0.0107818 0.999919 -0.00696981 -5.1936 0.0177949 0.00716098 0.999816 244.995
0.999826 0.010174 -0.0156572 -4.60199 -0.0102843 0.999924 -0.00697674 -5.21508 0.0155851 0.00713655 0.999853 245.72
0.999857 0.0108356 -0.0130065 -4.61232 -0.0109389 0.99991 -0.00789617 -5.23416 0.0129198 0.00803731 0.999884 246.414
0.999887 0.0106797 -0.0105908 -4.61375 -0.0107685 0.999908 -0.00835867 -5.25439 0.0105006 0.00847176 0.999909 247.136
0.999909 0.0105784 -0.00840641 -4.6146 -0.0106417 0.999916 -0.00752014 -5.27249 0.00832616 0.00760891 0.999937 247.852
0.999927 0.0104738 -0.00611566 -4.6192 -0.0105139 0.999924 -0.00655866 -5.29402 0.00604651 0.00662248 0.99996 248.568
0.999947 0.00961308 -0.00377013 -4.62155 -0.00963721 0.999934 -0.00643714 -5.31432 0.00370801 0.00647313 0.999972 249.291
0.999951 0.00992011 -0.00100155 -4.62889 -0.00992814 0.999917 -0.00835226 -5.32946 0.000918632 0.00836178 0.999965 250.007
0.999948 0.0100759 0.00166248 -4.6391 -0.0100575 0.999893 -0.0107398 -5.34727 -0.00177049 0.0107225 0.999941 250.726
0.999956 0.00901236 0.00267956 -4.6357 -0.00897839 0.999884 -0.0124311 -5.36355 -0.00279126 0.0124065 0.999919 251.458
0.999951 0.00948771 0.00290075 -4.63344 -0.00944949 0.999873 -0.0129167 -5.38036 -0.00302291 0.0128887 0.999913 252.188
0.999952 0.00941803 0.00277001 -4.62862 -0.00938014 0.999867 -0.013385 -5.40049 -0.00289568 0.0133583 0.999907 252.929
0.999939 0.0106765 0.00279621 -4.62685 -0.010637 0.99985 -0.0137717 -5.42011 -0.00294281 0.0137411 0.999901 253.68
0.999912 0.0131452 0.00188223 -4.62195 -0.013114 0.999791 -0.0157203 -5.43004 -0.00208846 0.0156942 0.999875 254.433
0.999918 0.0126415 0.00194631 -4.61883 -0.0126047 0.999762 -0.0178846 -5.4525 -0.00217192 0.0178586 0.999838 255.191
0.999953 0.00947126 0.00218336 -4.61293 -0.00942626 0.999761 -0.0197749 -5.48312 -0.00237011 0.0197534 0.999802 255.94
0.999979 0.00582693 0.00282937 -4.61098 -0.00576739 0.999772 -0.0206122 -5.50764 -0.00294881 0.0205955 0.999784 256.701
0.999963 0.00813044 0.00290559 -4.60466 -0.00808122 0.999831 -0.0165685 -5.52877 -0.00303979 0.0165444 0.999859 257.508
0.999926 0.011915 0.00265679 -4.59337 -0.0118853 0.999871 -0.0109078 -5.54531 -0.00278639 0.0108754 0.999937 258.325
0.999931 0.0113404 0.00324289 -4.59081 -0.0113162 0.99991 -0.00738118 -5.56825 -0.00332628 0.00734397 0.999968 259.13
0.999938 0.00975591 0.00540503 -4.59229 -0.00970442 0.999909 -0.00947262 -5.59233 -0.00549693 0.00941957 0.999941 259.921
0.999896 0.0108573 0.00950059 -4.58972 -0.0107068 0.99982 -0.0157555 -5.60993 -0.00966991 0.0156521 0.999831 260.731
0.999828 0.0129471 0.013269 -4.58621 -0.0126875 0.999731 -0.0194693 -5.63122 -0.0135175 0.0192976 0.999723 261.543
0.999753 0.0147845 0.0166227 -4.57795 -0.0144644 0.999712 -0.0192172 -5.65714 -0.016902 0.018972 0.999677 262.374
0.999696 0.0134666 0.0206778 -4.57297 -0.0131238 0.999777 -0.0166277 -5.68668 -0.0208971 0.0163513 0.999648 263.227
0.999652 0.0104987 0.0241933 -4.55978 -0.0101716 0.999857 -0.0136018 -5.712 -0.0243326 0.013351 0.999615 264.073
0.999602 0.00804207 0.027028 -4.53656 -0.0077187 0.999899 -0.0120473 -5.7371 -0.0271221 0.0118339 0.999562 264.925
0.999507 0.00828687 0.0302825 -4.5211 -0.00794046 0.999903 -0.0115416 -5.76246 -0.0303751 0.0112954 0.999475 265.765
0.999364 0.010579 0.0340595 -4.52038 -0.0101246 0.999859 -0.0134863 -5.79205 -0.0341973 0.0131328 0.999329 266.628
0.999251 0.012727 0.0365601 -4.50288 -0.0121671 0.999807 -0.0154986 -5.81274 -0.0367502 0.0150422 0.999211 267.468
0.999138 0.013603 0.0392277 -4.47645 -0.012994 0.999793 -0.0157384 -5.83298 -0.0394336 0.0152151 0.999107 268.314
0.999 0.0150956 0.0420886 -4.44459 -0.0145163 0.999797 -0.0140338 -5.85483 -0.0422919 0.0134088 0.999016 269.165
0.998809 0.0172056 0.0456533 -4.41931 -0.0166414 0.999782 -0.0127105 -5.87612 -0.0458619 0.0119356 0.998877 270.013
0.998659 0.0179699 0.0485548 -4.39206 -0.0173582 0.999766 -0.012991 -5.89953 -0.0487768 0.0121308 0.998736 270.85
0.998473 0.0191807 0.0518149 -4.36237 -0.0184885 0.999735 -0.0138071 -5.91373 -0.0520659 0.012828 0.998562 271.706
0.998459 0.017719 0.0525955 -4.28764 -0.0169956 0.999756 -0.0141698 -5.94111 -0.0528337 0.013254 0.998516 272.577
0.998434 0.0146938 0.053972 -4.23882 -0.013982 0.999812 -0.0135408 -5.96598 -0.0541607 0.012765 0.998451 273.424
0.998384 0.0137035 0.0551517 -4.19823 -0.0129576 0.999821 -0.013859 -5.98744 -0.0553316 0.0131219 0.998382 274.288
0.998281 0.0128582 0.0571866 -4.18137 -0.0120916 0.999834 -0.0137323 -6.01444 -0.0573535 0.0130172 0.998269 275.131
0.998171 0.0137061 0.058888 -4.1522 -0.0129329 0.999827 -0.0134911 -6.03781 -0.0590626 0.0127048 0.998174 276.001
0.998105 0.0146347 0.0597627 -4.12098 -0.013885 0.999821 -0.0129404 -6.06083 -0.0599413 0.0120861 0.998129 276.869
0.998024 0.0158289 0.0608086 -4.09581 -0.015088 0.999808 -0.0126243 -6.08228 -0.0609966 0.0116819 0.99807 277.726
0.998168 0.0158035 0.0584028 -4.03384 -0.0150289 0.999795 -0.0136787 -6.10404 -0.0586069 0.0127759 0.9982 278.582
0.998223 0.0161477 0.0573681 -3.99668 -0.015325 0.999775 -0.0147518 -6.12845 -0.0575933 0.0138464 0.998244 279.452
0.998308 0.0184567 0.055149 -3.93889 -0.0175891 0.999716 -0.0161754 -6.14134 -0.0554317 0.015178 0.998347 280.343
0.998344 0.0201898 0.0538642 -3.90435 -0.0192907 0.999668 -0.0171602 -6.16062 -0.0541927 0.0160927 0.998401 281.206
0.998347 0.0231898 0.052597 -3.87809 -0.0222834 0.999595 -0.0177535 -6.17917 -0.0529873 0.0165521 0.998458 282.059
0.998397 0.0239845 0.0512748 -3.85222 -0.0230987 0.999576 -0.0177983 -6.19828 -0.0516798 0.0165853 0.998526 282.912
0.99855 0.0237979 0.0482843 -3.8122 -0.0230296 0.999601 -0.0164056 -6.2267 -0.0486554 0.0152698 0.998699 283.771
0.998769 0.0225581 0.0441774 -3.7799 -0.0219481 0.999659 -0.0142456 -6.25235 -0.0444836 0.0132584 0.998922 284.62
0.998994 0.0217616 0.0392143 -3.74822 -0.0212711 0.999692 -0.0128827 -6.27547 -0.0394825 0.0120356 0.999148 285.468
0.999175 0.0214459 0.0344948 -3.7276 -0.0210622 0.999714 -0.0114491 -6.30313 -0.0347304 0.0107131 0.999339 286.295
0.999313 0.0217985 0.0299709 -3.71083 -0.0214827 0.999712 -0.0108212 -6.32534 -0.0301981 0.0101699 0.999492 287.135
0.999477 0.0210921 0.0244948 -3.68371 -0.0208436 0.99973 -0.0103599 -6.34797 -0.0247067 0.00984388 0.999646 287.958
0.999611 0.0194364 0.0200034 -3.67462 -0.0192376 0.999765 -0.0100858 -6.37394 -0.0201947 0.00969707 0.999749 288.758
0.999698 0.01905 0.0155161 -3.65952 -0.0188911 0.99977 -0.010322 -6.39761 -0.0157092 0.0100258 0.999826 289.562
0.999747 0.0192584 0.0116151 -3.65499 -0.0191397 0.999766 -0.0102385 -6.42307 -0.0118095 0.0100136 0.99988 290.338
0.999783 0.0191428 0.00820408 -3.6585 -0.0190595 0.999768 -0.0101136 -6.44812 -0.00839577 0.00995507 0.999915 291.098
0.99981 0.0189955 0.00438483 -3.66288 -0.0189501 0.99977 -0.0101827 -6.46833 -0.00457723 0.0100977 0.999938 291.832
0.999828 0.0185425 0.000287739 -3.67101 -0.0185382 0.999769 -0.0110135 -6.48977 -0.000491884 0.0110063 0.999939 292.551
0.999788 0.0200517 -0.00474401 -3.67917 -0.0201104 0.999719 -0.0126829 -6.51143 0.00448836 0.0127756 0.999908 293.253
0.999712 0.0215344 -0.0105618 -3.70806 -0.021684 0.999665 -0.0142517 -6.54078 0.0102513 0.0144766 0.999843 293.918
0.99957 0.0226849 -0.0185932 -3.73996 -0.0229778 0.999614 -0.01569 -6.56799 0.0182301 0.0161104 0.999704 294.567
0.999341 0.0222796 -0.028667 -3.78223 -0.0227531 0.99961 -0.0162946 -6.59435 0.0282928 0.0169361 0.999456 295.201
0.998913 0.022232 -0.0409777 -3.85302 -0.0229104 0.999608 -0.0161601 -6.62031 0.0406023 0.0170814 0.999029 295.793
0.9981 0.0233785 -0.0570033 -3.93361 -0.0242714 0.999594 -0.0150225 -6.64551 0.0566288 0.0163775 0.998261 296.384
0.996746 0.0257469 -0.0763809 -4.02571 -0.0268607 0.999548 -0.0135898 -6.66976 0.0759964 0.0155972 0.996986 296.975
0.994751 0.0270892 -0.098677 -4.1311 -0.0285058 0.999511 -0.0129742 -6.69362 0.0982771 0.0157189 0.995035 297.563
0.991946 0.0281981 -0.123479 -4.25121 -0.0299287 0.999479 -0.0121825 -6.71692 0.123071 0.01578 0.992272 298.149
0.988141 0.0292706 -0.150734 -4.38709 -0.0312792 0.999452 -0.0109712 -6.73959 0.15033 0.0155559 0.988513 298.732
0.983053 0.0306753 -0.180737 -4.54072 -0.0327787 0.999426 -0.00866191 -6.76077 0.180368 0.0144394 0.983493 299.311
0.976442 0.0305161 -0.213613 -4.71373 -0.0325003 0.999456 -0.00578222 -6.7802 0.21332 0.0125885 0.976901 299.884
0.967886 0.0306401 -0.249515 -4.88094 -0.0323994 0.999472 -0.00294584 -6.79608 0.249293 0.0109354 0.968366 300.414
0.95743 0.0321016 -0.286874 -5.06858 -0.0333131 0.999446 0.000658355 -6.80993 0.286736 0.00892632 0.957968 300.937
0.944872 0.0338897 -0.325683 -5.27741 -0.0343553 0.999402 0.0043232 -6.82173 0.325634 0.00710408 0.945469 301.452
0.930274 0.0349214 -0.365201 -5.50653 -0.0345196 0.999376 0.00763097 -6.83176 0.365239 0.00550771 0.930897 301.956
0.913222 0.0348789 -0.405968 -5.73853 -0.03346 0.999385 0.0105943 -6.83953 0.406087 0.00390871 0.913826 302.43
0.893448 0.034708 -0.447824 -5.99229 -0.0321469 0.999396 0.0133209 -6.8459 0.448015 0.00249469 0.894022 302.893
0.870696 0.0342359 -0.490629 -6.26816 -0.0304784 0.999414 0.0156502 -6.85107 0.490877 0.00132708 0.871228 303.343
0.845018 0.0335009 -0.533687 -6.56627 -0.0280533 0.99944 0.018319 -6.85486 0.534001 -0.000508266 0.845483 303.778
0.816114 0.0340639 -0.576886 -6.88661 -0.0265882 0.999418 0.0213994 -6.85706 0.577279 -0.00212599 0.816544 304.198
0.783959 0.0357009 -0.619786 -7.22904 -0.0269249 0.999362 0.0235082 -6.8582 0.620229 -0.00174177 0.784419 304.6
0.748654 0.0350541 -0.662033 -7.58522 -0.0244657 0.999383 0.0252497 -6.85913 0.662509 -0.00270619 0.749049 304.972
0.709472 0.0340811 -0.703909 -7.93614 -0.0195552 0.999398 0.0286779 -6.85832 0.704462 -0.00658104 0.70971 305.292
0.665893 0.0334492 -0.745297 -8.30575 -0.0126586 0.999358 0.0335415 -6.85528 0.74594 -0.0129006 0.665888 305.591
0.619562 0.0335923 -0.784229 -8.73631 -0.00783379 0.9993 0.036616 -6.8252 0.784909 -0.0165423 0.61939 305.811
0.569833 0.0368346 -0.820934 -9.15022 -0.00749029 0.999187 0.0396334 -6.80312 0.821726 -0.0164353 0.569645 305.987
0.518569 0.0425676 -0.853975 -9.59955 -0.0108242 0.999008 0.043224 -6.77529 0.854967 -0.013171 0.518514 306.12
0.465361 0.0460918 -0.88392 -10.0418 -0.0125307 0.998887 0.0454896 -6.74616 0.885032 -0.010093 0.46542 306.219
0.410556 0.0478208 -0.910581 -10.4893 -0.011996 0.998822 0.0470462 -6.71654 0.911757 -0.00839174 0.410645 306.292
0.355326 0.0492362 -0.933445 -10.9405 -0.00906152 0.998747 0.0492313 -6.68632 0.934698 -0.00903468 0.355326 306.337
0.299642 0.0517299 -0.952648 -11.3935 -0.00588232 0.998611 0.0523756 -6.65502 0.954034 -0.0100901 0.299529 306.356
0.243039 0.0548906 -0.968462 -11.8623 -0.00294049 0.998436 0.0558514 -6.62028 0.970012 -0.0107263 0.24282 306.351
0.183145 0.0573062 -0.981414 -12.2596 0.000108221 0.9983 0.0583123 -6.59318 0.983086 -0.0107858 0.182827 306.34
0.120771 0.0609509 -0.990807 -12.6931 0.00142907 0.998103 0.0615739 -6.56354 0.992679 -0.00885224 0.120454 306.306
0.0575662 0.06591 -0.996164 -13.1377 0.00397108 0.997796 0.0662475 -6.53057 0.998334 -0.00776943 0.0571773 306.247
-0.00786484 0.0723696 -0.997347 -13.5663 0.00690375 0.997359 0.072316 -6.50173 0.999945 -0.00631664 -0.00834401 306.175
-0.0749144 0.0787791 -0.994073 -14.0514 0.0108292 0.996881 0.0781855 -6.46254 0.997131 -0.00490774 -0.0755341 306.09
-0.141688 0.0846164 -0.986288 -14.4972 0.014594 0.996411 0.0833883 -6.42771 0.989804 -0.00257866 -0.142415 305.977
-0.207924 0.0906765 -0.973933 -14.9495 0.0203567 0.99588 0.0883739 -6.39621 0.977933 -0.00145093 -0.208914 305.838
-0.272444 0.0947659 -0.957494 -15.4066 0.0259123 0.995501 0.0911545 -6.35939 0.961822 2.36071e-05 -0.273674 305.664
-0.335226 0.0973476 -0.937095 -15.8651 0.031244 0.99525 0.0922119 -6.32272 0.941619 0.00163331 -0.336676 305.468
-0.394508 0.0986312 -0.913584 -16.3127 0.036468 0.995121 0.0916862 -6.2895 0.918168 0.00285434 -0.39618 305.224
-0.450606 0.0994588 -0.887165 -16.7657 0.0408778 0.995032 0.090789 -6.25399 0.891786 0.00464469 -0.452433 304.948
-0.503135 0.100014 -0.858401 -17.2479 0.0449387 0.994966 0.0895849 -6.20454 0.863039 0.00649782 -0.505096 304.636
-0.550461 0.100291 -0.828815 -17.708 0.0483563 0.994923 0.0882754 -6.15687 0.833459 0.0085137 -0.552515 304.297
-0.592129 0.101325 -0.799448 -18.1891 0.0515441 0.994795 0.0879071 -6.1035 0.804193 0.0108456 -0.594269 303.911
-0.629629 0.104649 -0.769816 -18.6552 0.0573607 0.994445 0.0882696 -6.04695 0.774776 0.0114199 -0.632133 303.491
-0.666624 0.110679 -0.737131 -19.1171 0.0661928 0.993799 0.0893552 -5.98838 0.742449 0.0107736 -0.669816 303.041
-0.70288 0.115321 -0.701898 -19.5888 0.073056 0.993257 0.0900322 -5.9247 0.707546 0.012004 -0.706565 302.551
-0.736292 0.115502 -0.666733 -20.0351 0.0758044 0.993202 0.0883458 -5.8593 0.672404 0.0145071 -0.740042 302.017
-0.766975 0.112117 -0.631807 -20.4711 0.0767574 0.993579 0.0831356 -5.79761 0.63707 0.0152671 -0.770655 301.44
-0.794149 0.109598 -0.597759 -20.8585 0.0789768 0.993876 0.0773016 -5.75535 0.60257 0.0141798 -0.79794 300.839
-0.819616 0.105391 -0.563136 -21.2633 0.0789429 0.994335 0.0711933 -5.71093 0.567448 0.0138956 -0.823292 300.182
-0.843114 0.102853 -0.527808 -21.6785 0.0802482 0.994613 0.0656312 -5.65634 0.531714 0.012979 -0.846824 299.484
-0.864573 0.101063 -0.492239 -22.0529 0.080206 0.994763 0.0633621 -5.60899 0.496064 0.0153007 -0.868151 298.775
-0.88459 0.0975674 -0.45605 -22.4182 0.078493 0.99507 0.0606343 -5.56541 0.459717 0.0178398 -0.887886 297.995
-0.902487 0.0976533 -0.4195 -22.7476 0.0807393 0.995051 0.0579351 -5.52147 0.423081 0.0184155 -0.905905 297.198
-0.919021 0.0995298 -0.381437 -23.061 0.0843661 0.994843 0.0563194 -5.4773 0.385075 0.0195784 -0.922678 296.383
-0.933394 0.103397 -0.343635 -23.3454 0.0899988 0.994436 0.0547605 -5.43477 0.347385 0.0201864 -0.937505 295.532
-0.946139 0.104662 -0.306376 -23.6103 0.0921609 0.994223 0.0550318 -5.39262 0.310365 0.0238319 -0.950318 294.636
-0.956954 0.107732 -0.269506 -23.8544 0.0965161 0.993835 0.0545697 -5.35239 0.273724 0.026209 -0.961451 293.693
-0.96618 0.107142 -0.234555 -24.0393 0.0974838 0.993856 0.0524254 -5.31043 0.238731 0.0277871 -0.970688 292.768
-0.974051 0.105575 -0.200199 -24.2414 0.0980001 0.994058 0.0474057 -5.26797 0.204014 0.0265561 -0.978608 291.751
-0.980398 0.10398 -0.167359 -24.4024 0.0981824 0.994258 0.0425749 -5.22547 0.170825 0.0253087 -0.984976 290.7
-0.985306 0.103094 -0.136175 -24.5272 0.0984475 0.994321 0.040444 -5.18556 0.139571 0.0264436 -0.989859 289.66
-0.989226 0.10154 -0.105457 -24.6356 0.0979026 0.994427 0.0391298 -5.15395 0.108842 0.0283838 -0.993653 288.608
-0.991911 0.10096 -0.0769377 -24.7101 0.0984029 0.994483 0.0363466 -5.12038 0.0801827 0.0284817 -0.996373 287.485
-0.99366 0.100316 -0.0507703 -24.7552 0.098634 0.994522 0.0346241 -5.09188 0.0539654 0.0293969 -0.99811 286.365
-0.994877 0.0977255 -0.0258829 -24.7753 0.0968121 0.994707 0.034467 -5.05803 0.0291142 0.0317846 -0.99907 285.192
-0.995371 0.0960725 -0.00256894 -24.7735 0.0959288 0.994799 0.0342695 -5.02696 0.00584789 0.0338644 -0.999409 283.997
-0.995453 0.0935039 0.0182067 -24.7506 0.0940531 0.995051 0.0320877 -4.99616 -0.0151162 0.0336541 -0.999319 282.766
