1 0 0 0 0 1 0 0 0 0 1 0
0.999979 -0.00274621 -0.00588351 -0.0185051 0.0027677 0.99999 0.00364795 -0.084027 0.00587343 -0.00366415 0.999976 0.119036
0.99992 -0.00220532 -0.0124494 -0.0324244 0.00225198 0.99999 0.00373494 -0.0876047 0.012441 -0.00376267 0.999916 0.202808
0.999798 -0.00190428 -0.0199856 -0.043883 0.00196575 0.999993 0.00305645 -0.0893321 0.0199796 -0.00309512 0.999796 0.299912
0.999565 -0.00125543 -0.0294633 -0.051651 0.00130336 0.999998 0.00160748 -0.0894504 0.0294612 -0.00164518 0.999565 0.396498
0.999158 -0.00126087 -0.0410168 -0.0656467 0.00126525 0.999999 8.07361e-05 -0.0902632 0.0410167 -0.000132565 0.999158 0.508705
0.998496 -0.00138262 -0.054811 -0.0800448 0.00133138 0.999999 -0.000971311 -0.0902762 0.0548122 0.000896875 0.998496 0.626725
0.997472 -0.0014322 -0.0710459 -0.104236 0.00136601 0.999999 -0.000980262 -0.0907837 0.0710472 0.000880734 0.997472 0.75568
0.996013 -0.00285774 -0.0891581 -0.13897 0.00277288 0.999996 -0.00107569 -0.0940762 0.0891608 0.000824179 0.996017 0.889934
0.99404 -0.00388331 -0.108947 -0.173939 0.00375444 0.999992 -0.00138791 -0.0957325 0.108952 0.000970601 0.994046 1.04158
0.991389 -0.00408618 -0.130888 -0.223774 0.00387269 0.999991 -0.00188563 -0.0981985 0.130894 0.00136251 0.991395 1.20389
0.988024 -0.000149647 -0.154297 -0.290931 -0.00036174 0.999994 -0.00328623 -0.104002 0.154297 0.00330269 0.988019 1.36898
0.983822 0.00431802 -0.179099 -0.363075 -0.00526926 0.999974 -0.00483587 -0.110562 0.179073 0.00570135 0.983819 1.53293
0.978652 0.0073689 -0.20539 -0.440541 -0.00872997 0.999945 -0.00572133 -0.116958 0.205337 0.00739224 0.978663 1.69576
0.972277 0.00859636 -0.233673 -0.533821 -0.0102409 0.999931 -0.00582522 -0.12353 0.233607 0.00805674 0.972298 1.87594
0.964624 0.0110512 -0.263398 -0.630288 -0.0128984 0.999903 -0.00528501 -0.129154 0.263314 0.00849546 0.964673 2.05119
0.955553 0.0134747 -0.294511 -0.735616 -0.0154243 0.999872 -0.00429788 -0.132361 0.294415 0.00864946 0.955638 2.23441
0.944704 0.0159277 -0.327538 -0.845334 -0.017998 0.999832 -0.00329058 -0.135287 0.327431 0.00900365 0.944832 2.41761
0.932588 0.0185263 -0.360466 -0.961002 -0.0209727 0.999776 -0.00287626 -0.138298 0.360332 0.0102423 0.932768 2.59904
0.919066 0.0215872 -0.393512 -1.08264 -0.0244097 0.999699 -0.00216875 -0.140451 0.393347 0.0115987 0.919317 2.77954
0.903336 0.0224181 -0.428348 -1.21191 -0.025503 0.999673 -0.00146367 -0.140622 0.428176 0.0122463 0.903612 2.96788
0.885242 0.0182585 -0.464772 -1.34558 -0.0217524 0.999761 -0.002156 -0.141107 0.464622 0.0120185 0.885427 3.15754
0.864289 0.0130873 -0.502825 -1.47824 -0.0167855 0.999855 -0.00282832 -0.14114 0.502715 0.0108847 0.864384 3.33264
0.839385 0.014451 -0.543345 -1.63839 -0.0171976 0.999852 2.46812e-05 -0.14186 0.543265 0.00932352 0.839509 3.52414
0.810187 0.0198216 -0.585836 -1.81505 -0.0219014 0.999754 0.00353758 -0.143268 0.585762 0.00996454 0.810422 3.70385
0.777503 0.022488 -0.628477 -2.00968 -0.024776 0.99968 0.00511933 -0.143196 0.628391 0.0115908 0.777811 3.88562
0.741421 0.0219183 -0.670682 -2.21937 -0.0243203 0.999687 0.00578488 -0.144015 0.670599 0.0120222 0.741722 4.0614
0.701871 0.0179071 -0.712079 -2.43565 -0.0185395 0.999804 0.00686895 -0.145231 0.712063 0.0083805 0.702065 4.21993
0.659622 0.0143702 -0.75146 -2.68097 -0.0133076 0.999884 0.00743958 -0.145131 0.75148 0.00509284 0.659736 4.37791
0.615118 0.0139111 -0.788312 -2.94766 -0.0106663 0.999899 0.00932207 -0.143639 0.788363 0.00267418 0.615205 4.52936
0.567543 0.0145616 -0.823215 -3.23132 -0.00801381 0.999894 0.0121619 -0.141591 0.823304 -0.000305297 0.567599 4.66669
0.516524 0.0149992 -0.856141 -3.52395 -0.00631247 0.999886 0.0137091 -0.135125 0.856249 -0.00167671 0.51656 4.79329
0.463702 0.016135 -0.885844 -3.84055 -0.00541985 0.999867 0.0153748 -0.125813 0.885974 -0.00232816 0.463728 4.90884
0.409097 0.0178028 -0.912317 -4.16719 -0.00417637 0.999836 0.0176379 -0.114795 0.912481 -0.00340544 0.409104 5.00948
0.352849 0.0197548 -0.935472 -4.51462 -0.00327048 0.999797 0.0198796 -0.110564 0.935674 -0.00395507 0.352842 5.10459
0.299224 0.0219258 -0.953931 -4.87417 -0.00126537 0.999744 0.0225819 -0.0969434 0.954181 -0.00554998 0.299176 5.14938
0.248198 0.0232123 -0.968431 -5.25042 0.00195517 0.999699 0.0244629 -0.0845322 0.968707 -0.00796509 0.248078 5.16785
0.199153 0.0236213 -0.979684 -5.64035 0.0029163 0.999691 0.0246965 -0.080112 0.979964 -0.00777543 0.199022 5.18304
0.152168 0.0247739 -0.988044 -6.05923 -0.000272942 0.999687 0.0250238 -0.0748597 0.988354 -0.00353813 0.152127 5.19809
0.109686 0.025156 -0.993648 -6.48356 -0.00287521 0.999683 0.0249915 -0.0648397 0.993962 0.000115742 0.109723 5.20694
0.0714986 0.0237158 -0.997158 -6.93321 -0.00472094 0.999714 0.023438 -0.0541686 0.997429 0.00303174 0.0715901 5.20808
0.0367999 0.021136 -0.999099 -7.39859 -0.00391651 0.999771 0.021006 -0.0457606 0.999315 0.00313996 0.0368743 5.20057
0.00492376 0.0183918 -0.999819 -7.87949 -0.00371248 0.999824 0.0183736 -0.0417017 0.999981 0.00362134 0.00499116 5.18522
-0.0221677 0.0164333 -0.999619 -8.37208 -0.00436518 0.999854 0.016534 -0.0368854 0.999744 0.00473004 -0.0220927 5.1583
-0.0434555 0.0141557 -0.998955 -8.89134 -0.00513585 0.999883 0.0143923 -0.0279563 0.999042 0.0057559 -0.0433777 5.12163
-0.0600045 0.0133049 -0.998109 -9.41521 -0.00482306 0.999896 0.0136187 -0.0194372 0.998186 0.00563112 -0.059934 5.07862
-0.0730839 0.0136997 -0.997231 -9.96259 -0.00395676 0.999894 0.0140263 -0.0108446 0.997317 0.0049709 -0.073022 5.02891
-0.0825127 0.0146484 -0.996482 -10.5242 -0.0051315 0.999872 0.0151231 -0.00732843 0.996576 0.0063613 -0.082427 4.96799
-0.0893287 0.0162334 -0.99587 -11.1016 -0.00681487 0.999834 0.0169093 -0.0116946 0.995978 0.00829722 -0.0892032 4.90617
-0.0940867 0.0173276 -0.995413 -11.7024 -0.00679814 0.999814 0.0180467 -0.00826061 0.99554 0.00846492 -0.0939514 4.84581
-0.0958494 0.0180298 -0.995232 -12.3029 -0.00478744 0.999816 0.0185739 -0.00220887 0.995384 0.00654492 -0.0957455 4.79055
-0.0951122 0.0199829 -0.995266 -12.945 -0.00241885 0.999791 0.0203049 0.00902464 0.995463 0.00433864 -0.095044 4.73153
-0.093972 0.0223261 -0.995324 -13.5927 -0.00285849 0.999738 0.022695 0.0156073 0.99557 0.00497782 -0.0938835 4.67117
-0.0925038 0.0222424 -0.995463 -14.248 -0.00505244 0.999727 0.0228072 0.0201442 0.995699 0.00713927 -0.0923662 4.60652
-0.0911431 0.0197174 -0.995642 -14.9322 -0.00693199 0.999767 0.0204336 0.0288242 0.995813 0.00876417 -0.0909852 4.53948
-0.0902154 0.0198724 -0.995724 -15.6077 -0.00707784 0.999763 0.0205943 0.0348021 0.995897 0.0089055 -0.0900534 4.4847
-0.0888965 0.0225395 -0.995785 -16.3124 -0.00652283 0.999709 0.0232106 0.0465643 0.996019 0.00855869 -0.0887237 4.42804
-0.0875074 0.0257858 -0.99583 -17.0438 -0.00728351 0.999621 0.026524 0.0593717 0.996137 0.00957419 -0.0872864 4.36451
-0.085902 0.0275302 -0.995923 -17.7755 -0.00716337 0.999575 0.028249 0.0739276 0.996277 0.00956081 -0.0856683 4.30099
-0.0839211 0.0267381 -0.996113 -18.5374 -0.00920991 0.999576 0.027607 0.088534 0.996429 0.0114909 -0.0836393 4.22619
-0.0823527 0.023717 -0.99632 -19.2943 -0.0116709 0.999625 0.0247603 0.100829 0.996534 0.0136671 -0.082045 4.15738
-0.0809627 0.0228836 -0.996454 -20.0734 -0.0127679 0.99963 0.0239939 0.118517 0.996635 0.0146652 -0.0806406 4.08881
-0.0791748 0.0248147 -0.996551 -20.8508 -0.0106305 0.999612 0.0257355 0.1356 0.996803 0.0126315 -0.0788803 4.01787
-0.0786363 0.0267709 -0.996543 -21.6525 -0.00840351 0.999586 0.0275158 0.146378 0.996867 0.0105382 -0.0783788 3.95989
-0.0775372 0.0282983 -0.996587 -22.473 -0.0074775 0.999552 0.0289643 0.158957 0.996961 0.00969779 -0.0772909 3.89456
-0.077187 0.0236851 -0.996735 -23.2819 -0.00771052 0.999673 0.024352 0.167561 0.996986 0.00956501 -0.0769792 3.82913
-0.0762058 0.0166279 -0.996953 -24.0937 -0.00656319 0.999831 0.0171776 0.175305 0.99707 0.00785222 -0.0760838 3.75172
-0.0757158 0.0118219 -0.997059 -24.925 -0.00428366 0.999916 0.012181 0.186415 0.99712 0.00519336 -0.0756588 3.67869
-0.074785 0.0126585 -0.997119 -25.7457 -0.0030685 0.999912 0.0129241 0.189196 0.997194 0.00402619 -0.0747396 3.59106
-0.0747426 0.0199061 -0.997003 -26.597 -0.00359582 0.999789 0.0202312 0.191748 0.997196 0.00509718 -0.0746552 3.52105
-0.0749948 0.0269306 -0.996819 -27.4481 -0.00469295 0.999614 0.0273591 0.200441 0.997172 0.00672982 -0.0748395 3.45095
-0.0755299 0.0323113 -0.996619 -28.2781 -0.00633507 0.999439 0.0328828 0.206919 0.997123 0.00879729 -0.0752828 3.3887
-0.0758105 0.0325565 -0.99659 -29.1362 -0.00775172 0.999417 0.0332385 0.219369 0.997092 0.0102451 -0.0755139 3.31327
-0.0763057 0.0291047 -0.996659 -29.9827 -0.00791433 0.999525 0.0297943 0.230301 0.997052 0.0101614 -0.0760391 3.24412
-0.0778398 0.0263525 -0.996617 -30.8308 -0.00760948 0.999606 0.0270258 0.243628 0.996936 0.00968743 -0.0776085 3.18877
-0.0782493 0.0274023 -0.996556 -31.6769 -0.00901252 0.999562 0.0281926 0.255956 0.996893 0.0111875 -0.077968 3.12084
-0.0782905 0.0294085 -0.996496 -32.5213 -0.00950798 0.999497 0.0302441 0.268024 0.996885 0.0118425 -0.0779715 3.0523
-0.0784153 0.0275692 -0.996539 -33.3618 -0.00997907 0.999546 0.0284376 0.277808 0.99687 0.0121745 -0.0781045 2.98378
-0.0783829 0.0224687 -0.996669 -34.2002 -0.0106786 0.99967 0.0233761 0.283426 0.996866 0.0124753 -0.0781171 2.91611
-0.0781298 0.0186469 -0.996768 -35.0398 -0.0121865 0.999732 0.0196575 0.285198 0.996868 0.0136829 -0.0778816 2.84008
-0.0779024 0.0195232 -0.996769 -35.8694 -0.0115632 0.999723 0.0204847 0.286186 0.996893 0.0131216 -0.0776551 2.77824
-0.0778083 0.0220223 -0.996724 -36.7066 -0.0103914 0.999684 0.0228989 0.28794 0.996914 0.0121391 -0.0775548 2.72192
-0.0791191 0.0268522 -0.996502 -37.5307 -0.0101615 0.999563 0.0277414 0.293026 0.996813 0.0123208 -0.0788117 2.69081
-0.0791115 0.0324782 -0.996336 -38.3905 -0.00945371 0.9994 0.0333287 0.301453 0.99682 0.0120558 -0.078757 2.6277
-0.0804134 0.0355134 -0.996128 -39.2282 -0.00985375 0.999288 0.0364215 0.31128 0.996712 0.0127444 -0.0800062 2.57699
-0.0807475 0.0354989 -0.996101 -40.081 -0.0096478 0.999291 0.0363946 0.322589 0.996687 0.012549 -0.0803478 2.50949
-0.0815805 0.0315262 -0.996167 -40.8881 -0.00974926 0.999426 0.0324278 0.329064 0.996618 0.0123574 -0.0812264 2.46112
-0.081671 0.0275241 -0.996278 -41.736 -0.0109384 0.999533 0.0285107 0.336762 0.996599 0.0132262 -0.0813318 2.38687
-0.083433 0.0250372 -0.996198 -42.5462 -0.0147579 0.999543 0.0263573 0.340753 0.996403 0.0169008 -0.0830254 2.34795
-0.0857219 0.023227 -0.996047 -43.3944 -0.0177975 0.999533 0.02484 0.350012 0.996159 0.0198565 -0.0852684 2.29118
-0.0878864 0.0210504 -0.995907 -44.2208 -0.0152537 0.999631 0.0224752 0.357454 0.996013 0.0171666 -0.0875329 2.24341
-0.0904356 0.0173625 -0.99575 -45.0512 -0.0118156 0.999759 0.0185055 0.36183 0.995831 0.0134389 -0.0902087 2.19133
-0.0916637 0.0161087 -0.995659 -45.883 -0.0074356 0.99983 0.0168607 0.363366 0.995761 0.00894884 -0.0915283 2.12266
-0.0944031 0.0194069 -0.995344 -46.715 -0.00696516 0.999772 0.0201538 0.368172 0.995509 0.00883532 -0.0942465 2.05149
-0.0967612 0.0251019 -0.99499 -47.5404 -0.0044178 0.999661 0.0256494 0.376053 0.995297 0.00687754 -0.0966175 1.97904
-0.100218 0.0288011 -0.994547 -48.364 -0.00231203 0.999571 0.0291795 0.380792 0.994962 0.00522376 -0.100109 1.9178
-0.101709 0.0280479 -0.994418 -49.1979 -0.00243439 0.999592 0.0284428 0.385744 0.99481 0.0053137 -0.101599 1.82732
-0.1026 0.0241828 -0.994428 -49.9971 -0.00580614 0.999673 0.0249094 0.388033 0.994705 0.0083295 -0.102426 1.73196
-0.103852 0.0208931 -0.994372 -50.8038 -0.010342 0.999702 0.0220852 0.390814 0.994538 0.0125774 -0.103606 1.63407
-0.105867 0.0194643 -0.994189 -51.6175 -0.0143807 0.999674 0.021103 0.39555 0.994276 0.0165313 -0.105552 1.54197
-0.106974 0.0203776 -0.994052 -52.4291 -0.0161855 0.999622 0.0222335 0.39867 0.994129 0.0184677 -0.106604 1.44485
-0.108067 0.0219907 -0.993899 -53.2197 -0.0156974 0.999593 0.0238234 0.400625 0.994019 0.0181762 -0.107678 1.35397
-0.109001 0.0215389 -0.993807 -54.0084 -0.0174746 0.999569 0.0235804 0.403867 0.993887 0.0199367 -0.108578 1.25861
-0.108676 0.0214804 -0.993844 -54.7847 -0.0184007 0.999551 0.0236159 0.404374 0.993906 0.0208539 -0.108232 1.15113
-0.108437 0.0231576 -0.993832 -55.563 -0.0171295 0.999536 0.0251594 0.409893 0.993955 0.0197521 -0.10799 1.05041
-0.108249 0.0265654 -0.993768 -56.3369 -0.0160337 0.999466 0.0284642 0.409488 0.993994 0.019015 -0.107765 0.954303
-0.1089 0.0309587 -0.993569 -57.1196 -0.0155965 0.999338 0.0328479 0.41409 0.99393 0.0190733 -0.108345 0.866183
-0.109543 0.0329191 -0.993436 -57.8976 -0.0150374 0.999282 0.034771 0.425085 0.993868 0.0187476 -0.10897 0.77424
-0.110101 0.0328519 -0.993376 -58.6462 -0.0146265 0.999292 0.0346686 0.434653 0.993812 0.0183467 -0.109543 0.685716
-0.110877 0.0309107 -0.993352 -59.3959 -0.013875 0.99937 0.0326467 0.442491 0.993737 0.0174025 -0.110378 0.603017
-0.111302 0.0273072 -0.99341 -60.1355 -0.0134813 0.999489 0.0289847 0.451427 0.993694 0.0166185 -0.110877 0.514556
-0.111665 0.0244695 -0.993444 -60.8622 -0.01382 0.999562 0.0261736 0.457186 0.993649 0.016652 -0.111278 0.433606
-0.110936 0.022149 -0.99358 -61.5925 -0.014009 0.999617 0.0238477 0.463602 0.993728 0.0165646 -0.110584 0.347303
-0.109003 0.0212453 -0.993813 -62.2968 -0.0162538 0.9996 0.0231517 0.467292 0.993908 0.0186769 -0.108614 0.266788
-0.105371 0.0221959 -0.994184 -62.9876 -0.01644 0.999575 0.0240586 0.469309 0.994296 0.0188795 -0.104961 0.189932
-0.0999584 0.0237509 -0.994707 -63.6587 -0.0157405 0.999552 0.0254484 0.470822 0.994866 0.018201 -0.0995398 0.12658
-0.0931008 0.0251687 -0.995338 -64.3179 -0.0145265 0.999539 0.0266336 0.474224 0.99555 0.0169384 -0.0926924 0.06823
-0.0847916 0.0263597 -0.996049 -64.9583 -0.015178 0.999499 0.0277431 0.477141 0.996282 0.0174704 -0.0843492 0.0171104
-0.073034 0.0278079 -0.996941 -65.6 -0.0168284 0.999434 0.0291102 0.485139 0.997187 0.0189029 -0.0725248 -0.0358549
-0.0588945 0.0293252 -0.997832 -66.2152 -0.0198855 0.999335 0.0305431 0.489992 0.998065 0.0216412 -0.0582723 -0.0644646
-0.0412089 0.0303366 -0.998689 -66.7998 -0.0212274 0.999286 0.0312306 0.497091 0.998924 0.0224866 -0.0405356 -0.0738204
-0.0193791 0.0310195 -0.99933 -67.378 -0.0219641 0.999264 0.0314434 0.504038 0.99957 0.0225588 -0.0186835 -0.0732777
0.00555467 0.03125 -0.999495 -67.9251 -0.0213756 0.999287 0.0311246 0.509102 0.999755 0.0211919 0.00621869 -0.0470968
0.0342862 0.030731 -0.998938 -68.4748 -0.0195307 0.999357 0.0300735 0.516146 0.999221 0.0184789 0.0348643 0.00154424
0.0670833 0.0307016 -0.997274 -68.9937 -0.0179101 0.999402 0.0295623 0.520216 0.997586 0.0158781 0.0675931 0.087869
0.103241 0.031045 -0.994171 -69.4727 -0.0169295 0.999422 0.0294509 0.521296 0.994512 0.0137903 0.103707 0.193921
0.142973 0.0308669 -0.989244 -69.9707 -0.0164143 0.99945 0.028813 0.525107 0.98959 0.0121183 0.143402 0.316893
0.188072 0.0316016 -0.981646 -70.4477 -0.015157 0.999456 0.0292711 0.530847 0.982038 0.00937377 0.188449 0.444372
0.236638 0.0300692 -0.971131 -70.9005 -0.0116749 0.999536 0.0281039 0.534474 0.971527 0.00468737 0.23688 0.589877
0.287551 0.0251426 -0.957434 -71.3447 -0.00374157 0.999677 0.0251282 0.536903 0.957757 -0.00364334 0.287553 0.759199
0.339356 0.0200045 -0.940444 -71.7838 0.00182821 0.999757 0.0219258 0.537531 0.940655 -0.00916002 0.339238 0.958744
0.391636 0.0155402 -0.919988 -72.1896 0.00753292 0.999769 0.0200946 0.536947 0.920089 -0.0148 0.391429 1.18045
0.442799 0.0153073 -0.896489 -72.5944 0.00773096 0.999751 0.0208889 0.539619 0.896587 -0.0161804 0.442571 1.42656
0.49105 0.0141046 -0.871016 -72.9848 0.00989179 0.999714 0.0217652 0.542801 0.871075 -0.0193037 0.49077 1.69429
0.536704 0.0100295 -0.84371 -73.3339 0.0178201 0.999571 0.023218 0.543819 0.843581 -0.0274962 0.536296 1.9711
0.580972 0.00341519 -0.813915 -73.6457 0.0286597 0.999285 0.0246502 0.544934 0.813418 -0.0376477 0.580459 2.26562
0.623445 -0.00176442 -0.781864 -73.9609 0.0306102 0.999285 0.0221529 0.547176 0.781267 -0.0377441 0.623054 2.58436
0.665135 -0.00665018 -0.746692 -74.2737 0.0277586 0.999489 0.015825 0.549874 0.746206 -0.0312529 0.664981 2.90985
0.706165 -0.0134478 -0.707918 -74.5555 0.0243691 0.999688 0.00531832 0.549981 0.707627 -0.021007 0.706273 3.25288
0.746221 -0.016695 -0.665487 -74.8389 0.0203103 0.999791 -0.00230743 0.551293 0.665387 -0.0117944 0.746405 3.62354
0.784185 -0.0177136 -0.620272 -75.106 0.0188132 0.999811 -0.00476767 0.551985 0.62024 -0.00793058 0.784371 4.02127
0.819379 -0.0195451 -0.572917 -75.3565 0.0193513 0.999792 -0.00643195 0.554824 0.572923 -0.00581649 0.819588 4.44094
0.851243 -0.0187707 -0.524435 -75.6185 0.0168632 0.999822 -0.00841415 0.557862 0.5245 -0.00168117 0.851408 4.90653
0.87795 -0.0175253 -0.478429 -75.8206 0.0163695 0.999844 -0.00658591 0.547781 0.47847 -0.00204956 0.878101 5.38148
0.900088 -0.0118492 -0.435545 -76.0277 0.0105853 0.999929 -0.00532837 0.541788 0.435578 0.000185633 0.900151 5.88618
0.918632 -0.00795593 -0.395032 -76.2288 0.00583546 0.999961 -0.0065691 0.537334 0.395069 0.0037294 0.918643 6.41001
0.933134 -0.00288023 -0.359515 -76.413 0.00120853 0.999987 -0.00487464 0.533249 0.359524 0.00411421 0.933126 6.94163
0.944139 -0.00167165 -0.32954 -76.6026 0.000795628 0.999995 -0.00279326 0.52482 0.329544 0.00237503 0.944137 7.50998
0.952265 -0.00261622 -0.30526 -76.7837 0.0023439 0.999996 -0.00125869 0.518774 0.305262 0.000483115 0.952268 8.10137
0.958604 -0.002448 -0.284731 -76.9303 0.00285609 0.999995 0.00101795 0.510994 0.284727 -0.00178903 0.958606 8.67898
0.963595 0.000219443 -0.267362 -77.0749 0.000822011 0.999992 0.00378325 0.504296 0.267361 -0.0038653 0.963588 9.28487
0.967591 0.00495298 -0.252472 -77.2424 -0.00372629 0.999978 0.00533647 0.502648 0.252493 -0.00422274 0.967589 9.9251
0.970917 0.00815701 -0.239274 -77.4035 -0.00680041 0.999955 0.00649456 0.500719 0.239316 -0.00467852 0.97093 10.5726
0.973929 0.00682934 -0.226745 -77.5339 -0.0055029 0.999963 0.00648137 0.493596 0.226781 -0.00506464 0.973932 11.221
0.976881 0.00708478 -0.213664 -77.6574 -0.00585837 0.999962 0.00637236 0.486735 0.213701 -0.00497331 0.976886 11.8856
0.979866 0.00747611 -0.199511 -77.7921 -0.00614077 0.999954 0.00731086 0.483332 0.199557 -0.00593851 0.979868 12.585
0.982498 0.00885048 -0.186056 -77.9038 -0.00749189 0.999939 0.00800374 0.478206 0.186116 -0.00646975 0.982506 13.2809
0.984646 0.00845981 -0.174355 -78.0182 -0.00762663 0.999955 0.00544793 0.472316 0.174393 -0.00403455 0.984667 14.0082
0.986485 0.00881556 -0.163609 -78.1493 -0.00886264 0.99996 0.000441991 0.464562 0.163606 0.00101399 0.986525 14.7653
0.987941 0.00678853 -0.15468 -78.2426 -0.00770388 0.999956 -0.00531928 0.452788 0.154637 0.00644677 0.98795 15.4935
0.989102 0.00671824 -0.14707 -78.3369 -0.00758825 0.999956 -0.0053556 0.444451 0.147028 0.00641325 0.989111 16.2393
0.990025 0.00815828 -0.140649 -78.4453 -0.00814033 0.999966 0.000702685 0.438457 0.14065 0.000449253 0.990059 17.0103
0.990625 0.0126024 -0.136021 -78.5465 -0.0115729 0.999897 0.00835674 0.432383 0.136113 -0.00670423 0.99067 17.7762
0.991163 0.013191 -0.131983 -78.6555 -0.0117281 0.99986 0.0118554 0.427435 0.132121 -0.0102028 0.991181 18.5605
0.991569 0.0121205 -0.129007 -78.742 -0.0107939 0.999881 0.0109772 0.418481 0.129125 -0.0094922 0.991582 19.3171
0.991916 0.011874 -0.126332 -78.8386 -0.0106559 0.999889 0.0103135 0.410893 0.126441 -0.00888392 0.991934 20.092
0.992219 0.0105528 -0.124049 -78.9214 -0.00905737 0.999879 0.0126129 0.404218 0.124167 -0.0113912 0.992195 20.8569
0.992451 0.00890179 -0.122308 -79.0058 -0.007106 0.99986 0.0151106 0.398184 0.122425 -0.0141275 0.992377 21.6296
0.992742 0.00670735 -0.12007 -79.0832 -0.00473639 0.999849 0.0166927 0.392647 0.120164 -0.0160029 0.992625 22.3941
0.992943 0.00592077 -0.118442 -79.1613 -0.00436302 0.9999 0.0134067 0.384123 0.11851 -0.0127953 0.99287 23.1612
0.993062 0.00834118 -0.117288 -79.2593 -0.00768369 0.999951 0.00605653 0.379833 0.117333 -0.0051133 0.993079 23.9365
0.993239 0.00860497 -0.115758 -79.3535 -0.00882675 0.999959 -0.00140371 0.369465 0.115741 0.00241599 0.993276 24.6999
0.993309 0.00939092 -0.115093 -79.4404 -0.0101749 0.999928 -0.0062265 0.367983 0.115026 0.00735591 0.993335 25.4656
0.99342 0.0101051 -0.114076 -79.5135 -0.0107365 0.999929 -0.00492237 0.358277 0.114018 0.00611477 0.993459 26.2139
0.993496 0.0129043 -0.113126 -79.5923 -0.0131344 0.999912 -0.00128908 0.347219 0.1131 0.00276654 0.993579 26.9899
0.99357 0.0160129 -0.112072 -79.6768 -0.0157002 0.999869 0.00367155 0.333602 0.112116 -0.00188838 0.993693 27.7724
0.993789 0.0132059 -0.110487 -79.7555 -0.0126876 0.999904 0.00539244 0.3247 0.110548 -0.00395714 0.993862 28.5497
0.99379 0.0101408 -0.1108 -79.823 -0.00964434 0.99994 0.00501524 0.313862 0.110845 -0.00391551 0.99383 29.3
0.993822 0.00838899 -0.110659 -79.9 -0.00785986 0.999955 0.00521676 0.299218 0.110698 -0.00431477 0.993844 30.0706
0.993872 0.00850491 -0.110199 -79.9852 -0.00818038 0.99996 0.00339649 0.293299 0.110224 -0.0024742 0.993903 30.8438
0.993881 0.00693773 -0.110228 -80.0629 -0.00675718 0.999974 0.00201118 0.284848 0.110239 -0.00125404 0.993904 31.6073
0.993982 0.00579201 -0.109387 -80.1539 -0.00559537 0.999981 0.00210428 0.276132 0.109398 -0.00147956 0.993996 32.3793
0.994046 0.00923656 -0.108559 -80.2481 -0.00895808 0.999954 0.00305241 0.268295 0.108582 -0.00206176 0.994085 33.1522
0.994011 0.00864117 -0.108932 -80.3382 -0.00845317 0.999961 0.00218732 0.258515 0.108946 -0.0012534 0.994046 33.9314
0.993919 0.00852655 -0.109773 -80.4431 -0.00835958 0.999962 0.00198093 0.24893 0.109785 -0.00105124 0.993954 34.6882
0.99379 0.00732777 -0.111024 -80.5466 -0.0071311 0.999972 0.00216812 0.240304 0.111037 -0.00136293 0.993815 35.4689
0.993435 0.00863382 -0.114065 -80.65 -0.00846433 0.999962 0.0019699 0.23369 0.114078 -0.000991483 0.993471 36.2698
0.993028 0.0127651 -0.117176 -80.7477 -0.012673 0.999918 0.00153048 0.221298 0.117186 -3.48376e-05 0.993109 37.0569
0.992682 0.0127016 -0.120078 -80.8489 -0.0131667 0.999908 -0.00308074 0.206034 0.120028 0.00463923 0.992759 37.8522
0.99236 0.0137778 -0.1226 -80.9514 -0.0146683 0.999871 -0.00636363 0.189661 0.122497 0.00811335 0.992435 38.651
0.991959 0.0126153 -0.125923 -81.0338 -0.0137197 0.999874 -0.00790741 0.175937 0.125807 0.00957146 0.992008 39.4712
0.991675 0.0124553 -0.128155 -81.1596 -0.0133657 0.999891 -0.00624679 0.157387 0.128064 0.00790769 0.991734 40.3259
0.9913 0.0109322 -0.131162 -81.2626 -0.0117744 0.999914 -0.00564763 0.142114 0.131089 0.00714286 0.991344 41.1666
0.991077 0.0104691 -0.13287 -81.3838 -0.0111093 0.999929 -0.00407814 0.130596 0.132818 0.00551786 0.991125 42.0111
0.990946 0.010303 -0.133856 -81.5072 -0.010479 0.999944 -0.000610664 0.119509 0.133842 0.00200781 0.991 42.8604
0.990856 0.00998092 -0.134549 -81.6296 -0.0095583 0.999947 0.00378634 0.111702 0.134579 -0.00246566 0.990899 43.709
0.990833 0.0104426 -0.134684 -81.7353 -0.00972715 0.999934 0.00596858 0.0983266 0.134738 -0.00460378 0.99087 44.5622
0.990986 0.0133756 -0.13329 -81.8569 -0.0127073 0.999901 0.00586355 0.0937446 0.133355 -0.00411694 0.991059 45.4479
0.991218 0.0134527 -0.131543 -81.9728 -0.0129719 0.999905 0.00451101 0.0866932 0.131591 -0.00276505 0.9913 46.3076
0.991496 0.0112662 -0.129638 -82.0947 -0.0110956 0.999936 0.00203744 0.0783479 0.129653 -0.000581693 0.991559 47.183
0.991805 0.00752051 -0.127532 -82.2085 -0.00753432 0.999971 0.000373908 0.0664355 0.127531 0.000590026 0.991834 48.0505
0.992066 0.00624827 -0.125556 -82.3219 -0.00627783 0.99998 0.000159972 0.0541129 0.125554 0.000629521 0.992086 48.9249
0.992202 0.00435988 -0.12456 -82.4351 -0.00406153 0.999988 0.00264882 0.0399011 0.12457 -0.00212226 0.992208 49.8157
0.992373 0.00205686 -0.123248 -82.5501 -0.00142409 0.999985 0.00522167 0.0234476 0.123257 -0.00500633 0.992362 50.682
0.992493 0.00177799 -0.122282 -82.6601 -0.00112709 0.999984 0.00539163 0.0114666 0.122289 -0.00521333 0.99248 51.5578
0.99262 0.00273296 -0.121231 -82.7755 -0.00245344 0.999993 0.00245463 -0.00583264 0.121237 -0.00213908 0.992621 52.4377
0.992716 0.00493952 -0.120368 -82.8934 -0.00533506 0.999981 -0.00296433 -0.0275049 0.120351 0.00358492 0.992724 53.306
0.992814 0.00638794 -0.119492 -82.9854 -0.00740429 0.999939 -0.00806381 -0.0500843 0.119433 0.00889063 0.992802 54.1255
0.992796 0.0105081 -0.119351 -83.095 -0.0122156 0.999832 -0.0135839 -0.0762805 0.119188 0.014944 0.992759 55.0032
0.992896 0.0104745 -0.118515 -83.1996 -0.0122692 0.99982 -0.0144242 -0.101028 0.118343 0.0157759 0.992847 55.8585
0.992946 0.00752345 -0.118318 -83.307 -0.00861356 0.999924 -0.00870498 -0.119531 0.118244 0.00966273 0.992937 56.7291
0.992975 0.00788883 -0.118056 -83.4327 -0.00793627 0.999968 6.79959e-05 -0.140624 0.118053 0.000869413 0.993006 57.6067
0.992768 0.00720442 -0.119823 -83.5148 -0.00634002 0.99995 0.00759338 -0.160237 0.119872 -0.00677879 0.992766 58.4235
0.992367 0.00503866 -0.12321 -83.6052 -0.00435197 0.999973 0.00584153 -0.178768 0.123236 -0.00526074 0.992363 59.2629
0.991998 0.00015768 -0.126249 -83.6949 0.000194177 0.999995 0.00277441 -0.198466 0.126249 -0.00277672 0.991994 60.1015
0.991362 -0.00133662 -0.131144 -83.7698 0.00155075 0.999997 0.00153037 -0.21609 0.131141 -0.00172052 0.991362 60.9307
0.990979 0.000644872 -0.134011 -83.8897 -0.000799784 0.999998 -0.0011024 -0.230932 0.13401 0.00119964 0.990979 61.7662
0.990441 0.00185711 -0.137915 -84.0109 -0.0024937 0.999986 -0.00444346 -0.249127 0.137905 0.00474491 0.990434 62.6026
0.989679 0.00219341 -0.14328 -84.1156 -0.00334815 0.999963 -0.00781894 -0.268736 0.143257 0.00821798 0.989651 63.4152
0.989208 0.00389056 -0.146457 -84.2478 -0.00567176 0.999914 -0.0117465 -0.290428 0.146399 0.0124505 0.989147 64.2353
0.988634 0.00842451 -0.1501 -84.3732 -0.0103181 0.999876 -0.0118417 -0.314093 0.149982 0.0132558 0.9886 65.0329
0.987928 0.0118331 -0.154457 -84.5016 -0.0135383 0.999858 -0.00999268 -0.335302 0.154317 0.0119631 0.987949 65.84
0.987145 0.0152572 -0.159091 -84.6385 -0.0161792 0.999858 -0.00450172 -0.352462 0.159 0.00701783 0.987253 66.6584
0.986489 0.0162173 -0.163016 -84.7779 -0.0162801 0.999866 0.000950514 -0.37088 0.16301 0.00171624 0.986623 67.4435
0.985603 0.0155521 -0.168353 -84.9183 -0.0150328 0.999877 0.00435836 -0.384681 0.1684 -0.0017648 0.985717 68.2568
0.984438 0.0148183 -0.1751 -85.0618 -0.0141552 0.999887 0.00503487 -0.393252 0.175155 -0.00247794 0.984537 69.0411
0.983344 0.0128421 -0.181293 -85.2066 -0.011518 0.999898 0.00835447 -0.400431 0.181382 -0.0061272 0.983393 69.8263
0.981937 0.0131175 -0.188748 -85.3573 -0.0118757 0.999899 0.00770839 -0.408779 0.188831 -0.00532763 0.981995 70.6251
0.980694 0.0172784 -0.194777 -85.5209 -0.0163207 0.999845 0.00652099 -0.416301 0.19486 -0.0032162 0.980825 71.3928
0.979547 0.01872 -0.200337 -85.6928 -0.0186008 0.999823 0.00247721 -0.423486 0.200348 0.00129988 0.979724 72.157
0.97819 0.0169859 -0.207011 -85.8449 -0.0174748 0.999847 -0.000533452 -0.433193 0.206971 0.0041393 0.978338 72.9128
0.976924 0.0181546 -0.212809 -86.0135 -0.018995 0.999817 -0.00190499 -0.446665 0.212736 0.00590335 0.977092 73.68
0.975842 0.0203947 -0.21752 -86.1979 -0.0202356 0.99979 0.00295928 -0.454384 0.217535 0.00151386 0.976051 74.4495
0.974515 0.0213604 -0.2233 -86.3836 -0.0203877 0.999769 0.00666067 -0.46129 0.223391 -0.00193836 0.974727 75.2051
0.973119 0.0206547 -0.22937 -86.5668 -0.0192453 0.999779 0.00838014 -0.472382 0.229493 -0.00374059 0.973303 75.9509
0.971486 0.0184826 -0.23637 -86.7586 -0.0178682 0.999829 0.00474106 -0.486712 0.236417 -0.000382361 0.971651 76.7026
0.969537 0.0161648 -0.244406 -86.9569 -0.0172751 0.999847 -0.00240016 -0.495435 0.24433 0.0065492 0.96967 77.4422
0.967278 0.0133346 -0.253362 -87.1602 -0.0149681 0.999877 -0.00452079 -0.507729 0.253271 0.00816524 0.96736 78.1841
0.964958 0.013263 -0.262065 -87.3917 -0.0142748 0.999896 -0.00195747 -0.521391 0.262012 0.0056298 0.965048 78.9008
0.962207 0.013494 -0.271982 -87.6283 -0.012872 0.999908 0.00407111 -0.5309 0.272012 -0.000416303 0.962293 79.6197
0.9591 0.0157319 -0.282625 -87.8669 -0.0129585 0.999847 0.0116796 -0.540411 0.282766 -0.00753954 0.959159 80.3322
0.955784 0.0161598 -0.29362 -88.1007 -0.0121715 0.999807 0.0154055 -0.554446 0.293813 -0.0111506 0.955798 81.0577
0.952088 0.0186519 -0.30525 -88.3429 -0.0160948 0.999811 0.0108916 -0.567049 0.305396 -0.0054568 0.95221 81.7838
0.948196 0.0174056 -0.317204 -88.5895 -0.017703 0.999841 0.0019446 -0.577487 0.317188 0.00377162 0.948355 82.486
0.943916 0.0143342 -0.329871 -88.8379 -0.0162237 0.999863 -0.00297563 -0.584344 0.329784 0.00816049 0.944021 83.1938
0.93954 0.0135711 -0.342168 -89.0862 -0.0138016 0.999903 0.00176106 -0.589835 0.342159 0.00306789 0.939637 83.884
0.935261 0.0154189 -0.353621 -89.3596 -0.0131783 0.999874 0.00874323 -0.598168 0.353712 -0.00351707 0.935347 84.594
0.930646 0.0154971 -0.36559 -89.6406 -0.0112863 0.999843 0.0136519 -0.603253 0.365744 -0.00857895 0.930675 85.2983
0.925959 0.0129822 -0.377399 -89.9526 -0.00923049 0.999888 0.011748 -0.610389 0.377509 -0.00739462 0.925976 86.008
0.921508 0.0108996 -0.388203 -90.2567 -0.00870655 0.999934 0.00740762 -0.620746 0.388258 -0.00344628 0.921544 86.6957
0.917958 0.00633132 -0.396624 -90.5612 -0.00659048 0.999978 0.000709391 -0.634512 0.39662 0.00196276 0.91798 87.3779
0.91486 0.00213985 -0.403763 -90.8879 -0.00455643 0.999977 -0.00502454 -0.646641 0.403744 0.00643648 0.914849 88.0781
0.911412 0.00200439 -0.411488 -91.1831 -0.00538403 0.99996 -0.00705439 -0.662027 0.411457 0.00864493 0.911388 88.7577
0.907968 0.00671747 -0.418983 -91.5266 -0.0107681 0.999915 -0.00730391 -0.675914 0.418898 0.0111434 0.907964 89.452
0.904315 0.00644379 -0.426815 -91.8394 -0.0095867 0.99994 -0.00521545 -0.691165 0.426756 0.00880817 0.904324 90.1261
0.900524 0.00768606 -0.434735 -92.1729 -0.00801366 0.999967 0.00107945 -0.700522 0.434729 0.00251175 0.900557 90.8189
0.897315 0.00928511 -0.441291 -92.5114 -0.00601636 0.999943 0.00880592 -0.70409 0.441348 -0.00524672 0.89732 91.5096
0.894496 0.0184405 -0.446693 -92.8943 -0.0130567 0.9998 0.015128 -0.708765 0.446883 -0.00769961 0.894559 92.2076
0.89139 0.0251222 -0.452538 -93.2408 -0.0219635 0.999683 0.0122336 -0.717614 0.452703 -0.000965609 0.891661 92.8699
0.888735 0.0212513 -0.457927 -93.6045 -0.0214866 0.999758 0.00469575 -0.726007 0.457916 0.005666 0.888977 93.5512
0.886383 0.0136129 -0.46275 -93.9491 -0.0166948 0.999857 -0.00256532 -0.738137 0.462649 0.00999938 0.886485 94.224
0.884288 0.0140805 -0.466726 -94.3133 -0.0175539 0.999841 -0.00309503 -0.749213 0.466609 0.0109298 0.884396 94.9087
0.881732 0.0197794 -0.471334 -94.6979 -0.0214808 0.999767 0.0017705 -0.757869 0.471259 0.00856352 0.881953 95.6001
0.878653 0.0222646 -0.476939 -95.0482 -0.0220797 0.999738 0.00599294 -0.772026 0.476948 0.00526499 0.878915 96.2693
0.87601 0.0187305 -0.481926 -95.4227 -0.0190973 0.999809 0.00414475 -0.789968 0.481912 0.00557263 0.876202 96.9469
0.873263 0.0169891 -0.48695 -95.805 -0.0206124 0.999785 -0.00208364 -0.805691 0.48681 0.0118568 0.873427 97.6256
0.870708 0.0137684 -0.491605 -96.2016 -0.0206593 0.999749 -0.00859091 -0.817765 0.491363 0.0176364 0.870776 98.3023
0.868218 0.0139467 -0.495984 -96.5966 -0.0218229 0.999711 -0.0100899 -0.831766 0.4957 0.0195841 0.868273 98.9726
0.865383 0.0164536 -0.500838 -96.9712 -0.0224941 0.999728 -0.0060238 -0.845842 0.500603 0.0164788 0.86552 99.6467
0.862616 0.0176337 -0.50555 -97.3654 -0.0228822 0.999729 -0.00417303 -0.861495 0.50534 0.0151679 0.862787 100.322
0.859359 0.0179315 -0.511056 -97.7474 -0.0230856 0.999726 -0.00374179 -0.876008 0.510849 0.0150136 0.859539 100.99
0.856567 0.015841 -0.51579 -98.1432 -0.0212362 0.999764 -0.00456201 -0.894451 0.515596 0.0148611 0.856703 101.654
0.853851 0.0139299 -0.520328 -98.5424 -0.0195127 0.999795 -0.00525423 -0.913393 0.520149 0.0146394 0.85395 102.316
0.851341 0.0134402 -0.524438 -98.9453 -0.0187677 0.999812 -0.00484346 -0.930435 0.524274 0.0139659 0.851434 102.964
0.849093 0.0146239 -0.528038 -99.3784 -0.0199984 0.999789 -0.00446893 -0.947105 0.527862 0.0143545 0.849209 103.621
0.846309 0.0145814 -0.53249 -99.775 -0.0201177 0.999786 -0.00459641 -0.965257 0.53231 0.0146025 0.846423 104.256
0.84315 0.0110146 -0.537564 -100.185 -0.0186569 0.999787 -0.00877726 -0.982975 0.537353 0.0174298 0.843177 104.909
0.840406 0.00702379 -0.541909 -100.585 -0.0168707 0.99977 -0.0132053 -1.00582 0.541693 0.0202402 0.840333 105.532
0.837886 0.00514909 -0.545819 -100.992 -0.0164813 0.999738 -0.0158692 -1.026 0.545595 0.0222924 0.837752 106.156
0.835568 0.00695129 -0.54934 -101.396 -0.0163138 0.999792 -0.0121627 -1.04551 0.549142 0.0191247 0.83551 106.772
0.833283 0.0108792 -0.552737 -101.802 -0.015461 0.999873 -0.00362859 -1.0585 0.552628 0.0115696 0.833347 107.386
0.831208 0.012555 -0.555817 -102.201 -0.0114446 0.999919 0.00547135 -1.07125 0.555841 0.00181329 0.831286 108.001
0.829766 0.0122765 -0.557974 -102.625 -0.00793898 0.999916 0.0101939 -1.08802 0.558053 -0.00402883 0.829795 108.596
0.82822 0.00948353 -0.56032 -103.04 -0.00497064 0.999941 0.00957695 -1.1002 0.560378 -0.00514668 0.828221 109.183
0.826279 0.00756031 -0.563207 -103.447 -0.00489335 0.999968 0.00624416 -1.11427 0.563237 -0.00240345 0.826292 109.761
0.824525 0.00559776 -0.565795 -103.834 -0.00448776 0.999984 0.00335343 -1.1243 0.565805 -0.00022583 0.824539 110.311
0.822801 0.00366585 -0.568316 -104.198 -0.00316988 0.999993 0.00186094 -1.12982 0.568319 0.000270321 0.822808 110.839
0.820965 0.00196202 -0.570973 -104.551 -0.00142653 0.999998 0.00138508 -1.13983 0.570975 -0.000322578 0.820967 111.363
0.819243 0.00259208 -0.573438 -104.907 -0.00160567 0.999996 0.00222621 -1.15166 0.573442 -0.000903045 0.819245 111.869
0.817758 0.00285134 -0.575553 -105.242 -0.000862357 0.999992 0.00372873 -1.16363 0.57556 -0.00255286 0.817755 112.344
0.816422 0.00181743 -0.57745 -105.585 0.000721478 0.999991 0.0041673 -1.17227 0.577453 -0.00381889 0.816415 112.811
0.815302 -5.59465e-05 -0.579033 -105.912 0.00288192 0.999988 0.00396117 -1.17841 0.579026 -0.00489827 0.815294 113.251
0.814338 -0.00117638 -0.580387 -106.223 0.00340901 0.99999 0.00275622 -1.18828 0.580379 -0.00422304 0.814335 113.666
0.812964 -0.00146196 -0.58231 -106.523 0.00128208 0.999999 -0.000720775 -1.1994 0.58231 -0.000160592 0.812966 114.07
0.811419 -0.00423399 -0.584447 -106.82 0.00181686 0.999987 -0.00472197 -1.21218 0.58446 0.00276965 0.811417 114.461
0.80904 -0.00803219 -0.587696 -107.095 0.00504424 0.999964 -0.00672277 -1.22505 0.58773 0.00247452 0.809053 114.83
0.806333 -0.0116734 -0.591345 -107.366 0.00983412 0.999931 -0.0063298 -1.23639 0.591378 -0.000711417 0.806393 115.188
0.802743 -0.0105764 -0.596228 -107.63 0.00952157 0.999942 -0.00491833 -1.24571 0.596246 -0.00172886 0.802799 115.53
0.798457 -0.007051 -0.602008 -107.885 0.00638595 0.999974 -0.0032424 -1.25373 0.602016 -0.00125547 0.798483 115.86
0.794588 -0.000790603 -0.607146 -108.132 0.00186836 0.999997 0.00114294 -1.26185 0.607144 -0.00204253 0.794589 116.159
0.790438 0.00463061 -0.612522 -108.362 0.000236744 0.999969 0.00786512 -1.26891 0.61254 -0.0063619 0.790414 116.437
0.785155 0.00663395 -0.619261 -108.572 0.000956655 0.999928 0.0119248 -1.27816 0.619297 -0.00995523 0.785094 116.699
0.779178 0.00434264 -0.626786 -108.775 0.00502842 0.9999 0.0131787 -1.28637 0.626781 -0.0134203 0.779079 116.951
0.77159 0.00285582 -0.636112 -108.977 0.00812745 0.999864 0.0143472 -1.29396 0.636067 -0.0162401 0.771463 117.192
0.762064 0.00175521 -0.647497 -109.168 0.0109337 0.999819 0.0155785 -1.30151 0.647408 -0.0189514 0.761908 117.411
0.750761 0.0026056 -0.660567 -109.357 0.0110798 0.999802 0.0165363 -1.30911 0.66048 -0.0197338 0.750584 117.615
0.737238 0.00435415 -0.675617 -109.538 0.00919761 0.999822 0.01648 -1.31865 0.675569 -0.0183638 0.737068 117.797
0.72236 0.00332169 -0.691507 -109.716 0.0088723 0.999861 0.014071 -1.32891 0.691458 -0.0162996 0.722232 117.956
0.706447 0.00103507 -0.707763 -109.893 0.00784174 0.999926 0.00928945 -1.33807 0.707721 -0.0121126 0.706388 118.111
0.690211 -0.00227381 -0.723603 -110.055 0.00795717 0.999958 0.0044477 -1.34989 0.723563 -0.00882769 0.690201 118.245
0.674053 -0.00177515 -0.738678 -110.233 0.00360889 0.999993 0.000889977 -1.3565 0.738672 -0.00326571 0.674056 118.374
0.65729 0.0017197 -0.753634 -110.423 -0.00395796 0.999991 -0.00117018 -1.35697 0.753626 0.003752 0.657292 118.512
0.639124 0.00349566 -0.769093 -110.611 -0.00670847 0.999977 -0.00102979 -1.35758 0.769073 0.00581761 0.639134 118.639
0.619276 0.00236752 -0.785168 -110.778 -0.003793 0.999993 2.36289e-05 -1.35869 0.785163 0.00296351 0.619281 118.753
0.597884 0.00169512 -0.801579 -110.956 -0.00102245 0.999998 0.00135204 -1.3591 0.801581 1.12059e-05 0.597886 118.871
0.574428 0.0033854 -0.818546 -111.138 -0.00127035 0.999994 0.00324431 -1.35693 0.818553 -0.000823785 0.57443 118.974
0.549319 0.00773919 -0.835575 -111.337 -0.00515102 0.999969 0.00587543 -1.35299 0.835596 0.00107657 0.549343 119.07
0.523822 0.0115275 -0.851748 -111.53 -0.00761125 0.999932 0.00885207 -1.34911 0.851793 0.00184596 0.523875 119.154
0.49852 0.0140843 -0.866762 -111.732 -0.00991856 0.999895 0.0105429 -1.34351 0.86682 0.00334117 0.498609 119.219
0.472639 0.0170439 -0.88109 -111.928 -0.0135961 0.999835 0.0120476 -1.34419 0.88115 0.00628525 0.472793 119.273
0.445432 0.0207003 -0.895075 -112.142 -0.0183272 0.999734 0.0140002 -1.33707 0.895127 0.010168 0.445694 119.339
0.417304 0.0233741 -0.908465 -112.349 -0.0213294 0.999646 0.0159223 -1.33586 0.908516 0.0127326 0.417655 119.391
0.385801 0.0220461 -0.922317 -112.556 -0.020481 0.999673 0.015328 -1.33104 0.922354 0.0129764 0.386127 119.461
0.351751 0.0187614 -0.935904 -112.778 -0.0204836 0.999714 0.012342 -1.33147 0.935869 0.0148294 0.352036 119.528
0.316435 0.0150399 -0.948493 -113.004 -0.0203921 0.999751 0.00904945 -1.33951 0.948394 0.0164782 0.316664 119.572
0.274929 0.0117108 -0.961391 -113.254 -0.0202871 0.999774 0.00637682 -1.32679 0.96125 0.0177507 0.275106 119.632
0.232417 0.0103627 -0.972559 -113.529 -0.020098 0.999781 0.00584984 -1.32082 0.972408 0.0181869 0.232575 119.669
0.186758 0.00773469 -0.982374 -113.825 -0.01963 0.999799 0.00413999 -1.30954 0.982209 0.0185109 0.186873 119.706
0.139048 0.00486949 -0.990272 -114.123 -0.0193026 0.999811 0.002206 -1.30474 0.990097 0.0188081 0.139116 119.714
0.0890972 0.00291983 -0.996017 -114.445 -0.0193525 0.999812 0.00119976 -1.3008 0.995834 0.0191685 0.0891376 119.713
0.0377929 0.00246065 -0.999281 -114.777 -0.0189407 0.999819 0.00174559 -1.29752 0.999105 0.0188611 0.0378332 119.7
-0.0148889 0.00387141 -0.99988 -115.129 -0.0183782 0.999822 0.00414481 -1.29599 0.99972 0.0184377 -0.0148146 119.663
-0.0685767 0.00617731 -0.997625 -115.498 -0.0155209 0.999853 0.00725798 -1.29271 0.997525 0.0159818 -0.0684704 119.61
-0.122046 0.00800251 -0.992491 -115.856 -0.0127696 0.999872 0.00963224 -1.28858 0.992442 0.0138493 -0.121928 119.532
-0.175279 0.00949766 -0.984471 -116.215 -0.0094284 0.999891 0.011325 -1.28263 0.984473 0.011267 -0.17517 119.432
-0.228418 0.010702 -0.973503 -116.612 -0.00753905 0.99989 0.0127609 -1.27385 0.973533 0.0102541 -0.228312 119.316
-0.279276 0.0120331 -0.960134 -117.011 -0.00625301 0.999877 0.0143499 -1.26897 0.96019 0.0100113 -0.279166 119.166
-0.32799 0.0135073 -0.944583 -117.405 -0.00349109 0.999873 0.0155101 -1.26706 0.944674 0.00838478 -0.327901 118.996
-0.375144 0.0152165 -0.92684 -117.819 0.000761946 0.99987 0.016107 -1.2636 0.926965 0.00533624 -0.375107 118.795
-0.420328 0.0168668 -0.907214 -118.226 0.00491554 0.999855 0.0163116 -1.2621 0.907358 0.00239677 -0.420349 118.572
-0.4629 0.0180658 -0.886225 -118.639 0.00830498 0.999837 0.0160438 -1.2502 0.886371 6.65634e-05 -0.462974 118.315
-0.502797 0.0192206 -0.864189 -119.053 0.0108443 0.999814 0.0159276 -1.24497 0.864336 -0.00136317 -0.502912 118.03
-0.539415 0.0200653 -0.841799 -119.469 0.0123713 0.999797 0.0159039 -1.24273 0.841948 -0.0018354 -0.539554 117.719
-0.571587 0.020161 -0.820292 -119.902 0.0126527 0.999795 0.0157563 -1.2339 0.820443 -0.00137279 -0.571726 117.38
-0.598418 0.0197255 -0.800939 -120.342 0.0120218 0.999805 0.015641 -1.23176 0.801093 -0.000268896 -0.598539 117.018
