1 0 0 0 0 1 0 0 0 0 1 0
0.999994 0.00344446 -0.000972514 0.0189232 -0.00344337 0.999993 0.00111984 -0.00267266 0.000976365 -0.00111649 0.999999 0.767397
0.99998 0.00625203 -0.000813241 0.00884772 -0.00625082 0.999979 0.00148497 -0.0212786 0.000822509 -0.00147986 0.999999 1.53118
0.999971 0.00750342 -0.00102856 -0.000500335 -0.0075022 0.999971 0.00117829 -0.0370727 0.00103737 -0.00117054 0.999999 2.27246
0.999956 0.00918881 -0.00178699 -0.00451901 -0.00918724 0.999957 0.000879601 -0.0511598 0.001795 -0.000863145 0.999998 3.01651
0.999954 0.00935913 -0.00190682 -0.00861929 -0.00935803 0.999956 0.000582733 -0.0654985 0.00191219 -0.000564862 0.999998 3.76058
0.999955 0.00925657 -0.00186133 -0.0127088 -0.00925398 0.999956 0.00139572 -0.0791753 0.00187417 -0.00137844 0.999997 4.50465
0.999948 0.010061 -0.00156237 -0.0108111 -0.0100544 0.999941 0.00414211 -0.092205 0.00160395 -0.00412619 0.99999 5.20877
0.999953 0.00971049 -0.00019496 -0.0135489 -0.00970859 0.99992 0.00812453 -0.103779 0.000273838 -0.00812225 0.999967 5.88382
0.999959 0.00903094 0.00109749 -0.0116135 -0.00904306 0.999892 0.011584 -0.116362 -0.000992757 -0.0115935 0.999932 6.51017
0.999956 0.00823929 0.00445398 -0.0603609 -0.00830498 0.999854 0.0149378 -0.147297 -0.00433025 -0.0149741 0.999879 7.07743
0.999941 0.0087719 0.00649046 -0.0782647 -0.00886746 0.999851 0.0148428 -0.158611 -0.00635929 -0.0148994 0.999869 7.67652
0.999925 0.00968949 0.00746186 -0.0735746 -0.00977984 0.999878 0.0121688 -0.166903 -0.00734304 -0.0122408 0.999898 8.2703
0.999918 0.00972724 0.00831617 -0.0655511 -0.00980419 0.999909 0.00926306 -0.173037 -0.00822531 -0.00934383 0.999923 8.80532
0.999919 0.00813151 0.009764 -0.0556114 -0.00820832 0.999936 0.00785215 -0.18012 -0.00969952 -0.00793166 0.999922 9.32446
0.999912 0.00437703 0.0125439 -0.0688901 -0.00445005 0.999973 0.00579957 -0.194496 -0.0125182 -0.00585489 0.999905 9.78433
0.999882 0.00249448 0.0151746 -0.0783162 -0.00256931 0.999985 0.00491364 -0.208285 -0.0151621 -0.00495205 0.999873 10.2252
0.999826 0.00673281 0.0174073 -0.0783732 -0.00678333 0.999973 0.00284488 -0.219402 -0.0173877 -0.00296247 0.999844 10.6505
0.999734 0.0111958 0.0201911 -0.0688173 -0.0112374 0.999935 0.00195032 -0.225909 -0.0201679 -0.0021767 0.999794 11.0536
0.999662 0.0116364 0.0232712 -0.0527569 -0.0117074 0.999927 0.00291438 -0.232478 -0.0232356 -0.00318584 0.999725 11.4204
0.999625 0.00749284 0.0263535 -0.0395588 -0.00758624 0.999965 0.00344601 -0.239477 -0.0263267 -0.00364464 0.999647 11.7395
0.999571 0.00286691 0.0291625 -0.0278292 -0.00296446 0.99999 0.00330219 -0.244906 -0.0291527 -0.00338722 0.999569 12.0292
0.999499 -0.000841595 0.0316512 -0.0137497 0.000690759 0.999988 0.00477625 -0.254041 -0.0316549 -0.00475199 0.999488 12.2945
0.999407 -0.00115269 0.0344003 -0.0060931 0.00094539 0.999981 0.00604181 -0.262252 -0.0344066 -0.00600571 0.99939 12.5293
0.999349 -0.000461176 0.0360754 0.009188 0.00027352 0.999987 0.00520657 -0.26835 -0.0360773 -0.00519331 0.999336 12.7447
0.999261 0.000465608 0.0384368 0.0120394 -0.000606113 0.999993 0.00364394 -0.272193 -0.0384348 -0.00366455 0.999255 12.933
0.99916 0.00273287 0.0408873 0.0196326 -0.00284831 0.999992 0.0027653 -0.276369 -0.0408794 -0.00287944 0.99916 13.1158
0.999085 0.00555706 0.0424012 0.0254559 -0.00565564 0.999982 0.00220524 -0.284767 -0.0423882 -0.00244303 0.999098 13.2812
0.999015 0.00679769 0.0438429 0.0332251 -0.0068413 0.999976 0.000844718 -0.291213 -0.0438361 -0.00114383 0.999038 13.451
0.998937 0.00592236 0.0457222 0.0422214 -0.00589296 0.999982 -0.000777783 -0.297196 -0.045726 0.000507519 0.998954 13.598
0.998872 0.00455778 0.047269 0.0509361 -0.00446694 0.999988 -0.00202735 -0.302606 -0.0472776 0.00181391 0.99888 13.7433
0.998816 0.00376127 0.0484982 0.0617325 -0.00361111 0.999989 -0.00318336 -0.304418 -0.0485096 0.00300446 0.998818 13.8901
0.998739 0.00450324 0.0500008 0.069815 -0.00427918 0.999981 -0.00458728 -0.307012 -0.0500205 0.00436754 0.998739 14.0235
0.99868 0.00546383 0.0510805 0.0790752 -0.00513207 0.999965 -0.00662366 -0.309731 -0.0511149 0.00635277 0.998673 14.1554
0.998626 0.00575656 0.0520832 0.0821177 -0.00531166 0.999948 -0.00867644 -0.31416 -0.0521305 0.00838787 0.998605 14.2726
0.998598 0.00498743 0.0527075 0.0927833 -0.00440618 0.999928 -0.0111383 -0.31552 -0.0527592 0.0108905 0.998548 14.4016
0.998633 0.00434078 0.0520913 0.102295 -0.0036601 0.999907 -0.0131552 -0.317287 -0.0521436 0.0129466 0.998556 14.5312
0.99875 0.00375493 0.0498407 0.111438 -0.00303719 0.999891 -0.0144687 -0.319161 -0.0498896 0.0142992 0.998652 14.6608
0.998901 0.00392393 0.046713 0.117006 -0.00320046 0.999874 -0.0155522 -0.321747 -0.0467681 0.0153856 0.998787 14.7864
0.999094 0.0043604 0.0423425 0.121791 -0.00365015 0.999852 -0.0168368 -0.324259 -0.0424097 0.0166669 0.998961 14.9121
0.999322 0.00461705 0.0365221 0.121344 -0.0039609 0.99983 -0.0180179 -0.327082 -0.0365991 0.0178611 0.99917 15.0314
0.999548 0.00453756 0.0297092 0.122161 -0.0039796 0.999815 -0.0188131 -0.328494 -0.0297891 0.0186863 0.999382 15.1588
0.99974 0.00449239 0.0223431 0.121579 -0.00405456 0.9998 -0.0196024 -0.330187 -0.0224267 0.0195067 0.999558 15.2879
0.999894 0.00437589 0.0139162 0.118486 -0.00408882 0.99978 -0.0205908 -0.332733 -0.0140033 0.0205317 0.999691 15.4208
0.999987 0.00326272 0.00394935 0.109195 -0.00317538 0.999755 -0.0219229 -0.33302 -0.00401992 0.0219101 0.999752 15.5685
0.999958 0.00170941 -0.0089909 0.0979737 -0.00192089 0.999721 -0.0235653 -0.336169 0.00894809 0.0235816 0.999682 15.7102
0.999683 0.00110424 -0.0251524 0.0773581 -0.00174153 0.999678 -0.0253293 -0.342012 0.0251163 0.0253651 0.999363 15.8651
0.999028 0.00147296 -0.0440469 0.0405221 -0.00262844 0.999654 -0.0261866 -0.348897 0.0439931 0.0262769 0.998686 16.0363
0.997846 0.00241304 -0.0655614 -0.000381477 -0.0041165 0.999657 -0.02586 -0.352704 0.0654765 0.0260741 0.997513 16.2215
0.996072 0.00329912 -0.0884844 -0.0620678 -0.00549166 0.999684 -0.0245468 -0.35697 0.0883754 0.0249364 0.995775 16.4224
0.99343 0.00441976 -0.114354 -0.129139 -0.00711063 0.999707 -0.023134 -0.361111 0.114218 0.0237951 0.993171 16.6306
0.989579 0.00511786 -0.143899 -0.212387 -0.00824177 0.999743 -0.0211214 -0.365651 0.143754 0.0220873 0.989367 16.8711
0.984265 0.00523368 -0.176621 -0.289357 -0.0084881 0.999808 -0.0176755 -0.372714 0.176494 0.0188965 0.98412 17.1007
0.977005 0.00602756 -0.213134 -0.375105 -0.00915323 0.999865 -0.0136816 -0.377659 0.213023 0.0153178 0.976927 17.336
0.967545 0.00769925 -0.252583 -0.484424 -0.0101539 0.999913 -0.00841599 -0.381111 0.252497 0.0107075 0.967539 17.5944
0.955865 0.0114811 -0.293583 -0.627119 -0.0131174 0.999908 -0.00360512 -0.381632 0.293515 0.00729707 0.955927 17.8701
0.942008 0.015538 -0.33523 -0.798239 -0.0162674 0.999868 0.000632335 -0.38314 0.335195 0.00485765 0.942136 18.1566
0.925806 0.0184421 -0.37755 -0.972159 -0.017307 0.99983 0.00639941 -0.390446 0.377603 0.00060964 0.925967 18.4353
0.906949 0.0221966 -0.420656 -1.14866 -0.0179681 0.999741 0.014013 -0.395055 0.420858 -0.00515063 0.907112 18.7117
0.885499 0.0267149 -0.463873 -1.35077 -0.0192658 0.999598 0.0207907 -0.397608 0.464242 -0.00947326 0.885658 18.9966
0.860934 0.0314205 -0.507745 -1.57182 -0.0216102 0.999449 0.0252059 -0.390947 0.508257 -0.0107281 0.861139 19.2802
0.833339 0.0345178 -0.551683 -1.80778 -0.022652 0.999343 0.0283102 -0.384554 0.552297 -0.0110953 0.833573 19.5564
0.802816 0.0381521 -0.595005 -2.06677 -0.0252897 0.999232 0.029949 -0.376199 0.59569 -0.00899607 0.803164 19.8288
0.769473 0.0407534 -0.637378 -2.35847 -0.0256827 0.999129 0.032878 -0.365821 0.638163 -0.00892914 0.769849 20.1054
0.732532 0.0445451 -0.679274 -2.67539 -0.0268069 0.99897 0.0366014 -0.346999 0.680205 -0.00860247 0.732972 20.3918
0.693787 0.0455123 -0.718741 -3.00114 -0.0247763 0.998919 0.0393376 -0.328874 0.719754 -0.00948418 0.694164 20.6552
0.652693 0.0450816 -0.75628 -3.36793 -0.0220167 0.998935 0.040545 -0.310419 0.757302 -0.00981263 0.652991 20.9361
0.609811 0.0436688 -0.791343 -3.73852 -0.0169339 0.998971 0.042077 -0.292277 0.792366 -0.0122585 0.609923 21.1886
0.565043 0.043525 -0.823913 -4.1374 -0.0126555 0.998947 0.0440924 -0.273413 0.824964 -0.0144871 0.564999 21.4275
0.517984 0.0446762 -0.854223 -4.57729 -0.0104951 0.998892 0.0458783 -0.251173 0.855326 -0.0147991 0.517879 21.6629
0.467951 0.0442352 -0.882647 -5.04293 -0.00931848 0.998938 0.0451229 -0.229159 0.883705 -0.0128904 0.467866 21.8739
0.415716 0.0427888 -0.908488 -5.5308 -0.00410104 0.998971 0.0451739 -0.205866 0.909485 -0.0150537 0.415464 22.06
0.362658 0.0419306 -0.930978 -6.03461 0.000569139 0.998977 0.0452149 -0.184722 0.931922 -0.0169274 0.362264 22.2117
0.308647 0.0409741 -0.950294 -6.59157 0.00296793 0.999025 0.0440392 -0.158059 0.951172 -0.016413 0.308225 22.3639
0.25515 0.0464882 -0.965783 -7.15657 0.00344899 0.998793 0.0489883 -0.125897 0.966895 -0.0158303 0.254682 22.4783
0.203902 0.0510275 -0.97766 -7.7546 0.00545319 0.998566 0.053256 -0.0912713 0.978976 -0.0161904 0.203332 22.5704
0.156458 0.0520841 -0.98631 -8.36455 0.00981396 0.998477 0.0542833 -0.0607292 0.987636 -0.0181726 0.155708 22.6285
0.112859 0.0531451 -0.992189 -8.99606 0.0113802 0.998434 0.0547741 -0.0349066 0.993546 -0.017473 0.112077 22.6633
0.0726318 0.0512645 -0.99604 -9.65911 0.0110973 0.998575 0.0522041 -0.00330267 0.997297 -0.014845 0.0719595 22.6842
0.0362517 0.0471806 -0.998228 -10.3432 0.00842218 0.998835 0.0475151 0.0330237 0.999307 -0.0101298 0.0358122 22.6941
0.00756202 0.0468854 -0.998872 -11.0379 0.00614471 0.998879 0.0469323 0.070821 0.999953 -0.00649267 0.0072656 22.678
-0.0128909 0.0505157 -0.99864 -11.7401 0.00442348 0.998716 0.0504624 0.10491 0.999907 -0.00376694 -0.0130977 22.6399
-0.0254981 0.0564087 -0.998082 -12.4757 0.00552466 0.998399 0.0562855 0.139432 0.99966 -0.00407888 -0.0257688 22.6034
-0.0336335 0.0588193 -0.997702 -13.2348 0.00471579 0.998265 0.0586936 0.176479 0.999423 -0.00273087 -0.0338523 22.5706
-0.0379611 0.0559174 -0.997714 -14.0241 0.00617238 0.998427 0.0557225 0.21324 0.99926 -0.00404297 -0.0382464 22.546
-0.0370152 0.0520665 -0.997957 -14.8217 0.0134391 0.998577 0.0516003 0.250303 0.999224 -0.0115016 -0.0376621 22.5197
-0.0324991 0.0505973 -0.99819 -15.6272 0.0250641 0.998445 0.0497942 0.288071 0.999157 -0.0234005 -0.0337166 22.5001
-0.0276042 0.0507006 -0.998332 -16.4737 0.025319 0.998428 0.0500054 0.325901 0.999298 -0.0238964 -0.0288444 22.4884
-0.0233061 0.0493121 -0.998511 -17.3519 0.0239329 0.998524 0.0487541 0.359725 0.999442 -0.022761 -0.0244517 22.4793
-0.0200663 0.0427913 -0.998883 -18.2096 0.0268348 0.998747 0.0422464 0.395469 0.999438 -0.0259571 -0.0211893 22.4623
-0.0188486 0.0318383 -0.999315 -19.1198 0.0245728 0.999206 0.0313713 0.431489 0.99952 -0.0239647 -0.0196158 22.4598
-0.0195919 0.0233377 -0.999536 -20.0618 0.0174372 0.999583 0.0229971 0.461626 0.999656 -0.0169785 -0.0199906 22.455
-0.0225271 0.0202318 -0.999541 -21.0236 0.0119512 0.999729 0.0199663 0.488624 0.999675 -0.0114959 -0.0227626 22.4522
-0.0245939 0.0261188 -0.999356 -22.0217 0.00251072 0.999657 0.0260648 0.511085 0.999694 -0.00186807 -0.0246508 22.374
-0.0300917 0.0338841 -0.998973 -22.9594 -0.00251024 0.999419 0.0339749 0.531153 0.999544 0.00353003 -0.029989 22.3464
-0.0363546 0.0433852 -0.998397 -23.9681 -0.00367016 0.999044 0.043547 0.563115 0.999332 0.00524741 -0.0361605 22.3296
-0.0398351 0.0529775 -0.997801 -24.9907 -0.00462962 0.998573 0.0532033 0.605233 0.999195 0.0067388 -0.0395328 22.3099
-0.0426462 0.060042 -0.997284 -25.9957 -0.00232672 0.998184 0.0601957 0.65185 0.999087 0.00488752 -0.0424289 22.2951
-0.045934 0.0607288 -0.997097 -27.0611 -0.000722194 0.998148 0.0608261 0.708554 0.998944 0.00351409 -0.0458049 22.2637
-0.0509513 0.0575104 -0.997044 -28.0557 -0.000912836 0.998337 0.0576317 0.75389 0.998701 0.00384655 -0.0508139 22.2665
-0.0566531 0.0522685 -0.997025 -29.1663 -0.000560018 0.998627 0.0523843 0.81338 0.998394 0.00352609 -0.0565458 22.2444
-0.0622406 0.047088 -0.99695 -30.199 0.000151939 0.998887 0.04717 0.850396 0.998061 0.00278442 -0.0621784 22.1885
-0.0677064 0.0423309 -0.996807 -31.2344 0.000665952 0.999101 0.0423831 0.883604 0.997705 0.00220579 -0.0676736 22.1112
-0.072674 0.039948 -0.996555 -32.2858 -0.00101374 0.999194 0.0401277 0.923293 0.997355 0.00392649 -0.0725747 21.9991
-0.0785867 0.0425463 -0.995999 -33.3298 -0.00126697 0.999084 0.0427781 0.949191 0.996906 0.0046237 -0.0784607 21.8996
-0.0844582 0.0471757 -0.995309 -34.408 -0.00277931 0.998863 0.04758 0.984415 0.996423 0.0067848 -0.0842309 21.7926
-0.0904364 0.0500728 -0.994642 -35.4733 -0.00561578 0.998694 0.0507874 1.01761 0.995886 0.0101787 -0.0900369 21.683
-0.0952767 0.0520957 -0.994087 -36.5881 -0.00882754 0.998546 0.0531755 1.06569 0.995411 0.0138417 -0.0946781 21.5673
-0.0977064 0.0530996 -0.993798 -37.7003 -0.0134346 0.998414 0.0546672 1.11403 0.995124 0.0186926 -0.0968379 21.4418
-0.0994684 0.0540976 -0.993569 -38.7945 -0.0174167 0.998273 0.0560974 1.15983 0.994888 0.0228846 -0.0983543 21.3192
-0.101038 0.0536122 -0.993437 -39.8993 -0.018962 0.998262 0.0558011 1.20486 0.994702 0.0244756 -0.0998457 21.1958
-0.102419 0.0529556 -0.993331 -40.9748 -0.0195041 0.998283 0.0552307 1.24392 0.99455 0.0250307 -0.10121 21.068
-0.104004 0.0522919 -0.993201 -42.0913 -0.0207969 0.998284 0.0547373 1.28922 0.994359 0.0263484 -0.102738 20.9521
-0.105498 0.0513865 -0.993091 -43.1952 -0.0230101 0.99827 0.0540989 1.33176 0.994153 0.0285585 -0.104133 20.8302
-0.106874 0.0489572 -0.993066 -44.2879 -0.0272163 0.998268 0.0521427 1.36982 0.9939 0.0326003 -0.105357 20.7056
-0.106829 0.0437876 -0.993312 -45.4299 -0.0331927 0.998316 0.047578 1.41833 0.993723 0.0380535 -0.105196 20.5662
-0.105853 0.0428688 -0.993457 -46.5475 -0.034705 0.998302 0.0467757 1.46346 0.993776 0.0394293 -0.104185 20.4259
-0.103948 0.0467531 -0.993483 -47.6587 -0.0360209 0.998062 0.0507375 1.50712 0.99393 0.0410602 -0.102062 20.284
-0.102436 0.0498158 -0.993491 -48.8123 -0.0361698 0.997898 0.0537662 1.55292 0.994081 0.041442 -0.100419 20.1644
-0.101421 0.0496271 -0.993605 -49.9239 -0.0342069 0.99799 0.0533378 1.59315 0.994255 0.0393977 -0.099519 20.0467
-0.099214 0.0488878 -0.993864 -51.0668 -0.0341175 0.998038 0.0524989 1.63674 0.994481 0.0391168 -0.0973513 19.932
-0.0956288 0.049305 -0.994195 -52.2071 -0.0384983 0.997842 0.0531889 1.68033 0.994672 0.0433612 -0.0935241 19.8176
-0.0904231 0.0500946 -0.994643 -53.3723 -0.0432781 0.997593 0.0541776 1.72722 0.994962 0.0479451 -0.0880373 19.7092
-0.0848392 0.0496723 -0.995156 -54.5392 -0.0469961 0.997445 0.0537931 1.7738 0.995285 0.0513322 -0.0822879 19.6076
-0.0795092 0.0488415 -0.995637 -55.6879 -0.0486203 0.99742 0.0528117 1.81665 0.995647 0.0526071 -0.0769293 19.5127
-0.0741216 0.0481242 -0.996087 -56.8197 -0.0482596 0.997491 0.0517832 1.85789 0.99608 0.051909 -0.0716131 19.423
-0.0692422 0.0478551 -0.996451 -57.9843 -0.0463403 0.997616 0.0511312 1.90112 0.996523 0.0497163 -0.0668594 19.3466
-0.0644002 0.048477 -0.996746 -59.1493 -0.0454195 0.997642 0.0514552 1.94476 0.99689 0.0485854 -0.0620464 19.2759
-0.0590995 0.0501093 -0.996994 -60.303 -0.0443829 0.99762 0.0527717 1.98598 0.997265 0.0473683 -0.0567347 19.2039
-0.0539947 0.0513257 -0.997221 -61.4743 -0.0450893 0.997534 0.0537832 2.03077 0.997522 0.047868 -0.0515472 19.1395
-0.0491024 0.0504751 -0.997517 -62.6438 -0.044533 0.997618 0.0526723 2.07393 0.9978 0.0470087 -0.0467375 19.0822
-0.0451133 0.0460051 -0.997922 -63.8305 -0.0447028 0.997845 0.0480224 2.11562 0.997981 0.0467764 -0.0429594 19.0377
-0.0408166 0.0407193 -0.998337 -65.0098 -0.0444584 0.998106 0.0425275 2.15356 0.998177 0.0461203 -0.0389288 18.985
-0.0370001 0.039961 -0.998516 -66.1746 -0.0445235 0.998142 0.0415959 2.19041 0.998323 0.0459965 -0.0351521 18.9265
-0.0339736 0.0423132 -0.998527 -67.374 -0.043877 0.998077 0.043787 2.22387 0.998459 0.0452999 -0.0320515 18.8832
-0.0299719 0.041991 -0.998668 -68.5227 -0.0444429 0.998073 0.0432998 2.25774 0.998562 0.0456815 -0.0280479 18.7869
-0.0272511 0.0416826 -0.998759 -69.7064 -0.0464401 0.997998 0.042918 2.29543 0.998549 0.047552 -0.0252607 18.7087
-0.0247462 0.0423454 -0.998797 -70.8903 -0.0477267 0.997913 0.0434904 2.33394 0.998553 0.0487455 -0.0226734 18.6336
-0.0219682 0.0417347 -0.998887 -72.0524 -0.0485042 0.997907 0.0427605 2.36848 0.998581 0.0493896 -0.0198977 18.5654
-0.0197866 0.0395594 -0.999021 -73.2751 -0.0490969 0.997973 0.0404903 2.40325 0.998598 0.0498501 -0.0178042 18.5162
-0.0183343 0.0384265 -0.999093 -74.4845 -0.0475452 0.998097 0.0392607 2.43351 0.9987 0.0482219 -0.0164723 18.4779
-0.0174985 0.0382665 -0.999114 -75.6785 -0.0444152 0.998251 0.0390113 2.46224 0.99886 0.0450585 -0.0157682 18.4475
-0.0169376 0.0387444 -0.999106 -76.8759 -0.0422975 0.998326 0.0394312 2.49268 0.998961 0.0429276 -0.0152703 18.4199
-0.0158252 0.0411482 -0.999028 -78.0584 -0.0425921 0.998218 0.0417896 2.52394 0.998967 0.043212 -0.0140443 18.3772
-0.0145152 0.0441989 -0.998917 -79.251 -0.0456487 0.997951 0.0448195 2.55859 0.998852 0.0462498 -0.0124677 18.3363
-0.01409 0.0441051 -0.998927 -80.4506 -0.0478257 0.997853 0.0447322 2.59125 0.998756 0.0484047 -0.0119503 18.3143
-0.0138098 0.041928 -0.999025 -81.6611 -0.0490924 0.997887 0.0425589 2.6254 0.998698 0.0496323 -0.0117221 18.2936
-0.013392 0.0395308 -0.999129 -82.8683 -0.0489954 0.997992 0.0401425 2.65602 0.998709 0.0494903 -0.0114281 18.2737
-0.0129292 0.0386659 -0.999169 -84.0763 -0.0469594 0.998126 0.0392332 2.68621 0.998813 0.0474276 -0.0110891 18.2506
-0.0123202 0.0401865 -0.999116 -85.2677 -0.0455266 0.998133 0.0407084 2.71303 0.998887 0.0459879 -0.0104675 18.2268
-0.0123958 0.0427499 -0.999009 -86.4794 -0.0448491 0.998056 0.0432657 2.74495 0.998916 0.0453409 -0.0104543 18.2135
-0.0124513 0.0448898 -0.998914 -87.682 -0.0453397 0.997939 0.0454111 2.77754 0.998894 0.045856 -0.0103903 18.2045
-0.0128663 0.0450467 -0.998902 -88.8726 -0.0465134 0.997876 0.0455996 2.80943 0.998834 0.0470491 -0.0107435 18.1938
-0.0128695 0.042948 -0.998994 -90.064 -0.0460506 0.997991 0.0434981 2.83913 0.998856 0.0465641 -0.0108658 18.1788
-0.0134391 0.0415492 -0.999046 -91.2415 -0.0442257 0.998134 0.0421062 2.86797 0.998931 0.0447494 -0.0115764 18.1701
-0.0143751 0.0422995 -0.999001 -92.4398 -0.0424472 0.998178 0.0428755 2.90079 0.998995 0.0430211 -0.0125533 18.1652
-0.0152166 0.0448726 -0.998877 -93.643 -0.0399015 0.998169 0.0454486 2.93635 0.999087 0.0405482 -0.0133981 18.16
-0.0159642 0.047307 -0.998753 -94.8214 -0.038681 0.998103 0.0478945 2.96887 0.999124 0.0393974 -0.0141039 18.1447
-0.0163142 0.0490498 -0.998663 -96.0189 -0.0393435 0.997991 0.0496595 3.0052 0.999092 0.040101 -0.0143515 18.1299
-0.0167124 0.0509949 -0.998559 -97.1899 -0.0416223 0.997797 0.0516526 3.03813 0.998993 0.0424255 -0.0145529 18.1074
-0.0175109 0.0506178 -0.998564 -98.383 -0.0433612 0.997739 0.0513364 3.06946 0.998905 0.0441979 -0.0152763 18.0965
-0.0178521 0.0469718 -0.998737 -99.5677 -0.0457509 0.997811 0.047746 3.10221 0.998793 0.0465455 -0.0156639 18.0744
-0.0175358 0.0451683 -0.998825 -100.743 -0.047545 0.997811 0.0459572 3.13892 0.998715 0.048295 -0.0153497 18.0419
-0.0173144 0.0433581 -0.998909 -101.907 -0.0479575 0.997873 0.0441443 3.17213 0.998699 0.0486695 -0.0151981 18.0109
-0.0171782 0.0436793 -0.998898 -103.088 -0.0465968 0.997924 0.0444381 3.20925 0.998766 0.0473088 -0.0151071 17.9888
-0.0173418 0.0455852 -0.99881 -104.261 -0.0464673 0.997844 0.0463479 3.24619 0.998769 0.0472157 -0.015186 17.9649
-0.0178228 0.0473843 -0.998717 -105.473 -0.0448482 0.997833 0.0481426 3.2897 0.998834 0.0456487 -0.0156589 17.9483
-0.0192855 0.0462135 -0.998745 -106.653 -0.0479669 0.997738 0.0470932 3.32944 0.998662 0.0488149 -0.017025 17.929
-0.0198494 0.0471696 -0.998689 -107.856 -0.0518819 0.997492 0.0481442 3.37345 0.998455 0.0527695 -0.0173523 17.8965
-0.0204311 0.046256 -0.99872 -109.029 -0.0548425 0.997373 0.0473155 3.40897 0.998285 0.0557391 -0.0178405 17.866
-0.0210773 0.0423829 -0.998879 -110.237 -0.0555302 0.997509 0.0434965 3.44803 0.998234 0.0563848 -0.0186712 17.8353
-0.0222654 0.0384165 -0.999013 -111.439 -0.055384 0.997679 0.0395996 3.48313 0.998216 0.0562111 -0.020086 17.8049
-0.0234061 0.0372839 -0.99903 -112.65 -0.0517615 0.997918 0.0384551 3.51713 0.998385 0.0526114 -0.0214274 17.7769
-0.0241796 0.03631 -0.999048 -113.885 -0.0471288 0.998187 0.0374194 3.55252 0.998596 0.0479887 -0.0224244 17.7512
-0.0250646 0.0381117 -0.998959 -115.132 -0.0464962 0.998147 0.0392474 3.58774 0.998604 0.0474315 -0.023246 17.7208
-0.0260988 0.0418415 -0.998783 -116.364 -0.0453776 0.998044 0.0429963 3.62393 0.998628 0.0464446 -0.024149 17.682
-0.0269045 0.0419006 -0.998759 -117.591 -0.0440606 0.9981 0.0430598 3.65784 0.998666 0.0451644 -0.025007 17.6401
-0.0278125 0.0376315 -0.998904 -118.833 -0.0441801 0.998268 0.0388377 3.68976 0.998636 0.0452119 -0.0261017 17.5983
-0.0298596 0.0339877 -0.998976 -120.099 -0.0442318 0.998397 0.0352901 3.72051 0.998574 0.0452403 -0.0283083 17.5715
-0.0306033 0.0324642 -0.999004 -121.352 -0.0437071 0.998472 0.0337858 3.74912 0.998575 0.0446976 -0.0291375 17.5204
-0.0308073 0.0334245 -0.998966 -122.608 -0.0457684 0.998345 0.0348152 3.77928 0.998476 0.0467937 -0.0292264 17.459
-0.0314897 0.0375482 -0.998798 -123.861 -0.0505063 0.997957 0.0391089 3.81119 0.998227 0.0516772 -0.0295288 17.4012
-0.0318024 0.0402602 -0.998683 -125.128 -0.0561443 0.997538 0.042002 3.84538 0.997916 0.0574061 -0.0294637 17.3415
-0.0319474 0.0399901 -0.998689 -126.418 -0.0634797 0.9971 0.0419572 3.8825 0.997471 0.064737 -0.0293161 17.2826
-0.0321942 0.0379384 -0.998761 -127.694 -0.0666965 0.99697 0.0400203 3.91463 0.997253 0.0679023 -0.0295662 17.231
-0.0332403 0.0365259 -0.998779 -128.958 -0.069067 0.996858 0.0387543 3.94317 0.997057 0.0702709 -0.030613 17.1815
-0.0341691 0.0359129 -0.99877 -130.227 -0.0690448 0.996881 0.0382071 3.96956 0.997028 0.0702654 -0.0315828 17.1305
-0.0349094 0.0348068 -0.998784 -131.492 -0.0667208 0.997082 0.0370795 3.99611 0.99716 0.0679341 -0.0324851 17.0842
-0.0358515 0.0353104 -0.998733 -132.771 -0.0667144 0.997061 0.0376461 4.02488 0.997127 0.0679796 -0.0333903 17.0355
-0.0378457 0.0398626 -0.998488 -134.035 -0.0655881 0.99695 0.0422872 4.0583 0.997128 0.0670893 -0.0351156 17.0029
-0.0391606 0.0435483 -0.998283 -135.33 -0.0641522 0.996879 0.0460036 4.09637 0.997171 0.0658436 -0.0362445 16.9532
-0.040116 0.0422146 -0.998302 -136.605 -0.0646236 0.996905 0.0447524 4.13208 0.997102 0.0663092 -0.0372637 16.9057
-0.0403789 0.0407394 -0.998353 -137.871 -0.06423 0.996996 0.0432819 4.16619 0.997117 0.0658719 -0.0376407 16.859
-0.0398501 0.0399142 -0.998408 -139.151 -0.063263 0.997096 0.0423869 4.20073 0.9972 0.0648514 -0.0372092 16.805
-0.0396917 0.0391409 -0.998445 -140.414 -0.0636086 0.997106 0.0416171 4.23241 0.997185 0.0651615 -0.037087 16.7533
-0.0395878 0.0410587 -0.998372 -141.689 -0.0636447 0.997022 0.0435269 4.26668 0.997186 0.0652643 -0.0368566 16.7029
-0.0392639 0.0446521 -0.99823 -142.952 -0.0647024 0.99679 0.0471327 4.30032 0.997131 0.0664386 -0.0362486 16.6512
-0.0385984 0.0456265 -0.998212 -144.206 -0.0662873 0.996639 0.0481178 4.33343 0.997053 0.0680261 -0.0354442 16.5988
-0.0382826 0.0428776 -0.998346 -145.481 -0.0687024 0.996601 0.0454372 4.37179 0.996902 0.0703283 -0.0352066 16.5469
-0.0379662 0.0400892 -0.998474 -146.727 -0.0673615 0.996819 0.0425841 4.40161 0.997005 0.0688755 -0.0351448 16.478
-0.0375827 0.0388177 -0.998539 -147.972 -0.0648766 0.997042 0.0412014 4.42948 0.997185 0.0663304 -0.0349531 16.4067
-0.0375979 0.0383513 -0.998556 -149.226 -0.0637283 0.997137 0.0406963 4.45683 0.997258 0.0651664 -0.0350461 16.3439
-0.038139 0.0388912 -0.998515 -150.5 -0.0612148 0.997274 0.0411811 4.48384 0.997395 0.0626945 -0.0356542 16.2963
-0.0386981 0.037702 -0.998539 -151.773 -0.0594189 0.997432 0.039963 4.50931 0.997482 0.0608786 -0.0363584 16.2479
-0.0388242 0.0378522 -0.998529 -153.029 -0.0587524 0.997467 0.0400963 4.53947 0.997517 0.0602227 -0.0365018 16.1903
-0.0396139 0.0405843 -0.99839 -154.263 -0.055941 0.997517 0.0427685 4.56599 0.997647 0.0575452 -0.0372451 16.141
-0.0412285 0.0418289 -0.998273 -155.513 -0.0528559 0.997632 0.043985 4.59952 0.99775 0.0545781 -0.0389199 16.1069
-0.042424 0.0403709 -0.998283 -156.764 -0.0504032 0.997824 0.0424943 4.63182 0.997827 0.0521195 -0.0402968 16.0642
-0.043735 0.0405276 -0.99822 -158.027 -0.0512964 0.997767 0.0427567 4.66643 0.997725 0.0530751 -0.0415583 16.0104
-0.0446587 0.0450262 -0.997987 -159.271 -0.051991 0.997525 0.0473319 4.70152 0.997648 0.0540001 -0.0422071 15.9588
-0.0446572 0.0509938 -0.9977 -160.567 -0.0570225 0.996937 0.0535072 4.75153 0.997373 0.0592809 -0.0416125 15.9006
-0.0440886 0.0508163 -0.997734 -161.807 -0.0616191 0.996665 0.0534848 4.79453 0.997125 0.0638376 -0.0408101 15.8367
-0.0431158 0.0471003 -0.997959 -163.055 -0.0655385 0.996603 0.0498678 4.83589 0.996917 0.0675549 -0.0398823 15.7728
-0.0421256 0.0418241 -0.998236 -164.301 -0.0673583 0.996731 0.0446035 4.87093 0.996838 0.0691185 -0.0391706 15.7123
-0.042026 0.0401941 -0.998307 -165.544 -0.0699611 0.996619 0.0430713 4.90385 0.996663 0.0716528 -0.0390717 15.6525
-0.0415886 0.0373703 -0.998435 -166.752 -0.0646085 0.997108 0.0400118 4.92419 0.997043 0.0661715 -0.0390538 15.6076
-0.0416825 0.033072 -0.998583 -168.021 -0.0616945 0.997459 0.03561 4.956 0.997224 0.0630915 -0.0395361 15.5564
-0.0424603 0.0301014 -0.998644 -169.234 -0.0558581 0.997911 0.0324543 4.97276 0.997535 0.0571605 -0.0406901 15.5065
-0.0441653 0.0330655 -0.998476 -170.493 -0.0535533 0.997936 0.0354164 5.00013 0.997587 0.055036 -0.0423033 15.4583
-0.0444565 0.039249 -0.99824 -171.781 -0.0537329 0.997687 0.0416203 5.03054 0.997564 0.0554887 -0.0422447 15.4173
-0.0437533 0.0425253 -0.998136 -173.006 -0.0553764 0.997454 0.0449237 5.05822 0.997506 0.0572388 -0.0412869 15.3577
-0.0422833 0.0393655 -0.998329 -174.226 -0.0563855 0.997536 0.0417224 5.08694 0.997512 0.0580556 -0.0399594 15.2959
-0.0422634 0.0393464 -0.998331 -175.479 -0.0587968 0.997394 0.0417986 5.12254 0.997374 0.0604653 -0.0398397 15.2448
-0.0421516 0.0405209 -0.998289 -176.693 -0.0566247 0.997474 0.0428787 5.14731 0.997504 0.0583353 -0.0397505 15.1919
-0.0416907 0.0384465 -0.99839 -177.909 -0.056956 0.997542 0.0407923 5.17749 0.997505 0.058565 -0.0393984 15.1347
-0.0403137 0.0371523 -0.998496 -179.092 -0.0571667 0.997585 0.0394265 5.20108 0.997549 0.0586702 -0.0380924 15.0805
-0.0389157 0.0388273 -0.998487 -180.275 -0.0587663 0.997426 0.0410764 5.2266 0.997512 0.060276 -0.0365337 15.0296
-0.0381055 0.0406781 -0.998445 -181.418 -0.0586111 0.997359 0.0428708 5.24649 0.997552 0.0601536 -0.0356206 14.9834
-0.0380496 0.0421097 -0.998388 -182.558 -0.0593655 0.997251 0.0443243 5.26859 0.99751 0.0609564 -0.035445 14.9378
-0.0377758 0.0434555 -0.99834 -183.644 -0.0597221 0.997169 0.0456644 5.28819 0.997499 0.0613481 -0.0350735 14.8844
-0.0380097 0.0443251 -0.998293 -184.7 -0.0590336 0.997171 0.0465229 5.30943 0.997531 0.0607012 -0.0352854 14.8347
-0.0375849 0.0433872 -0.998351 -185.732 -0.0593282 0.997197 0.0455706 5.33203 0.99753 0.0609432 -0.0349054 14.7859
-0.0367023 0.0432551 -0.998389 -186.721 -0.0601907 0.997153 0.0454143 5.35103 0.997511 0.0617607 -0.0339941 14.7473
-0.0354453 0.0439795 -0.998403 -187.733 -0.0608709 0.997081 0.0460824 5.37667 0.997515 0.0624072 -0.0326647 14.7077
-0.0361961 0.0424491 -0.998442 -188.691 -0.0594736 0.997234 0.0445538 5.39459 0.997572 0.0609937 -0.0335713 14.6663
-0.0394602 0.0396944 -0.998432 -189.647 -0.0573811 0.997471 0.0419241 5.41057 0.997571 0.0589455 -0.0370826 14.6235
-0.0449161 0.0361683 -0.998335 -190.593 -0.0567886 0.997635 0.0386979 5.42738 0.997374 0.0584323 -0.0427559 14.5828
-0.0502846 0.0331718 -0.998183 -191.536 -0.0583531 0.997643 0.0360935 5.44348 0.997028 0.0600621 -0.0482303 14.5306
-0.0547087 0.0319861 -0.997989 -192.503 -0.0600129 0.997574 0.0352627 5.46782 0.996696 0.0618215 -0.0526563 14.4803
-0.0580721 0.0322607 -0.997791 -193.47 -0.0616439 0.997454 0.0358376 5.49244 0.996406 0.0635889 -0.0559354 14.4259
-0.0603807 0.033767 -0.997604 -194.427 -0.0602178 0.997483 0.0374077 5.5136 0.996356 0.0623323 -0.0581952 14.3697
-0.0619844 0.0352949 -0.997452 -195.357 -0.0572864 0.9976 0.0388601 5.5323 0.996431 0.0595493 -0.0598136 14.3064
-0.0635545 0.0355868 -0.997343 -196.308 -0.055762 0.997675 0.0391521 5.55601 0.996418 0.0581022 -0.0614223 14.2443
-0.0646214 0.0344114 -0.997316 -197.231 -0.0561763 0.997694 0.0380645 5.57487 0.996326 0.0584853 -0.0625392 14.1778
-0.0655706 0.0331536 -0.997297 -198.152 -0.0578999 0.997637 0.0369718 5.59329 0.996166 0.0601677 -0.063496 14.1113
-0.0658742 0.032354 -0.997303 -199.074 -0.0615538 0.997438 0.0364242 5.61133 0.995926 0.0637873 -0.0637138 14.0445
-0.0652558 0.0305789 -0.997399 -200.002 -0.0640049 0.997343 0.0347648 5.62789 0.995813 0.0661072 -0.0631251 13.9758
-0.0644858 0.0280777 -0.997523 -200.919 -0.0642025 0.997415 0.0322252 5.64117 0.99585 0.0661216 -0.0625164 13.9098
-0.064093 0.0257621 -0.997611 -201.833 -0.0639849 0.997503 0.0298702 5.65197 0.995889 0.0657466 -0.0622845 13.845
-0.062776 0.0256967 -0.997696 -202.796 -0.0640967 0.9975 0.0297248 5.66315 0.995966 0.0658151 -0.0609718 13.7655
-0.0625223 0.028441 -0.997638 -203.731 -0.0613863 0.997591 0.0322868 5.6801 0.996153 0.06326 -0.0606256 13.7063
-0.062501 0.0295486 -0.997607 -204.678 -0.0608903 0.997586 0.0333629 5.69605 0.996185 0.0628299 -0.0605507 13.6412
-0.0614272 0.0263416 -0.997763 -205.643 -0.0557419 0.998 0.0297796 5.70815 0.996553 0.0574466 -0.0598359 13.5759
-0.0616945 0.0234927 -0.997818 -206.568 -0.0539637 0.998181 0.0268378 5.72054 0.996634 0.0555018 -0.0603144 13.5195
-0.0605489 0.0239403 -0.997878 -207.529 -0.0581724 0.997927 0.0274713 5.73611 0.996468 0.0597124 -0.0590307 13.4408
-0.0584821 0.0276984 -0.997904 -208.498 -0.0596629 0.99773 0.0311902 5.7507 0.996503 0.061362 -0.0566967 13.3686
-0.0557853 0.0272867 -0.998069 -209.477 -0.0574082 0.997884 0.0304905 5.76869 0.99679 0.0589984 -0.0541007 13.299
-0.0531533 0.0286032 -0.998176 -210.459 -0.0560311 0.997928 0.0315798 5.79058 0.997012 0.0576075 -0.0514404 13.2376
-0.0512988 0.0331471 -0.998133 -211.452 -0.0567483 0.997736 0.0360506 5.81336 0.997069 0.0584917 -0.0493015 13.1795
-0.050025 0.0372621 -0.998052 -212.455 -0.0536467 0.99776 0.0399402 5.83533 0.997305 0.0555402 -0.0479138 13.1319
-0.0490661 0.03785 -0.998078 -213.458 -0.0531931 0.997763 0.0404532 5.85776 0.997377 0.0550758 -0.0469429 13.0864
-0.0473646 0.0384876 -0.998135 -214.489 -0.0562726 0.997566 0.041136 5.88604 0.99729 0.0581162 -0.0450834 13.0386
-0.0451473 0.0399076 -0.998182 -215.519 -0.0588259 0.99736 0.0425355 5.91617 0.997246 0.0606395 -0.0426804 12.9928
-0.0430101 0.0398289 -0.99828 -216.547 -0.0595135 0.997327 0.042355 5.94355 0.997299 0.0612329 -0.0405247 12.9595
-0.0407461 0.037132 -0.998479 -217.599 -0.0621766 0.997277 0.0396247 5.97377 0.997232 0.0636967 -0.0383263 12.9196
-0.0384735 0.0338131 -0.998687 -218.657 -0.0618362 0.99743 0.0361528 6.00324 0.997343 0.063146 -0.0362837 12.8846
-0.0373438 0.0327065 -0.998767 -219.719 -0.0611579 0.997515 0.0349523 6.03262 0.997428 0.0623878 -0.0352507 12.8506
-0.036215 0.0346261 -0.998743 -220.784 -0.0614011 0.997433 0.0368072 6.05871 0.997455 0.062657 -0.0339959 12.8131
-0.0356108 0.0375215 -0.998661 -221.873 -0.0629104 0.997227 0.039711 6.08999 0.997382 0.0642403 -0.0331514 12.7803
-0.0349111 0.0370777 -0.998702 -222.96 -0.0625969 0.997267 0.0392127 6.11786 0.997427 0.0638847 -0.0324946 12.7465
-0.0347876 0.0343391 -0.998804 -224.049 -0.0609651 0.997474 0.0364168 6.14484 0.997532 0.0621591 -0.0326061 12.7173
-0.0351071 0.0314565 -0.998888 -225.137 -0.057823 0.997765 0.0334535 6.16836 0.997708 0.0589332 -0.0332096 12.6849
-0.0356366 0.0303794 -0.998902 -226.242 -0.055987 0.997906 0.0323466 6.19183 0.997794 0.0570784 -0.033861 12.653
-0.0360958 0.0293929 -0.998915 -227.364 -0.0560905 0.997931 0.0313909 6.21555 0.997772 0.0571629 -0.0343723 12.6172
-0.0363486 0.0291832 -0.998912 -228.485 -0.0560929 0.997937 0.0311959 6.23909 0.997762 0.057166 -0.0346366 12.5812
-0.0373263 0.0296666 -0.998862 -229.605 -0.0580135 0.997808 0.0318033 6.26268 0.997616 0.0591346 -0.0355233 12.5424
-0.0382533 0.0317713 -0.998762 -230.741 -0.0588121 0.997689 0.0339898 6.28812 0.997534 0.0600396 -0.0362963 12.4966
-0.0398197 0.0332131 -0.998654 -231.936 -0.0594801 0.997595 0.0355496 6.3183 0.997434 0.0608157 -0.0377484 12.4689
-0.0408432 0.0350722 -0.998549 -233.074 -0.0606412 0.997453 0.0375142 6.34267 0.997322 0.0620855 -0.0386122 12.4143
-0.0418896 0.0360167 -0.998472 -234.238 -0.0628713 0.997273 0.0386112 6.37095 0.997141 0.0643927 -0.0395108 12.3548
-0.0432191 0.034847 -0.998457 -235.4 -0.0648723 0.997183 0.0376107 6.39641 0.996956 0.0663978 -0.0408367 12.2924
-0.0434546 0.0305827 -0.998587 -236.555 -0.0631824 0.997445 0.0332973 6.41728 0.997054 0.0645401 -0.0414112 12.2091
-0.0456006 0.0247123 -0.998653 -237.749 -0.0600534 0.997817 0.0274338 6.43686 0.997152 0.0612236 -0.0440169 12.1661
-0.0476942 0.0207307 -0.998646 -238.921 -0.0551438 0.998204 0.0233552 6.44709 0.997337 0.0561831 -0.0464653 12.1035
-0.049618 0.0213 -0.99854 -240.114 -0.0489282 0.998519 0.0237309 6.45857 0.997568 0.0500343 -0.0485023 12.0345
-0.0509015 0.0254549 -0.998379 -241.292 -0.0445045 0.998623 0.0277302 6.47081 0.99771 0.0458439 -0.0496984 11.9466
-0.0524868 0.0281816 -0.998223 -242.509 -0.0424637 0.998633 0.030426 6.48656 0.997717 0.0439853 -0.0512183 11.8661
-0.0540988 0.0279193 -0.998145 -243.725 -0.0408458 0.998709 0.030149 6.5017 0.997698 0.0424011 -0.0528885 11.784
-0.0546999 0.0284645 -0.998096 -244.952 -0.0410883 0.998681 0.030733 6.52798 0.997656 0.0426913 -0.0534582 11.678
-0.0563837 0.0298414 -0.997962 -246.189 -0.0402489 0.998671 0.0321367 6.55135 0.997596 0.0419789 -0.0551076 11.5916
-0.0581018 0.029432 -0.997876 -247.414 -0.039393 0.998718 0.0317505 6.57314 0.997532 0.0411542 -0.0568678 11.5048
-0.0592021 0.0278228 -0.997858 -248.674 -0.0394666 0.998763 0.0301896 6.59921 0.997464 0.0411694 -0.0580308 11.4024
-0.0618812 0.0273872 -0.997707 -249.922 -0.0392713 0.998781 0.0298525 6.62095 0.997309 0.0410287 -0.0607302 11.3246
-0.0647188 0.0281255 -0.997506 -251.164 -0.0395155 0.998745 0.0307243 6.6421 0.997119 0.0414055 -0.0635261 11.2477
-0.0686275 0.028 -0.997249 -252.423 -0.0395227 0.998744 0.0307618 6.66565 0.996858 0.0415251 -0.0674346 11.1769
-0.0717586 0.0288685 -0.997003 -253.701 -0.0405069 0.998671 0.0318323 6.68839 0.996598 0.0426698 -0.0704938 11.0867
-0.0745971 0.0303466 -0.996751 -254.988 -0.04203 0.998552 0.0335471 6.71401 0.996326 0.044396 -0.0732135 10.9902
-0.076385 0.0314168 -0.996583 -256.255 -0.0435749 0.998442 0.0348153 6.73073 0.996124 0.0460854 -0.0748969 10.8897
-0.077402 0.0315418 -0.9965 -257.541 -0.0460915 0.998316 0.0351794 6.75659 0.995932 0.0486532 -0.0758178 10.7803
-0.0775993 0.0314783 -0.996487 -258.819 -0.0468201 0.998282 0.0351811 6.78042 0.995883 0.0493857 -0.0759921 10.6764
-0.0777936 0.0304846 -0.996503 -260.098 -0.0455605 0.998378 0.0340988 6.80394 0.995926 0.0480539 -0.0762785 10.5738
-0.0766051 0.0297384 -0.996617 -261.322 -0.043042 0.998523 0.0331038 6.81929 0.99613 0.0454324 -0.0752119 10.4518
-0.0764349 0.0297095 -0.996631 -262.585 -0.0419135 0.998576 0.032982 6.83567 0.996192 0.0442934 -0.0750807 10.3365
-0.0765671 0.0301302 -0.996608 -263.864 -0.0417871 0.998567 0.0333999 6.85594 0.996187 0.0442027 -0.0751982 10.23
-0.0760968 0.0301135 -0.996645 -265.153 -0.0411244 0.998597 0.0333126 6.8767 0.99625 0.0435215 -0.0747516 10.1179
-0.0766528 0.0306768 -0.996585 -266.409 -0.0404471 0.998607 0.0338501 6.89721 0.996235 0.0429038 -0.0753051 10.0242
-0.0762151 0.0317096 -0.996586 -267.699 -0.037885 0.998679 0.0346736 6.91855 0.99637 0.0403984 -0.0749131 9.90999
-0.0768326 0.0343206 -0.996452 -268.98 -0.0333832 0.998757 0.0369741 6.94184 0.996483 0.0361056 -0.0755913 9.81381
-0.0778536 0.0375509 -0.996257 -270.227 -0.0298326 0.998754 0.0399764 6.96821 0.996517 0.0328333 -0.0766362 9.72768
-0.0782474 0.0397758 -0.996139 -271.498 -0.0277621 0.998728 0.04206 6.99842 0.996546 0.030946 -0.0770436 9.63136
-0.0790179 0.0382272 -0.996139 -272.757 -0.0276206 0.998796 0.0405202 7.02632 0.996489 0.0307159 -0.0778668 9.53803
-0.0788348 0.0365408 -0.996217 -273.996 -0.0302539 0.998779 0.039029 7.05313 0.996427 0.0332164 -0.0776329 9.4273
-0.0794086 0.0393192 -0.996065 -275.259 -0.0356755 0.998468 0.0422583 7.08502 0.996202 0.0388908 -0.0778842 9.31736
-0.0803126 0.0451235 -0.995747 -276.508 -0.0405445 0.997999 0.0484958 7.11465 0.995943 0.0442669 -0.0783223 9.21508
-0.0803953 0.0445117 -0.995768 -277.755 -0.0446357 0.997838 0.0482081 7.14857 0.995761 0.0483226 -0.0782347 9.10404
-0.0801575 0.0378215 -0.996063 -279.01 -0.0440395 0.998168 0.0414456 7.18424 0.995807 0.0471884 -0.078345 8.9957
-0.0810474 0.0325425 -0.996178 -280.255 -0.0409937 0.998511 0.035954 7.21196 0.995865 0.0437511 -0.0795926 8.89569
-0.081298 0.031893 -0.996179 -281.509 -0.0351446 0.998773 0.0348443 7.23698 0.996068 0.0378431 -0.0800773 8.79846
-0.0805161 0.0335068 -0.996189 -282.766 -0.032047 0.99883 0.0361858 7.26215 0.996236 0.0348385 -0.079348 8.69652
-0.0791741 0.0357225 -0.99622 -283.999 -0.0311937 0.998778 0.0382934 7.28237 0.996371 0.0341078 -0.0779629 8.59001
-0.0780653 0.0381399 -0.996217 -285.253 -0.0323657 0.998643 0.0407691 7.30787 0.996421 0.035426 -0.0767248 8.47978
-0.0762613 0.039564 -0.996302 -286.479 -0.0336808 0.998539 0.042231 7.33568 0.996517 0.0367769 -0.0748172 8.34715
-0.0745924 0.0406037 -0.996386 -287.746 -0.0352213 0.998439 0.0433242 7.3693 0.99659 0.0383258 -0.0730458 8.22981
-0.073151 0.0399917 -0.996518 -288.986 -0.035053 0.998474 0.0426434 7.39909 0.996703 0.0380505 -0.0716375 8.11159
-0.071923 0.0384478 -0.996668 -290.211 -0.035789 0.998512 0.0411017 7.42634 0.996766 0.038626 -0.07044 7.98411
-0.0706798 0.0374198 -0.996796 -291.436 -0.0357209 0.998559 0.0400189 7.45228 0.996858 0.038435 -0.0692412 7.85804
-0.0698447 0.0374148 -0.996855 -292.67 -0.0362528 0.99854 0.0400182 7.47617 0.996897 0.038934 -0.0683862 7.73864
-0.0685721 0.037221 -0.996951 -293.924 -0.0370504 0.998518 0.039828 7.50491 0.996956 0.0396686 -0.0670913 7.622
-0.0674153 0.0376121 -0.997015 -295.179 -0.0380957 0.998462 0.0402427 7.53508 0.996996 0.040695 -0.0658787 7.50759
-0.0674865 0.0380681 -0.996993 -296.404 -0.0374944 0.998468 0.0406625 7.55664 0.997014 0.0401259 -0.0659557 7.41622
-0.0679625 0.0366579 -0.997013 -297.651 -0.0374889 0.998524 0.0392691 7.58223 0.996982 0.0400458 -0.0664879 7.32553
-0.0686563 0.0345127 -0.997042 -298.896 -0.0375906 0.998601 0.0371552 7.60553 0.99693 0.0400305 -0.0672628 7.23527
-0.070098 0.0319264 -0.997028 -300.12 -0.0386665 0.998648 0.0346969 7.62523 0.996789 0.0409839 -0.0687686 7.14921
-0.0714114 0.0308105 -0.99697 -301.35 -0.0404837 0.998608 0.0337611 7.64551 0.996623 0.042772 -0.0700646 7.05715
-0.0714172 0.0307945 -0.99697 -302.593 -0.0437791 0.998462 0.0339768 7.66829 0.996484 0.0460731 -0.0699591 6.93881
-0.0713012 0.0318096 -0.996947 -303.835 -0.0473721 0.998254 0.0352395 7.69265 0.996328 0.0497402 -0.0696698 6.81933
-0.0713161 0.032623 -0.996919 -305.083 -0.0513813 0.998017 0.0363346 7.71974 0.996128 0.0538143 -0.0694984 6.7049
-0.0714637 0.0324214 -0.996915 -306.343 -0.0532071 0.997923 0.0362684 7.74809 0.996021 0.0556349 -0.0695902 6.60052
-0.07171 0.0303537 -0.996963 -307.6 -0.0532764 0.997992 0.0342172 7.7732 0.996 0.0555684 -0.0699488 6.49578
-0.0720179 0.0282673 -0.997002 -308.871 -0.051035 0.998183 0.0319874 7.79651 0.996095 0.0531857 -0.0704443 6.39229
-0.0728614 0.0281154 -0.996945 -310.132 -0.0483606 0.998326 0.0316889 7.81671 0.996167 0.0505219 -0.0713797 6.29126
-0.0727651 0.0300343 -0.996896 -311.365 -0.0464541 0.998358 0.0334692 7.84054 0.996265 0.0487454 -0.0712503 6.16575
-0.0729376 0.0312811 -0.996845 -312.631 -0.0451107 0.99838 0.0346301 7.86313 0.996314 0.0474943 -0.0714083 6.05449
-0.0733386 0.0304345 -0.996842 -313.912 -0.0464861 0.998342 0.0339004 7.88837 0.996221 0.0488256 -0.0718022 5.95058
-0.0727467 0.0287689 -0.996934 -315.167 -0.0478255 0.998332 0.0322992 7.91363 0.996201 0.0500286 -0.0712494 5.83637
