1 0 0 0 0 1 0 0 0 0 1 0
0.999876 -0.00351586 0.0153158 -0.203726 0.00356875 0.999988 -0.00342726 0.0747101 -0.0153036 0.00348149 0.999877 0.231823
0.999753 -0.00599294 0.0213753 -0.177981 0.00607493 0.999974 -0.00377286 0.0735026 -0.0213522 0.00390178 0.999764 0.524418
0.999704 -0.00918216 0.0225353 -0.153661 0.0093077 0.999942 -0.00547188 0.0733204 -0.0224838 0.00568001 0.999731 0.827037
0.999744 -0.010745 0.0198868 -0.139558 0.0108933 0.999914 -0.00736761 0.0730564 -0.0198059 0.00758236 0.999775 1.13794
0.999834 -0.0132218 0.0125692 -0.127932 0.0133365 0.99987 -0.00908716 0.0722481 -0.0124474 0.00925328 0.99988 1.44889
0.999887 -0.015026 -0.000539906 -0.122481 0.0150188 0.999821 -0.0115493 0.0727257 0.000713347 0.0115399 0.999933 1.7679
0.999727 -0.0145824 -0.0182262 -0.122964 0.0143542 0.999818 -0.0125886 0.0729625 0.0184064 0.0123235 0.999755 2.08705
0.999198 -0.0101792 -0.0387235 -0.135725 0.00966924 0.999864 -0.0133346 0.075457 0.038854 0.0129495 0.999161 2.43474
0.998263 -0.00655249 -0.0585482 -0.179275 0.00566606 0.999867 -0.0152933 0.0787041 0.0586406 0.014935 0.998167 2.79632
0.996871 -0.00626305 -0.0788012 -0.229832 0.00498029 0.999852 -0.0164645 0.0810498 0.0788927 0.0160205 0.996754 3.15486
0.995056 -0.00764445 -0.0990226 -0.302843 0.00605292 0.999848 -0.0163628 0.0798741 0.0991327 0.0156825 0.994951 3.5383
0.993024 -0.00912405 -0.11756 -0.381846 0.00725441 0.99984 -0.0163218 0.0773788 0.11769 0.0153551 0.992932 3.90194
0.991074 -0.0079397 -0.133074 -0.493018 0.00592892 0.999862 -0.0154997 0.0611742 0.133179 0.0145723 0.990985 4.28352
0.989211 -0.0066862 -0.146347 -0.609508 0.00459299 0.999882 -0.0146363 0.04481 0.146428 0.0138062 0.989125 4.67768
0.987343 -0.00619761 -0.158477 -0.71446 0.00392214 0.999885 -0.0146671 0.0299676 0.158549 0.0138599 0.987254 5.09745
0.985514 -0.00746366 -0.169431 -0.816503 0.00488696 0.999866 -0.0156199 0.0162131 0.169525 0.0145656 0.985418 5.53446
0.983675 -0.011177 -0.179605 -0.908169 0.00810084 0.999808 -0.0178518 0.00417977 0.17977 0.0161054 0.983577 6.00652
0.982149 -0.010461 -0.187815 -1.00185 0.00690298 0.999784 -0.0195882 -0.00903375 0.18798 0.017942 0.982009 6.47815
0.980711 -0.0104394 -0.195184 -1.1007 0.00646078 0.999758 -0.0210095 -0.0244531 0.195356 0.0193432 0.980542 6.945
0.979124 -0.0108798 -0.20297 -1.21523 0.00618998 0.999699 -0.0237265 -0.0394459 0.203168 0.0219748 0.978898 7.44081
0.977609 -0.0138935 -0.209972 -1.33184 0.00875384 0.999639 -0.0253874 -0.0564261 0.210249 0.0229809 0.977378 7.94324
0.975742 -0.0199447 -0.218014 -1.43793 0.0143952 0.999531 -0.0270136 -0.0734791 0.218451 0.0232199 0.975572 8.46225
0.974112 -0.0200627 -0.225172 -1.57975 0.013804 0.999474 -0.0293354 -0.0975399 0.225642 0.0254677 0.973878 8.96459
0.972416 -0.0156495 -0.232728 -1.75796 0.00801237 0.999399 -0.0337247 -0.119209 0.233116 0.0309298 0.971957 9.50964
0.970279 -0.0130768 -0.241637 -1.91373 0.00431655 0.999315 -0.0367477 -0.139917 0.241952 0.0346125 0.969671 10.0695
0.968128 -0.0157472 -0.249961 -2.07991 0.00634628 0.999243 -0.0383709 -0.168176 0.250376 0.0355616 0.967496 10.654
0.965815 -0.0189894 -0.258537 -2.23914 0.00881995 0.999143 -0.040438 -0.197359 0.259083 0.0367754 0.965155 11.2585
0.963287 -0.0191966 -0.267787 -2.40552 0.0079761 0.999046 -0.0429259 -0.225771 0.268356 0.0392141 0.962522 11.8697
0.960971 -0.0183224 -0.276043 -2.57764 0.00576982 0.998915 -0.0462169 -0.258932 0.27659 0.0428204 0.960034 12.4517
0.958821 -0.0186276 -0.283398 -2.75423 0.00430079 0.998685 -0.0510921 -0.295023 0.283977 0.0477694 0.957641 13.0321
0.957486 -0.0192789 -0.287836 -2.95824 0.00243377 0.998269 -0.0587671 -0.33813 0.28847 0.0555681 0.955875 13.6225
0.955785 -0.0207222 -0.293336 -3.13747 0.00120974 0.997783 -0.0665448 -0.38142 0.294065 0.0632476 0.953691 14.2581
0.954237 -0.0207005 -0.298335 -3.32999 -0.00180366 0.997185 -0.0749604 -0.432704 0.299047 0.0720681 0.951513 14.9093
0.952702 -0.0201225 -0.30324 -3.53971 -0.0054696 0.996509 -0.083311 -0.491015 0.303857 0.0810291 0.949266 15.5672
0.951176 -0.0194382 -0.308037 -3.75274 -0.00884561 0.995888 -0.0901579 -0.553806 0.308523 0.0884808 0.947093 16.2238
0.949176 -0.0179667 -0.314233 -3.97676 -0.0131761 0.995226 -0.0967033 -0.617834 0.31447 0.0959288 0.944408 16.9151
0.947363 -0.0165967 -0.319729 -4.20596 -0.0173495 0.994527 -0.103031 -0.68653 0.319689 0.103155 0.941891 17.6022
0.945158 -0.0144359 -0.326295 -4.43448 -0.022392 0.993808 -0.108829 -0.761121 0.325846 0.110167 0.938983 18.3095
0.943644 -0.012454 -0.330726 -4.7496 -0.0265129 0.993235 -0.11305 -0.828522 0.329897 0.115447 0.936931 19.0532
0.942289 -0.0116627 -0.334596 -5.05178 -0.0286861 0.992905 -0.115395 -0.901679 0.333568 0.118333 0.93527 19.7733
0.94077 -0.0113477 -0.338855 -5.35178 -0.0295109 0.992906 -0.115182 -0.986196 0.337758 0.11836 0.933761 20.4817
0.938982 -0.0111021 -0.343787 -5.65204 -0.0300547 0.993008 -0.114156 -1.07206 0.342651 0.117523 0.932083 21.1988
0.936922 -0.0117245 -0.349341 -5.96033 -0.0295545 0.993201 -0.112598 -1.16154 0.348286 0.11582 0.930206 21.9258
0.934236 -0.01089 -0.356488 -6.27276 -0.0303284 0.993488 -0.10983 -1.25174 0.355362 0.113419 0.927822 22.6576
0.931292 -0.00849591 -0.364174 -6.59867 -0.0318334 0.994005 -0.104596 -1.34336 0.362879 0.109002 0.925439 23.398
0.927635 -0.00479976 -0.373457 -6.90492 -0.0346993 0.994485 -0.0989714 -1.44025 0.371872 0.104768 0.922353 24.1457
0.923906 -0.000878825 -0.382618 -7.23074 -0.0382467 0.994777 -0.094639 -1.5325 0.380702 0.102071 0.919047 24.9157
0.920108 5.81233e-05 -0.391663 -7.57674 -0.0396405 0.994879 -0.0929772 -1.61568 0.389652 0.101075 0.915399 25.6981
0.916137 -5.22422e-05 -0.400865 -7.93062 -0.0403695 0.994904 -0.0923901 -1.69832 0.398827 0.100825 0.911467 26.4771
0.91242 -7.82904e-05 -0.409256 -8.27768 -0.0407592 0.995011 -0.0910614 -1.7814 0.407221 0.0997672 0.907864 27.2356
0.908831 0.0014756 -0.417162 -8.64629 -0.0427751 0.995052 -0.0896702 -1.86365 0.414966 0.0993392 0.904398 28.0052
0.904631 -9.7722e-05 -0.426196 -9.01833 -0.0409402 0.995355 -0.0871267 -1.9478 0.424225 0.096266 0.900425 28.8152
0.900612 0.000532735 -0.434623 -9.39539 -0.0407443 0.995699 -0.0832085 -2.02872 0.432709 0.092647 0.896761 29.6112
0.896743 0.00351622 -0.442538 -9.80088 -0.0423983 0.996051 -0.0780003 -2.11011 0.440516 0.088709 0.893351 30.4221
0.892526 0.00390801 -0.45098 -10.2669 -0.0420037 0.996336 -0.0744949 -2.18658 0.449036 0.0854315 0.88942 31.2914
0.888473 0.00174837 -0.458925 -10.674 -0.0394817 0.996576 -0.0726394 -2.25686 0.457227 0.0826573 0.885501 32.1142
0.884917 0.000444852 -0.465749 -11.0872 -0.0380648 0.996723 -0.0713706 -2.32578 0.464191 0.0808857 0.882034 32.9341
0.881518 -2.38328e-05 -0.472151 -11.5111 -0.0371272 0.9969 -0.0693677 -2.39276 0.470689 0.0786785 0.878784 33.7603
0.878291 -0.00218377 -0.478122 -11.9515 -0.0347444 0.997054 -0.068378 -2.45907 0.476863 0.0766679 0.875628 34.6019
0.875727 -0.00433162 -0.482788 -12.4383 -0.032792 0.997117 -0.0684275 -2.52694 0.481692 0.0757554 0.87306 35.4637
0.870136 -0.00318814 -0.492802 -12.8948 -0.0354997 0.996976 -0.0691314 -2.6173 0.491532 0.077648 0.867391 36.3879
0.863296 -0.00469524 -0.504675 -13.3914 -0.0339323 0.997154 -0.0673216 -2.69754 0.503555 0.0752433 0.86068 37.377
0.86125 -0.00122253 -0.50818 -13.9712 -0.0379122 0.997056 -0.0666512 -2.79752 0.506765 0.0766696 0.858668 38.3328
0.860942 -0.000383431 -0.508702 -14.4996 -0.037846 0.99718 -0.0648033 -2.87763 0.507293 0.0750443 0.8585 39.2232
0.860638 -0.00136473 -0.509215 -15.0311 -0.0363865 0.997275 -0.0641706 -2.95622 0.507915 0.0737563 0.858244 40.1182
0.860203 -0.0030336 -0.509942 -15.5693 -0.034911 0.997286 -0.0648229 -3.03534 0.508755 0.0735635 0.857763 41.0144
0.859078 -0.00526839 -0.511817 -16.1295 -0.0326942 0.99734 -0.0651429 -3.11076 0.510799 0.0726963 0.856621 41.9343
0.857563 -0.00545298 -0.51435 -16.6924 -0.0316765 0.997486 -0.0633885 -3.1842 0.513403 0.0706525 0.855234 42.8528
0.854873 -0.00471839 -0.518815 -17.2187 -0.0303419 0.997792 -0.0590701 -3.26658 0.517949 0.0662394 0.852843 43.7699
0.85174 -0.00479062 -0.523942 -17.804 -0.0283047 0.998077 -0.0551391 -3.34192 0.523199 0.0617943 0.849968 44.7065
0.847182 -0.00516713 -0.531277 -18.3745 -0.0271637 0.998223 -0.0530243 -3.41797 0.530608 0.0593527 0.845537 45.6348
0.841733 -0.00874377 -0.539823 -18.9612 -0.0248935 0.998177 -0.0549839 -3.49582 0.539319 0.0597199 0.839981 46.5416
0.835728 -0.0120188 -0.549011 -19.5546 -0.0237067 0.998039 -0.0579362 -3.57431 0.548631 0.0614342 0.833805 47.4254
0.829626 -0.0119117 -0.558192 -20.1577 -0.0238595 0.998102 -0.0567611 -3.65127 0.557809 0.0604087 0.827768 48.3029
0.823836 -0.00825531 -0.566768 -20.7788 -0.0252508 0.998367 -0.0512456 -3.72561 0.566265 0.0565294 0.822282 49.184
0.818673 -0.00341416 -0.57425 -21.4198 -0.0285072 0.998508 -0.0465776 -3.79581 0.573552 0.0545021 0.817354 50.0679
0.814732 -0.00325172 -0.579829 -22.0399 -0.0299398 0.998414 -0.0476683 -3.86769 0.579064 0.0561969 0.813343 50.9216
0.81056 -0.0052135 -0.585632 -22.6574 -0.0305613 0.998221 -0.0511857 -3.94254 0.584857 0.0593868 0.808959 51.7915
0.806975 -0.00720241 -0.590542 -23.3182 -0.033236 0.997787 -0.0575864 -4.01717 0.58965 0.066098 0.80495 52.7039
0.804638 -0.0087478 -0.593701 -23.9764 -0.0322648 0.99777 -0.0584298 -4.08991 0.592888 0.0661705 0.802562 53.4486
0.801315 -0.00690916 -0.598202 -24.632 -0.031764 0.998031 -0.0540763 -4.16662 0.597398 0.0623335 0.799519 54.3013
0.799262 -0.00387935 -0.60097 -25.3209 -0.032157 0.99827 -0.0492113 -4.22971 0.600122 0.0586581 0.797755 55.1476
0.796877 -0.0017846 -0.604138 -26.0035 -0.0330095 0.998373 -0.0464898 -4.2911 0.603238 0.056989 0.795523 55.9918
0.794029 -0.00153041 -0.607877 -26.6738 -0.0339372 0.998325 -0.0468433 -4.35549 0.606931 0.0578247 0.792648 56.8333
0.790937 -0.0029887 -0.611889 -27.3455 -0.0336012 0.998267 -0.0483094 -4.42072 0.610973 0.05877 0.789467 57.6765
0.7862 -0.00515762 -0.61795 -27.957 -0.0327624 0.998211 -0.0500141 -4.49863 0.617103 0.0595667 0.784625 58.5191
0.781793 -0.00586395 -0.62351 -28.626 -0.0325249 0.998211 -0.0501696 -4.5715 0.622689 0.0595019 0.780204 59.3621
0.777032 -0.00586243 -0.629433 -29.3314 -0.0322021 0.998277 -0.0490511 -4.64176 0.628636 0.0583834 0.775505 60.2204
0.771895 -0.00560609 -0.635725 -30.0353 -0.0322676 0.998326 -0.0479829 -4.71056 0.63493 0.0575511 0.770423 61.0682
0.766344 -0.00689745 -0.642393 -30.7598 -0.0321141 0.998281 -0.0490293 -4.77651 0.641627 0.0582032 0.764805 61.9212
0.760491 -0.0083825 -0.649294 -31.4832 -0.0314952 0.998263 -0.0497768 -4.84365 0.648584 0.0583044 0.758907 62.7693
0.754698 -0.00978407 -0.655999 -32.1972 -0.031039 0.998236 -0.0505974 -4.91071 0.655338 0.0585474 0.753064 63.593
0.748949 -0.0114243 -0.662529 -32.9421 -0.0302695 0.998217 -0.0514307 -4.9789 0.661935 0.0585735 0.747269 64.4247
0.742449 -0.0137209 -0.669762 -33.6943 -0.0287739 0.998214 -0.0523463 -5.04829 0.669284 0.0581361 0.740729 65.2619
0.7359 -0.0151262 -0.67692 -34.4547 -0.0275803 0.998251 -0.0522898 -5.11755 0.676527 0.0571498 0.734197 66.0919
0.729212 -0.0152196 -0.684119 -35.2274 -0.0266204 0.998365 -0.0505857 -5.18514 0.68377 0.0550992 0.727615 66.9154
0.721879 -0.0157268 -0.691841 -35.9704 -0.0252996 0.998473 -0.0490952 -5.26171 0.691557 0.0529441 0.720379 67.7299
0.714626 -0.0177543 -0.69928 -36.7449 -0.0233141 0.998518 -0.0491776 -5.33582 0.699117 0.0514468 0.713154 68.5441
0.707341 -0.0189093 -0.706619 -37.5275 -0.0239719 0.998425 -0.0507145 -5.41158 0.706465 0.0528115 0.705774 69.3499
0.700381 -0.0182103 -0.713536 -38.3534 -0.0254034 0.998405 -0.0504156 -5.48272 0.713316 0.0534364 0.698802 70.1661
0.694212 -0.0178941 -0.719548 -39.1381 -0.025382 0.99846 -0.0493187 -5.55014 0.719322 0.0525012 0.69269 70.9549
0.688572 -0.0170277 -0.724968 -39.9109 -0.0271025 0.998421 -0.0491924 -5.62112 0.724661 0.053521 0.687024 71.7275
0.683013 -0.0181458 -0.730181 -40.694 -0.0268144 0.998394 -0.0498935 -5.69393 0.729913 0.0536573 0.68143 72.4994
0.677487 -0.0198498 -0.735267 -41.5313 -0.0276062 0.998245 -0.0523863 -5.7665 0.735016 0.055789 0.67575 73.2749
0.671803 -0.0225425 -0.740386 -42.4105 -0.0271147 0.998118 -0.0549926 -5.83772 0.740233 0.0570196 0.669929 74.0694
0.666416 -0.0230487 -0.745224 -43.2614 -0.0276025 0.998074 -0.0555526 -5.91283 0.745068 0.0575912 0.664497 74.8381
0.661367 -0.022624 -0.74972 -44.1447 -0.0270159 0.998178 -0.0539537 -5.98914 0.749575 0.0559377 0.659552 75.6118
0.655879 -0.022626 -0.754527 -45.0164 -0.0266684 0.998232 -0.0531158 -6.06279 0.754394 0.0549596 0.654117 76.3802
0.650408 -0.0238448 -0.75921 -45.8808 -0.0258524 0.998233 -0.0534994 -6.13815 0.759144 0.0544239 0.648643 77.1421
0.64509 -0.0251905 -0.763691 -46.7405 -0.0246006 0.998253 -0.0537078 -6.21137 0.76371 0.0534337 0.643345 77.9025
0.63998 -0.02607 -0.767949 -47.6444 -0.0233474 0.998303 -0.0533468 -6.28789 0.768036 0.0520706 0.638286 78.6702
0.635734 -0.0270377 -0.771434 -48.5798 -0.0217867 0.998359 -0.0529455 -6.36739 0.7716 0.0504663 0.634103 79.4361
0.631419 -0.029883 -0.774865 -49.5325 -0.0191622 0.99835 -0.0541167 -6.44406 0.775204 0.0490185 0.629806 80.2048
0.626991 -0.034712 -0.778252 -50.4831 -0.0159347 0.998226 -0.0573612 -6.52309 0.778863 0.0483662 0.625327 80.9645
0.622194 -0.0387702 -0.781902 -51.4454 -0.0117059 0.9982 -0.0588102 -6.60212 0.782775 0.0457443 0.620622 81.7183
0.615675 -0.0424099 -0.786858 -52.4137 -0.00686399 0.998224 -0.0591728 -6.68157 0.78797 0.0418323 0.614291 82.4645
0.607412 -0.046306 -0.793036 -53.3896 -0.00204045 0.998205 -0.0598489 -6.7619 0.794384 0.0379711 0.606228 83.2007
0.598445 -0.0474443 -0.799758 -54.3738 0.000818795 0.99828 -0.0586087 -6.84074 0.801163 0.0344193 0.597455 83.9262
0.589483 -0.0462172 -0.806457 -55.4057 0.00111582 0.998407 -0.0564021 -6.91609 0.807779 0.0323483 0.588597 84.6622
0.580268 -0.0461351 -0.813117 -56.4166 0.000448409 0.998412 -0.0563286 -6.99759 0.814425 0.0323211 0.579368 85.3761
0.570602 -0.0474727 -0.819853 -57.4358 -0.000241963 0.998317 -0.057975 -7.08122 0.821226 0.033279 0.569631 86.0779
0.560551 -0.0495884 -0.826633 -58.4678 0.000182681 0.998212 -0.0597574 -7.16739 0.828119 0.0333461 0.559559 86.7689
0.550868 -0.0512046 -0.83302 -59.5106 0.00078109 0.998147 -0.0608383 -7.25513 0.834591 0.0328632 0.549888 87.4485
0.541051 -0.0519834 -0.839381 -60.5612 0.00351742 0.998218 -0.0595531 -7.3411 0.840982 0.0292689 0.540271 88.1161
0.531121 -0.0522035 -0.845686 -61.6196 0.00461767 0.998263 -0.058722 -7.42609 0.847283 0.0272834 0.530441 88.7716
0.520938 -0.0528958 -0.851954 -62.6746 0.00462259 0.998238 -0.0591518 -7.51273 0.853582 0.0268762 0.520265 89.4184
0.510996 -0.0538793 -0.857892 -63.7618 0.00387575 0.998167 -0.0603807 -7.60075 0.859573 0.0275294 0.51027 90.0515
0.501366 -0.0543177 -0.863528 -64.8562 0.00187512 0.998093 -0.0616934 -7.69039 0.865233 0.0293118 0.500513 90.6723
0.491575 -0.0553852 -0.869072 -65.9603 0.00083185 0.998004 -0.0631315 -7.78336 0.870834 0.0303109 0.490641 91.2876
0.481582 -0.0551749 -0.874662 -67.0487 9.58255e-06 0.998016 -0.062951 -7.87521 0.8764 0.0303077 0.480628 91.9037
0.472312 -0.0530807 -0.879831 -68.1677 -0.000875464 0.998156 -0.0606893 -7.96536 0.88143 0.0294346 0.471396 92.5126
0.463874 -0.0517433 -0.884388 -69.2927 -0.000224367 0.998285 -0.0585248 -8.05286 0.8859 0.0273466 0.463068 93.111
0.455567 -0.0522364 -0.888667 -70.4231 7.48825e-05 0.998279 -0.0586411 -8.14068 0.890201 0.0266485 0.454788 93.6989
0.447565 -0.0555584 -0.892524 -71.5664 0.00198344 0.998127 -0.0611375 -8.23028 0.894249 0.0255928 0.446838 94.2789
0.440309 -0.0591501 -0.895895 -72.7139 0.00499447 0.997973 -0.063435 -8.32278 0.897832 0.0234565 0.439713 94.8499
0.433574 -0.0620478 -0.898979 -73.8705 0.00645458 0.997814 -0.0657565 -8.41993 0.901094 0.0227078 0.433027 95.4159
0.427742 -0.0656212 -0.901516 -75.0296 0.00849866 0.997609 -0.0685835 -8.52052 0.90386 0.0216744 0.427278 95.9724
0.422614 -0.0668094 -0.903844 -76.1978 0.011261 0.997589 -0.0684735 -8.6224 0.906239 0.0187597 0.422348 96.5272
0.417693 -0.0647905 -0.906275 -77.3691 0.0135735 0.997787 -0.065077 -8.71967 0.908486 0.014881 0.41765 97.0761
0.413173 -0.0630437 -0.908468 -78.5074 0.0169384 0.99796 -0.0615505 -8.8173 0.910494 0.0100431 0.413399 97.6218
0.409501 -0.0625789 -0.910161 -79.6803 0.0185325 0.998009 -0.0602809 -8.91373 0.912121 0.00781763 0.409846 98.1522
0.40623 -0.0624583 -0.911634 -80.8381 0.0202759 0.998031 -0.0593426 -9.00986 0.913545 0.00562263 0.406698 98.6745
0.403231 -0.0615438 -0.913026 -81.9856 0.0226592 0.998101 -0.0572712 -9.10369 0.914817 0.00240515 0.403861 99.191
0.40115 -0.0604506 -0.914016 -83.1287 0.0238986 0.99817 -0.0555277 -9.19583 0.9157 0.000431317 0.401861 99.6947
0.399807 -0.061606 -0.914526 -84.2719 0.0262361 0.998099 -0.0557661 -9.28413 0.916223 -0.00169785 0.400664 100.181
0.397384 -0.0619793 -0.915557 -85.3941 0.0287298 0.998067 -0.0550952 -9.37253 0.917202 -0.00440979 0.398397 100.681
0.39483 -0.061452 -0.916697 -86.5052 0.0320109 0.998074 -0.0531199 -9.4556 0.918196 -0.00837092 0.396038 101.175
0.392256 -0.0610435 -0.917828 -87.6176 0.0340904 0.998074 -0.0518112 -9.53703 0.919224 -0.0109658 0.393583 101.666
0.389881 -0.0625714 -0.918737 -88.7022 0.0367836 0.99795 -0.0523567 -9.6182 0.92013 -0.0133816 0.391385 102.148
0.38816 -0.06388 -0.919375 -89.8025 0.0377106 0.99786 -0.0534119 -9.70202 0.920819 -0.0139377 0.389739 102.624
0.387085 -0.0654352 -0.919719 -90.8909 0.0375033 0.99777 -0.0552042 -9.78211 0.92128 -0.0131237 0.388677 103.093
0.386526 -0.0666949 -0.919864 -91.9794 0.0379102 0.997687 -0.0564077 -9.86356 0.921498 -0.0130691 0.388162 103.561
0.387623 -0.0667679 -0.919397 -93.0202 0.0365907 0.997701 -0.0570277 -9.94593 0.921091 -0.0115361 0.389176 104.025
0.39062 -0.0672659 -0.918091 -94.0474 0.0352801 0.997687 -0.0580871 -10.0302 0.919875 -0.00970025 0.392091 104.49
0.39502 -0.0678499 -0.916164 -95.0788 0.034894 0.997657 -0.0588401 -10.1168 0.918009 -0.00872558 0.396462 104.946
0.4014 -0.0683744 -0.913347 -96.1684 0.0351317 0.997625 -0.0592438 -10.1988 0.915228 -0.00830684 0.40285 105.398
0.408951 -0.0675721 -0.910051 -97.2284 0.0348577 0.997683 -0.0584149 -10.2792 0.91189 -0.00783344 0.410359 105.844
0.41718 -0.0667694 -0.906368 -98.2531 0.0340906 0.997745 -0.0578098 -10.3599 0.908184 -0.00678143 0.418517 106.306
0.425905 -0.0661831 -0.902344 -99.2793 0.0335579 0.99779 -0.0573444 -10.4401 0.904145 -0.0058574 0.427186 106.784
0.43414 -0.0652402 -0.89848 -100.252 0.0325219 0.997858 -0.0567419 -10.5265 0.900257 -0.00458627 0.435333 107.281
0.442828 -0.0654416 -0.894215 -101.22 0.031206 0.997853 -0.0575725 -10.6139 0.896063 -0.00241014 0.44392 107.787
0.453393 -0.0669191 -0.888795 -102.216 0.0292748 0.997757 -0.0601895 -10.6947 0.890829 0.00127031 0.454336 108.281
0.465328 -0.067739 -0.882542 -103.203 0.0275874 0.997692 -0.0620316 -10.7775 0.884708 0.00451807 0.466124 108.785
0.476355 -0.065328 -0.876822 -104.119 0.0249113 0.997838 -0.0608107 -10.8655 0.878899 0.00712475 0.476953 109.315
0.48814 -0.0621681 -0.870548 -105.048 0.0225721 0.998025 -0.0586149 -10.9515 0.872472 0.00896229 0.488581 109.864
0.499279 -0.0595191 -0.864394 -105.987 0.0215477 0.998181 -0.0562851 -11.0366 0.866173 0.00947627 0.499654 110.431
0.509906 -0.0588822 -0.858212 -106.901 0.0218442 0.998218 -0.0555094 -11.119 0.859952 0.00955759 0.510284 111
0.521885 -0.0597393 -0.850921 -107.85 0.0216962 0.998151 -0.0567689 -11.1912 0.852739 0.0111651 0.522217 111.567
0.533502 -0.0608435 -0.843608 -108.78 0.0214078 0.99806 -0.0584447 -11.2666 0.845527 0.0131206 0.53377 112.14
0.545169 -0.0630011 -0.835956 -109.677 0.0236464 0.99793 -0.0597873 -11.3407 0.837992 0.0128269 0.545531 112.709
0.555909 -0.0627765 -0.828869 -110.567 0.0239151 0.997939 -0.059542 -11.4222 0.830898 0.0132775 0.556265 113.307
0.565951 -0.0605184 -0.822214 -111.411 0.023057 0.998073 -0.0575917 -11.5006 0.824116 0.0136364 0.566257 113.909
0.57696 -0.0573394 -0.814757 -112.267 0.0228803 0.998275 -0.0540524 -11.5738 0.816451 0.0125443 0.577278 114.491
0.588264 -0.0553353 -0.806773 -113.096 0.0209956 0.998364 -0.0531673 -11.6428 0.808395 0.0143378 0.588465 115.057
0.599444 -0.0547348 -0.798543 -113.925 0.0185151 0.99834 -0.0545308 -11.7139 0.800202 0.0179031 0.599463 115.642
0.609526 -0.0543258 -0.790902 -114.746 0.0169016 0.998312 -0.0555469 -11.7867 0.792585 0.0204899 0.609417 116.253
0.619379 -0.053659 -0.783256 -115.558 0.0165866 0.998332 -0.0552771 -11.8597 0.784916 0.021246 0.619237 116.873
0.62863 -0.0520105 -0.775963 -116.331 0.0173746 0.998451 -0.0528476 -11.9305 0.777509 0.0197396 0.628561 117.497
0.637323 -0.0501491 -0.768963 -117.085 0.0176261 0.998567 -0.0505145 -12.0005 0.770395 0.0186403 0.637294 118.129
0.645204 -0.0496281 -0.762397 -117.811 0.0184145 0.998608 -0.0494204 -12.0706 0.763788 0.0178471 0.64522 118.76
0.652792 -0.0486939 -0.755971 -118.546 0.0174834 0.998634 -0.0492273 -12.1379 0.757335 0.0189183 0.652752 119.404
0.659754 -0.0478517 -0.749956 -119.266 0.017219 0.998671 -0.0485732 -12.2025 0.751283 0.0191329 0.659702 120.055
0.667443 -0.0449821 -0.743301 -119.98 0.0164914 0.998821 -0.0456371 -12.2667 0.744478 0.0182021 0.667399 120.686
0.674694 -0.0420346 -0.736899 -120.673 0.015748 0.998969 -0.0425651 -12.3304 0.737928 0.0171138 0.674661 121.33
0.681665 -0.0405751 -0.730538 -121.347 0.0152378 0.999031 -0.0412692 -12.3902 0.731505 0.017 0.681624 121.975
0.689251 -0.0400075 -0.723417 -122.007 0.0148655 0.999044 -0.0410873 -12.4418 0.724369 0.0175656 0.689187 122.612
0.697077 -0.0376191 -0.716008 -122.648 0.0131327 0.999124 -0.0397086 -12.4911 0.716875 0.0182769 0.696962 123.25
0.706249 -0.0354036 -0.707078 -123.289 0.0135269 0.999241 -0.0365214 -12.5387 0.707833 0.0162287 0.706192 123.893
0.716062 -0.0320996 -0.697298 -123.9 0.0127489 0.999376 -0.0329137 -12.5865 0.697919 0.0146785 0.716026 124.52
0.726714 -0.0304543 -0.686264 -124.51 0.011687 0.99942 -0.0319755 -12.6265 0.686839 0.0152167 0.726649 125.162
0.737451 -0.0298275 -0.674742 -125.104 0.0103154 0.999405 -0.0329056 -12.6641 0.675321 0.0173061 0.73732 125.799
0.748018 -0.031007 -0.662953 -125.658 0.0105988 0.999338 -0.0347814 -12.704 0.663592 0.0189907 0.747853 126.432
0.75891 -0.0299772 -0.650504 -126.2 0.0100953 0.999361 -0.0342759 -12.7438 0.651116 0.0194454 0.758729 127.074
0.769789 -0.0282996 -0.637671 -126.736 0.00974429 0.999421 -0.0325907 -12.7828 0.638224 0.0188743 0.769619 127.727
0.780511 -0.0257961 -0.62461 -127.261 0.0093051 0.999516 -0.029652 -12.8193 0.625072 0.0173317 0.780374 128.389
0.791119 -0.0243047 -0.611179 -127.808 0.00960956 0.99958 -0.0273116 -12.8566 0.611586 0.0157336 0.791021 129.076
0.801087 -0.0227878 -0.598113 -128.344 0.0101321 0.999647 -0.0245156 -12.8915 0.59846 0.013579 0.801037 129.772
0.810039 -0.0219317 -0.585966 -128.869 0.010852 0.999689 -0.022415 -12.9246 0.586275 0.0117981 0.810026 130.477
0.817783 -0.0231897 -0.57506 -129.337 0.0135429 0.999686 -0.0210541 -12.9467 0.575366 0.00942973 0.817841 131.148
0.824716 -0.023254 -0.565068 -129.833 0.0138759 0.999685 -0.0208879 -12.9726 0.565375 0.0093858 0.82478 131.879
0.831643 -0.0227598 -0.554844 -130.315 0.0133493 0.99969 -0.0209986 -12.998 0.555149 0.0100566 0.831689 132.608
0.838559 -0.020991 -0.544406 -130.787 0.0119387 0.999725 -0.0201578 -13.0227 0.544679 0.010404 0.838579 133.344
0.845204 -0.020031 -0.534068 -131.251 0.0111778 0.999741 -0.019807 -13.0471 0.534325 0.0107712 0.845209 134.086
0.85139 -0.0207881 -0.524121 -131.702 0.0121754 0.999728 -0.0198742 -13.0725 0.52439 0.0105394 0.851412 134.829
0.856739 -0.022533 -0.515258 -132.146 0.0136963 0.999686 -0.0209446 -13.097 0.515567 0.010887 0.856779 135.583
0.861319 -0.0234508 -0.507523 -132.587 0.0146376 0.999664 -0.0213494 -13.1217 0.507852 0.0109598 0.861374 136.343
0.864638 -0.023517 -0.501844 -133.022 0.0150878 0.999668 -0.0208504 -13.1411 0.502167 0.0104564 0.864706 137.12
0.867839 -0.0219413 -0.49636 -133.449 0.0151489 0.999728 -0.0177062 -13.1617 0.496613 0.00784684 0.867936 137.898
0.870945 -0.0181913 -0.491044 -133.885 0.0133468 0.999821 -0.013367 -13.187 0.491199 0.00508806 0.871032 138.695
0.874445 -0.0157066 -0.48487 -134.318 0.0122042 0.999871 -0.0103794 -13.2106 0.48497 0.00315883 0.874524 139.495
0.878125 -0.0125789 -0.478266 -134.768 0.00988085 0.999917 -0.00815708 -13.2312 0.478329 0.00243728 0.878177 140.309
0.881942 -0.0105444 -0.47124 -135.222 0.00880686 0.999943 -0.00589239 -13.2494 0.471274 0.00104663 0.881985 141.137
0.885703 -0.00913274 -0.464162 -135.698 0.00871329 0.999957 -0.0030485 -13.2655 0.464169 -0.00134428 0.885745 142.001
0.889674 -0.00916028 -0.456505 -136.142 0.00981704 0.999951 -0.000932987 -13.2797 0.45649 -0.00365145 0.88972 142.849
0.893878 -0.00910856 -0.448218 -136.593 0.0102424 0.999947 0.000105573 -13.2927 0.448193 -0.00468517 0.893924 143.718
0.898324 -0.0097047 -0.439228 -137.034 0.0109227 0.99994 0.000245721 -13.3056 0.439198 -0.00501825 0.898376 144.591
0.903112 -0.0118955 -0.429242 -137.471 0.0130631 0.999914 -0.000226095 -13.319 0.429207 -0.00540301 0.903189 145.473
0.908265 -0.0132779 -0.418185 -137.898 0.0141109 0.999899 -0.00110052 -13.3332 0.418157 -0.00490138 0.908361 146.361
0.913967 -0.0142966 -0.405537 -138.361 0.0144168 0.999892 -0.0027583 -13.3504 0.405532 -0.00332553 0.914074 147.298
0.920338 -0.0122428 -0.390933 -138.777 0.0118884 0.999923 -0.00332675 -13.3646 0.390943 -0.00158582 0.920413 148.225
0.927565 -0.00838693 -0.373569 -139.175 0.00828134 0.999963 -0.00188772 -13.3769 0.373571 -0.00134265 0.9276 149.163
0.935136 -0.00547737 -0.354246 -139.562 0.00632254 0.999979 0.00122834 -13.3845 0.354231 -0.00338838 0.935151 150.141
0.941862 -0.00303274 -0.335986 -139.901 0.00413353 0.999988 0.00256102 -13.3819 0.335974 -0.00380092 0.941863 151.158
0.948475 -0.00216252 -0.316844 -140.202 0.00320107 0.99999 0.00275716 -13.3818 0.316834 -0.00362931 0.948473 152.172
0.954556 -0.00252988 -0.298021 -140.478 0.00377972 0.999986 0.00361741 -13.3712 0.298006 -0.00457943 0.954552 153.214
0.960423 -0.00287519 -0.278531 -140.733 0.00460349 0.999973 0.00555102 -13.3586 0.278507 -0.00661352 0.960411 154.261
0.966546 -0.00117785 -0.256492 -141.032 0.00363306 0.999951 0.0090984 -13.3567 0.256468 -0.00972585 0.966503 155.348
0.972178 0.0021296 -0.234233 -141.305 0.000853185 0.999919 0.012632 -13.3474 0.23424 -0.0124804 0.972098 156.442
0.977265 0.00381398 -0.211985 -141.557 -0.000531922 0.999879 0.0155371 -13.339 0.212018 -0.0150711 0.977149 157.567
0.981447 0.00428322 -0.191687 -141.748 -0.00137952 0.999882 0.0152788 -13.3274 0.191729 -0.0147308 0.981337 158.695
0.984973 0.0032611 -0.172676 -141.881 -0.0010122 0.999913 0.01311 -13.3222 0.172703 -0.0127382 0.984891 159.82
0.988224 0.00291224 -0.152986 -142.062 -0.000937352 0.999915 0.0129792 -13.319 0.153009 -0.0126829 0.988143 161.007
0.990842 0.000641047 -0.135025 -142.178 0.00142784 0.999883 0.0152245 -13.3184 0.135018 -0.0152779 0.990725 162.175
0.993209 0.00203947 -0.116321 -142.304 -2.73889e-05 0.99985 0.0172962 -13.319 0.116338 -0.0171756 0.993061 163.387
0.995258 0.00192973 -0.0972549 -142.407 -6.31506e-05 0.999815 0.0191916 -13.3173 0.0972731 -0.0190944 0.995074 164.601
0.996911 0.00411622 -0.0784266 -142.476 -0.00250602 0.999784 0.020618 -13.3139 0.0784937 -0.0203578 0.996706 165.807
0.99836 0.0063706 -0.0568939 -142.587 -0.00517914 0.999764 0.0210639 -13.2933 0.0570139 -0.0207347 0.998157 167.093
0.99933 0.00816874 -0.035685 -142.656 -0.00743281 0.999757 0.0207056 -13.2762 0.0358447 -0.0204265 0.999148 168.362
0.999747 0.00799116 -0.021037 -142.584 -0.00757082 0.999771 0.0199831 -13.2684 0.0211911 -0.0198187 0.999578 169.594
0.999955 0.00566696 -0.00756087 -142.524 -0.00552643 0.999813 0.0184718 -13.2549 0.00766334 -0.0184292 0.9998 170.915
0.999911 0.00851228 0.0102972 -142.51 -0.0086943 0.999804 0.0177674 -13.262 -0.0101447 -0.0178553 0.999789 172.218
0.999555 0.00900494 0.0284285 -142.468 -0.00948767 0.999812 0.0168936 -13.2627 -0.0282718 -0.0171558 0.999453 173.518
0.998884 0.00827451 0.046488 -142.408 -0.00897573 0.999848 0.0148966 -13.2616 -0.0463585 -0.0152972 0.998807 174.837
0.99787 0.00954453 0.0645359 -142.315 -0.010231 0.999894 0.0103164 -13.2714 -0.0644314 -0.0109547 0.997862 176.139
0.996361 0.0113813 0.0844697 -142.237 -0.0117658 0.999922 0.00405571 -13.2792 -0.0844177 -0.00503479 0.996417 177.476
0.994791 0.0130676 0.101096 -142.099 -0.0130382 0.999914 -0.000950913 -13.2871 -0.101101 -0.000372147 0.994876 178.821
0.993104 0.0144583 0.116342 -141.925 -0.0140074 0.99989 -0.00469166 -13.3015 -0.116398 0.00302966 0.993198 180.184
0.990908 0.0152678 0.13367 -141.744 -0.0144126 0.999869 -0.00736257 -13.3266 -0.133766 0.00536911 0.990998 181.55
0.988444 0.0137755 0.150956 -141.543 -0.0128657 0.999892 -0.00700118 -13.3475 -0.151037 0.00497812 0.988515 182.932
0.985837 0.0121279 0.167264 -141.295 -0.0108901 0.999906 -0.00831496 -13.3591 -0.16735 0.00637568 0.985876 184.31
0.983154 0.0112198 0.182431 -141.025 -0.00883778 0.999864 -0.0138646 -13.3775 -0.182562 0.0120188 0.98312 185.674
0.979781 0.0116564 0.19973 -140.767 -0.00839529 0.999817 -0.0171667 -13.4235 -0.199895 0.0151428 0.9797 187.049
0.97639 0.0145689 0.215525 -140.462 -0.0112018 0.999795 -0.0168359 -13.4691 -0.215726 0.0140242 0.976353 188.427
0.972727 0.0147246 0.231483 -140.12 -0.0114598 0.999815 -0.0154419 -13.5193 -0.231669 0.012368 0.972716 189.829
0.968504 0.0164126 0.248454 -139.776 -0.0125235 0.999773 -0.0172255 -13.5764 -0.248681 0.0135715 0.96849 191.214
0.96411 0.0149532 0.265081 -139.365 -0.00938584 0.999708 -0.0222566 -13.6002 -0.265337 0.0189699 0.963969 192.627
0.959507 0.0264612 0.280438 -138.988 -0.0210402 0.999529 -0.022324 -13.6286 -0.280898 0.0155195 0.959612 193.986
0.954809 0.0198682 0.296555 -138.519 -0.0115746 0.999492 -0.029696 -13.6767 -0.296995 0.0249215 0.954553 195.401
0.949092 0.0213919 0.314271 -138.034 -0.0106145 0.999296 -0.0359647 -13.73 -0.31482 0.0307979 0.948651 196.82
0.941839 0.0276022 0.334928 -137.531 -0.0152494 0.999104 -0.0394562 -13.7803 -0.335718 0.032054 0.941417 198.244
0.933028 0.0335367 0.358237 -137.018 -0.0204145 0.998977 -0.0403505 -13.8409 -0.359224 0.0303349 0.932758 199.626
0.92295 0.0390999 0.382929 -136.436 -0.0245534 0.998781 -0.0428034 -13.9115 -0.384137 0.0301032 0.922785 201.035
0.912041 0.0416709 0.407977 -135.834 -0.0249028 0.998615 -0.0463282 -13.9813 -0.409343 0.0320934 0.911815 202.4
0.900679 0.0449918 0.432148 -135.179 -0.0261938 0.998437 -0.0493562 -14.0608 -0.433694 0.0331346 0.90045 203.762
0.888795 0.0442527 0.456162 -134.493 -0.0234977 0.998418 -0.0510738 -14.1549 -0.457702 0.0346754 0.888429 205.123
0.875964 0.0462792 0.48015 -133.774 -0.0236337 0.998309 -0.0531055 -14.2405 -0.481797 0.0351708 0.875577 206.482
0.86281 0.0488666 0.503161 -133.029 -0.0227182 0.998059 -0.0579739 -14.3288 -0.505019 0.0385895 0.862245 207.779
0.849133 0.0509631 0.525714 -132.226 -0.0214729 0.997842 -0.0620484 -14.4616 -0.527742 0.0413988 0.848395 209.114
0.835908 0.0522521 0.546377 -131.395 -0.0193605 0.997645 -0.0657887 -14.5598 -0.548529 0.0444151 0.834951 210.396
0.823065 0.0520596 0.565555 -130.527 -0.0153179 0.997462 -0.0695243 -14.6622 -0.56774 0.04856 0.821774 211.655
0.810233 0.052323 0.583767 -129.63 -0.0132691 0.997389 -0.0709792 -14.7863 -0.585958 0.0497636 0.808812 212.9
0.797716 0.0524085 0.600752 -128.714 -0.0108598 0.997303 -0.0725825 -14.9139 -0.602936 0.0513762 0.796133 214.116
0.784789 0.0522964 0.617553 -127.747 -0.00750741 0.997162 -0.0749025 -15.0479 -0.619718 0.0541464 0.782954 215.372
0.771804 0.0538092 0.633579 -126.754 -0.00511962 0.996906 -0.0784296 -15.1789 -0.63584 0.0572886 0.769692 216.613
0.758897 0.0554527 0.648845 -125.737 -0.00235432 0.996594 -0.082419 -15.3163 -0.651207 0.0610199 0.756443 217.833
0.743326 0.0575709 0.666447 -124.747 -0.00156007 0.996435 -0.0843368 -15.4665 -0.668928 0.06165 0.740766 219.011
0.728853 0.0581582 0.682196 -123.713 -0.000473259 0.996428 -0.0844413 -15.6226 -0.684671 0.0612224 0.726277 220.197
0.71324 0.0610888 0.698252 -122.677 -0.00263072 0.99642 -0.0844877 -15.7646 -0.700915 0.0584231 0.710848 221.32
0.697411 0.0623037 0.713958 -121.599 -0.00395382 0.996533 -0.0831004 -15.9051 -0.716661 0.0551323 0.695239 222.418
0.68109 0.064922 0.729315 -120.493 -0.00729762 0.996613 -0.0819012 -16.0484 -0.732163 0.0504598 0.679257 223.497
0.665363 0.0675128 0.743461 -119.379 -0.00985869 0.996609 -0.0816778 -16.1908 -0.746456 0.0470158 0.663772 224.509
0.650625 0.0703194 0.756136 -118.235 -0.0101255 0.996418 -0.0839526 -16.3357 -0.759332 0.0469654 0.649006 225.486
0.635931 0.074141 0.768176 -117.081 -0.0124669 0.996231 -0.0858311 -16.4885 -0.771646 0.0450058 0.634458 226.419
0.620188 0.0746865 0.78089 -115.922 -0.0129272 0.996295 -0.0850215 -16.6435 -0.784347 0.0426345 0.618855 227.306
0.603308 0.0740022 0.794067 -114.744 -0.0140539 0.996517 -0.0821915 -16.7943 -0.797385 0.038427 0.602246 228.166
0.587462 0.0724785 0.805999 -113.544 -0.0146452 0.99677 -0.0789589 -16.9452 -0.809119 0.0345813 0.586626 228.976
0.568923 0.0713961 0.819286 -112.365 -0.0161617 0.997002 -0.0756601 -17.0986 -0.822233 0.0298037 0.568371 229.783
0.550801 0.0700634 0.831691 -111.163 -0.0157566 0.997165 -0.0735682 -17.2456 -0.834489 0.0274168 0.550343 230.57
0.530838 0.0697718 0.844596 -109.971 -0.0161344 0.997256 -0.0722423 -17.3942 -0.84732 0.0247218 0.530507 231.352
0.511986 0.0686155 0.856249 -108.783 -0.0140911 0.997341 -0.0714962 -17.5294 -0.858879 0.0245395 0.51159 232.062
0.495259 0.0692052 0.865984 -107.557 -0.0122239 0.997278 -0.0727067 -17.6535 -0.86866 0.025423 0.494757 232.728
0.477563 0.0681585 0.87595 -106.345 -0.00845622 0.997296 -0.0729902 -17.7834 -0.878558 0.0274501 0.476847 233.372
0.460222 0.066539 0.885307 -105.124 -0.00648598 0.997412 -0.0715931 -17.9013 -0.887781 0.0272065 0.459462 233.969
0.442564 0.0663092 0.894282 -103.901 -0.00505565 0.99743 -0.0714555 -18.0212 -0.896723 0.0271024 0.441762 234.563
0.422901 0.0705927 0.903422 -102.746 -0.00527498 0.997135 -0.0754461 -18.1522 -0.906161 0.0271407 0.422062 235.157
0.405448 0.079417 0.910662 -101.514 -0.00613331 0.996432 -0.0841662 -18.2898 -0.914098 0.0285396 0.404488 235.702
0.387739 0.0858957 0.917759 -100.314 -0.00915382 0.995958 -0.0893472 -18.4688 -0.921724 0.0262423 0.386957 236.202
0.36897 0.0897155 0.925102 -99.0729 -0.0122788 0.995713 -0.0916662 -18.6265 -0.929361 0.0224628 0.368489 236.727
0.349854 0.0911783 0.932357 -97.8494 -0.014816 0.995666 -0.09181 -18.7735 -0.936688 0.0183062 0.349688 237.213
0.330991 0.091893 0.939149 -96.6257 -0.0186149 0.995688 -0.0908647 -18.9153 -0.943451 0.0125932 0.331274 237.671
0.31235 0.092623 0.945441 -95.4416 -0.0208174 0.995663 -0.0906657 -19.0583 -0.949739 0.00863773 0.312923 238.087
0.293862 0.0909463 0.951511 -94.2473 -0.0209681 0.995836 -0.0887072 -19.1995 -0.955618 0.00611612 0.294545 238.48
0.275931 0.09083 0.956876 -93.0456 -0.0208906 0.995856 -0.0885059 -19.3385 -0.960951 0.00443176 0.276684 238.843
0.25817 0.0916832 0.961739 -91.8392 -0.0194407 0.995778 -0.0897094 -19.4619 -0.965904 0.00446329 0.258862 239.18
0.240092 0.0959476 0.965997 -90.6273 -0.0229413 0.995386 -0.0931648 -19.5898 -0.970479 0.000206776 0.241184 239.495
0.222485 0.0978075 0.970017 -89.4117 -0.0224772 0.995204 -0.0951917 -19.7191 -0.974677 -0.000624675 0.223616 239.788
0.205566 0.0955823 0.973964 -88.2531 -0.0232172 0.995415 -0.0927872 -19.8516 -0.978368 -0.00353895 0.206842 240.056
0.192391 0.0912486 0.977067 -87.0742 -0.0199841 0.995825 -0.0890654 -19.9798 -0.981115 -0.00239057 0.19341 240.259
0.179415 0.0877184 0.979855 -85.9093 -0.0184721 0.996141 -0.0857941 -20.0964 -0.9836 -0.00270736 0.180342 240.47
0.167044 0.0841759 0.982349 -84.7557 -0.0168724 0.996446 -0.0825148 -20.2244 -0.985805 -0.00279102 0.16787 240.681
0.156696 0.0840517 0.984064 -83.5969 -0.0164641 0.996455 -0.0824884 -20.3512 -0.98751 -0.00327626 0.157523 240.88
0.147722 0.0860241 0.985281 -82.5356 -0.0167406 0.996284 -0.0844749 -20.4759 -0.988888 -0.00401548 0.148612 241.077
0.141247 0.0880839 0.986048 -81.3997 -0.0179188 0.996097 -0.0864148 -20.59 -0.989813 -0.00546305 0.142274 241.246
0.135479 0.092438 0.986458 -80.296 -0.0186323 0.995699 -0.090745 -20.7104 -0.990605 -0.0060861 0.136618 241.41
0.130217 0.100688 0.986359 -79.1906 -0.0174777 0.994908 -0.0992537 -20.84 -0.991332 -0.00431497 0.131313 241.566
0.125481 0.102987 0.986736 -78.0846 -0.0196765 0.994659 -0.101312 -20.9713 -0.991901 -0.00670283 0.126837 241.718
0.122066 0.0949764 0.987967 -77.0041 -0.0186629 0.995454 -0.0933903 -21.0904 -0.992347 -0.0070386 0.123283 241.86
0.118864 0.0855003 0.989222 -75.9499 -0.0177523 0.996309 -0.0839797 -21.2006 -0.992752 -0.00757898 0.119942 242.016
0.116771 0.0818633 0.989779 -74.8947 -0.0171539 0.996614 -0.0804048 -21.3076 -0.993011 -0.00758975 0.117779 242.169
0.115954 0.0837495 0.989717 -73.835 -0.01821 0.99645 -0.0821857 -21.4153 -0.993088 -0.00849313 0.117066 242.319
0.115996 0.0866507 0.989463 -72.8009 -0.017588 0.99621 -0.0851797 -21.5226 -0.993094 -0.00752231 0.117079 242.458
0.117528 0.0892156 0.989054 -71.7596 -0.0200213 0.995966 -0.08746 -21.6322 -0.992868 -0.00952319 0.11884 242.596
0.119793 0.0900778 0.988704 -70.7343 -0.0218187 0.995873 -0.0880874 -21.7399 -0.992559 -0.0110201 0.121263 242.732
0.123317 0.0917478 0.988117 -69.7068 -0.0223965 0.99572 -0.0896587 -21.8456 -0.992115 -0.011074 0.124843 242.866
0.127365 0.0929363 0.987492 -68.6906 -0.0244519 0.995591 -0.0905448 -21.9518 -0.991555 -0.012614 0.129075 243.005
0.132325 0.0942875 0.986711 -67.6992 -0.0257988 0.995455 -0.0916632 -22.0571 -0.990871 -0.0133267 0.134155 243.15
0.138882 0.0934971 0.985885 -66.6758 -0.0266241 0.995525 -0.0906607 -22.159 -0.989951 -0.0136572 0.14075 243.296
0.145112 0.0919588 0.985132 -65.6994 -0.0254481 0.995688 -0.0891956 -22.2655 -0.989088 -0.0121265 0.146825 243.46
0.151544 0.0908848 0.984263 -64.7315 -0.0237111 0.995811 -0.0883004 -22.3724 -0.988166 -0.00995672 0.153063 243.629
0.159261 0.0914094 0.982995 -63.7455 -0.0220273 0.995784 -0.0890299 -22.4791 -0.986991 -0.00747382 0.160603 243.79
0.166422 0.0912911 0.981819 -62.7419 -0.0227254 0.995795 -0.0887386 -22.5807 -0.985793 -0.0075443 0.167796 243.966
0.173248 0.0903359 0.980726 -61.7742 -0.0237813 0.995877 -0.0875304 -22.6815 -0.984591 -0.00815863 0.174681 244.141
0.180321 0.0885571 0.979613 -60.7837 -0.0241603 0.996036 -0.0855945 -22.7796 -0.983311 -0.00823334 0.181746 244.326
0.187176 0.087075 0.978459 -59.8063 -0.0241563 0.996169 -0.0840301 -22.8778 -0.98203 -0.00790772 0.188562 244.518
0.193949 0.0874241 0.977108 -58.8396 -0.0241063 0.996144 -0.0843424 -22.9772 -0.980716 -0.00719647 0.195308 244.717
0.201199 0.0893545 0.975466 -57.8834 -0.023228 0.995985 -0.0864431 -23.0765 -0.979275 -0.00526601 0.202466 244.916
0.20712 0.0905602 0.974115 -56.9311 -0.0227748 0.995882 -0.0877414 -23.1741 -0.978051 -0.00401245 0.208329 245.136
0.213312 0.0924086 0.972604 -55.9723 -0.0242436 0.99571 -0.0892869 -23.2735 -0.976684 -0.00453354 0.214637 245.361
0.219155 0.0930898 0.971239 -55.0392 -0.0263934 0.995638 -0.0894729 -23.375 -0.975334 -0.00602603 0.220655 245.591
0.225843 0.0927228 0.969741 -54.0924 -0.0265367 0.995675 -0.0890224 -23.4744 -0.973803 -0.00562868 0.227327 245.823
0.232468 0.0905785 0.968377 -53.1292 -0.0270848 0.99587 -0.0866481 -23.5716 -0.972227 -0.00608549 0.233961 246.06
0.238974 0.089249 0.966916 -52.1768 -0.0269878 0.995992 -0.0852628 -23.6666 -0.970651 -0.00571939 0.240424 246.303
0.24664 0.0884952 0.965058 -51.2568 -0.0267032 0.996063 -0.0845138 -23.7643 -0.96874 -0.00492577 0.248031 246.531
0.253467 0.0895886 0.963187 -50.3302 -0.026883 0.995969 -0.0855634 -23.8599 -0.966971 -0.00420598 0.254853 246.783
0.260551 0.0898231 0.961272 -49.4118 -0.024934 0.995955 -0.0863057 -23.9505 -0.965139 -0.00148143 0.261737 247.039
0.268238 0.091579 0.95899 -48.4999 -0.0237755 0.995796 -0.0884437 -24.0406 -0.96306 0.000923339 0.269287 247.312
0.276862 0.0940342 0.956298 -47.5909 -0.0234628 0.995564 -0.0911025 -24.1334 -0.960624 0.00278528 0.277839 247.593
0.285863 0.0953629 0.953514 -46.6738 -0.0237737 0.995434 -0.0924282 -24.2291 -0.957976 0.00375321 0.286825 247.881
0.293507 0.0946701 0.951257 -45.7566 -0.0255034 0.995504 -0.0912046 -24.3276 -0.955617 0.00250883 0.294602 248.167
