-0.007630258021585761 -0.9999569980465164 -0.005266012547457479 0.3311792324690022 0.0024227390342847076 0.00524766441253157 -0.9999833280566417 -0.08068119012084751 0.9999679473871559 -0.007642888245785228 0.0023825936090541926 -0.4087732193436905
-0.008517107568399665 -0.9999518028789659 -0.004870432140526709 0.5179416955772005 0.000505289401404758 0.004866304528391416 -0.9999880844664002 -0.0934200276999782 0.9999636209058219 -0.008519466251144081 0.00046381814000825256 -0.4086168384874334
-0.01009622175407524 -0.9999458695966874 -0.0025026543282553673 0.8017951649485763 -0.0008988316132698919 0.0025118564039855384 -0.9999964755790469 -0.10208451464604595 0.9999486128056428 -0.010093935660941957 -0.0009241436499102955 -0.40671305480622205
-0.011325386937255289 -0.9999314777445536 0.0029535867397138668 1.200376607397249 -0.0033593445595183078 -0.0029157104659109784 -0.9999901811901128 -0.10079610507346637 0.9999302308020187 -0.0113351965469526 -0.0033260935968337305 -0.40385644634106305
-0.012740892223304146 -0.9998295480655588 0.01336054711916771 1.5627387090187401 -0.004559341594931219 -0.013303397897944588 -0.999901143118672 -0.09743653052626672 0.9999084460017498 -0.012800546635244379 -0.004389066878751269 -0.3913173862562052
-0.012630196852810263 -0.9995035443135506 0.028863771977681828 1.9026626056674627 -0.0045172133076878535 -0.028808744624720724 -0.9995747522110461 -0.08154548204027379 0.9999100504040892 -0.012755209148561162 -0.004151110522469018 -0.3848856374710869
-0.012969243347611202 -0.9987896202112022 0.047446419012545864 2.2640667119296194 -0.0017589500908372897 -0.04742754500572618 -0.9988731248675766 -0.02794185403202537 0.9999143195586855 -0.013038083402910162 -0.001141722646662618 -0.3791111667142522
-0.014656106752747373 -0.9976227670920262 0.06733386385427821 2.633259873657622 0.0009324055085104219 -0.06735469499658965 -0.9977287528161937 0.009299821712194789 0.9998921609952693 -0.014560035158898227 0.0019173467493370127 -0.3703497936479129
-0.015086351551156837 -0.9961015205571413 0.08691489658866923 2.9922227437490707 0.0012642696469594159 -0.08694370887867237 -0.9962125057091247 0.047398718042780785 0.99988538391629 -0.014919326433995635 0.002571003899829199 -0.3694194358326873
-0.014551515983450843 -0.9940157060373898 0.1082634990623979 3.361469647186327 0.0013891798676884555 -0.10829498740321784 -0.99411784982154 0.09586482454214384 0.9998931703778874 -0.014315523228957006 0.0029567224866686747 -0.36423917221192953
-0.013595039842959691 -0.9916699884215543 0.12808485081238197 3.735280327681676 0.0005392686195164569 -0.12810395715016237 -0.9917606398832226 0.1464187440886564 0.9999074574187222 -0.01341395206486417 0.002276354893122028 -0.3539865764999614
-0.013109634623021555 -0.989264094948176 0.14554965108135326 4.145440889489653 0.00090219062082393 -0.14557376475797199 -0.9893469678633638 0.23587971584441092 0.9999135964531448 -0.01283866371484926 0.0028009234809935096 -0.34625336910735516
-0.012980249628835615 -0.9866951763582781 0.16206202795267513 4.573013854589114 0.0015027296721717629 -0.16209473046920245 -0.9867741154219607 0.3331678989242795 0.9999146162261524 -0.012565037749299963 0.003586765998037994 -0.34032159074300355
-0.013244874003952004 -0.9843684800810429 0.1756224680215461 4.985176498690679 0.0016146409053131403 -0.17565863577949764 -0.9844498157543996 0.4172176771273486 0.999910932322146 -0.012755345879777957 0.003915977783449598 -0.33367008670885473
-0.014131278174420628 -0.9822493210385856 0.18704680544640565 5.422759322817167 0.000676727982327171 -0.18707491486262653 -0.9823454505746647 0.4988219380724751 0.9998999141736842 -0.01375521695473997 0.0033083226370471475 -0.32621066382379066
-0.015121050288323315 -0.9804911351897466 0.1959809449342187 5.8626188490053535 -0.001948208277830658 -0.19597407757482269 -0.980607120115778 0.58595777426743 0.9998837371327236 -0.015209621149456823 0.0010531328631459473 -0.3155529454072955
-0.016899812179433253 -0.9788060866975896 0.2040906807317151 6.334824899626717 -0.0021107155580789216 -0.20408445382705465 -0.97895102792428 0.6991792534228372 0.9998548870806447 -0.016974865562788016 0.0013830070064879071 -0.30949924456107136
-0.018959677964374713 -0.9770631767404392 0.2121036978149614 6.80851489051368 -0.0023326106880085756 -0.21209803390601026 -0.9772456239019962 0.8123818400250504 0.9998175563786966 -0.019023015344913713 0.0017422018703849838 -0.3078837311325593
-0.02151536290312797 -0.9754899268511491 0.2189897435329067 7.292347713973767 -0.002474569246300235 -0.21898778958604856 -0.9757244553317264 0.9311092165603613 0.9997655185475983 -0.021534974384616067 0.0022976844891765 -0.2953856796546934
-0.022716742559922655 -0.9733442753576836 0.22822110012905905 7.788967756707367 -0.006124554170428972 -0.22814023553154447 -0.9736090352068785 1.046733981210343 0.9997231756550768 -0.023514970205223043 -0.0007786979085328925 -0.2888690534451622
-0.022259476867345362 -0.9715025182788415 0.23598159993419127 8.297068063056951 -0.012440880015840037 -0.2357526985240987 -0.9717334251461703 1.1638985272663183 0.9996748418327344 -0.024566094908049434 -0.00683861060855595 -0.2746931069762182
-0.023907135689925155 -0.9696588710090102 0.2432901822379772 8.832270516857061 -0.013659997549145174 -0.243020161208594 -0.9699250880610624 1.2930808400352938 0.9996208749778046 -0.026511471821178655 -0.007435623101480903 -0.25501469224487144
-0.029310295842898793 -0.9671295201583098 0.252589099077988 9.376430357660714 -0.010229137672789051 -0.2523942395937826 -0.9675704383233247 1.458424992924066 0.9995179999440325 -0.030943539281214405 -0.002495155563318662 -0.2481967635384159
-0.033705784623209854 -0.9647148485453514 0.2611305917660686 9.923937700023535 -0.008470004037296811 -0.2609939808384735 -0.9653032654077719 1.6172723111607334 0.9993958925785423 -0.034748085110577365 0.0006258684616833515 -0.22244933053053736
-0.03444158454591494 -0.962429310558322 0.269339074882534 10.479309759215033 -0.009849591210106244 -0.2691590259267196 -0.9630454619957898 1.7737723315907616 0.9993581826664921 -0.03582168333389189 -0.00020927852736546483 -0.2097603427008801
-0.03584710167879704 -0.9600042971150139 0.27768068427984516 11.054234087469924 -0.011596434736576722 -0.27744107799066714 -0.9606727254699928 1.9337996798029309 0.9992899821601886 -0.0376574406466411 -0.0011871753305358575 -0.185228307357898
-0.03859668264363695 -0.9578416533891605 0.284692234872991 11.656083493716324 -0.012506523431178222 -0.2844192172308196 -0.9586184440103954 2.128902509519381 0.999176617204255 -0.04055999460234451 -0.0010016281255433898 -0.15626772213936188
-0.04226558838351378 -0.955352543711542 0.29242946094369826 12.235681779338059 -0.011199837795922148 -0.292219571921651 -0.9562857201603262 2.3211577280016606 0.9990436515674765 -0.04369313501669498 0.001651038305164758 -0.13111279613510857
-0.04690012699622934 -0.9525347109003413 0.30079567793796164 12.80841525341555 -0.012419416183398896 -0.30054780226475847 -0.9536859087483147 2.501100693964525 0.9988223509401942 -0.048463693904176416 0.0022657985609877513 -0.1068043105784551
-0.05434788993008137 -0.9505216973653982 0.30586734446397973 13.423391608882381 -0.013322459421790903 -0.3056025150126486 -0.9520660760873446 2.702135089828376 0.9984331555985403 -0.05581767670283633 0.003945566442729938 -0.07360259250776115
-0.06314909097557463 -0.9483671719070246 0.3108246068306242 14.040508785340226 -0.014451022526490888 -0.31054461124719535 -0.9504490223150633 2.918921719779514 0.997899398539341 -0.0645117106686684 0.0059057402227699765 -0.03802676264373803
-0.0715155839764281 -0.9469381781096973 0.31335845067400186 14.67982401574172 -0.014986995179156777 -0.3131072690242315 -0.9495995530490249 3.138896211892931 0.9973268769948367 -0.0726074612988228 0.008200295000659562 0.00392772530269783
-0.08135435721819187 -0.9442296731449965 0.3190795929053501 15.312392729030089 -0.01481828439404185 -0.31895949658943074 -0.9476525850544566 3.364954608358839 0.9965751435079648 -0.08182387718624778 0.011956878807622504 0.046471058559387525
-0.08881265020805827 -0.9423230379963661 0.3227064834818436 15.956775211158002 -0.014472685176213296 -0.32273173511764275 -0.9463798373815605 3.6034887229531325 0.9959432287939808 -0.08872093008086464 0.015024705325700995 0.1037715076329516
-0.0967360510330117 -0.9400616423381765 0.3269958332506977 16.624099208651096 -0.012558984567613103 -0.3273576183027211 -0.9448170280342286 3.847730803102105 0.9952307865681361 -0.09550460748553918 0.019861069335732732 0.16542268709599248
-0.10314216918136822 -0.937835701589512 0.3313999025946567 17.281560107112256 -0.011062227224026064 -0.3320746790382494 -0.9431882242301611 4.097326419709557 0.9946050532627108 -0.10094849023191493 0.023876358219617557 0.23252239609269176
-0.10958486508444372 -0.9357911209510615 0.33509110268401116 17.95607554005781 -0.009523009428760283 -0.3361175279539314 -0.9417719647306007 4.344551212975687 0.9939317590031179 -0.10639504342961395 0.027921853038375088 0.3059771483087046
-0.1132580462396503 -0.9332657624287428 0.34086306666590294 18.639006177007104 -0.007944679874242966 -0.3422087814790148 -0.9395903698887756 4.612159266790396 0.9935338524530845 -0.1091242340185067 0.031343407718665055 0.3824348208917397
-0.11594411264274734 -0.9312980841272506 0.3453125450291127 19.34563522630364 -0.006091431484964105 -0.3469839831788264 -0.9378513260136758 4.879903253864118 0.9932370698372102 -0.11084182853840677 0.03455781582157364 0.4589370701875556
-0.1160423535989745 -0.9290332737074461 0.3513280206912403 20.060826254411435 -0.004694416814227492 -0.353200626160354 -0.9355358918067277 5.152951007982427 0.9932331404752873 -0.11021102870044902 0.036624969759328475 0.5456042965589503
-0.11360528996879896 -0.9272924288524471 0.35668277805973164 20.792033073184413 -0.006099831959415282 -0.35834919706597057 -0.9335677005611489 5.436871295817718 0.9935072482676439 -0.10823387609228233 0.03505403703476951 0.628737646811397
-0.11169472237805171 -0.9241498822489852 0.36533714296538644 21.518140081704555 -0.006011982186821037 -0.36700250880240753 -0.9302006122668284 5.725553051306572 0.9937243851487831 -0.10609488016116544 0.035436271180459264 0.7082792369717507
-0.10881565548736341 -0.9222911256263612 0.3708613705719615 22.23773964520941 -0.005764273337279869 -0.37248502669445366 -0.9280203428139312 6.006522160491175 0.9940452891716522 -0.10312088797636888 0.035215862181816944 0.793970875119883
-0.10511920845958582 -0.9194659604322475 0.37885657661597927 22.981790311306202 -0.003980050240162051 -0.3805752103169021 -0.924741394311953 6.326897749492188 0.99445165239376 -0.09871595420701987 0.036346248776487865 0.8738814703976294
-0.1008845034918062 -0.9159661352521511 0.38836636539788943 23.715470630185077 -0.001966645587790081 -0.3901735588120831 -0.9207393187874844 6.650593586750004 0.9948962395483671 -0.09365210368970805 0.03756108230388923 0.9561616549347164
-0.09786954117299188 -0.913032868218995 0.3959702372371178 24.49225290651635 0.0012033121983024025 -0.39798856799401866 -0.9173895766742403 7.007649719815244 0.9951985260518417 -0.08930802272062166 0.040049629167010554 1.0264792086826453
-0.0965040847321588 -0.9099301582137046 0.40337813996965716 25.22803322813761 0.002512959162962524 -0.405491135592515 -0.9140955169071807 7.360040789228474 0.9953293871854947 -0.08720026939259726 0.041418170324673764 1.1043344712797192
-0.09655183436632413 -0.9054006399194751 0.41343353663633187 25.99577232117338 0.0035961615908676036 -0.4156887631927389 -0.9094998244291475 7.718214261366655 0.9953214751318294 -0.08632709597273111 0.043391477559062974 1.1707805352824814
-0.09622011812963475 -0.9012245614439774 0.42253512151586065 26.74179711114056 0.003854413739650398 -0.4248390409148151 -0.905260738088283 8.084811118219937 0.9953526621913888 -0.08547565794790843 0.044351749044449766 1.2399548317201374
-0.09509506001085409 -0.8969327898043795 0.43181999669575477 27.5324256821382 0.004748526669392001 -0.43418955304657025 -0.9008090943241716 8.471203972547615 0.9954568957681103 -0.08361197896806755 0.04554839305742429 1.3120345333510108
-0.09269081528576371 -0.8932459290039828 0.4399091328773153 28.320876350040404 0.004078270370572199 -0.44214807760921354 -0.896932890848023 8.839509904286178 0.9956866107763161 -0.08134335998614003 0.04462596289497714 1.3802881867419723
-0.0884618676018894 -0.8902670411793691 0.44676506868701965 29.11231500847884 0.004673899858244608 -0.44888960521987137 -0.8935750669145733 9.236799193873571 0.996068563817532 -0.07695916738823803 0.043870622821760616 1.4462800336398094
-0.08348932093344556 -0.8868977194523815 0.4543588155113206 29.91342472467764 0.006092818313415994 -0.45639640484035804 -0.8897556596657229 9.66335615892805 0.9964900434953953 -0.07151677161489671 0.0435079357738036 1.5129900791091433
-0.07956787832780096 -0.8835046535335117 0.46161499186904925 30.70762472260387 0.005855872114297583 -0.4634894960634534 -0.8860830724156825 10.093672531651446 0.9968122986952777 -0.06780058587101491 0.04205256439125433 1.578433645277842
-0.07736491237980538 -0.8797309860148806 0.4691354263502285 31.531689070803548 0.004770729209692966 -0.4708670427349014 -0.8821913259090345 10.535055027056956 0.9969914129663568 -0.06601253027246311 0.04062554511470674 1.6361828174751178
-0.07589670336677658 -0.87631720826629 0.4757182663990685 32.34924022730799 0.005001522098073618 -0.4774229208972929 -0.8786594201931544 10.992322651701276 0.9971031521269483 -0.06430803890377726 0.04061774426406932 1.692745863828509
-0.07398450407586958 -0.8736341259696172 0.4809259208762757 33.163635099348184 0.0047982392196388455 -0.48255384515732186 -0.8758532095712759 11.44663064239177 0.997247825393636 -0.062491957666864384 0.03989340923319138 1.745763794421823
-0.07161238304495432 -0.8707220584059503 0.48653340711704596 34.00226134130927 0.003930366810306006 -0.48802840255422164 -0.8728189731354116 11.91840689744236 0.9974247645818293 -0.06059239281131879 0.03837113559917589 1.8048015016678651
-0.07122336961921877 -0.8681753164949404 0.49111991810161787 34.82981371436172 0.0029347682706700722 -0.4925505612980584 -0.8702788845931003 12.389299545335437 0.9974560546335414 -0.06054286382901011 0.037629000917277285 1.861380606081571
-0.07169229841017699 -0.8664811379196932 0.49403504135622456 35.667862037792766 0.0022312655714541363 -0.4954476353631768 -0.8686349747233515 12.875802068906104 0.997424331873574 -0.0611721065143329 0.03745313377335384 1.9164643580591276
-0.07192753578720067 -0.8645975689323894 0.49729009378022887 36.540871667829755 0.0017062617688923705 -0.49868738486899766 -0.8667801776684478 13.416671320597565 0.9974083813784671 -0.061496851036447434 0.037344590656198204 1.9729274373130117
-0.07070184268498202 -0.8638598389897383 0.4987457356679069 37.40901516564904 0.0011412318897731913 -0.500066794555974 -0.8659861167768843 13.923828254247594 0.9974968594762215 -0.06065762872488072 0.03634150724095596 2.0326133212358077
-0.06940341330406521 -0.863350141439095 0.49980959149626486 38.28766926790929 0.002755919513045567 -0.5011816836727878 -0.8653377354643911 14.426866692598809 0.9975848144578632 -0.05867994554622469 0.03716304697685312 2.091807457012899
-0.06781769893929039 -0.8635136571134242 0.4997449480398815 39.162145601815 0.001347474810464687 -0.50097692711988 -0.8654596369341048 14.9343034347457 0.997696873254558 -0.05802008856544967 0.03513866605916999 2.148737875716515
-0.06778714128485712 -0.8633695152615084 0.4999980948823718 40.06760294666471 -0.00036527858003451274 -0.5011292316502182 -0.8653723713982128 15.45547703944351 0.9976997284435292 -0.05884376076632182 0.03365475293507518 2.2057120516809796
-0.06834908021597517 -0.8624380797998228 0.5015265584007705 40.95593243219948 -0.0017623135386884126 -0.5025970058325565 -0.8645190402684146 15.974740815050419 0.9976599175058335 -0.05997292619703633 0.03283215604853163 2.265094034289028
-0.0659129480911671 -0.8609068358001979 0.5044748312694128 41.85358125669679 -0.0024885853645098305 -0.5054308673343068 -0.8628635615278175 16.533217286282 0.9978223427979682 -0.05812929662359639 0.03117199542547382 2.3190993965116578
-0.06205619770776351 -0.8593951985701347 0.5075321896948448 42.775015829798264 -0.0015287375760794477 -0.5084297774259444 -0.8611021113398084 17.081238128078283 0.99807144528168 -0.05421259842535836 0.030237425133708133 2.3852966251067893
-0.056914243496806675 -0.857153632995859 0.5119067190700141 43.712382213892425 -0.0012226008451512067 -0.5126775724507459 -0.8585803226066879 17.638702207928983 0.9983782948099922 -0.049491305532770216 0.028130695947552395 2.441590779114254
-0.05483585177207047 -0.8535181686074296 0.5181695250614382 44.633629716206826 -0.0020824105230180055 -0.5188515115678821 -0.8548618462506753 18.189571617849094 0.9984932446485443 -0.0479561212680745 0.02667429333995239 2.4963831314146736
-0.05417066340966632 -0.8477690756970936 0.5275918550202784 45.533921572230064 -0.006022393425027098 -0.528080613739101 -0.8491729019647497 18.755383351911753 0.9985135359558932 -0.049177623228177765 0.02350087714876724 2.5548704507690427
-0.05626174519378083 -0.8416189060452953 0.5371333158907448 46.412298873081625 -0.00863131393455028 -0.537555412267971 -0.8431842664668524 19.326051145731203 0.9983788000559739 -0.05207518810241891 0.022979527461751723 2.613939640551352
-0.05609684293471865 -0.8350117650415484 0.5473650275764897 47.32085267610166 -0.009166574200595804 -0.5477745298724113 -0.8365758398824572 19.920517041345043 0.9983832914527512 -0.05194672784451936 0.023074222807129736 2.673328477814489
-0.052511546493335566 -0.828197925923778 0.5579700851171175 48.20520473356724 -0.007277144883812785 -0.558408751759558 -0.829533969441986 20.51980854924299 0.9985937637776373 -0.047620538777815 0.02329598825289353 2.7277884247836246
-0.05004314001216546 -0.8235536681453977 0.5650265560285955 49.08407088277652 -0.0048456830824751135 -0.5655284647066691 -0.8247145673305298 21.13436275957994 0.9987352975482374 -0.044009247846815036 0.02431014471883445 2.7807841679586924
-0.051264252143379894 -0.8197695443716468 0.5703944857995327 49.9534471529476 -0.004869319307447398 -0.5709334531742805 -0.8209819199289151 21.76843580577189 0.9986732734311865 -0.044864457949056094 0.025276755317660327 2.832841133538525
-0.05382620291448209 -0.8160545619445776 0.5754630022289621 50.80794643107813 -0.006583502744106136 -0.575995885229472 -0.8174260850309665 22.397697177057434 0.9985286435367746 -0.04778750893486295 0.025631178143954023 2.8814438259323687
-0.06061823351347286 -0.8130931057734345 0.5789689025565826 51.67649921090561 -0.008695204713976775 -0.5795833826091964 -0.8148665780730286 23.025379705895237 0.9981231401335574 -0.05443002162950333 0.028063306122669315 2.9401358204421415
-0.06291971662273654 -0.8094455126615266 0.583814240250287 52.52727030608845 -0.008434274758039179 -0.5845211550681052 -0.81133465329112 23.663191649519746 0.9979828821666128 -0.05597298672149587 0.029950821690841612 2.9952287817856473
-0.05969161834987359 -0.8063433413617842 0.5884278718963387 53.39154068901181 -0.007114928932967348 -0.5891203588952959 -0.8080140516624296 24.303161466450845 0.9981914510352239 -0.05241828320249341 0.029428467245169614 3.056703259734867
-0.05608807771926837 -0.8027759568657892 0.5936370451584363 54.261731227719395 -0.0037935778811926846 -0.5943973101526424 -0.8041625875014528 24.947504045016743 0.9984185922708375 -0.047355941598027446 0.030293217871910697 3.1116223991012273
-0.05462309844710746 -0.799815538670016 0.5977552195912677 55.108721414387084 -0.0017150019069507574 -0.5985729680582909 -0.8010664362908185 25.585929707006763 0.9985055433929098 -0.04478188298962841 0.031324226505398144 3.1681985679564333
-0.05424368545309862 -0.797306983741529 0.6011315371157696 55.965288990822295 -0.0019420789089080537 -0.6019325019838341 -0.7985446710934114 26.243134603463133 0.9985257778146422 -0.04448344320017741 0.031102597436932604 3.2130154418208865
-0.05531820533922292 -0.7944403047793185 0.604817618444264 56.804809171128554 -0.0036233036408165895 -0.6055814941519427 -0.7957750754521976 26.880158301506334 0.9984621484995047 -0.04621228737531445 0.030621179491165627 3.267085391152391
-0.05607277927490049 -0.7909363848623673 0.6093236523157143 57.65727232584048 -0.006208835913431799 -0.6099957832233334 -0.792380322732507 27.527384760935636 0.9984073756919489 -0.048214153179273064 0.029293362498233843 3.322413189642455
-0.05580055174093616 -0.786744655053243 0.6147512800292807 58.499080715897726 -0.007301166957204543 -0.6153726281449797 -0.7882025753232866 28.207895950713095 0.9984152314883399 -0.04847053398479335 0.02859397988591596 3.3688993740268307
-0.055856223005471974 -0.7808941082805239 0.622161083846062 59.34959220909655 -0.006250078961052169 -0.6228482478283061 -0.7823177216475583 28.921060770665804 0.9984191882360158 -0.0475858603688797 0.029909300833777755 3.4241384374317922
-0.05540831919168218 -0.775817391044903 0.628519901365316 60.17617748642198 -0.0064574788274904225 -0.6291952133236017 -0.777220451748138 29.592302248949665 0.998442856316108 -0.047123135851259774 0.029852832515283836 3.4755947246926944
-0.054299590204396245 -0.7702891383207322 0.6353786878700897 61.01479234533222 -0.00938523228188998 -0.6358956853954686 -0.7717180252616239 30.298916563992428 0.9984805376919197 -0.047867141594729594 0.027299525599864757 3.535892448519193
-0.05397154966432515 -0.7651325582600955 0.6416067444395326 61.83470925015094 -0.01125286310948421 -0.6420363984709199 -0.7665916141867458 31.00262390988803 0.9984791118237012 -0.04859404846857228 0.026041758135244935 3.5870805756155812
-0.05426256263840759 -0.7603146591503154 0.64728447884511 62.66490511842939 -0.012005105982270814 -0.6476959475371358 -0.761804370552288 31.717845290377543 0.9984545943984129 -0.049108173405964524 0.02601798017554323 3.647487837485824
-0.05429316123344932 -0.754488797626759 0.6540633647224554 63.48961855476964 -0.01380621543601943 -0.6543997110156119 -0.7560228279894714 32.43375182615867 0.998429609674684 -0.05007700285190467 0.02511279224906112 3.704868282585902
-0.054840313250223635 -0.7476364521157692 0.661840075331946 64.30283164227599 -0.015939841382909645 -0.662097497129283 -0.7492481320637062 33.16605497637793 0.9983678643662623 -0.05163863180900225 0.02439243037950649 3.7628489543641472
-0.05515907178461039 -0.7411651974831861 0.6690528549534827 65.13816927704703 -0.01566566519337112 -0.6693480589344998 -0.7427837979406122 33.9191731770444 0.9983546387144095 -0.051452423702574156 0.02530977071911033 3.8209825098985437
-0.05363230319818751 -0.7353238571087688 0.6755903247517419 65.94771880539301 -0.015368837296058521 -0.6758761952518327 -0.7368549742389308 34.6484893195903 0.9984424801569273 -0.049902266334391265 0.024947718450020227 3.879580657601888
-0.052697164227581215 -0.730001760638727 0.681410579501417 66.75353906199699 -0.015985928483792735 -0.6816544690923513 -0.731499480635089 35.39580458218505 0.9984826403806373 -0.04944093123614697 0.024251513319932392 3.938499042650047
-0.052182000371228526 -0.7238575214759957 0.6879733763262554 67.54400571447202 -0.017860359940943607 -0.6881252341136502 -0.7253721326324308 36.149601146294025 0.998477846312091 -0.05013881322923111 0.022979394484878703 3.99560291369714
-0.05340013498828249 -0.7177920597648402 0.6942067512136085 68.35388982349778 -0.019667459191006913 -0.6943078147896496 -0.7194093593475059 36.95186343111234 0.9983794604716419 -0.05206983653551696 0.02295897977793214 4.058635126338363
-0.05316307896848592 -0.711422893123581 0.7007504371672981 69.14112237860803 -0.01948923620292912 -0.7008698958573123 -0.7130228513190503 37.77091120350758 0.9983956566216835 -0.05156357782430965 0.023395314825798097 4.1148471162917515
-0.05145044465448816 -0.7057418051026272 0.7065984338685919 69.91552989184346 -0.02002764545623456 -0.7066640178843452 -0.7072657045190627 38.584174350670324 0.9984747364475248 -0.050540643898779644 0.022223832538833355 4.175249217555544
-0.051933361483031126 -0.7011960943059575 0.7110744513147393 70.69350552249671 -0.0196285444720473 -0.7111810379967786 -0.7027348815174244 39.37917123186891 0.9984576377387393 -0.05045273109806768 0.02317055947980967 4.236861967675083
-0.052699954378637524 -0.6960781601115572 0.7160292069397144 71.49053765928285 -0.01980621794800289 -0.7161559570253196 -0.6976592289625823 40.19510289920493 0.9984139411049231 -0.05094842892242226 0.023954711403957246 4.297192932716552
-0.05430519018130347 -0.6909590872408397 0.7208512493015641 72.2688710928963 -0.021816405278017568 -0.720923086441548 -0.6926716639634567 41.007283088456454 0.9982860203591689 -0.05334204359382233 0.024075616622851608 4.358912740026129
-0.0560688038741715 -0.6850557194782562 0.7263297129801712 73.060193900959 -0.023863781793037678 -0.726346710101892 -0.6869141077897161 41.84470407848584 0.9981416369492229 -0.05584741608813355 0.024377373976063172 4.423399386275939
-0.05747644919533398 -0.6793361065101999 0.7315728852547365 73.8675664862945 -0.02466637623005204 -0.731594250574393 -0.6812939588051455 42.72174760820518 0.9980420617197425 -0.05720360306658648 0.025292679769726954 4.484205179195054
-0.05691962784089165 -0.6744316516139425 0.7361399439515998 74.6667534715871 -0.024098972295292842 -0.7361924683886825 -0.6763431062823417 43.613263436798775 0.9980878626700529 -0.05623741758028075 0.02565068622957405 4.545251521023612
-0.055793724154055584 -0.6705269948339408 0.7397841840660665 75.45558858105454 -0.023783670724347512 -0.7398354520802233 -0.6723672616999655 44.48878354150315 0.9981589565419766 -0.055108655579302834 0.025330586234278977 4.615645583731766
-0.05441605378888645 -0.6653503783921101 0.7445453269303296 76.22172872248458 -0.025705613096106625 -0.7444695023819847 -0.6671615116443105 45.37371064889097 0.9981873966376482 -0.05544327734690984 0.023407846170871074 4.682657171590421
-0.05419224933826908 -0.6609108834825586 0.7485052116575621 76.98781604613049 -0.026452536446105686 -0.7483934110271683 -0.6627274116486244 46.24070523127878 0.9981801091025996 -0.055714551655648724 0.023074360365437228 4.7479157925576745
-0.05302108047630613 -0.6560166780907579 0.7528817664357637 77.74633649322206 -0.027634406200445424 -0.752689648026867 -0.6577954222848843 47.14381063322163 0.9982109337375413 -0.05568245324395513 0.021779788503172966 4.811978791488978
-0.0520163742008529 -0.6524346395752026 0.7560577883733511 78.5097798356173 -0.02816279336534177 -0.7558231475785717 -0.6541698810177209 48.04531461245052 0.9982489824429276 -0.05532023296163233 0.020940791779424598 4.8753425139698665
-0.05113410143507436 -0.6486424437699415 0.7593735966949609 79.28969420431254 -0.02954471329887508 -0.7590530082827661 -0.6503581114804885 48.952467127352016 0.998254654788109 -0.055690949613895833 0.01964953971784029 4.945705048653498
-0.049195600717215876 -0.6439547631998468 0.7634801208308859 80.06826172301304 -0.034395343850718026 -0.7628600708179977 -0.6456480738352577 49.857420386448 0.99819678393531 -0.05802320181976177 0.015380311535213475 5.0093607206378055
-0.047053423628885926 -0.6402941166356776 0.7666872616899458 80.84260397842102 -0.038850186799294695 -0.7657835855824315 -0.641923762957784 50.755524362356965 0.9981366136124356 -0.05999065299056288 0.01115719021131732 5.0708051726184316
-0.04367005241836789 -0.6354252546492025 0.7709264828546182 81.60196521735372 -0.042027314236820004 -0.7698110519548808 -0.6368866553748883 51.682124911457954 0.9981615777998725 -0.060212838365048905 0.006912465373248442 5.152313208654123
-0.04169325860958444 -0.6282104719237018 0.7769254986331376 82.35748584377417 -0.04505793200452089 -0.7756283020074588 -0.629579652768949 52.597821165165094 0.9981139628883623 -0.06125587311346976 0.00403260041704328 5.234296523161431
-0.03857383005074551 -0.6198128756824471 0.7838010079786875 83.09757229078372 -0.04606876119431868 -0.7824476170074643 -0.6210099751363385 53.53426429992917 0.9981932207825366 -0.06006347455219602 0.001627990058210011 5.3092128132111345
-0.036020487362781614 -0.6103287130664262 0.7913288634709728 83.84699475346073 -0.044800690181076144 -0.7900604407753228 -0.6113897228623654 54.49294006183815 0.9983463819542814 -0.05747463301573356 0.0011152181381042395 5.384830427770936
-0.035363309315318725 -0.6007320668728408 0.798667953904559 84.56759065307423 -0.045022455228385355 -0.7973987674253085 -0.6017709986287674 55.46243091395613 0.9983599040652484 -0.05723858959229654 0.001152222740626958 5.463021371089522
-0.03816965531311004 -0.5933877847681867 0.8040112313627505 85.28719942273462 -0.04559444587152177 -0.802725398624569 -0.5946033407207942 56.406967897353425 0.9982305022354718 -0.0593542534680733 0.0035845655976791267 5.537620806582707
-0.037636961373722196 -0.5842012710676109 0.8107355792630182 85.99824990124094 -0.04742423864263283 -0.8093520531785947 -0.5854059760615083 57.40880094543144 0.9981655714450216 -0.060481414373222304 0.0027562510523165776 5.611123052119682
-0.03822635657523402 -0.5744239497994208 0.8176648619694091 86.70207079059114 -0.04812582398357224 -0.816255130186277 -0.5756836005700836 58.415371724968566 0.998109498563928 -0.06135707499786091 0.0035578326615111006 5.681633781190959
-0.03382675394327128 -0.5642674954489878 0.8248987824808528 87.38114998941444 -0.050257132300667154 -0.8233665378048524 -0.5652803527648459 59.47262488856394 0.9981632715288562 -0.060578636693760325 -0.0005066502518763644 5.75259379727823
-0.03304831155130404 -0.553898926423551 0.8319276732736612 88.07898761909277 -0.04971633922904418 -0.830440796105837 -0.5548840535686866 60.50782745865481 0.9982164316994963 -0.05969838156096921 -9.31583428591466e-05 5.8326909594724805
-0.03241434137806163 -0.5428150851271676 0.8392265257584598 88.76180906366412 -0.05024315178552151 -0.8377211563524266 -0.5437820004081771 61.54379821136072 0.9982108656894993 -0.05979171661931341 -0.00011855626951175267 5.915306775399368
-0.03286243423521502 -0.5333086739243993 0.845282105130862 89.41636146748026 -0.05082626454223024 -0.8437528886749978 -0.5343198520143788 62.5948542785534 0.9981666500970175 -0.06052158933152112 0.0006216839102127435 5.991915170420263
-0.03177327407695094 -0.5223334853936331 0.8521491382020249 90.0467877045533 -0.05189885079179434 -0.8505672259596053 -0.5232990157180657 63.668504553579936 0.9981467993595743 -0.06085247760778726 -8.320096344394411e-05 6.064663539035576
-0.03308043998599299 -0.5113637106021608 0.8587274541619301 90.6777380527902 -0.05284234165023671 -0.8571011869300517 -0.5124308143745256 64.75502119616031 0.9980548080076611 -0.062328602999252206 0.0013316289160444398 6.143382513587244
-0.03402801630196518 -0.5037767401517608 0.8631634356291725 91.30048640204998 -0.05225947601225596 -0.8615852175699932 -0.5049158154685722 65.80286724846046 0.9980536174357616 -0.062289749417765924 0.0029909294719582496 6.22416710467335
-0.033665112481917406 -0.49475084116886253 0.8683825008759223 91.92930896203264 -0.0508216431180913 -0.8669035397247095 -0.4958784136837565 66.93554868555351 0.9981401437066407 -0.06082642569427831 0.004040353806626601 6.304457362936922
-0.03125155143022766 -0.48677952161904825 0.872965658045147 92.52798293756189 -0.050109375653770286 -0.8715308855415561 -0.48777343390843525 68.05138926295747 0.9982546813499104 -0.058987435942702386 0.002844470571783761 6.379662797485995
-0.029511527619061114 -0.47661244780587647 0.8786180317581977 93.1287779006748 -0.051621423018058304 -0.8771011548608757 -0.4775235089747642 69.22863092765758 0.9982306125302418 -0.05944796127236742 0.0012811814799367004 6.455081259467768
-0.027235622368427238 -0.46898209976652666 0.8827876449323333 93.72389168460006 -0.05459321319485496 -0.8810994367465907 -0.46976947807682695 70.391922384928 0.9981371388074716 -0.060988675910288954 -0.0016059498849821457 6.538038037003575
-0.026866838056657072 -0.4635220435333542 0.8856780252232107 94.32755932463976 -0.05686606771293573 -0.8838542712711253 -0.4642927704922277 71.51716015409484 0.9980202255013031 -0.06283910434451435 -0.0026123066722176583 6.622363641319226
-0.02733305530105943 -0.45701485222512955 0.8890390287329065 94.91914687574413 -0.05927101211500089 -0.8870655431253239 -0.45782266330382604 72.6452930843501 0.9978675928225272 -0.06520791882629087 -0.0028415195736167984 6.708296287732351
-0.026993148583951583 -0.45357297280167824 0.8908102285966452 95.48371282293367 -0.0626989375250572 -0.8886121829422309 -0.4543537107717484 73.74882017339435 0.9976673557590977 -0.0681172930089441 -0.004452100473817662 6.796683244384381
-0.02430584156688631 -0.4472687140040113 0.8940692750507979 96.04759176913376 -0.06422488236341989 -0.8917873065556036 -0.44787324548923096 74.88313663563962 0.9976393626359121 -0.06830742035766939 -0.00705014187751024 6.888347339570392
-0.021295484025900382 -0.44385559905479116 0.8958452027280291 96.60655350846123 -0.06141960121187943 -0.893775156667752 -0.44429002762047537 76.01457916846125 0.9978847835414228 -0.06448382368583115 -0.008228059306347802 6.9818756518002525
-0.01582800898048243 -0.4413288215172112 0.8972058685773976 97.15091492372834 -0.06112542941671456 -0.8952128845208733 -0.4414268362090135 77.17462861560651 0.9980046156335429 -0.06182900135767904 -0.012806976498644493 7.067965751986003
-0.012136397452034315 -0.43746240832239947 0.8991548472710705 97.66909806088547 -0.06185192086295728 -0.8971705949313518 -0.43733190207255235 78.30853814364463 0.998011536359951 -0.06092207888871031 -0.016169474616614023 7.140441507346465
-0.009008466008494684 -0.433246326148296 0.9012304775950563 98.192275512156 -0.06184094602915513 -0.8993005298413229 -0.43293680018593766 79.44871292437685 0.9980453744977902 -0.059633044950850256 -0.01869104615018247 7.21563086054191
-0.007091856076013054 -0.4311366170767322 0.9022587607773165 98.73763903795871 -0.0604305153218058 -0.9004476661343462 -0.43074620382849904 80.59489432608866 0.9981472261081328 -0.057578749693264944 -0.019667957789640613 7.305101436847579
-0.004794836996978117 -0.4284367138723058 0.9035590383562072 99.28057780804465 -0.058823249132478446 -0.9018839929691369 -0.4279546748483375 81.7317649297086 0.9982569621772109 -0.05520224973512408 -0.020877659033884912 7.3783927855973905
-0.0037369193008361893 -0.4264422346560378 0.904507060993874 99.79857134902508 -0.05928758806775005 -0.9028277347152314 -0.425895520299941 82.85796075613067 0.9982339569560209 -0.05521757515026758 -0.021908935983932717 7.462204830764742
-0.0024455255075901566 -0.42296333609304815 0.9061434349503698 100.30954017986059 -0.05902810425319434 -0.9045051373631209 -0.4223578970438479 83.95405089951728 0.9982533558111459 -0.05452081733199814 -0.022754730129289007 7.538919865094824
0.0010384056483325362 -0.4216693118308553 0.9067490448687826 100.82069239831623 -0.0581056582096776 -0.9052430325728854 -0.4209023827314983 85.05600130980602 0.9983098814450904 -0.05225018898515247 -0.025441384075447476 7.611900227246658
0.00516759926031392 -0.42185700839132456 0.906647616350263 101.33415727333296 -0.05799953119519528 -0.9052599015073727 -0.4208807275139982 86.17919624138773 0.9983032400427315 -0.05041019210583614 -0.02914552775294144 7.685939400070492
0.007892367837410166 -0.42113805678199007 0.9069622604151124 101.81407817627657 -0.05992927463612218 -0.9055593281817628 -0.4199652356195505 87.25268622694378 0.998171440470235 -0.05103906080250478 -0.03238550965564743 7.755291658965944
0.009812234672485994 -0.42013582543599387 0.9074081927437648 102.29017303991483 -0.0618163783949759 -0.9059710573249249 -0.4188020605444222 88.31601718899033 0.9980392911681141 -0.05198329936289142 -0.03486087734756113 7.822766413801903
0.010643203013510436 -0.41855611842195956 0.9081284850446715 102.76677440450673 -0.06292048250219928 -0.9066606589122864 -0.41714216226901735 89.3793731430532 0.9979617264171222 -0.052700155114796865 -0.03598553410122411 7.8986478089505265
0.007447835904199285 -0.4163999938383244 0.9091510224523123 103.26723200294751 -0.06156107013065649 -0.9076426220155047 -0.4152048309115424 90.44454307484023 0.9980755230873832 -0.052875934041827576 -0.03239400388869448 7.976165290945192
0.005294679572635536 -0.41692254229446696 0.9089265930775388 103.73989734161138 -0.06155823550735942 -0.907351336607913 -0.41584138648443886 91.49234941315704 0.9980894383878193 -0.0537501656092302 -0.030469152964722652 8.05047597956548
0.0034663559301320685 -0.42077905698311474 0.9071565384642186 104.2104884790467 -0.06152131490056114 -0.9055333118167177 -0.41979105751520723 92.50489664781722 0.9980997267235427 -0.054354323260875956 -0.029025782113414472 8.122940669747283
0.0007205124136601656 -0.4260367203576884 0.904705530845784 104.66704331067893 -0.06153767500275434 -0.9030100963107389 -0.42518931387619985 93.50992512845278 0.9981044814633738 -0.05536712077137335 -0.026867938102921412 8.193697464693939
-0.000464853926562953 -0.43139985908872147 0.9021606343522103 105.12945748360036 -0.061829601734633095 -0.9004223147266565 -0.4306004791464528 94.5261344688809 0.9980866308900426 -0.055980398786532604 -0.026254721346780772 8.257148682830756
-0.0014627383746207059 -0.4357704939359503 0.9000566252114648 105.61296353380729 -0.060423323226522725 -0.8983745020902669 -0.4350543241704256 95.53132768978625 0.9981717532270925 -0.05502077918151343 -0.02501660953511251 8.331603010639123
-0.0034235513790035685 -0.44329676276217 0.8963684223379046 106.1011004231355 -0.05848578066027728 -0.8947504479365286 -0.4427201364416049 96.52904610917435 0.9982823579131662 -0.05394047306175867 -0.02286333868446804 8.399588344955978
-0.003762216874051191 -0.45323315371493106 0.8913841493131078 106.59105292195596 -0.05855162990842283 -0.889761285405297 -0.4526551176673316 97.51474341535673 0.9982773516189587 -0.05389496701978132 -0.023190064720652076 8.461125746918725
-0.0036052382970727546 -0.4620817121750205 0.8868299916093462 107.0851097330535 -0.05875901307552665 -0.8852056009662672 -0.461474231300536 98.48226081175905 0.998265685067884 -0.053772981029925136 -0.023960093736659985 8.530437667564756
-0.006564353327101664 -0.4729749369992264 0.8810514728985678 107.58385177875078 -0.05770078344363681 -0.8794233101514711 -0.47253083268753887 99.4351581769658 0.99831230877099 -0.0539392135726653 -0.021518171181427282 8.589876834773793
-0.01016670582970455 -0.48489857948307014 0.8745113264292377 108.0875311875415 -0.05905109047400592 -0.8727390927002667 -0.4846024395151078 100.38584674893434 0.9982031619247791 -0.056567656171854656 -0.01976090447002854 8.654373736408262
-0.01199348830063367 -0.49563653007366776 0.8684472401681694 108.60405468083445 -0.05999528681741875 -0.8665882836936273 -0.49540424420017193 101.30842214296082 0.9981266005949837 -0.05804436880558969 -0.019342442005739226 8.725867395285938
-0.013366377633636767 -0.5069465730239611 0.8618737631843622 109.16246048596122 -0.05900867345567198 -0.8600486561460482 -0.5067882824926644 102.25521736778332 0.998167948146113 -0.05763194662123451 -0.01841851322031505 8.799397001165442
-0.014690871149625338 -0.5191251026457935 0.854571979493909 109.70166470358 -0.05621228281587368 -0.8528837138272792 -0.5190659659470938 103.16892296362239 0.9983107754000703 -0.05566296911899015 -0.016651598023095463 8.866359033748237
-0.014994810597720341 -0.5318711884709852 0.8466925080282666 110.25090325327912 -0.05451059325268768 -0.8450935426345233 -0.5318321243488445 104.07401977117023 0.9984006193136328 -0.05412843407342406 -0.016320591767756524 8.930137486287595
-0.015345187078803963 -0.5433972398880059 0.8393353903133568 110.81480515573121 -0.05364617078552683 -0.8377777588179761 -0.5433696404928225 104.98003183181996 0.9984421128726245 -0.0533652372698988 -0.016295322103219958 8.995257273470177
-0.01608765826428577 -0.5542603229501277 0.8321879272873578 111.38409426783737 -0.05421223282825093 -0.8305878249902263 -0.5542426564244471 105.8610717800822 0.9983998377835452 -0.054031223118132486 -0.01668547374548805 9.057051423243426
