1 0 0 0 0 1 0 0 0 0 1 0
0.999991 -0.00270311 -0.00311721 -0.00322247 0.00269589 0.999994 -0.00231957 -0.000521734 0.00312346 0.00231115 0.999992 0.684925
0.999969 -0.00139602 -0.00775548 -0.00334092 0.0013648 0.999991 -0.00402969 -0.000812256 0.00776103 0.00401898 0.999962 1.4094
0.999936 -0.00182306 -0.0111515 -0.0239423 0.00176447 0.999985 -0.00526175 -0.0078153 0.0111609 0.00524174 0.999924 2.11098
0.999865 -0.000549223 -0.0164491 -0.0359799 0.000461207 0.999986 -0.00535413 -0.017808 0.0164518 0.00534581 0.99985 2.84868
0.999796 -0.00164841 -0.0201447 -0.0592643 0.00153166 0.999982 -0.00580934 -0.0261791 0.0201539 0.0057773 0.99978 3.60674
0.999689 0.000703887 -0.0249417 -0.0815424 -0.00088029 0.999975 -0.00706234 -0.0313938 0.0249361 0.0070821 0.999664 4.38274
0.99954 0.00334201 -0.0301592 -0.102188 -0.0035729 0.999965 -0.00760505 -0.0404891 0.0301328 0.00770931 0.999516 5.18734
0.999417 0.00416795 -0.0338885 -0.138514 -0.00438139 0.999971 -0.00622651 -0.0503504 0.0338616 0.00637136 0.999406 5.9811
0.999287 0.00321365 -0.0376111 -0.180603 -0.00335918 0.999987 -0.00380678 -0.0553668 0.0375984 0.00393041 0.999285 6.80363
0.999129 0.00209285 -0.0416813 -0.202742 -0.00211455 0.999998 -0.000476553 -0.0726406 0.0416802 0.000564276 0.999131 7.63301
0.999014 0.00372118 -0.0442289 -0.247083 -0.00377145 0.999992 -0.00105311 -0.0785144 0.0442247 0.00121888 0.999021 8.47155
0.998916 0.00306108 -0.0464502 -0.285126 -0.0031479 0.999993 -0.00179619 -0.0821293 0.0464444 0.00194047 0.998919 9.30601
0.99885 6.93316e-05 -0.0479419 -0.324713 -0.000198557 0.999996 -0.0026907 -0.0850207 0.0479415 0.00269713 0.998847 10.1467
0.998778 -0.000272992 -0.0494216 -0.371126 0.000202957 0.999999 -0.00142211 -0.0945603 0.0494219 0.00141034 0.998777 10.9892
0.998778 -0.000272992 -0.0494216 -0.430441 0.000202957 0.999999 -0.00142211 -0.120165 0.0494219 0.00141034 0.998777 11.8294
0.998697 0.00130252 -0.0510227 -0.461202 -0.00148039 0.999993 -0.00344852 -0.13217 0.0510178 0.00351956 0.998692 12.6509
0.998638 0.00166481 -0.0521472 -0.517824 -0.001989 0.999979 -0.0061656 -0.137711 0.0521358 0.00626092 0.99862 13.5363
0.998485 0.00474931 -0.0548152 -0.554033 -0.00516548 0.999959 -0.00745304 -0.150488 0.0547775 0.00772489 0.998469 14.409
0.998485 0.00474931 -0.0548152 -0.628214 -0.00516548 0.999959 -0.00745304 -0.151358 0.0547775 0.00772489 0.998469 15.3213
0.998393 0.00296446 -0.0565996 -0.655746 -0.00327301 0.99998 -0.00535956 -0.174954 0.0565826 0.00553619 0.998383 16.2079
0.998344 0.00337225 -0.0574317 -0.716078 -0.00357841 0.999988 -0.00348724 -0.188337 0.0574192 0.00368698 0.998343 17.1263
0.998344 0.00337225 -0.0574317 -0.785022 -0.00357841 0.999988 -0.00348724 -0.200469 0.0574192 0.00368698 0.998343 18.045
0.998344 0.00337225 -0.0574317 -0.862694 -0.00357841 0.999988 -0.00348724 -0.236949 0.0574192 0.00368698 0.998343 18.931
0.998344 0.00337225 -0.0574317 -0.956837 -0.00357841 0.999988 -0.00348724 -0.26836 0.0574192 0.00368698 0.998343 19.8921
0.998344 0.00337225 -0.0574317 -1.02225 -0.00357841 0.999988 -0.00348724 -0.24797 0.0574192 0.00368698 0.998343 20.8299
0.998355 0.00432371 -0.0571679 -1.08138 -0.00434898 0.99999 -0.000317714 -0.257132 0.057166 0.000565814 0.998365 21.7685
0.998387 0.00400299 -0.0566264 -1.13732 -0.00379069 0.999985 0.00385602 -0.266492 0.056641 -0.00363515 0.998388 22.7346
0.998497 0.00275084 -0.0547448 -1.19183 -0.00236629 0.999972 0.00708811 -0.273015 0.0547628 -0.00694791 0.998475 23.6916
0.998611 0.00271897 -0.0526212 -1.24519 -0.00229671 0.999965 0.00808338 -0.281775 0.0526413 -0.00795129 0.998582 24.6416
0.998666 0.00252076 -0.0515778 -1.28843 -0.00225352 0.999984 0.00523869 -0.283892 0.0515902 -0.00511547 0.998655 25.6127
0.998761 0.00306063 -0.0496758 -1.36366 -0.00306103 0.999995 6.80405e-05 -0.281864 0.0496758 8.41031e-05 0.998765 26.5937
0.998806 0.00112832 -0.0488386 -1.39558 -0.00126043 0.999996 -0.00267423 -0.292127 0.0488353 0.0027326 0.998803 27.533
0.998836 -0.00142148 -0.0482217 -1.43866 0.0013506 0.999998 -0.00150228 -0.30243 0.0482238 0.00143541 0.998836 28.5106
0.998833 -0.00427351 -0.0481044 -1.47501 0.00445647 0.999983 0.00369685 -0.310273 0.0480877 -0.00390691 0.998835 29.4733
0.998829 -0.00840451 -0.0476409 -1.53383 0.00876549 0.999934 0.00737312 -0.317154 0.0475758 -0.00778208 0.998837 30.4611
0.998701 -0.01596 -0.0483805 -1.57457 0.0162839 0.999848 0.0063073 -0.320172 0.0482725 -0.00708693 0.998809 31.4559
0.998605 -0.019032 -0.0492555 -1.62571 0.0191841 0.999813 0.00261823 -0.324867 0.0491964 -0.0035595 0.998783 32.4504
0.998581 -0.0190439 -0.0497376 -1.68316 0.0190012 0.999819 -0.00133185 -0.329818 0.049754 0.000384889 0.998761 33.4436
0.998506 -0.0180075 -0.0515948 -1.74096 0.0179317 0.999837 -0.0019313 -0.337181 0.0516212 0.00100324 0.998666 34.461
0.998506 -0.0180075 -0.0515948 -1.82084 0.0179317 0.999837 -0.0019313 -0.319641 0.0516212 0.00100324 0.998666 35.5059
0.998562 -0.0145569 -0.051598 -1.89484 0.0146051 0.999893 0.000557758 -0.330476 0.0515844 -0.00131055 0.998668 36.5117
0.998459 -0.0150994 -0.0534078 -1.94613 0.0151918 0.999884 0.00132438 -0.332948 0.0533816 -0.0021337 0.998572 37.5516
0.998429 -0.0130037 -0.0545042 -2.00841 0.0132048 0.999907 0.003331 -0.333832 0.0544558 -0.00404549 0.998508 38.5888
0.99844 -0.0131609 -0.0542611 -2.05884 0.013521 0.999889 0.00627566 -0.346949 0.0541725 -0.00699954 0.998507 39.5824
0.998472 -0.0072288 -0.0547852 -2.13299 0.0076589 0.999941 0.00764481 -0.337981 0.0547268 -0.00805272 0.998469 40.6365
0.998472 -0.0072288 -0.0547852 -2.18083 0.0076589 0.999941 0.00764481 -0.359943 0.0547268 -0.00805272 0.998469 41.6381
0.998447 -0.00738107 -0.0552104 -2.24419 0.00770638 0.999954 0.00568167 -0.360251 0.055166 -0.00609832 0.998459 42.7019
0.99847 -0.00586416 -0.0549928 -2.29096 0.00603526 0.999977 0.00294577 -0.357561 0.0549743 -0.00327316 0.998482 43.6796
0.99847 -0.00586416 -0.0549928 -2.36678 0.00603526 0.999977 0.00294577 -0.368816 0.0549743 -0.00327316 0.998482 44.6858
0.99847 -0.00586416 -0.0549928 -2.45607 0.00603526 0.999977 0.00294577 -0.367027 0.0549743 -0.00327316 0.998482 45.7146
0.99847 -0.00586416 -0.0549928 -2.51916 0.00603526 0.999977 0.00294577 -0.35673 0.0549743 -0.00327316 0.998482 46.6838
0.998502 -0.00394047 -0.0545775 -2.60176 0.0039257 0.999992 -0.000377865 -0.365967 0.0545786 0.000163044 0.998509 47.7036
0.998442 -0.00395442 -0.0556574 -2.65037 0.00373517 0.999985 -0.00404288 -0.38274 0.0556725 0.00382869 0.998442 48.6771
0.998388 -0.00377454 -0.0566283 -2.69938 0.00346965 0.999979 -0.00548155 -0.393601 0.0566478 0.00527623 0.99838 49.6667
0.998298 -0.00533573 -0.0580737 -2.73597 0.00524063 0.999985 -0.0017897 -0.411939 0.0580824 0.00148231 0.998311 50.6622
0.998193 -0.00796888 -0.0595604 -2.7724 0.00808181 0.999966 0.00165532 -0.429273 0.0595452 -0.00213368 0.998223 51.6627
0.998163 -0.0103505 -0.0596949 -2.82999 0.0105255 0.999941 0.00261719 -0.446325 0.0596643 -0.0032407 0.998213 52.6393
0.998129 -0.0136022 -0.0596175 -2.89301 0.0137444 0.999904 0.00197447 -0.459893 0.0595849 -0.00279018 0.998219 53.6274
0.998057 -0.0171683 -0.0598966 -2.95424 0.0172452 0.999851 0.000767278 -0.470867 0.0598745 -0.00179872 0.998204 54.6101
0.998004 -0.0185944 -0.0603493 -3.01661 0.0187318 0.999823 0.00171301 -0.478795 0.0603067 -0.00284004 0.998176 55.5821
0.997892 -0.022183 -0.0609931 -3.05988 0.0225794 0.999728 0.00581798 -0.490058 0.0608475 -0.0071829 0.998121 56.5086
0.997853 -0.0234479 -0.0611512 -3.12036 0.0241622 0.999648 0.0109667 -0.495736 0.0608725 -0.0124207 0.998068 57.4767
0.997845 -0.0217697 -0.0618999 -3.19067 0.0225816 0.999668 0.0124458 -0.491281 0.0616084 -0.0138168 0.998005 58.4801
0.99775 -0.0219028 -0.0633732 -3.22696 0.0224909 0.99971 0.00858011 -0.500338 0.0631669 -0.00998612 0.997953 59.3503
0.997695 -0.0205863 -0.0646522 -3.30529 0.0207039 0.999785 0.00114969 -0.502853 0.0646146 -0.0024856 0.997907 60.3098
0.997695 -0.0184122 -0.0653051 -3.36933 0.0182125 0.999827 -0.00365128 -0.514326 0.065361 0.00245349 0.997859 61.2401
0.997643 -0.014884 -0.0669831 -3.42445 0.0147566 0.999888 -0.00239717 -0.529422 0.0670113 0.00140308 0.997751 62.1531
0.997594 -0.0124038 -0.0682044 -3.48561 0.012394 0.999923 -0.000568119 -0.538851 0.0682062 -0.000278571 0.997671 63.0578
0.997698 -0.0103106 -0.0670187 -3.57287 0.0104206 0.999945 0.0012925 -0.56124 0.0670017 -0.0019879 0.997751 63.9282
0.997698 -0.0103106 -0.0670187 -3.66535 0.0104206 0.999945 0.0012925 -0.566574 0.0670017 -0.0019879 0.997751 64.8363
0.997698 -0.0103106 -0.0670187 -3.75525 0.0104206 0.999945 0.0012925 -0.559997 0.0670017 -0.0019879 0.997751 65.6707
0.997698 -0.0103106 -0.0670187 -3.83453 0.0104206 0.999945 0.0012925 -0.563413 0.0670017 -0.0019879 0.997751 66.5139
0.997698 -0.0103106 -0.0670187 -3.92775 0.0104206 0.999945 0.0012925 -0.567505 0.0670017 -0.0019879 0.997751 67.3402
0.997698 -0.0103106 -0.0670187 -4.01713 0.0104206 0.999945 0.0012925 -0.557055 0.0670017 -0.0019879 0.997751 68.1723
0.997672 -0.00724029 -0.0678042 -4.09573 0.00752423 0.999964 0.00393329 -0.566365 0.0677733 -0.00443431 0.997691 69.0075
0.997654 -0.00619764 -0.068172 -4.17133 0.00675255 0.999946 0.00791243 -0.574501 0.0681193 -0.0083542 0.997642 69.819
0.997524 -0.0027956 -0.0702693 -4.22478 0.0034787 0.999948 0.00960061 -0.584586 0.0702388 -0.00982128 0.997482 70.5965
0.997438 5.57022e-06 -0.0715305 -4.28489 0.000402689 0.999984 0.00569306 -0.597151 0.0715294 -0.00570728 0.997422 71.3504
0.997334 -8.59495e-05 -0.0729712 -4.3465 -4.64367e-05 0.999998 -0.00181252 -0.603576 0.0729713 0.00181108 0.997332 72.0954
0.997234 -0.000374941 -0.0743246 -4.38998 -0.00020858 0.999969 -0.00784307 -0.616873 0.0743252 0.00783688 0.997203 72.7919
0.997193 0.000334379 -0.074869 -4.44189 -0.0010154 0.999958 -0.00905834 -0.625943 0.0748629 0.00910894 0.997152 73.4962
0.997134 0.00313479 -0.0755924 -4.49671 -0.00354929 0.999979 -0.00534962 -0.645924 0.0755741 0.00560259 0.997124 74.1863
0.997031 0.00327767 -0.0769294 -4.55707 -0.00352032 0.999989 -0.00301879 -0.665642 0.0769187 0.00328064 0.997032 74.8627
0.996982 0.000342906 -0.0776341 -4.61427 -0.000833297 0.99998 -0.00628439 -0.684516 0.0776304 0.00633012 0.996962 75.5007
0.996973 -0.00789644 -0.0773409 -4.65601 0.00703002 0.99991 -0.0114685 -0.699174 0.0774245 0.01089 0.996939 76.1399
0.996991 -0.0118173 -0.0766073 -4.69729 0.0105885 0.999809 -0.0164272 -0.710685 0.0767868 0.0155666 0.996926 76.7845
0.997174 -0.00993013 -0.0744617 -4.7281 0.00872048 0.999825 -0.0165529 -0.72673 0.074613 0.0158568 0.997086 77.4032
0.99739 -0.00552747 -0.0719909 -4.74932 0.00454543 0.999894 -0.0137979 -0.733045 0.0720596 0.0134346 0.99731 78.014
0.997699 -0.00699678 -0.0674439 -4.7862 0.00630131 0.999925 -0.0105191 -0.750596 0.0675124 0.0100699 0.997668 78.6039
0.998043 -0.0109729 -0.0615593 -4.81128 0.0106029 0.999924 -0.00633381 -0.764693 0.0616241 0.00566871 0.998083 79.173
0.998482 -0.0150168 -0.0529864 -4.83801 0.0148865 0.999885 -0.00285264 -0.781718 0.0530231 0.00205953 0.998591 79.7207
0.999031 -0.0113895 -0.0425048 -4.85688 0.0112689 0.999932 -0.00307771 -0.788713 0.0425369 0.00259575 0.999092 80.2717
0.999579 -0.00637239 -0.0283228 -4.85492 0.00627834 0.999974 -0.00340836 -0.796994 0.0283438 0.0032291 0.999593 80.7837
0.999948 -0.00149437 -0.0100394 -4.85883 0.00146392 0.999994 -0.00304001 -0.799998 0.0100439 0.00302516 0.999945 81.2868
0.999924 -0.00325082 0.0119198 -4.83648 0.00328003 0.999992 -0.00243169 -0.803656 -0.0119118 0.0024706 0.999926 81.7899
0.999258 -0.00697817 0.037865 -4.79005 0.00701168 0.999975 -0.000752249 -0.814524 -0.0378588 0.00101719 0.999283 82.2755
0.997709 -0.00836114 0.0671333 -4.73136 0.00828664 0.999965 0.00138818 -0.82534 -0.0671425 -0.000828689 0.997743 82.7366
0.994844 -0.00880327 0.101032 -4.67331 0.00851268 0.999958 0.00330702 -0.833816 -0.101057 -0.00242991 0.994878 83.2012
0.990282 -0.00887117 0.13879 -4.58434 0.00835536 0.999956 0.0042987 -0.834323 -0.138822 -0.00309728 0.990312 83.6716
0.983378 -0.00897083 0.181346 -4.4945 0.0082114 0.999954 0.00493808 -0.8383 -0.181382 -0.0033669 0.983407 84.1057
0.97398 -0.00952814 0.226434 -4.36798 0.00848702 0.999948 0.00557098 -0.841901 -0.226476 -0.00350427 0.97401 84.5301
0.961014 -0.00743804 0.276401 -4.23192 0.0063712 0.999968 0.00475758 -0.853267 -0.276428 -0.00281109 0.961031 84.9517
0.944244 -0.00729015 0.329166 -4.05366 0.00647786 0.999973 0.00356436 -0.868522 -0.329183 -0.00123333 0.944265 85.3513
0.923248 -0.00754851 0.38413 -3.85137 0.00736074 0.999971 0.00195898 -0.869254 -0.384134 0.00101886 0.923277 85.733
0.897754 -0.00752415 0.440433 -3.62895 0.00727142 0.999971 0.00226138 -0.883578 -0.440437 0.00117241 0.897783 86.0961
0.868611 -0.00760141 0.495436 -3.37663 0.0077795 0.999968 0.00170318 -0.887745 -0.495434 0.00237484 0.868643 86.4056
0.833942 -0.00864343 0.551784 -3.13105 0.010411 0.999946 -7.10021e-05 -0.885014 -0.551754 0.00580382 0.833987 86.708
0.795173 -0.00977009 0.606303 -2.86554 0.0121004 0.999927 0.000243235 -0.892128 -0.606261 0.00714309 0.795233 87.0128
0.752929 -0.0113803 0.658004 -2.59241 0.0125505 0.999917 0.00293263 -0.902041 -0.657982 0.00605022 0.753009 87.2917
0.708874 -0.0121927 0.705229 -2.2942 0.0109352 0.99992 0.00629591 -0.903781 -0.70525 0.00324879 0.708951 87.5427
0.662658 -0.013864 0.748794 -1.97298 0.0117254 0.999898 0.00813664 -0.905327 -0.748831 0.00338814 0.662753 87.7722
0.614363 -0.0153057 0.788875 -1.6472 0.0149287 0.999858 0.00777293 -0.903028 -0.788883 0.00700153 0.614504 87.981
0.566391 -0.0176647 0.823947 -1.31855 0.0198058 0.999773 0.0078195 -0.904063 -0.823898 0.0118901 0.566613 88.1475
0.521024 -0.0164514 0.853384 -0.963497 0.0174726 0.99981 0.00860648 -0.909873 -0.853363 0.0104266 0.521212 88.2915
0.474379 -0.0133515 0.88022 -0.607427 0.0133731 0.999879 0.00795936 -0.905398 -0.880219 0.00799548 0.4745 88.4342
0.428284 -0.0114904 0.903571 -0.261305 0.0117721 0.999905 0.0071356 -0.911627 -0.903567 0.00758086 0.428379 88.562
0.385531 -0.0146211 0.922579 0.104647 0.0188375 0.999791 0.00797286 -0.914603 -0.922503 0.0143053 0.385726 88.6667
0.344783 -0.022956 0.938402 0.473184 0.0341441 0.999346 0.0119018 -0.916244 -0.938061 0.0279374 0.345342 88.752
0.308743 -0.02759 0.950745 0.850117 0.0384027 0.999126 0.0165231 -0.917838 -0.95037 0.0314097 0.309533 88.8389
0.274422 -0.0235271 0.961322 1.21289 0.0355611 0.999265 0.0143043 -0.914414 -0.960952 0.0302602 0.275057 88.9315
0.243441 -0.0160435 0.969783 1.59479 0.023979 0.999657 0.0105183 -0.917609 -0.969619 0.0206938 0.243742 89.027
0.21463 -0.0113006 0.97663 1.98143 0.0188299 0.999795 0.00743043 -0.922582 -0.976514 0.016795 0.214799 89.1072
0.188826 -0.0101359 0.981958 2.37775 0.0196428 0.999786 0.00654273 -0.929996 -0.981814 0.018053 0.188985 89.1655
0.164798 -0.00825938 0.986293 2.77872 0.026742 0.999635 0.00390283 -0.927698 -0.985965 0.0257323 0.164959 89.2071
0.14444 -0.0019355 0.989512 3.19188 0.0339131 0.99942 -0.00299545 -0.917283 -0.988932 0.03399 0.144422 89.2413
0.124735 0.00470943 0.992179 3.61848 0.035517 0.999327 -0.00920847 -0.908922 -0.991554 0.0363878 0.124483 89.2803
0.10738 0.00561942 0.994202 4.06693 0.0332147 0.999406 -0.00923621 -0.90928 -0.993663 0.0340139 0.107129 89.3217
0.0921019 0.00113156 0.995749 4.52408 0.0311361 0.999507 -0.00401577 -0.920928 -0.995263 0.0313736 0.0920212 89.3556
0.0780377 -0.00217463 0.996948 4.99928 0.0314941 0.999504 -0.000285043 -0.927942 -0.996453 0.0314202 0.0780675 89.382
0.0647894 -0.0052727 0.997885 5.48747 0.0338109 0.999423 0.00308559 -0.937972 -0.997326 0.0335395 0.0649303 89.4028
0.05326 -0.0057347 0.998564 5.98533 0.037628 0.999285 0.00373189 -0.936355 -0.997871 0.0373752 0.0534377 89.4134
0.0423637 -0.00498941 0.99909 6.50164 0.0410728 0.999151 0.00324813 -0.937271 -0.998258 0.0408978 0.0425327 89.4311
0.0344504 -0.00386197 0.999399 7.03002 0.0432124 0.999063 0.00237109 -0.933521 -0.998472 0.0431048 0.034585 89.4395
0.0285454 -0.00305974 0.999588 7.58268 0.0447228 0.998998 0.00178078 -0.930486 -0.998592 0.0446536 0.0286536 89.4525
0.0226504 -0.00222868 0.999741 8.14565 0.0465881 0.998913 0.00117133 -0.934599 -0.998657 0.0465495 0.0227296 89.462
0.0160452 -0.00114193 0.999871 8.73224 0.0469622 0.998897 0.000387198 -0.931816 -0.998768 0.0469499 0.0160811 89.4743
0.0122132 -0.000721387 0.999925 9.34446 0.04966 0.998766 0.000113995 -0.929921 -0.998692 0.0496549 0.012234 89.47
0.00830895 -0.00109991 0.999965 9.97111 0.0509761 0.9987 0.000674946 -0.935292 -0.998665 0.0509687 0.00835422 89.4822
0.00463553 -0.00156434 0.999988 10.6102 0.0520898 0.998642 0.00132077 -0.93764 -0.998632 0.0520831 0.00471072 89.4881
0.00120491 -0.00187064 0.999998 11.2701 0.0542113 0.998528 0.00180257 -0.938462 -0.998529 0.054209 0.00130455 89.4981
-0.000191164 -0.00187178 0.999998 11.9466 0.0591377 0.998248 0.00187981 -0.93875 -0.99825 0.0591379 -8.0136e-05 89.4976
0.00106345 -0.00245107 0.999996 12.634 0.0634185 0.997984 0.0023787 -0.945096 -0.997986 0.0634157 0.00121675 89.4894
0.00382562 -0.00179838 0.999991 13.3462 0.0658308 0.99783 0.00154265 -0.940537 -0.997823 0.0658243 0.0039357 89.4898
0.00787561 -0.00211216 0.999967 14.0977 0.0688411 0.997626 0.00156503 -0.942236 -0.997597 0.0688265 0.00800232 89.4949
0.0120566 -0.00203199 0.999925 14.8385 0.069109 0.997608 0.00119401 -0.939301 -0.997536 0.0690894 0.0121682 89.5071
0.015732 -0.00314015 0.999871 15.6075 0.0704355 0.997514 0.00202451 -0.933109 -0.997392 0.0703945 0.0159141 89.5258
0.0201354 -0.0043911 0.999788 16.399 0.0708492 0.997483 0.0029541 -0.930471 -0.997284 0.0707746 0.0203958 89.5377
0.0236896 -0.00633768 0.999699 17.2005 0.0678266 0.997686 0.00471765 -0.931159 -0.997416 0.0676944 0.0240646 89.5741
0.0278607 -0.00769781 0.999582 18.0254 0.0680392 0.997666 0.00578663 -0.932592 -0.997294 0.0678496 0.0283194 89.6047
0.0317864 -0.00637433 0.999474 18.8624 0.0656183 0.997836 0.00427702 -0.931359 -0.997338 0.0654478 0.0321358 89.6449
0.0370318 -0.00151028 0.999313 19.6691 0.0640207 0.997948 -0.000864215 -0.9239 -0.997261 0.0640087 0.0370525 89.6282
0.0386217 0.00408139 0.999246 20.5388 0.0593147 0.998219 -0.00636976 -0.917187 -0.997492 0.059516 0.0383108 89.6919
0.0383168 0.00704396 0.999241 21.3402 0.0561821 0.998378 -0.00919223 -0.931843 -0.997685 0.0564916 0.0378589 89.7273
0.0395946 0.00633972 0.999196 22.1773 0.0541093 0.998499 -0.00847945 -0.948236 -0.99775 0.0544015 0.0391921 89.7503
0.0403927 0.00383245 0.999177 23.0281 0.0515739 0.998652 -0.00591536 -0.971187 -0.997852 0.0517704 0.0401406 89.7794
0.0424496 0.00275073 0.999095 23.865 0.0525911 0.998604 -0.00498387 -0.983585 -0.997713 0.052755 0.0422457 89.7817
0.0432851 0.00116061 0.999062 24.6897 0.049677 0.99876 -0.00331255 -1.01284 -0.997827 0.0497738 0.0431737 89.8133
0.0451759 0.00170084 0.998978 25.5413 0.0484706 0.998817 -0.00389251 -1.02152 -0.997802 0.0485969 0.04504 89.8354
0.0464451 0.00125492 0.99892 26.3611 0.0460786 0.998932 -0.00339738 -1.04514 -0.997858 0.0461866 0.0463377 89.8602
0.0467726 0.00202693 0.998904 27.1879 0.0436384 0.999039 -0.00407053 -1.06185 -0.997952 0.0437809 0.0466392 89.8848
0.0457909 0.0013256 0.99895 28.0096 0.040992 0.999154 -0.0032049 -1.07488 -0.99811 0.0410957 0.0456978 89.9023
0.0423693 -0.000217911 0.999102 28.8369 0.0390133 0.999238 -0.00143651 -1.08704 -0.99834 0.0390391 0.0423455 89.9368
0.0374914 -0.00235571 0.999294 29.6559 0.0369837 0.999315 0.000968209 -1.09641 -0.998612 0.0369213 0.0375528 89.9707
0.0317628 -0.00462512 0.999485 30.4753 0.0346518 0.999393 0.0035235 -1.10758 -0.998895 0.034522 0.0319038 89.9932
0.0236029 -0.00412247 0.999713 31.2941 0.0342242 0.999409 0.0033132 -1.11405 -0.999135 0.0341362 0.02373 90.0243
0.0157633 -0.00348028 0.99987 32.0961 0.0346116 0.999397 0.00293296 -1.12388 -0.999277 0.0345609 0.0158743 90.0227
0.00774751 -0.00286812 0.999966 32.903 0.0347928 0.999391 0.00259691 -1.12833 -0.999365 0.0347715 0.00784258 90.003
-0.00145258 -0.00344293 0.999993 33.7128 0.0357173 0.999356 0.00349262 -1.13221 -0.999361 0.0357221 -0.00132867 89.9867
-0.0116823 -0.00409362 0.999923 34.5174 0.0344853 0.999395 0.00449436 -1.13912 -0.999337 0.0345352 -0.0115341 89.9711
-0.0229427 -0.00479619 0.999725 35.3131 0.036025 0.999335 0.00562106 -1.14553 -0.999087 0.0361441 -0.0227547 89.9478
-0.0347859 -0.00393281 0.999387 36.101 0.0355973 0.999353 0.00517172 -1.14991 -0.998761 0.0357554 -0.0346234 89.9267
-0.0459748 -0.00325412 0.998937 36.882 0.0354252 0.99936 0.00488589 -1.15782 -0.998314 0.0356122 -0.0458301 89.8903
-0.0561333 -0.00204861 0.998421 37.6564 0.0354684 0.999363 0.00404465 -1.16534 -0.997793 0.0356394 -0.0560249 89.8434
-0.0669611 -0.000802375 0.997755 38.4242 0.036269 0.999337 0.00323772 -1.17183 -0.997096 0.0364044 -0.0668875 89.7934
-0.0764015 0.000298263 0.997077 39.1855 0.0363657 0.999335 0.00248761 -1.1738 -0.996414 0.0364495 -0.0763616 89.7313
-0.0857545 0.000321683 0.996316 39.9378 0.0381184 0.999269 0.00295828 -1.18278 -0.995587 0.0382317 -0.0857041 89.6571
-0.0934446 0.000823023 0.995624 40.6897 0.0403031 0.999183 0.00295669 -1.18327 -0.994808 0.040403 -0.0934014 89.5591
-0.101847 0.000948494 0.9948 41.4303 0.0421159 0.999107 0.00335921 -1.18126 -0.993908 0.042239 -0.101796 89.475
-0.108842 -0.000656015 0.994059 42.1199 0.0434671 0.99904 0.00541861 -1.20001 -0.993108 0.0437986 -0.108709 89.3637
-0.113904 -0.00268647 0.993488 42.8426 0.046482 0.998887 0.00803025 -1.21038 -0.992404 0.047094 -0.113652 89.2656
-0.11869 -0.00424485 0.992922 43.5341 0.0494356 0.998725 0.010179 -1.21814 -0.9917 0.0502938 -0.118329 89.1819
-0.122391 -0.00478414 0.99247 44.2603 0.0516233 0.998604 0.0111798 -1.21547 -0.991139 0.0526029 -0.121973 89.1124
-0.126545 -0.00517237 0.991947 44.9827 0.0512526 0.998617 0.0117456 -1.21437 -0.990636 0.0523262 -0.126105 89.0735
-0.126545 -0.00517237 0.991947 45.6572 0.0512526 0.998617 0.0117456 -1.22722 -0.990636 0.0523262 -0.126105 88.9742
-0.126112 -0.00397288 0.992008 46.3109 0.0521242 0.998584 0.0106257 -1.22895 -0.990646 0.0530477 -0.125727 88.9022
-0.122892 -0.0020647 0.992418 46.9775 0.0532777 0.998542 0.00867487 -1.23108 -0.990989 0.0539398 -0.122603 88.8166
-0.118616 -0.000997153 0.99294 47.6058 0.0531502 0.998559 0.00735209 -1.22732 -0.991517 0.0536471 -0.118392 88.7601
-0.111299 0.00029273 0.993787 48.2256 0.05237 0.998612 0.00557099 -1.22653 -0.992406 0.0526646 -0.111159 88.7098
-0.100392 0.000346862 0.994948 48.8209 0.052059 0.998632 0.00490469 -1.23406 -0.993585 0.0522884 -0.100273 88.6611
-0.0871354 0.00044381 0.996196 49.3958 0.0515382 0.998663 0.00406304 -1.24305 -0.994862 0.0516962 -0.0870418 88.6297
-0.0701181 0.00154654 0.997537 49.9577 0.0508687 0.998703 0.00202727 -1.25489 -0.996241 0.0508856 -0.0701058 88.6055
-0.0484594 0.0042154 0.998816 50.4983 0.0502609 0.998735 -0.00177655 -1.26424 -0.99756 0.0501154 -0.0486099 88.5895
-0.0245867 0.00744934 0.99967 51.0427 0.0487858 0.99879 -0.0062429 -1.27206 -0.998507 0.0486162 -0.0249203 88.6059
0.00341116 0.00902126 0.999953 51.5652 0.0476814 0.99882 -0.00917369 -1.28556 -0.998857 0.0477105 0.00297699 88.6326
0.0366536 0.00873697 0.99929 52.0783 0.0460117 0.998887 -0.0104211 -1.29401 -0.998268 0.046361 0.0362108 88.6693
0.0744921 0.00699438 0.997197 52.5984 0.0461352 0.998881 -0.0104526 -1.29634 -0.996154 0.0467845 0.0740861 88.732
0.116981 0.00277979 0.99313 53.1272 0.044001 0.999 -0.00797911 -1.3164 -0.992159 0.0446322 0.116742 88.813
0.162172 -0.00171956 0.986761 53.6275 0.0420256 0.999103 -0.00516574 -1.33393 -0.985867 0.042307 0.162099 88.92
0.210898 -0.00514927 0.977494 54.1309 0.0383487 0.99926 -0.00300996 -1.34822 -0.976755 0.0381205 0.21094 89.0566
0.261958 -0.00655534 0.965057 54.6243 0.0350315 0.999383 -0.00272054 -1.35793 -0.964443 0.03452 0.262026 89.2304
0.316584 -0.00709169 0.948538 55.0891 0.034709 0.999389 -0.00411259 -1.37075 -0.947929 0.0342248 0.316636 89.4235
0.374979 -0.0065575 0.92701 55.5506 0.0369922 0.999284 -0.0078947 -1.38348 -0.926295 0.0372525 0.374953 89.6358
0.435883 -0.00346554 0.899997 55.9752 0.0379868 0.999172 -0.0145502 -1.40042 -0.899201 0.0405302 0.435654 89.8682
0.494597 0.00210744 0.86912 56.3624 0.038458 0.998965 -0.0243079 -1.3974 -0.868271 0.0454473 0.494004 90.1475
0.553503 0.00657356 0.832821 56.7454 0.0342646 0.998942 -0.0306575 -1.41054 -0.832142 0.0455053 0.552692 90.4446
0.610366 0.00928688 0.792065 57.1059 0.0303831 0.998921 -0.0351255 -1.42766 -0.791537 0.0455048 0.609425 90.7659
0.661708 0.00969879 0.749699 57.4147 0.028284 0.998882 -0.0378868 -1.45498 -0.749228 0.0462745 0.660694 91.1291
0.711684 0.00817099 0.702452 57.7224 0.0273382 0.998853 -0.0393163 -1.47256 -0.701967 0.0471846 0.710644 91.4877
0.758213 0.00604149 0.651978 58.0158 0.0244064 0.998993 -0.0376403 -1.47431 -0.651549 0.0444519 0.757303 91.8754
0.800431 0.00189985 0.599422 58.2481 0.0228773 0.99917 -0.0337158 -1.48589 -0.598988 0.0407003 0.799723 92.2699
0.838875 0.000180066 0.544324 58.4905 0.0192518 0.999364 -0.0300002 -1.49562 -0.543984 0.0356457 0.838338 92.6852
0.870595 -0.00276122 0.491992 58.6725 0.0176832 0.999514 -0.0256814 -1.50448 -0.491682 0.0310581 0.870221 93.1069
0.897453 -0.000622715 0.441109 58.8571 0.0117229 0.999679 -0.0224395 -1.51333 -0.440954 0.0253095 0.897173 93.5548
0.918451 0.00430602 0.395512 59.0096 0.00551654 0.999704 -0.0236944 -1.50194 -0.395497 0.023944 0.918155 94.006
0.935071 0.0106991 0.354299 59.1587 -0.00284747 0.999739 -0.0226751 -1.51032 -0.354449 0.020194 0.934857 94.4671
0.947228 0.0153291 0.320193 59.2669 -0.00777977 0.999661 -0.0248434 -1.52095 -0.320465 0.0210413 0.947027 94.9243
0.957499 0.0174842 0.287905 59.4029 -0.0103451 0.999601 -0.0262997 -1.52442 -0.28825 0.0222036 0.957298 95.4105
0.964146 0.0119225 0.265103 59.5359 -0.00494984 0.999624 -0.0269543 -1.54065 -0.265325 0.0246757 0.963843 95.886
0.968097 0.00904027 0.250411 59.6417 -0.00252726 0.99965 -0.0263187 -1.56652 -0.250561 0.0248462 0.967782 96.3526
0.971316 0.0132888 0.23742 59.751 -0.00715435 0.999618 -0.026681 -1.58445 -0.237684 0.0242171 0.971041 96.8603
0.973889 0.0182423 0.226289 59.8696 -0.0125202 0.999565 -0.0266966 -1.59602 -0.226678 0.0231663 0.973694 97.3734
0.975141 0.0256972 0.220091 59.9693 -0.020056 0.999412 -0.027828 -1.6147 -0.220676 0.0227221 0.975082 97.8845
0.97561 0.0308198 0.217335 60.0692 -0.0246248 0.999211 -0.0311558 -1.63465 -0.218124 0.0250441 0.9756 98.4034
0.975756 0.032029 0.216503 60.1857 -0.0253066 0.99911 -0.0337518 -1.66034 -0.217392 0.0274546 0.975698 98.9247
0.97556 0.0299056 0.217691 60.3316 -0.0222268 0.999044 -0.0376382 -1.68107 -0.218608 0.0318797 0.975292 99.4513
0.974664 0.0282434 0.221882 60.4584 -0.0188105 0.998832 -0.0445122 -1.69709 -0.22288 0.0392107 0.974057 100.012
0.97394 0.0285367 0.225005 60.6029 -0.0179713 0.998644 -0.0488657 -1.72524 -0.226094 0.0435487 0.973132 100.578
0.9728 0.0330627 0.229274 60.733 -0.022476 0.998564 -0.048634 -1.75305 -0.230553 0.042158 0.972146 101.145
0.971095 0.0359931 0.235963 60.8568 -0.0264105 0.998698 -0.0436471 -1.79262 -0.237227 0.0361536 0.970781 101.763
0.970599 0.032555 0.238489 61.0409 -0.0237978 0.998936 -0.0395081 -1.81859 -0.239522 0.032671 0.970341 102.357
0.969555 0.0277919 0.243292 61.1923 -0.0202116 0.999231 -0.0335986 -1.85204 -0.244039 0.0276584 0.969371 102.987
0.968723 0.0252853 0.246852 61.3566 -0.0185738 0.999393 -0.0294797 -1.87551 -0.247447 0.0239727 0.968605 103.619
0.968095 0.0208101 0.249717 61.5243 -0.0140294 0.999484 -0.0289033 -1.90119 -0.25019 0.0244777 0.967887 104.246
0.968516 0.0173469 0.248346 61.7096 -0.00972024 0.999444 -0.0319034 -1.93221 -0.248761 0.028485 0.968146 104.883
0.968833 0.0163336 0.247175 61.8844 -0.00707758 0.999242 -0.0382896 -1.96692 -0.247613 0.0353468 0.968214 105.526
0.969045 0.0190718 0.246147 62.0482 -0.00820199 0.998948 -0.0451098 -1.99315 -0.246748 0.0416945 0.968182 106.186
0.969759 0.0217606 0.243091 62.2279 -0.0100667 0.998736 -0.0492443 -2.01896 -0.243855 0.045308 0.968753 106.876
0.970241 0.0201475 0.241302 62.3876 -0.00965551 0.998959 -0.0445844 -2.0579 -0.241949 0.0409277 0.969425 107.567
0.970692 0.0154226 0.23983 62.5665 -0.0067606 0.999296 -0.0368982 -2.0962 -0.24023 0.0341954 0.970113 108.279
0.971557 0.0154828 0.236297 62.7482 -0.00845359 0.999492 -0.0307314 -2.13701 -0.236653 0.0278598 0.971195 109
0.971772 0.0185697 0.235189 62.9105 -0.0113888 0.999428 -0.031854 -2.16901 -0.235646 0.0282763 0.971428 109.733
0.972157 0.0244212 0.233056 63.0742 -0.0164699 0.999216 -0.0360029 -2.20367 -0.233753 0.031162 0.971797 110.465
0.973002 0.025473 0.229387 63.2447 -0.01638 0.999006 -0.0414582 -2.23168 -0.230215 0.0365815 0.972452 111.222
0.973897 0.0251351 0.225594 63.4137 -0.0153718 0.998872 -0.0449309 -2.25991 -0.226469 0.0402903 0.973185 111.979
0.974852 0.0221241 0.221752 63.5894 -0.0128368 0.998982 -0.043236 -2.30406 -0.222483 0.0393022 0.974144 112.751
0.97572 0.0178661 0.218294 63.7741 -0.00906963 0.999108 -0.0412323 -2.34706 -0.218836 0.0382513 0.975012 113.547
0.976327 0.0158023 0.215722 63.9627 -0.00775828 0.999244 -0.0380847 -2.38673 -0.216161 0.0355095 0.975712 114.352
0.976696 0.0119859 0.214294 64.1434 -0.00446499 0.999358 -0.0355459 -2.42643 -0.214583 0.0337607 0.976122 115.151
0.976915 0.00673584 0.213523 64.3284 0.000663604 0.999402 -0.0345634 -2.45772 -0.213628 0.0339072 0.976326 115.954
0.977074 0.00734272 0.212775 64.5081 -0.000361979 0.999461 -0.0328285 -2.49802 -0.212901 0.0319989 0.97655 116.758
0.976546 0.0140484 0.214848 64.6483 -0.00683183 0.999388 -0.0342948 -2.54171 -0.215198 0.0320227 0.976045 117.601
0.975949 0.0193933 0.217137 64.7915 -0.0112883 0.999195 -0.0385052 -2.56016 -0.217709 0.035128 0.975381 118.469
0.975439 0.0284517 0.218423 64.9579 -0.0203345 0.99902 -0.0393216 -2.61019 -0.219328 0.0339143 0.975062 119.306
0.974762 0.0347025 0.220533 65.1497 -0.0267885 0.998889 -0.0387763 -2.64945 -0.221634 0.0318899 0.974608 120.148
0.973817 0.0362085 0.22443 65.3208 -0.0286501 0.99891 -0.0368448 -2.69005 -0.22552 0.0294501 0.973793 121.017
0.973817 0.0362085 0.22443 65.5604 -0.0286501 0.99891 -0.0368448 -2.75187 -0.22552 0.0294501 0.973793 121.776
0.973693 0.0342741 0.22527 65.766 -0.026012 0.998879 -0.0395435 -2.78622 -0.226373 0.0326435 0.973494 122.653
0.973841 0.0275455 0.225555 65.9871 -0.0193001 0.999065 -0.0386806 -2.82311 -0.22641 0.0333155 0.973462 123.444
0.973573 0.0213594 0.227375 66.1724 -0.0127635 0.99915 -0.0392086 -2.87965 -0.228019 0.0352703 0.973018 124.293
0.973186 0.0212808 0.229032 66.3685 -0.0127385 0.999169 -0.0387113 -2.92908 -0.229666 0.0347557 0.972649 125.182
0.973002 0.0238503 0.22956 66.5787 -0.0157893 0.999195 -0.0368879 -2.96007 -0.230255 0.0322675 0.972595 126.023
0.972494 0.0259754 0.231475 66.7601 -0.0192923 0.99933 -0.031089 -3.00086 -0.232128 0.0257682 0.972344 126.852
0.971852 0.030552 0.233602 66.937 -0.0249627 0.999328 -0.0268465 -3.04203 -0.234265 0.0202595 0.971962 127.691
0.971744 0.0299218 0.234133 67.1473 -0.022718 0.999184 -0.0334056 -3.08152 -0.234941 0.0271427 0.971631 128.551
0.971817 0.026515 0.234242 67.3473 -0.0157489 0.998737 -0.0477133 -3.12474 -0.235211 0.0426795 0.971007 129.37
0.97205 0.0242008 0.233522 67.5571 -0.0111917 0.998319 -0.0568735 -3.16574 -0.234506 0.0526704 0.970687 130.189
0.972305 0.0216628 0.232709 67.7545 -0.0104919 0.998737 -0.0491349 -3.20173 -0.23348 0.0453326 0.971304 131.01
0.972858 0.0154651 0.230884 67.9662 -0.00927273 0.999568 -0.0278815 -3.25254 -0.231216 0.0249838 0.972582 131.869
0.973026 0.0134601 0.230304 68.1624 -0.0105582 0.999849 -0.0138281 -3.28937 -0.230456 0.0110235 0.97302 132.707
0.973206 0.0181639 0.229216 68.3529 -0.0142349 0.999722 -0.0187831 -3.32669 -0.229494 0.0150169 0.973194 133.526
0.973329 0.0277113 0.227736 68.5261 -0.0202473 0.999181 -0.0350461 -3.35353 -0.22852 0.0295003 0.973092 134.34
0.973038 0.0273978 0.229012 68.6855 -0.0179882 0.99891 -0.0430754 -3.38386 -0.229942 0.0377945 0.97247 135.152
0.973729 0.0238385 0.226459 68.8806 -0.0144716 0.998973 -0.0429334 -3.44023 -0.227249 0.0385283 0.973074 135.944
0.974571 0.0233872 0.222855 69.0695 -0.0145181 0.999039 -0.0413535 -3.48968 -0.223608 0.0370665 0.973974 136.767
0.975026 0.0238345 0.220809 69.2304 -0.0146338 0.998959 -0.0432112 -3.52557 -0.221609 0.0389007 0.974359 137.59
0.97637 0.0251044 0.214641 69.4124 -0.0158666 0.998877 -0.0446538 -3.57154 -0.215521 0.040193 0.975672 138.365
0.976709 0.0302535 0.212423 69.5663 -0.0209362 0.998723 -0.0459755 -3.60575 -0.213543 0.0404573 0.976096 139.158
0.976914 0.0348762 0.210766 69.7235 -0.0257252 0.99861 -0.0460058 -3.65005 -0.212077 0.0395217 0.976453 139.971
0.977497 0.0365608 0.207756 69.8955 -0.0281327 0.998663 -0.0433791 -3.70715 -0.209064 0.0365582 0.977218 140.755
0.978012 0.0342619 0.205713 70.0688 -0.0268123 0.998884 -0.0388937 -3.75062 -0.206816 0.0325229 0.977839 141.563
0.978815 0.032265 0.202189 70.249 -0.0248009 0.998918 -0.0393425 -3.79205 -0.203239 0.0334945 0.978556 142.371
0.979277 0.0305716 0.200205 70.4053 -0.0224073 0.998827 -0.0429203 -3.83221 -0.201282 0.0375448 0.978814 143.17
0.980443 0.0257046 0.19512 70.5673 -0.0169051 0.998769 -0.04663 -3.87775 -0.196078 0.0424196 0.97967 143.957
0.981865 0.0230712 0.188175 70.7232 -0.0142947 0.998752 -0.0478649 -3.91693 -0.189044 0.044307 0.980969 144.74
0.983195 0.0214916 0.18129 70.87 -0.0140401 0.999007 -0.0422861 -3.96346 -0.182019 0.0390301 0.98252 145.527
0.984386 0.0186655 0.175029 71.0119 -0.012924 0.999342 -0.033886 -4.00555 -0.175546 0.0310949 0.98398 146.34
0.985101 0.0152995 0.171293 71.1476 -0.0112493 0.999634 -0.0245905 -4.04015 -0.171606 0.0222972 0.984913 147.153
0.985654 0.0220405 0.167334 71.2685 -0.0186161 0.999585 -0.022006 -4.07623 -0.16775 0.0185752 0.985655 147.984
0.986187 0.0250739 0.163726 71.3737 -0.0210922 0.999439 -0.0260125 -4.12452 -0.164286 0.0221998 0.986163 148.828
0.987359 0.0250972 0.156503 71.4925 -0.0198681 0.999194 -0.0348874 -4.18035 -0.157253 0.0313369 0.987061 149.603
0.988246 0.0220871 0.151269 71.5956 -0.0160807 0.999037 -0.0408156 -4.20719 -0.152025 0.0379033 0.98765 150.424
0.989321 0.0211123 0.144216 71.7141 -0.0156235 0.999114 -0.0390866 -4.25326 -0.144914 0.036416 0.988774 151.232
0.990219 0.0270814 0.136865 71.8078 -0.0222893 0.999088 -0.0364258 -4.29203 -0.137727 0.0330189 0.98992 152.05
0.991154 0.0326098 0.128648 71.9021 -0.0279336 0.998888 -0.0379873 -4.32945 -0.129744 0.0340577 0.990962 152.887
0.992302 0.0348405 0.11884 71.9849 -0.0298717 0.998614 -0.0433386 -4.37535 -0.120186 0.0394551 0.991967 153.698
0.99341 0.0336319 0.109573 72.0871 -0.0287475 0.998534 -0.0458555 -4.41532 -0.110954 0.0424033 0.99292 154.542
0.994271 0.0337107 0.101438 72.1639 -0.0295157 0.998657 -0.0425758 -4.46019 -0.102737 0.0393379 0.99393 155.365
0.994877 0.0363955 0.0943123 72.221 -0.0331219 0.998801 -0.0360465 -4.49883 -0.0955112 0.032738 0.99489 156.195
0.995565 0.0399989 0.0851498 72.2901 -0.0375032 0.998825 -0.0307099 -4.53192 -0.0862781 0.0273803 0.995895 157.03
0.996161 0.0401713 0.077773 72.347 -0.0380905 0.99888 -0.0280565 -4.55866 -0.078813 0.0249864 0.996576 157.862
0.996643 0.0406983 0.0710322 72.4093 -0.0389124 0.998895 -0.0263489 -4.58852 -0.0720261 0.0234964 0.997126 158.698
0.996969 0.0396937 0.0669158 72.4593 -0.0378226 0.998864 -0.0290006 -4.61794 -0.0679908 0.0263818 0.997337 159.515
0.997134 0.0441791 0.0614194 72.5071 -0.0421223 0.99852 -0.0343892 -4.65146 -0.0628479 0.0317035 0.997519 160.344
0.997063 0.050351 0.0576993 72.5413 -0.0480311 0.998008 -0.0409125 -4.69183 -0.0596443 0.038021 0.997495 161.171
0.997217 0.0516753 0.0537309 72.5861 -0.0493831 0.997847 -0.0431477 -4.7267 -0.0558449 0.0403743 0.997623 162.001
0.997277 0.0536071 0.0506413 72.6223 -0.0517477 0.997962 -0.0373426 -4.76266 -0.0525399 0.0346203 0.998019 162.83
0.997263 0.0559572 0.0483264 72.6547 -0.0546734 0.998126 -0.0274918 -4.79365 -0.0497742 0.0247744 0.998453 163.669
0.99732 0.0574067 0.045358 72.6844 -0.0565232 0.99819 -0.0205264 -4.82694 -0.0464543 0.0179076 0.99876 164.497
0.997699 0.0540159 0.0409725 72.7088 -0.0530557 0.998299 -0.0241712 -4.85656 -0.0422084 0.0219417 0.998868 165.323
0.998542 0.0409474 0.0351619 72.7535 -0.039749 0.998627 -0.0341285 -4.8898 -0.0365111 0.0326811 0.998799 166.117
0.998889 0.0379618 0.0279309 72.7772 -0.0368736 0.998578 -0.0384956 -4.91746 -0.0293525 0.0374229 0.998868 166.939
0.99892 0.0411026 0.0216531 72.7836 -0.0402718 0.998485 -0.0375008 -4.94864 -0.0231617 0.0365883 0.999062 167.757
0.999106 0.0398984 0.0140064 72.7798 -0.0394449 0.998732 -0.0312848 -4.98789 -0.0152368 0.0307044 0.999412 168.603
0.999401 0.033822 0.00731047 72.7909 -0.0336099 0.999059 -0.0274074 -5.02335 -0.00823056 0.0271453 0.999598 169.405
0.999669 0.0256246 0.00228215 72.8004 -0.0255658 0.999411 -0.0228901 -5.05937 -0.00286735 0.0228242 0.999735 170.217
0.999779 0.0202945 -0.00544997 72.8028 -0.0204202 0.999501 -0.0240944 -5.07651 0.00495827 0.0242003 0.999695 171.103
0.999787 0.0178362 -0.0103544 72.7721 -0.0181487 0.999357 -0.0309104 -5.11872 0.00979646 0.0310918 0.999469 171.949
0.999823 0.00853094 -0.0167824 72.7576 -0.00920019 0.999149 -0.0402137 -5.16122 0.0164251 0.0403609 0.99905 172.767
0.999711 -0.00318253 -0.0238254 72.7722 0.00216622 0.999091 -0.0425616 -5.20874 0.0239392 0.0424976 0.99881 173.565
0.999512 -1.84025e-05 -0.0312236 72.735 -0.00105575 0.999408 -0.034385 -5.25149 0.0312058 0.0344012 0.998921 174.449
0.999264 0.00886095 -0.0373274 72.6822 -0.00962401 0.999747 -0.0203127 -5.28492 0.0371379 0.020657 0.999097 175.327
0.999014 0.015219 -0.0417103 72.6324 -0.0157664 0.999793 -0.0128265 -5.32104 0.0415064 0.0134715 0.999047 176.17
0.998896 0.0137305 -0.0449166 72.586 -0.0144613 0.999768 -0.0159858 -5.34642 0.0446867 0.0166177 0.998863 177.005
0.998805 0.0138398 -0.046863 72.5349 -0.0151066 0.999527 -0.0267862 -5.36834 0.0464701 0.0274622 0.998542 177.848
0.998435 0.0232591 -0.0508647 72.4779 -0.0250851 0.999053 -0.0355595 -5.39409 0.0499894 0.0367798 0.998072 178.694
0.998327 0.021901 -0.0535114 72.4249 -0.0240057 0.99895 -0.0390107 -5.42956 0.0526009 0.04023 0.997805 179.55
0.998305 0.0175643 -0.055486 72.3883 -0.0195236 0.999198 -0.0349691 -5.46604 0.0548272 0.0359931 0.997847 180.391
0.998262 0.0169237 -0.0564439 72.355 -0.0184186 0.99949 -0.0260703 -5.50094 0.0559739 0.0270646 0.998065 181.256
0.998276 0.0184071 -0.0557361 72.2946 -0.019568 0.999601 -0.0203554 -5.53672 0.0553392 0.0214109 0.998238 182.116
0.998276 0.0184071 -0.0557361 72.2124 -0.019568 0.999601 -0.0203554 -5.58445 0.0553392 0.0214109 0.998238 182.978
0.998112 0.0154411 -0.0594412 72.1821 -0.0172183 0.999416 -0.0295046 -5.61893 0.0589509 0.0304724 0.997796 183.838
0.998048 0.00549318 -0.0622076 72.144 -0.00798918 0.99917 -0.0399463 -5.66832 0.0619365 0.0403653 0.997264 184.69
0.997831 -0.00515209 -0.0656303 72.119 0.00233708 0.999077 -0.0428966 -5.71571 0.0657907 0.0426502 0.996922 185.55
0.997513 -0.0040935 -0.0703614 72.0724 0.00145558 0.999296 -0.0375015 -5.75876 0.0704653 0.0373059 0.996816 186.468
0.997375 0.00226598 -0.0723766 72.0174 -0.00423984 0.999623 -0.02713 -5.79732 0.0722879 0.0273656 0.997008 187.314
0.997255 0.00296599 -0.0739828 71.9533 -0.00478558 0.99969 -0.0244296 -5.82948 0.0738874 0.0247166 0.99696 188.164
0.997283 0.00106704 -0.0736555 71.8803 -0.00312962 0.999606 -0.0278933 -5.86464 0.0735967 0.028048 0.996894 189.005
0.997308 0.000851383 -0.0733185 71.8116 -0.0033212 0.999431 -0.0335708 -5.90203 0.0732482 0.033724 0.996743 189.845
0.997201 0.0065608 -0.074482 71.7378 -0.00916557 0.999356 -0.034684 -5.9318 0.0742065 0.0352696 0.996619 190.692
0.997081 0.00840775 -0.0758913 71.6745 -0.0108612 0.99943 -0.0319738 -5.96758 0.0755792 0.0327047 0.996603 191.526
0.996893 0.0129297 -0.0776967 71.6067 -0.0151318 0.999498 -0.0278207 -6.01173 0.0772981 0.0289099 0.996589 192.364
0.996782 0.0158658 -0.0785682 71.5389 -0.0179311 0.99951 -0.0256518 -6.04313 0.0781227 0.0269781 0.996579 193.198
0.996582 0.019519 -0.0802717 71.4703 -0.0216276 0.999441 -0.0254827 -6.07782 0.0797294 0.0271317 0.996447 194.021
0.996547 0.017829 -0.081099 71.4034 -0.0202239 0.99938 -0.0288061 -6.11821 0.0805351 0.0303468 0.99629 194.833
0.99639 0.0203029 -0.0824263 71.33 -0.0231507 0.999162 -0.0337422 -6.1512 0.0816722 0.0355286 0.996026 195.641
