1 0 0 0 0 1 0 0 0 0 1 0
0.999061 -0.00103906 0.043307 0.0402585 0.00115014 0.999996 -0.00254022 -0.0189651 -0.0433042 0.00258765 0.999059 0.978411
0.996169 -0.00683456 0.0871862 0.146495 0.00757525 0.999938 -0.00816748 -0.0291799 -0.087125 0.00879664 0.996159 1.99908
0.990992 -0.00667483 0.133758 0.261288 0.0083469 0.999894 -0.0119439 -0.0507137 -0.133664 0.0129528 0.990942 3.02674
0.983922 -0.00656116 0.178476 0.455417 0.00928581 0.999853 -0.0144351 -0.0725468 -0.178355 0.0158603 0.983838 4.02269
0.974633 -0.0100185 0.223584 0.687293 0.0137008 0.999795 -0.0149245 -0.0940428 -0.223388 0.0176092 0.97457 5.01161
0.963647 -0.0107937 0.266959 0.979321 0.0157172 0.999743 -0.016313 -0.125013 -0.266714 0.0199159 0.96357 5.9734
0.950403 -0.014195 0.310697 1.298 0.0212051 0.999591 -0.0191965 -0.147637 -0.310297 0.0248327 0.950315 6.95461
0.93536 -0.0154369 0.353361 1.64947 0.0240676 0.999509 -0.0200432 -0.183462 -0.352878 0.0272521 0.935272 7.91877
0.918198 -0.0148789 0.395843 2.03871 0.025323 0.999455 -0.0211718 -0.211772 -0.395312 0.0294639 0.918074 8.83644
0.898592 -0.0158855 0.438497 2.4736 0.0271785 0.999441 -0.0194888 -0.244641 -0.437942 0.0294302 0.898521 9.75372
0.877011 -0.0160954 0.480201 2.97337 0.0281754 0.999442 -0.0179586 -0.27786 -0.479644 0.0292797 0.876975 10.6729
0.853532 -0.0157083 0.520804 3.47407 0.0286314 0.999449 -0.0167783 -0.313212 -0.520254 0.0292321 0.853511 11.4773
0.828872 -0.0164174 0.559197 4.04726 0.0307412 0.999396 -0.0162252 -0.347194 -0.558592 0.030639 0.828876 12.3137
0.80197 -0.0186571 0.597073 4.65518 0.0347956 0.999274 -0.0155114 -0.373936 -0.59635 0.0332152 0.802037 13.1331
0.773851 -0.0177529 0.633118 5.29468 0.0357558 0.999237 -0.0156848 -0.402518 -0.632357 0.0347754 0.773896 13.8998
0.743619 -0.0205885 0.668287 5.95851 0.0405864 0.999073 -0.0143822 -0.424418 -0.667371 0.0378183 0.743765 14.6283
0.711256 -0.0191101 0.702673 6.63232 0.0407562 0.99907 -0.014083 -0.445145 -0.701751 0.0386549 0.711373 15.3364
0.677251 -0.0186159 0.735517 7.34764 0.0425276 0.998999 -0.0138741 -0.480594 -0.734522 0.040676 0.677365 15.9932
0.641409 -0.0196621 0.766947 8.08593 0.0475095 0.998771 -0.0141275 -0.502768 -0.765727 0.0454987 0.641555 16.623
0.605366 -0.0184649 0.795733 8.86494 0.0481552 0.998749 -0.0134588 -0.530169 -0.79449 0.0464662 0.605498 17.2148
0.567416 -0.0169503 0.823257 9.66993 0.0517265 0.998547 -0.0150922 -0.544756 -0.821805 0.0511478 0.567469 17.7817
0.529064 -0.016071 0.848429 10.5021 0.0572551 0.998218 -0.0167948 -0.573186 -0.846648 0.0574624 0.529042 18.289
0.489943 -0.0140791 0.871641 11.3451 0.0593519 0.998088 -0.0172397 -0.57988 -0.869732 0.06018 0.489842 18.7726
0.4517 -0.0156126 0.892033 12.2209 0.0651258 0.997756 -0.0155149 -0.599561 -0.88979 0.0651025 0.451703 19.2089
0.414206 -0.0155541 0.91005 13.0986 0.0692004 0.997498 -0.0144476 -0.617166 -0.907549 0.0689602 0.414246 19.6151
0.377989 -0.013432 0.925713 14.0001 0.0718423 0.997305 -0.014864 -0.635431 -0.923019 0.0721238 0.377935 19.9962
0.343036 -0.0145102 0.93921 14.9264 0.0722311 0.997328 -0.0109736 -0.660523 -0.936541 0.0716045 0.343167 20.3534
0.30806 -0.0159298 0.951234 15.8893 0.0748471 0.997167 -0.00754042 -0.678367 -0.948418 0.07352 0.30838 20.6839
0.276075 -0.0161768 0.961 16.8795 0.0755035 0.997133 -0.00490557 -0.695422 -0.958166 0.0739132 0.276505 20.9605
0.241799 -0.0122166 0.97025 17.8411 0.0720658 0.997385 -0.00540143 -0.6977 -0.967647 0.0712279 0.242047 21.2421
0.212027 -0.0105374 0.977207 18.8177 0.0728378 0.997331 -0.00504941 -0.709021 -0.974546 0.0722482 0.212229 21.4379
0.1826 -0.010206 0.983134 19.8681 0.0755871 0.997132 -0.00368769 -0.71714 -0.980277 0.0749856 0.182848 21.6182
0.152834 -0.0098116 0.988203 20.9295 0.0781356 0.99694 -0.00218595 -0.709964 -0.985158 0.0775479 0.153133 21.7708
0.122656 -0.0103417 0.992395 21.9681 0.0763268 0.997082 0.000956841 -0.721664 -0.98951 0.075629 0.123087 21.9048
0.0931878 -0.00955007 0.995603 23.019 0.0766979 0.997052 0.00238509 -0.713787 -0.99269 0.0761383 0.0936455 22.0145
0.0665704 -0.00877957 0.997743 24.1135 0.0796158 0.99682 0.00345941 -0.706351 -0.9946 0.0792058 0.0670576 22.0819
0.0420431 -0.00792912 0.999084 25.191 0.0838286 0.996471 0.00438073 -0.700436 -0.995593 0.0835676 0.0425594 22.1191
0.0205328 -0.00712409 0.999764 26.2841 0.0878939 0.996116 0.00529296 -0.697344 -0.995918 0.0877645 0.0210793 22.1268
0.00203966 -0.00663008 0.999976 27.3874 0.0945148 0.995503 0.00640764 -0.690216 -0.995521 0.0944995 0.00265713 22.0884
-0.0151406 -0.00720361 0.999859 28.5324 0.0991813 0.995032 0.0086707 -0.687736 -0.994954 0.0992986 -0.0143509 22.0583
-0.0289224 -0.00624366 0.999562 29.6461 0.103471 0.99459 0.00920655 -0.676811 -0.994212 0.103692 -0.0281199 21.9911
-0.0425376 -0.00739027 0.999068 30.8088 0.105866 0.99431 0.0118626 -0.678596 -0.99347 0.106272 -0.0415131 21.928
-0.0551387 -0.00840896 0.998443 31.9667 0.105186 0.994351 0.0141833 -0.66411 -0.992923 0.105804 -0.0539427 21.8536
-0.0666282 -0.00836765 0.997743 33.1485 0.104523 0.994404 0.0153196 -0.656269 -0.992288 0.105308 -0.0653807 21.7648
-0.0781179 -0.00564898 0.996928 34.3845 0.104443 0.994435 0.0138188 -0.644922 -0.991458 0.105202 -0.0770932 21.6716
-0.0905243 -0.00352484 0.995888 35.7614 0.103666 0.994528 0.0129431 -0.640261 -0.990484 0.104412 -0.0896636 21.5304
-0.0992371 -0.00124012 0.995063 36.9408 0.104108 0.994498 0.011622 -0.633727 -0.989603 0.104747 -0.098562 21.4208
-0.106416 -0.000434047 0.994322 38.1956 0.103279 0.994586 0.0114875 -0.620427 -0.988943 0.103915 -0.105795 21.2907
-0.110618 0.000138183 0.993863 39.435 0.103222 0.994594 0.0113504 -0.611743 -0.988488 0.103844 -0.110035 21.1291
-0.1155 0.00165631 0.993306 40.7401 0.103529 0.994572 0.0103798 -0.594036 -0.987898 0.104035 -0.115045 20.9718
-0.119623 0.00304285 0.992815 42.032 0.102157 0.994725 0.00926003 -0.589905 -0.98755 0.10253 -0.119303 20.8208
-0.122861 0.00352194 0.992418 43.3639 0.102033 0.994739 0.00910157 -0.575348 -0.987165 0.102378 -0.122574 20.6496
-0.123702 0.00222145 0.992317 44.6609 0.100839 0.994849 0.0103435 -0.561503 -0.987182 0.101344 -0.123289 20.4893
-0.127328 0.000666435 0.99186 46.0338 0.10146 0.994763 0.0123564 -0.548774 -0.986658 0.102208 -0.126729 20.349
-0.129767 -0.00196833 0.991543 47.4458 0.100466 0.994826 0.0151232 -0.544044 -0.986442 0.101579 -0.128898 20.1669
-0.129767 -0.00196833 0.991543 48.858 0.100466 0.994826 0.0151232 -0.512901 -0.986442 0.101579 -0.128898 19.9395
-0.133184 -0.00345526 0.991085 50.2445 0.10016 0.994827 0.016928 -0.523545 -0.986017 0.101522 -0.132149 19.841
-0.133184 -0.00345526 0.991085 51.6559 0.10016 0.994827 0.016928 -0.510424 -0.986017 0.101522 -0.132149 19.6711
-0.133184 -0.00345526 0.991085 53.0905 0.10016 0.994827 0.016928 -0.497235 -0.986017 0.101522 -0.132149 19.513
-0.133184 -0.00345526 0.991085 54.6046 0.10016 0.994827 0.016928 -0.501342 -0.986017 0.101522 -0.132149 19.3216
-0.133184 -0.00345526 0.991085 56.082 0.10016 0.994827 0.016928 -0.480551 -0.986017 0.101522 -0.132149 19.1829
-0.132082 -0.00487023 0.991227 57.6272 0.098404 0.994984 0.0180011 -0.457745 -0.986342 0.0999183 -0.13094 18.9938
-0.132082 -0.00487023 0.991227 59.0975 0.098404 0.994984 0.0180011 -0.450601 -0.986342 0.0999183 -0.13094 18.8927
-0.133002 -0.0051728 0.991102 60.7112 0.0972099 0.995097 0.0182388 -0.435673 -0.986337 0.0987708 -0.131847 18.72
-0.133002 -0.0051728 0.991102 62.2953 0.0972099 0.995097 0.0182388 -0.417445 -0.986337 0.0987708 -0.131847 18.5498
-0.133002 -0.0051728 0.991102 63.8939 0.0972099 0.995097 0.0182388 -0.397532 -0.986337 0.0987708 -0.131847 18.401
-0.130874 -0.00652719 0.991377 65.4564 0.0993973 0.994853 0.0196718 -0.37286 -0.986404 0.101115 -0.129552 18.2201
-0.129405 -0.00829668 0.991557 67.1165 0.100434 0.994713 0.0214304 -0.338244 -0.986492 0.102359 -0.127888 17.9963
-0.128576 -0.00729223 0.991673 68.7649 0.101715 0.994602 0.0205017 -0.316627 -0.98647 0.103504 -0.127141 17.8066
-0.128576 -0.00729223 0.991673 70.3696 0.101715 0.994602 0.0205017 -0.312122 -0.98647 0.103504 -0.127141 17.6815
-0.128906 -0.0080589 0.991624 72.1409 0.09965 0.9948 0.0210386 -0.272875 -0.986637 0.101527 -0.127432 17.4423
-0.128906 -0.0080589 0.991624 73.7425 0.09965 0.9948 0.0210386 -0.259339 -0.986637 0.101527 -0.127432 17.3404
-0.128906 -0.0080589 0.991624 75.3708 0.09965 0.9948 0.0210386 -0.229127 -0.986637 0.101527 -0.127432 17.23
-0.128906 -0.0080589 0.991624 77.1563 0.09965 0.9948 0.0210386 -0.190583 -0.986637 0.101527 -0.127432 17.0102
-0.128906 -0.0080589 0.991624 78.9665 0.09965 0.9948 0.0210386 -0.145286 -0.986637 0.101527 -0.127432 16.7857
-0.128906 -0.0080589 0.991624 80.7706 0.09965 0.9948 0.0210386 -0.131971 -0.986637 0.101527 -0.127432 16.5571
-0.131832 -0.00735833 0.991245 82.7293 0.0984092 0.994935 0.0204738 -0.0950202 -0.986375 0.100247 -0.130441 16.3049
-0.131832 -0.00735833 0.991245 84.3904 0.0984092 0.994935 0.0204738 -0.0960561 -0.986375 0.100247 -0.130441 16.1514
-0.131832 -0.00735833 0.991245 86.1687 0.0984092 0.994935 0.0204738 -0.0835832 -0.986375 0.100247 -0.130441 15.9422
-0.131832 -0.00735833 0.991245 88.048 0.0984092 0.994935 0.0204738 -0.0488866 -0.986375 0.100247 -0.130441 15.6642
-0.131832 -0.00735833 0.991245 89.809 0.0984092 0.994935 0.0204738 -0.0198618 -0.986375 0.100247 -0.130441 15.476
-0.133082 -0.00800807 0.991073 91.5848 0.0959247 0.995169 0.0209221 0.00700469 -0.986452 0.0978527 -0.131671 15.3534
-0.133082 -0.00800807 0.991073 93.5452 0.0959247 0.995169 0.0209221 0.0320882 -0.986452 0.0978527 -0.131671 15.0091
-0.142663 -0.00416085 0.989763 95.2587 0.0960834 0.99521 0.0180331 0.062847 -0.985097 0.0976724 -0.14158 15.1685
-0.146291 -0.00328541 0.989236 97.2354 0.095738 0.995253 0.0174634 0.103073 -0.984598 0.0972622 -0.145282 14.8607
-0.151638 -0.00324702 0.988431 99.2841 0.0937245 0.995442 0.0176486 0.151817 -0.983983 0.0953164 -0.150642 14.5339
-0.169002 -0.00798683 0.985583 101.133 0.0913934 0.995532 0.0237391 0.0444199 -0.981369 0.0940877 -0.167517 14.7447
-0.173314 -0.00695663 0.984842 103.113 0.0894486 0.995731 0.0227748 0.0891762 -0.980796 0.09204 -0.171952 14.3989
-0.177147 -0.00652843 0.984163 105.07 0.0884477 0.995826 0.0225262 0.117092 -0.980202 0.0910374 -0.17583 14.0461
-0.182119 -0.00471341 0.983265 106.983 0.0877628 0.995919 0.0210293 0.147402 -0.979352 0.0901239 -0.180962 13.7331
-0.188478 -0.0036793 0.982071 109.024 0.086234 0.996068 0.0202817 0.189166 -0.978284 0.0885106 -0.18742 13.3698
-0.198456 -0.00435439 0.9801 110.932 0.0840632 0.99623 0.0214477 0.189344 -0.976498 0.0866468 -0.197342 13.2342
-0.205691 -0.00455442 0.978606 112.994 0.0816558 0.996422 0.0218004 0.233813 -0.975204 0.084393 -0.204583 12.8388
-0.213276 -0.00582486 0.976975 114.991 0.0800767 0.996513 0.0234223 0.250875 -0.973705 0.0832284 -0.212066 12.4725
-0.219419 -0.006873 0.975606 116.948 0.0793822 0.996534 0.0248739 0.274711 -0.972396 0.0829036 -0.218113 12.0849
-0.222466 -0.00653811 0.974919 118.893 0.078848 0.996581 0.0246757 0.296957 -0.971747 0.0823599 -0.22119 11.6291
-0.224755 -0.00816696 0.974381 120.872 0.0773911 0.996656 0.026205 0.308391 -0.971337 0.0812981 -0.223371 11.1395
-0.230385 -0.0083314 0.973064 122.875 0.0779145 0.996595 0.0269801 0.343318 -0.969975 0.0820316 -0.228951 10.6857
-0.236085 -0.00817497 0.971698 124.867 0.0760593 0.996741 0.0268651 0.386475 -0.968751 0.0802492 -0.234694 10.2355
-0.239463 -0.00719407 0.970879 126.797 0.0751669 0.996834 0.025926 0.42272 -0.967991 0.0791862 -0.238164 9.74137
-0.239463 -0.00719407 0.970879 129.101 0.0751669 0.996834 0.025926 0.445774 -0.967991 0.0791862 -0.238164 8.84327
-0.241702 -0.00767891 0.97032 131.153 0.0755801 0.996782 0.026715 0.517349 -0.967403 0.0797939 -0.240344 8.24158
-0.254874 -0.0139875 0.966873 133.17 0.0776761 0.996368 0.0348902 0.362014 -0.963849 0.0839956 -0.252862 8.10852
-0.254874 -0.0139875 0.966873 135.15 0.0776761 0.996368 0.0348902 0.420314 -0.963849 0.0839956 -0.252862 7.52678
-0.259552 -0.0131333 0.96564 137.253 0.0779113 0.996363 0.0344927 0.470142 -0.962581 0.084187 -0.257584 7.02161
-0.26403 -0.0146833 0.964403 139.368 0.0761199 0.996448 0.036011 0.513279 -0.961506 0.0829182 -0.261975 6.48263
-0.26912 -0.0157786 0.962977 141.482 0.0736406 0.996602 0.0369096 0.56071 -0.960287 0.0808473 -0.267043 5.93478
-0.27714 -0.0147284 0.960717 143.514 0.0717902 0.99677 0.0359907 0.60449 -0.958144 0.0789445 -0.275188 5.50834
-0.279964 -0.0161937 0.959874 145.56 0.0697674 0.996871 0.0371667 0.654516 -0.957472 0.0773733 -0.277958 4.917
-0.282497 -0.0153267 0.959146 147.617 0.0704003 0.996845 0.0366641 0.723624 -0.956681 0.0778816 -0.280527 4.30104
-0.351759 -0.0647425 0.933849 148.831 0.0358924 0.995939 0.082567 0.232172 -0.935402 0.0625618 -0.348007 4.68667
-0.354784 -0.0644177 0.932726 150.791 0.0328024 0.996152 0.0812753 0.38995 -0.934373 0.0594309 -0.351306 3.93256
-0.337168 -0.0839181 0.937697 151.092 0.0171925 0.995304 0.0952555 0.320025 -0.941288 0.0482384 -0.334142 3.61581
-0.339538 -0.08455 0.936785 153.139 0.0175972 0.995206 0.0962011 0.507155 -0.940428 0.0491487 -0.336423 2.86912
-0.343007 -0.0831739 0.935643 155.208 0.0184018 0.995286 0.095222 0.708858 -0.939153 0.0498793 -0.33986 2.12547
-0.345539 -0.0799781 0.93499 157.268 0.0198883 0.995514 0.0925052 0.918406 -0.938194 0.0505595 -0.342398 1.37266
-0.347459 -0.0782471 0.934425 159.366 0.019908 0.995672 0.0907785 1.11732 -0.937484 0.0501443 -0.344397 0.593286
-0.347459 -0.0782471 0.934425 161.355 0.019908 0.995672 0.0907785 1.2792 -0.937484 0.0501443 -0.344397 -0.187546
-0.349722 -0.077206 0.933667 163.422 0.0196165 0.995777 0.0896897 1.46309 -0.936648 0.0496817 -0.34673 -0.970128
-0.349722 -0.077206 0.933667 165.425 0.0196165 0.995777 0.0896897 1.64478 -0.936648 0.0496817 -0.34673 -1.73621
-0.371825 -0.0769444 0.925108 166.045 0.0210669 0.995603 0.091275 1.6892 -0.928064 0.0534275 -0.368569 -1.66231
-0.362086 -0.0772284 0.92894 166.896 0.0211409 0.995625 0.0910128 1.77137 -0.931905 0.0525931 -0.358869 -2.13059
-0.364692 -0.0762993 0.927997 169.022 0.0232289 0.995581 0.0909847 1.9772 -0.930838 0.0547377 -0.361308 -2.95931
-0.351919 -0.0760808 0.932933 169.465 0.0260615 0.995508 0.0910146 2.02576 -0.935668 0.0563434 -0.348356 -3.23087
-0.378543 -0.0776042 0.922325 170.091 0.0248366 0.995268 0.0939352 2.06541 -0.92525 0.0584659 -0.374825 -3.13113
-0.375423 -0.0775198 0.923606 171.92 0.0243976 0.995324 0.0934562 2.23194 -0.926532 0.0576194 -0.371776 -3.90567
-0.377805 -0.0764354 0.922725 174.16 0.0228834 0.995511 0.0918344 2.43965 -0.925602 0.0558106 -0.37436 -4.81812
-0.376047 -0.0728156 0.923735 176.1 0.0238889 0.995814 0.0882225 2.63297 -0.926293 0.0552428 -0.372733 -5.61922
-0.37724 -0.0718193 0.923326 178.266 0.0229545 0.995957 0.0868473 2.82345 -0.925831 0.0539568 -0.374067 -6.50692
-0.373743 -0.0724814 0.924696 180.689 0.0204299 0.996057 0.0863323 3.0567 -0.927307 0.0511575 -0.370789 -8.04409
-0.373743 -0.0724814 0.924696 183.156 0.0204299 0.996057 0.0863323 3.27449 -0.927307 0.0511575 -0.370789 -9.51759
-0.389198 -0.0769947 0.917931 185.298 0.0170902 0.995726 0.0907662 3.34749 -0.920995 0.0510137 -0.386219 -9.52503
-0.389198 -0.0769947 0.917931 187.205 0.0170902 0.995726 0.0907662 3.5321 -0.920995 0.0510137 -0.386219 -10.1907
-0.389198 -0.0769947 0.917931 189.301 0.0170902 0.995726 0.0907662 3.72555 -0.920995 0.0510137 -0.386219 -11.1112
-0.389198 -0.0769947 0.917931 191.394 0.0170902 0.995726 0.0907662 3.88853 -0.920995 0.0510137 -0.386219 -11.9826
-0.391927 -0.0776144 0.916716 193.645 0.0148262 0.995773 0.0906464 4.09266 -0.919877 0.0491182 -0.38912 -12.9256
-0.39403 -0.0777307 0.915805 195.827 0.0137426 0.995808 0.090434 4.28746 -0.918995 0.0482193 -0.39131 -13.8434
-0.395475 -0.0769107 0.915251 198.069 0.0142627 0.995853 0.0898467 4.49104 -0.918366 0.048586 -0.392738 -14.8265
-0.397781 -0.0779743 0.914161 200.289 0.0130694 0.995799 0.0906246 4.69427 -0.917388 0.0479962 -0.395091 -15.7464
-0.399851 -0.0785791 0.913206 202.518 0.0136426 0.995698 0.0916508 4.8934 -0.916479 0.0491051 -0.397058 -16.7193
-0.401317 -0.0777215 0.912636 204.771 0.0148476 0.99571 0.0913252 5.1003 -0.915819 0.0502008 -0.398441 -17.7165
-0.405267 -0.0755634 0.91107 207.102 0.0144804 0.995923 0.0890422 5.33853 -0.914084 0.0492786 -0.40252 -18.7189
-0.405267 -0.0755634 0.91107 209.219 0.0144804 0.995923 0.0890422 5.50556 -0.914084 0.0492786 -0.40252 -19.6825
-0.405267 -0.0755634 0.91107 211.378 0.0144804 0.995923 0.0890422 5.65912 -0.914084 0.0492786 -0.40252 -20.6811
-0.407918 -0.0754571 0.909895 213.655 0.0126232 0.996018 0.0882583 5.86179 -0.912931 0.047488 -0.405341 -21.6731
-0.419382 -0.075803 0.904639 215.987 0.00933556 0.996095 0.0877943 6.04275 -0.907762 0.0452647 -0.417037 -22.2182
-0.422751 -0.0746983 0.903162 218.246 0.00960648 0.996172 0.0868875 6.2424 -0.906195 0.045408 -0.420415 -23.2375
-0.42375 -0.0748365 0.902682 220.429 0.0114409 0.996059 0.0879487 6.43544 -0.905707 0.0475957 -0.421224 -24.2835
-0.43326 -0.0789033 0.897808 221.192 0.0307159 0.994289 0.102205 6.21085 -0.900745 0.0718584 -0.428362 -24.8048
-0.435928 -0.0795766 0.896457 223.346 0.0289745 0.994326 0.102354 6.42976 -0.899515 0.0705933 -0.431149 -25.8277
-0.439012 -0.07898 0.895003 225.58 0.0276059 0.994473 0.101299 6.66567 -0.898057 0.0691788 -0.434405 -26.8845
-0.439012 -0.07898 0.895003 227.771 0.027606 0.994473 0.101299 6.90563 -0.898057 0.0691789 -0.434405 -28.0346
-0.441749 -0.0786661 0.893683 230.001 0.027374 0.994502 0.101072 7.14114 -0.896721 0.069112 -0.437167 -29.1288
-0.444146 -0.0781863 0.892536 232.195 0.0274346 0.994531 0.100773 7.36885 -0.895534 0.0692444 -0.439572 -30.2224
-0.446922 -0.0789813 0.89108 234.368 0.027208 0.994434 0.101788 7.59036 -0.894159 0.0697359 -0.442285 -31.3107
-0.450754 -0.0798266 0.889072 236.476 0.026483 0.994359 0.102707 7.79232 -0.892255 0.0698407 -0.446097 -32.3394
-0.450796 -0.0781112 0.889203 238.477 0.0270654 0.99451 0.101083 8.01626 -0.892217 0.0696344 -0.446206 -33.4071
-0.454599 -0.0775921 0.88731 240.72 0.0281837 0.994446 0.1014 8.22771 -0.89025 0.0711041 -0.449888 -34.5279
-0.459251 -0.0767797 0.884982 242.926 0.0273023 0.994567 0.100455 8.46446 -0.887887 0.0702963 -0.45466 -35.6188
-0.465269 -0.0763336 0.881872 245.107 0.0258864 0.994675 0.0997552 8.70174 -0.884791 0.0692415 -0.460816 -36.7099
-0.467658 -0.0757118 0.880661 247.38 0.0252598 0.994773 0.0989359 8.93698 -0.883549 0.0685135 -0.463301 -37.9376
-0.470603 -0.0760052 0.879066 249.458 0.0235895 0.994843 0.0986439 9.15866 -0.88203 0.0671588 -0.466383 -39.0036
-0.474193 -0.074976 0.877223 251.655 0.024015 0.994895 0.098015 9.39091 -0.880094 0.0675445 -0.469971 -40.1654
-0.476543 -0.07352 0.876071 253.923 0.0254991 0.994922 0.0973643 9.63876 -0.878781 0.0687373 -0.472249 -41.4669
-0.478095 -0.0723784 0.875321 256.147 0.0248315 0.995087 0.0958443 9.88785 -0.877957 0.0675582 -0.473948 -42.7407
-0.481079 -0.0713956 0.873765 258.273 0.0261187 0.995069 0.0956878 10.0971 -0.876288 0.068855 -0.476842 -43.871
-0.488403 -0.0696886 0.869831 260.407 0.0263317 0.995175 0.094516 10.2899 -0.872221 0.069066 -0.484212 -44.8387
-0.497487 -0.0716299 0.864509 262.682 0.0243922 0.995036 0.0964815 10.5003 -0.867129 0.0690855 -0.49327 -46.0548
-0.500231 -0.0728173 0.862825 264.867 0.0222029 0.995051 0.0968488 10.7558 -0.865607 0.067604 -0.496139 -47.3409
-0.49477 -0.0710284 0.866116 266.232 0.023882 0.995166 0.0952541 10.8967 -0.868696 0.0678134 -0.490682 -48.2462
-0.497585 -0.0706609 0.864532 268.391 0.0231515 0.99524 0.0946689 11.1254 -0.867106 0.0671211 -0.493581 -49.4729
-0.510307 -0.0685572 0.857255 269.005 0.0229891 0.995374 0.0932879 11.1837 -0.859685 0.067313 -0.50637 -49.6853
-0.514634 -0.0685552 0.854665 271.155 0.0211553 0.99548 0.092589 11.4008 -0.857149 0.0657302 -0.510858 -50.9111
-0.516217 -0.0677775 0.853772 273.297 0.0204532 0.995604 0.0914036 11.6217 -0.856214 0.0646465 -0.512561 -52.2009
-0.519217 -0.0623591 0.852364 275.675 0.0236503 0.995904 0.0872671 11.9514 -0.854315 0.0654693 -0.515616 -53.7586
-0.493411 -0.0706054 0.866926 274.861 0.0230505 0.995288 0.0941789 11.8116 -0.869491 0.066452 -0.489459 -54.2491
-0.493411 -0.0706054 0.866926 277.059 0.0230505 0.995288 0.0941789 12.0356 -0.869491 0.066452 -0.489459 -55.5107
-0.479727 -0.0714565 0.874503 279.278 0.0229451 0.995316 0.0939152 12.3112 -0.877118 0.0651192 -0.47584 -57.9219
-0.481623 -0.0722167 0.873398 281.486 0.0217411 0.995308 0.0942856 12.5473 -0.876109 0.0643987 -0.477793 -59.0625
-0.483886 -0.0731206 0.872071 283.721 0.0219803 0.995173 0.0956386 12.762 -0.874855 0.0654466 -0.479943 -60.2309
-0.484947 -0.0745909 0.871357 285.997 0.0204487 0.995117 0.0965657 13.0038 -0.874304 0.0646474 -0.481054 -61.4985
-0.483155 -0.0748808 0.872327 288.134 0.0194277 0.995174 0.0961865 13.2156 -0.875319 0.0634204 -0.479369 -62.6811
-0.486889 -0.0735412 0.870363 290.571 0.0172051 0.995449 0.093735 13.4682 -0.873294 0.0606132 -0.483407 -63.9995
-0.485112 -0.0746222 0.871262 292.635 0.0162241 0.995413 0.0942889 13.6772 -0.874302 0.0598761 -0.481676 -65.1986
-0.489126 -0.0770165 0.868806 294.848 0.0134338 0.995311 0.0957937 13.8876 -0.87211 0.0585266 -0.485798 -66.3562
-0.471508 -0.0800918 0.878217 295.541 0.00721676 0.995483 0.0946608 14.094 -0.881833 0.0509712 -0.4688 -67.6889
-0.444841 -0.0890039 0.891176 296.35 0.00703635 0.994672 0.102853 14.1503 -0.895582 0.0520237 -0.441845 -68.9337
-0.433632 -0.0907663 0.896507 297.142 0.0063856 0.994579 0.103784 14.2724 -0.901067 0.0507289 -0.430702 -69.9253
-0.421842 -0.0932293 0.901863 297.984 -0.000205824 0.994709 0.102731 14.4601 -0.906669 0.0431506 -0.419629 -70.8624
-0.39811 -0.0923696 0.912675 298.706 0.0046566 0.994701 0.102702 14.5464 -0.917326 0.0451369 -0.395571 -71.7625
-0.388785 -0.0943269 0.916487 299.676 0.00844374 0.994339 0.105921 14.6383 -0.92129 0.0489193 -0.385788 -72.6218
-0.381637 -0.096644 0.919246 300.654 0.00948708 0.994057 0.108448 14.7457 -0.924263 0.0501087 -0.378452 -73.3381
-0.377758 -0.0958715 0.920928 301.687 0.0158188 0.993811 0.109948 14.8267 -0.925769 0.0561015 -0.373903 -74.0296
-0.368755 -0.106867 0.923363 302.338 -0.0174341 0.993989 0.108079 15.2129 -0.929363 0.0237567 -0.368402 -74.4848
-0.376846 -0.105418 0.920258 302.413 -0.015339 0.994077 0.107593 15.2092 -0.926149 0.0264299 -0.37623 -74.435
-0.396206 -0.111116 0.911413 303.749 -0.0227997 0.993535 0.111217 15.3322 -0.917878 0.0232849 -0.396178 -74.795
-0.391451 -0.106439 0.914022 304.709 -0.0150165 0.993894 0.109309 15.4485 -0.920076 0.0290638 -0.39066 -75.3969
-0.386034 -0.106435 0.916324 305.658 -0.0114023 0.993796 0.11063 15.5266 -0.922414 0.0322588 -0.384852 -75.9616
-0.384505 -0.104961 0.917136 306.7 -0.00648195 0.993797 0.111017 15.6419 -0.9231 0.0367418 -0.382801 -76.5132
-0.380489 -0.106749 0.918604 307.701 -0.00740128 0.993635 0.112403 15.759 -0.924756 0.0359693 -0.378858 -77.0303
-0.375087 -0.107523 0.920733 308.72 -0.000336948 0.993266 0.115856 15.8152 -0.926989 0.0431458 -0.372598 -77.5786
-0.372393 -0.109562 0.921585 309.727 -0.00674013 0.9933 0.115364 15.9343 -0.928051 0.0367492 -0.370637 -78.0277
-0.372393 -0.109562 0.921585 310.747 -0.00674013 0.9933 0.115364 16.0363 -0.928051 0.0367492 -0.370637 -78.4915
-0.373705 -0.111065 0.920874 311.766 -0.00913081 0.993198 0.116082 16.1638 -0.927503 0.0349722 -0.372177 -78.9163
-0.373705 -0.111065 0.920874 312.746 -0.00913081 0.993198 0.116082 16.2771 -0.927503 0.0349722 -0.372177 -79.321
-0.370788 -0.112034 0.921935 313.73 -0.00912864 0.993089 0.117009 16.3963 -0.928672 0.0349697 -0.369249 -79.7672
-0.376212 -0.1088 0.920123 316.258 -0.0101116 0.993505 0.113342 16.734 -0.926478 0.0333369 -0.374869 -80.7288
-0.384769 -0.114704 0.915858 317.499 -0.0167673 0.992953 0.117316 16.8522 -0.92286 0.0297831 -0.383981 -81.0185
-0.38771 -0.117728 0.914232 318.765 -0.0197395 0.992643 0.119454 16.9928 -0.92157 0.028267 -0.387182 -81.5292
-0.391336 -0.117935 0.91266 320.008 -0.0214511 0.992654 0.119074 17.1522 -0.919998 0.0270204 -0.390991 -82.0235
-0.394053 -0.115654 0.911782 320.029 -0.0175318 0.992816 0.118356 17.1409 -0.91892 0.0306533 -0.39325 -82.0063
-0.392393 -0.112582 0.912882 320.029 -0.0143299 0.993109 0.116317 17.166 -0.919686 0.0325604 -0.391302 -82.0945
-0.393035 -0.112153 0.912658 320.065 -0.0160017 0.993218 0.115162 17.2049 -0.919384 0.0306586 -0.392164 -82.1477
-0.391177 -0.111249 0.913567 320.093 -0.0204252 0.993472 0.112234 17.2492 -0.920089 0.0252436 -0.390896 -82.2431
-0.392868 -0.112096 0.912737 320.087 -0.0296229 0.99357 0.109273 17.2202 -0.919117 0.015892 -0.393663 -82.2149
-0.400186 -0.10694 0.910173 320.243 -0.0391716 0.994257 0.0995965 17.2249 -0.915596 0.0042042 -0.402077 -82.1523
-0.400961 -0.0981427 0.910823 320.229 -0.0281763 0.995096 0.0948195 17.1728 -0.915662 0.0123552 -0.40176 -82.2062
-0.403446 -0.100194 0.909501 320.281 -0.0209618 0.994738 0.100286 17.1277 -0.914764 0.0213952 -0.403423 -82.2312
-0.404223 -0.109626 0.908067 320.294 -0.0208855 0.993639 0.11066 17.1119 -0.914422 0.0257657 -0.403941 -82.2799
-0.407132 -0.119689 0.905493 320.351 -0.0268365 0.992516 0.119125 17.127 -0.912975 0.0241995 -0.407297 -82.3142
-0.408558 -0.124541 0.904196 320.351 -0.0314789 0.99198 0.122408 17.1349 -0.912189 0.0215479 -0.409202 -82.3517
-0.411277 -0.12718 0.902595 320.401 -0.0342214 0.991675 0.124138 17.1488 -0.910868 0.0201672 -0.412205 -82.3959
-0.413601 -0.12234 0.902201 320.378 -0.0281398 0.992175 0.121641 17.1579 -0.910023 0.024923 -0.413807 -82.4625
-0.414977 -0.115628 0.902454 320.404 -0.023064 0.99291 0.116612 17.1781 -0.909539 0.0275771 -0.414702 -82.5564
-0.420497 -0.112911 0.900241 320.381 -0.021717 0.993194 0.114426 17.1662 -0.907034 0.0285652 -0.420087 -82.5858
-0.422313 -0.113448 0.899323 320.369 -0.0205991 0.993082 0.115603 17.1419 -0.906216 0.0302953 -0.421728 -82.6817
-0.425261 -0.113815 0.897886 320.374 -0.0198846 0.992997 0.116454 17.1449 -0.904852 0.0316693 -0.424546 -82.7613
-0.426733 -0.113479 0.89723 320.339 -0.0197487 0.993029 0.116203 17.1524 -0.904162 0.0318682 -0.425999 -82.8336
-0.426733 -0.113479 0.89723 320.317 -0.0197487 0.993029 0.116203 17.1523 -0.904162 0.0318682 -0.425999 -82.9427
-0.426733 -0.113479 0.89723 320.301 -0.0197487 0.993029 0.116203 17.149 -0.904162 0.0318682 -0.425999 -83.0484
-0.426733 -0.113479 0.89723 320.278 -0.0197487 0.993029 0.116203 17.135 -0.904162 0.0318682 -0.425999 -83.1517
-0.428856 -0.114859 0.896041 320.283 -0.0178767 0.992769 0.118702 17.1281 -0.903196 0.0348877 -0.427808 -83.2407
-0.432921 -0.11901 0.893541 320.298 -0.017122 0.992153 0.123849 17.1107 -0.901269 0.0383174 -0.431562 -83.302
-0.434984 -0.119125 0.892523 320.296 -0.014626 0.992014 0.125276 17.1317 -0.900319 0.0414389 -0.433253 -83.3984
-0.436192 -0.116271 0.892311 320.258 -0.013281 0.992341 0.122813 17.1302 -0.899756 0.041719 -0.434395 -83.4634
-0.436224 -0.112497 0.892778 320.221 -0.0160183 0.992968 0.117295 17.1513 -0.899695 0.036866 -0.434959 -83.5758
-0.436647 -0.11154 0.892692 320.196 -0.0192395 0.993215 0.114689 17.1621 -0.899427 0.0329037 -0.43583 -83.6767
-0.434292 -0.109851 0.894049 320.175 -0.0186633 0.99342 0.112995 17.1788 -0.900579 0.032387 -0.433485 -83.8316
-0.436253 -0.109042 0.893193 320.147 -0.0227841 0.993651 0.110178 17.1833 -0.899536 0.0277151 -0.435968 -83.8906
-0.432731 -0.108205 0.895006 320.106 -0.0252498 0.993836 0.107945 17.1794 -0.901169 0.0241127 -0.432796 -84.0557
-0.432731 -0.108205 0.895006 320.065 -0.0252498 0.993836 0.107945 17.1305 -0.901169 0.0241127 -0.432796 -84.168
-0.435586 -0.109223 0.893496 320.051 -0.0224045 0.993619 0.11054 17.0911 -0.899868 0.0281313 -0.435254 -84.2451
-0.438587 -0.111716 0.891718 320.037 -0.0196678 0.993199 0.114757 17.0695 -0.898474 0.0327925 -0.437801 -84.3351
-0.439872 -0.112476 0.890989 320.035 -0.010477 0.992701 0.120143 17.0618 -0.897999 0.0435126 -0.43784 -84.4182
-0.43757 -0.116977 0.891543 322.549 -0.0118616 0.992167 0.124358 17.3844 -0.899106 0.0438402 -0.43553 -85.6299
-0.452756 -0.117957 0.883797 322.88 -0.0160563 0.992128 0.12419 17.3955 -0.89149 0.0420375 -0.451087 -85.4204
-0.449979 -0.115006 0.885603 325.159 -0.0210391 0.992763 0.118231 17.6897 -0.892791 0.0345693 -0.449142 -86.6211
-0.448435 -0.114351 0.886471 327.478 -0.0243617 0.992978 0.115766 17.9568 -0.893483 0.0303177 -0.448072 -87.7186
-0.438478 -0.1143 0.891444 329.801 -0.0274834 0.993121 0.113819 18.2483 -0.898322 0.0254071 -0.438603 -88.9158
-0.438433 -0.111343 0.89184 329.367 -0.0202961 0.99327 0.114028 18.2078 -0.898535 0.031893 -0.437743 -88.8061
-0.43117 -0.1122 0.895267 329.476 -0.0184352 0.993126 0.115585 18.2337 -0.902082 0.0333325 -0.430275 -88.9831
-0.430297 -0.109499 0.896021 329.348 -0.0181046 0.993463 0.112713 18.2131 -0.902506 0.0322779 -0.429466 -88.9657
-0.4318 -0.112225 0.894961 329.233 -0.0232235 0.993284 0.113349 18.1957 -0.90167 0.0281601 -0.431506 -88.9552
-0.432286 -0.117059 0.894106 329.852 -0.0308236 0.992877 0.115087 18.2511 -0.901209 0.0221912 -0.432815 -89.2465
-0.431082 -0.118933 0.89444 330.298 -0.0367965 0.992768 0.114273 18.2968 -0.901562 0.0163489 -0.432341 -89.5011
-0.426029 -0.119691 0.896757 330.295 -0.0403936 0.992738 0.113312 18.3016 -0.903807 0.0120509 -0.42777 -89.5315
-0.428166 -0.117774 0.895993 330.462 -0.0335764 0.99286 0.114462 18.2985 -0.903076 0.0189246 -0.429064 -89.6463
-0.428691 -0.119504 0.895512 330.747 -0.0319518 0.992598 0.117164 18.3352 -0.902886 0.021614 -0.429337 -89.8178
-0.427448 -0.121303 0.895865 331.011 -0.0318145 0.992362 0.119189 18.3721 -0.90348 0.0224456 -0.428042 -90.0516
-0.438539 -0.118466 0.89087 330.997 -0.0332935 0.992735 0.115623 18.3732 -0.898095 0.0210451 -0.439297 -89.9229
-0.436047 -0.116477 0.892354 331.316 -0.0341024 0.993015 0.112951 18.4223 -0.899278 0.0188207 -0.436973 -90.1301
-0.437113 -0.114791 0.892051 331.566 -0.0325637 0.993192 0.111849 18.4381 -0.898817 0.0198422 -0.437875 -90.2528
-0.43614 -0.116086 0.89236 332.161 -0.0340831 0.993064 0.112528 18.5307 -0.899233 0.0186636 -0.437071 -90.6042
-0.473922 -0.122733 0.871972 332.345 -0.0311744 0.991957 0.122678 18.4318 -0.880015 0.0309567 -0.473936 -90.3815
-0.46974 -0.12519 0.873883 332.696 -0.0335506 0.991711 0.124035 18.4634 -0.882167 0.0289446 -0.470046 -90.5491
-0.469151 -0.126937 0.873948 333.249 -0.0363638 0.991553 0.124498 18.5316 -0.882369 0.0266283 -0.469804 -90.78
-0.475709 -0.126654 0.870436 333.329 -0.0318104 0.991409 0.126872 18.5269 -0.879027 0.0326651 -0.475652 -90.8478
-0.468573 -0.126776 0.874281 333.499 -0.0343377 0.991515 0.125373 18.5861 -0.882757 0.0287255 -0.468951 -90.9651
-0.467544 -0.125249 0.875052 332.362 -0.0361577 0.991792 0.12264 18.4645 -0.88323 0.0256996 -0.468235 -90.3533
-0.475863 -0.12155 0.87108 332.507 -0.0289528 0.992032 0.122611 18.4504 -0.879042 0.0331257 -0.475591 -90.4567
-0.473321 -0.123331 0.872214 331.682 -0.0321259 0.991909 0.122822 18.3441 -0.880304 0.0301136 -0.473453 -89.9454
-0.470264 -0.123863 0.87379 330.473 -0.0297512 0.991764 0.124575 18.1788 -0.882024 0.0325866 -0.470076 -89.3868
-0.470264 -0.123863 0.87379 329.402 -0.0297512 0.991764 0.124575 18.0664 -0.882024 0.0325866 -0.470076 -88.7598
-0.467079 -0.122111 0.875743 328.205 -0.0325008 0.99212 0.121004 17.9669 -0.883618 0.0280559 -0.467367 -88.1846
-0.467079 -0.122111 0.875743 327.063 -0.0325008 0.99212 0.121004 17.7999 -0.883618 0.0280559 -0.467367 -87.5401
-0.464353 -0.12312 0.877051 326.015 -0.0357142 0.992088 0.12036 17.6945 -0.88493 0.0245665 -0.465076 -87.04
-0.46332 -0.125638 0.87724 324.977 -0.0392877 0.991838 0.121301 17.5803 -0.88532 0.0217363 -0.464475 -86.4782
-0.466221 -0.125244 0.875758 323.699 -0.0374346 0.991834 0.121916 17.4264 -0.883876 0.0240559 -0.467102 -85.8481
-0.472375 -0.124013 0.87263 322.351 -0.0324049 0.991826 0.123411 17.2229 -0.880802 0.0300189 -0.472532 -85.1194
-0.4686 -0.124595 0.87458 321.222 -0.0342346 0.991822 0.122955 17.087 -0.882747 0.0276757 -0.469033 -84.5519
-0.466099 -0.12394 0.876009 320.18 -0.0361177 0.991979 0.12113 16.9702 -0.883995 0.0248192 -0.466837 -83.9887
-0.46677 -0.120634 0.876113 318.907 -0.0312376 0.992284 0.119987 16.8062 -0.883827 0.0286386 -0.466936 -83.3469
-0.463585 -0.119799 0.877916 317.649 -0.0289927 0.992338 0.120104 16.661 -0.885578 0.0302251 -0.463507 -82.8083
-0.463585 -0.119799 0.877916 316.58 -0.0289927 0.992338 0.120104 16.5407 -0.885578 0.0302251 -0.463507 -82.1459
-0.468443 -0.119292 0.875403 316.859 -0.0283874 0.992363 0.12004 16.561 -0.883038 0.0313814 -0.468251 -82.2737
-0.473136 -0.121464 0.872576 317.112 -0.0302132 0.992105 0.12172 16.5987 -0.880471 0.0312269 -0.473071 -82.4439
-0.473136 -0.121464 0.872576 317.478 -0.0302132 0.992105 0.12172 16.6581 -0.880471 0.0312269 -0.473071 -82.6302
-0.47211 -0.123349 0.872867 317.841 -0.0321412 0.991912 0.122788 16.7034 -0.880953 0.0299145 -0.472257 -82.7704
-0.477272 -0.121742 0.870282 317.93 -0.0297588 0.992028 0.122453 16.7097 -0.878252 0.0325447 -0.47709 -82.8255
-0.475047 -0.11747 0.872084 318.297 -0.0224187 0.992343 0.121457 16.7259 -0.879675 0.038147 -0.474043 -83.0204
-0.476325 -0.120162 0.87102 317.386 -0.0265732 0.992133 0.122338 16.6297 -0.878868 0.0351268 -0.475771 -82.5228
-0.476325 -0.120162 0.87102 316.222 -0.0265732 0.992133 0.122338 16.518 -0.878868 0.0351268 -0.475771 -81.9069
-0.476325 -0.120162 0.87102 315.085 -0.0265732 0.992133 0.122338 16.3721 -0.878868 0.0351268 -0.475771 -81.2702
-0.476477 -0.120992 0.870822 313.949 -0.0306628 0.99217 0.121075 16.2354 -0.878652 0.0309875 -0.476456 -80.5997
-0.481097 -0.121287 0.868237 312.813 -0.026694 0.991951 0.123778 16.0583 -0.876261 0.0363726 -0.480462 -79.9891
-0.483709 -0.122158 0.866662 311.792 -0.0241423 0.991697 0.126308 15.913 -0.874896 0.0401731 -0.482642 -79.4435
-0.483862 -0.123145 0.866437 310.66 -0.0257649 0.991626 0.12655 15.7746 -0.874765 0.0389089 -0.482983 -78.8204
-0.489472 -0.120271 0.863685 309.539 -0.0233152 0.991894 0.124911 15.6267 -0.871707 0.0410032 -0.488308 -78.2253
-0.486114 -0.119092 0.865743 308.454 -0.0283289 0.992298 0.120594 15.5209 -0.873436 0.0340968 -0.485743 -77.6584
-0.482557 -0.121577 0.867386 307.518 -0.0355053 0.992221 0.119322 15.4089 -0.875145 0.0267826 -0.48312 -77.0453
-0.48331 -0.123061 0.866757 306.37 -0.0338812 0.991958 0.121945 15.255 -0.874793 0.0295705 -0.483593 -76.4385
-0.48331 -0.123061 0.866757 305.274 -0.0338812 0.991958 0.121945 15.1514 -0.874793 0.0295705 -0.483593 -75.8226
-0.488408 -0.118982 0.864465 303.942 -0.0257462 0.992194 0.122016 14.9688 -0.872235 0.0373371 -0.487659 -75.1725
-0.488881 -0.118648 0.864244 302.864 -0.0285873 0.992354 0.120065 14.8394 -0.871882 0.033991 -0.488535 -74.503
-0.494751 -0.1175 0.861054 301.701 -0.0254335 0.992351 0.120803 14.6702 -0.868662 0.0378678 -0.493955 -73.8719
-0.493174 -0.117227 0.861996 300.553 -0.02447 0.992356 0.120955 14.5244 -0.869586 0.0385589 -0.492273 -73.2785
-0.488033 -0.119804 0.864564 299.476 -0.0292273 0.992223 0.120996 14.4002 -0.872336 0.0337812 -0.487739 -72.6561
-0.488542 -0.119114 0.864372 298.226 -0.0272844 0.992239 0.121313 14.2328 -0.872113 0.0356827 -0.488001 -71.9662
-0.487838 -0.121094 0.864494 297.565 -0.0331394 0.992187 0.12028 14.1725 -0.872305 0.0300284 -0.48804 -71.5617
-0.489158 -0.120765 0.863794 296.448 -0.0320923 0.992189 0.120542 14.0216 -0.871605 0.0312429 -0.489213 -70.912
-0.486758 -0.122167 0.864952 295.376 -0.0334435 0.992053 0.121298 13.8931 -0.872896 0.0301159 -0.486975 -70.3311
-0.49052 -0.121418 0.86293 294.093 -0.0290824 0.991975 0.123044 13.711 -0.870945 0.0352596 -0.490114 -69.6848
-0.492445 -0.121749 0.861786 292.91 -0.0274986 0.99185 0.12441 13.5425 -0.869909 0.0375672 -0.491779 -69.0251
-0.489868 -0.124021 0.86293 291.892 -0.0343284 0.991806 0.123056 13.4385 -0.87112 0.030658 -0.490112 -68.4316
-0.480438 -0.122898 0.868375 290.589 -0.0346783 0.992021 0.121211 13.2872 -0.876343 0.0281204 -0.480866 -67.7541
-0.47401 -0.122122 0.87201 289.417 -0.0324781 0.992086 0.121284 13.1489 -0.87992 0.0291686 -0.474225 -67.2496
-0.474053 -0.124919 0.87159 288.304 -0.0362435 0.991814 0.122437 13.0157 -0.87975 0.0264523 -0.4747 -66.6056
-0.474053 -0.124919 0.87159 287.178 -0.0362435 0.991814 0.122437 12.8912 -0.87975 0.0264523 -0.4747 -65.949
-0.481924 -0.121314 0.867774 285.967 -0.029263 0.992045 0.122435 12.7148 -0.875724 0.033611 -0.481641 -65.3044
-0.477528 -0.122156 0.870083 284.857 -0.0340529 0.992117 0.1206 12.5982 -0.877957 0.0279609 -0.477923 -64.6795
-0.477528 -0.122156 0.870083 283.689 -0.0340529 0.992117 0.1206 12.4531 -0.877957 0.0279609 -0.477923 -64.0573
-0.475959 -0.122873 0.870842 282.522 -0.0349488 0.992052 0.120874 12.3071 -0.878773 0.0270963 -0.47647 -63.4011
-0.47161 -0.123661 0.873094 281.395 -0.036785 0.992015 0.120634 12.1824 -0.88104 0.0247756 -0.472393 -62.8313
-0.47161 -0.123661 0.873094 280.13 -0.036785 0.992015 0.120634 12.034 -0.88104 0.0247756 -0.472393 -62.1656
-0.47161 -0.123661 0.873094 278.929 -0.036785 0.992015 0.120634 11.8733 -0.88104 0.0247756 -0.472393 -61.4945
-0.474902 -0.122246 0.871506 277.747 -0.0348819 0.992142 0.12016 11.7051 -0.879347 0.0266645 -0.475435 -60.8215
-0.477469 -0.123139 0.869977 276.734 -0.0349107 0.992008 0.121251 11.5685 -0.877955 0.0275221 -0.477951 -60.2287
-0.476398 -0.125474 0.870231 275.638 -0.0374106 0.991761 0.122516 11.4419 -0.878434 0.0258106 -0.477167 -59.6087
-0.480146 -0.127077 0.867935 274.268 -0.0363437 0.991483 0.125061 11.2529 -0.876435 0.0285034 -0.480675 -58.8721
-0.481286 -0.126314 0.867415 273.091 -0.0375606 0.991626 0.123561 11.1077 -0.875758 0.0268877 -0.482 -58.205
-0.478824 -0.123657 0.869158 271.879 -0.0353154 0.991942 0.12167 10.9636 -0.8772 0.027564 -0.479333 -57.6304
-0.48165 -0.122537 0.867755 270.715 -0.0352798 0.992085 0.120512 10.8003 -0.875653 0.0274302 -0.48216 -56.9217
-0.48165 -0.122537 0.867755 269.524 -0.0352798 0.992085 0.120512 10.6433 -0.875653 0.0274302 -0.48216 -56.2833
-0.479988 -0.123322 0.868564 268.35 -0.0349872 0.991973 0.121509 10.4963 -0.876577 0.0279344 -0.48045 -55.6889
-0.478726 -0.126619 0.868786 267.296 -0.0401589 0.991668 0.122399 10.3708 -0.877045 0.0237061 -0.479822 -55.0587
-0.481553 -0.125205 0.867428 265.977 -0.0365878 0.991752 0.122838 10.2007 -0.875653 0.0274158 -0.482162 -54.3808
-0.481553 -0.125205 0.867428 264.802 -0.0365878 0.991752 0.122838 10.0393 -0.875653 0.0274158 -0.482162 -53.749
-0.476687 -0.126224 0.869964 263.701 -0.0408169 0.991748 0.121529 9.91759 -0.878125 0.0224222 -0.477906 -53.1617
-0.474242 -0.126802 0.871215 262.529 -0.039923 0.991653 0.122599 9.77044 -0.879489 0.0233602 -0.475345 -52.6065
-0.474242 -0.126802 0.871215 261.35 -0.039923 0.991653 0.122599 9.62057 -0.879489 0.0233602 -0.475345 -51.9675
-0.474242 -0.126802 0.871215 260.057 -0.039923 0.991653 0.122599 9.46372 -0.879489 0.0233602 -0.475345 -51.303
-0.474242 -0.126802 0.871215 258.879 -0.039923 0.991653 0.122599 9.32201 -0.879489 0.0233602 -0.475345 -50.6356
-0.474241 -0.126802 0.871215 257.724 -0.039923 0.991653 0.122599 9.16043 -0.879489 0.0233601 -0.475345 -50.0298
-0.474241 -0.126802 0.871215 256.563 -0.039923 0.991653 0.122599 9.01823 -0.879489 0.0233601 -0.475345 -49.3658
-0.473126 -0.12756 0.871711 255.426 -0.0413176 0.991586 0.122676 8.88598 -0.880025 0.0220241 -0.474416 -48.7477
-0.471439 -0.126558 0.87277 254.17 -0.0378246 0.99164 0.123363 8.70627 -0.881087 0.025146 -0.472285 -48.0692
-0.468076 -0.124919 0.874814 253.035 -0.0358906 0.991829 0.122425 8.56658 -0.882959 0.0259064 -0.468735 -47.5457
-0.465025 -0.123931 0.87658 251.953 -0.0382777 0.992042 0.119948 8.45928 -0.884469 0.0222256 -0.466069 -47.0201
-0.465025 -0.123931 0.87658 250.846 -0.0382777 0.992042 0.119948 8.32578 -0.884469 0.0222256 -0.466069 -46.3877
-0.473647 -0.125325 0.871752 249.439 -0.0351166 0.991724 0.123493 8.11147 -0.880014 0.0278792 -0.474128 -45.5765
-0.469626 -0.127587 0.873598 248.331 -0.0353016 0.991425 0.125818 7.95781 -0.882159 0.0282481 -0.470103 -45.01
-0.474217 -0.129364 0.870852 247.097 -0.0359036 0.991165 0.127685 7.77624 -0.879676 0.0292837 -0.474671 -44.2676
-0.473179 -0.128887 0.871487 245.885 -0.0351566 0.991215 0.127505 7.63229 -0.880265 0.0296941 -0.473553 -43.6343
-0.473179 -0.128887 0.871487 244.666 -0.0351566 0.991215 0.127505 7.46511 -0.880265 0.0296941 -0.473553 -42.9622
-0.470732 -0.127182 0.873061 243.489 -0.0348002 0.991462 0.125666 7.32853 -0.88159 0.0287724 -0.471139 -42.3717
