1 0 0 0 0 1 0 0 0 0 1 0
0.999996 -0.00264489 -0.00065886 -0.0159195 0.0026466 0.999993 0.00260178 -0.0153896 0.000651974 -0.00260352 0.999996 1.58065
0.999996 -0.00264489 -0.00065886 -0.050554 0.0026466 0.999993 0.00260178 -0.0129572 0.000651974 -0.00260352 0.999996 3.13402
0.999996 -0.00264489 -0.00065886 -0.0821261 0.0026466 0.999993 0.00260178 -0.0300046 0.000651974 -0.00260352 0.999996 4.67704
0.999996 -0.00264489 -0.00065886 -0.124915 0.0026466 0.999993 0.00260178 -0.0605252 0.000651974 -0.00260352 0.999996 6.23516
0.999996 -0.00264489 -0.00065886 -0.153703 0.0026466 0.999993 0.00260178 -0.0709482 0.000651974 -0.00260352 0.999996 7.80513
0.999996 -0.00264489 -0.00065886 -0.178943 0.0026466 0.999993 0.00260178 -0.0855727 0.000651974 -0.00260352 0.999996 9.35227
0.999996 -0.00264489 -0.00065886 -0.216812 0.0026466 0.999993 0.00260178 -0.122278 0.000651974 -0.00260352 0.999996 10.8465
0.999996 -0.00264489 -0.00065886 -0.236079 0.0026466 0.999993 0.00260178 -0.138251 0.000651974 -0.00260352 0.999996 12.3671
0.999996 -0.00264489 -0.00065886 -0.257907 0.0026466 0.999993 0.00260178 -0.15759 0.000651974 -0.00260352 0.999996 13.8587
0.999996 -0.00264489 -0.00065886 -0.288182 0.0026466 0.999993 0.00260178 -0.174546 0.000651974 -0.00260352 0.999996 15.4247
0.999999 -0.00051902 0.00119624 -0.331064 0.000515209 0.999995 0.00318425 -0.18937 -0.00119788 -0.00318363 0.999994 16.9587
0.999999 0.00111133 0.000557234 -0.339267 -0.00111343 0.999992 0.00379267 -0.199882 -0.000553015 -0.00379329 0.999993 18.4728
0.999997 0.00247511 0.000554086 -0.356369 -0.0024778 0.999985 0.00491049 -0.213884 -0.000541924 -0.00491184 0.999988 20.0219
0.999997 0.00247511 0.000554086 -0.36373 -0.0024778 0.999985 0.00491049 -0.226466 -0.000541924 -0.00491184 0.999988 21.5026
0.999997 0.00247511 0.000554086 -0.371631 -0.0024778 0.999985 0.00491049 -0.239097 -0.000541924 -0.00491184 0.999988 23.0098
0.999997 0.00247511 0.000554086 -0.376896 -0.0024778 0.999985 0.00491049 -0.239505 -0.000541924 -0.00491184 0.999988 24.5104
0.999997 0.00247511 0.000554086 -0.364818 -0.0024778 0.999985 0.00491049 -0.228867 -0.000541924 -0.00491184 0.999988 26.0134
0.999998 0.00157765 0.00143983 -0.370713 -0.00158259 0.999993 0.00343704 -0.240526 -0.0014344 -0.00343931 0.999993 27.4837
0.999994 0.00279778 0.00178896 -0.381871 -0.0028011 0.999994 0.00185673 -0.257654 -0.00178375 -0.00186173 0.999997 28.9487
0.999994 0.00279778 0.00178896 -0.37385 -0.0028011 0.999994 0.00185673 -0.281174 -0.00178375 -0.00186173 0.999997 30.3801
0.999997 0.00145402 0.00174987 -0.36998 -0.00146143 0.99999 0.00424107 -0.294094 -0.00174369 -0.00424362 0.999989 31.8147
0.999997 0.00145407 0.00174988 -0.366015 -0.00146148 0.99999 0.00424103 -0.284894 -0.00174369 -0.00424358 0.999989 33.2276
0.999997 0.00145407 0.00174988 -0.365663 -0.00146148 0.99999 0.00424103 -0.312996 -0.00174369 -0.00424358 0.999989 34.6482
0.999998 0.00119841 0.00172363 -0.36254 -0.00120242 0.999997 0.00232343 -0.325305 -0.00172084 -0.0023255 0.999996 36.1001
0.999998 0.00119841 0.00172363 -0.356266 -0.00120242 0.999997 0.00232343 -0.354328 -0.00172084 -0.0023255 0.999996 37.4825
0.999998 0.00119841 0.00172363 -0.348123 -0.00120242 0.999997 0.00232343 -0.391733 -0.00172084 -0.0023255 0.999996 38.8752
0.999998 0.00119841 0.00172363 -0.327652 -0.00120242 0.999997 0.00232343 -0.387427 -0.00172084 -0.0023255 0.999996 40.2384
0.999998 0.00119841 0.00172363 -0.300292 -0.00120242 0.999997 0.00232343 -0.37353 -0.00172084 -0.0023255 0.999996 41.5435
0.999993 0.000469531 0.00384026 -0.305738 -0.00048178 0.999995 0.00318932 -0.393091 -0.00383874 -0.00319114 0.999988 42.854
0.999993 0.000469531 0.00384026 -0.262401 -0.00048178 0.999995 0.00318932 -0.398578 -0.00383874 -0.00319114 0.999988 44.1866
0.999993 0.000469531 0.00384026 -0.200779 -0.00048178 0.999995 0.00318932 -0.431341 -0.00383874 -0.00319114 0.999988 45.4536
0.99997 -0.000128131 0.00774323 -0.198239 0.000116512 0.999999 0.00150107 -0.448641 -0.00774341 -0.00150012 0.999969 46.7365
0.999945 0.000257253 0.0104646 -0.181074 -0.000256774 1 -4.71579e-05 -0.469471 -0.0104646 4.44683e-05 0.999945 47.9854
0.999907 0.000236047 0.0136429 -0.15643 -0.000245958 1 0.000724728 -0.489586 -0.0136427 -0.000728016 0.999907 49.2201
0.999833 -0.000555009 0.0182504 -0.122765 0.000540371 1 0.000807037 -0.510866 -0.0182509 -0.00079704 0.999833 50.4591
0.999698 0.0013637 0.024553 -0.0971587 -0.00135045 0.999999 -0.000556457 -0.521643 -0.0245538 0.000523131 0.999698 51.6856
0.999495 0.00219375 0.0317125 -0.0669124 -0.0021914 0.999998 -0.000108826 -0.54595 -0.0317127 3.92765e-05 0.999497 52.8814
0.999175 0.00323846 0.0404791 -0.0256316 -0.00325394 0.999995 0.000316635 -0.556552 -0.0404779 -0.00044809 0.99918 54.0846
0.998695 0.00500157 0.0508328 0.0253126 -0.00507711 0.999986 0.00135698 -0.5785 -0.0508253 -0.00161329 0.998706 55.2548
0.997915 0.00724901 0.0641311 0.0873517 -0.00733293 0.999973 0.00107328 -0.591738 -0.0641215 -0.00154131 0.997941 56.4338
0.996843 0.00993767 0.0787693 0.161248 -0.0100864 0.999948 0.00149039 -0.607885 -0.0787504 -0.00228018 0.996892 57.5372
0.995496 0.0115706 0.0940943 0.270602 -0.0119249 0.999924 0.00320351 -0.623467 -0.0940501 -0.00431114 0.995558 58.6844
0.993617 0.0114083 0.112231 0.385432 -0.011909 0.999922 0.00379158 -0.637284 -0.112179 -0.00510393 0.993675 59.8057
0.991237 0.0113324 0.131611 0.524453 -0.0118325 0.999925 0.0030186 -0.647616 -0.131567 -0.00454943 0.991297 60.9387
0.988318 0.010246 0.152061 0.677292 -0.010713 0.99994 0.00225202 -0.665712 -0.152029 -0.00385474 0.988369 61.9944
0.985079 0.00683589 0.171965 0.871283 -0.00722873 0.999972 0.00165835 -0.674244 -0.171949 -0.0028767 0.985102 63.0453
0.981102 0.00228332 0.193479 1.07745 -0.00303065 0.999989 0.00356668 -0.687694 -0.193469 -0.00408564 0.981098 64.0896
0.976152 -0.00355346 0.217059 1.3073 0.0025782 0.999985 0.00477609 -0.69903 -0.217073 -0.00410256 0.976147 65.1496
0.970587 -0.00884294 0.240587 1.56797 0.00802335 0.999958 0.00438594 -0.713298 -0.240615 -0.00232663 0.970618 66.1776
0.963778 -0.0144959 0.26631 1.84294 0.0142314 0.999894 0.00292337 -0.722216 -0.266324 0.000972477 0.963883 67.2059
0.956156 -0.0181292 0.292297 2.14893 0.0179126 0.999834 0.00341764 -0.732336 -0.29231 0.001968 0.956322 68.1812
0.947455 -0.0212676 0.319181 2.48471 0.0204179 0.999773 0.00600814 -0.740466 -0.319237 0.000824575 0.947675 69.1632
0.937657 -0.0257016 0.34661 2.8298 0.0241341 0.99967 0.00883874 -0.753458 -0.346722 7.74067e-05 0.937968 70.0809
0.926868 -0.0287354 0.374286 3.21264 0.0276172 0.999584 0.00835198 -0.759059 -0.37437 0.00259553 0.927276 70.996
0.914893 -0.0280048 0.402724 3.61316 0.0285565 0.999581 0.00463581 -0.765719 -0.402685 0.0072591 0.91531 71.8902
0.901721 -0.0292595 0.431328 4.03946 0.032653 0.999467 -0.000463756 -0.774471 -0.431084 0.0145023 0.902195 72.7683
0.887443 -0.0313475 0.45985 4.49934 0.036756 0.99932 -0.00281101 -0.782015 -0.45945 0.0193968 0.887992 73.6319
0.871824 -0.0316136 0.488797 4.97446 0.035988 0.999352 0.000445831 -0.790084 -0.488495 0.0172022 0.872397 74.4696
0.854536 -0.0311342 0.518458 5.48799 0.0324784 0.999451 0.00648695 -0.800186 -0.518376 0.0112954 0.855078 75.2963
0.834936 -0.0314401 0.549449 5.99296 0.0307218 0.999473 0.0105067 -0.817387 -0.549489 0.00810764 0.835462 76.0726
0.813765 -0.0253148 0.580643 6.54589 0.0270563 0.999618 0.0056622 -0.820075 -0.580565 0.0111023 0.814138 76.8569
0.791955 -0.0185685 0.610297 7.12384 0.0246044 0.999696 -0.00151188 -0.822503 -0.610084 0.0162134 0.792171 77.6028
0.769515 -0.0164456 0.638417 7.71891 0.0242776 0.999699 -0.0035107 -0.829441 -0.638167 0.0182008 0.769682 78.3154
0.745856 -0.0189737 0.665837 8.34196 0.0256955 0.99967 -0.000296937 -0.841697 -0.665611 0.0173305 0.746098 79.0148
0.721567 -0.0195248 0.69207 8.98804 0.0265545 0.999647 0.000515854 -0.85605 -0.691836 0.0180054 0.721831 79.6758
0.695705 -0.0180852 0.7181 9.65314 0.0277413 0.999614 -0.00170108 -0.868747 -0.717792 0.0211045 0.695938 80.3265
0.669297 -0.0158715 0.742826 10.342 0.0281221 0.999597 -0.00398063 -0.876015 -0.742463 0.0235541 0.669473 80.9463
0.64227 -0.0140395 0.76635 11.0341 0.0267919 0.999632 -0.00414071 -0.894611 -0.76601 0.0231914 0.64241 81.5236
0.614263 -0.0127773 0.788998 11.7639 0.0270864 0.999621 -0.00489955 -0.909774 -0.788636 0.0243808 0.614376 82.0851
0.585335 -0.00652146 0.810766 12.5105 0.0260259 0.999603 -0.0107491 -0.924992 -0.810374 0.0273927 0.585272 82.6245
0.555098 0.00305933 0.831779 13.265 0.0250081 0.99948 -0.0203656 -0.941541 -0.831409 0.0321061 0.554733 83.1331
0.524697 0.0109729 0.851218 14.0754 0.0241933 0.999321 -0.027795 -0.968857 -0.850945 0.0351777 0.524076 83.6228
0.49317 0.01587 0.869788 14.8896 0.0219339 0.999289 -0.0306694 -0.994423 -0.869656 0.0342031 0.492471 84.0815
0.460497 0.0154952 0.887526 15.7341 0.0201173 0.999409 -0.0278865 -1.02294 -0.887433 0.0306963 0.459913 84.5289
0.427497 0.0141527 0.903906 16.5995 0.0156416 0.999612 -0.0230488 -1.05152 -0.903882 0.0239918 0.427109 84.9407
0.393224 0.0160051 0.919303 17.4411 0.010998 0.999695 -0.022109 -1.07657 -0.919377 0.0188043 0.392928 85.2951
0.358903 0.0186149 0.933189 18.3339 0.00429566 0.999758 -0.0215949 -1.10674 -0.933365 0.0117591 0.358736 85.6319
0.323142 0.0206516 0.946125 19.2414 -0.000524301 0.999766 -0.0216434 -1.12904 -0.94635 0.00649784 0.323077 85.943
0.287188 0.0199232 0.957667 20.1568 -0.00279611 0.999797 -0.0199612 -1.15848 -0.95787 0.00305486 0.287185 86.2176
0.250878 0.0196288 0.96782 21.0862 -0.00347201 0.999806 -0.0193775 -1.18211 -0.968012 0.00150111 0.250898 86.4567
0.214893 0.0192826 0.976447 22.0349 -0.00275226 0.999813 -0.0191383 -1.20569 -0.976634 0.00142525 0.214905 86.6602
0.179496 0.0181404 0.983591 22.9885 -0.00020112 0.999831 -0.0184032 -1.22951 -0.983759 0.00310549 0.17947 86.8303
0.144205 0.0171337 0.989399 23.9427 0.0082695 0.999794 -0.018519 -1.25862 -0.989513 0.0108524 0.144034 86.9656
0.110213 0.0207597 0.993691 24.9085 0.0109338 0.999696 -0.0220978 -1.28563 -0.993848 0.0133003 0.109953 87.0662
0.0778332 0.025404 0.996643 25.8959 0.012219 0.999576 -0.026433 -1.31444 -0.996892 0.0142353 0.0774897 87.1333
0.0484323 0.0291554 0.998401 26.8674 0.0192272 0.999361 -0.0301161 -1.34938 -0.998641 0.0206551 0.0478408 87.1776
0.0220249 0.0280395 0.999364 27.8441 0.0209011 0.999375 -0.0285004 -1.37892 -0.999539 0.0215155 0.021425 87.2093
0.000119025 0.0251495 0.999684 28.8571 0.0228093 0.999424 -0.0251457 -1.40994 -0.99974 0.0228051 -0.000454687 87.196
-0.0192049 0.0229394 0.999552 29.8475 0.0229737 0.999483 -0.0224964 -1.43609 -0.999552 0.0225314 -0.019722 87.1838
-0.0348241 0.0259323 0.999057 30.8603 0.0249017 0.999375 -0.0250726 -1.47109 -0.999083 0.0240051 -0.0354481 87.1328
-0.0494555 0.0302584 0.998318 31.8614 0.0277619 0.999196 -0.0289097 -1.50367 -0.99839 0.0262854 -0.0502558 87.0768
-0.0609472 0.0356483 0.997504 32.8636 0.0319253 0.99892 -0.0337483 -1.53636 -0.99763 0.0297888 -0.0620195 87.0042
-0.0694347 0.0394526 0.996806 33.8866 0.0375546 0.998613 -0.0369082 -1.57096 -0.996879 0.0348719 -0.07082 86.915
-0.0757109 0.045294 0.996101 34.8691 0.0413813 0.99825 -0.0422465 -1.61549 -0.996271 0.0380214 -0.0774528 86.8427
-0.0792319 0.0500834 0.995597 35.8816 0.0434443 0.997962 -0.046745 -1.66347 -0.995909 0.0395493 -0.0812463 86.7526
-0.0819794 0.0544933 0.995143 36.8893 0.0454101 0.997671 -0.0508909 -1.71432 -0.995599 0.0410175 -0.084263 86.6618
-0.0849422 0.0575705 0.994721 37.9004 0.0456122 0.997507 -0.0538368 -1.76917 -0.995341 0.0407985 -0.0873564 86.5768
-0.0888434 0.0622428 0.994099 38.9162 0.0460641 0.997234 -0.0583224 -1.82239 -0.99498 0.0406107 -0.0914648 86.5033
-0.090129 0.0660287 0.993739 39.9455 0.04768 0.996942 -0.0619171 -1.88767 -0.994788 0.0418009 -0.0930016 86.3914
-0.0927029 0.0681569 0.993358 40.9519 0.0501559 0.996708 -0.063706 -1.9516 -0.99443 0.0439171 -0.0958161 86.2967
-0.0949235 0.0670029 0.993227 42.0016 0.0501585 0.996787 -0.0624494 -2.02185 -0.99422 0.0438909 -0.0979793 86.1911
-0.0965011 0.0666811 0.993097 43.0511 0.0495784 0.996837 -0.0621146 -2.0934 -0.994097 0.043242 -0.0995018 86.0757
-0.0999212 0.0681682 0.992657 44.1051 0.0490102 0.996777 -0.0635176 -2.16098 -0.993788 0.0423035 -0.10294 85.9847
-0.101792 0.0707607 0.992286 45.1565 0.0471729 0.996688 -0.0662355 -2.22304 -0.993687 0.0400668 -0.104793 85.8648
-0.104073 0.0728637 0.991897 46.2088 0.045291 0.996625 -0.0684589 -2.30159 -0.993538 0.0377993 -0.107022 85.7462
-0.107104 0.0768861 0.991271 47.2585 0.0428083 0.996438 -0.0726616 -2.37652 -0.993326 0.0346523 -0.110014 85.6418
-0.110233 0.0808374 0.990613 48.3021 0.0398512 0.996245 -0.0768625 -2.46532 -0.993107 0.0310044 -0.11304 85.5432
-0.11279 0.0830422 0.990143 49.3727 0.0376231 0.996144 -0.0792597 -2.55284 -0.992906 0.0283126 -0.115479 85.4155
-0.115709 0.081527 0.989932 50.455 0.0351678 0.996337 -0.0779439 -2.63473 -0.99266 0.0257949 -0.118153 85.2898
-0.118427 0.077381 0.989943 51.5275 0.0323588 0.99673 -0.0740404 -2.72013 -0.992435 0.023265 -0.120543 85.1609
-0.121126 0.0761074 0.989715 52.5847 0.0323262 0.99683 -0.0726983 -2.80076 -0.992111 0.0231881 -0.123203 85.0411
-0.122856 0.0767904 0.989449 53.6488 0.0317538 0.996796 -0.0734179 -2.88353 -0.991916 0.0223989 -0.124901 84.907
-0.124215 0.0797646 0.989044 54.7333 0.0326915 0.996552 -0.0762643 -2.96464 -0.991717 0.0228602 -0.126394 84.7721
-0.125386 0.0826857 0.988656 55.8128 0.0331711 0.996313 -0.0791192 -3.05028 -0.991553 0.0228745 -0.127666 84.6383
-0.125894 0.0832964 0.988541 56.915 0.0315442 0.996301 -0.079933 -3.13952 -0.991542 0.0211197 -0.128055 84.5022
-0.125637 0.0821621 0.988668 58.0061 0.0282719 0.996456 -0.0792166 -3.22971 -0.991673 0.017999 -0.127514 84.3666
-0.12558 0.0814887 0.988731 59.091 0.0243778 0.996573 -0.0790388 -3.32143 -0.991784 0.0141774 -0.127137 84.2326
-0.125226 0.0825492 0.988688 60.2238 0.0201861 0.996538 -0.0806479 -3.41145 -0.991923 0.00985855 -0.126459 84.0795
-0.125973 0.0829164 0.988562 61.3138 0.0155622 0.996543 -0.0816028 -3.50107 -0.991912 0.00510445 -0.126828 83.9558
-0.126032 0.0822901 0.988607 62.4302 0.0123261 0.996607 -0.0813846 -3.59589 -0.99195 0.00192867 -0.126618 83.8088
-0.12646 0.0771352 0.988968 63.5389 0.0125987 0.997017 -0.0761519 -3.68729 -0.991892 0.00282953 -0.127054 83.6715
-0.126616 0.0688775 0.989558 64.6499 0.0156602 0.997601 -0.0674336 -3.77246 -0.991828 0.00695854 -0.127391 83.5265
-0.126487 0.063204 0.989953 65.7686 0.0212482 0.997912 -0.0609973 -3.85729 -0.991741 0.0133194 -0.127566 83.374
-0.125994 0.0660028 0.989833 66.8708 0.028986 0.997603 -0.0628313 -3.92992 -0.991607 0.020775 -0.127605 83.2268
-0.1247 0.0716511 0.989604 67.9925 0.0341427 0.997108 -0.0678921 -4.00304 -0.991607 0.0253217 -0.126785 83.0683
-0.124243 0.0772889 0.989237 69.1161 0.0374273 0.996617 -0.0731648 -4.08394 -0.991546 0.0279343 -0.126715 82.9226
-0.123798 0.0812142 0.988978 70.241 0.0383002 0.996294 -0.0770205 -4.17768 -0.991568 0.0283431 -0.12645 82.7761
-0.12408 0.0782457 0.989182 71.3749 0.0352344 0.996605 -0.0744131 -4.26544 -0.991646 0.0256201 -0.126416 82.6401
-0.124572 0.0742799 0.989426 72.4928 0.0339854 0.996928 -0.0705642 -4.35234 -0.991628 0.0248357 -0.126714 82.5225
-0.123499 0.0711585 0.98979 73.6557 0.0316116 0.997202 -0.0677471 -4.4435 -0.991841 0.0229221 -0.125403 82.357
-0.123187 0.0719785 0.98977 74.7894 0.0285924 0.99721 -0.0689609 -4.51933 -0.991971 0.0198048 -0.124901 82.2217
-0.13059 0.0780659 0.988358 74.7388 0.0196532 0.996903 -0.076144 -4.4655 -0.991242 0.00948072 -0.13172 82.2961
-0.133165 0.0806273 0.987809 75.3197 0.0161695 0.99673 -0.0791757 -4.4954 -0.990962 0.00542901 -0.134033 82.2684
-0.133165 0.0806273 0.987809 76.4992 0.0161695 0.99673 -0.0791757 -4.56872 -0.990962 0.00542901 -0.134033 82.1128
-0.133974 0.0741387 0.988208 77.6473 0.0168848 0.997224 -0.0725259 -4.66335 -0.990841 0.00696913 -0.134854 81.9818
-0.133974 0.0741387 0.988208 78.818 0.0168848 0.997224 -0.0725259 -4.72888 -0.990841 0.00696913 -0.134854 81.8174
-0.134407 0.0773331 0.987904 79.987 0.0145968 0.996996 -0.0760589 -4.81912 -0.990819 0.00419738 -0.135132 81.6691
-0.134276 0.0799289 0.987715 81.176 0.013978 0.996795 -0.0787635 -4.91569 -0.990845 0.00323021 -0.134963 81.5038
-0.134276 0.0799289 0.987715 82.37 0.013978 0.996795 -0.0787635 -5.00286 -0.990845 0.00323021 -0.134963 81.3431
-0.134008 0.0762831 0.98804 83.5606 0.0137853 0.99708 -0.0751113 -5.10403 -0.990884 0.00355492 -0.134669 81.1817
-0.133781 0.0752927 0.988147 84.7483 0.0148311 0.99715 -0.0739708 -5.20091 -0.9909 0.00475943 -0.134516 81.0287
-0.132625 0.0756951 0.988272 85.9581 0.0168625 0.997108 -0.0741089 -5.2972 -0.991023 0.00683603 -0.133518 80.8608
-0.132169 0.0761918 0.988295 87.1556 0.0188687 0.997054 -0.0743437 -5.38765 -0.991048 0.00882188 -0.133217 80.7069
-0.132169 0.0761918 0.988295 88.3505 0.0188687 0.997054 -0.0743437 -5.4759 -0.991048 0.00882188 -0.133217 80.5639
-0.13122 0.0767919 0.988375 89.5513 0.0202909 0.996995 -0.0747677 -5.57424 -0.991146 0.0102439 -0.132384 80.4088
-0.130742 0.0750246 0.988574 90.7678 0.0209897 0.997119 -0.0728971 -5.67284 -0.991194 0.0112192 -0.13194 80.2541
-0.12986 0.0739777 0.988769 91.988 0.0193119 0.997212 -0.0720731 -5.76749 -0.991344 0.00973562 -0.130926 80.0992
-0.12859 0.0732213 0.988991 93.2033 0.0210108 0.997248 -0.0711008 -5.86594 -0.991475 0.0116367 -0.129774 79.9419
-0.126912 0.074192 0.989135 94.4328 0.0191875 0.997196 -0.0723348 -5.95856 -0.991728 0.00979891 -0.12798 79.7845
-0.124952 0.077093 0.989163 95.6447 0.0198945 0.996971 -0.0751885 -6.05273 -0.991963 0.0102839 -0.126108 79.6295
-0.124439 0.0760241 0.98931 96.8754 0.0178693 0.99707 -0.0743727 -6.14906 -0.992066 0.00842336 -0.125433 79.4847
-0.125656 0.0744583 0.989276 98.1178 0.0140793 0.997213 -0.0732674 -6.25006 -0.991974 0.00472183 -0.126354 79.3581
-0.125628 0.0751024 0.989231 99.3527 0.0120692 0.997172 -0.0741726 -6.35165 -0.992004 0.00262108 -0.126179 79.2083
-0.125288 0.0743085 0.989334 100.611 0.009851 0.997235 -0.0736544 -6.45183 -0.992071 0.000517887 -0.125674 79.0393
-0.127547 0.0713947 0.98926 101.857 0.00749221 0.997447 -0.0710196 -6.55559 -0.991804 -0.00164663 -0.127757 78.8975
-0.129284 0.0701799 0.989121 103.122 0.00554815 0.997528 -0.0700512 -6.65095 -0.991592 -0.00356872 -0.129354 78.7485
-0.129284 0.0701799 0.989121 104.381 0.00554815 0.997528 -0.0700512 -6.75057 -0.991592 -0.00356872 -0.129354 78.6012
-0.131003 0.0702065 0.988893 105.635 0.00597406 0.997527 -0.0700281 -6.84995 -0.991364 -0.00326619 -0.131099 78.4407
-0.133831 0.0689797 0.988601 106.911 0.00617599 0.997613 -0.0687725 -6.94175 -0.990985 -0.00309833 -0.133938 78.2821
-0.136475 0.0649432 0.988512 108.144 0.00373587 0.997876 -0.0650425 -7.03185 -0.990636 -0.00518374 -0.136428 78.1092
-0.139915 0.0650092 0.988027 109.403 0.00340797 0.997868 -0.0651741 -7.12407 -0.990158 -0.00575166 -0.139838 77.9237
-0.145153 0.0703432 0.986906 110.646 -0.00143666 0.997453 -0.0713063 -7.22277 -0.989408 -0.0117682 -0.144682 77.747
-0.152068 0.0735666 0.985628 111.895 -0.000463628 0.997221 -0.0745034 -7.3219 -0.98837 -0.0117865 -0.151611 77.5607
-0.160363 0.0690021 0.984643 113.173 0.00172637 0.997572 -0.069627 -7.42246 -0.987057 -0.00946574 -0.160093 77.34
-0.170743 0.0664654 0.983071 114.393 0.00413441 0.997762 -0.0667405 -7.52959 -0.985307 -0.00733105 -0.170636 77.1262
-0.183782 0.0677365 0.98063 115.591 0.00481158 0.997673 -0.0680119 -7.62607 -0.982955 -0.00778098 -0.18368 76.9149
-0.197701 0.0680869 0.977895 116.806 0.00663562 0.997655 -0.0681212 -7.71995 -0.98024 -0.00697868 -0.197689 76.6716
-0.212099 0.0657173 0.975036 118.01 0.00709979 0.997814 -0.0657081 -7.81802 -0.977222 -0.00701408 -0.212102 76.418
-0.226564 0.0683326 0.971596 119.226 0.0113924 0.997654 -0.0675087 -7.90872 -0.97393 -0.00422624 -0.226811 76.116
-0.241392 0.0716085 0.967782 120.388 0.0120043 0.997418 -0.0708071 -8.0075 -0.970353 -0.00547473 -0.241628 75.8305
-0.255878 0.0755616 0.963751 121.55 0.012329 0.997115 -0.074904 -8.10687 -0.96663 -0.00728419 -0.256072 75.5151
-0.271665 0.0733975 0.959589 122.753 0.00913375 0.997239 -0.0736915 -8.20633 -0.962349 -0.0112547 -0.271585 75.183
-0.287503 0.0673023 0.955412 123.938 0.00355968 0.997596 -0.0692027 -8.31067 -0.957773 -0.016495 -0.287052 74.844
-0.301934 0.0635443 0.951209 125.105 1.89607e-05 0.997776 -0.0666492 -8.40477 -0.953329 -0.0201056 -0.301263 74.4689
-0.31711 0.0650757 0.946153 126.291 -0.00173849 0.997602 -0.069197 -8.49535 -0.948387 -0.023588 -0.316237 74.0916
-0.331044 0.0673551 0.941208 127.439 -0.00175121 0.997404 -0.0719925 -8.58603 -0.943614 -0.0254809 -0.330066 73.693
-0.344834 0.069604 0.93608 128.58 0.000153739 0.997251 -0.0740959 -8.68471 -0.938664 -0.0254068 -0.343896 73.2799
-0.358459 0.069613 0.930946 129.722 0.00235043 0.99728 -0.0736682 -8.78162 -0.933542 -0.0242189 -0.357648 72.8332
-0.372661 0.06769 0.925495 130.842 0.00187671 0.997389 -0.0721925 -8.88072 -0.927966 -0.0251664 -0.371815 72.3986
-0.386665 0.066649 0.919809 131.968 0.00172048 0.997435 -0.0715506 -8.97508 -0.922219 -0.0260836 -0.385788 71.9232
-0.400982 0.0679743 0.913561 133.081 0.000379954 0.997256 -0.0740349 -9.07028 -0.916086 -0.0293395 -0.399907 71.4373
-0.415649 0.0703264 0.906802 134.17 0.00163768 0.997062 -0.0765758 -9.16845 -0.909524 -0.0303436 -0.414543 70.9455
-0.430583 0.0718894 0.899684 135.249 0.00295068 0.99693 -0.0782477 -9.27187 -0.902546 -0.0310374 -0.429473 70.4498
-0.444384 0.074559 0.892728 136.328 0.00574748 0.996747 -0.0803855 -9.37533 -0.895818 -0.0305911 -0.443367 69.9047
-0.459002 0.0781506 0.884992 137.403 0.00540247 0.996351 -0.0851824 -9.47492 -0.888419 -0.0343177 -0.457749 69.3563
-0.473378 0.0807046 0.877155 138.478 0.00627625 0.996078 -0.0882592 -9.5761 -0.880837 -0.0362747 -0.472027 68.7714
-0.488292 0.0782636 0.869164 139.544 0.00542736 0.996224 -0.0866556 -9.68959 -0.872663 -0.037596 -0.486873 68.1732
-0.504085 0.0740467 0.860474 140.605 0.00258838 0.996443 -0.084231 -9.79956 -0.86365 -0.0402323 -0.502484 67.5588
-0.519222 0.0740848 0.851422 141.667 0.00230482 0.996353 -0.0852902 -9.91008 -0.854636 -0.0423222 -0.517499 66.9073
-0.535537 0.073491 0.841308 142.769 0.00155725 0.996291 -0.086038 -10.0155 -0.84451 -0.0447664 -0.533665 66.2491
-0.550268 0.0727888 0.831809 143.774 0.00161531 0.996284 -0.0861128 -10.1311 -0.834986 -0.0460415 -0.548341 65.5716
-0.565165 0.0723356 0.8218 144.791 0.000391684 0.996172 -0.0874145 -10.2458 -0.824978 -0.0490818 -0.56303 64.8711
-0.579938 0.0718172 0.811489 145.815 0.000601829 0.996144 -0.0877291 -10.3615 -0.814661 -0.050389 -0.577745 64.1451
-0.594786 0.0693827 0.800884 146.84 0.000703698 0.996313 -0.0857905 -10.4775 -0.803884 -0.0504634 -0.592642 63.398
-0.60912 0.0658461 0.790339 147.831 0.00143125 0.996637 -0.0819305 -10.5944 -0.793076 -0.0487744 -0.607166 62.6365
-0.621684 0.0648892 0.780575 148.775 0.00248775 0.996721 -0.0808761 -10.7024 -0.783264 -0.0483375 -0.619807 61.8556
-0.635197 0.0635579 0.769731 149.753 0.0022742 0.996758 -0.0804271 -10.8104 -0.772347 -0.0493365 -0.633282 61.0433
-0.649561 0.0647809 0.757545 150.74 0.00158844 0.996477 -0.083851 -10.923 -0.760308 -0.053263 -0.647375 60.1991
-0.66408 0.0649834 0.744833 151.69 0.000224452 0.996233 -0.0867168 -11.0295 -0.747662 -0.0574197 -0.661593 59.3575
-0.679978 0.0617056 0.730632 152.642 -0.00114188 0.996362 -0.0852107 -11.1469 -0.733232 -0.0587757 -0.677434 58.4973
-0.695565 0.0550042 0.716355 153.565 -0.00400881 0.996752 -0.0804265 -11.2586 -0.718452 -0.0588136 -0.693085 57.6137
-0.71089 0.0534608 0.701268 154.449 -0.00369955 0.996809 -0.0797415 -11.373 -0.703293 -0.0592818 -0.708424 56.7011
-0.727365 0.0509991 0.684353 155.336 -0.00527713 0.99679 -0.0798911 -11.4782 -0.68623 -0.0617214 -0.724761 55.7579
-0.744006 0.0473591 0.666493 156.205 -0.0079919 0.996783 -0.0797499 -11.5915 -0.668125 -0.064661 -0.741234 54.7905
-0.761012 0.0459078 0.647111 157.058 -0.00705897 0.996848 -0.0790205 -11.6975 -0.648699 -0.0647035 -0.758289 53.8257
-0.775912 0.0478909 0.62902 157.857 -0.00459096 0.996659 -0.0815443 -11.8209 -0.630824 -0.0661591 -0.7731 52.8249
-0.790251 0.047779 0.610918 158.653 -0.000812876 0.996873 -0.0790155 -11.9309 -0.612783 -0.0629387 -0.787741 51.786
-0.803274 0.0493984 0.593558 159.395 0.00360076 0.996939 -0.0780966 -12.0506 -0.595599 -0.0605957 -0.800993 50.7397
-0.81678 0.0510518 0.574687 160.129 0.0057017 0.996743 -0.0804413 -12.1588 -0.576922 -0.0624261 -0.814411 49.6762
-0.830614 0.0531105 0.55431 160.856 0.00699852 0.996358 -0.0849777 -12.2701 -0.556805 -0.0667043 -0.827961 48.6049
-0.842682 0.0546278 0.535632 161.54 0.0105108 0.996319 -0.0850759 -12.3823 -0.538308 -0.066062 -0.840155 47.5052
-0.854975 0.0534431 0.515909 162.225 0.0125214 0.996514 -0.0824783 -12.5028 -0.518519 -0.064057 -0.852663 46.4064
-0.865001 0.0560906 0.498625 162.858 0.0159949 0.99631 -0.0843278 -12.6192 -0.501515 -0.0649682 -0.862706 45.3118
-0.874434 0.0581147 0.481652 163.481 0.0182021 0.99603 -0.0871325 -12.7355 -0.484803 -0.0674246 -0.87202 44.2
-0.883687 0.0562285 0.464689 164.085 0.0167511 0.995922 -0.0886539 -12.8522 -0.467778 -0.0705582 -0.881025 43.104
-0.892133 0.0534868 0.448596 164.666 0.0157383 0.996044 -0.0874609 -12.9699 -0.451499 -0.0709666 -0.889445 41.9935
-0.898936 0.0517223 0.435017 165.244 0.0151246 0.996078 -0.0871769 -13.1012 -0.43782 -0.0717869 -0.896192 40.7585
-0.905508 0.0506009 0.4213 165.794 0.0154483 0.996137 -0.0864391 -13.2166 -0.424047 -0.071763 -0.902792 39.5762
-0.912455 0.0481337 0.406337 166.366 0.0145881 0.996252 -0.0852552 -13.3417 -0.408918 -0.0718639 -0.909737 38.4046
-0.918347 0.0431872 0.393413 166.899 0.0119242 0.996596 -0.0815674 -13.455 -0.395597 -0.070216 -0.915736 37.2072
-0.92361 0.0397695 0.381265 167.418 0.0105923 0.996872 -0.0783233 -13.5679 -0.383187 -0.0683017 -0.921142 35.9979
-0.92783 0.0409561 0.370748 167.884 0.0145707 0.997175 -0.0736922 -13.6913 -0.372719 -0.0629717 -0.925805 34.7995
-0.931203 0.0447264 0.361748 168.374 0.0181944 0.99691 -0.0764222 -13.785 -0.364048 -0.0645827 -0.929139 33.5856
-0.932365 0.0512781 0.357863 168.778 0.0250793 0.996679 -0.0774732 -13.9004 -0.360647 -0.0632584 -0.930555 32.3682
-0.933324 0.0556026 0.354703 169.219 0.0294277 0.996458 -0.0787703 -14.0151 -0.357827 -0.0630801 -0.931655 31.1106
-0.935851 0.0527627 0.348425 169.702 0.0270428 0.996565 -0.0782763 -14.1191 -0.351358 -0.0638326 -0.934063 29.9158
-0.937804 0.0455661 0.344162 170.148 0.0212136 0.997018 -0.0741978 -14.2279 -0.346516 -0.0622821 -0.935974 28.7253
-0.938959 0.0392814 0.341778 170.572 0.0155616 0.997293 -0.0718691 -14.3373 -0.343676 -0.0621635 -0.937029 27.5006
-0.940594 0.033137 0.337912 171.016 0.00899432 0.997309 -0.0727638 -14.4424 -0.339414 -0.0654019 -0.938361 26.2726
-0.942293 0.0311792 0.333334 171.465 0.00649163 0.997168 -0.0749215 -14.5512 -0.334726 -0.0684342 -0.939827 25.0807
-0.94338 0.0320357 0.330164 171.905 0.00658738 0.996939 -0.0779104 -14.6532 -0.331649 -0.0713241 -0.940703 23.8944
-0.94365 0.0329337 0.329303 172.335 0.00720003 0.996844 -0.0790625 -14.7695 -0.330867 -0.0722363 -0.940909 22.6706
-0.94367 0.0358504 0.32894 172.765 0.00973816 0.996692 -0.0806901 -14.8812 -0.330744 -0.0729415 -0.940897 21.4496
-0.943593 0.0374325 0.328985 173.201 0.0107165 0.996521 -0.082649 -14.9948 -0.330934 -0.0744614 -0.940711 20.2506
-0.943593 0.0374325 0.328985 173.638 0.0107165 0.996521 -0.082649 -15.1363 -0.330934 -0.0744614 -0.940711 19.038
-0.943593 0.0374325 0.328985 174.083 0.0107165 0.996521 -0.082649 -15.2519 -0.330934 -0.0744614 -0.940711 17.846
-0.943593 0.0374325 0.328985 174.533 0.0107165 0.996521 -0.082649 -15.3693 -0.330934 -0.0744614 -0.940711 16.6418
-0.942599 0.0362487 0.331955 174.972 0.00899614 0.996486 -0.0832691 -15.4801 -0.333807 -0.075503 -0.939613 15.4397
-0.941397 0.0350215 0.335478 175.414 0.0082774 0.996694 -0.0808202 -15.5953 -0.3372 -0.073307 -0.938575 14.254
-0.93941 0.0333589 0.341169 175.857 0.00691863 0.996896 -0.0784242 -15.7026 -0.342726 -0.071312 -0.936725 13.0509
-0.937232 0.0313225 0.347297 176.307 0.00547537 0.997157 -0.0751567 -15.8163 -0.348664 -0.0685377 -0.934739 11.8703
-0.934464 0.0342053 0.354411 176.767 0.00789431 0.997121 -0.0754204 -15.9189 -0.35597 -0.0676798 -0.932043 10.6567
-0.931785 0.0354876 0.361273 177.227 0.00866898 0.997102 -0.0755859 -16.0213 -0.362908 -0.0672979 -0.929392 9.52275
-0.927311 0.0390065 0.372254 177.7 0.0106878 0.996909 -0.0778366 -16.1304 -0.374139 -0.0682002 -0.924861 8.29048
-0.923696 0.0413141 0.380893 178.203 0.0128416 0.996949 -0.0769936 -16.2348 -0.382912 -0.0662273 -0.921408 7.12267
-0.918544 0.0435322 0.392915 178.693 0.0134354 0.996782 -0.0790275 -16.339 -0.395091 -0.0673113 -0.916173 5.9494
-0.912003 0.0461803 0.407577 179.216 0.0144512 0.996643 -0.0805879 -16.4467 -0.40993 -0.0676064 -0.909608 4.72521
-0.906377 0.048794 0.419642 179.756 0.0158832 0.996541 -0.0815672 -16.5517 -0.42217 -0.0672654 -0.904017 3.58721
-0.900304 0.0487461 0.432523 180.31 0.0156719 0.996695 -0.0797079 -16.6555 -0.434979 -0.0649828 -0.898093 2.44683
-0.893596 0.0520959 0.445839 180.873 0.0178756 0.996584 -0.080622 -16.7666 -0.448516 -0.0640739 -0.891475 1.30705
-0.885822 0.0553275 0.460715 181.461 0.0204867 0.996561 -0.0802876 -16.8756 -0.463573 -0.061682 -0.883909 0.125912
-0.879233 0.057273 0.472937 182.067 0.0223506 0.996613 -0.0791387 -16.9819 -0.475867 -0.059011 -0.877535 -0.975075
-0.872079 0.058901 0.485807 182.728 0.0247184 0.996765 -0.0764791 -17.0953 -0.48874 -0.0546875 -0.870714 -2.1127
-0.864766 0.0621951 0.498309 183.363 0.0277866 0.996707 -0.0761804 -17.1972 -0.501406 -0.052032 -0.863646 -3.18088
-0.855839 0.0657549 0.513045 184.016 0.031777 0.996697 -0.0747335 -17.3123 -0.516265 -0.0476568 -0.855102 -4.26498
-0.844632 0.0691289 0.530865 184.676 0.0348425 0.996624 -0.0743436 -17.4152 -0.534212 -0.0442964 -0.844189 -5.35574
-0.834509 0.072397 0.546218 185.371 0.037987 0.996531 -0.0740461 -17.5182 -0.549684 -0.041043 -0.834364 -6.39044
-0.823985 0.0745261 0.561689 186.065 0.0401182 0.996498 -0.073365 -17.6287 -0.565189 -0.0379177 -0.82409 -7.39778
-0.811167 0.0766021 0.579777 186.786 0.0414901 0.996424 -0.0736021 -17.7333 -0.583341 -0.0356486 -0.811444 -8.4378
-0.798308 0.0793353 0.597001 187.527 0.043518 0.996293 -0.074205 -17.8361 -0.600675 -0.0332581 -0.798801 -9.44649
-0.785569 0.0804108 0.613528 188.297 0.0443364 0.996286 -0.0738074 -17.9289 -0.617184 -0.0307791 -0.786216 -10.4089
-0.771 0.0824043 0.631481 189.076 0.0456251 0.996192 -0.0742913 -18.0263 -0.635199 -0.0284672 -0.771824 -11.3616
-0.753005 0.0840941 0.652619 189.86 0.0469366 0.996138 -0.0742024 -18.1443 -0.656338 -0.0252431 -0.754044 -12.3153
-0.735021 0.0863152 0.672528 190.663 0.0473432 0.995977 -0.0760856 -18.2578 -0.67639 -0.0240849 -0.73615 -13.2348
-0.717464 0.0860875 0.691256 191.491 0.0467315 0.996047 -0.0755423 -18.3745 -0.695027 -0.0218954 -0.718651 -14.0993
-0.698144 0.0864724 0.710716 192.336 0.0462301 0.996053 -0.0757768 -18.4817 -0.714463 -0.0200466 -0.699386 -14.9487
-0.679882 0.0856532 0.728302 193.216 0.0439687 0.99613 -0.0761061 -18.5872 -0.732002 -0.0197207 -0.681017 -15.7481
-0.659772 0.0858147 0.74655 194.102 0.0417905 0.996111 -0.0775685 -18.6948 -0.750303 -0.0199788 -0.660793 -16.5344
-0.670971 0.0893463 0.736081 194.269 0.0433771 0.995743 -0.0813242 -18.6582 -0.740214 -0.0226371 -0.67199 -16.4444
-0.651999 0.0885457 0.753031 195.179 0.0414561 0.995835 -0.0812019 -18.772 -0.757085 -0.0217258 -0.652955 -17.2105
-0.629536 0.0888718 0.771872 196.093 0.0407099 0.995845 -0.0814568 -18.8744 -0.775904 -0.0198572 -0.630538 -17.9764
-0.609175 0.0899345 0.78792 197.044 0.0399914 0.995768 -0.0827396 -18.9806 -0.792027 -0.0188929 -0.610193 -18.6709
-0.584763 0.0928381 0.805874 198.004 0.041122 0.995545 -0.0848493 -19.0926 -0.810161 -0.0164776 -0.585976 -19.3873
-0.560173 0.0950197 0.822908 198.977 0.0397732 0.995339 -0.0878554 -19.1865 -0.82742 -0.0164846 -0.561342 -20.046
-0.534547 0.0937421 0.839924 199.982 0.0356133 0.995445 -0.0884344 -19.2887 -0.844388 -0.0173599 -0.53545 -20.6925
-0.507205 0.091799 0.856923 200.99 0.0343682 0.995674 -0.0863207 -19.4099 -0.86114 -0.0143314 -0.508166 -21.3031
-0.479226 0.0925624 0.872797 202.012 0.0341343 0.995637 -0.0868477 -19.5292 -0.877027 -0.0118274 -0.480295 -21.8596
-0.448778 0.0949789 0.888581 203.058 0.0337608 0.995428 -0.0893486 -19.6453 -0.893005 -0.0100984 -0.449933 -22.4049
-0.418601 0.0973295 0.90294 204.125 0.0342734 0.995225 -0.091388 -19.7555 -0.907523 -0.00730825 -0.419938 -22.906
-0.387741 0.0982174 0.916521 205.213 0.0355654 0.995161 -0.0915985 -19.8737 -0.921082 -0.00292017 -0.389358 -23.3748
-0.354336 0.0987583 0.929889 206.326 0.0328366 0.995108 -0.0931724 -19.9809 -0.934542 -0.00247992 -0.355845 -23.8385
-0.322636 0.0988661 0.941346 207.432 0.0338177 0.995099 -0.092921 -20.0966 -0.945919 0.00185445 -0.324398 -24.2125
-0.289112 0.0965531 0.952414 208.561 0.0325802 0.995317 -0.0910125 -20.2206 -0.956741 0.00471702 -0.290904 -24.5683
-0.254644 0.0956574 0.962292 209.69 0.0316146 0.995387 -0.0905813 -20.3361 -0.966518 0.00735652 -0.256494 -24.8837
-0.218502 0.094439 0.971256 210.84 0.029949 0.995486 -0.0900574 -20.4574 -0.975377 0.00941045 -0.220344 -25.1757
-0.183512 0.0944212 0.978472 211.986 0.0285438 0.995468 -0.0907079 -20.5679 -0.982603 0.0112833 -0.185375 -25.4013
-0.147385 0.0940197 0.9846 213.136 0.0287353 0.995459 -0.0907552 -20.6924 -0.988662 0.0149168 -0.149417 -25.5939
-0.112408 0.0951628 0.989095 214.312 0.0258841 0.995346 -0.0928226 -20.8029 -0.993325 0.0151678 -0.114348 -25.7414
-0.0764574 0.0945177 0.992583 215.491 0.0247284 0.99537 -0.0928784 -20.9239 -0.996766 0.0174437 -0.0784407 -25.8628
-0.0431492 0.0936299 0.994672 216.674 0.0215262 0.995455 -0.0927699 -21.0441 -0.998837 0.0174085 -0.0449685 -25.9259
-0.0104257 0.0945915 0.995462 217.849 0.0184638 0.995364 -0.0943889 -21.1567 -0.999775 0.0173959 -0.0121239 -25.9441
0.0228886 0.0943494 0.995276 219.041 0.019246 0.995311 -0.0947953 -21.2798 -0.999553 0.0213248 0.0209655 -25.937
0.0540493 0.0928799 0.994209 220.208 0.0180449 0.995411 -0.0939731 -21.3921 -0.998375 0.0230196 0.0521253 -25.8712
0.0848823 0.0921416 0.992121 221.376 0.0182108 0.995405 -0.0940046 -21.5112 -0.996225 0.0260466 0.0828143 -25.7755
0.116498 0.091607 0.988957 222.563 0.0179236 0.995381 -0.0943134 -21.6414 -0.993029 0.028713 0.114318 -25.6663
0.147082 0.0912979 0.984902 223.735 0.019472 0.995271 -0.095167 -21.762 -0.988933 0.0331753 0.144609 -25.5031
0.178183 0.0912411 0.979758 224.904 0.0204513 0.995133 -0.0963923 -21.8785 -0.983785 0.0372128 0.17545 -25.3082
0.209159 0.0897288 0.973756 226.076 0.0208118 0.995147 -0.0961702 -22.0006 -0.97766 0.0403805 0.206277 -25.0781
0.239869 0.0884443 0.966768 227.247 0.0208882 0.995141 -0.0962226 -22.1264 -0.970581 0.0432748 0.236855 -24.8107
0.269982 0.08783 0.958851 228.396 0.0219077 0.995013 -0.097311 -22.2535 -0.962616 0.0472785 0.266711 -24.504
0.298815 0.0872293 0.950316 229.525 0.0214714 0.994947 -0.0980774 -22.3794 -0.95407 0.0497116 0.295432 -24.158
0.327181 0.0856092 0.941076 230.649 0.020855 0.994991 -0.0977645 -22.5013 -0.944732 0.0516128 0.323757 -23.7739
0.354993 0.084284 0.931062 231.769 0.0200199 0.995014 -0.0977063 -22.6304 -0.934655 0.0533248 0.351535 -23.3473
0.38354 0.0857839 0.919532 232.881 0.0196263 0.994695 -0.100982 -22.7537 -0.923316 0.0567777 0.379821 -22.8887
0.411959 0.0873823 0.907003 233.981 0.0193839 0.994326 -0.104599 -22.8796 -0.910996 0.0606719 0.407927 -22.3994
0.439583 0.0864056 0.894036 235.069 0.0189082 0.994251 -0.105388 -23.0084 -0.898003 0.0632312 0.435422 -21.8698
0.466239 0.0841567 0.880647 236.114 0.0178451 0.994368 -0.104472 -23.1441 -0.884479 0.064424 0.462111 -21.3146
0.49142 0.0816455 0.867087 237.173 0.0165187 0.994543 -0.103009 -23.2841 -0.870766 0.0649437 0.48739 -20.7044
0.515071 0.0823396 0.853183 238.229 0.0143702 0.994406 -0.104644 -23.4074 -0.857027 0.0661596 0.511007 -20.0743
0.535506 0.0824357 0.840499 239.263 0.0123105 0.994357 -0.105369 -23.5352 -0.844442 0.0667728 0.531469 -19.3955
0.555564 0.0803777 0.82758 240.262 0.0102335 0.99458 -0.103467 -23.6855 -0.831411 0.0659517 0.55173 -18.7334
0.575308 0.077817 0.814227 241.28 0.00947558 0.994763 -0.101766 -23.8151 -0.817882 0.0662622 0.571558 -18.0355
0.593769 0.0744513 0.801184 242.314 0.00964281 0.99498 -0.0996066 -23.9556 -0.804578 0.066869 0.59007 -17.2976
0.611124 0.0714189 0.788307 243.306 0.0101019 0.995136 -0.0979886 -24.0927 -0.791471 0.0678465 0.60743 -16.5525
0.627493 0.0693273 0.775529 244.259 0.0109813 0.995141 -0.0978444 -24.2227 -0.778544 0.069913 0.623683 -15.7959
0.64372 0.0683932 0.762198 245.218 0.0102247 0.995141 -0.0979308 -24.3555 -0.765193 0.0708333 0.639893 -15.0069
0.658767 0.066923 0.749365 246.113 0.010518 0.995119 -0.0981168 -24.4769 -0.752274 0.072518 0.654848 -14.1985
0.674065 0.0639807 0.735896 247.039 0.0096055 0.995398 -0.095341 -24.6097 -0.738609 0.0713347 0.670349 -13.3577
0.688507 0.0613841 0.722627 247.941 0.00962472 0.99555 -0.0937381 -24.7315 -0.725166 0.0714944 0.684853 -12.4831
0.703958 0.0587912 0.707804 248.877 0.00942168 0.995707 -0.0920753 -24.8698 -0.710179 0.0714859 0.700383 -11.5737
0.717662 0.0584225 0.693936 249.732 0.00952746 0.995558 -0.0936692 -25.0014 -0.696326 0.0738343 0.713918 -10.6792
0.73126 0.0576757 0.679656 250.626 0.00899324 0.995517 -0.0941557 -25.1282 -0.68204 0.0749645 0.727463 -9.73607
0.742787 0.0571229 0.667086 251.458 0.00779127 0.995549 -0.0939248 -25.2512 -0.669482 0.0749636 0.739036 -8.78091
0.7526 0.0551509 0.656164 252.233 0.00711259 0.995747 -0.0918509 -25.3725 -0.65844 0.073794 0.749007 -7.81508
0.763678 0.0529977 0.643418 253.042 0.00785372 0.995788 -0.0913438 -25.4913 -0.645549 0.0748105 0.760046 -6.84164
0.773866 0.0519792 0.631213 253.855 0.00762762 0.995789 -0.0913528 -25.6195 -0.633303 0.0755095 0.770211 -5.83747
0.78319 0.0492911 0.619826 254.657 0.0110935 0.995586 -0.0931905 -25.7451 -0.621683 0.0798619 0.779187 -4.81952
0.792081 0.0465007 0.608643 255.436 0.0124654 0.995654 -0.092291 -25.8673 -0.610289 0.0806889 0.788059 -3.81719
0.79999 0.0428721 0.59848 256.208 0.0151386 0.995684 -0.0915616 -25.9951 -0.599823 0.0823085 0.795888 -2.79778
0.807233 0.0424377 0.588705 256.958 0.0149434 0.995623 -0.0922614 -26.1156 -0.590043 0.0832737 0.803066 -1.76394
0.812644 0.0406345 0.581342 257.717 0.0156723 0.995681 -0.0915038 -26.2416 -0.58255 0.083471 0.808498 -0.679814
0.816833 0.0396518 0.57551 258.476 0.014648 0.995888 -0.0894054 -26.3739 -0.576688 0.0814593 0.812893 0.404538
0.819917 0.0381182 0.571212 259.229 0.0151336 0.995989 -0.0881872 -26.4969 -0.572283 0.0809507 0.816051 1.48286
0.822475 0.036621 0.567622 259.955 0.016585 0.995957 -0.0882872 -26.6086 -0.56856 0.082028 0.818542 2.53137
0.824892 0.0352299 0.564191 260.695 0.0173319 0.996011 -0.0875348 -26.7354 -0.565024 0.0819853 0.820991 3.61991
0.826728 0.0335843 0.561598 261.43 0.0175578 0.99619 -0.0854203 -26.8641 -0.562327 0.0804798 0.822989 4.70359
0.829086 0.0308764 0.558268 262.182 0.0198776 0.996215 -0.0846184 -26.9832 -0.558768 0.081253 0.825334 5.80761
0.831385 0.0299574 0.554889 262.922 0.0211856 0.996111 -0.0855204 -27.097 -0.555293 0.082856 0.827517 6.90103
0.833668 0.0282849 0.551541 263.67 0.0223226 0.996146 -0.0848269 -27.2145 -0.551814 0.0830293 0.829823 8.05667
0.83586 0.0293076 0.54816 264.422 0.02109 0.996122 -0.0854171 -27.3297 -0.548537 0.0829575 0.832 9.25003
0.837685 0.0294228 0.545361 265.176 0.0206325 0.99613 -0.0854343 -27.4547 -0.545764 0.0828192 0.833836 10.443
0.841921 0.030077 0.538763 266.074 0.0191223 0.996155 -0.0854937 -27.6062 -0.539263 0.0822813 0.838108 11.8271
0.844213 0.0314414 0.535084 266.923 0.0170972 0.996191 -0.0855105 -27.7602 -0.535734 0.0813376 0.84046 13.1792
0.845835 0.0322458 0.532469 267.735 0.0152926 0.996295 -0.084627 -27.9008 -0.533226 0.0797233 0.842208 14.4775
0.845835 0.0322458 0.532469 268.429 0.0152926 0.996295 -0.084627 -28.0292 -0.533226 0.0797233 0.842208 15.6601
0.846393 0.0348503 0.531418 269.157 0.0129361 0.996217 -0.0859351 -28.1532 -0.532402 0.0796093 0.84274 16.8377
0.847074 0.0350729 0.530316 269.871 0.0137431 0.996041 -0.0878258 -28.2696 -0.531297 0.0816832 0.843238 17.9586
