1 0 0 0 0 1 0 0 0 0 1 0
0.999999 0.00076803 0.00120686 -0.00150647 -0.000761924 0.999987 -0.00505178 0.00267714 -0.00121073 0.00505085 0.999987 0.975485
0.999997 -0.00226374 0.00102434 0.0113695 0.00227027 0.999977 -0.00641688 0.00463143 -0.00100979 0.00641918 0.999979 1.92926
0.99999 -0.0043193 0.00101664 0.0157641 0.0043218 0.999988 -0.0024733 0.00395157 -0.00100594 0.00247767 0.999996 2.88934
0.999973 -0.00722085 -0.0013578 0.0370133 0.00722547 0.999968 0.00342598 0.00216484 0.00133302 -0.0034357 0.999993 3.84694
0.999941 -0.0104203 -0.00319488 0.0391418 0.0104324 0.999938 0.00379722 0.00355891 0.00315511 -0.00383033 0.999988 4.80414
0.99991 -0.0127173 -0.00433492 0.0404379 0.0127227 0.999918 0.0012098 0.00785889 0.00431918 -0.00126484 0.99999 5.75346
0.999894 -0.0133668 -0.00573207 0.040504 0.0133553 0.999909 -0.0020258 0.00733025 0.00575863 0.00194903 0.999982 6.68558
0.999894 -0.0133668 -0.00573207 0.0148964 0.0133553 0.999909 -0.0020258 -0.00183513 0.00575863 0.00194903 0.999982 7.62791
0.999894 -0.0133668 -0.00573207 -0.0232645 0.0133553 0.999909 -0.0020258 0.0229712 0.00575863 0.00194903 0.999982 8.56233
0.999894 -0.0133668 -0.00573207 -0.0553254 0.0133553 0.999909 -0.0020258 0.0667691 0.00575863 0.00194903 0.999982 9.50136
0.999894 -0.0133668 -0.00573207 -0.0807963 0.0133553 0.999909 -0.0020258 0.0831449 0.00575863 0.00194903 0.999982 10.4461
0.999894 -0.0133668 -0.00573207 -0.0948552 0.0133553 0.999909 -0.0020258 0.0936107 0.00575863 0.00194903 0.999982 11.3657
0.999894 -0.0133668 -0.00573207 -0.118042 0.0133553 0.999909 -0.0020258 0.0911838 0.00575863 0.00194903 0.999982 12.2929
0.999883 -0.014037 -0.00613103 -0.130895 0.0140142 0.999895 -0.00375629 0.0916656 0.00618311 0.00366993 0.999974 13.2082
0.999855 -0.0151439 -0.00779623 -0.137588 0.015097 0.999868 -0.00603354 0.0926909 0.00788657 0.00591496 0.999951 14.1261
0.999816 -0.0167155 -0.00943247 -0.14375 0.0166466 0.999835 -0.00732788 0.0878334 0.0095534 0.00716951 0.999929 15.0456
0.999816 -0.0167155 -0.00943247 -0.187921 0.0166466 0.999835 -0.00732788 0.0698753 0.0095534 0.00716951 0.999929 15.9573
0.999826 -0.0153167 -0.0106591 -0.207178 0.0152308 0.999851 -0.00809733 0.0600329 0.0107816 0.00793357 0.99991 16.8671
0.999826 -0.0153167 -0.0106591 -0.250619 0.0152308 0.999851 -0.00809733 0.0586419 0.0107816 0.00793357 0.99991 17.7709
0.999826 -0.0153167 -0.0106591 -0.286257 0.0152308 0.999851 -0.00809733 0.0654648 0.0107816 0.00793357 0.99991 18.6638
0.999826 -0.0153167 -0.0106591 -0.323293 0.0152308 0.999851 -0.00809733 0.0771073 0.0107816 0.00793357 0.99991 19.5783
0.999826 -0.0153167 -0.0106591 -0.36153 0.0152308 0.999851 -0.00809733 0.0817439 0.0107816 0.00793357 0.99991 20.4731
0.999826 -0.0153167 -0.0106591 -0.396336 0.0152308 0.999851 -0.00809733 0.0700935 0.0107816 0.00793357 0.99991 21.357
0.999826 -0.0153167 -0.0106591 -0.435271 0.0152308 0.999851 -0.00809733 0.0582161 0.0107816 0.00793357 0.99991 22.2507
0.999826 -0.0153167 -0.0106591 -0.464614 0.0152308 0.999851 -0.00809733 0.0579319 0.0107816 0.00793357 0.99991 23.1128
0.999816 -0.0153982 -0.0114581 -0.477364 0.0153276 0.999863 -0.00622433 0.0517464 0.0115524 0.00604756 0.999915 23.9788
0.99978 -0.0166089 -0.0127999 -0.482205 0.016562 0.999856 -0.00376052 0.0487195 0.0128605 0.0035477 0.999911 24.8358
0.99978 -0.0166089 -0.0127999 -0.50605 0.016562 0.999856 -0.00376052 0.0699003 0.0128605 0.0035477 0.999911 25.6749
0.99978 -0.0166089 -0.0127999 -0.534299 0.016562 0.999856 -0.00376052 0.0465389 0.0128605 0.0035477 0.999911 26.5241
0.999778 -0.0150853 -0.014694 -0.538026 0.0149988 0.99987 -0.00597962 0.0372041 0.0147823 0.0057579 0.999874 27.3429
0.999764 -0.0147051 -0.0159657 -0.546357 0.0145768 0.999861 -0.00812217 0.0374257 0.0160829 0.00788753 0.99984 28.1481
0.999728 -0.0137998 -0.0188102 -0.542862 0.0136477 0.999873 -0.00819034 0.0302184 0.0189208 0.00793139 0.99979 28.9624
0.999728 -0.0137998 -0.0188102 -0.587165 0.0136477 0.999873 -0.00819034 0.0160185 0.0189208 0.00793139 0.99979 29.7445
0.999692 -0.0134887 -0.0208441 -0.604904 0.0133036 0.999871 -0.00899546 0.00898458 0.0209628 0.00871538 0.999742 30.5348
0.999665 -0.0130575 -0.0223292 -0.631723 0.0128595 0.999877 -0.00898755 0.00371297 0.0224438 0.0086974 0.99971 31.3012
0.999619 -0.012919 -0.0243853 -0.649233 0.0127321 0.999888 -0.00780546 0.00191354 0.0244834 0.00749201 0.999672 32.0776
0.999577 -0.0131232 -0.0259454 -0.682976 0.0129968 0.999903 -0.00503385 -0.00821198 0.0260089 0.00469451 0.999651 32.8229
0.999538 -0.0117674 -0.0280098 -0.704881 0.0116702 0.999925 -0.00363358 -0.00960606 0.0280505 0.00330502 0.999601 33.5835
0.99952 -0.0100064 -0.0293063 -0.738388 0.00990735 0.999945 -0.00352413 -0.0108472 0.0293399 0.00323209 0.999564 34.3138
0.999476 -0.00757708 -0.0314801 -0.7617 0.00743116 0.999961 -0.00474962 -0.00739222 0.0315148 0.0045132 0.999493 35.0566
0.999446 -0.00576222 -0.0327897 -0.79849 0.00557273 0.999967 -0.00586724 -0.0059011 0.0328224 0.00568126 0.999445 35.7678
0.999446 -0.00576222 -0.0327897 -0.854099 0.00557273 0.999967 -0.00586724 0.0104911 0.0328224 0.00568126 0.999445 36.4696
0.999446 -0.00576222 -0.0327897 -0.899211 0.00557273 0.999967 -0.00586724 0.0442456 0.0328224 0.00568126 0.999445 37.1824
0.999473 -0.00277014 -0.0323573 -0.937878 0.00259284 0.999981 -0.00552023 0.0406403 0.032372 0.00543342 0.999461 37.8632
0.999491 0.000193584 -0.0319053 -0.956274 -0.000440994 0.99997 -0.00774766 0.035948 0.0319029 0.00775778 0.999461 38.5447
0.999521 0.00168273 -0.030899 -0.966327 -0.00200926 0.999942 -0.0105397 0.0277304 0.0308795 0.0105967 0.999467 39.2259
0.999593 0.00283056 -0.0283772 -0.990698 -0.00320751 0.999907 -0.0132467 0.0353107 0.0283371 0.0133323 0.99951 39.8864
0.999646 0.00359713 -0.0263451 -0.990513 -0.0039273 0.999914 -0.0124917 0.0319067 0.0262979 0.0125908 0.999575 40.5509
0.999689 0.00810198 -0.0235766 -1.0044 -0.00833536 0.999917 -0.00981722 0.0242159 0.0234951 0.0100107 0.999674 41.1905
0.999735 0.0119794 -0.0196689 -1.02994 -0.0120989 0.999909 -0.00596441 0.0103667 0.0195957 0.0062008 0.999789 41.8075
0.999735 0.017595 -0.0148245 -1.05132 -0.0176789 0.999828 -0.00555421 0.0127888 0.0147242 0.00581482 0.999875 42.4152
0.99973 0.0211639 -0.00957011 -1.05987 -0.0212107 0.999763 -0.0048174 0.00634931 0.00946589 0.00501909 0.999943 43.0081
0.999687 0.0247546 -0.00349858 -1.07145 -0.0247647 0.999689 -0.0028718 0.00375092 0.0034264 0.00295754 0.99999 43.5788
0.999553 0.0296806 0.00348945 -1.07913 -0.0296761 0.999559 -0.00133585 -0.000539719 -0.00352755 0.0012317 0.999993 44.1343
0.999392 0.0331102 0.0109021 -1.08539 -0.0330952 0.999451 -0.00155956 -0.00443943 -0.0109478 0.00119781 0.999939 44.6627
0.999191 0.0358706 0.0181777 -1.07721 -0.0358573 0.999356 -0.00105692 -0.0132751 -0.018204 0.000404264 0.999834 45.1801
0.998872 0.0399491 0.02568 -1.06477 -0.0399207 0.999202 -0.00161746 -0.0106212 -0.0257241 0.00059047 0.999669 45.6999
0.998508 0.0435222 0.0329636 -1.04769 -0.0434235 0.99905 -0.00370441 -0.018879 -0.0330935 0.00226748 0.99945 46.1723
0.998101 0.0454466 0.0415845 -1.03611 -0.0452122 0.998956 -0.00656051 -0.0177809 -0.0418393 0.00466792 0.999113 46.6523
0.997695 0.0460785 0.0498207 -1.01855 -0.0457895 0.998927 -0.00692839 -0.019486 -0.0500864 0.00463116 0.998734 47.0622
0.997281 0.0454238 0.0580304 -0.99203 -0.0451477 0.998962 -0.00605955 -0.0182536 -0.0582454 0.00342313 0.998296 47.4579
0.996626 0.0480881 0.0665133 -0.972997 -0.047804 0.99884 -0.00585689 -0.0138671 -0.0667178 0.00265752 0.997768 47.8469
0.995842 0.0520419 0.0747696 -0.949638 -0.05177 0.998643 -0.00557035 -0.0145933 -0.074958 0.00167636 0.997185 48.1984
0.994837 0.0567111 0.084165 -0.930044 -0.0563589 0.998389 -0.00655691 -0.0142242 -0.0844013 0.00177961 0.99643 48.5242
0.993773 0.0607888 0.0933818 -0.905708 -0.0604367 0.99815 -0.00659575 -0.012145 -0.09361 0.000910983 0.995609 48.8324
0.992989 0.0597253 0.102005 -0.85684 -0.0594155 0.998215 -0.00607616 -0.0143963 -0.102186 -2.71402e-05 0.994765 49.099
0.991958 0.059075 0.111934 -0.813207 -0.0585104 0.998252 -0.00832548 -0.0152805 -0.112231 0.0017092 0.993681 49.3657
0.991193 0.0574619 0.119312 -0.621992 -0.0562649 0.998326 -0.0133795 -0.0164251 -0.119881 0.0065486 0.992767 49.507
0.989544 0.0585691 0.131804 -0.564777 -0.056863 0.998243 -0.0166748 -0.0339379 -0.132549 0.00900569 0.991135 49.7724
0.987353 0.0595802 0.146918 -0.514526 -0.0574124 0.998171 -0.018956 -0.0355357 -0.147779 0.0102814 0.988967 50.0249
0.98464 0.0614143 0.163437 -0.46776 -0.058949 0.998063 -0.0198963 -0.0441917 -0.164342 0.00995629 0.986353 50.2825
0.98175 0.0618352 0.179842 -0.405072 -0.0590499 0.998038 -0.0208053 -0.0528767 -0.180776 0.00980592 0.983475 50.5262
0.978411 0.0610305 0.197454 -0.333723 -0.0577928 0.998083 -0.0221236 -0.0556214 -0.198426 0.0102345 0.980063 50.791
0.974504 0.0599414 0.216214 -0.252831 -0.0565034 0.998159 -0.0220535 -0.064513 -0.217138 0.00927439 0.976097 51.0414
0.969835 0.0603728 0.236168 -0.177099 -0.0564849 0.998134 -0.0232 -0.0705267 -0.237128 0.00916025 0.971435 51.2649
0.964301 0.0622999 0.257376 -0.098763 -0.0576058 0.998007 -0.0257463 -0.0698186 -0.258467 0.0100009 0.965968 51.5145
0.95795 0.063729 0.279768 -0.00552513 -0.0580435 0.997905 -0.0285694 -0.0667876 -0.281002 0.0111294 0.959643 51.7573
0.950566 0.0650307 0.303636 0.103678 -0.0586714 0.997826 -0.0300303 -0.0679905 -0.304929 0.010731 0.952315 52.0126
0.941664 0.0676976 0.329675 0.206906 -0.0610815 0.99767 -0.0303984 -0.0825273 -0.330965 0.00848798 0.943605 52.2709
0.931663 0.0696059 0.356594 0.32587 -0.0626901 0.997554 -0.0309305 -0.0977502 -0.357875 0.00646192 0.933747 52.5199
0.920455 0.0698263 0.38456 0.459646 -0.0625061 0.997547 -0.0315189 -0.117226 -0.385818 0.00497438 0.922562 52.768
0.907739 0.0678572 0.41401 0.609978 -0.0591917 0.997676 -0.0337403 -0.124988 -0.415338 0.00612144 0.909647 53.012
0.892899 0.065056 0.445532 0.783903 -0.0546832 0.99785 -0.036113 -0.138806 -0.446924 0.00788214 0.894537 53.2583
0.87562 0.0639488 0.478749 0.961247 -0.0511039 0.997899 -0.0398263 -0.150751 -0.48029 0.0104067 0.877048 53.4921
0.856127 0.0656067 0.512583 1.15308 -0.0497327 0.997764 -0.0446416 -0.160352 -0.514366 0.0127267 0.857476 53.7328
0.834211 0.0674803 0.5473 1.34078 -0.0488667 0.997626 -0.0485198 -0.174818 -0.549275 0.013731 0.835529 53.952
0.809718 0.0705381 0.582564 1.57604 -0.0495431 0.997422 -0.0519089 -0.188128 -0.584724 0.0131696 0.811126 54.1984
0.782346 0.0740916 0.618421 1.81052 -0.0516914 0.997198 -0.0540788 -0.208477 -0.620695 0.0103413 0.783984 54.4353
0.752553 0.0781252 0.653881 2.08305 -0.0546613 0.996922 -0.0562017 -0.227291 -0.656259 0.00655282 0.754508 54.6868
0.719296 0.0794247 0.690149 2.33902 -0.0539777 0.996829 -0.0584612 -0.242492 -0.692604 0.00479825 0.721302 54.9209
0.68217 0.076802 0.727149 2.60239 -0.0498987 0.99704 -0.0584959 -0.267482 -0.729489 0.0036204 0.683983 55.138
0.642803 0.0754681 0.762305 2.92092 -0.0468751 0.997146 -0.0591906 -0.291544 -0.764596 0.00231477 0.644506 55.3654
0.600148 0.0745258 0.79641 3.25927 -0.043426 0.997217 -0.0605924 -0.312681 -0.798709 0.0017795 0.601714 55.5886
0.553619 0.0738713 0.829487 3.61237 -0.0388635 0.997264 -0.0628746 -0.331484 -0.831863 0.00257184 0.554975 55.8005
0.504794 0.0727658 0.860167 4.01842 -0.0352788 0.997347 -0.063667 -0.35727 -0.862518 0.00179306 0.506022 56.015
0.456736 0.0706227 0.886795 4.42583 -0.0325816 0.997503 -0.0626584 -0.379135 -0.889006 -0.00027485 0.457896 56.1774
0.407031 0.0675901 0.91091 4.86494 -0.0316284 0.997703 -0.0598974 -0.412098 -0.912866 -0.0044305 0.408234 56.3488
0.357038 0.0672252 0.931668 5.3202 -0.0339269 0.997682 -0.0589869 -0.429829 -0.933474 -0.010548 0.358491 56.5023
0.307268 0.0678662 0.9492 5.82736 -0.0317817 0.997629 -0.0610407 -0.447588 -0.951092 -0.0114114 0.308696 56.656
0.261002 0.0640853 0.963209 6.29011 -0.0203275 0.997938 -0.0608877 -0.482003 -0.965124 -0.00368784 0.261766 56.7219
0.21804 0.0580865 0.97421 6.77262 -0.00768945 0.998298 -0.0578018 -0.515293 -0.97591 0.00511195 0.218115 56.7587
0.17608 0.0566299 0.982746 7.30041 0.00141824 0.998328 -0.0577819 -0.547589 -0.984375 0.011568 0.175706 56.8127
0.138292 0.0583532 0.988671 7.86238 0.0058302 0.998197 -0.0597309 -0.558975 -0.990374 0.0140244 0.137702 56.8741
0.106625 0.0587458 0.992562 8.38401 0.0138569 0.998068 -0.0605602 -0.595574 -0.994203 0.0202111 0.105605 56.869
0.0778699 0.0568134 0.995343 8.92154 0.0212965 0.998052 -0.0586342 -0.630988 -0.996736 0.0257632 0.0765083 56.8694
0.0517301 0.0549817 0.997146 9.51731 0.0285621 0.997993 -0.0565102 -0.657308 -0.998253 0.0314039 0.0500559 56.9022
0.0314971 0.054115 0.998038 10.1049 0.0335282 0.997914 -0.0551664 -0.680193 -0.998941 0.0352 0.0296171 56.9035
0.0158518 0.0552066 0.998349 10.6996 0.0362038 0.997788 -0.0557504 -0.71222 -0.999219 0.0370278 0.013818 56.8925
0.00412513 0.0542413 0.998519 11.2923 0.0365785 0.997851 -0.0543561 -0.755066 -0.999322 0.0367485 0.0021322 56.8526
-0.00856455 0.0553885 0.998428 11.923 0.037194 0.997791 -0.0550342 -0.777388 -0.999271 0.0366642 -0.0106058 56.8623
-0.0166715 0.0583674 0.998156 12.5522 0.0423425 0.99744 -0.0576184 -0.80579 -0.998964 0.0413038 -0.0191002 56.8305
-0.0222681 0.059827 0.99796 13.1813 0.0467607 0.997178 -0.0587367 -0.843983 -0.998658 0.0453573 -0.0250028 56.7863
-0.0274527 0.0592327 0.997867 13.8243 0.0469341 0.997218 -0.057903 -0.874024 -0.998521 0.0452444 -0.0301564 56.7677
-0.0309361 0.0565051 0.997923 14.5055 0.044618 0.997484 -0.0550971 -0.901748 -0.998525 0.0428209 -0.0333794 56.7477
-0.0337905 0.0489659 0.998229 15.1921 0.0422929 0.997974 -0.0475217 -0.935758 -0.998534 0.0406122 -0.0357929 56.7345
-0.0347121 0.0435288 0.998449 15.8714 0.0435919 0.998166 -0.042001 -0.96477 -0.998446 0.0420664 -0.0365459 56.7032
-0.034494 0.0412418 0.998554 16.5823 0.0462325 0.998144 -0.0396278 -0.98567 -0.998335 0.0447988 -0.0363367 56.6584
-0.0345768 0.0436832 0.998447 17.2921 0.0499485 0.997871 -0.0419282 -1.01406 -0.998153 0.0484212 -0.0366851 56.6313
-0.0335201 0.0508741 0.998142 18.0163 0.0508215 0.997498 -0.0491345 -1.03965 -0.998145 0.0490801 -0.0360217 56.5986
-0.0313021 0.0594031 0.997743 18.7375 0.0509179 0.997031 -0.0577633 -1.05836 -0.998212 0.0489949 -0.0342339 56.5724
-0.0324399 0.0593703 0.997709 19.4451 0.052791 0.996943 -0.0576083 -1.10209 -0.998079 0.0508012 -0.0354749 56.609
-0.0310334 0.055774 0.997961 20.1971 0.051611 0.997199 -0.0541265 -1.12683 -0.998185 0.0498261 -0.033825 56.5969
-0.0303871 0.0500137 0.998286 20.9492 0.0503905 0.997554 -0.0484432 -1.15623 -0.998267 0.0488321 -0.032833 56.6047
-0.0276486 0.047734 0.998477 21.7191 0.0475732 0.99779 -0.0463838 -1.1925 -0.998485 0.0462183 -0.0298584 56.578
-0.0259766 0.0539086 0.998208 22.4409 0.0547499 0.997123 -0.0524253 -1.22161 -0.998162 0.0532899 -0.0288534 56.5774
-0.0233096 0.0590557 0.997983 23.1787 0.0567275 0.996724 -0.0576563 -1.26196 -0.998118 0.0552691 -0.0265833 56.5644
-0.0219343 0.0593944 0.997994 23.9203 0.0508171 0.99701 -0.058219 -1.29725 -0.998467 0.0494381 -0.0248869 56.5742
-0.018943 0.0551749 0.998297 24.6694 0.0469566 0.997423 -0.0542356 -1.3392 -0.998717 0.0458493 -0.021485 56.5709
-0.0153018 0.0520584 0.998527 25.418 0.0510644 0.997381 -0.0512161 -1.37771 -0.998578 0.0502055 -0.0179201 56.5702
-0.0115967 0.0524275 0.998557 26.0555 0.0555309 0.997117 -0.051707 -1.42559 -0.99839 0.0548512 -0.0144746 56.4805
-0.0096583 0.0565575 0.998353 26.8456 0.0557962 0.996874 -0.055934 -1.46719 -0.998395 0.055164 -0.0127838 56.5113
-0.0063552 0.05755 0.998322 27.5942 0.0524673 0.996987 -0.057139 -1.49763 -0.998602 0.0520162 -0.00935554 56.5163
-0.0040543 0.0579758 0.99831 28.3781 0.0524259 0.996957 -0.0576843 -1.52338 -0.998617 0.0521034 -0.00708139 56.5564
0.00182812 0.054901 0.99849 29.1004 0.056487 0.996892 -0.0549165 -1.56183 -0.998402 0.0565021 -0.00127875 56.4976
0.00653274 0.0558026 0.99842 29.8419 0.060782 0.996573 -0.0560971 -1.59687 -0.99813 0.0610524 0.00311856 56.4669
0.00561409 0.0560333 0.998413 30.646 0.0640187 0.996361 -0.0562781 -1.64876 -0.997933 0.0642331 0.00200647 56.5741
0.00890596 0.0563126 0.998373 31.3967 0.0644916 0.996302 -0.056771 -1.68096 -0.997879 0.0648923 0.00524134 56.5703
0.0122899 0.055586 0.998378 32.1622 0.0656672 0.996253 -0.0562761 -1.70951 -0.997766 0.0662524 0.00859369 56.5848
0.0158357 0.0544839 0.998389 32.9481 0.0678574 0.996154 -0.0554383 -1.75391 -0.997569 0.068626 0.0120777 56.5954
0.018434 0.0551492 0.998308 33.7329 0.0661961 0.99622 -0.0562562 -1.78606 -0.997636 0.0671211 0.0147137 56.6244
0.0210506 0.0561908 0.998198 34.4989 0.0636626 0.996318 -0.0574275 -1.83459 -0.997749 0.0647568 0.0173958 56.6541
0.0304367 0.0562108 0.997955 35.2774 0.0653002 0.996173 -0.0581021 -1.86726 -0.997401 0.0669351 0.0266497 56.5584
0.0375767 0.0557248 0.997739 35.9748 0.0621009 0.996384 -0.057988 -1.90646 -0.997362 0.0641395 0.0339803 56.4756
0.0416392 0.0562031 0.997551 36.7601 0.0605932 0.996437 -0.0586695 -1.93959 -0.997294 0.0628877 0.0380853 56.481
0.0458422 0.0563858 0.997356 37.5341 0.0576159 0.996594 -0.058991 -1.97929 -0.997286 0.0601678 0.0424374 56.5
0.0484234 0.0575905 0.997165 38.3068 0.0562418 0.996595 -0.0602887 -2.03217 -0.997242 0.0590018 0.0450195 56.5489
0.0502043 0.0614936 0.996844 39.1092 0.0556541 0.99638 -0.0642679 -2.07168 -0.997187 0.058705 0.0466002 56.6305
0.0581248 0.0597011 0.996523 39.874 0.055737 0.996459 -0.0629484 -2.1583 -0.996752 0.059202 0.0545915 56.5951
0.0599221 0.0617342 0.996292 40.658 0.0497689 0.99666 -0.0647503 -2.20229 -0.996962 0.0534643 0.0566495 56.6695
0.0605062 0.060371 0.99634 41.438 0.0461176 0.996934 -0.0632076 -2.25391 -0.997102 0.0497733 0.0575366 56.7518
0.0648711 0.0597743 0.996102 42.2014 0.0479232 0.996866 -0.0629411 -2.31164 -0.996742 0.0518194 0.0618032 56.77
0.0678878 0.0618407 0.995775 42.9966 0.0479224 0.996723 -0.0651667 -2.34418 -0.996541 0.0521439 0.0647018 56.8377
0.0700447 0.0628694 0.995561 43.7948 0.04425 0.996834 -0.0660631 -2.38659 -0.996562 0.048681 0.067041 56.9237
0.0762681 0.0606774 0.995239 44.6032 0.0436932 0.996984 -0.0641322 -2.42905 -0.99613 0.0483765 0.0733869 56.9596
0.0823023 0.060486 0.99477 45.4122 0.0438559 0.99697 -0.0642482 -2.48174 -0.995642 0.0489144 0.0794002 57.0061
0.088378 0.0647324 0.993981 46.2189 0.0403653 0.996834 -0.0685071 -2.52489 -0.995269 0.0461769 0.0854853 57.0676
0.0938937 0.0725382 0.992936 47.031 0.0385559 0.996329 -0.076432 -2.58196 -0.994835 0.04546 0.0907522 57.1583
0.101353 0.0766339 0.991895 47.8278 0.0370774 0.996045 -0.0807431 -2.64391 -0.994159 0.0449604 0.0981107 57.2332
0.107799 0.079475 0.990991 48.6765 0.0327075 0.995976 -0.0834328 -2.70233 -0.993635 0.0414069 0.104766 57.3555
0.11508 0.0780886 0.990282 49.5056 0.0290109 0.996216 -0.0819279 -2.76158 -0.992932 0.0381573 0.112379 57.4619
0.12291 0.0760243 0.989502 50.3337 0.0298218 0.996328 -0.0802531 -2.82307 -0.99197 0.0393726 0.120191 57.5645
0.130209 0.0729027 0.988803 51.1523 0.0299254 0.99655 -0.0774146 -2.87547 -0.991035 0.0396704 0.127578 57.6726
0.138381 0.0674993 0.988076 51.9735 0.0288514 0.996977 -0.072148 -2.92623 -0.989959 0.0384913 0.136015 57.7796
0.145189 0.0599687 0.987585 52.8009 0.0265147 0.997567 -0.0644729 -2.98256 -0.989049 0.0355463 0.143246 57.9137
0.151982 0.0565726 0.986763 53.6244 0.0271551 0.997745 -0.0613846 -3.04094 -0.98801 0.036125 0.150103 58.0591
0.159677 0.05796 0.985466 54.4048 0.0272275 0.997637 -0.0630875 -3.09624 -0.986794 0.0369054 0.157722 58.1669
0.164738 0.0642745 0.984241 55.2189 0.028345 0.997154 -0.0698621 -3.14485 -0.98593 0.0394072 0.162447 58.3223
0.168988 0.0684029 0.983242 56.0442 0.0274555 0.996875 -0.0740701 -3.18766 -0.985236 0.0395124 0.166582 58.5033
0.174105 0.0712675 0.982145 56.8245 0.0262962 0.996685 -0.0769842 -3.24418 -0.984376 0.03923 0.171654 58.643
0.180048 0.0714951 0.981056 57.6057 0.0242193 0.996731 -0.0770822 -3.29327 -0.98336 0.037639 0.177728 58.7841
0.187065 0.0686241 0.979948 58.3832 0.0280023 0.996779 -0.0751482 -3.3484 -0.981948 0.0414984 0.184541 58.9026
0.191998 0.0619767 0.979436 59.1517 0.0291415 0.997204 -0.0688136 -3.39803 -0.980963 0.0417543 0.189655 59.0477
0.195216 0.0551762 0.979207 59.9263 0.0281161 0.997691 -0.061823 -3.45294 -0.980357 0.0396003 0.193214 59.2168
0.198498 0.0516135 0.978741 60.6789 0.0247662 0.998029 -0.0576535 -3.50223 -0.979788 0.0356837 0.196828 59.3827
0.201078 0.0519854 0.978195 61.4033 0.0234477 0.998049 -0.0578604 -3.54282 -0.979295 0.0345709 0.199466 59.543
0.203893 0.0540401 0.977501 62.1227 0.0216691 0.997982 -0.0596923 -3.58374 -0.978753 0.0333525 0.202311 59.6887
0.204387 0.0581844 0.977159 62.8403 0.0172526 0.997863 -0.0630258 -3.63116 -0.978738 0.0297403 0.202947 59.8642
0.206209 0.0626878 0.976498 63.5343 0.0159596 0.997598 -0.0674125 -3.6742 -0.978378 0.0294856 0.204714 60.0184
0.2091 0.0683935 0.9755 64.2306 0.0152602 0.997202 -0.0731861 -3.71689 -0.977775 0.0301895 0.207471 60.1616
0.210375 0.0703018 0.97509 64.9123 0.0162375 0.997022 -0.0753863 -3.7642 -0.977486 0.0316924 0.208607 60.313
0.210375 0.0703018 0.97509 65.6098 0.0162375 0.997022 -0.0753863 -3.79211 -0.977486 0.0316924 0.208607 60.506
0.209161 0.067246 0.975566 66.258 0.0166543 0.997243 -0.0723108 -3.84429 -0.977739 0.0313719 0.207464 60.6673
0.208998 0.0647413 0.975771 66.9132 0.016628 0.997427 -0.0697397 -3.89316 -0.977775 0.0308006 0.207384 60.8174
0.208998 0.0647413 0.975771 67.5553 0.016628 0.997427 -0.0697397 -3.93076 -0.977775 0.0308006 0.207384 60.9415
0.208998 0.0647413 0.975771 68.2126 0.016628 0.997427 -0.0697397 -3.96558 -0.977775 0.0308006 0.207384 61.0655
0.208117 0.0657577 0.975891 68.8441 0.0155566 0.997389 -0.0705238 -4.00947 -0.97798 0.0298587 0.20655 61.1904
0.204949 0.0687347 0.976356 69.476 0.0153103 0.997184 -0.0734148 -4.05176 -0.978653 0.0299946 0.203319 61.3458
0.202182 0.0719289 0.976703 70.0666 0.0170623 0.996889 -0.0769475 -4.10484 -0.979199 0.0322222 0.200326 61.4605
0.200273 0.0722616 0.977072 70.6756 0.0197538 0.996776 -0.0777679 -4.14815 -0.979541 0.0348757 0.1982 61.5858
0.200273 0.0722616 0.977072 71.2828 0.0197538 0.996776 -0.0777679 -4.17265 -0.979541 0.0348757 0.1982 61.6846
0.197592 0.0694526 0.977821 71.8636 0.0193975 0.997015 -0.0747356 -4.21581 -0.980092 0.0337344 0.195655 61.8008
0.196506 0.065848 0.978289 72.4447 0.0198882 0.997269 -0.0711205 -4.25818 -0.980301 0.033432 0.19466 61.9022
0.195604 0.0644437 0.978563 73.0121 0.0238943 0.997229 -0.0704491 -4.30483 -0.980392 0.0371622 0.193523 61.9962
0.185209 0.0702161 0.980187 72.9049 0.0165434 0.99708 -0.0745521 -4.30711 -0.98256 0.0300233 0.183506 61.9972
0.182654 0.0716882 0.98056 73.4443 0.0209156 0.996829 -0.0767737 -4.3487 -0.982955 0.0345321 0.180576 62.0826
0.182375 0.0736328 0.980468 74.0024 0.0207376 0.996682 -0.0787079 -4.38563 -0.98301 0.034687 0.180243 62.1614
0.180746 0.0769866 0.980512 74.5365 0.0200275 0.996437 -0.0819288 -4.41995 -0.983326 0.0344455 0.17856 62.255
0.180501 0.0751944 0.980696 75.0874 0.0222555 0.996506 -0.0805028 -4.46118 -0.983323 0.0363567 0.178197 62.3278
0.181518 0.0729416 0.980679 75.6477 0.0289048 0.996419 -0.0794624 -4.50394 -0.982963 0.0427702 0.17876 62.4136
0.18469 0.0706131 0.980257 76.1848 0.0347734 0.996321 -0.0783219 -4.53716 -0.982182 0.0485521 0.181555 62.4662
0.186146 0.0698824 0.980034 76.7404 0.0372356 0.996249 -0.0781111 -4.58297 -0.981816 0.0510322 0.182845 62.5653
0.189902 0.0688562 0.979386 77.3271 0.0353613 0.996411 -0.0769097 -4.63144 -0.981166 0.0492376 0.186785 62.6925
0.194332 0.0696373 0.978461 77.9018 0.0343305 0.996383 -0.0777312 -4.67168 -0.980335 0.0486967 0.191238 62.8333
0.199884 0.0681934 0.977444 78.4521 0.0359051 0.996395 -0.0768581 -4.71401 -0.979161 0.050458 0.196715 62.952
0.207036 0.0687648 0.975914 79.043 0.0343261 0.996402 -0.0774906 -4.74601 -0.977731 0.0495426 0.203931 63.1038
0.215474 0.0661299 0.974268 79.6053 0.0355479 0.996512 -0.0755017 -4.78518 -0.975862 0.0509019 0.212372 63.2156
0.224296 0.0653935 0.972325 80.2118 0.0324173 0.996693 -0.0745104 -4.83258 -0.973982 0.0482325 0.221434 63.3773
0.234508 0.0649043 0.969945 80.7933 0.0313799 0.996743 -0.0742844 -4.87398 -0.971608 0.047857 0.231707 63.5008
0.244039 0.0683683 0.967352 81.393 0.0259911 0.996692 -0.0769988 -4.91952 -0.969417 0.0439333 0.241455 63.6657
0.252415 0.070626 0.965038 81.965 0.0222763 0.996644 -0.0787657 -4.96252 -0.967363 0.0413791 0.249994 63.8211
0.260943 0.0717271 0.962686 82.6718 0.0199348 0.996623 -0.0796591 -5.02412 -0.965148 0.0399774 0.258632 64.1516
0.271992 0.0744425 0.959416 83.2716 0.0186162 0.99641 -0.0825905 -5.05704 -0.96212 0.0403246 0.269629 64.2903
0.281939 0.0743088 0.95655 83.9153 0.0154438 0.996516 -0.0819655 -5.11677 -0.959308 0.0378821 0.279809 64.4968
0.292417 0.0750164 0.953344 84.5485 0.0149722 0.996437 -0.0829997 -5.15526 -0.956174 0.0385442 0.290252 64.6852
0.302621 0.0757297 0.950098 85.204 0.0113369 0.996482 -0.0830379 -5.19802 -0.953044 0.0359002 0.300698 64.9144
0.312637 0.0707295 0.947236 85.8786 0.0127391 0.996822 -0.0786366 -5.24016 -0.949787 0.0366516 0.310742 65.1598
0.323761 0.0633915 0.944013 86.5115 0.0160018 0.997243 -0.072454 -5.2925 -0.946004 0.0385637 0.321854 65.3289
0.332738 0.0597353 0.941126 87.1839 0.0180433 0.997406 -0.0696869 -5.33178 -0.942847 0.0401685 0.330797 65.5909
0.341186 0.0553479 0.938365 87.8824 0.0182352 0.997687 -0.0654772 -5.3815 -0.939819 0.0394512 0.339387 65.8905
0.350605 0.0523964 0.935056 88.5804 0.0245626 0.997576 -0.0651096 -5.42741 -0.936201 0.0457952 0.348469 66.1435
0.359136 0.0464585 0.932128 89.2769 0.0317036 0.997577 -0.0619355 -5.46779 -0.932747 0.0517951 0.356793 66.3934
0.365224 0.0369303 0.930187 89.9934 0.0414033 0.99758 -0.0558623 -5.50984 -0.929999 0.0589151 0.362811 66.6657
0.372409 0.031655 0.927529 90.7348 0.0481912 0.99741 -0.053389 -5.5495 -0.926817 0.0645813 0.369919 66.9461
0.379089 0.030299 0.924864 91.4544 0.0521798 0.997174 -0.0540557 -5.59982 -0.923888 0.0687512 0.376437 67.2435
0.387132 0.0364437 0.921304 92.2202 0.0536821 0.996633 -0.0619807 -5.6328 -0.92046 0.0734523 0.383872 67.5541
0.392978 0.0408962 0.918638 92.8995 0.0574583 0.995966 -0.0689184 -5.6717 -0.917751 0.0798668 0.389043 67.8428
0.397575 0.0424126 0.916589 93.6109 0.0562898 0.995922 -0.0704996 -5.72179 -0.915841 0.0796235 0.393567 68.1537
0.401758 0.0439187 0.914692 94.3246 0.0495531 0.996343 -0.0696043 -5.77584 -0.914404 0.07329 0.398113 68.4856
0.4037 0.0467549 0.913696 95.1978 0.0466754 0.99634 -0.0716065 -5.82457 -0.9137 0.0715547 0.40004 69.0521
0.406804 0.0495956 0.912168 95.9785 0.045699 0.99617 -0.0745435 -5.90619 -0.912372 0.0720098 0.40298 69.4637
0.409252 0.0530337 0.910879 96.7179 0.0421769 0.996143 -0.0769477 -5.98579 -0.911446 0.0699091 0.405436 69.8801
0.413257 0.0565561 0.908856 97.4398 0.039544 0.996013 -0.0799603 -6.02798 -0.909755 0.0689839 0.409373 70.2199
0.418108 0.0547552 0.906745 98.1133 0.0381989 0.996239 -0.0777732 -6.08914 -0.907594 0.0671543 0.414444 70.5063
0.421788 0.0520426 0.9052 98.8077 0.0395254 0.996347 -0.0757002 -6.13673 -0.905832 0.0677079 0.41819 70.8561
0.425103 0.0500324 0.903761 99.4338 0.0386622 0.996556 -0.0733552 -6.18486 -0.904319 0.0661249 0.421705 71.1411
0.42921 0.0503733 0.901799 100.095 0.0375172 0.996587 -0.0735243 -6.22233 -0.902425 0.0653903 0.425856 71.4528
0.432628 0.0531566 0.900004 100.741 0.0356031 0.996474 -0.0759686 -6.25842 -0.900869 0.064909 0.42921 71.7759
0.434719 0.0542561 0.89893 101.338 0.0366379 0.996292 -0.0778504 -6.30071 -0.899821 0.066778 0.431119 72.0651
0.436702 0.0522572 0.898087 101.969 0.0390506 0.996269 -0.0769588 -6.34955 -0.898758 0.0686789 0.433032 72.3764
0.439181 0.0503919 0.896984 102.58 0.0418521 0.996194 -0.076457 -6.40262 -0.897423 0.0711192 0.4354 72.6645
0.440741 0.0495247 0.896267 103.176 0.0409125 0.996331 -0.0751727 -6.45895 -0.896702 0.0698002 0.437097 72.9673
0.442828 0.049241 0.895253 103.75 0.0424514 0.99622 -0.0757926 -6.50215 -0.895601 0.0715679 0.439064 73.2365
0.445492 0.0503757 0.893867 104.33 0.0421759 0.996126 -0.0771587 -6.55581 -0.894292 0.0720732 0.441642 73.5229
0.447818 0.0504511 0.8927 104.899 0.0455026 0.995827 -0.0791054 -6.60199 -0.892966 0.076045 0.443653 73.8124
0.451146 0.0492824 0.891088 105.466 0.0476318 0.995721 -0.0791846 -6.65131 -0.891178 0.0781679 0.446868 74.0955
0.454796 0.0477319 0.889316 106.02 0.0511411 0.995515 -0.0795855 -6.69127 -0.889126 0.0816757 0.450315 74.3648
0.457058 0.0449721 0.888299 106.539 0.0535815 0.995515 -0.0779695 -6.74746 -0.887821 0.083233 0.452599 74.634
0.459467 0.0439052 0.887109 107.087 0.055219 0.995433 -0.0778664 -6.80113 -0.886477 0.0847623 0.454945 74.9569
0.464068 0.0437655 0.884718 107.593 0.0540598 0.995518 -0.077603 -6.85183 -0.884148 0.0838408 0.459622 75.1648
0.46764 0.042949 0.882875 108.122 0.0557612 0.995396 -0.0779583 -6.89876 -0.882159 0.0856866 0.463092 75.4445
0.471746 0.0441774 0.880627 108.642 0.0551209 0.995313 -0.0794586 -6.94775 -0.88001 0.0860252 0.4671 75.7276
0.475621 0.0441998 0.878539 109.153 0.05751 0.995038 -0.0811955 -6.99256 -0.877768 0.0891431 0.470719 76.014
0.481422 0.0473046 0.875212 109.661 0.0554097 0.994903 -0.0842527 -7.03946 -0.874736 0.0890563 0.476347 76.2753
0.486955 0.0528686 0.871825 110.156 0.0520477 0.994636 -0.0893871 -7.08981 -0.871875 0.088904 0.481592 76.5608
0.494194 0.0593392 0.867324 110.662 0.0469191 0.994393 -0.094767 -7.14138 -0.868085 0.0875274 0.488639 76.8445
0.499444 0.0659112 0.863835 111.136 0.0414541 0.994141 -0.0998212 -7.19276 -0.865354 0.0856646 0.493786 77.1389
0.505873 0.0704602 0.859726 111.636 0.0380242 0.993868 -0.103828 -7.24168 -0.86177 0.085214 0.500092 77.4534
0.512529 0.0714417 0.855693 112.145 0.0344242 0.994022 -0.10361 -7.27651 -0.85798 0.0825595 0.507006 77.748
0.518296 0.0698983 0.85234 112.66 0.0288886 0.994654 -0.0991359 -7.32951 -0.854714 0.0760046 0.513506 78.0832
0.524368 0.0677955 0.848789 113.173 0.0222178 0.995397 -0.0932313 -7.38268 -0.851202 0.0677457 0.520447 78.4112
0.529745 0.0661308 0.845575 113.684 0.016293 0.995978 -0.088101 -7.43248 -0.848 0.0604481 0.526537 78.7633
0.537212 0.0642482 0.840997 114.207 0.0138222 0.99629 -0.0849413 -7.48008 -0.843334 0.0572559 0.534331 79.0731
0.543491 0.0672689 0.836715 114.73 0.00927926 0.996241 -0.0861216 -7.53116 -0.839364 0.0545704 0.540824 79.4323
0.550091 0.070856 0.832093 115.265 0.0054547 0.996068 -0.0884251 -7.58303 -0.835087 0.0531807 0.547541 79.7998
0.55679 0.073954 0.827354 115.793 0.00382425 0.99579 -0.0915834 -7.62142 -0.830644 0.0541568 0.554164 80.1406
0.563476 0.0758809 0.82264 116.348 0.00247174 0.995613 -0.0935292 -7.66413 -0.826129 0.0547348 0.560817 80.5337
0.56949 0.077022 0.818382 116.901 -0.000489511 0.995632 -0.0933632 -7.71559 -0.821998 0.0527689 0.56704 80.9402
0.575829 0.0788103 0.813763 117.47 -0.00631915 0.995742 -0.0919629 -7.7725 -0.817546 0.0478126 0.573875 81.3809
0.585099 0.0767568 0.807321 118.045 -0.00670036 0.995934 -0.0898334 -7.82779 -0.810934 0.0471521 0.583235 81.7366
0.59259 0.0748034 0.802023 118.631 -0.00753899 0.99615 -0.087339 -7.89082 -0.805469 0.0457097 0.590872 82.1877
0.600106 0.0746391 0.79643 119.218 -0.00764571 0.996127 -0.0875931 -7.9439 -0.799884 0.0464759 0.598353 82.6429
0.608687 0.0767537 0.789689 119.808 -0.0122246 0.996099 -0.0873931 -7.99839 -0.793316 0.0435414 0.607251 83.105
0.617864 0.0777319 0.782433 120.406 -0.0138865 0.996025 -0.0879857 -8.05814 -0.786162 0.0434979 0.616488 83.5561
0.624769 0.0785474 0.776849 120.999 -0.0154018 0.995973 -0.0883165 -8.10554 -0.780658 0.0432126 0.623463 84.0463
0.629778 0.0773551 0.772914 121.61 -0.0147951 0.996043 -0.0876312 -8.16295 -0.776634 0.0437528 0.62843 84.5611
0.632971 0.0758849 0.770447 122.222 -0.0139397 0.99614 -0.0866621 -8.22941 -0.77405 0.0441148 0.631586 85.0968
0.637681 0.0733279 0.766803 122.852 -0.0102974 0.996181 -0.0866995 -8.28832 -0.770232 0.0473905 0.636001 85.5928
0.641033 0.0695367 0.764357 123.493 -0.00444553 0.996207 -0.0869007 -8.34378 -0.7675 0.0523083 0.638911 86.1397
0.644781 0.0635896 0.761718 124.133 0.00288437 0.996324 -0.0856166 -8.4087 -0.764362 0.057401 0.642227 86.6619
0.648483 0.0580173 0.759015 124.778 0.00868362 0.996463 -0.0835863 -8.46925 -0.761179 0.0607953 0.645686 87.2012
0.652841 0.0527416 0.755657 125.437 0.0140626 0.996557 -0.0817046 -8.53137 -0.757365 0.0639666 0.649851 87.7322
0.657078 0.0513864 0.752069 126.095 0.0143844 0.996638 -0.0806645 -8.59188 -0.753685 0.0638209 0.65413 88.2835
0.660357 0.0528157 0.749092 126.747 0.0134677 0.99653 -0.0821339 -8.65877 -0.750831 0.0643262 0.657354 88.8603
0.663479 0.0586928 0.74589 127.401 0.00823718 0.996285 -0.0857231 -8.70394 -0.74815 0.0630194 0.66053 89.4718
0.664174 0.0621806 0.744988 128.033 0.00227037 0.996363 -0.0851857 -8.77007 -0.747575 0.0582695 0.661617 90.1255
0.668596 0.0597864 0.741219 128.701 0.00110609 0.996682 -0.0813897 -8.83683 -0.743625 0.0552366 0.666311 90.6882
0.672701 0.0565921 0.737747 129.366 -0.00246141 0.997236 -0.074253 -8.90716 -0.73991 0.0481342 0.670982 91.2942
0.676746 0.0505304 0.734481 130.031 -0.00162701 0.997742 -0.067143 -8.97042 -0.736215 0.0442438 0.6753 91.887
0.681098 0.0462767 0.730728 130.691 0.000808663 0.997953 -0.0639536 -9.02528 -0.732192 0.0441496 0.679666 92.5083
0.685887 0.0433179 0.726417 131.358 0.00651443 0.997821 -0.0656532 -9.08098 -0.727679 0.0497629 0.684111 93.1195
0.691131 0.0401875 0.721611 132.022 0.016962 0.997276 -0.0717853 -9.13693 -0.72253 0.061853 0.688567 93.7223
0.696564 0.0413311 0.716303 132.692 0.0227153 0.996569 -0.079592 -9.20093 -0.717135 0.071712 0.693235 94.363
0.701745 0.0413168 0.71123 133.354 0.025901 0.996177 -0.0834256 -9.26821 -0.711958 0.076965 0.697992 95.0334
0.707207 0.0359142 0.706093 134.008 0.0290663 0.996388 -0.0797917 -9.33836 -0.706408 0.0769528 0.703609 95.6897
0.71267 0.0300858 0.700854 134.683 0.0341166 0.996411 -0.077465 -9.40702 -0.70067 0.0791177 0.709086 96.4134
0.7164 0.0276384 0.697142 135.284 0.0374254 0.996254 -0.077956 -9.48116 -0.696685 0.0819385 0.712682 96.9799
0.71925 0.0286715 0.69416 135.926 0.0412347 0.995625 -0.0838482 -9.54827 -0.693527 0.0889313 0.714921 97.7466
0.723236 0.0301529 0.689943 136.578 0.0405916 0.995463 -0.0860555 -9.61488 -0.689407 0.0902443 0.718731 98.4227
0.727376 0.0273648 0.685694 137.25 0.0431925 0.995398 -0.0855426 -9.68374 -0.684879 0.0918384 0.722846 99.113
0.730155 0.0222417 0.68292 137.899 0.0459875 0.995604 -0.0815936 -9.75684 -0.681733 0.0909817 0.725922 99.7606
0.732117 0.0171509 0.680962 138.565 0.0497315 0.995669 -0.0785446 -9.82956 -0.679361 0.0913692 0.728094 100.453
0.733581 0.0128479 0.67948 139.226 0.053157 0.995673 -0.0762159 -9.88998 -0.67752 0.0920297 0.729724 101.112
0.733581 0.0128479 0.67948 139.872 0.053157 0.995673 -0.0762159 -9.94087 -0.67752 0.0920297 0.729724 101.83
0.733581 0.0128479 0.67948 140.517 0.053157 0.995673 -0.0762159 -9.99111 -0.67752 0.0920297 0.729724 102.529
0.733581 0.0128479 0.67948 141.166 0.053157 0.995673 -0.0762159 -10.0789 -0.67752 0.0920297 0.729724 103.226
0.733642 0.016313 0.67934 141.82 0.049708 0.995745 -0.0775923 -10.1413 -0.677715 0.0906936 0.72971 103.893
0.732484 0.0193492 0.680509 142.472 0.046192 0.99588 -0.0780363 -10.2248 -0.679215 0.0885944 0.728572 104.577
0.730241 0.0218224 0.682841 143.115 0.0413036 0.996251 -0.0760092 -10.311 -0.68194 0.0837088 0.726602 105.286
0.729099 0.0233737 0.684009 143.779 0.0387789 0.9964 -0.0753838 -10.3826 -0.683309 0.0814874 0.725568 105.965
0.728313 0.0228436 0.684863 144.447 0.0373586 0.996634 -0.0729715 -10.4537 -0.684225 0.0787316 0.725009 106.625
0.726679 0.0210507 0.686655 145.11 0.0374523 0.99683 -0.0701951 -10.5066 -0.685956 0.0767261 0.723587 107.313
0.725541 0.0170864 0.687967 145.783 0.041981 0.996731 -0.0690286 -10.5647 -0.686898 0.0789646 0.722452 107.967
0.723461 0.0210855 0.690043 146.433 0.0416475 0.99638 -0.0741106 -10.6304 -0.689108 0.0823547 0.719964 108.607
0.720377 0.0306008 0.692907 147.072 0.037072 0.995899 -0.0825235 -10.6938 -0.692591 0.0851355 0.716289 109.276
0.718497 0.0369858 0.694546 147.758 0.035193 0.995373 -0.089412 -10.7532 -0.694639 0.0886855 0.713871 109.969
0.713714 0.0354253 0.699541 148.344 0.0335007 0.995851 -0.0846101 -10.8381 -0.699636 0.0838225 0.709566 110.627
0.711955 0.0340497 0.701399 149.073 0.0304929 0.996383 -0.0793216 -10.9042 -0.701563 0.0778611 0.708341 111.312
0.70796 0.0324924 0.705505 149.721 0.0286907 0.996793 -0.0746983 -10.9689 -0.70567 0.0731248 0.704757 111.981
0.704162 0.0323442 0.709302 150.37 0.0291339 0.996805 -0.0743771 -11.0385 -0.709441 0.0730383 0.70097 112.648
0.702091 0.0298471 0.711462 151.048 0.0317 0.996821 -0.0731009 -11.108 -0.711382 0.0738768 0.698912 113.277
0.698414 0.0290206 0.715106 151.697 0.0356347 0.996528 -0.0752443 -11.1755 -0.714807 0.0780342 0.694955 113.917
0.694087 0.0274716 0.719366 152.341 0.0397308 0.996287 -0.0763814 -11.2488 -0.718794 0.0815964 0.690419 114.546
0.689902 0.0268859 0.723404 152.999 0.0432652 0.995992 -0.0782784 -11.3241 -0.722609 0.0853026 0.685973 115.168
0.685347 0.0272079 0.727708 153.655 0.0431883 0.996024 -0.0779142 -11.3879 -0.726935 0.0848267 0.681447 115.795
0.680275 0.0278618 0.732427 154.309 0.0415585 0.996203 -0.0764952 -11.4625 -0.731778 0.0824763 0.676534 116.425
0.67416 0.0266278 0.738106 154.949 0.0434466 0.99619 -0.0756209 -11.5259 -0.737307 0.0830487 0.670434 117.007
0.668927 0.0273682 0.742824 155.638 0.0420828 0.996325 -0.0746044 -11.6001 -0.742136 0.081165 0.665317 117.616
0.662863 0.0342201 0.747959 156.332 0.0386723 0.996057 -0.0798434 -11.6657 -0.747742 0.0818505 0.658926 118.249
0.657508 0.0389062 0.752443 157.027 0.0365637 0.995842 -0.0834419 -11.7317 -0.75256 0.0823758 0.653351 118.844
0.651762 0.041161 0.757306 157.73 0.0370988 0.995601 -0.0860412 -11.7925 -0.757516 0.0841736 0.647368 119.436
0.644453 0.0352907 0.763829 158.426 0.0369154 0.996334 -0.0771789 -11.8546 -0.763753 0.0779353 0.640787 120.017
0.637757 0.0309409 0.769616 159.15 0.0316905 0.997293 -0.0663551 -11.9171 -0.769586 0.0667079 0.635049 120.625
0.630151 0.0263904 0.776024 159.869 0.0322103 0.997674 -0.0600836 -11.9739 -0.775805 0.0628577 0.627835 121.206
0.623609 0.0267609 0.781278 160.629 0.0283262 0.997984 -0.0567934 -12.0209 -0.781223 0.0575475 0.621594 121.812
0.615423 0.0279202 0.787703 161.355 0.0299952 0.997819 -0.0588027 -12.0712 -0.787626 0.0598158 0.613243 122.378
0.608621 0.0272721 0.792992 162.102 0.0363627 0.9974 -0.0622103 -12.1318 -0.792627 0.0666978 0.606047 122.938
0.601463 0.035335 0.798119 162.875 0.0376114 0.996661 -0.072469 -12.1918 -0.798015 0.0736058 0.598126 123.526
0.594418 0.0360748 0.803346 163.68 0.0420055 0.996237 -0.0758177 -12.2402 -0.803058 0.0788124 0.590666 124.107
0.586787 0.0314245 0.809131 164.435 0.0452085 0.996417 -0.0714837 -12.3104 -0.808478 0.0785253 0.583264 124.663
0.579023 0.0253486 0.814917 165.213 0.0496972 0.996561 -0.0663101 -12.3697 -0.813795 0.0788942 0.575772 125.209
0.571835 0.0239859 0.820018 165.978 0.0507717 0.996622 -0.0645571 -12.4309 -0.818796 0.0785498 0.568685 125.745
0.563064 0.0264365 0.82599 166.669 0.0488115 0.996679 -0.0651736 -12.4781 -0.82497 0.0770147 0.559904 126.252
0.559224 0.0251681 0.828635 167.608 0.0531903 0.99639 -0.0661601 -12.5258 -0.827309 0.0810736 0.555867 126.863
0.553817 0.018816 0.832426 168.403 0.0588782 0.996357 -0.0616934 -12.5856 -0.830554 0.0831786 0.550691 127.392
0.548242 0.0157289 0.836172 169.13 0.0596608 0.99654 -0.0578626 -12.6429 -0.834189 0.0816094 0.545407 127.865
0.544963 0.0142249 0.838339 169.945 0.0583563 0.996788 -0.054848 -12.6946 -0.836427 0.0788125 0.542383 128.379
0.541012 0.0169677 0.840844 170.761 0.0582723 0.996637 -0.0576048 -12.7314 -0.838994 0.0801627 0.538204 128.909
0.543065 0.0193279 0.839468 171.514 0.0587278 0.996413 -0.0609333 -12.7706 -0.837634 0.0823908 0.539982 129.187
0.540113 0.0240476 0.841249 172.234 0.0588082 0.99607 -0.0662303 -12.828 -0.839535 0.0852442 0.536577 129.628
0.53651 0.0270558 0.84346 173.008 0.0569433 0.996047 -0.068171 -12.874 -0.841971 0.0846038 0.532849 130.165
0.532681 0.0219425 0.846031 173.704 0.057711 0.996395 -0.0621785 -12.9299 -0.844346 0.0819466 0.529495 130.599
0.530135 0.0144174 0.847791 174.457 0.0613054 0.996587 -0.0552829 -12.9722 -0.845694 0.0812815 0.527441 131.082
