1 0 0 0 0 1 0 0 0 0 1 0
0.999999 -0.000863657 0.000855864 -0.0212166 0.000862243 0.999998 0.00165087 -0.0245867 -0.000857288 -0.00165014 0.999998 1.34163
0.999999 -0.000863657 0.000855864 -0.0390511 0.000862243 0.999998 0.00165087 -0.0345874 -0.000857288 -0.00165014 0.999998 2.71819
0.999997 -0.00211411 0.00139014 -0.0486738 0.00211352 0.999998 0.000426542 -0.0544868 -0.00139103 -0.000423603 0.999999 4.05527
0.999997 -0.00211411 0.00139014 -0.03257 0.00211352 0.999998 0.000426542 -0.0666892 -0.00139103 -0.000423603 0.999999 5.43801
0.999997 -0.00211411 0.00139014 -0.0300036 0.00211352 0.999998 0.000426542 -0.0751543 -0.00139103 -0.000423603 0.999999 6.77836
0.999991 -0.00394769 0.00132778 -0.0191227 0.003946 0.999991 0.00127038 -0.0907489 -0.00133278 -0.00126513 0.999998 8.1374
0.999991 -0.00394769 0.00132778 -0.0100518 0.003946 0.999991 0.00127038 -0.0924073 -0.00133278 -0.00126513 0.999998 9.52002
0.999991 -0.00394769 0.00132778 -0.013812 0.003946 0.999991 0.00127038 -0.149849 -0.00133278 -0.00126513 0.999998 10.8948
0.999991 -0.00394769 0.00132778 -0.0036223 0.003946 0.999991 0.00127038 -0.198404 -0.00133278 -0.00126513 0.999998 12.292
0.999991 -0.00394769 0.00132778 -0.00368124 0.003946 0.999991 0.00127038 -0.225806 -0.00133278 -0.00126513 0.999998 13.6475
0.999995 -0.000594553 0.00316236 -0.0385494 0.000592375 1 0.000689855 -0.234901 -0.00316277 -0.000687978 0.999995 14.9935
0.999992 0.000408111 0.00386514 -0.0563942 -0.000413449 0.999999 0.00138044 -0.251012 -0.00386457 -0.00138203 0.999992 16.3431
0.999979 -0.00149796 0.00638371 -0.0836459 0.00147247 0.999991 0.00399541 -0.266105 -0.00638964 -0.00398592 0.999972 17.7232
0.999946 -0.00560867 0.00873995 -0.110234 0.00555514 0.999966 0.00613704 -0.286782 -0.00877407 -0.00608816 0.999943 19.0872
0.999927 -0.00704064 0.00986502 -0.125164 0.00700649 0.999969 0.00349222 -0.298242 -0.0098893 -0.00342284 0.999945 20.4545
0.999903 -0.00833828 0.0111583 -0.142875 0.00831874 0.999964 0.00179656 -0.322293 -0.0111729 -0.00170356 0.999936 21.8055
0.999907 -0.00544816 0.0125386 -0.141819 0.00545034 0.999985 -0.000140143 -0.335465 -0.0125376 0.00020847 0.999921 23.2067
0.999881 -0.00329483 0.0150817 -0.164515 0.00326111 0.999992 0.00226033 -0.361293 -0.0150891 -0.00221088 0.999884 24.5783
0.999878 -0.00315347 0.0152755 -0.130288 0.00306151 0.999977 0.00603958 -0.382864 -0.0152942 -0.00599208 0.999865 26.0055
0.99982 -0.00546817 0.0181886 -0.148221 0.00533744 0.99996 0.00722814 -0.386786 -0.0182274 -0.00712976 0.999808 27.389
0.999783 -0.00693106 0.0196338 -0.153481 0.00683773 0.999965 0.00481675 -0.384174 -0.0196665 -0.00468146 0.999796 28.7675
0.999897 -0.00558804 0.0132532 -0.0377772 0.0055445 0.999979 0.00331971 -0.396595 -0.0132715 -0.00324588 0.999907 28.9865
0.999854 -0.00687259 0.0156362 -0.0609597 0.00685304 0.999976 0.00130321 -0.426223 -0.0156447 -0.00119586 0.999877 30.3569
0.999509 -0.00493401 0.030954 -0.415922 0.00491482 0.999988 0.000695913 -0.425424 -0.0309571 -0.000543438 0.999521 30.6388
0.999121 -0.00642609 0.0414142 -0.448516 0.00658671 0.999971 -0.00374308 -0.402112 -0.041389 0.00401258 0.999135 30.9545
0.999121 -0.00642609 0.0414142 -0.387473 0.00658671 0.999971 -0.00374308 -0.40946 -0.041389 0.00401258 0.999135 32.4039
0.999121 -0.00642609 0.0414142 -0.340121 0.00658671 0.999971 -0.00374308 -0.419491 -0.041389 0.00401258 0.999135 33.8256
0.999121 -0.00642609 0.0414142 -0.29588 0.00658671 0.999971 -0.00374308 -0.42062 -0.041389 0.00401258 0.999135 35.2453
0.999144 -0.00380946 0.0411879 -0.236968 0.00396761 0.999985 -0.00375869 -0.442361 -0.041173 0.00391889 0.999144 36.6997
0.99912 -0.000748546 0.0419403 -0.191809 0.000957087 0.999987 -0.00495249 -0.46315 -0.041936 0.00498827 0.999108 38.1222
0.999118 0.0010007 0.041969 -0.139156 -0.000806466 0.999989 -0.00464473 -0.490521 -0.0419732 0.00460679 0.999108 39.5657
0.999118 0.0010007 0.041969 -0.0769761 -0.000806466 0.999989 -0.00464473 -0.513412 -0.0419732 0.00460679 0.999108 41.035
0.999118 0.0010007 0.041969 -0.0169161 -0.000806466 0.999989 -0.00464473 -0.557048 -0.0419732 0.00460679 0.999108 42.4883
0.999118 0.0010007 0.041969 0.0172834 -0.000806466 0.999989 -0.00464473 -0.596453 -0.0419732 0.00460679 0.999108 43.9074
0.999118 0.0010007 0.041969 0.0444343 -0.000806466 0.999989 -0.00464473 -0.629157 -0.0419732 0.00460679 0.999108 45.323
0.999108 0.000559745 0.0422234 0.08232 -0.00036499 0.999989 -0.00462006 -0.634063 -0.0422255 0.00460053 0.999098 46.7985
0.999108 0.000559745 0.0422234 0.120302 -0.00036499 0.999989 -0.00462006 -0.673307 -0.0422255 0.00460053 0.999098 48.23
0.99914 0.00258047 0.0413823 0.172166 -0.00236862 0.999984 -0.00516735 -0.690581 -0.041395 0.00506488 0.99913 49.6894
0.99914 0.00258047 0.0413823 0.210065 -0.00236862 0.999984 -0.00516735 -0.709959 -0.041395 0.00506488 0.99913 51.122
0.99914 0.00258047 0.0413823 0.261018 -0.00236862 0.999984 -0.00516735 -0.705916 -0.041395 0.00506488 0.99913 52.5784
0.99914 0.00258047 0.0413823 0.316426 -0.00236862 0.999984 -0.00516735 -0.739385 -0.041395 0.00506488 0.99913 54.032
0.999123 -0.000591112 0.0418677 0.35447 0.000838179 0.999982 -0.00588382 -0.771122 -0.0418635 0.00591375 0.999106 55.4613
0.999007 -0.000393672 0.0445619 0.377752 0.000701312 0.999976 -0.00688824 -0.788779 -0.0445581 0.00691265 0.998983 56.9096
0.999007 -0.000393672 0.0445619 0.437628 0.000701312 0.999976 -0.00688824 -0.814207 -0.0445581 0.00691265 0.998983 58.3449
0.998919 -0.00146094 0.0464608 0.48428 0.00177597 0.999976 -0.00674004 -0.841909 -0.0464499 0.00681527 0.998897 59.7945
0.998445 -0.00221457 0.055697 0.330794 0.002687 0.999961 -0.00840857 -0.815966 -0.0556762 0.00854515 0.998412 59.8498
0.998283 -0.00392236 0.0584358 0.3805 0.00448306 0.999945 -0.00946708 -0.853941 -0.0583955 0.0097128 0.998246 61.2429
0.998283 -0.00392236 0.0584358 0.488531 0.00448306 0.999945 -0.00946708 -0.892617 -0.0583955 0.0097128 0.998246 62.6948
0.998283 -0.00392236 0.0584358 0.590556 0.00448306 0.999945 -0.00946708 -0.91958 -0.0583955 0.0097128 0.998246 64.173
0.998065 -8.82968e-06 0.0621794 0.631549 0.000559398 0.999961 -0.00883711 -0.955848 -0.0621768 0.00885479 0.998026 65.5781
0.997877 0.00198752 0.0650945 0.6856 -0.00151352 0.999972 -0.00733023 -0.993155 -0.0651073 0.00721615 0.997852 66.9763
0.997764 0.00590776 0.0665743 0.764397 -0.00542913 0.999958 -0.00736815 -1.02777 -0.0666151 0.00699023 0.997754 68.4088
0.996522 0.00964321 0.0827713 0.447578 -0.00903797 0.99993 -0.00768376 -1.02518 -0.0828396 0.00690895 0.996539 68.4642
0.994581 0.0180661 0.102382 0.0818205 -0.0170865 0.9998 -0.0104374 -0.991538 -0.10255 0.00863144 0.99469 68.5392
0.992605 0.0194933 0.119815 -0.237856 -0.0185775 0.999789 -0.00875578 -1.02592 -0.11996 0.00646518 0.992758 68.5761
0.992605 0.0194933 0.119815 -0.0576736 -0.0185775 0.999789 -0.00875578 -1.05844 -0.11996 0.00646518 0.992758 70.0036
0.989832 0.0200412 0.14082 -0.467812 -0.0189458 0.999779 -0.00911507 -1.05523 -0.140971 0.00635444 0.989993 70.0698
0.986916 0.0187036 0.160145 -0.836471 -0.017507 0.999807 -0.00887985 -1.08247 -0.16028 0.00596002 0.987054 70.1185
0.986916 0.0187036 0.160145 -0.609588 -0.017507 0.999807 -0.00887985 -1.12628 -0.16028 0.00596002 0.987054 71.5175
0.986916 0.0187036 0.160145 -0.39803 -0.017507 0.999807 -0.00887985 -1.1626 -0.16028 0.00596002 0.987054 72.9353
0.986916 0.0187036 0.160145 -0.161235 -0.017507 0.999807 -0.00887985 -1.21463 -0.16028 0.00596002 0.987054 74.2752
0.986916 0.0187036 0.160145 0.0702818 -0.017507 0.999807 -0.00887985 -1.2539 -0.16028 0.00596002 0.987054 75.6653
0.986916 0.0187036 0.160145 0.279076 -0.017507 0.999807 -0.00887985 -1.27576 -0.16028 0.00596002 0.987054 77.0664
0.98707 0.0162342 0.159463 0.500571 -0.0150913 0.999851 -0.00837561 -1.31081 -0.159575 0.00586082 0.987168 78.4662
0.98716 0.0146176 0.159065 0.709315 -0.0134822 0.999875 -0.00821452 -1.34174 -0.159165 0.0059645 0.987234 79.8648
0.987137 0.0123196 0.1594 0.914699 -0.0111684 0.999905 -0.00811635 -1.38415 -0.159485 0.00623171 0.987181 81.2519
0.986948 0.0113482 0.160637 1.10566 -0.00995398 0.999906 -0.00948168 -1.41354 -0.16073 0.00775895 0.986968 82.6204
0.986948 0.0113482 0.160637 1.32976 -0.00995398 0.999906 -0.00948168 -1.46576 -0.16073 0.00775895 0.986968 84.046
0.985661 0.0116661 0.168337 1.302 -0.0102241 0.999903 -0.0094305 -1.48071 -0.16843 0.00757419 0.985684 84.6287
0.98543 0.0120154 0.169655 1.50145 -0.0104588 0.999895 -0.0100659 -1.51872 -0.169758 0.00814486 0.985452 85.9611
0.98543 0.0120154 0.169655 1.74786 -0.0104588 0.999895 -0.0100659 -1.57215 -0.169758 0.00814486 0.985452 87.3702
0.985279 0.0131147 0.170451 1.97026 -0.0116044 0.999884 -0.00985356 -1.60857 -0.17056 0.00773052 0.985317 88.7299
0.985214 0.0144919 0.170713 2.19692 -0.0132969 0.999878 -0.0081413 -1.64827 -0.170811 0.00575096 0.985287 90.0855
0.985171 0.0149597 0.17092 2.42249 -0.0140271 0.999879 -0.00666301 -1.69095 -0.170999 0.0041667 0.985262 91.4403
0.984935 0.0143718 0.172327 2.63572 -0.013134 0.999879 -0.0083204 -1.72358 -0.172426 0.00593169 0.985005 92.7815
0.984889 0.0142374 0.172601 2.85965 -0.0124843 0.999859 -0.0112385 -1.7548 -0.172737 0.00891386 0.984928 94.1029
0.984889 0.0142374 0.172601 2.84753 -0.0124843 0.999859 -0.0112385 -1.77734 -0.172737 0.00891386 0.984928 94.0538
0.984737 0.0117654 0.173651 3.07049 -0.0100841 0.999893 -0.0105608 -1.81152 -0.173756 0.00864851 0.984751 95.394
0.984522 0.00916366 0.17502 3.30883 -0.00783163 0.999935 -0.00829991 -1.85197 -0.175084 0.00680076 0.98453 96.7612
0.984522 0.00916366 0.17502 3.57197 -0.00783163 0.999935 -0.00829991 -1.88177 -0.175084 0.00680076 0.98453 98.1238
0.984162 0.00912722 0.177036 3.78746 -0.00738214 0.999917 -0.0105133 -1.91114 -0.177118 0.00903993 0.984148 99.4425
0.983792 0.0117885 0.178926 4.00737 -0.00964087 0.999871 -0.0128678 -1.94937 -0.179054 0.0109343 0.983778 100.775
0.983511 0.0148154 0.180241 4.2474 -0.0122303 0.999806 -0.0154454 -1.9829 -0.180435 0.0129863 0.983501 102.123
0.97847 0.0206701 0.205351 3.7658 -0.0175621 0.999702 -0.0169461 -1.95503 -0.20564 0.0129749 0.978542 102.208
0.977736 0.02011 0.208872 3.72824 -0.0175841 0.999748 -0.0139432 -1.96463 -0.2091 0.00995997 0.977844 102.219
0.977229 0.0194945 0.21129 3.97979 -0.0174042 0.99978 -0.0117486 -2.00275 -0.211472 0.00780378 0.977353 103.518
0.977229 0.0194945 0.21129 4.28767 -0.0174042 0.99978 -0.0117486 -2.03498 -0.211472 0.00780378 0.977353 104.867
0.976839 0.0200368 0.213034 4.5638 -0.017707 0.999761 -0.0128388 -2.06713 -0.21324 0.00876927 0.97696 106.201
0.97634 0.0223084 0.215086 4.84086 -0.0198061 0.999709 -0.0137826 -2.10261 -0.215331 0.00919646 0.976498 107.52
0.97634 0.0223084 0.215086 5.16457 -0.0198061 0.999709 -0.0137826 -2.13645 -0.215331 0.00919646 0.976498 108.89
0.975938 0.0228043 0.216851 5.44311 -0.0200218 0.999687 -0.0150197 -2.17648 -0.217126 0.0103165 0.976089 110.225
0.975405 0.0241269 0.219097 5.71351 -0.0211891 0.999651 -0.0157488 -2.21938 -0.2194 0.0107189 0.975576 111.546
0.975405 0.0241269 0.219097 6.03266 -0.0211891 0.999651 -0.0157488 -2.27137 -0.2194 0.0107189 0.975576 112.891
0.975202 0.0233356 0.220084 6.32397 -0.0205962 0.999679 -0.0147341 -2.31604 -0.220358 0.00983588 0.97537 114.233
0.974856 0.0220253 0.221746 6.60831 -0.0193767 0.999713 -0.0141132 -2.35538 -0.221993 0.00946158 0.975002 115.573
0.974856 0.0220253 0.221746 6.92151 -0.0193767 0.999713 -0.0141132 -2.39496 -0.221993 0.00946158 0.975002 116.918
0.974573 0.0203144 0.223146 7.19953 -0.0175058 0.999741 -0.0145579 -2.4346 -0.223384 0.0102814 0.974676 118.231
0.974411 0.0177067 0.224076 7.4858 -0.0150283 0.999794 -0.013653 -2.47764 -0.224272 0.00993616 0.974476 119.571
0.974229 0.0166906 0.224944 7.76724 -0.0137875 0.9998 -0.0144708 -2.51163 -0.225141 0.0109964 0.974264 120.951
0.974229 0.0166906 0.224944 8.05168 -0.0137875 0.9998 -0.0144708 -2.56293 -0.225141 0.0109964 0.974264 122.27
0.974229 0.0166906 0.224944 8.34196 -0.0137875 0.9998 -0.0144708 -2.58769 -0.225141 0.0109964 0.974264 123.646
0.974229 0.0166906 0.224944 8.62947 -0.0137875 0.9998 -0.0144708 -2.63509 -0.225141 0.0109964 0.974264 124.979
0.974229 0.0166906 0.224944 8.91144 -0.0137875 0.9998 -0.0144708 -2.68495 -0.225141 0.0109964 0.974264 126.325
0.974229 0.0166906 0.224944 9.20473 -0.0137875 0.9998 -0.0144708 -2.73904 -0.225141 0.0109964 0.974264 127.671
0.974229 0.0166906 0.224944 9.49926 -0.0137875 0.9998 -0.0144708 -2.79217 -0.225141 0.0109964 0.974264 129.031
0.97433 0.0150856 0.22462 9.79943 -0.0115291 0.999787 -0.0171366 -2.83255 -0.224831 0.0141071 0.974296 130.389
0.974377 0.0110796 0.22465 10.0969 -0.00720205 0.999811 -0.0180726 -2.86975 -0.224808 0.0159916 0.974272 131.744
0.974768 0.00157734 0.223213 10.414 0.00194833 0.999877 -0.015574 -2.92431 -0.22321 0.0156159 0.974645 133.06
0.974526 -0.00437225 0.22423 10.6979 0.00803705 0.999849 -0.0154339 -2.95313 -0.224128 0.0168428 0.974414 134.402
0.974451 -0.0068449 0.224495 10.9895 0.0113629 0.999758 -0.0188392 -2.99399 -0.224312 0.0209088 0.974293 135.726
0.973921 -0.00499011 0.226834 11.2618 0.010369 0.999692 -0.0225275 -3.03798 -0.226652 0.024292 0.973673 137.04
0.973563 -0.000891672 0.228416 11.5538 0.00656406 0.999689 -0.0240751 -3.09821 -0.228323 0.024938 0.973266 138.369
0.973563 -0.000891672 0.228416 11.8941 0.00656406 0.999689 -0.0240751 -3.1558 -0.228323 0.024938 0.973266 139.713
0.973563 -0.000891684 0.228416 12.2097 0.00656407 0.999689 -0.0240751 -3.15301 -0.228323 0.024938 0.973266 141.021
0.973501 -0.00683173 0.228579 12.5402 0.0120009 0.999703 -0.0212322 -3.20871 -0.228366 0.0234128 0.973294 142.367
0.973501 -0.00683173 0.228579 12.8601 0.0120009 0.999703 -0.0212322 -3.26007 -0.228366 0.0234128 0.973294 143.688
0.973501 -0.00683173 0.228579 13.166 0.0120009 0.999703 -0.0212322 -3.31701 -0.228366 0.0234128 0.973294 145.008
0.972935 -0.00461159 0.231032 13.4562 0.00984454 0.99972 -0.0215027 -3.3577 -0.230868 0.0231951 0.972709 146.336
0.972781 0.000513657 0.231726 13.7681 0.00495168 0.999723 -0.0230031 -3.4017 -0.231673 0.0235244 0.972509 147.658
0.97222 0.00514086 0.234012 14.0431 0.000875935 0.999672 -0.0256003 -3.45294 -0.234067 0.0250941 0.971897 148.942
0.97222 0.00514086 0.234012 14.0439 0.000875935 0.999672 -0.0256003 -3.45214 -0.234067 0.0250941 0.971897 148.935
0.969329 0.00373459 0.245737 13.9455 0.00225997 0.999707 -0.0241077 -3.45587 -0.245755 0.0239237 0.969037 148.942
0.969329 0.00373459 0.245737 14.2892 0.00225997 0.999707 -0.0241077 -3.51517 -0.245755 0.0239237 0.969037 150.332
0.969221 0.00765821 0.246075 14.6176 -0.000968388 0.999627 -0.0272957 -3.55819 -0.246192 0.0262172 0.968866 151.701
0.968936 0.0119065 0.247027 14.9265 -0.00455777 0.99953 -0.0302993 -3.61348 -0.247271 0.0282322 0.968535 153.027
0.968972 0.0170589 0.246581 15.2745 -0.00952537 0.999452 -0.0317125 -3.67782 -0.246987 0.0283798 0.968603 154.445
0.96839 0.0208479 0.248567 15.5754 -0.0136127 0.999433 -0.0307911 -3.73821 -0.249068 0.0264341 0.968125 155.784
0.967984 0.0229814 0.249957 15.9154 -0.0162777 0.999451 -0.0288539 -3.79979 -0.250483 0.0238613 0.967827 157.195
0.968009 0.023336 0.249828 16.2693 -0.017135 0.999489 -0.0269675 -3.85661 -0.25033 0.0218239 0.967915 158.575
0.96793 0.0200728 0.250417 16.6014 -0.0139316 0.999558 -0.0262729 -3.91276 -0.250833 0.0219416 0.967782 159.93
0.968059 0.0180804 0.250068 16.945 -0.0118207 0.999579 -0.026511 -3.96614 -0.250442 0.0227083 0.967865 161.313
0.968663 0.0186999 0.247674 17.3023 -0.0114273 0.999461 -0.0307688 -4.02627 -0.248115 0.0269744 0.968355 162.691
0.96851 0.0213051 0.24806 17.6205 -0.0129715 0.999297 -0.0351816 -4.09011 -0.248635 0.0308561 0.968106 164.056
0.967943 0.0258493 0.249837 17.9342 -0.0174361 0.999206 -0.03583 -4.15966 -0.250565 0.0303252 0.967625 165.432
0.967676 0.0283056 0.250605 18.2648 -0.02025 0.999194 -0.0346654 -4.23241 -0.251384 0.0284701 0.967469 166.807
0.966941 0.0293886 0.253301 18.5819 -0.0221149 0.999259 -0.0315159 -4.29887 -0.25404 0.0248723 0.966874 168.163
0.966644 0.0291128 0.254464 18.9264 -0.0223521 0.999317 -0.0294205 -4.36641 -0.255147 0.0227514 0.966635 169.545
0.966644 0.0291128 0.254464 19.2963 -0.0223521 0.999317 -0.0294205 -4.41623 -0.255147 0.0227514 0.966635 170.94
0.966644 0.0291128 0.254464 19.6758 -0.0223521 0.999317 -0.0294205 -4.4733 -0.255147 0.0227514 0.966635 172.38
0.966644 0.0291128 0.254464 20.0585 -0.0223521 0.999317 -0.0294205 -4.53629 -0.255147 0.0227514 0.966635 173.789
0.966521 0.0256516 0.255302 20.258 -0.0199248 0.999489 -0.0249929 -4.87544 -0.255812 0.0190694 0.966538 174.793
0.966521 0.0256516 0.255302 20.6563 -0.0199248 0.999489 -0.024993 -4.91227 -0.255812 0.0190694 0.966538 176.227
0.966513 0.0214144 0.255722 21.0147 -0.0158002 0.999587 -0.0239891 -4.96666 -0.25613 0.0191453 0.966453 177.6
0.966614 0.0191039 0.255524 21.3904 -0.0133494 0.999617 -0.0242358 -5.02408 -0.25589 0.0200156 0.966499 178.999
0.966518 0.0224016 0.25562 21.757 -0.0157024 0.999478 -0.0282187 -5.08498 -0.256119 0.02326 0.966365 180.402
0.966218 0.0304211 0.255924 22.1025 -0.0226015 0.999185 -0.033441 -5.14643 -0.256733 0.026527 0.966118 181.786
0.965298 0.0395508 0.258138 22.4427 -0.0319158 0.998922 -0.0337025 -5.21269 -0.259193 0.0242943 0.96552 183.198
0.964434 0.0462625 0.260243 22.7885 -0.039752 0.998752 -0.0302279 -5.27936 -0.261317 0.0188076 0.96507 184.619
0.963804 0.0470092 0.262436 23.1365 -0.0410521 0.998761 -0.0281392 -5.34026 -0.263433 0.0163471 0.964539 186.029
0.963804 0.0470092 0.262436 23.5204 -0.0410521 0.998761 -0.0281392 -5.39117 -0.263433 0.0163471 0.964539 187.466
0.964134 0.0442839 0.261697 23.8735 -0.0381492 0.998866 -0.0284785 -5.45367 -0.262661 0.0174735 0.96473 188.852
0.964134 0.0442839 0.261697 24.2441 -0.0381492 0.998866 -0.0284785 -5.52961 -0.262661 0.0174735 0.96473 190.284
0.964134 0.0442839 0.261697 24.6302 -0.0381492 0.998866 -0.0284785 -5.60068 -0.262661 0.0174735 0.96473 191.721
0.963021 0.0457027 0.265523 24.9381 -0.0397312 0.998823 -0.0278204 -5.67096 -0.266482 0.0162421 0.963703 193.146
0.963021 0.0457027 0.265523 25.3411 -0.0397312 0.998823 -0.0278204 -5.71758 -0.266482 0.0162421 0.963703 194.589
0.963021 0.0457027 0.265523 25.7365 -0.0397312 0.998823 -0.0278204 -5.79407 -0.266482 0.0162421 0.963703 196.035
0.963025 0.0458556 0.265481 26.1247 -0.0394266 0.998787 -0.0294983 -5.84664 -0.266511 0.0179406 0.963665 197.471
0.963025 0.0458556 0.265481 26.5018 -0.0394266 0.998787 -0.0294983 -5.92871 -0.266511 0.0179406 0.963665 198.902
0.963025 0.0458556 0.265481 26.922 -0.0394266 0.998787 -0.0294983 -5.99279 -0.266511 0.0179406 0.963665 200.41
0.963025 0.0458556 0.265481 27.3099 -0.0394266 0.998787 -0.0294983 -6.05813 -0.266511 0.0179406 0.963665 201.903
0.963025 0.0458556 0.265481 27.6787 -0.0394266 0.998787 -0.0294983 -6.13668 -0.266511 0.0179406 0.963665 203.327
0.963053 0.0473191 0.265122 28.0797 -0.0406822 0.998707 -0.0304719 -6.19505 -0.266221 0.0185603 0.963733 204.803
0.963053 0.0473191 0.265122 28.4938 -0.0406822 0.998707 -0.0304719 -6.26798 -0.266221 0.0185603 0.963733 206.291
0.963053 0.0473191 0.265122 28.8738 -0.0406822 0.998707 -0.0304719 -6.34273 -0.266221 0.0185603 0.963733 207.728
0.963053 0.0473191 0.265122 29.2675 -0.0406822 0.998707 -0.0304719 -6.41951 -0.266221 0.0185603 0.963733 209.207
0.963053 0.0473191 0.265122 29.6646 -0.0406822 0.998707 -0.0304719 -6.49343 -0.266221 0.0185603 0.963733 210.676
0.963053 0.0473191 0.265122 30.0751 -0.0406822 0.998707 -0.0304719 -6.56221 -0.266221 0.0185603 0.963733 212.162
0.963053 0.0473191 0.265122 30.4968 -0.0406822 0.998707 -0.0304719 -6.62187 -0.266221 0.0185603 0.963733 213.656
0.963053 0.0473191 0.265122 30.8998 -0.0406822 0.998707 -0.0304719 -6.68629 -0.266221 0.0185603 0.963733 215.135
0.963053 0.0473191 0.265122 31.3109 -0.0406822 0.998707 -0.0304719 -6.76573 -0.266221 0.0185603 0.963733 216.611
0.962582 0.0473232 0.266826 31.69 -0.0405824 0.998704 -0.030724 -6.8398 -0.267934 0.0187459 0.963255 218.068
0.962125 0.0482446 0.268305 32.0888 -0.0415758 0.99867 -0.0304852 -6.90443 -0.269419 0.0181756 0.962852 219.528
0.961712 0.0474622 0.269921 32.4907 -0.0414395 0.998749 -0.0279711 -6.97813 -0.270911 0.0157148 0.962476 221.006
0.961112 0.0474041 0.272059 32.8812 -0.0412191 0.998746 -0.0284076 -7.03613 -0.273065 0.0160888 0.961861 222.478
0.961382 0.0481369 0.270977 33.3483 -0.041494 0.998682 -0.0301944 -7.10108 -0.272073 0.0177844 0.962112 224.008
0.960353 0.0480546 0.274615 33.7055 -0.0409534 0.998663 -0.0315376 -7.17512 -0.275764 0.0190408 0.961037 225.43
0.960353 0.0480546 0.274615 34.1309 -0.0409534 0.998663 -0.0315376 -7.23691 -0.275764 0.0190408 0.961037 226.915
0.960353 0.0480546 0.274615 34.5567 -0.0409534 0.998663 -0.0315376 -7.28668 -0.275764 0.0190408 0.961037 228.383
0.960353 0.0480546 0.274615 34.9848 -0.0409534 0.998663 -0.0315376 -7.34729 -0.275764 0.0190408 0.961037 229.931
0.960353 0.0480546 0.274615 35.4013 -0.0409534 0.998663 -0.0315376 -7.42373 -0.275764 0.0190408 0.961037 231.406
0.960353 0.0480546 0.274615 35.8367 -0.0409534 0.998663 -0.0315376 -7.49063 -0.275764 0.0190408 0.961037 232.946
0.960025 0.0498801 0.275434 36.2488 -0.0426597 0.998572 -0.0321475 -7.55947 -0.276644 0.0191125 0.960782 234.468
0.960025 0.0498801 0.275434 36.6749 -0.0426597 0.998572 -0.0321475 -7.62639 -0.276644 0.0191125 0.960782 235.955
0.960025 0.0498801 0.275434 37.0764 -0.0426597 0.998572 -0.0321475 -7.69772 -0.276644 0.0191125 0.960782 237.412
0.96029 0.0477242 0.274891 37.527 -0.0406036 0.998677 -0.0315394 -7.77083 -0.276033 0.0191254 0.960958 238.937
0.95999 0.0453716 0.276336 37.9434 -0.0382685 0.998785 -0.0310461 -7.84434 -0.277409 0.019229 0.96056 240.433
0.959591 0.0436623 0.27799 38.3566 -0.0362325 0.998837 -0.0318107 -7.9192 -0.279056 0.0204529 0.960057 241.93
0.959591 0.0436623 0.27799 38.7969 -0.0362325 0.998837 -0.0318107 -8.02021 -0.279056 0.0204529 0.960057 243.433
0.959376 0.0404362 0.279218 39.1995 -0.0335322 0.999003 -0.0294604 -8.10469 -0.280131 0.0189008 0.959776 244.872
0.958626 0.0375587 0.282179 39.5782 -0.031202 0.999149 -0.0269885 -8.19183 -0.282952 0.0170674 0.958982 246.331
0.958626 0.0375587 0.282179 40.0224 -0.031202 0.999149 -0.0269885 -8.27701 -0.282952 0.0170674 0.958982 247.894
0.958626 0.0375587 0.282179 40.4903 -0.031202 0.999149 -0.0269885 -8.35844 -0.282952 0.0170674 0.958982 249.439
0.957964 0.0373023 0.284454 40.8861 -0.0306019 0.99914 -0.0279649 -8.42221 -0.285253 0.0180845 0.958282 250.888
0.957964 0.0373023 0.284454 41.3448 -0.0306019 0.99914 -0.0279649 -8.47972 -0.285253 0.0180845 0.958282 252.414
0.957964 0.0373023 0.284454 41.7964 -0.0306019 0.99914 -0.0279649 -8.55408 -0.285253 0.0180845 0.958282 253.907
0.957964 0.0373023 0.284454 42.2641 -0.0306019 0.99914 -0.0279649 -8.6326 -0.285253 0.0180845 0.958282 255.409
0.95749 0.0365286 0.286145 42.6971 -0.0298588 0.999172 -0.0276395 -8.70716 -0.286918 0.0179206 0.957788 256.909
0.95749 0.0365286 0.286145 43.1643 -0.0298588 0.999172 -0.0276395 -8.78889 -0.286918 0.0179206 0.957788 258.401
0.95749 0.0365286 0.286145 43.6375 -0.0298588 0.999172 -0.0276395 -8.87535 -0.286918 0.0179206 0.957788 259.912
0.95749 0.0365286 0.286145 44.0012 -0.0298588 0.999172 -0.0276395 -8.93463 -0.286918 0.0179206 0.957788 260.811
0.957327 0.034817 0.286902 44.4448 -0.0284048 0.999246 -0.0264829 -9.00378 -0.287608 0.0172034 0.957594 262.356
0.957161 0.0334916 0.287614 44.8896 -0.0269338 0.99928 -0.0267284 -9.06512 -0.288302 0.0178369 0.957373 263.879
0.956983 0.033269 0.288232 45.3313 -0.0258754 0.999232 -0.0294245 -9.13145 -0.288989 0.0207007 0.957108 265.413
0.957233 0.0324077 0.287498 45.7913 -0.0242295 0.999195 -0.0319598 -9.19605 -0.288303 0.0236271 0.957248 266.943
0.957233 0.0324077 0.287498 46.2281 -0.0242295 0.999195 -0.0319598 -9.26914 -0.288303 0.0236271 0.957248 268.463
0.957233 0.0324077 0.287498 46.6647 -0.0242295 0.999195 -0.0319598 -9.36105 -0.288303 0.0236271 0.957248 269.969
0.957233 0.0324077 0.287498 47.1166 -0.0242295 0.999195 -0.0319598 -9.45025 -0.288303 0.0236271 0.957248 271.409
0.957233 0.0324077 0.287498 47.5647 -0.0242295 0.999195 -0.0319598 -9.53314 -0.288303 0.0236271 0.957248 272.954
0.957415 0.0313925 0.287004 48.0289 -0.0235435 0.99925 -0.0307592 -9.61819 -0.287754 0.0226922 0.957436 274.527
0.957415 0.0313925 0.287004 48.4725 -0.0235435 0.99925 -0.0307592 -9.68541 -0.287754 0.0226922 0.957436 275.986
0.957843 0.0300769 0.285713 48.9632 -0.0225735 0.999309 -0.0295202 -9.75531 -0.286404 0.0218262 0.95786 277.596
0.957843 0.0300769 0.285713 49.4096 -0.0225735 0.999309 -0.0295202 -9.79427 -0.286404 0.0218262 0.95786 279.129
0.957843 0.0300769 0.285713 49.8913 -0.0225735 0.999309 -0.0295202 -9.87678 -0.286404 0.0218262 0.95786 280.682
0.957843 0.0300769 0.285713 50.3665 -0.0225735 0.999309 -0.0295202 -9.95706 -0.286404 0.0218262 0.95786 282.222
0.958039 0.0282738 0.285239 50.836 -0.0206585 0.999346 -0.0296721 -10.0301 -0.285892 0.0225344 0.957997 283.756
0.958026 0.026896 0.285417 51.2926 -0.0187606 0.999337 -0.0311999 -10.0955 -0.286067 0.0245357 0.957896 285.31
0.958172 0.0260576 0.285004 51.7611 -0.0173428 0.999303 -0.0330594 -10.175 -0.285667 0.0267338 0.957956 286.865
0.95849 0.026109 0.283928 52.243 -0.0170799 0.999268 -0.0342305 -10.2527 -0.284614 0.0279601 0.958234 288.448
0.959199 0.0276863 0.281374 52.7087 -0.0183144 0.999188 -0.0358836 -10.324 -0.282139 0.0292664 0.958927 290.021
0.960146 0.0287471 0.278016 53.2041 -0.0196951 0.999183 -0.0352983 -10.4029 -0.278803 0.028416 0.959928 291.628
0.959935 0.0293744 0.27868 53.6234 -0.0211783 0.999251 -0.0323764 -10.4819 -0.279422 0.0251773 0.959838 293.195
0.959758 0.0266759 0.279558 54.0845 -0.0193097 0.999391 -0.029071 -10.564 -0.280163 0.022503 0.959689 294.803
0.959758 0.0266759 0.279558 54.5444 -0.0193097 0.999391 -0.029071 -10.622 -0.280163 0.022503 0.959689 296.384
0.959758 0.0266762 0.279559 55.0427 -0.0193091 0.999391 -0.0290739 -10.854 -0.280164 0.0225059 0.959688 297.897
0.959758 0.0266762 0.279559 55.507 -0.0193091 0.999391 -0.0290739 -10.9503 -0.280164 0.0225059 0.959688 299.467
0.959758 0.0266762 0.279559 55.9852 -0.0193091 0.999391 -0.0290739 -11.0208 -0.280164 0.0225059 0.959688 301.075
0.959758 0.0266762 0.279559 56.4822 -0.0193091 0.999391 -0.0290739 -11.1009 -0.280164 0.0225059 0.959688 302.724
0.959876 0.0292119 0.278899 56.9616 -0.021719 0.999316 -0.0299189 -11.1768 -0.279583 0.0226611 0.959854 304.326
0.959522 0.0299042 0.280042 57.4104 -0.02218 0.999282 -0.0307117 -11.2542 -0.28076 0.0232572 0.959496 305.915
0.959371 0.0281978 0.280734 57.861 -0.0208236 0.999356 -0.0292165 -11.3324 -0.281377 0.0221836 0.959341 307.501
0.959371 0.0281978 0.280734 58.3236 -0.0208236 0.999356 -0.0292165 -11.402 -0.281377 0.0221836 0.959341 309.084
0.959398 0.0276644 0.280696 58.7787 -0.0199282 0.99934 -0.0303783 -11.4817 -0.281351 0.0235511 0.959316 310.67
0.959398 0.0276644 0.280696 59.242 -0.0199282 0.99934 -0.0303783 -11.5565 -0.281351 0.0235511 0.959316 312.234
0.959007 0.0296675 0.281825 59.6772 -0.0217633 0.999278 -0.0311362 -11.6532 -0.282545 0.0237264 0.958961 313.819
0.959165 0.0319863 0.281032 60.1352 -0.0232355 0.999137 -0.0344161 -11.7278 -0.28189 0.0264808 0.959081 315.415
0.959165 0.0319863 0.281032 60.5815 -0.0232355 0.999137 -0.0344161 -11.7934 -0.28189 0.0264808 0.959081 317.046
0.958999 0.032327 0.281561 61.0102 -0.0244816 0.999209 -0.031338 -11.8773 -0.282351 0.02316 0.959032 318.605
0.95901 0.033654 0.281368 61.4416 -0.0267632 0.999241 -0.0282985 -11.9533 -0.282106 0.0196082 0.959183 320.151
0.959635 0.0338309 0.279207 61.9128 -0.0266001 0.999206 -0.0296469 -12.0279 -0.279988 0.0210232 0.959773 321.733
0.960072 0.0343742 0.277633 62.3487 -0.0267547 0.999155 -0.0311878 -12.0989 -0.278471 0.0225145 0.960181 323.274
0.946324 0.0076427 0.323128 61.0692 -0.00737937 0.999971 -0.00204004 -12.6915 -0.323134 -0.000453943 0.946353 321.89
0.946553 0.00614767 0.322491 61.5985 -0.00575448 0.999981 -0.00217258 -12.7165 -0.322498 0.000200697 0.94657 323.452
0.946553 0.00614767 0.322491 62.1204 -0.00575448 0.999981 -0.00217258 -12.7698 -0.322498 0.000200697 0.94657 325.004
0.946553 0.00614767 0.322491 62.629 -0.00575448 0.999981 -0.00217258 -12.8255 -0.322498 0.000200697 0.94657 326.541
0.946553 0.00614767 0.322491 63.1459 -0.00575448 0.999981 -0.00217258 -12.8648 -0.322498 0.000200697 0.94657 328.075
0.946553 0.00614767 0.322491 63.678 -0.00575448 0.999981 -0.00217258 -12.903 -0.322498 0.000200697 0.94657 329.621
0.946553 0.00614767 0.322491 64.2058 -0.00575448 0.999981 -0.00217258 -12.9544 -0.322498 0.000200697 0.94657 331.166
0.946553 0.00614767 0.322491 64.7314 -0.00575448 0.999981 -0.00217258 -13.0077 -0.322498 0.000200697 0.94657 332.73
0.946553 0.00614767 0.322491 65.2578 -0.00575448 0.999981 -0.00217258 -13.0339 -0.322498 0.000200697 0.94657 334.266
0.946553 0.00614767 0.322491 65.7729 -0.00575448 0.999981 -0.00217258 -13.0802 -0.322498 0.000200697 0.94657 335.799
0.946632 0.00499306 0.322279 66.2865 -0.00400673 0.999985 -0.00372375 -13.1105 -0.322293 0.00223373 0.946637 337.316
0.946754 0.00297584 0.321945 66.8047 -0.00226936 0.999994 -0.00256968 -13.132 -0.321951 0.00170225 0.946755 338.834
0.946754 0.00297584 0.321945 67.3124 -0.00226936 0.999994 -0.00256968 -13.1496 -0.321951 0.00170225 0.946755 340.367
0.946754 0.00297584 0.321945 67.8435 -0.00226936 0.999994 -0.00256968 -13.2095 -0.321951 0.00170225 0.946755 341.931
0.946233 0.00429038 0.323459 68.3304 -0.00349458 0.999989 -0.00304104 -13.2447 -0.323468 0.00174718 0.946237 343.439
0.945819 0.00649671 0.324628 68.8442 -0.00576823 0.999978 -0.00320632 -13.2603 -0.324642 0.00116007 0.945836 345
0.945819 0.00649673 0.324628 69.3567 -0.00576825 0.999978 -0.00320631 -13.267 -0.324642 0.00116005 0.945836 346.524
0.945819 0.00649673 0.324628 69.8719 -0.00576825 0.999978 -0.00320631 -13.3005 -0.324642 0.00116005 0.945836 348.026
0.945736 0.00752802 0.324849 70.3727 -0.00639786 0.999969 -0.00454705 -13.3243 -0.324873 0.00222197 0.945755 349.525
0.945736 0.00752802 0.324849 70.898 -0.00639786 0.999969 -0.00454705 -13.3628 -0.324873 0.00222197 0.945755 351.047
0.945736 0.00752802 0.324849 71.4436 -0.00639786 0.999969 -0.00454705 -13.3965 -0.324873 0.00222197 0.945755 352.602
0.945477 0.00778079 0.325595 71.9646 -0.00704528 0.999969 -0.00343801 -13.4434 -0.325612 0.000956653 0.945503 354.166
0.944591 0.00947849 0.328114 72.4607 -0.00877051 0.999955 -0.00363754 -13.4674 -0.328133 0.000558268 0.944631 355.697
0.944591 0.00947849 0.328114 73.0122 -0.00877051 0.999955 -0.00363754 -13.5127 -0.328133 0.000558268 0.944631 357.241
0.944591 0.00947849 0.328114 73.5447 -0.00877051 0.999955 -0.00363754 -13.5562 -0.328133 0.000558268 0.944631 358.771
0.944591 0.00947849 0.328114 74.0841 -0.00877051 0.999955 -0.00363754 -13.5879 -0.328133 0.000558268 0.944631 360.333
0.941786 0.0124196 0.335984 74.1951 -0.0120641 0.999922 -0.00314535 -13.5925 -0.335997 -0.00109111 0.941863 360.766
0.941786 0.0124196 0.335984 74.7515 -0.0120641 0.999922 -0.00314535 -13.623 -0.335997 -0.00109111 0.941863 362.319
0.941786 0.0124196 0.335984 75.3037 -0.0120641 0.999922 -0.00314535 -13.6586 -0.335997 -0.00109111 0.941863 363.874
0.941786 0.0124196 0.335984 75.846 -0.0120641 0.999922 -0.00314535 -13.6925 -0.335997 -0.00109111 0.941863 365.421
