1 0 0 0 0 1 0 0 0 0 1 0
0.999998 -0.00147442 -0.000994084 -0.0124086 0.00147358 0.999999 -0.000847552 -0.0114233 0.000995332 0.000846086 0.999999 0.563897
0.999995 -0.00216061 -0.00213404 -0.0115547 0.0021562 0.999996 -0.00206628 -0.0261276 0.00213849 0.00206167 0.999996 1.13956
0.999989 -0.00240401 -0.00399182 -0.0119052 0.00238977 0.999991 -0.0035696 -0.0371775 0.00400037 0.00356002 0.999986 1.70096
0.999971 -0.00432601 -0.00626927 -0.0110575 0.00429375 0.999978 -0.00514999 -0.0486831 0.00629141 0.00512292 0.999967 2.28929
0.999951 -0.00642536 -0.00747377 -0.0101631 0.00636868 0.999951 -0.00758324 -0.0565963 0.00752213 0.00753527 0.999943 2.82312
0.999938 -0.00718609 -0.0085326 -0.0190566 0.00711254 0.999938 -0.00861964 -0.0637754 0.008594 0.00855841 0.999926 3.40406
0.999938 -0.00718609 -0.0085326 -0.0612266 0.00711254 0.999938 -0.00861964 -0.0584323 0.008594 0.00855841 0.999926 4.00206
0.999938 -0.00718609 -0.0085326 -0.0894997 0.00711254 0.999938 -0.00861964 -0.0847938 0.008594 0.00855841 0.999926 4.59926
0.999931 -0.00699602 -0.00947818 -0.0934292 0.00689362 0.999918 -0.0107937 -0.108699 0.00955291 0.0107276 0.999897 5.19687
0.999925 -0.00516772 -0.011137 -0.0861947 0.00500102 0.999876 -0.0149449 -0.115738 0.0112128 0.014888 0.999826 5.78022
0.999935 -0.00333668 -0.0108624 -0.1423 0.00313373 0.999821 -0.0186475 -0.133845 0.0109227 0.0186123 0.999767 6.42639
0.999939 -0.00160547 -0.0109377 -0.18266 0.00140052 0.999824 -0.0187198 -0.143851 0.0109659 0.0187033 0.999765 7.07523
0.999928 0.0010619 -0.0119399 -0.219286 -0.00120935 0.999923 -0.012349 -0.154635 0.0119259 0.0123625 0.999852 7.76519
0.999918 0.00227044 -0.0125961 -0.227533 -0.00230352 0.999994 -0.00261205 -0.160309 0.0125901 0.00264085 0.999917 8.42618
0.999893 0.00332211 -0.0142577 -0.199455 -0.00325302 0.999983 0.00486648 -0.187415 0.0142737 -0.00481958 0.999887 9.06608
0.999867 0.00543468 -0.0153608 -0.230861 -0.00537695 0.999978 0.00379666 -0.199285 0.0153811 -0.00371357 0.999875 9.7751
0.999839 0.0077611 -0.0161559 -0.249793 -0.00781738 0.999964 -0.00342297 -0.207751 0.0161288 0.00354871 0.999864 10.4783
0.99979 0.00757488 -0.0190386 -0.218954 -0.00775686 0.999925 -0.00950303 -0.208136 0.0189652 0.00964871 0.999774 11.1593
0.999807 0.00534883 -0.0189285 -0.253488 -0.00550418 0.999952 -0.00816422 -0.208777 0.0188839 0.00826683 0.999788 11.9108
0.999775 0.0042765 -0.0207889 -0.238016 -0.00426445 0.999991 0.000623979 -0.212724 0.0207914 -0.000535186 0.999784 12.6653
0.999764 0.00368093 -0.021422 -0.252702 -0.0035123 0.999963 0.00790457 -0.218421 0.0214503 -0.00782746 0.999739 13.4579
0.99976 0.00282058 -0.0217147 -0.27141 -0.00259673 0.999943 0.0103302 -0.223249 0.0217426 -0.0102714 0.999711 14.2487
0.999747 0.000851029 -0.0224988 -0.279347 -0.000639268 0.999955 0.00941763 -0.22888 0.0225058 -0.00940085 0.999703 15.0659
0.999741 1.02986e-05 -0.0227801 -0.284037 0.000148471 0.999976 0.00696797 -0.229078 0.0227796 -0.00696955 0.999716 15.892
0.999748 0.00206978 -0.0223515 -0.302261 -0.00198342 0.99999 0.0038855 -0.233489 0.0223593 -0.00384019 0.999743 16.7315
0.999784 -0.00140422 -0.0207331 -0.330813 0.00136992 0.999998 -0.0016685 -0.241533 0.0207354 0.00163974 0.999784 17.5766
0.999771 -0.00396242 -0.0210127 -0.334334 0.00379966 0.999963 -0.00777985 -0.255968 0.0210427 0.00769823 0.999749 18.4755
0.999776 -0.00310607 -0.0209192 -0.345255 0.00283753 0.999913 -0.0128542 -0.272887 0.0209573 0.012792 0.999699 19.3911
0.999776 -0.00310607 -0.0209192 -0.368505 0.00283753 0.999913 -0.0128542 -0.290796 0.0209573 0.012792 0.999699 20.3135
0.999776 -0.00310607 -0.0209192 -0.389073 0.00283753 0.999913 -0.0128542 -0.306616 0.0209573 0.012792 0.999699 21.2331
0.999776 -0.00310607 -0.0209192 -0.409304 0.00283753 0.999913 -0.0128542 -0.35129 0.0209573 0.012792 0.999699 22.1638
0.999776 -0.00310607 -0.0209192 -0.435083 0.00283753 0.999913 -0.0128542 -0.401038 0.0209573 0.012792 0.999699 23.1217
0.999775 0.0004318 -0.0212018 -0.462531 -0.000714624 0.999911 -0.0133339 -0.426119 0.0211941 0.0133461 0.999686 24.0932
0.999775 0.0004318 -0.0212018 -0.48716 -0.000714624 0.999911 -0.0133339 -0.44703 0.0211941 0.0133461 0.999686 25.0665
0.999775 0.0004318 -0.0212018 -0.519227 -0.000714624 0.999911 -0.0133339 -0.474232 0.0211941 0.0133461 0.999686 26.0365
0.999775 0.0004318 -0.0212018 -0.549419 -0.000714624 0.999911 -0.0133339 -0.496071 0.0211941 0.0133461 0.999686 27.0359
0.999775 0.0004318 -0.0212018 -0.582524 -0.000714624 0.999911 -0.0133339 -0.500554 0.0211941 0.0133461 0.999686 28.0408
0.999775 0.0004318 -0.0212018 -0.610934 -0.000714624 0.999911 -0.0133339 -0.500639 0.0211941 0.0133461 0.999686 29.0429
0.999775 0.0004318 -0.0212018 -0.639415 -0.000714624 0.999911 -0.0133339 -0.507397 0.0211941 0.0133461 0.999686 30.0755
0.999775 0.0004318 -0.0212018 -0.667934 -0.000714624 0.999911 -0.0133339 -0.552197 0.0211941 0.0133461 0.999686 31.086
0.999733 0.000966369 -0.0230941 -0.67694 -0.00129835 0.999896 -0.0143643 -0.578606 0.0230778 0.0143904 0.99963 32.1268
0.999733 0.000966369 -0.0230941 -0.707026 -0.00129835 0.999896 -0.0143643 -0.592763 0.0230778 0.0143904 0.99963 33.1737
0.999733 0.000966369 -0.0230941 -0.742212 -0.00129835 0.999896 -0.0143643 -0.580183 0.0230778 0.0143904 0.99963 34.2028
0.99975 0.00173625 -0.0222874 -0.785914 -0.00196812 0.999944 -0.0103858 -0.611813 0.0222681 0.010427 0.999698 35.2579
0.999784 0.00181649 -0.0207059 -0.842029 -0.00197437 0.999969 -0.00760706 -0.642093 0.0206914 0.0076463 0.999757 36.3218
0.999784 0.00181649 -0.0207059 -0.880985 -0.00197437 0.999969 -0.00760706 -0.660739 0.0206914 0.0076463 0.999757 37.3681
0.999773 0.00101867 -0.0212768 -0.90703 -0.00120375 0.999962 -0.00868771 -0.690419 0.0212672 0.00871135 0.999736 38.4439
0.999773 0.00101867 -0.0212768 -0.943151 -0.00120375 0.999962 -0.00868771 -0.724342 0.0212672 0.00871135 0.999736 39.5291
0.999773 0.00101867 -0.0212768 -0.981044 -0.00120375 0.999962 -0.00868771 -0.73066 0.0212672 0.00871135 0.999736 40.6086
0.999773 0.00101867 -0.0212768 -1.02486 -0.00120375 0.999962 -0.00868771 -0.729346 0.0212672 0.00871135 0.999736 41.691
0.999774 0.00103306 -0.0212222 -1.06089 -0.00116825 0.999979 -0.00635914 -0.755683 0.0212152 0.0063825 0.999755 42.7627
0.999774 0.00103306 -0.0212222 -1.10001 -0.00116825 0.999979 -0.00635914 -0.785447 0.0212152 0.0063825 0.999755 43.8428
0.99976 0.00236874 -0.0217829 -1.1247 -0.00259213 0.999944 -0.0102325 -0.812179 0.0217575 0.0102865 0.99971 44.9346
0.999749 0.00379666 -0.0220753 -1.15222 -0.00410527 0.999894 -0.0139517 -0.844224 0.02202 0.0140388 0.999659 46.0225
0.999749 0.00379666 -0.0220753 -1.17756 -0.00410527 0.999894 -0.0139517 -0.878431 0.02202 0.0140388 0.999659 47.1108
0.999749 0.00379666 -0.0220753 -1.20433 -0.00410527 0.999894 -0.0139517 -0.871052 0.02202 0.0140388 0.999659 48.1972
0.999774 0.00471861 -0.0207152 -1.24861 -0.00496924 0.999915 -0.0120641 -0.903927 0.0206565 0.0121644 0.999713 49.287
0.999774 0.00471861 -0.0207152 -1.27088 -0.00496924 0.999915 -0.0120641 -0.921787 0.0206565 0.0121644 0.999713 50.3659
0.999774 0.00471861 -0.0207152 -1.28866 -0.00496924 0.999915 -0.0120641 -0.96179 0.0206565 0.0121644 0.999713 51.4559
0.999774 0.00471861 -0.0207152 -1.29231 -0.00496924 0.999915 -0.0120641 -1.02686 0.0206565 0.0121644 0.999713 52.5006
0.999774 0.00471861 -0.0207152 -1.31685 -0.00496924 0.999915 -0.0120641 -1.08836 0.0206565 0.0121644 0.999713 53.6067
0.999774 0.00471861 -0.0207152 -1.32013 -0.00496924 0.999915 -0.0120641 -1.18782 0.0206565 0.0121644 0.999713 54.6487
0.999763 0.0028268 -0.0215869 -1.33041 -0.00316271 0.999874 -0.0155427 -1.21993 0.0215403 0.0156072 0.999646 55.7313
0.999761 0.00106891 -0.0218228 -1.34878 -0.00145165 0.999845 -0.0175303 -1.25002 0.0218006 0.0175578 0.999608 56.8347
0.999755 -0.00106072 -0.022113 -1.3695 0.000714439 0.999877 -0.0156617 -1.27942 0.0221269 0.015642 0.999633 57.9454
0.999727 -0.00308211 -0.0231749 -1.38163 0.00286051 0.99995 -0.00958932 -1.31257 0.0232033 0.00952041 0.999685 59.0457
0.999679 -0.00477402 -0.0248814 -1.38675 0.00468771 0.999983 -0.00352599 -1.34388 0.0248978 0.00340822 0.999684 60.1294
0.999715 -0.00641154 -0.0230119 -1.43376 0.00635199 0.999976 -0.00265967 -1.36946 0.0230284 0.00251274 0.999732 61.231
0.99969 -0.00977411 -0.022905 -1.45582 0.00964993 0.999938 -0.00552584 -1.39566 0.0229576 0.00530309 0.999722 62.3276
0.999684 -0.0109281 -0.0226464 -1.48482 0.0107318 0.999904 -0.00877229 -1.42388 0.0227401 0.00852648 0.999705 63.4116
0.999692 -0.00925525 -0.0230348 -1.51118 0.00897366 0.999884 -0.0122978 -1.4567 0.023146 0.0120873 0.999659 64.5168
0.999728 -0.00870538 -0.0216165 -1.5593 0.00834567 0.999826 -0.0166756 -1.48824 0.0217579 0.0164907 0.999627 65.599
0.999809 -0.00605364 -0.0185635 -1.62249 0.00573538 0.999836 -0.0171497 -1.52494 0.0186643 0.0170399 0.999681 66.681
0.999852 -0.00193979 -0.0170788 -1.66611 0.00169848 0.999899 -0.0141327 -1.55333 0.0171045 0.0141016 0.999754 67.7888
0.999873 -0.000488139 -0.0159318 -1.70899 0.000300965 0.999931 -0.0117487 -1.59194 0.0159365 0.0117424 0.999804 68.877
0.999873 -0.000488139 -0.0159318 -1.73758 0.000300965 0.999931 -0.0117487 -1.60485 0.0159365 0.0117424 0.999804 69.9676
0.999898 -0.00262432 -0.0140127 -1.77952 0.00247633 0.999941 -0.010568 -1.64267 0.0140396 0.0105322 0.999846 71.0539
0.999907 -0.00411364 -0.0130154 -1.81219 0.00399749 0.999952 -0.00893759 -1.67697 0.0130515 0.00888473 0.999875 72.1478
0.999871 -0.00604083 -0.0148783 -1.81026 0.00594165 0.99996 -0.00670135 -1.70924 0.0149182 0.00661208 0.999867 73.2582
0.999897 -0.00733056 -0.0123737 -1.86498 0.00727364 0.999963 -0.00463931 -1.74168 0.0124073 0.00454883 0.999913 74.3432
0.999893 -0.00838338 -0.0120103 -1.89024 0.00830828 0.999946 -0.00628909 -1.76704 0.0120624 0.00618863 0.999908 75.4203
0.999852 -0.00823553 -0.0150722 -1.87886 0.00808328 0.999916 -0.0101349 -1.79029 0.0151544 0.0100116 0.999835 76.5515
0.999852 -0.00815087 -0.0151411 -1.90536 0.00796975 0.999896 -0.0119841 -1.82521 0.0152372 0.0118617 0.999814 77.6098
0.999859 -0.00575374 -0.015762 -1.92879 0.0056016 0.999937 -0.00967981 -1.86306 0.0158167 0.00959016 0.999829 78.6869
0.999855 -0.0046612 -0.0163538 -1.94848 0.00457548 0.999976 -0.00527555 -1.89313 0.016378 0.00519996 0.999852 79.7738
0.99986 -0.00319231 -0.0164412 -1.98201 0.00317239 0.999994 -0.00123721 -1.9209 0.016445 0.00118488 0.999864 80.8551
0.99986 -0.00319231 -0.0164412 -2.01878 0.00317239 0.999994 -0.00123721 -1.93188 0.016445 0.00118488 0.999864 81.9272
0.999857 -0.00301481 -0.0166651 -2.0501 0.00295995 0.99999 -0.00331542 -1.95526 0.016675 0.00326561 0.999856 83.0422
0.999857 -0.00301481 -0.0166651 -2.09027 0.00295995 0.99999 -0.00331542 -1.99605 0.016675 0.00326561 0.999856 84.0844
0.999857 -0.00301481 -0.0166651 -2.11926 0.00295995 0.99999 -0.00331542 -2.02987 0.016675 0.00326561 0.999856 85.1434
0.999857 -0.00301481 -0.0166651 -2.15196 0.00295995 0.99999 -0.00331542 -2.05299 0.016675 0.00326561 0.999856 86.1867
0.999857 -0.00301481 -0.0166651 -2.18227 0.00295995 0.99999 -0.00331542 -2.05047 0.016675 0.00326561 0.999856 87.2179
0.999857 -0.00345115 -0.016568 -2.21992 0.00344611 0.999994 -0.000332764 -2.08179 0.016569 0.000275621 0.999863 88.2092
0.999857 -0.00345115 -0.016568 -2.25781 0.00344611 0.999994 -0.000332766 -2.08412 0.016569 0.000275623 0.999863 89.1982
0.999857 -0.00345115 -0.016568 -2.31574 0.00344611 0.999994 -0.000332766 -2.10081 0.016569 0.000275623 0.999863 90.1431
0.999794 -0.00418856 -0.0198455 -2.33837 0.00416971 0.999991 -0.000991339 -2.12747 0.0198494 0.000908385 0.999803 91.0996
0.999755 -0.00454139 -0.0216782 -2.38406 0.00450442 0.999988 -0.00175386 -2.15294 0.0216859 0.00165578 0.999763 92.022
0.999696 -0.00542072 -0.024035 -2.42155 0.00539354 0.999985 -0.00119559 -2.18326 0.0240411 0.00106559 0.99971 92.908
0.999649 -0.00440393 -0.0261093 -2.46124 0.0044138 0.99999 0.000320194 -2.20785 0.0261076 -0.000435322 0.999659 93.7889
0.999605 -0.00388673 -0.0278481 -2.50913 0.00394032 0.99999 0.0018698 -2.23344 0.0278406 -0.00197879 0.99961 94.6342
0.999544 -0.00306003 -0.030033 -2.54361 0.0031739 0.999988 0.0037445 -2.25845 0.0300212 -0.00383811 0.999542 95.4482
0.999491 -0.00146191 -0.031854 -2.59026 0.0016078 0.999988 0.00455472 -2.27523 0.031847 -0.00460362 0.999482 96.2554
0.999381 0.000255392 -0.0351847 -2.61179 -6.95983e-05 0.999986 0.00528166 -2.29566 0.0351856 -0.00527594 0.999367 97.0309
0.999264 0.00172526 -0.0383322 -2.641 -0.00157533 0.999991 0.00394112 -2.31041 0.0383387 -0.00387783 0.999257 97.7737
0.999167 0.00280155 -0.0407115 -2.68048 -0.00280891 0.999996 -0.000123648 -2.32251 0.040711 0.000237899 0.999171 98.4875
0.999035 0.00497834 -0.0436461 -2.70849 -0.00515521 0.999979 -0.00394087 -2.33773 0.0436255 0.00416207 0.999039 99.1724
0.998905 0.00660779 -0.0463217 -2.7347 -0.00693549 0.999952 -0.00691719 -2.34826 0.0462738 0.00723088 0.998903 99.8401
0.998797 0.008753 -0.0482482 -2.74711 -0.00915506 0.999925 -0.00811835 -2.36165 0.0481735 0.0085503 0.998802 100.486
0.998796 0.010974 -0.0478093 -2.77578 -0.0113736 0.999903 -0.00809336 -2.37444 0.0477158 0.00862738 0.998824 101.086
0.998827 0.0147354 -0.0461291 -2.78226 -0.0150459 0.999866 -0.00639143 -2.39726 0.0460288 0.00707799 0.998915 101.681
0.99898 0.0169913 -0.0418354 -2.78349 -0.0172213 0.999838 -0.0051434 -2.41005 0.0417413 0.00585861 0.999111 102.249
0.999222 0.0177292 -0.0352372 -2.78228 -0.017859 0.999835 -0.0033721 -2.424 0.0351716 0.00399878 0.999373 102.812
0.999529 0.0172541 -0.0253633 -2.7915 -0.0172727 0.999851 -0.000515529 -2.44088 0.0253506 0.000953378 0.999678 103.315
0.999764 0.0166965 -0.0139033 -2.78339 -0.0166851 0.99986 0.00093811 -2.45564 0.013917 -0.00070591 0.999903 103.816
0.999873 0.0157994 -0.00211964 -2.74581 -0.0157968 0.999874 0.00125032 -2.47016 0.00213912 -0.00121668 0.999997 104.286
0.999798 0.0156258 0.0126246 -2.72041 -0.01564 0.999877 0.00102441 -2.4891 -0.0126071 -0.00122165 0.99992 104.736
0.999478 0.0143246 0.0289534 -2.66362 -0.0142696 0.999896 -0.00210488 -2.49963 -0.0289805 0.00169063 0.999579 105.174
0.998645 0.0137219 0.05019 -2.62987 -0.0134286 0.999891 -0.00617616 -2.51617 -0.0502692 0.00549381 0.998721 105.578
0.997115 0.0116227 0.0750147 -2.58682 -0.0108447 0.999883 -0.0107704 -2.52717 -0.0751312 0.00992582 0.997124 105.994
0.994937 0.00987652 0.100012 -2.48061 -0.00856506 0.999872 -0.013534 -2.53688 -0.100133 0.0126088 0.994894 106.414
0.991649 0.00742798 0.128749 -2.38238 -0.00556587 0.999875 -0.0148168 -2.54694 -0.128843 0.0139765 0.991566 106.808
0.986909 0.0052744 0.161194 -2.28882 -0.00264414 0.99986 -0.0165275 -2.56006 -0.161259 0.0158849 0.986784 107.198
0.980669 0.00294204 0.195653 -2.16132 0.000592282 0.999838 -0.0180033 -2.57128 -0.195674 0.0177712 0.980508 107.581
0.972247 -0.000782245 0.233957 -2.02497 0.00510747 0.999827 -0.017882 -2.59241 -0.233902 0.0185806 0.972083 107.98
0.961308 -0.00312419 0.275457 -1.90442 0.0083246 0.999808 -0.0177121 -2.61712 -0.275349 0.0193199 0.96115 108.359
0.948761 -0.00243481 0.315984 -1.74085 0.00866967 0.999794 -0.0183273 -2.63461 -0.315874 0.0201277 0.948588 108.719
0.932942 -0.000610797 0.360026 -1.58175 0.00757997 0.99981 -0.0179459 -2.65201 -0.359947 0.0194715 0.93277 109.058
0.915161 -0.000341052 0.403088 -1.39152 0.00771624 0.999831 -0.0166728 -2.66007 -0.403014 0.0183686 0.91501 109.378
0.895599 -0.00163128 0.444859 -1.17314 0.00921027 0.999847 -0.0148759 -2.67296 -0.444767 0.0174201 0.895477 109.68
0.872289 -0.00345628 0.488978 -0.965529 0.0119737 0.999826 -0.0142928 -2.69239 -0.488843 0.0183223 0.872179 109.974
0.846381 -0.0029446 0.53257 -0.749357 0.0140048 0.999762 -0.0167293 -2.69645 -0.532394 0.0216179 0.846221 110.269
0.817915 -0.00115071 0.575337 -0.525362 0.0154247 0.999682 -0.0199288 -2.70542 -0.575132 0.0251745 0.817673 110.547
0.785646 0.00297663 0.618669 -0.298192 0.0140553 0.999644 -0.0226585 -2.72751 -0.618517 0.0264971 0.785325 110.826
0.750475 0.00986036 0.660826 -0.046665 0.0101401 0.999599 -0.0264311 -2.73318 -0.660821 0.0265367 0.750074 111.091
0.713017 0.0141116 0.701005 0.232601 0.00800671 0.999568 -0.0282657 -2.7442 -0.701101 0.0257667 0.712596 111.333
0.673474 0.0136567 0.739085 0.53559 0.0106225 0.999547 -0.028149 -2.75745 -0.739135 0.0268086 0.673024 111.559
0.633168 0.00999875 0.77395 0.864838 0.0151528 0.999565 -0.02531 -2.7712 -0.773866 0.027753 0.632741 111.757
0.593817 0.00692891 0.80457 1.23257 0.0158191 0.999669 -0.0202844 -2.79031 -0.804444 0.0247728 0.593511 111.917
0.549004 0.00501221 0.835805 1.58376 0.0180803 0.999677 -0.0178711 -2.78501 -0.835624 0.0249229 0.548736 112.08
0.501275 0.00254348 0.865285 1.94384 0.0204706 0.999681 -0.0147975 -2.78573 -0.865046 0.0251305 0.501063 112.238
0.450468 -0.0016097 0.892791 2.3113 0.0246234 0.99964 -0.0106216 -2.78656 -0.892453 0.0267682 0.450346 112.376
0.399131 -0.00141763 0.916893 2.68581 0.02257 0.999711 -0.00827923 -2.79296 -0.916616 0.0239988 0.399047 112.504
0.348166 0.0037067 0.937425 3.07511 0.019071 0.999757 -0.0110363 -2.79498 -0.937239 0.0217201 0.348011 112.617
0.29878 0.00943189 0.954275 3.47763 0.0191327 0.999691 -0.0158711 -2.79163 -0.95413 0.0229998 0.298507 112.704
0.25145 0.0118548 0.967798 3.89243 0.0190094 0.999672 -0.0171842 -2.80253 -0.967684 0.0227182 0.251142 112.788
0.209483 0.0113241 0.977747 4.32804 0.0264259 0.999502 -0.0172378 -2.81238 -0.977455 0.0294488 0.209079 112.855
0.174752 0.0110181 0.984551 4.75817 0.0349441 0.999238 -0.0173849 -2.82023 -0.983992 0.0374423 0.174234 112.887
0.143739 0.0125838 0.989536 5.21763 0.0392914 0.999058 -0.0184123 -2.82352 -0.988835 0.0415268 0.143109 112.935
0.116386 0.0106423 0.993147 5.69459 0.0378836 0.999167 -0.0151464 -2.83593 -0.992481 0.0393868 0.115886 112.972
0.0911008 0.00695071 0.995817 6.19253 0.030922 0.999474 -0.00980508 -2.84602 -0.995361 0.0316859 0.0908379 113.014
0.066836 0.00294749 0.99776 6.69699 0.0257839 0.999657 -0.00468026 -2.85367 -0.997431 0.026039 0.066737 113.045
0.044195 0.000815059 0.999023 7.21621 0.0288883 0.99958 -0.00209348 -2.86578 -0.998605 0.0289526 0.044153 113.051
0.0241602 0.00130572 0.999707 7.75553 0.0364999 0.999331 -0.00218733 -2.87734 -0.999042 0.0365421 0.0240964 113.039
0.00810972 0.00395293 0.999959 8.31517 0.0418482 0.999115 -0.00428898 -2.88144 -0.999091 0.0418812 0.00793712 113.013
-0.0061666 0.00933463 0.999937 8.89081 0.0428517 0.99904 -0.00906199 -2.88414 -0.999062 0.0427932 -0.00656069 112.999
-0.0173425 0.0137642 0.999755 9.49497 0.0402277 0.999105 -0.0130575 -2.89091 -0.99904 0.0399914 -0.0178807 112.996
-0.0240522 0.0136479 0.999618 10.1042 0.0417364 0.999049 -0.0126359 -2.90206 -0.998839 0.0414165 -0.0245989 112.978
-0.0265218 0.0109469 0.999588 10.7271 0.0480926 0.998796 -0.00966217 -2.9093 -0.998491 0.0478165 -0.0270164 112.941
-0.0261982 0.00912165 0.999615 11.3873 0.0505168 0.998693 -0.00778927 -2.92269 -0.99838 0.0502933 -0.0266248 112.923
-0.0261982 0.00912165 0.999615 12.054 0.0505168 0.998693 -0.00778927 -2.92992 -0.99838 0.0502933 -0.0266248 112.935
-0.0251129 0.00923332 0.999642 12.7667 0.0471102 0.998857 -0.00804257 -2.94059 -0.998574 0.0468913 -0.0255192 112.935
-0.0236676 0.010332 0.999666 13.4809 0.0461032 0.998894 -0.00923255 -2.95319 -0.998656 0.0458693 -0.0241177 112.921
-0.0236676 0.010332 0.999666 14.1714 0.0461032 0.998894 -0.00923255 -2.98337 -0.998656 0.0458693 -0.0241177 112.918
-0.0236676 0.010332 0.999666 14.9051 0.0461032 0.998894 -0.00923255 -2.9875 -0.998656 0.0458693 -0.0241177 112.922
-0.0232041 0.00894089 0.999691 15.6662 0.0450799 0.998952 -0.00788792 -3.00137 -0.998714 0.0448829 -0.0235828 112.911
-0.0232041 0.00894089 0.999691 16.4597 0.0450799 0.998952 -0.00788792 -2.99376 -0.998714 0.0448829 -0.0235828 112.902
-0.0236794 0.00675655 0.999697 17.2239 0.0455002 0.998948 -0.00567375 -3.00788 -0.998684 0.045352 -0.0239619 112.88
-0.0244036 0.00549479 0.999687 18.0133 0.0434554 0.999046 -0.00443046 -3.0186 -0.998757 0.0433337 -0.0246191 112.86
-0.024976 0.00443289 0.999678 18.8097 0.0426288 0.999085 -0.00336522 -3.03406 -0.998779 0.0425311 -0.0251422 112.838
-0.0264806 0.00200879 0.999647 19.6245 0.0451061 0.998982 -0.000812594 -3.0459 -0.998631 0.0450686 -0.0265442 112.822
-0.0281568 0.000187228 0.999604 20.4395 0.046499 0.998918 0.00112268 -3.06099 -0.998521 0.0465122 -0.0281351 112.806
-0.030043 -0.00106379 0.999548 21.2708 0.0440828 0.999025 0.00238821 -3.07619 -0.998576 0.0441346 -0.0299668 112.792
-0.0312713 0.00391015 0.999503 22.0874 0.0412351 0.999146 -0.00261864 -3.08529 -0.99866 0.0411327 -0.0314058 112.78
-0.0319001 0.00886375 0.999452 22.9128 0.0427483 0.999058 -0.00749583 -3.09625 -0.998576 0.0424857 -0.032249 112.751
-0.0336118 0.0101225 0.999384 23.7525 0.0430736 0.999034 -0.00867033 -3.11852 -0.998506 0.0427556 -0.0340154 112.729
-0.0350447 0.00768112 0.999356 24.6057 0.0397662 0.999189 -0.00628534 -3.13682 -0.998594 0.0395203 -0.0353218 112.708
-0.0359618 0.00320681 0.999348 25.465 0.0370534 0.999312 -0.00187332 -3.15523 -0.998666 0.0369619 -0.0360558 112.684
-0.0354287 -0.00185483 0.99937 26.3071 0.0358455 0.999352 0.00312556 -3.16952 -0.998729 0.0359336 -0.0353393 112.641
-0.0355729 -0.00731145 0.99934 27.1567 0.0321772 0.999446 0.00845762 -3.1781 -0.998849 0.0324569 -0.0353179 112.614
-0.03513 -0.00839895 0.999347 28 0.0296343 0.999516 0.0094421 -3.18848 -0.998943 0.0299466 -0.0348641 112.591
-0.0348165 -0.00198838 0.999392 28.8437 0.0325488 0.999465 0.00312245 -3.2111 -0.998864 0.0326377 -0.0347331 112.57
-0.0336855 0.00773398 0.999403 29.6802 0.0351271 0.999361 -0.00654968 -3.23822 -0.998815 0.0348855 -0.0339357 112.545
-0.0337444 0.0124434 0.999353 30.5121 0.0369716 0.999254 -0.0111937 -3.25567 -0.998746 0.03657 -0.0341793 112.526
-0.0323139 0.00617345 0.999459 31.3533 0.0387015 0.999239 -0.00492082 -3.28054 -0.998728 0.0385215 -0.0325282 112.497
-0.031221 -0.00121142 0.999512 32.1864 0.0418962 0.999119 0.00251963 -3.29673 -0.998634 0.0419544 -0.0311427 112.466
-0.0310974 -0.00400743 0.999508 33.0155 0.043245 0.99905 0.00535106 -3.31068 -0.99858 0.0433901 -0.0308945 112.445
-0.0310974 -0.00400743 0.999508 33.8399 0.043245 0.99905 0.00535106 -3.3288 -0.99858 0.0433901 -0.0308945 112.426
-0.0310974 -0.00400743 0.999508 34.663 0.043245 0.99905 0.00535106 -3.34168 -0.99858 0.0433901 -0.0308945 112.401
-0.03254 -0.00362124 0.999464 35.4621 0.0415385 0.999125 0.00497239 -3.35055 -0.998607 0.041678 -0.0323611 112.377
-0.0341775 -0.00391974 0.999408 36.2733 0.0411814 0.999137 0.00532699 -3.36476 -0.998567 0.0413391 -0.0339866 112.351
-0.0365848 -0.004004 0.999323 37.0719 0.0392845 0.999213 0.00544176 -3.38136 -0.998558 0.039457 -0.0363988 112.329
-0.0390188 -0.00412988 0.99923 37.8919 0.0389021 0.999227 0.00564895 -3.3942 -0.998481 0.0390925 -0.038828 112.31
-0.0410811 -0.00477226 0.999144 38.7079 0.0364575 0.999316 0.00627208 -3.40075 -0.99849 0.036684 -0.040879 112.283
-0.0433967 -0.00606733 0.999039 39.4941 0.0370001 0.999286 0.00767605 -3.41241 -0.998373 0.0372977 -0.0431412 112.253
-0.045498 -0.00605289 0.998946 40.2866 0.0371588 0.999279 0.00774734 -3.42248 -0.998273 0.0374721 -0.0452403 112.223
-0.0477104 -0.00477003 0.99885 41.0664 0.0365141 0.999312 0.00651634 -3.42979 -0.998194 0.036783 -0.0475033 112.193
-0.0477104 -0.00477003 0.99885 41.842 0.0365141 0.999312 0.00651634 -3.4447 -0.998194 0.036783 -0.0475033 112.144
-0.0488576 -0.00629211 0.998786 42.6208 0.0389955 0.999206 0.00820229 -3.45654 -0.998044 0.0393489 -0.0485734 112.105
-0.0488576 -0.00629211 0.998786 43.3872 0.0389955 0.999206 0.00820229 -3.45967 -0.998044 0.0393489 -0.0485734 112.051
-0.0488576 -0.00629211 0.998786 44.1573 0.0389955 0.999206 0.00820229 -3.45766 -0.998044 0.0393489 -0.0485734 112.003
-0.0488576 -0.00629211 0.998786 44.9095 0.0389955 0.999206 0.00820229 -3.44919 -0.998044 0.0393489 -0.0485734 111.956
-0.0488576 -0.00629211 0.998786 45.653 0.0389955 0.999206 0.00820229 -3.44302 -0.998044 0.0393489 -0.0485734 111.918
-0.0488576 -0.00629211 0.998786 46.3682 0.0389955 0.999206 0.00820229 -3.45323 -0.998044 0.0393489 -0.0485734 111.88
-0.0488576 -0.00629211 0.998786 47.0739 0.0389955 0.999206 0.00820229 -3.49422 -0.998044 0.0393489 -0.0485734 111.849
-0.0490354 -0.00349554 0.998791 47.7776 0.0387825 0.999233 0.0054011 -3.50472 -0.998044 0.0390004 -0.0488622 111.82
-0.0485995 -0.00207385 0.998816 48.4889 0.0373886 0.999293 0.00389407 -3.51531 -0.998118 0.0375336 -0.0484876 111.791
-0.0485995 -0.00207385 0.998816 49.1874 0.0373886 0.999293 0.00389407 -3.53912 -0.998118 0.0375336 -0.0484876 111.756
-0.0485995 -0.00207385 0.998816 49.8986 0.0373886 0.999293 0.00389407 -3.54935 -0.998118 0.0375336 -0.0484876 111.729
-0.0485995 -0.00207385 0.998816 50.5812 0.0373886 0.999293 0.00389407 -3.55737 -0.998118 0.0375336 -0.0484876 111.692
-0.047327 -0.00125692 0.998879 51.2718 0.0346014 0.999397 0.00289699 -3.56098 -0.99828 0.0346997 -0.0472549 111.659
-0.0472734 -0.00114272 0.998881 51.9623 0.0317898 0.999491 0.00264791 -3.5756 -0.998376 0.0318794 -0.0472131 111.64
-0.0472734 -0.00114272 0.998881 52.6477 0.0317898 0.999491 0.00264791 -3.57981 -0.998376 0.0318794 -0.0472131 111.648
-0.0472734 -0.00114272 0.998881 53.3174 0.0317898 0.999491 0.00264791 -3.58421 -0.998376 0.0318794 -0.0472131 111.606
-0.0514347 -0.00122521 0.998676 53.9982 0.0298888 0.999549 0.00276564 -3.59125 -0.998229 0.0299915 -0.0513749 111.586
-0.0568658 -0.00201754 0.99838 54.6779 0.0252495 0.999675 0.00345832 -3.60695 -0.998062 0.0254052 -0.0567964 111.56
-0.0627616 0.00206072 0.998026 55.3454 0.0287811 0.999586 -0.000254024 -3.61673 -0.997613 0.0287083 -0.0627949 111.516
-0.0696213 0.00454554 0.997563 56.0142 0.0312154 0.99951 -0.00237585 -3.62728 -0.997085 0.0309739 -0.069729 111.466
-0.0767293 0.00639896 0.997031 56.6857 0.0302364 0.999534 -0.0040881 -3.63726 -0.996593 0.029833 -0.076887 111.414
-0.0830642 0.00562523 0.996528 57.3807 0.0272462 0.999623 -0.00337163 -3.64793 -0.996172 0.0268716 -0.0831862 111.367
-0.0882285 0.00435095 0.996091 58.0667 0.0260105 0.99966 -0.00206266 -3.6626 -0.995761 0.0257268 -0.0883116 111.306
-0.0925757 0.0047296 0.995694 58.7711 0.0238846 0.999712 -0.00252799 -3.67447 -0.995419 0.0235478 -0.092662 111.248
-0.0961138 0.00419351 0.995362 59.4657 0.0219324 0.999757 -0.0020942 -3.68236 -0.995129 0.0216294 -0.0961824 111.183
-0.0988058 0.00139205 0.995106 60.1699 0.0226532 0.999743 0.000850747 -3.68828 -0.994849 0.0226264 -0.098812 111.115
-0.100401 -0.0018241 0.994945 60.8834 0.0242968 0.999696 0.00428462 -3.69868 -0.99465 0.0246042 -0.100326 111.042
-0.100401 -0.0018241 0.994945 61.5872 0.0242968 0.999696 0.00428462 -3.67732 -0.99465 0.0246042 -0.100326 110.956
-0.100401 -0.0018241 0.994945 62.3308 0.0242968 0.999696 0.00428462 -3.68075 -0.99465 0.0246042 -0.100326 110.88
-0.100165 0.00231178 0.994968 63.0535 0.0258447 0.999666 0.000279121 -3.6878 -0.994635 0.0257426 -0.100191 110.802
-0.101251 0.00665523 0.994839 63.7959 0.0316683 0.999492 -0.00346329 -3.69729 -0.994357 0.0311542 -0.10141 110.732
-0.101558 0.0120825 0.994756 64.5335 0.0397362 0.999178 -0.00807936 -3.70703 -0.994036 0.0387073 -0.101955 110.645
-0.101558 0.0120825 0.994756 65.2922 0.0397362 0.999178 -0.00807936 -3.73186 -0.994036 0.0387073 -0.101955 110.564
-0.10181 0.01006 0.994753 66.0417 0.0374444 0.999279 -0.00627341 -3.74548 -0.994099 0.0366093 -0.102113 110.494
-0.100206 0.00549489 0.994952 66.7891 0.0380304 0.999275 -0.00168854 -3.75981 -0.99424 0.0376692 -0.100343 110.409
-0.0989188 0.00409006 0.995087 67.5411 0.0401994 0.999192 -0.000110826 -3.77104 -0.994283 0.0399909 -0.0990033 110.326
-0.0989188 0.00409006 0.995087 68.2902 0.0401994 0.999192 -0.000110826 -3.78263 -0.994283 0.0399909 -0.0990033 110.247
-0.0989188 0.00409006 0.995087 69.035 0.0401994 0.999192 -0.000110826 -3.80479 -0.994283 0.0399909 -0.0990033 110.164
-0.101166 0.00517664 0.994856 69.7935 0.0393861 0.999223 -0.00119422 -3.81439 -0.99409 0.0390627 -0.101292 110.098
-0.102978 0.00619448 0.994664 70.5329 0.0411604 0.999151 -0.00196107 -3.82196 -0.993832 0.0407388 -0.103145 110.019
-0.104407 0.00595142 0.994517 71.2814 0.0415758 0.999134 -0.00161433 -3.83844 -0.993665 0.0411793 -0.104564 109.939
-0.104407 0.00595142 0.994517 72.034 0.0415758 0.999134 -0.00161433 -3.85135 -0.993665 0.0411793 -0.104564 109.846
-0.106481 0.00679328 0.994291 72.792 0.040253 0.999186 -0.00251592 -3.85977 -0.9935 0.0397553 -0.106668 109.778
-0.107577 0.00887823 0.994157 73.5413 0.0403108 0.999177 -0.00456106 -3.87114 -0.993379 0.0395846 -0.107846 109.697
-0.107577 0.00887823 0.994157 74.3096 0.0403108 0.999177 -0.00456106 -3.88863 -0.993379 0.0395846 -0.107846 109.612
-0.107577 0.00887823 0.994157 75.0717 0.0403108 0.999177 -0.00456106 -3.90783 -0.993379 0.0395846 -0.107846 109.516
-0.108421 0.00689199 0.994081 75.8502 0.0396176 0.999212 -0.00260658 -3.92719 -0.993315 0.0391005 -0.108609 109.431
-0.10855 0.00473902 0.99408 76.6333 0.0372409 0.999306 -0.000697345 -3.93835 -0.993393 0.0369448 -0.108651 109.346
-0.110716 0.00282323 0.993848 77.4246 0.0344972 0.999404 0.00100402 -3.95039 -0.993253 0.0343961 -0.110747 109.269
-0.112692 0.00254687 0.993627 78.213 0.036812 0.999321 0.00161355 -3.96051 -0.992948 0.0367592 -0.112709 109.179
-0.114395 0.0026552 0.993432 78.988 0.0380135 0.999276 0.00170648 -3.97584 -0.992708 0.037959 -0.114413 109.083
-0.116563 0.00383487 0.993176 79.7854 0.0376601 0.99929 0.000561449 -3.98757 -0.992469 0.0374685 -0.116625 108.991
-0.118072 0.00728147 0.992978 80.6062 0.0385557 0.999253 -0.00274295 -4.00036 -0.992256 0.0379611 -0.118264 108.901
-0.118533 0.0116932 0.992881 81.3914 0.0411853 0.999128 -0.00684992 -4.01039 -0.992096 0.0400802 -0.118911 108.8
-0.11953 0.0167094 0.99269 82.212 0.042568 0.999025 -0.0116904 -4.01833 -0.991918 0.0408595 -0.120125 108.701
-0.118936 0.0180506 0.992738 83.052 0.0457027 0.998875 -0.0126867 -4.03246 -0.99185 0.0438619 -0.119627 108.603
-0.118598 0.0178318 0.992782 83.8613 0.0488886 0.998731 -0.0120984 -4.05177 -0.991738 0.0471008 -0.119319 108.496
-0.118207 0.0159823 0.99286 84.7039 0.0496626 0.998714 -0.0101638 -4.07301 -0.991746 0.0481066 -0.118849 108.396
-0.118207 0.0159823 0.99286 85.5371 0.0496626 0.998714 -0.0101638 -4.07507 -0.991746 0.0481066 -0.118849 108.31
-0.115969 0.0136172 0.993159 86.3853 0.04916 0.998759 -0.00795364 -4.0971 -0.992036 0.0479013 -0.116495 108.211
-0.113975 0.0102792 0.99343 87.2359 0.0493534 0.99877 -0.00467219 -4.11839 -0.992257 0.0484966 -0.114342 108.113
-0.111753 0.00712491 0.993711 88.0908 0.0496338 0.998766 -0.00157934 -4.13503 -0.992496 0.0491451 -0.111968 108.01
-0.110563 0.00735586 0.993842 88.9572 0.0481437 0.998838 -0.00203696 -4.14851 -0.992702 0.047622 -0.110788 107.927
-0.109325 0.0116612 0.993938 89.8077 0.049659 0.998747 -0.0062556 -4.1684 -0.992765 0.0486741 -0.109767 107.837
-0.106173 0.0177529 0.994189 90.6451 0.0502393 0.998659 -0.0124675 -4.18927 -0.993078 0.0486236 -0.106922 107.729
-0.10599 0.02153 0.994134 91.5283 0.048991 0.998664 -0.0164049 -4.20601 -0.99316 0.0469648 -0.106903 107.662
-0.104432 0.0187162 0.994356 92.388 0.0482532 0.998741 -0.013731 -4.23361 -0.993361 0.0465469 -0.105204 107.573
-0.10419 0.0161372 0.994426 93.2564 0.0485987 0.998757 -0.0111156 -4.25848 -0.993369 0.0471697 -0.104845 107.494
-0.103008 0.0140103 0.994582 94.1252 0.0491678 0.99875 -0.00897674 -4.2874 -0.993465 0.0479767 -0.103568 107.402
-0.103008 0.0140103 0.994582 94.9977 0.0491678 0.99875 -0.00897674 -4.30458 -0.993465 0.0479767 -0.103568 107.323
-0.103008 0.0140103 0.994582 95.8645 0.0491678 0.99875 -0.00897674 -4.32798 -0.993465 0.0479767 -0.103568 107.243
-0.101474 0.0126563 0.994758 96.722 0.0523557 0.998601 -0.00736448 -4.34507 -0.99346 0.0513339 -0.101995 107.147
-0.0995874 0.012216 0.994954 97.5805 0.0553509 0.998444 -0.00671862 -4.36609 -0.993488 0.0544025 -0.100109 107.05
-0.0986464 0.013106 0.995036 98.4403 0.0573083 0.998329 -0.00746788 -4.3913 -0.993471 0.0562872 -0.0992326 106.96
-0.0974899 0.0161738 0.995105 99.3063 0.058991 0.998204 -0.0104448 -4.40767 -0.993487 0.057684 -0.0982689 106.876
-0.0968958 0.0182563 0.995127 100.171 0.0566402 0.998313 -0.0127997 -4.4242 -0.993682 0.0551239 -0.0977663 106.801
-0.0970163 0.0139863 0.995185 101.039 0.0523485 0.998589 -0.00893087 -4.44796 -0.993905 0.05123 -0.0976115 106.731
-0.0972825 0.0114663 0.995191 101.903 0.0475885 0.998843 -0.00685647 -4.4779 -0.994118 0.0466926 -0.0977156 106.66
-0.0986276 0.0117495 0.995055 102.746 0.0446993 0.998973 -0.00736529 -4.50673 -0.99412 0.0437518 -0.0990516 106.59
-0.100127 0.0168727 0.994832 103.593 0.0414879 0.999057 -0.0127687 -4.52431 -0.994109 0.039995 -0.100733 106.516
-0.101282 0.0197496 0.994662 104.425 0.0404709 0.999057 -0.0157159 -4.54635 -0.994034 0.0386631 -0.101986 106.442
-0.101282 0.0197496 0.994662 105.277 0.0404709 0.999057 -0.0157159 -4.57492 -0.994034 0.0386631 -0.101986 106.35
-0.101282 0.0197496 0.994662 106.114 0.0404709 0.999057 -0.0157159 -4.59762 -0.994034 0.0386631 -0.101986 106.26
-0.102605 0.0200912 0.994519 106.95 0.0414069 0.999016 -0.0159101 -4.62765 -0.99386 0.0395475 -0.103336 106.18
-0.102807 0.0237322 0.994418 107.77 0.042603 0.998903 -0.0194348 -4.65313 -0.993789 0.0403672 -0.103705 106.094
-0.103159 0.025013 0.99435 108.587 0.0420455 0.9989 -0.0207654 -4.68186 -0.993776 0.0396658 -0.104097 106.013
-0.104824 0.025351 0.994168 109.409 0.0402886 0.998963 -0.0212252 -4.71378 -0.993674 0.0378287 -0.105737 105.942
-0.107249 0.0246894 0.993926 110.212 0.0387895 0.999034 -0.0206308 -4.74231 -0.993475 0.0363412 -0.108103 105.862
-0.110587 0.0260865 0.993524 111.003 0.0394437 0.998983 -0.0218395 -4.77155 -0.993083 0.0367731 -0.111503 105.776
-0.113099 0.0293006 0.993152 111.811 0.0398332 0.998895 -0.0249339 -4.7966 -0.992785 0.0367404 -0.114141 105.684
-0.115867 0.0303153 0.992802 112.609 0.0390822 0.998899 -0.0259403 -4.83103 -0.992496 0.0357953 -0.116925 105.591
-0.119182 0.0302876 0.99241 113.398 0.0398118 0.998877 -0.0257038 -4.86638 -0.992074 0.0364462 -0.120254 105.5
-0.120552 0.0292488 0.992276 114.179 0.041685 0.998833 -0.0243778 -4.89664 -0.991831 0.0384242 -0.121631 105.39
-0.123158 0.0299364 0.991935 114.956 0.0431634 0.998761 -0.0247833 -4.93234 -0.991448 0.0397631 -0.124297 105.29
-0.125067 0.033674 0.991577 115.737 0.0392772 0.998808 -0.0289656 -4.97225 -0.99137 0.0353237 -0.126241 105.203
-0.126577 0.0401256 0.991145 116.503 0.0367433 0.998685 -0.0357385 -5.01657 -0.991276 0.0318942 -0.127885 105.109
-0.128003 0.0431912 0.990833 117.242 0.041886 0.998395 -0.0381097 -5.04924 -0.990889 0.0366238 -0.129607 104.984
-0.132192 0.0410121 0.990375 118.017 0.0442686 0.998391 -0.0354352 -5.08731 -0.990235 0.0391583 -0.133795 104.892
-0.135068 0.0321369 0.990315 118.793 0.0422078 0.998753 -0.0266541 -5.13701 -0.989937 0.0381989 -0.136256 104.787
-0.137788 0.0300174 0.990007 119.567 0.0414046 0.998841 -0.0245227 -5.17444 -0.989596 0.0376119 -0.138871 104.69
-0.138829 0.0329277 0.989769 120.332 0.0408159 0.998788 -0.0275027 -5.20682 -0.989475 0.0365802 -0.140005 104.577
-0.141105 0.0369156 0.989306 121.086 0.0384645 0.998754 -0.031782 -5.23712 -0.989247 0.0335686 -0.142349 104.472
-0.142779 0.0394842 0.988967 121.845 0.0377729 0.998693 -0.0344192 -5.27184 -0.989034 0.0324418 -0.144084 104.359
-0.144846 0.0437409 0.988487 122.583 0.0420671 0.998391 -0.0380149 -5.31445 -0.98856 0.0360764 -0.146453 104.246
-0.146577 0.0487952 0.987995 123.324 0.0426906 0.998164 -0.0429639 -5.35028 -0.988278 0.0358806 -0.148391 104.133
-0.149376 0.0512923 0.987449 124.075 0.0415907 0.998096 -0.0455537 -5.38682 -0.987905 0.034264 -0.151225 104.025
-0.151968 0.0485918 0.98719 124.823 0.042176 0.9982 -0.0426411 -5.42919 -0.987485 0.0351557 -0.153744 103.916
-0.155981 0.0452393 0.986724 125.553 0.0467102 0.998171 -0.0383802 -5.47436 -0.986655 0.0401035 -0.157809 103.788
-0.161474 0.0437521 0.985907 126.295 0.0491113 0.998135 -0.0362512 -5.51543 -0.985654 0.0425655 -0.163322 103.661
-0.167896 0.0422663 0.984898 127.031 0.0481039 0.998242 -0.0346386 -5.55694 -0.98463 0.0415618 -0.169634 103.539
-0.176129 0.0425686 0.983446 127.757 0.047275 0.998277 -0.0347439 -5.5943 -0.983231 0.040373 -0.177838 103.406
-0.186226 0.0428417 0.981572 128.474 0.0465489 0.998312 -0.034741 -5.63506 -0.981404 0.0392214 -0.187906 103.258
-0.197609 0.0436996 0.979306 129.193 0.0475347 0.998258 -0.0349535 -5.67156 -0.979128 0.0396439 -0.199342 103.103
-0.209509 0.0445149 0.976793 129.905 0.0485344 0.998205 -0.0350807 -5.70949 -0.976602 0.0400584 -0.211293 102.933
-0.221436 0.0439079 0.974186 130.63 0.0515254 0.998117 -0.0332746 -5.75312 -0.973813 0.0428271 -0.223281 102.765
-0.233221 0.0435091 0.97145 131.35 0.054159 0.998029 -0.0316973 -5.79263 -0.970914 0.0452203 -0.235118 102.597
-0.242931 0.0433144 0.969076 132.044 0.0586654 0.99783 -0.0298932 -5.83014 -0.968268 0.0495892 -0.244944 102.406
-0.251738 0.0441114 0.96679 132.739 0.0645869 0.997499 -0.0286951 -5.86041 -0.965638 0.0552183 -0.253957 102.212
-0.259276 0.0440322 0.964799 133.44 0.0698812 0.997197 -0.0267312 -5.8956 -0.963272 0.0604905 -0.261627 102.011
-0.264881 0.0436771 0.963291 134.14 0.070548 0.997174 -0.0258145 -5.93336 -0.961697 0.0611205 -0.267214 101.805
-0.269906 0.0417408 0.961981 134.844 0.0737051 0.997024 -0.0225817 -5.95897 -0.960061 0.064808 -0.27218 101.608
-0.271643 0.0391381 0.961602 135.518 0.0800419 0.99663 -0.0179527 -5.98501 -0.959064 0.0720918 -0.27386 101.396
-0.27128 0.0374598 0.961771 136.192 0.0869301 0.996112 -0.0142776 -6.0115 -0.958567 0.0797336 -0.273482 101.173
-0.270909 0.035741 0.961941 136.867 0.0895637 0.995911 -0.0117796 -6.0387 -0.958429 0.0829638 -0.273002 100.96
-0.270426 0.0409933 0.961868 137.546 0.0920411 0.995618 -0.0165546 -6.06352 -0.958331 0.0840546 -0.273014 100.764
-0.269329 0.0443198 0.962028 138.216 0.0918854 0.995566 -0.0201406 -6.08704 -0.958655 0.0829719 -0.272208 100.58
-0.267387 0.0445193 0.96256 138.89 0.0939691 0.995376 -0.0199336 -6.10626 -0.958996 0.085121 -0.270333 100.376
-0.264937 0.0422666 0.963339 139.554 0.09537 0.995289 -0.0174398 -6.13724 -0.959538 0.0872532 -0.26772 100.181
-0.26278 0.0392738 0.964056 140.213 0.097369 0.99515 -0.0139999 -6.16649 -0.95993 0.0901903 -0.26533 99.9931
-0.26278 0.0392738 0.964056 140.88 0.097369 0.99515 -0.0139999 -6.19892 -0.95993 0.0901903 -0.26533 99.833
-0.259354 0.0413501 0.964897 141.51 0.0986225 0.994994 -0.0161311 -6.22238 -0.960734 0.0909769 -0.262134 99.6449
-0.254278 0.0432551 0.966163 142.157 0.100125 0.994809 -0.0181864 -6.24147 -0.961934 0.0921126 -0.257289 99.4669
-0.24808 0.0418441 0.967835 142.782 0.10143 0.994697 -0.0170065 -6.26839 -0.963415 0.0939485 -0.251009 99.289
-0.241936 0.0410659 0.969423 143.416 0.102654 0.99458 -0.0165126 -6.28548 -0.964847 0.0955197 -0.24484 99.1224
-0.23531 0.0391237 0.971133 144.051 0.103084 0.994558 -0.0150898 -6.3069 -0.966438 0.0965574 -0.238063 98.9498
-0.23084 0.0381381 0.972244 144.678 0.103049 0.99457 -0.014547 -6.33251 -0.967519 0.0968304 -0.233517 98.7979
-0.226315 0.0362998 0.973377 145.303 0.104833 0.994409 -0.0127098 -6.35463 -0.968396 0.0991658 -0.228855 98.649
-0.22236 0.0351669 0.97433 145.92 0.108006 0.994087 -0.011231 -6.36992 -0.968964 0.102736 -0.224844 98.5045
-0.218172 0.0334328 0.975337 146.528 0.110899 0.993789 -0.00925845 -6.38658 -0.969589 0.106144 -0.220525 98.3588
-0.215436 0.0313469 0.976015 147.132 0.109417 0.993966 -0.00777182 -6.41197 -0.970369 0.105118 -0.217566 98.2315
-0.211691 0.0320428 0.976811 147.746 0.107071 0.994207 -0.0094095 -6.43419 -0.971454 0.102596 -0.213896 98.1102
-0.207108 0.0353563 0.977679 148.338 0.108017 0.994063 -0.0130669 -6.4545 -0.972337 0.102899 -0.209698 97.9864
-0.20132 0.0385166 0.978768 148.921 0.109515 0.993847 -0.0165841 -6.47212 -0.973384 0.103851 -0.2043 97.8606
-0.194433 0.0392469 0.98013 149.506 0.108842 0.993892 -0.0182063 -6.49228 -0.974858 0.10314 -0.197518 97.7432
-0.184908 0.037948 0.982023 150.079 0.106197 0.994174 -0.0184214 -6.50955 -0.977001 0.100882 -0.187861 97.6272
-0.174093 0.0362146 0.984063 150.667 0.105596 0.994248 -0.0179083 -6.53168 -0.979051 0.100795 -0.176915 97.5329
-0.161861 0.0347444 0.986202 151.253 0.106959 0.99411 -0.0174684 -6.55634 -0.981 0.102656 -0.164624 97.4443
