1 0 0 0 0 1 0 0 0 0 1 0
1 0 0 0.0173364 0 1 0 -0.0439286 0 0 1 1.22675
1 0 0 0.0356517 0 1 0 -0.0570761 0 0 1 2.46061
1 0 0 0.0462449 0 1 0 -0.0767427 0 0 1 3.67707
1 0 0 0.0570738 0 1 0 -0.104966 0 0 1 4.90751
1 0 0 0.0618147 0 1 0 -0.122962 0 0 1 6.11374
1 0 0 0.0654036 0 1 0 -0.166511 0 0 1 7.32317
1 0 0 0.0678838 0 1 0 -0.189149 0 0 1 8.52383
1 -0.000241029 -0.000179034 0.0700051 0.000241385 0.999998 0.00198943 -0.212894 0.000178554 -0.00198947 0.999998 9.73486
1 -0.000241029 -0.000179034 0.0401475 0.000241385 0.999998 0.00198943 -0.207808 0.000178554 -0.00198947 0.999998 10.9684
0.999994 -0.00186715 -0.00303408 0.0313873 0.00186977 0.999998 0.000859672 -0.223665 0.00303246 -0.00086534 0.999995 12.2032
0.999987 -0.00149023 -0.0049138 0.00747959 0.00149185 0.999999 0.000325989 -0.242511 0.0049133 -0.000333315 0.999988 13.404
0.999979 -0.000646081 -0.00645656 -0.00688617 0.000654122 0.999999 0.0012433 -0.272867 0.00645575 -0.0012475 0.999978 14.6277
0.999973 0.00123342 -0.0072738 -0.0279029 -0.00122282 0.999998 0.00146122 -0.299612 0.00727559 -0.00145228 0.999972 15.8634
0.999973 0.00123342 -0.0072738 -0.0576672 -0.00122282 0.999998 0.00146122 -0.31488 0.00727559 -0.00145228 0.999972 17.0727
0.999973 0.00123342 -0.0072738 -0.0836699 -0.00122282 0.999998 0.00146122 -0.322398 0.00727559 -0.00145228 0.999972 18.3063
0.999973 0.00123342 -0.0072738 -0.110136 -0.00122282 0.999998 0.00146122 -0.33259 0.00727559 -0.00145228 0.999972 19.538
0.999973 0.00123342 -0.0072738 -0.140464 -0.00122282 0.999998 0.00146122 -0.376702 0.00727559 -0.00145228 0.999972 20.7532
0.999973 0.00123342 -0.0072738 -0.173244 -0.00122282 0.999998 0.00146122 -0.416426 0.00727559 -0.00145228 0.999972 21.9786
0.999969 0.00296502 -0.007282 -0.215527 -0.00295814 0.999995 0.000956078 -0.41718 0.00728479 -0.000934508 0.999973 23.1762
0.999969 0.00296502 -0.007282 -0.250459 -0.00295814 0.999995 0.000956078 -0.443354 0.00728479 -0.000934508 0.999973 24.3989
0.999969 0.00296502 -0.007282 -0.292679 -0.00295814 0.999995 0.000956078 -0.479531 0.00728479 -0.000934508 0.999973 25.5945
0.999953 0.00365096 -0.00901081 -0.296369 -0.00363601 0.999992 0.00167471 -0.502285 0.00901686 -0.00164186 0.999958 26.8264
0.999941 0.00242888 -0.0105509 -0.299887 -0.00238945 0.99999 0.00374733 -0.520885 0.0105599 -0.0037219 0.999937 28.0603
0.999922 0.0020852 -0.012336 -0.310739 -0.00203477 0.99999 0.00409868 -0.544632 0.0123444 -0.00407326 0.999916 29.2539
0.999922 0.0020852 -0.012336 -0.34481 -0.00203477 0.99999 0.00409868 -0.577749 0.0123444 -0.00407326 0.999916 30.4784
0.999922 0.0020852 -0.012336 -0.381305 -0.00203477 0.99999 0.00409868 -0.612301 0.0123444 -0.00407326 0.999916 31.687
0.999922 0.0020852 -0.012336 -0.429476 -0.00203477 0.99999 0.00409868 -0.629681 0.0123444 -0.00407326 0.999916 32.8884
0.999922 0.0020852 -0.012336 -0.463613 -0.00203477 0.99999 0.00409868 -0.633835 0.0123444 -0.00407326 0.999916 34.0958
0.999922 0.0020852 -0.012336 -0.49675 -0.00203477 0.99999 0.00409868 -0.642173 0.0123444 -0.00407326 0.999916 35.3376
0.999906 0.00121396 -0.0136905 -0.505815 -0.00115498 0.99999 0.00431541 -0.658206 0.0136956 -0.00429919 0.999897 36.5683
0.999906 0.00121396 -0.0136905 -0.561326 -0.00115498 0.99999 0.00431541 -0.674551 0.0136956 -0.00429919 0.999897 37.7377
0.999906 0.00121396 -0.0136905 -0.592115 -0.00115498 0.99999 0.00431541 -0.670615 0.0136956 -0.00429919 0.999897 38.9907
0.999889 0.00133121 -0.0148185 -0.597789 -0.00125084 0.999984 0.00543197 -0.68814 0.0148255 -0.00541283 0.999875 40.2156
0.99987 0.00194708 -0.0160287 -0.603333 -0.00183632 0.999974 0.00692218 -0.713665 0.0160418 -0.00689185 0.999848 41.4491
0.99987 0.00194708 -0.0160287 -0.647412 -0.00183632 0.999974 0.00692218 -0.747698 0.0160418 -0.00689185 0.999848 42.6701
0.99987 0.00194708 -0.0160287 -0.679698 -0.00183632 0.999974 0.00692218 -0.763727 0.0160418 -0.00689185 0.999848 43.8958
0.999872 0.00468295 -0.0153046 -0.715573 -0.00454941 0.999951 0.00874902 -0.777946 0.0153448 -0.00867827 0.999845 45.1434
0.999878 0.00493109 -0.0148212 -0.730681 -0.00476096 0.999923 0.0114923 -0.785265 0.0148767 -0.0114204 0.999824 46.3654
0.999898 0.00564151 -0.0131383 -0.755828 -0.0054549 0.999884 0.0141964 -0.788977 0.0132169 -0.0141233 0.999813 47.5989
0.999911 0.00567515 -0.0121089 -0.768456 -0.00547165 0.999844 0.0167734 -0.783099 0.0122022 -0.0167056 0.999786 48.837
0.99992 0.00452666 -0.0118114 -0.779763 -0.00431134 0.999825 0.0181926 -0.789762 0.0118917 -0.0181402 0.999765 50.0442
0.999933 0.00306828 -0.0111447 -0.786058 -0.00288037 0.999854 0.0168384 -0.787333 0.0111947 -0.0168052 0.999796 51.2682
0.999941 0.00468184 -0.00978459 -0.818722 -0.00452965 0.999869 0.015519 -0.788854 0.00985597 -0.0154737 0.999832 52.478
0.999962 0.00488147 -0.00727985 -0.882619 -0.00477465 0.999882 0.0146195 -0.785339 0.00735036 -0.0145842 0.999867 53.6693
0.999962 0.00488147 -0.00727985 -0.890914 -0.00477465 0.999882 0.0146195 -0.791762 0.00735036 -0.0145842 0.999867 54.9011
0.999965 0.00325336 -0.00767487 -0.915515 -0.00314575 0.999897 0.0139921 -0.804825 0.0077196 -0.0139674 0.999873 56.1087
0.999965 0.00325336 -0.00767487 -0.962396 -0.00314575 0.999897 0.0139921 -0.802533 0.0077196 -0.0139674 0.999873 57.3424
0.999965 0.00325336 -0.00767487 -1.00822 -0.00314575 0.999897 0.0139921 -0.789613 0.0077196 -0.0139674 0.999873 58.5455
0.999965 0.00325336 -0.00767487 -1.03871 -0.00314575 0.999897 0.0139921 -0.786825 0.0077196 -0.0139674 0.999873 59.7735
0.999965 0.00325336 -0.00767487 -1.06836 -0.00314575 0.999897 0.0139921 -0.798355 0.0077196 -0.0139674 0.999873 61.0164
0.999965 0.00325336 -0.00767487 -1.09889 -0.00314575 0.999897 0.0139921 -0.806376 0.0077196 -0.0139674 0.999873 62.2375
0.999965 0.00325336 -0.00767487 -1.1195 -0.00314575 0.999897 0.0139921 -0.814018 0.0077196 -0.0139674 0.999873 63.4621
0.999958 0.00135743 -0.00906162 -1.12389 -0.00124873 0.999927 0.0119906 -0.810334 0.00907724 -0.0119788 0.999887 64.687
0.999952 0.00218334 -0.00954704 -1.14421 -0.00204697 0.999896 0.0142698 -0.820993 0.0095772 -0.0142496 0.999853 65.8972
0.99994 0.00247941 -0.0106402 -1.15287 -0.00231834 0.999883 0.0151235 -0.817346 0.0106764 -0.0150979 0.999829 67.1183
0.999933 0.00382061 -0.0109632 -1.172 -0.00368611 0.999918 0.012263 -0.808505 0.0110092 -0.0122218 0.999865 68.3297
0.999907 0.00519865 -0.0126021 -1.17001 -0.00506881 0.999934 0.0103137 -0.807956 0.0126549 -0.0102488 0.999867 69.5491
0.999887 0.0073634 -0.0131436 -1.19193 -0.00722526 0.999918 0.0105272 -0.817651 0.01322 -0.0104311 0.999858 70.7536
0.999875 0.00967201 -0.0125197 -1.22825 -0.00954458 0.999902 0.0101982 -0.819743 0.0126171 -0.0100774 0.99987 71.9577
0.999875 0.00967201 -0.0125197 -1.24966 -0.00954458 0.999902 0.0101982 -0.8254 0.0126171 -0.0100774 0.99987 73.183
0.999889 0.0101347 -0.010879 -1.28439 -0.0100106 0.999885 0.011397 -0.837915 0.0109932 -0.0112868 0.999876 74.373
0.999885 0.0120572 -0.00916971 -1.30635 -0.0119523 0.999864 0.0114067 -0.841524 0.00930599 -0.0112958 0.999893 75.5599
0.999913 0.0111669 -0.00706399 -1.31481 -0.0111025 0.999897 0.0090825 -0.853716 0.00716469 -0.00900328 0.999934 76.7652
0.999944 0.00893575 -0.00566378 -1.30863 -0.00891273 0.999952 0.00407688 -0.863571 0.00569993 -0.00402617 0.999976 77.9633
0.999945 0.0102343 -0.00231929 -1.32331 -0.0102279 0.999944 0.00276466 -0.870376 0.00234746 -0.00274079 0.999993 79.1534
0.999929 0.0119316 -0.000312556 -1.31896 -0.0119294 0.999908 0.00642563 -0.882 0.000389196 -0.00642144 0.999979 80.3404
0.999923 0.012211 0.00237947 -1.31569 -0.0122283 0.999898 0.00738207 -0.895259 -0.00228909 -0.00741059 0.99997 81.5209
0.999914 0.0127226 0.00328624 -1.29348 -0.0127412 0.999903 0.00568678 -0.906336 -0.00321357 -0.00572816 0.999978 82.7087
0.999902 0.0125509 0.00617905 -1.28477 -0.0125707 0.999916 0.00317262 -0.923378 -0.00613871 -0.00324999 0.999976 83.8827
0.999856 0.0136434 0.010115 -1.27756 -0.0136345 0.999907 -0.000947079 -0.936553 -0.0101269 0.00080903 0.999948 85.0527
0.999832 0.0122355 0.0136307 -1.2628 -0.0122207 0.999925 -0.00117222 -0.961766 -0.013644 0.00100544 0.999906 86.2299
0.999783 0.0124112 0.016727 -1.24067 -0.0124151 0.999923 0.000127375 -0.979535 -0.0167241 -0.000335014 0.99986 87.4177
0.999715 0.0130406 0.0199849 -1.21368 -0.0130395 0.999915 -0.000185845 -0.992653 -0.0199856 -7.47997e-05 0.9998 88.6047
0.999668 0.0130133 0.0222176 -1.17474 -0.0129579 0.999913 -0.00263534 -1.01303 -0.02225 0.00234657 0.99975 89.7752
0.999614 0.0125056 0.0247953 -1.14526 -0.0123926 0.999912 -0.0047059 -1.03947 -0.024852 0.0043968 0.999681 90.9082
0.999522 0.0126615 0.0282017 -1.11794 -0.0125247 0.999909 -0.005021 -1.06448 -0.0282628 0.00466538 0.99959 92.0869
0.999515 0.0108697 0.0291763 -1.0683 -0.0107775 0.999936 -0.00331457 -1.09291 -0.0292105 0.00299851 0.999569 93.2498
0.99941 0.0105494 0.0327006 -1.039 -0.0105072 0.999944 -0.00146135 -1.11707 -0.0327141 0.0011169 0.999464 94.4297
0.99941 0.0105494 0.0327006 -0.969445 -0.0105072 0.999944 -0.00146135 -1.10076 -0.0327141 0.0011169 0.999464 95.5852
0.999229 0.00912271 0.0381832 -0.965738 -0.0091157 0.999958 -0.000357833 -1.12692 -0.0381849 9.49017e-06 0.999271 96.7586
0.999183 0.0083226 0.039552 -0.912191 -0.00821913 0.999962 -0.00277793 -1.15071 -0.0395736 0.00245058 0.999214 97.9307
0.999171 0.00760048 0.0400063 -0.834457 -0.00736924 0.999955 -0.00592458 -1.17527 -0.0400496 0.00562485 0.999182 99.1411
0.999156 0.00892376 0.040103 -0.771031 -0.00860997 0.999931 -0.0079906 -1.20639 -0.0401715 0.00763857 0.999164 100.303
0.999156 0.00892376 0.040103 -0.702554 -0.00860997 0.999931 -0.0079906 -1.24423 -0.0401715 0.00763857 0.999164 101.491
0.999128 0.00798414 0.0409896 -0.681475 -0.0077129 0.999947 -0.00677118 -1.30222 -0.0410415 0.00644912 0.999137 102.683
0.999221 0.00805473 0.0386206 -0.626196 -0.0078526 0.999955 -0.00538264 -1.31909 -0.0386622 0.00507517 0.999239 103.844
0.999319 0.00829628 0.0359414 -0.566273 -0.00813983 0.999957 -0.00449716 -1.32557 -0.0359772 0.00420154 0.999344 105.027
0.999389 0.00924505 0.0337139 -0.520992 -0.00915522 0.999954 -0.00281773 -1.36333 -0.0337384 0.00250735 0.999428 106.28
0.999508 0.00888505 0.0300683 -0.467593 -0.00881784 0.999958 -0.00236713 -1.38689 -0.0300881 0.00210083 0.999545 107.517
0.99961 0.0106058 0.0258233 -0.416791 -0.0105332 0.99994 -0.0029471 -1.4014 -0.025853 0.00267395 0.999662 108.771
0.99967 0.0135868 0.0217999 -0.405601 -0.0135155 0.999903 -0.00341518 -1.4153 -0.0218441 0.00311942 0.999757 109.989
0.999719 0.0152618 0.0181242 -0.392516 -0.0152098 0.99988 -0.00300398 -1.43071 -0.0181679 0.00272747 0.999831 111.228
0.999738 0.0180695 0.0140788 -0.387415 -0.0180362 0.999834 -0.00248835 -1.43449 -0.0141215 0.00223376 0.999898 112.456
0.999754 0.0193202 0.0109247 -0.41678 -0.019297 0.999811 -0.00222868 -1.4496 -0.0109657 0.00201732 0.999938 113.683
0.999767 0.0200385 0.00806681 -0.457069 -0.0200284 0.999799 -0.00133249 -1.4716 -0.00809189 0.00117061 0.999967 114.905
0.999774 0.0208955 0.00388008 -0.460798 -0.0208954 0.999782 -5.80916e-05 -1.51001 -0.00388045 -2.29974e-05 0.999992 116.177
0.999758 0.0219142 0.00169573 -0.536945 -0.0219146 0.99976 0.000223174 -1.53433 -0.00169043 -0.000260281 0.999999 117.368
0.999727 0.0231903 -0.00281883 -0.555122 -0.0231901 0.999731 0.000128845 -1.5576 0.00282106 -6.34412e-05 0.999996 118.634
0.999671 0.0241499 -0.00866418 -0.546257 -0.0241575 0.999708 -0.000777765 -1.57013 0.00864286 0.000986814 0.999962 119.913
0.999567 0.0272364 -0.011168 -0.592845 -0.0272449 0.999629 -0.000611147 -1.59508 0.0111472 0.000915153 0.999937 121.177
0.999463 0.0295173 -0.0142135 -0.612992 -0.0295287 0.999564 -0.0005878 -1.6157 0.0141899 0.00100719 0.999899 122.387
0.999463 0.0295173 -0.0142135 -0.660322 -0.0295287 0.999564 -0.0005878 -1.65352 0.0141899 0.00100719 0.999899 123.649
0.999463 0.0295173 -0.0142135 -0.713379 -0.0295287 0.999564 -0.0005878 -1.66878 0.0141899 0.00100719 0.999899 124.901
0.999463 0.0295173 -0.0142135 -0.756672 -0.0295287 0.999564 -0.0005878 -1.67364 0.0141899 0.00100719 0.999899 126.16
0.999463 0.0295173 -0.0142135 -0.796805 -0.0295287 0.999564 -0.0005878 -1.67844 0.0141899 0.00100719 0.999899 127.432
0.99934 0.0331178 -0.0149583 -0.832684 -0.0331008 0.999451 0.00137855 -1.69698 0.0149957 -0.000882505 0.999887 128.699
0.999274 0.0341223 -0.0169611 -0.836309 -0.0340622 0.999412 0.00381681 -1.70762 0.0170813 -0.0032363 0.999849 129.926
0.999281 0.0325171 -0.0194791 -0.843813 -0.0324585 0.999468 0.00331744 -1.71973 0.0195766 -0.00268279 0.999805 131.18
0.999281 0.0325171 -0.0194791 -0.902711 -0.0324585 0.999468 0.00331744 -1.76737 0.0195766 -0.00268279 0.999805 132.521
0.999355 0.0293844 -0.0206192 -0.929524 -0.0293123 0.999563 0.00379493 -1.77611 0.0207217 -0.00318809 0.99978 133.807
0.999361 0.0277145 -0.0225522 -0.953014 -0.027613 0.999607 0.00479855 -1.78274 0.0226763 -0.00417276 0.999734 135.088
0.999434 0.0244168 -0.0231286 -0.981502 -0.0242613 0.999681 0.00698084 -1.7988 0.0232917 -0.00641576 0.999708 136.361
0.999361 0.0225568 -0.0277384 -0.964106 -0.0223828 0.999728 0.00656596 -1.79352 0.0278789 -0.0059409 0.999594 137.646
0.999457 0.0180037 -0.027608 -1.00236 -0.0178925 0.999831 0.004267 -1.80183 0.0276801 -0.0037707 0.99961 138.939
0.999496 0.0155191 -0.0277065 -1.04393 -0.0154414 0.999876 0.00301594 -1.81462 0.0277499 -0.00258659 0.999612 140.234
0.999533 0.014466 -0.0269216 -1.09256 -0.0143663 0.999889 0.00389316 -1.83925 0.0269749 -0.00350458 0.99963 141.524
0.999533 0.014466 -0.0269216 -1.123 -0.0143663 0.999889 0.00389316 -1.84766 0.0269749 -0.00350458 0.99963 142.808
0.999533 0.014466 -0.0269216 -1.16763 -0.0143663 0.999889 0.00389316 -1.83373 0.0269749 -0.00350458 0.99963 144.103
0.999476 0.0174661 -0.0272669 -1.20165 -0.0173283 0.999836 0.00528174 -1.84625 0.0273547 -0.00480648 0.999614 145.338
0.999508 0.0176573 -0.0259174 -1.26184 -0.0175635 0.999838 0.00384052 -1.86751 0.0259811 -0.00338343 0.999657 146.668
0.999498 0.0184973 -0.0257144 -1.30312 -0.0184484 0.999828 0.00213766 -1.88351 0.0257495 -0.0016622 0.999667 147.968
0.999507 0.0188592 -0.025103 -1.35054 -0.018874 0.999822 -0.000352639 -1.90331 0.0250919 0.000826259 0.999685 149.273
0.999558 0.0182202 -0.0234934 -1.42649 -0.018314 0.999825 -0.00378299 -1.94098 0.0234204 0.00421158 0.999717 150.55
0.999595 0.0179973 -0.0220273 -1.48988 -0.0181439 0.999814 -0.00647334 -1.98328 0.0219067 0.00687038 0.999736 151.847
0.999761 0.0171994 -0.0134869 -1.65104 -0.0172706 0.999837 -0.00517691 -2.04619 0.0133957 0.0054086 0.999896 153.163
0.999761 0.0171994 -0.0134869 -1.69224 -0.0172706 0.999837 -0.00517691 -2.07927 0.0133957 0.0054086 0.999896 154.416
0.999761 0.0171994 -0.0134869 -1.72822 -0.0172706 0.999837 -0.00517691 -2.09735 0.0133957 0.0054086 0.999896 155.726
0.999761 0.0171994 -0.0134869 -1.75337 -0.0172706 0.999837 -0.00517691 -2.10928 0.0133957 0.0054086 0.999896 156.998
0.999761 0.0171994 -0.0134869 -1.78749 -0.0172706 0.999837 -0.00517691 -2.13015 0.0133957 0.0054086 0.999896 158.288
0.999761 0.0171994 -0.0134869 -1.82525 -0.0172706 0.999837 -0.00517691 -2.17028 0.0133957 0.0054086 0.999896 159.571
0.999761 0.0171994 -0.0134869 -1.8629 -0.0172706 0.999837 -0.00517691 -2.19514 0.0133957 0.0054086 0.999896 160.845
0.999761 0.0171994 -0.0134869 -1.8957 -0.0172706 0.999837 -0.00517691 -2.19558 0.0133957 0.0054086 0.999896 162.199
0.999761 0.0171994 -0.0134869 -1.93168 -0.0172706 0.999837 -0.00517691 -2.21455 0.0133957 0.0054086 0.999896 163.493
0.999761 0.0171994 -0.0134869 -1.9815 -0.0172706 0.999837 -0.00517691 -2.26802 0.0133957 0.0054086 0.999896 164.756
0.999761 0.0171994 -0.0134869 -2.0246 -0.0172706 0.999837 -0.00517691 -2.32747 0.0133957 0.0054086 0.999896 166.039
0.999761 0.0171994 -0.0134869 -2.07483 -0.0172706 0.999837 -0.00517691 -2.35629 0.0133957 0.0054086 0.999896 167.286
0.999761 0.0171994 -0.0134869 -2.11306 -0.0172706 0.999837 -0.00517691 -2.40409 0.0133957 0.0054086 0.999896 168.586
0.999761 0.0171994 -0.0134869 -2.16653 -0.0172706 0.999837 -0.00517691 -2.4557 0.0133957 0.0054086 0.999896 169.827
0.999761 0.0171994 -0.0134869 -2.20814 -0.0172706 0.999837 -0.00517691 -2.47872 0.0133957 0.0054086 0.999896 171.125
0.999739 0.0180723 -0.0140012 -2.23999 -0.0181282 0.999828 -0.00387682 -2.50713 0.0139287 0.00412963 0.999894 172.404
0.999739 0.0180723 -0.0140012 -2.28345 -0.0181282 0.999828 -0.00387682 -2.5299 0.0139287 0.00412963 0.999894 173.685
0.999739 0.0180723 -0.0140012 -2.31948 -0.0181282 0.999828 -0.00387682 -2.54824 0.0139287 0.00412963 0.999894 174.967
0.999739 0.0180723 -0.0140012 -2.3588 -0.0181282 0.999828 -0.00387682 -2.57766 0.0139287 0.00412963 0.999894 176.277
0.999739 0.0180723 -0.0140012 -2.39743 -0.0181282 0.999828 -0.00387682 -2.62583 0.0139287 0.00412963 0.999894 177.577
0.999739 0.0180723 -0.0140012 -2.44176 -0.0181282 0.999828 -0.00387682 -2.66539 0.0139287 0.00412963 0.999894 178.847
0.999739 0.0180723 -0.0140012 -2.47465 -0.0181282 0.999828 -0.00387682 -2.68864 0.0139287 0.00412963 0.999894 180.16
0.999739 0.0180723 -0.0140012 -2.50157 -0.0181282 0.999828 -0.00387682 -2.73619 0.0139287 0.00412963 0.999894 181.455
0.999739 0.0180723 -0.0140012 -2.52693 -0.0181282 0.999828 -0.00387682 -2.79277 0.0139287 0.00412963 0.999894 182.741
0.999739 0.0180723 -0.0140012 -2.55992 -0.0181282 0.999828 -0.00387682 -2.80955 0.0139287 0.00412963 0.999894 184.02
0.999739 0.0180723 -0.0140012 -2.57776 -0.0181282 0.999828 -0.00387682 -2.78227 0.0139287 0.00412963 0.999894 185.345
0.999737 0.0171095 -0.0152848 -2.58658 -0.0170974 0.999853 0.000924468 -2.81363 0.0152983 -0.000662895 0.999883 186.625
0.999739 0.0184405 -0.0134861 -2.62867 -0.0184358 0.99983 0.000470108 -2.83642 0.0134924 -0.000221359 0.999909 187.899
0.999702 0.019846 -0.0142096 -2.64541 -0.0198888 0.999798 -0.00288085 -2.85835 0.0141496 0.00316261 0.999895 189.162
0.999724 0.0187587 -0.014116 -2.67791 -0.0188286 0.999811 -0.00483485 -2.88921 0.0140226 0.0050993 0.999889 190.409
0.999724 0.0187587 -0.014116 -2.6971 -0.0188286 0.999811 -0.00483485 -2.91369 0.0140226 0.0050993 0.999889 191.667
0.999744 0.0183728 -0.0131929 -2.73039 -0.0184114 0.999827 -0.00280938 -2.94724 0.0131389 0.00305156 0.999909 192.92
0.999744 0.0183728 -0.0131929 -2.75282 -0.0184114 0.999827 -0.00280938 -2.94063 0.0131389 0.00305156 0.999909 194.176
0.999744 0.0183728 -0.0131929 -2.7626 -0.0184114 0.999827 -0.00280938 -2.9506 0.0131389 0.00305156 0.999909 195.449
0.999749 0.0196158 -0.0108104 -2.79083 -0.019659 0.999799 -0.00390315 -2.97246 0.0107317 0.00411469 0.999934 196.709
0.99978 0.0187016 -0.0094995 -2.8049 -0.0187528 0.99981 -0.00532485 -3.00465 0.00939811 0.00550182 0.999941 197.95
0.9998 0.0188589 -0.00659998 -2.83119 -0.0189058 0.999796 -0.00711602 -3.03473 0.00646443 0.00723938 0.999953 199.183
0.999829 0.0182594 -0.0030094 -2.86112 -0.0182806 0.999807 -0.0071629 -3.07171 0.00287803 0.00721669 0.99997 200.421
0.999829 0.0182594 -0.0030094 -2.85945 -0.0182806 0.999807 -0.0071629 -3.09105 0.00287803 0.00721669 0.99997 201.658
0.999836 0.0180559 -0.00100102 -2.87494 -0.0180607 0.999824 -0.00511236 -3.12127 0.000908539 0.0051296 0.999986 202.879
0.999836 0.0180559 -0.00100102 -2.86575 -0.0180607 0.999824 -0.00511236 -3.14711 0.000908539 0.0051296 0.999986 204.102
0.999836 0.0180559 -0.00100102 -2.85624 -0.0180607 0.999824 -0.00511236 -3.17614 0.000908539 0.0051296 0.999986 205.323
0.999836 0.0180559 -0.00100102 -2.84418 -0.0180607 0.999824 -0.00511236 -3.21227 0.000908539 0.0051296 0.999986 206.547
0.999843 0.0176807 0.000851377 -2.87661 -0.0176768 0.999834 -0.00442687 -3.25039 -0.000929506 0.00441112 0.99999 207.747
0.999843 0.0176807 0.000851377 -2.85822 -0.0176768 0.999834 -0.00442687 -3.28599 -0.000929506 0.00441112 0.99999 208.979
0.999843 0.0176807 0.000851377 -2.84788 -0.0176768 0.999834 -0.00442687 -3.31121 -0.000929506 0.00441112 0.99999 210.172
0.999843 0.0176807 0.000851377 -2.84283 -0.0176768 0.999834 -0.00442687 -3.33854 -0.000929506 0.00441112 0.99999 211.36
0.999843 0.0176807 0.000851377 -2.85118 -0.0176768 0.999834 -0.00442687 -3.35482 -0.000929506 0.00441112 0.99999 212.532
0.999849 0.0173497 -9.86971e-05 -2.84823 -0.0173499 0.999845 -0.00303719 -3.39028 4.59874e-05 0.00303845 0.999995 213.691
0.999849 0.0173497 -9.86971e-05 -2.86321 -0.0173499 0.999845 -0.00303719 -3.419 4.59874e-05 0.00303845 0.999995 214.849
0.999849 0.0173497 -9.86971e-05 -2.87843 -0.0173499 0.999845 -0.00303719 -3.46786 4.59874e-05 0.00303845 0.999995 215.962
0.999849 0.0173497 -9.86971e-05 -2.8883 -0.0173499 0.999845 -0.00303719 -3.5134 4.59874e-05 0.00303845 0.999995 217.055
0.999849 0.0173497 -9.86971e-05 -2.91127 -0.0173499 0.999845 -0.00303719 -3.53917 4.59874e-05 0.00303845 0.999995 218.139
0.999849 0.0173497 -9.86971e-05 -2.93849 -0.0173499 0.999845 -0.00303719 -3.56467 4.59874e-05 0.00303845 0.999995 219.231
0.999849 0.0173497 -9.86971e-05 -2.97452 -0.0173499 0.999845 -0.00303719 -3.56624 4.59874e-05 0.00303845 0.999995 220.295
0.999853 0.0170131 -0.00220427 -2.98869 -0.0170173 0.999853 -0.00188501 -3.58246 0.00217188 0.00192224 0.999996 221.323
0.999832 0.0176918 -0.00485109 -2.98556 -0.0176925 0.999843 -0.000103883 -3.60906 0.0048485 0.000189694 0.999988 222.42
0.999806 0.0177234 -0.00854867 -2.97939 -0.0177305 0.999843 -0.000755153 -3.62066 0.00853394 0.000906579 0.999963 223.432
0.999766 0.0182581 -0.0116137 -2.98556 -0.0182763 0.999832 -0.00145579 -3.63782 0.0115851 0.00166771 0.999931 224.482
0.999704 0.0185082 -0.0158169 -2.98412 -0.0185287 0.999828 -0.00115377 -3.66323 0.0157929 0.0014465 0.999874 225.477
0.999704 0.0185082 -0.0158169 -3.05399 -0.0185287 0.999828 -0.00115377 -3.67947 0.0157929 0.0014465 0.999874 226.432
0.999629 0.0185042 -0.0199699 -3.05898 -0.0185445 0.999826 -0.00183194 -3.69906 0.0199326 0.00220159 0.999799 227.375
0.999522 0.0192674 -0.0241575 -3.06448 -0.0193164 0.999812 -0.00179457 -3.7279 0.0241184 0.00226035 0.999707 228.32
0.999466 0.0193501 -0.0263164 -3.11094 -0.0194239 0.999808 -0.00255188 -3.74989 0.026262 0.00306168 0.99965 229.203
0.999466 0.0193501 -0.0263164 -3.18118 -0.0194239 0.999808 -0.00255188 -3.77959 0.026262 0.00306168 0.99965 230.07
0.999466 0.0193501 -0.0263164 -3.25025 -0.0194239 0.999808 -0.00255188 -3.81074 0.026262 0.00306168 0.99965 230.916
0.999466 0.0193501 -0.0263164 -3.30912 -0.0194239 0.999808 -0.00255188 -3.83234 0.026262 0.00306168 0.99965 231.757
0.999466 0.0193501 -0.0263164 -3.34593 -0.0194239 0.999808 -0.00255188 -3.85144 0.026262 0.00306168 0.99965 232.559
0.999466 0.0193501 -0.0263164 -3.36544 -0.0194239 0.999808 -0.00255188 -3.86083 0.026262 0.00306168 0.99965 233.349
0.999466 0.0193501 -0.0263164 -3.38558 -0.0194239 0.999808 -0.00255188 -3.87491 0.026262 0.00306168 0.99965 234.102
0.999466 0.0193501 -0.0263164 -3.40328 -0.0194239 0.999808 -0.00255188 -3.89898 0.026262 0.00306168 0.99965 234.851
0.999466 0.0193501 -0.0263164 -3.42336 -0.0194239 0.999808 -0.00255188 -3.94395 0.026262 0.00306168 0.99965 235.587
0.999466 0.0193501 -0.0263164 -3.43767 -0.0194239 0.999808 -0.00255188 -3.98326 0.026262 0.00306168 0.99965 236.326
0.999466 0.0193501 -0.0263164 -3.44257 -0.0194239 0.999808 -0.00255188 -4.01912 0.026262 0.00306168 0.99965 237.062
0.999466 0.0193501 -0.0263164 -3.44487 -0.0194239 0.999808 -0.00255188 -4.04668 0.026262 0.00306168 0.99965 237.8
0.999466 0.0193501 -0.0263164 -3.43756 -0.0194239 0.999808 -0.00255188 -4.05978 0.026262 0.00306168 0.99965 238.539
0.999466 0.0193501 -0.0263164 -3.43596 -0.0194239 0.999808 -0.00255188 -4.08181 0.026262 0.00306168 0.99965 239.259
0.999466 0.0193501 -0.0263164 -3.42784 -0.0194239 0.999808 -0.00255188 -4.10071 0.026262 0.00306168 0.99965 239.98
0.999466 0.0193501 -0.0263164 -3.41583 -0.0194239 0.999808 -0.00255188 -4.1244 0.026262 0.00306168 0.99965 240.705
0.999466 0.0193501 -0.0263164 -3.4033 -0.0194239 0.999808 -0.00255188 -4.13726 0.026262 0.00306168 0.99965 241.418
0.999561 0.0171391 -0.0241637 -3.40598 -0.0172009 0.999849 -0.00235179 -4.15258 0.0241197 0.00276639 0.999705 242.112
0.999612 0.0169273 -0.0221277 -3.41005 -0.0169863 0.999853 -0.00248076 -4.16835 0.0220825 0.00285566 0.999752 242.814
0.999662 0.0166369 -0.0199954 -3.41661 -0.0166915 0.999857 -0.00256745 -4.18162 0.0199498 0.00290033 0.999797 243.511
0.99971 0.0161058 -0.0178943 -3.42207 -0.0161602 0.999865 -0.00289511 -4.19707 0.0178453 0.00318345 0.999836 244.21
0.999757 0.0159063 -0.015275 -3.42781 -0.015964 0.999866 -0.00366393 -4.20708 0.0152146 0.00390689 0.999877 244.925
0.999776 0.0165403 -0.0131809 -3.43409 -0.0166141 0.999847 -0.00550411 -4.21386 0.0130878 0.00572187 0.999898 245.598
0.999808 0.0156528 -0.0117827 -3.43074 -0.0157302 0.999855 -0.00650229 -4.22916 0.0116792 0.00668638 0.999909 246.307
0.999824 0.016131 -0.00958668 -3.43383 -0.0161909 0.99985 -0.00620948 -4.2399 0.00948508 0.00636361 0.999935 247.018
0.999824 0.016131 -0.00958668 -3.42523 -0.0161909 0.99985 -0.00620948 -4.25266 0.00948508 0.00636361 0.999935 247.725
0.999824 0.016131 -0.00958668 -3.41316 -0.0161909 0.99985 -0.00620948 -4.28248 0.00948508 0.00636361 0.999935 248.452
0.999823 0.0175168 -0.00690334 -3.42475 -0.017591 0.999787 -0.0108396 -4.27809 0.00671199 0.0109591 0.999917 249.159
0.999831 0.0181296 -0.00290273 -3.44703 -0.0181664 0.999748 -0.013201 -4.29687 0.00266267 0.0132516 0.999909 249.873
0.999851 0.0169496 -0.00321379 -3.44225 -0.0169966 0.99974 -0.0152255 -4.31327 0.00295489 0.0152779 0.999879 250.597
0.999851 0.0169496 -0.00321379 -3.44491 -0.0169966 0.99974 -0.0152255 -4.34214 0.00295489 0.0152779 0.999879 251.324
0.999851 0.0169496 -0.00321379 -3.44673 -0.0169966 0.99974 -0.0152255 -4.37225 0.00295489 0.0152779 0.999879 252.058
0.999759 0.0215355 -0.00435846 -3.44614 -0.0215967 0.999661 -0.0145185 -4.39255 0.00404432 0.0146092 0.999885 252.801
0.999759 0.0215355 -0.00435846 -3.4522 -0.0215967 0.999661 -0.0145185 -4.41928 0.00404432 0.0146092 0.999885 253.548
0.999848 0.0171482 -0.00323642 -3.48585 -0.0171958 0.999735 -0.0153164 -4.45806 0.00297292 0.0153697 0.999877 253.397
0.999903 0.0136971 -0.00246139 -3.49102 -0.0137369 0.999762 -0.016966 -4.48375 0.00222841 0.0169982 0.999853 254.003
0.998257 -0.0589608 -0.00250672 -3.52147 0.058902 0.998079 -0.0192161 -4.80781 0.0036349 0.0190349 0.999812 253.452
0.998382 -0.0568076 -0.00233049 -3.52689 0.0567649 0.998268 -0.0154648 -4.82435 0.00320497 0.0153075 0.999878 254.241
0.998647 -0.0519782 -0.00184916 -3.53481 0.0519576 0.998601 -0.0098309 -4.83431 0.00235757 0.00972152 0.99995 255.044
0.998594 -0.0529788 -0.00180015 -3.52687 0.0529668 0.998577 -0.00616813 -4.85909 0.00212436 0.00606411 0.999979 255.85
0.998579 -0.0532807 -0.000575139 -3.52024 0.0532733 0.998539 -0.00907049 -4.86946 0.00105758 0.00902696 0.999959 256.638
0.998612 -0.0524856 0.00445676 -3.5289 0.0525444 0.998516 -0.0142952 -4.89308 -0.00369985 0.0145095 0.999888 257.436
0.998689 -0.0503749 0.00904951 -3.53436 0.0505319 0.998559 -0.0180541 -4.90894 -0.008127 0.0184878 0.999796 258.249
0.99872 -0.0488536 0.0131135 -3.53774 0.0490761 0.998647 -0.0172186 -4.93823 -0.0122546 0.0178401 0.999766 259.074
0.998572 -0.0509847 0.0159734 -3.51969 0.051226 0.998573 -0.0150833 -4.96052 -0.0151816 0.0158801 0.999759 259.925
0.998373 -0.0538821 0.0186733 -3.50311 0.0541022 0.998469 -0.0114878 -4.988 -0.0180257 0.0124794 0.99976 260.758
0.99823 -0.0557492 0.0207333 -3.48 0.0559761 0.998377 -0.0105289 -5.00291 -0.0201127 0.0116709 0.99973 261.6
0.998197 -0.0548721 0.0243073 -3.47121 0.0551205 0.998433 -0.00967179 -5.02481 -0.0237385 0.0109942 0.999658 262.437
0.998298 -0.0525067 0.0253683 -3.43064 0.0528481 0.998518 -0.0129814 -5.03387 -0.0246491 0.0143 0.999594 263.283
0.998336 -0.0506405 0.0275779 -3.41007 0.0510799 0.998575 -0.0154671 -5.05003 -0.0267553 0.0168501 0.9995 264.123
0.998389 -0.0477396 0.0306687 -3.39957 0.0482309 0.998716 -0.0154867 -5.06533 -0.02989 0.0169409 0.99941 264.962
0.998315 -0.0475198 0.0333018 -3.36806 0.0479982 0.998753 -0.0137166 -5.09054 -0.0326085 0.0152919 0.999351 265.826
0.998406 -0.042861 0.0367087 -3.35245 0.0433231 0.99899 -0.0118869 -5.10825 -0.0361622 0.0134583 0.999255 266.668
0.998384 -0.0411584 0.039189 -3.32286 0.041648 0.999063 -0.01176 -5.1305 -0.0386683 0.0133731 0.999163 267.506
0.998189 -0.0416175 0.043444 -3.3044 0.042164 0.999042 -0.0117383 -5.16184 -0.0429138 0.0135488 0.998987 268.371
0.998014 -0.0437889 0.0452877 -3.25452 0.0443362 0.998954 -0.0111526 -5.19506 -0.0447519 0.0131383 0.998912 269.243
0.997768 -0.0466931 0.0477449 -3.22157 0.0472425 0.998829 -0.0104432 -5.21369 -0.0472013 0.0126754 0.998805 270.069
0.997622 -0.0482678 0.0492089 -3.18815 0.0488056 0.99876 -0.00978617 -5.24483 -0.0486755 0.0121646 0.998741 270.932
0.997622 -0.0482678 0.0492089 -3.13834 0.0488056 0.99876 -0.00978617 -5.26349 -0.0486755 0.0121646 0.998741 271.786
0.997622 -0.0482678 0.0492089 -3.08916 0.0488056 0.99876 -0.00978617 -5.28622 -0.0486755 0.0121646 0.998741 272.657
0.997622 -0.0482678 0.0492089 -3.05161 0.0488056 0.99876 -0.00978617 -5.2996 -0.0486755 0.0121646 0.998741 273.513
0.997622 -0.0482678 0.0492089 -3.02285 0.0488056 0.99876 -0.00978617 -5.31663 -0.0486755 0.0121646 0.998741 274.367
0.997622 -0.0482678 0.0492089 -3.00427 0.0488056 0.99876 -0.00978617 -5.34919 -0.0486755 0.0121646 0.998741 275.223
0.997622 -0.0482678 0.0492089 -2.98703 0.0488056 0.99876 -0.00978617 -5.38574 -0.0486755 0.0121646 0.998741 276.089
0.997622 -0.0482678 0.0492089 -2.97125 0.0488056 0.99876 -0.00978617 -5.41755 -0.0486755 0.0121646 0.998741 276.952
0.997622 -0.0482678 0.0492089 -2.966 0.0488056 0.99876 -0.00978617 -5.44746 -0.0486755 0.0121646 0.998741 277.798
0.997743 -0.0475248 0.0474463 -2.93657 0.0480805 0.998787 -0.0106401 -5.46599 -0.0468831 0.0128974 0.998817 278.628
0.997904 -0.0482151 0.0431562 -2.88311 0.0487115 0.998757 -0.0105246 -5.49027 -0.0425952 0.0126048 0.999013 279.444
0.99806 -0.0483151 0.0392744 -2.83779 0.0487474 0.99876 -0.0101237 -5.50561 -0.0387366 0.0120186 0.999177 280.311
0.998192 -0.0487994 0.0350935 -2.81331 0.0491118 0.99876 -0.00809417 -5.5264 -0.0346551 0.00980304 0.999351 281.155
0.998337 -0.0492368 0.0299749 -2.79015 0.0494971 0.998742 -0.00800522 -5.53564 -0.0295431 0.00947558 0.999519 281.994
0.998442 -0.0503843 0.0239696 -2.75994 0.0505713 0.998694 -0.00726218 -5.55942 -0.0235724 0.00846303 0.999686 282.836
0.998513 -0.0512466 0.0185989 -2.74105 0.0513798 0.998656 -0.00675202 -5.58345 -0.0182278 0.00769758 0.999804 283.676
0.998578 -0.0515536 0.0135449 -2.72243 0.0516431 0.998645 -0.00633943 -5.60495 -0.0131997 0.00702991 0.999888 284.516
0.998566 -0.0526091 0.00989184 -2.72622 0.0526672 0.998596 -0.00570427 -5.6328 -0.00957785 0.00621707 0.999935 285.319
0.998601 -0.0526374 0.00495397 -2.71435 0.0526698 0.99859 -0.00664518 -5.6501 -0.0045972 0.00689681 0.999966 286.118
0.998674 -0.051478 -0.000852555 -2.70563 0.0514701 0.998646 -0.00757348 -5.66728 0.00124127 0.00751955 0.999971 286.887
0.998662 -0.0514922 -0.00477094 -2.71233 0.0514598 0.998653 -0.00669513 -5.69556 0.00510926 0.00644066 0.999966 287.64
0.998674 -0.0507141 -0.00886042 -2.72454 0.0506524 0.998691 -0.00704634 -5.71302 0.00920618 0.0065882 0.999936 288.37
0.998601 -0.0511385 -0.0134198 -2.73005 0.0510358 0.998666 -0.0078864 -5.73279 0.0138052 0.00719048 0.999879 289.104
0.998578 -0.0499563 -0.0185939 -2.7506 0.0497769 0.99871 -0.00998924 -5.75172 0.0190689 0.0090495 0.999777 289.792
0.998513 -0.048257 -0.0253438 -2.77825 0.0479578 0.998774 -0.0122826 -5.77405 0.0259055 0.0110489 0.999603 290.458
0.998328 -0.0475031 -0.0329322 -2.81561 0.0470273 0.99878 -0.0150767 -5.7836 0.0336082 0.0135028 0.999344 291.117
0.997935 -0.0471112 -0.0436568 -2.85083 0.0464331 0.998786 -0.0164184 -5.81629 0.0443773 0.0143574 0.998912 291.755
0.997349 -0.0468108 -0.0557058 -2.94002 0.0458696 0.998784 -0.0180573 -5.83533 0.0564833 0.0154542 0.998284 292.329
0.996344 -0.0449185 -0.0726711 -3.00091 0.043719 0.998881 -0.0180146 -5.8596 0.073399 0.0147716 0.997193 292.936
0.994762 -0.0430056 -0.092727 -3.07262 0.0414661 0.998969 -0.0184659 -5.88276 0.0934255 0.0145241 0.99552 293.543
0.992462 -0.0413411 -0.115369 -3.15581 0.0393364 0.999034 -0.0196005 -5.90716 0.116068 0.0149145 0.993129 294.149
0.989288 -0.0400508 -0.140372 -3.26576 0.0374582 0.999076 -0.0210644 -5.9271 0.141086 0.0155807 0.989875 294.725
0.984897 -0.0387054 -0.168762 -3.37273 0.0355455 0.999132 -0.0217063 -5.95388 0.169456 0.0153797 0.985418 295.279
0.979119 -0.037402 -0.199815 -3.49567 0.0336932 0.999192 -0.0219305 -5.97348 0.200474 0.0147401 0.979588 295.833
0.971519 -0.0380535 -0.233888 -3.64036 0.0338036 0.999183 -0.0221538 -5.98958 0.23454 0.0136166 0.972011 296.371
0.962441 -0.0372175 -0.268929 -3.82171 0.0325548 0.999233 -0.0217785 -6.01448 0.269533 0.0122056 0.962914 296.862
0.951458 -0.0357105 -0.305701 -4.0238 0.0307625 0.999306 -0.0209896 -6.03228 0.306238 0.0105666 0.951896 297.355
0.938581 -0.0330445 -0.343473 -4.23599 0.0278846 0.999412 -0.0199524 -6.06113 0.34393 0.00914939 0.938951 297.786
0.923112 -0.0318204 -0.383213 -4.44125 0.0264505 0.999464 -0.0192754 -6.08583 0.383621 0.0076572 0.923459 298.212
0.905593 -0.0311259 -0.423004 -4.65629 0.0257302 0.999498 -0.0184613 -6.11205 0.423366 0.00583447 0.90594 298.589
0.884135 -0.0317613 -0.466151 -4.86159 0.0255838 0.999481 -0.0195758 -6.11241 0.466531 0.00538175 0.884489 299.062
0.861197 -0.032566 -0.507226 -5.16803 0.0258915 0.99946 -0.0202094 -6.12887 0.507611 0.0042714 0.861576 299.439
0.834566 -0.0333212 -0.5499 -5.47801 0.0257197 0.999437 -0.0215269 -6.13213 0.550308 0.00382237 0.834953 299.902
0.806472 -0.0329378 -0.590355 -5.75081 0.0259651 0.999457 -0.0202925 -6.1752 0.590703 0.00103674 0.806889 300.117
0.773807 -0.0304952 -0.632687 -6.08174 0.0231427 0.999535 -0.0198725 -6.21473 0.632998 0.000735377 0.774153 300.492
0.736809 -0.032121 -0.675338 -6.40793 0.0242903 0.999484 -0.021037 -6.24678 0.675665 -0.000903929 0.737208 300.878
0.699476 -0.0332166 -0.713884 -6.80094 0.0260511 0.99944 -0.020978 -6.25065 0.714181 -0.00392388 0.69995 301.079
0.656986 -0.0335206 -0.753157 -7.2036 0.0289108 0.999396 -0.0192607 -6.25628 0.753349 -0.00912038 0.657558 301.297
0.609848 -0.0326283 -0.791846 -7.61324 0.0300875 0.999385 -0.0180079 -6.27166 0.791947 -0.0128426 0.610455 301.507
0.559325 -0.027729 -0.828484 -8.03256 0.025867 0.999537 -0.0159908 -6.29924 0.828545 -0.0124864 0.559784 301.696
0.509652 -0.0224717 -0.860087 -8.49428 0.0179979 0.999719 -0.0154551 -6.2845 0.860192 -0.00760304 0.509913 301.786
0.455675 -0.0186013 -0.889952 -8.92483 0.0114653 0.999821 -0.0150273 -6.28343 0.890072 -0.00335598 0.455807 301.907
0.399725 -0.0140843 -0.916527 -9.3528 0.0060707 0.999901 -0.0127179 -6.32658 0.916615 -0.000480313 0.399771 301.994
0.346942 -0.0144357 -0.937776 -9.85684 0.00427057 0.999895 -0.013812 -6.29992 0.937877 0.00078711 0.346967 301.978
0.290325 -0.0133951 -0.956834 -10.2887 0.00379366 0.99991 -0.0128471 -6.27576 0.956921 9.99141e-05 0.290349 302.015
0.234604 -0.00975574 -0.972042 -10.7281 0.00149353 0.999952 -0.00967539 -6.27922 0.97209 0.000818103 0.234607 301.989
0.173756 -0.00657333 -0.984767 -11.1138 -0.000388 0.999977 -0.00674332 -6.29177 0.984789 0.00155378 0.173749 301.99
0.111857 -0.00280427 -0.99372 -11.5389 -0.00315169 0.99999 -0.00317673 -6.29427 0.993719 0.00348724 0.111847 301.952
0.0491792 0.00257807 -0.998787 -11.9788 -0.00472237 0.999986 0.00234865 -6.29798 0.998779 0.00460114 0.0491907 301.886
-0.0178574 0.00968673 -0.999794 -12.3854 -0.00567445 0.999936 0.00978947 -6.30452 0.999824 0.0058481 -0.0178012 301.841
-0.0856655 0.0155396 -0.996203 -12.877 -0.00651131 0.999848 0.0161564 -6.29056 0.996303 0.00787063 -0.0855513 301.759
-0.153785 0.0217179 -0.987866 -13.3272 -0.00668637 0.999713 0.0230192 -6.2867 0.988082 0.0101453 -0.153596 301.662
-0.220767 0.0275616 -0.974937 -13.7951 -0.00510129 0.999554 0.0294127 -6.28134 0.975313 0.0114668 -0.220528 301.524
-0.285349 0.0319942 -0.95789 -14.2371 -0.00300182 0.999408 0.0342752 -6.27421 0.958419 0.0126558 -0.285084 301.35
-0.345179 0.0346404 -0.937898 -14.6747 -0.00131696 0.9993 0.037393 -6.2639 0.938536 0.0141424 -0.344891 301.117
-0.403937 0.0356132 -0.914093 -15.113 0.000652636 0.999253 0.0386426 -6.24993 0.914787 0.0150126 -0.403658 300.861
-0.459454 0.0353508 -0.887498 -15.5613 0.000865303 0.999225 0.0393532 -6.22858 0.888201 0.0173131 -0.459129 300.574
-0.512537 0.0352635 -0.857941 -16.0436 0.00032596 0.999164 0.0408734 -6.20654 0.858665 0.0206695 -0.51212 300.263
-0.559745 0.0356785 -0.827896 -16.4986 0.00141909 0.999112 0.0420977 -6.18645 0.828664 0.0223891 -0.559299 299.92
-0.600352 0.0358069 -0.798934 -16.9716 0.00115526 0.999035 0.043907 -6.15749 0.799735 0.0254367 -0.599814 299.522
-0.637783 0.0396501 -0.769195 -17.4322 0.00489135 0.998862 0.0474333 -6.13296 0.7702 0.0264897 -0.637252 299.097
-0.674814 0.0464075 -0.736528 -17.899 0.0125813 0.998599 0.0513932 -6.10484 0.737881 0.0254143 -0.674452 298.642
-0.711089 0.0505289 -0.701284 -18.3774 0.017352 0.998372 0.0543401 -6.06407 0.702887 0.026472 -0.710808 298.144
-0.744145 0.0513907 -0.666039 -18.8273 0.0190342 0.998263 0.0557583 -6.02718 0.667747 0.0288147 -0.74383 297.606
-0.775057 0.0479093 -0.630072 -19.2755 0.0183457 0.998407 0.0533496 -5.98882 0.631624 0.0297899 -0.774702 297.038
-0.801919 0.0470464 -0.595578 -19.6551 0.0204688 0.998473 0.0513119 -5.97601 0.597083 0.0289572 -0.801657 296.44
-0.827728 0.0423325 -0.55953 -20.0667 0.0191654 0.998701 0.0472071 -5.93912 0.560802 0.028351 -0.827464 295.791
-0.850401 0.0396136 -0.524642 -20.4579 0.0191615 0.998832 0.0443587 -5.90199 0.525786 0.0276698 -0.850167 295.096
-0.871531 0.0382302 -0.488847 -20.8326 0.0183997 0.998804 0.0453076 -5.87261 0.489994 0.0304923 -0.871192 294.381
-0.890309 0.0345184 -0.454046 -21.1666 0.0159535 0.998875 0.0446564 -5.83398 0.455077 0.0325144 -0.889859 293.582
-0.908181 0.0347556 -0.417133 -21.4974 0.0177906 0.998851 0.0444909 -5.80262 0.4182 0.0329847 -0.907756 292.801
-0.925258 0.0374064 -0.377489 -21.8348 0.0217033 0.998716 0.0457688 -5.76904 0.378716 0.0341553 -0.924882 291.984
-0.939941 0.0411913 -0.338843 -22.1394 0.0269536 0.998549 0.0466197 -5.73434 0.340272 0.0346867 -0.939687 291.129
-0.952126 0.0436716 -0.302572 -22.3958 0.0301092 0.998328 0.0493465 -5.68973 0.304221 0.0378739 -0.951848 290.188
-0.962818 0.0460842 -0.26619 -22.627 0.0337731 0.998145 0.0506459 -5.64137 0.26803 0.0397728 -0.962589 289.254
-0.972088 0.045586 -0.230145 -22.8119 0.034727 0.998094 0.0510173 -5.61188 0.232032 0.041601 -0.971818 288.377
-0.979545 0.0435175 -0.196463 -23.0003 0.0349197 0.998283 0.0470183 -5.54726 0.198172 0.0391961 -0.979383 287.354
-0.985571 0.0416662 -0.164056 -23.1589 0.0349765 0.998443 0.0434578 -5.48535 0.165611 0.0370926 -0.985493 286.259
-0.990186 0.0412236 -0.133536 -23.2671 0.0356948 0.998414 0.0435365 -5.44743 0.135119 0.0383427 -0.990087 285.227
-0.993908 0.0399391 -0.102719 -23.3718 0.0355646 0.998395 0.0440721 -5.40704 0.104315 0.0401504 -0.993734 284.188
-0.996474 0.0393219 -0.0741188 -23.4423 0.036193 0.998415 0.0430964 -5.36454 0.0756959 0.0402618 -0.996318 283.065
-0.998107 0.0386447 -0.0478427 -23.4816 0.0366087 0.998416 0.0427269 -5.31878 0.049418 0.0408945 -0.997941 281.925
-0.999076 0.0365369 -0.0226303 -23.5077 0.0355156 0.9984 0.0440003 -5.27357 0.0242017 0.043156 -0.998775 280.768
-0.999396 0.0347558 0.00045768 -23.5031 0.034741 0.998375 0.0451667 -5.22479 0.00111287 0.0451553 -0.998979 279.583
-0.999267 0.0320766 0.0208825 -23.4692 0.0329736 0.998481 0.0441311 -5.17284 -0.0194352 0.0447874 -0.998807 278.363
-0.998917 0.0279785 0.0371841 -23.4111 0.02955 0.998663 0.0424073 -5.14076 -0.0359479 0.0434602 -0.998408 277.159
-0.998535 0.0229627 0.0489886 -23.3364 0.0249885 0.99884 0.0411492 -5.0903 -0.0479869 0.042313 -0.997951 275.921
-0.998257 0.0183125 0.0560956 -23.2494 0.0207408 0.998859 0.0430163 -5.04988 -0.0552439 0.0441048 -0.997498 274.702
-0.99811 0.0157713 0.0594007 -23.161 0.0184241 0.998845 0.0443793 -5.00668 -0.0586322 0.0453898 -0.997247 273.435
-0.998079 0.0140619 0.0603389 -23.0853 0.0166639 0.998943 0.0428388 -4.95847 -0.0596727 0.043762 -0.997258 272.16
-0.998139 0.011415 0.059906 -23.0344 0.0140028 0.998979 0.0429572 -4.92454 -0.0593544 0.0437161 -0.997279 270.842
