1 0 0 0 0 1 0 0 0 0 1 0
0.999974 0.00046441 -0.00716138 -0.000165509 -0.000466453 1 -0.000283659 0.00611255 0.00716125 0.000286992 0.999974 0.0958088
0.999897 0.000872494 -0.014297 -0.00478165 -0.000878556 1 -0.00041777 0.00753994 0.0142967 0.000430288 0.999898 0.179024
0.999772 0.00137587 -0.0213037 -0.0221228 -0.00142206 0.999997 -0.00215319 0.0146012 0.0213007 0.002183 0.999771 0.278679
0.999509 0.00170116 -0.0312835 -0.026792 -0.00181617 0.999992 -0.00364851 0.0158733 0.031277 0.00370354 0.999504 0.388483
0.999095 0.00192278 -0.042499 -0.0456079 -0.00213924 0.999985 -0.00504821 0.0140555 0.0424886 0.00513455 0.999084 0.503492
0.998402 0.00209841 -0.0564649 -0.0620253 -0.00247715 0.999975 -0.00663845 0.0195968 0.0564496 0.00676772 0.998383 0.626621
0.99733 0.00214493 -0.0729959 -0.0851474 -0.00263489 0.999975 -0.00661654 0.0199221 0.0729798 0.00679121 0.99731 0.756904
0.995869 0.00064071 -0.0907955 -0.123969 -0.00120679 0.99998 -0.00617995 0.0128442 0.0907897 0.006264 0.99585 0.892712
0.993923 -0.000462074 -0.110073 -0.168 -0.000180345 0.999983 -0.00582628 0.00520266 0.110074 0.00581073 0.993906 1.04918
0.991287 -0.000415095 -0.131719 -0.221303 -0.000313256 0.999985 -0.00550883 -0.00571957 0.131719 0.0055021 0.991272 1.20648
0.987799 0.00355059 -0.155691 -0.279456 -0.00464211 0.999967 -0.00664775 -0.0123448 0.155662 0.00728938 0.987783 1.37961
0.983475 0.00822763 -0.180856 -0.348937 -0.00982409 0.99992 -0.00793324 -0.021903 0.180776 0.0095789 0.983478 1.54491
0.978207 0.0115299 -0.20731 -0.425871 -0.013604 0.999871 -0.0085822 -0.0310914 0.207184 0.0112154 0.978238 1.71975
0.971495 0.0128273 -0.236713 -0.502474 -0.0151665 0.999852 -0.00806347 -0.0430954 0.236575 0.0114237 0.971546 1.91121
0.963603 0.0144226 -0.266948 -0.585957 -0.0171707 0.999821 -0.00796307 -0.0409983 0.266785 0.0122569 0.963678 2.08476
0.95448 0.0171355 -0.297782 -0.693944 -0.0200402 0.999777 -0.00670397 -0.0463122 0.297601 0.0123664 0.95461 2.26778
0.94337 0.0203788 -0.331116 -0.801254 -0.0232876 0.999717 -0.00481924 -0.0578535 0.330924 0.0122572 0.943578 2.46308
0.930974 0.022174 -0.364412 -0.911158 -0.0256067 0.999662 -0.00459021 -0.0569551 0.364187 0.0136047 0.931227 2.64731
0.917167 0.0236628 -0.3978 -1.03084 -0.0277059 0.999606 -0.00441776 -0.0488778 0.397539 0.0150732 0.917461 2.84287
0.901334 0.0246763 -0.432422 -1.16136 -0.029216 0.999566 -0.00385689 -0.0472117 0.432139 0.01611 0.901663 3.02761
0.882818 0.0197167 -0.469301 -1.2884 -0.0249171 0.999678 -0.00487287 -0.0422411 0.469054 0.0159955 0.883025 3.21902
0.861388 0.0138845 -0.507758 -1.41261 -0.0196364 0.999789 -0.00597321 -0.0372346 0.507568 0.0151158 0.861479 3.39133
0.836416 0.0144686 -0.547904 -1.57615 -0.0196509 0.9998 -0.00359666 -0.0325825 0.547743 0.0137751 0.836533 3.57534
0.807343 0.0200292 -0.589743 -1.75866 -0.0244822 0.9997 0.000436924 -0.039538 0.589575 0.0140855 0.807591 3.75046
0.774455 0.0228305 -0.632217 -1.95683 -0.0272561 0.999625 0.00270996 -0.0443325 0.632042 0.0151331 0.774786 3.9328
0.737886 0.0221505 -0.674562 -2.16142 -0.0271469 0.999627 0.00312935 -0.0415012 0.67438 0.0160032 0.738211 4.10444
0.69829 0.0181028 -0.715586 -2.383 -0.0216999 0.999756 0.00411636 -0.0407089 0.715486 0.0126537 0.698512 4.26608
0.655656 0.0153061 -0.754904 -2.62317 -0.016819 0.999843 0.00566456 -0.0492775 0.754872 0.0089827 0.655811 4.4195
0.610682 0.0155059 -0.791724 -2.8886 -0.0139347 0.999864 0.00883405 -0.0562754 0.791753 0.00563764 0.610815 4.57708
0.563321 0.0159087 -0.826085 -3.17334 -0.0109584 0.999871 0.0117828 -0.0532079 0.826166 0.00241512 0.563422 4.71585
0.512015 0.0160792 -0.858826 -3.46643 -0.00955055 0.99987 0.013026 -0.0430986 0.858924 0.00153277 0.512102 4.84467
0.458787 0.0171383 -0.888381 -3.77834 -0.00862946 0.999853 0.0148323 -0.0328179 0.888504 0.000861403 0.458868 4.95987
0.404133 0.0194686 -0.914493 -4.10665 -0.0070267 0.99981 0.0181797 -0.0306471 0.914673 -0.000921145 0.404193 5.05916
0.348419 0.0213341 -0.937096 -4.45744 -0.00613465 0.999771 0.0204801 -0.0266562 0.937319 -0.00138689 0.34847 5.14341
0.293866 0.0240479 -0.955544 -4.81561 -0.0042609 0.999706 0.0238489 -0.0218704 0.955837 -0.00293689 0.293882 5.19983
0.240415 0.0252349 -0.970342 -5.18833 -0.00139061 0.99967 0.025653 -0.0127698 0.970669 -0.004818 0.240371 5.24715
0.189631 0.0255059 -0.981524 -5.58296 0.000960253 0.999657 0.0261626 -0.00792969 0.981855 -0.00590377 0.189542 5.28284
0.142012 0.026561 -0.989508 -6.00254 -0.00107528 0.999643 0.0266787 -0.00032509 0.989864 -0.0027247 0.14199 5.30253
0.0994171 0.026317 -0.994698 -6.43714 -0.0027734 0.999654 0.0261709 0.0134175 0.995042 0.000156859 0.0994556 5.30795
0.0614295 0.0248419 -0.997802 -6.88598 -0.00415485 0.999688 0.0246331 0.0239395 0.998103 0.00263252 0.0615135 5.30537
0.0273922 0.0219523 -0.999384 -7.35752 -0.00368891 0.999754 0.0218594 0.0347024 0.999618 0.00308786 0.0274665 5.28743
-0.00456787 0.0193397 -0.999803 -7.83912 -0.00312842 0.999808 0.0193541 0.0397387 0.999985 0.00321621 -0.00450649 5.26661
-0.0310692 0.0169368 -0.999374 -8.32892 -0.00328672 0.999849 0.017047 0.0490754 0.999512 0.0038143 -0.0310088 5.23062
-0.0523549 0.015603 -0.998507 -8.85164 -0.00342165 0.999869 0.0158037 0.051813 0.998623 0.00424394 -0.0522947 5.18908
-0.0688099 0.0144213 -0.997526 -9.37231 -0.002774 0.999889 0.0146468 0.0654508 0.997626 0.00377498 -0.0687623 5.14183
-0.0820524 0.0149767 -0.996515 -9.91546 -0.00169003 0.999884 0.0151665 0.0710282 0.996627 0.00292859 -0.0820175 5.08955
-0.0914697 0.0160963 -0.995678 -10.4757 -0.00320949 0.999859 0.0164587 0.0719813 0.995803 0.0047011 -0.0914052 5.02396
-0.0980822 0.0172483 -0.995029 -11.0548 -0.00502348 0.999828 0.0178267 0.0739258 0.995166 0.00674699 -0.0979787 4.95283
-0.102855 0.0176834 -0.994539 -11.6514 -0.0045762 0.999823 0.0182506 0.0851024 0.994686 0.00642837 -0.102755 4.88722
-0.104033 0.0184273 -0.994403 -12.2444 -0.00213546 0.999822 0.0187511 0.0938566 0.994572 0.00407425 -0.103975 4.82612
-0.102523 0.0206751 -0.994516 -12.8751 -5.1034e-05 0.999784 0.0207899 0.100947 0.994731 0.0021822 -0.1025 4.75576
-0.101339 0.0235036 -0.994574 -13.5233 7.28717e-05 0.999721 0.0236178 0.104665 0.994852 0.00232094 -0.101313 4.69295
-0.0996061 0.022822 -0.994765 -14.1786 -0.00280728 0.999727 0.023217 0.114157 0.995023 0.00510514 -0.0995148 4.62091
-0.0982567 0.0199372 -0.994961 -14.855 -0.00497219 0.999777 0.0205247 0.125838 0.995149 0.00696383 -0.0981357 4.5514
-0.096694 0.0196278 -0.995121 -15.5366 -0.00468115 0.999786 0.0201747 0.13959 0.995303 0.00660908 -0.0965813 4.48558
-0.0952062 0.0224137 -0.995205 -16.2425 -0.0043745 0.999727 0.0229341 0.15087 0.995448 0.00653699 -0.0950822 4.41992
-0.0939936 0.025982 -0.995234 -16.976 -0.00569476 0.999629 0.0266346 0.159996 0.995557 0.00817111 -0.0938108 4.35137
-0.0921776 0.0277338 -0.995356 -17.699 -0.00594245 0.999579 0.0284018 0.168702 0.995725 0.00853286 -0.091974 4.28398
-0.089988 0.0265481 -0.995589 -18.4587 -0.00796748 0.999593 0.027375 0.186866 0.995911 0.0103958 -0.0897399 4.20009
-0.0884847 0.0237678 -0.995794 -19.2139 -0.0103109 0.99964 0.0247759 0.197145 0.996024 0.0124598 -0.0882077 4.12963
-0.0866999 0.0233706 -0.99596 -19.9842 -0.0110586 0.999641 0.0244196 0.208253 0.996173 0.0131311 -0.0864103 4.0546
-0.0845112 0.0254187 -0.996098 -20.7591 -0.00865958 0.999618 0.0262432 0.223484 0.996385 0.0108436 -0.0842588 3.98186
-0.0844527 0.0273373 -0.996052 -21.5502 -0.00645042 0.999588 0.0279813 0.233846 0.996407 0.00878805 -0.0842416 3.92596
-0.0835158 0.0296931 -0.996064 -22.3688 -0.00561044 0.999526 0.0302667 0.24101 0.996491 0.0081161 -0.0833096 3.85797
-0.0830923 0.0249023 -0.996231 -23.1782 -0.00505762 0.999664 0.02541 0.252249 0.996529 0.00714993 -0.0829385 3.78734
-0.0827173 0.0174593 -0.99642 -23.9846 -0.00362215 0.999835 0.0178198 0.263083 0.996566 0.00508319 -0.0826404 3.71568
-0.0820796 0.0122055 -0.996551 -24.8029 -0.00116559 0.999923 0.0123428 0.279012 0.996625 0.00217466 -0.0820591 3.63935
-0.0825161 0.0127929 -0.996508 -25.6369 0.000219885 0.999918 0.0128185 0.287936 0.99659 0.000838617 -0.0825122 3.56533
-0.0832048 0.0197982 -0.996336 -26.4851 -2.90742e-05 0.999803 0.0198696 0.292383 0.996532 0.00168221 -0.0831878 3.49633
-0.0834969 0.0266461 -0.996152 -27.3462 -0.00111809 0.999639 0.0268331 0.30367 0.996507 0.00335427 -0.083437 3.41907
-0.0842048 0.0320754 -0.995932 -28.1792 -0.00238662 0.999472 0.0323912 0.308991 0.996446 0.0051044 -0.0840838 3.3528
-0.0857307 0.0316882 -0.995814 -29.0335 -0.00433278 0.999473 0.0321776 0.323605 0.996309 0.00707325 -0.0855482 3.28184
-0.0861484 0.0279372 -0.995891 -29.8767 -0.00466698 0.999584 0.0284446 0.335689 0.996271 0.00709825 -0.0859822 3.20456
-0.0876834 0.0244744 -0.995848 -30.7245 -0.00456848 0.999678 0.0249708 0.352249 0.996138 0.00673903 -0.0875434 3.13952
-0.0876834 0.0244744 -0.995848 -31.5628 -0.00456848 0.999678 0.0249708 0.377974 0.996138 0.00673903 -0.0875434 3.06264
-0.0876834 0.0244744 -0.995848 -32.4075 -0.00456848 0.999678 0.0249708 0.417741 0.996138 0.00673903 -0.0875434 2.98976
-0.0876834 0.0244744 -0.995848 -33.253 -0.00456848 0.999678 0.0249708 0.397256 0.996138 0.00673903 -0.0875434 2.91122
-0.0883863 0.0189009 -0.995907 -34.0895 -0.00496831 0.999799 0.0194158 0.407921 0.996074 0.00666407 -0.0882747 2.84176
-0.0884167 0.014492 -0.995978 -34.9313 -0.00594174 0.999869 0.015076 0.414682 0.996066 0.00725081 -0.088319 2.76327
-0.0884167 0.014492 -0.995978 -35.7795 -0.00594174 0.999869 0.015076 0.433625 0.996066 0.00725081 -0.088319 2.69129
-0.088433 0.0169943 -0.995937 -36.6243 -0.00477019 0.999836 0.0174844 0.429512 0.996071 0.00629701 -0.0883374 2.62479
-0.0897768 0.0218795 -0.995722 -37.4501 -0.00489817 0.999737 0.0224094 0.429214 0.99595 0.00688905 -0.089646 2.58208
-0.0892586 0.02782 -0.99562 -38.2977 -0.0043441 0.999589 0.0283203 0.429802 0.995999 0.0068529 -0.0891011 2.50546
-0.0901207 0.0308644 -0.995452 -39.1428 -0.0041766 0.999499 0.031368 0.438256 0.995922 0.00698451 -0.0899467 2.43442
-0.0901207 0.0308644 -0.995452 -39.9999 -0.0041766 0.999499 0.031368 0.450553 0.995922 0.00698451 -0.0899467 2.35271
-0.0919512 0.0271649 -0.995393 -40.7949 -0.004161 0.999609 0.0276643 0.449467 0.995755 0.0066856 -0.0918022 2.32433
-0.0915347 0.0239825 -0.995513 -41.6456 -0.00602364 0.999678 0.0246367 0.441665 0.995784 0.00825173 -0.0913608 2.23059
-0.0932865 0.0215049 -0.995407 -42.4695 -0.00956329 0.999701 0.022494 0.442477 0.995593 0.0116177 -0.093053 2.18405
-0.0948884 0.0199924 -0.995287 -43.3133 -0.0131132 0.999686 0.021331 0.442838 0.995402 0.0150755 -0.0945965 2.10838
-0.0972812 0.0176865 -0.9951 -44.131 -0.0109358 0.999763 0.0188385 0.448095 0.995197 0.0127149 -0.0970647 2.05774
-0.0994752 0.0142146 -0.994939 -44.9653 -0.00729072 0.999861 0.0150138 0.448557 0.995013 0.00874732 -0.0993577 1.99339
-0.100271 0.0123523 -0.994883 -45.7882 -0.00297459 0.999915 0.0127145 0.457311 0.994956 0.00423427 -0.100226 1.91277
-0.103145 0.0152413 -0.99455 -46.6108 -0.00256565 0.999875 0.0155889 0.4625 0.994663 0.00415958 -0.103093 1.83738
-0.104128 0.021017 -0.994342 -47.4349 0.00035193 0.999777 0.021095 0.46602 0.994564 0.00184664 -0.104112 1.74034
-0.106723 0.0246233 -0.993984 -48.2592 0.00146581 0.999696 0.0246074 0.465464 0.994288 0.0011692 -0.106727 1.66204
-0.108512 0.0243703 -0.993796 -49.08 0.0018661 0.999703 0.0243113 0.461398 0.994093 0.000783548 -0.108525 1.57146
-0.109101 0.0199389 -0.993831 -49.8787 -0.00166734 0.999794 0.0202415 0.46609 0.994029 0.00386542 -0.109045 1.46984
-0.112948 0.0167766 -0.993459 -50.6961 -0.00632379 0.999825 0.017603 0.46388 0.993581 0.00827067 -0.112823 1.39026
-0.116043 0.0134833 -0.993153 -51.5059 -0.0106398 0.999834 0.0148172 0.475981 0.993187 0.0122863 -0.115881 1.30125
-0.11843 0.0145117 -0.992856 -52.3105 -0.0122485 0.999796 0.0160741 0.473405 0.992887 0.0140647 -0.118228 1.20734
-0.118509 0.0163424 -0.992819 -53.0972 -0.0121089 0.999766 0.0179021 0.46975 0.992879 0.0141435 -0.118283 1.10174
-0.119678 0.0155961 -0.99269 -53.8829 -0.0133564 0.999761 0.0173175 0.469246 0.992723 0.0153313 -0.119441 1.00137
-0.119678 0.0155961 -0.99269 -54.6597 -0.0133564 0.999761 0.0173175 0.461869 0.992723 0.0153313 -0.119441 0.892289
-0.119678 0.0155961 -0.99269 -55.4356 -0.0133564 0.999761 0.0173175 0.478566 0.992723 0.0153313 -0.119441 0.785408
-0.120033 0.018839 -0.992591 -56.2099 -0.0121528 0.999717 0.0204439 0.47422 0.992696 0.0145167 -0.11977 0.687785
-0.121582 0.0231117 -0.992312 -56.9933 -0.011221 0.999633 0.0246571 0.475586 0.992518 0.0141326 -0.121278 0.597562
-0.121961 0.0250745 -0.992218 -57.7625 -0.0119473 0.999571 0.0267289 0.480506 0.992463 0.0151142 -0.121609 0.495141
-0.121961 0.0250745 -0.992218 -58.5106 -0.0119473 0.999571 0.0267289 0.484035 0.992463 0.0151142 -0.121609 0.39633
-0.121749 0.0228049 -0.992299 -59.2638 -0.0110387 0.999643 0.024328 0.490336 0.9925 0.0139156 -0.121454 0.292397
-0.121748 0.0192731 -0.992374 -59.9942 -0.0106074 0.999729 0.0207173 0.490817 0.992504 0.0130488 -0.12151 0.196145
-0.121487 0.0153752 -0.992474 -60.7097 -0.0108484 0.9998 0.0168166 0.5013 0.992534 0.0128098 -0.121296 0.106362
-0.120461 0.0127785 -0.992636 -61.4285 -0.0101019 0.99985 0.0140973 0.507462 0.992667 0.0117257 -0.120314 0.0107252
-0.118391 0.0115981 -0.992899 -62.1321 -0.0124112 0.999836 0.013159 0.506813 0.992889 0.013881 -0.118228 -0.0757082
-0.114818 0.0130323 -0.993301 -62.8183 -0.0133332 0.999804 0.0146588 0.497806 0.993297 0.014927 -0.114622 -0.154975
-0.109465 0.0141552 -0.99389 -63.4913 -0.0121442 0.999805 0.015577 0.496884 0.993916 0.0137751 -0.109272 -0.227334
-0.102907 0.0157885 -0.994566 -64.1464 -0.010748 0.999798 0.0169836 0.492341 0.994633 0.0124374 -0.102717 -0.289685
-0.0942102 0.0169487 -0.995408 -64.7804 -0.0110283 0.999776 0.0180668 0.488363 0.995491 0.0126798 -0.0940022 -0.348512
-0.0824017 0.0180764 -0.996435 -65.4115 -0.0130028 0.999731 0.0192115 0.492605 0.996514 0.0145395 -0.0821445 -0.407025
-0.0680409 0.0194752 -0.997492 -66.0208 -0.0161928 0.999656 0.020622 0.493778 0.997551 0.0175553 -0.0677021 -0.446586
-0.0499078 0.0206848 -0.99854 -66.6161 -0.0174047 0.999616 0.021577 0.492158 0.998602 0.0184561 -0.0495286 -0.470088
-0.0275604 0.0216857 -0.999385 -67.19 -0.0182654 0.999587 0.0221938 0.491147 0.999453 0.0188659 -0.0271529 -0.48032
-0.00206724 0.0221017 -0.999754 -67.7367 -0.0176318 0.9996 0.0221348 0.488331 0.999842 0.0176732 -0.00167672 -0.462919
0.0266617 0.0217542 -0.999408 -68.2706 -0.0155955 0.999651 0.0213435 0.490033 0.999523 0.0150172 0.0269917 -0.420965
0.0593464 0.0227448 -0.997978 -68.7936 -0.0136845 0.999665 0.0219695 0.479666 0.998144 0.012353 0.0596378 -0.33823
0.0974643 0.0232536 -0.994967 -69.2914 -0.0122887 0.999679 0.02216 0.476531 0.995163 0.0100671 0.0977188 -0.260405
0.137794 0.024006 -0.99017 -69.7808 -0.010806 0.999683 0.0227329 0.462234 0.990402 0.00756729 0.13801 -0.153092
0.184025 0.0236121 -0.982638 -70.2615 -0.00947792 0.999708 0.0222473 0.479634 0.982876 0.00521932 0.184195 -0.0429992
0.232269 0.0228206 -0.972384 -70.704 -0.00538458 0.99974 0.0221764 0.471062 0.972637 8.49711e-05 0.232332 0.0989842
0.282644 0.0181843 -0.959053 -71.1254 0.00313662 0.999797 0.0198813 0.464845 0.95922 -0.00862751 0.282529 0.26494
0.334257 0.0129256 -0.942393 -71.5468 0.00882987 0.999819 0.016845 0.463058 0.942441 -0.0139518 0.334082 0.461171
0.385726 0.00767827 -0.922581 -71.9384 0.0147426 0.999786 0.0144846 0.470964 0.922496 -0.0191884 0.38553 0.687613
0.437092 0.00680437 -0.899391 -72.3355 0.0156128 0.999763 0.0151513 0.478588 0.899281 -0.0206645 0.436882 0.925394
0.485758 0.00539765 -0.874077 -72.7176 0.0181252 0.999704 0.0162463 0.481754 0.873905 -0.0237346 0.485516 1.18092
0.531763 0.00124787 -0.846892 -73.0728 0.0262254 0.999495 0.0179396 0.481363 0.846487 -0.0317497 0.531462 1.45275
0.57522 -0.00580663 -0.817978 -73.3749 0.0374511 0.999113 0.019244 0.483687 0.817141 -0.0417037 0.574928 1.74818
0.618847 -0.0108666 -0.785436 -73.7009 0.0401387 0.999035 0.0178036 0.479225 0.784485 -0.042544 0.618687 2.05119
0.661653 -0.0159137 -0.749641 -74.0174 0.0379275 0.999205 0.0122643 0.480224 0.74885 -0.0365467 0.661731 2.36156
0.702462 -0.0239451 -0.711318 -74.3005 0.0360206 0.999349 0.00193107 0.486769 0.710809 -0.0269786 0.702867 2.70523
0.743187 -0.026514 -0.668558 -74.5939 0.0312031 0.999501 -0.00495251 0.488078 0.668356 -0.0171805 0.743643 3.0687
0.781326 -0.0273462 -0.623523 -74.8662 0.0297012 0.999537 -0.00661913 0.486748 0.623415 -0.0133477 0.781777 3.46597
0.816292 -0.0297387 -0.576874 -75.1127 0.0307282 0.999495 -0.00804436 0.4912 0.576822 -0.0111597 0.816794 3.88835
0.848486 -0.0282211 -0.528464 -75.3741 0.0282802 0.999568 -0.00797325 0.481717 0.528461 -0.00817988 0.848918 4.34693
0.875043 -0.0263279 -0.483329 -75.5648 0.0274867 0.999611 -0.00468772 0.464559 0.483265 -0.00918316 0.875426 4.82011
0.897553 -0.0213437 -0.44039 -75.7788 0.0222277 0.999748 -0.00315116 0.463914 0.440346 -0.00696054 0.897801 5.3217
0.916399 -0.0173176 -0.399891 -75.984 0.0173089 0.999844 -0.00363369 0.46165 0.399892 -0.00359175 0.916555 5.84061
0.93136 -0.0126785 -0.363879 -76.182 0.0129902 0.999914 -0.0015906 0.4576 0.363868 -0.00324546 0.931445 6.37268
0.942506 -0.0124024 -0.33396 -76.3676 0.013579 0.999907 0.00118874 0.449976 0.333914 -0.00565523 0.942587 6.93093
0.950831 -0.0124766 -0.30946 -76.5492 0.014032 0.999898 0.00280085 0.446859 0.309393 -0.00700547 0.950908 7.50901
0.95627 -0.0128899 -0.292203 -76.6697 0.0151218 0.999871 0.00538099 0.44195 0.292096 -0.00956431 0.956341 8.10587
0.960736 -0.0107725 -0.277253 -76.8019 0.013492 0.999878 0.00790308 0.444125 0.277134 -0.0113335 0.960764 8.72395
0.96483 -0.0108608 -0.262651 -76.97 0.0139526 0.999854 0.00990933 0.466035 0.262505 -0.0132255 0.96484 9.36035
0.968201 -0.0062008 -0.250098 -77.1332 0.00951734 0.999882 0.0120538 0.456717 0.249993 -0.0140508 0.968146 10.0096
0.971023 -0.00818154 -0.238846 -77.26 0.0113152 0.999867 0.0117517 0.459217 0.238718 -0.0141138 0.970986 10.6638
0.973623 -0.00860857 -0.227998 -77.3743 0.0115393 0.999867 0.0115242 0.46034 0.227869 -0.0138512 0.973593 11.3386
0.976685 -0.00939615 -0.214472 -77.5123 0.0123006 0.99985 0.0122117 0.470974 0.214325 -0.0145651 0.976654 12.0343
0.979424 -0.00802639 -0.201654 -77.6274 0.0109675 0.999849 0.0134719 0.467174 0.201516 -0.0154064 0.979364 12.7281
0.981587 -0.00823829 -0.190838 -77.7408 0.0105902 0.99988 0.0113073 0.461519 0.190722 -0.0131201 0.981556 13.451
0.983513 -0.00826139 -0.180649 -77.8771 0.00947819 0.999938 0.0058735 0.467046 0.180589 -0.00748889 0.98353 14.206
0.984878 -0.010833 -0.172908 -77.9699 0.0110288 0.999939 0.000171991 0.462606 0.172895 -0.00207636 0.984938 14.9403
0.985962 -0.0111747 -0.166596 -78.0667 0.0115307 0.999933 0.00117005 0.452692 0.166572 -0.00307461 0.986024 15.6931
0.987045 -0.00900418 -0.160192 -78.1916 0.0103361 0.999919 0.00748338 0.448387 0.160112 -0.0090422 0.987057 16.4641
0.987743 -0.00387521 -0.15604 -78.3037 0.0063509 0.999862 0.0153704 0.444776 0.155958 -0.016173 0.987631 17.23
0.988329 -0.00290315 -0.152308 -78.4241 0.0059117 0.999796 0.0193039 0.440783 0.152221 -0.019979 0.988145 18.0068
0.988635 -0.00467508 -0.150265 -78.5144 0.00757569 0.999796 0.0187366 0.436821 0.150147 -0.019662 0.988468 18.7639
0.989043 -0.00508204 -0.147541 -78.629 0.00782712 0.999807 0.0180309 0.436511 0.147421 -0.0189882 0.988892 19.5371
0.989282 -0.00626714 -0.145886 -78.7277 0.0093555 0.999746 0.0204932 0.436155 0.145721 -0.0216384 0.989089 20.3117
0.989247 -0.00745457 -0.146062 -78.8083 0.01113 0.999641 0.0243626 0.42381 0.145828 -0.0257263 0.988975 21.0894
0.989648 -0.00939764 -0.143205 -78.9167 0.0133197 0.999561 0.0264535 0.421791 0.142893 -0.0280871 0.98934 21.8599
0.989916 -0.0102924 -0.141285 -79.0146 0.0137723 0.999625 0.0236746 0.416553 0.140988 -0.0253817 0.989686 22.621
0.990201 -0.00775286 -0.139436 -79.1348 0.0101524 0.999812 0.0165061 0.418802 0.139282 -0.0177599 0.990094 23.3899
0.990476 -0.00822543 -0.137442 -79.246 0.00965785 0.999906 0.00975838 0.414656 0.137349 -0.0109928 0.990462 24.1418
0.990739 -0.00734055 -0.135584 -79.359 0.00812187 0.999953 0.00521032 0.415254 0.13554 -0.00626326 0.990752 24.8996
0.990808 -0.00637505 -0.135129 -79.4502 0.00734089 0.999951 0.00665053 0.409684 0.13508 -0.00758137 0.990806 25.6589
0.991165 -0.00343288 -0.132587 -79.5607 0.00485154 0.999934 0.0103782 0.406151 0.132543 -0.0109298 0.991117 26.418
0.991415 0.000114474 -0.13075 -79.6686 0.00187925 0.999884 0.0151249 0.402012 0.130736 -0.0152407 0.9913 27.1837
0.991705 -0.00311746 -0.128497 -79.7676 0.00520385 0.99986 0.0159043 0.407677 0.12843 -0.0164411 0.991582 27.9394
0.991646 -0.00658898 -0.128824 -79.8523 0.00873083 0.999833 0.0160686 0.39862 0.128696 -0.0170591 0.991537 28.6921
0.991758 -0.00831389 -0.127858 -79.9506 0.0105037 0.999809 0.016462 0.391439 0.127696 -0.0176693 0.991656 29.4455
0.991758 -0.00831389 -0.127858 -80.041 0.0105037 0.999809 0.016462 0.373129 0.127696 -0.0176693 0.991656 30.2067
0.991758 -0.00831389 -0.127858 -80.134 0.0105037 0.999809 0.016462 0.369936 0.127696 -0.0176693 0.991656 30.9661
0.991758 -0.00831389 -0.127858 -80.2261 0.0105037 0.999809 0.016462 0.376065 0.127696 -0.0176693 0.991656 31.7282
0.991758 -0.00831389 -0.127858 -80.3279 0.0105037 0.999809 0.016462 0.388301 0.127696 -0.0176693 0.991656 32.4989
0.991758 -0.00831389 -0.127858 -80.4348 0.0105037 0.999809 0.016462 0.383368 0.127696 -0.0176693 0.991656 33.2729
0.991758 -0.00831389 -0.127858 -80.5658 0.0105037 0.999809 0.016462 0.378949 0.127696 -0.0176693 0.991656 34.0254
0.991472 -0.0100169 -0.129931 -80.6709 0.0122629 0.999789 0.0164975 0.383144 0.129738 -0.0179501 0.991386 34.809
0.991027 -0.00856326 -0.13339 -80.7871 0.010856 0.999805 0.0164706 0.388098 0.133223 -0.0177709 0.990927 35.6012
0.990703 -0.0031766 -0.136004 -80.9035 0.00537674 0.999861 0.0158128 0.381239 0.135934 -0.016397 0.990582 36.3778
0.990383 -0.00317176 -0.138318 -81.0245 0.00468937 0.999932 0.0106474 0.383554 0.138275 -0.0111936 0.990331 37.1668
0.989928 -0.00204076 -0.141559 -81.1377 0.00303196 0.999972 0.00678671 0.384197 0.141541 -0.00714755 0.989907 37.9862
0.98955 -0.00351791 -0.144146 -81.2431 0.00419209 0.999982 0.00437366 0.392632 0.144128 -0.00493223 0.989547 38.7966
0.989242 -0.00295155 -0.14626 -81.3778 0.0039792 0.999969 0.00673407 0.376617 0.146236 -0.00724362 0.989223 39.6331
0.988507 -0.00471348 -0.151099 -81.4758 0.00592208 0.999954 0.00754976 0.370484 0.151056 -0.00835781 0.98849 40.4814
0.988435 -0.00520687 -0.151555 -81.6282 0.00666982 0.999936 0.00914619 0.370533 0.151498 -0.0100513 0.988407 41.3215
0.988243 -0.00523584 -0.152803 -81.7671 0.00733223 0.999887 0.0131593 0.366152 0.152717 -0.0141249 0.988169 42.1742
0.988076 -0.00523633 -0.153875 -81.8994 0.00811659 0.999803 0.0180959 0.361803 0.15375 -0.0191291 0.987925 43.0212
0.988071 -0.00565963 -0.153898 -82.0261 0.00881619 0.999764 0.019836 0.365763 0.153749 -0.0209562 0.987888 43.8706
0.988216 -0.00227776 -0.153047 -82.1592 0.00534973 0.999792 0.0196632 0.373945 0.15297 -0.0202503 0.988023 44.7474
0.988216 -0.00227776 -0.153047 -82.2718 0.00534973 0.999792 0.0196632 0.3609 0.15297 -0.0202503 0.988023 45.6148
0.988469 -0.00475522 -0.151349 -82.4091 0.00740257 0.999829 0.0169331 0.368235 0.151243 -0.0178582 0.988335 46.4865
0.988809 -0.00877747 -0.148928 -82.5428 0.0113204 0.999804 0.016236 0.362694 0.148756 -0.0177402 0.988715 47.353
0.989061 -0.0100826 -0.147165 -82.6733 0.0125589 0.999795 0.0159072 0.366279 0.146974 -0.0175814 0.988984 48.228
0.989207 -0.0117389 -0.146051 -82.8043 0.0146375 0.999716 0.0187876 0.365537 0.145789 -0.0207226 0.989099 49.0998
0.989207 -0.0117389 -0.146051 -82.9183 0.0146375 0.999716 0.0187876 0.39438 0.145789 -0.0207226 0.989099 49.975
0.989207 -0.0117389 -0.146051 -83.0344 0.0146375 0.999716 0.0187876 0.395827 0.145789 -0.0207226 0.989099 50.8504
0.989357 -0.0107479 -0.145108 -83.1679 0.0131102 0.999796 0.0153326 0.39642 0.144914 -0.0170718 0.989297 51.7223
0.989567 -0.0088729 -0.143801 -83.3103 0.0103585 0.9999 0.0095853 0.391717 0.143702 -0.0109749 0.98956 52.5837
0.989746 -0.00780159 -0.142624 -83.4364 0.00844473 0.999957 0.00390454 0.386261 0.142588 -0.00506893 0.989769 53.4342
0.98976 -0.0035517 -0.142698 -83.5672 0.00325966 0.999992 -0.00228025 0.379691 0.142705 0.00179175 0.989764 54.3171
0.98976 -0.0035517 -0.142698 -83.6795 0.00325966 0.999992 -0.00228025 0.353839 0.142705 0.00179175 0.989764 55.1715
0.989666 -0.00632075 -0.143253 -83.7997 0.00684933 0.999971 0.00319694 0.349116 0.143229 -0.00414509 0.989681 56.0427
0.989395 -0.00652811 -0.145103 -83.9232 0.008415 0.999888 0.0123938 0.338371 0.145006 -0.0134834 0.989339 56.9204
0.989388 -0.00725673 -0.145113 -84.0509 0.0103475 0.999735 0.0205559 0.322395 0.144926 -0.0218393 0.989201 57.7399
0.988852 -0.00982212 -0.148577 -84.1624 0.0126717 0.999753 0.0182447 0.322721 0.148361 -0.0199241 0.988733 58.5744
0.988304 -0.0148164 -0.151777 -84.2663 0.0172303 0.999745 0.0146017 0.318715 0.151522 -0.017046 0.988307 59.4033
0.98762 -0.0161962 -0.156029 -84.3759 0.0184576 0.999744 0.0130553 0.313775 0.155778 -0.0157736 0.987666 60.2359
0.987235 -0.0146607 -0.158591 -84.5185 0.016559 0.999806 0.0106547 0.30719 0.158404 -0.0131448 0.987287 61.0667
0.986686 -0.0136389 -0.162064 -84.6626 0.0150124 0.999861 0.00725382 0.299237 0.161943 -0.00959023 0.986754 61.892
0.986003 -0.0133007 -0.166194 -84.7997 0.0140368 0.999896 0.00325518 0.29182 0.166133 -0.00554245 0.986088 62.6993
0.985408 -0.0118908 -0.169791 -84.9432 0.0120345 0.999928 -0.000182943 0.274266 0.169781 -0.00186308 0.98548 63.5138
0.984858 -0.00716611 -0.173217 -85.0923 0.00731453 0.999973 0.000218536 0.255551 0.17321 -0.00148222 0.984884 64.3137
0.984067 -0.00397056 -0.177754 -85.2389 0.00432195 0.999989 0.00158969 0.248248 0.177746 -0.0023326 0.984074 65.119
0.983157 -0.000640896 -0.18276 -85.3909 0.00205017 0.99997 0.0075222 0.235787 0.18275 -0.0077702 0.983129 65.9274
0.982416 0.000697508 -0.186704 -85.5488 0.00177016 0.999913 0.0130499 0.224477 0.186697 -0.013151 0.982329 66.7128
0.98113 0.000120574 -0.193351 -85.6975 0.00304597 0.999866 0.0160798 0.223595 0.193327 -0.0163653 0.980998 67.5218
0.979749 -0.000541739 -0.200227 -85.8583 0.00399422 0.99985 0.0168392 0.22097 0.200188 -0.017298 0.979605 68.303
0.978422 -0.00242225 -0.206605 -86.0199 0.00681134 0.999766 0.0205352 0.218053 0.206507 -0.0214994 0.978209 69.0813
0.976709 -0.00247215 -0.214555 -86.1825 0.00692808 0.999776 0.0200188 0.217108 0.214457 -0.021039 0.976507 69.8697
0.975439 0.00180881 -0.220261 -86.3674 0.00249538 0.999811 0.0192615 0.212606 0.220254 -0.0193381 0.975251 70.6306
0.974154 0.00306299 -0.225864 -86.5578 0.000477143 0.999878 0.0156175 0.209976 0.225884 -0.0153216 0.974034 71.3904
0.972502 0.00110028 -0.232891 -86.7262 0.00181967 0.999922 0.0123227 0.211237 0.232886 -0.0124076 0.972425 72.1458
0.970953 0.00215829 -0.239261 -86.912 0.000391512 0.999944 0.010609 0.209646 0.23927 -0.0103945 0.970897 72.9123
0.969824 0.00448978 -0.243766 -87.1162 -0.000793124 0.999883 0.0152608 0.211327 0.243806 -0.0146069 0.969714 73.6762
0.968353 0.00554461 -0.249523 -87.3211 -0.000861815 0.999822 0.0188723 0.212368 0.249583 -0.01806 0.968185 74.4279
0.966633 0.0050411 -0.256117 -87.5195 0.000185325 0.999792 0.0203782 0.208528 0.256167 -0.0197457 0.966431 75.1704
0.964535 0.00233201 -0.263943 -87.7213 0.00213311 0.999859 0.0166291 0.203045 0.263945 -0.0166024 0.964395 75.9192
0.962333 -0.000554702 -0.271873 -87.938 0.00301509 0.999958 0.00863211 0.209592 0.271857 -0.00912669 0.962294 76.6527
0.959832 -0.00395043 -0.280547 -88.1598 0.00574525 0.999968 0.00557544 0.212353 0.280516 -0.0069633 0.959824 77.381
0.956637 -0.00428253 -0.29125 -88.3863 0.00677574 0.999949 0.0075523 0.208225 0.291203 -0.00919825 0.956617 78.1011
0.953344 -0.00367793 -0.301864 -88.6309 0.00810617 0.999877 0.0134182 0.205986 0.301778 -0.0152392 0.953256 78.8191
0.949507 -0.00191079 -0.313741 -88.875 0.00855185 0.999768 0.0197924 0.207958 0.313631 -0.0214761 0.949302 79.5323
0.945947 -0.0010394 -0.324319 -89.1303 0.00890283 0.999701 0.0227631 0.202853 0.324198 -0.0244201 0.945674 80.2365
0.942114 0.000525884 -0.335292 -89.3964 0.00590872 0.999817 0.0181707 0.196695 0.33524 -0.0191 0.941939 80.9382
0.937935 -0.000788494 -0.346812 -89.6663 0.0039798 0.999956 0.00848971 0.198537 0.34679 -0.00934303 0.937896 81.628
0.933457 -0.00416162 -0.358666 -89.938 0.00557569 0.99998 0.00290837 0.202243 0.358647 -0.00471465 0.933462 82.3149
0.928883 -0.00519821 -0.370336 -90.2142 0.00850406 0.999937 0.00729446 0.201344 0.370275 -0.00992506 0.928869 83.0043
0.924377 -0.00286881 -0.38147 -90.508 0.00918547 0.999849 0.0147389 0.18787 0.38137 -0.0171283 0.924264 83.6989
0.919518 -0.00238443 -0.393041 -90.8141 0.0108068 0.999757 0.0192173 0.185411 0.3929 -0.0219182 0.91932 84.3923
0.914376 -0.0044726 -0.404841 -91.1454 0.0124503 0.999777 0.0170751 0.182477 0.404674 -0.0206535 0.914228 85.0918
0.90929 -0.00675374 -0.416109 -91.4601 0.0127508 0.999851 0.011635 0.184724 0.415968 -0.0158853 0.90924 85.7768
0.904982 -0.0112526 -0.4253 -91.7788 0.0145641 0.999884 0.00453557 0.17531 0.4252 -0.0102987 0.905041 86.4611
0.901795 -0.0156159 -0.431881 -92.1271 0.0166948 0.99986 -0.00129312 0.164972 0.431841 -0.00604403 0.901929 87.1425
0.897962 -0.014512 -0.439834 -92.4294 0.0146192 0.999888 -0.00314422 0.142981 0.439831 -0.00360663 0.898074 87.8094
0.894473 -0.00982118 -0.447015 -92.7899 0.0094179 0.999951 -0.00312438 0.127072 0.447024 -0.00141528 0.894521 88.4848
0.890495 -0.00987921 -0.454885 -93.1217 0.0104879 0.999944 -0.0011854 0.113123 0.454872 -0.0037152 0.890549 89.1523
0.886498 -0.00818518 -0.46266 -93.476 0.0117096 0.99992 0.00474646 0.106751 0.462584 -0.00962528 0.886523 89.8309
0.883033 -0.00560941 -0.469277 -93.8338 0.0130306 0.999836 0.0125682 0.100904 0.469129 -0.0172131 0.882962 90.5094
0.880199 0.00423201 -0.474586 -94.2376 0.00513812 0.999817 0.0184451 0.0973088 0.474577 -0.0186739 0.880016 91.1923
0.876636 0.0100316 -0.48105 -94.5981 -0.00311507 0.99988 0.0151743 0.0946308 0.481144 -0.0118039 0.876562 91.8527
0.873772 0.00563984 -0.486303 -94.9864 -0.00275559 0.999974 0.00664593 0.0964232 0.486328 -0.00446698 0.873765 92.5244
0.871028 -0.00251651 -0.491227 -95.3474 0.00235213 0.999997 -0.000952164 0.0899547 0.491228 -0.000326067 0.871031 93.1892
0.868602 -0.00212163 -0.495506 -95.7273 0.00146041 0.999997 -0.00172168 0.0833468 0.495508 0.000771812 0.868603 93.862
0.866259 0.00431537 -0.499576 -96.1405 -0.00312775 0.99999 0.0032145 0.072249 0.499585 -0.00122204 0.866264 94.5339
0.863029 0.00702427 -0.505106 -96.5095 -0.00379895 0.999965 0.00741512 0.0591164 0.505141 -0.00448059 0.863025 95.1938
0.859858 0.00323309 -0.510523 -96.9008 -0.000930138 0.999988 0.00476623 0.0479388 0.510533 -0.00362342 0.859851 95.8661
0.85702 0.00113582 -0.515283 -97.2989 -0.0018127 0.999998 -0.000810626 0.0301382 0.515281 0.00162878 0.85702 96.5248
0.854556 -0.00233197 -0.519354 -97.7131 -0.00178016 0.999971 -0.00741911 0.0212857 0.519356 0.00726458 0.854527 97.1811
0.851602 -0.00289058 -0.524182 -98.1254 -0.0022538 0.999955 -0.0091758 0.0136956 0.524185 0.00899553 0.851557 97.8442
0.847889 -0.00039172 -0.530173 -98.5114 -0.0031708 0.999978 -0.0058098 0.00415979 0.530164 0.00660714 0.847869 98.5144
0.845454 0.000926525 -0.534047 -98.9366 -0.00385201 0.999983 -0.00436327 -0.00864137 0.534034 0.0057461 0.845444 99.1701
0.842007 0.00183781 -0.539464 -99.3409 -0.00507447 0.999977 -0.00451367 -0.0217975 0.539443 0.00653803 0.841997 99.8238
0.839005 0.000357991 -0.544123 -99.7635 -0.00337215 0.999984 -0.00454174 -0.0489588 0.544113 0.00564541 0.838993 100.477
0.836352 -0.00180842 -0.54819 -100.188 -0.00165357 0.999982 -0.00582161 -0.0613889 0.548191 0.00577538 0.836334 101.121
0.833224 -0.00320956 -0.552926 -100.606 -0.000501559 0.999978 -0.00656038 -0.0723185 0.552935 0.00574359 0.833205 101.767
0.83111 -0.0024148 -0.556102 -101.055 -0.00187009 0.999973 -0.00713715 -0.0835472 0.556105 0.00697172 0.831083 102.402
0.828153 -0.00210838 -0.560498 -101.478 -0.00275851 0.999965 -0.00783729 -0.10307 0.560495 0.00803662 0.828119 103.032
0.82442 -0.00516811 -0.565955 -101.9 -0.000972384 0.999944 -0.0105476 -0.136466 0.565977 0.009246 0.824369 103.67
0.822033 -0.00910677 -0.569367 -102.33 0.000648073 0.999886 -0.0150571 -0.158312 0.569439 0.0120084 0.821946 104.277
0.819375 -0.0113 -0.573146 -102.757 0.000610844 0.999822 -0.0188389 -0.171647 0.573257 0.015086 0.819237 104.888
0.817086 -0.00960142 -0.576435 -103.178 0.0010899 0.999885 -0.0151097 -0.195566 0.576514 0.0117177 0.817003 105.485
0.814584 -0.00488556 -0.580026 -103.611 0.00122189 0.999977 -0.00670681 -0.214089 0.580045 0.00475453 0.814571 106.096
0.812524 -0.00139852 -0.582926 -104.042 0.00358569 0.99999 0.00259888 -0.238529 0.582916 -0.00420185 0.812521 106.7
0.811124 -0.00158596 -0.584872 -104.476 0.00744239 0.999943 0.00760992 -0.260231 0.584827 -0.0105254 0.81109 107.276
0.809441 -0.00415571 -0.587186 -104.931 0.0101597 0.999924 0.0069285 -0.273145 0.587113 -0.0115739 0.809422 107.87
0.807456 -0.00737231 -0.589881 -105.362 0.0110712 0.999935 0.00265768 -0.273491 0.589824 -0.00867668 0.807485 108.439
0.805592 -0.00989714 -0.592388 -105.748 0.0118063 0.99993 -0.000650597 -0.282774 0.592353 -0.00646978 0.805653 108.961
0.802944 -0.0119242 -0.595935 -106.101 0.012724 0.999915 -0.00286365 -0.287943 0.595919 -0.00528331 0.803027 109.471
0.80147 -0.013254 -0.597888 -106.48 0.0143969 0.999892 -0.00286657 -0.307773 0.597861 -0.00631026 0.801575 109.976
0.799948 -0.0125536 -0.599938 -106.853 0.0140081 0.999899 -0.00224466 -0.319793 0.599906 -0.00660836 0.800043 110.465
0.798065 -0.0127837 -0.602436 -107.204 0.0152993 0.999883 -0.000950013 -0.335065 0.602377 -0.00845867 0.798167 110.937
0.796983 -0.0137581 -0.603845 -107.566 0.0170426 0.999855 -0.000287122 -0.347042 0.603762 -0.0100623 0.797101 111.39
0.796106 -0.0155254 -0.604958 -107.907 0.0195822 0.999808 0.000110854 -0.364696 0.60484 -0.0119346 0.796257 111.811
0.794429 -0.0165709 -0.607131 -108.222 0.0203985 0.999792 -0.000596756 -0.381937 0.607015 -0.0119105 0.794601 112.23
0.792996 -0.0175474 -0.608975 -108.527 0.0183389 0.99982 -0.00492876 -0.382625 0.608951 -0.00725946 0.793174 112.615
0.791397 -0.0199082 -0.610978 -108.827 0.0185992 0.999791 -0.00848576 -0.406041 0.611019 -0.00464812 0.791602 112.983
0.789358 -0.0241439 -0.613458 -109.123 0.0219058 0.999698 -0.0111583 -0.41103 0.613542 -0.00463041 0.789648 113.338
0.78648 -0.0277893 -0.61699 -109.397 0.0267158 0.999583 -0.0109667 -0.422469 0.617038 -0.00785827 0.786894 113.675
0.782944 -0.026342 -0.621534 -109.668 0.0257134 0.99962 -0.00997504 -0.431884 0.62156 -0.00817184 0.783324 113.995
0.778438 -0.0225065 -0.627318 -109.925 0.0225828 0.999714 -0.00784406 -0.448228 0.627315 -0.00806049 0.778724 114.313
0.774486 -0.0160934 -0.632386 -110.172 0.0184073 0.999826 -0.00290075 -0.466962 0.632323 -0.00939396 0.774648 114.593
0.769951 -0.0101252 -0.638023 -110.409 0.0165889 0.999854 0.00415172 -0.480976 0.637887 -0.0137807 0.770006 114.868
0.764547 -0.00852139 -0.644512 -110.64 0.0174869 0.999819 0.00752465 -0.483095 0.644331 -0.0170235 0.764557 115.134
0.758283 -0.0110963 -0.651831 -110.848 0.0216051 0.999734 0.00811478 -0.485178 0.651567 -0.0202362 0.758321 115.376
0.750613 -0.013041 -0.660613 -111.052 0.0245732 0.999665 0.00818678 -0.48438 0.660285 -0.0223785 0.750682 115.597
0.740689 -0.0138954 -0.671704 -111.253 0.0271953 0.999587 0.00931001 -0.495469 0.671297 -0.025163 0.740761 115.81
0.729556 -0.0130686 -0.683796 -111.457 0.0270136 0.999588 0.00971745 -0.501401 0.683387 -0.0255612 0.729608 115.999
0.715993 -0.0110528 -0.69802 -111.642 0.0246015 0.999653 0.00940594 -0.513063 0.697674 -0.0239069 0.716016 116.165
0.700933 -0.012603 -0.713116 -111.83 0.0240423 0.999693 0.00596392 -0.517817 0.712822 -0.0213253 0.701021 116.319
0.684716 -0.0158696 -0.728637 -112.011 0.0230117 0.999735 -0.00014942 -0.519475 0.728446 -0.0166649 0.6849 116.464
0.668064 -0.0195043 -0.743848 -112.174 0.0225131 0.999729 -0.00599426 -0.525784 0.743763 -0.0127418 0.668322 116.587
0.651264 -0.0201517 -0.758584 -112.354 0.0180544 0.999776 -0.0110588 -0.521782 0.758636 -0.00649355 0.651482 116.714
0.634531 -0.016955 -0.772712 -112.543 0.010055 0.999856 -0.0136821 -0.521977 0.772832 0.00091213 0.63461 116.831
0.615755 -0.0158248 -0.787779 -112.726 0.00704903 0.999869 -0.0145755 -0.519202 0.787906 0.00342188 0.615786 116.95
0.595417 -0.0172915 -0.803231 -112.899 0.009754 0.99985 -0.0142938 -0.520592 0.803358 0.000676073 0.595496 117.059
0.573656 -0.0176628 -0.818906 -113.083 0.012283 0.999841 -0.0129609 -0.526837 0.819004 -0.00262352 0.573781 117.175
0.54981 -0.0166741 -0.835123 -113.265 0.0118902 0.999856 -0.0121351 -0.52197 0.835205 -0.00325774 0.549929 117.269
0.524648 -0.013453 -0.851213 -113.467 0.0078251 0.999909 -0.01098 -0.512246 0.851283 -0.000900195 0.524706 117.353
0.498601 -0.00978281 -0.866777 -113.662 0.00498637 0.999952 -0.00841755 -0.511478 0.866817 -0.000125076 0.498626 117.434
0.472601 -0.00726931 -0.881247 -113.863 0.00211604 0.999972 -0.00711387 -0.511109 0.881274 0.00149727 0.472603 117.499
0.445726 -0.00448713 -0.895158 -114.066 -0.00164125 0.999982 -0.0058298 -0.515899 0.895168 0.00406768 0.44571 117.564
0.417945 -0.000147505 -0.908472 -114.265 -0.00658798 0.999973 -0.00319318 -0.523723 0.908448 0.00731957 0.417933 117.62
0.388666 0.00337005 -0.921372 -114.472 -0.00932568 0.999956 -0.000276411 -0.53886 0.921331 0.00869986 0.388681 117.676
0.357235 0.00199523 -0.934013 -114.68 -0.00949695 0.999954 -0.00149623 -0.536793 0.933966 0.00940478 0.357237 117.732
0.322614 -0.00183271 -0.946529 -114.899 -0.00989272 0.999937 -0.00530794 -0.539353 0.946479 0.0110762 0.322575 117.793
0.286486 -0.00554453 -0.958068 -115.133 -0.0104482 0.999906 -0.00891092 -0.548653 0.958028 0.0125629 0.286401 117.836
0.246767 -0.0091762 -0.969031 -115.389 -0.0114332 0.999858 -0.0123796 -0.540443 0.969007 0.014134 0.246627 117.863
0.205438 -0.011422 -0.978604 -115.659 -0.011353 0.999837 -0.0140531 -0.53582 0.978604 0.0139971 0.205274 117.878
0.159972 -0.0141912 -0.98702 -115.951 -0.0117747 0.999798 -0.0162833 -0.529089 0.987051 0.0142267 0.159772 117.899
0.111316 -0.0173378 -0.993634 -116.258 -0.013031 0.999736 -0.0189042 -0.52443 0.9937 0.0150524 0.111061 117.902
0.0609829 -0.0181411 -0.997974 -116.568 -0.0139464 0.999722 -0.019025 -0.537117 0.998041 0.0150784 0.0607129 117.891
0.0110474 -0.0173609 -0.999788 -116.898 -0.0142679 0.999745 -0.0175178 -0.555654 0.999837 0.0144584 0.0107969 117.847
-0.0407336 -0.0164896 -0.999034 -117.253 -0.0155634 0.999753 -0.0158669 -0.554401 0.999049 0.0149021 -0.0409802 117.79
-0.0940236 -0.0140991 -0.99547 -117.609 -0.0139999 0.99982 -0.0128384 -0.558985 0.995472 0.0127294 -0.094204 117.725
-0.146981 -0.0121334 -0.989065 -117.964 -0.0111743 0.999881 -0.0106055 -0.562737 0.989076 0.00949329 -0.147099 117.636
-0.19973 -0.00998174 -0.9798 -118.328 -0.00859626 0.999927 -0.00843446 -0.572051 0.979813 0.00673799 -0.199802 117.521
-0.252345 -0.00876607 -0.967598 -118.707 -0.00691537 0.99995 -0.00725567 -0.571878 0.967613 0.00486037 -0.252393 117.393
-0.30307 -0.00753011 -0.952938 -119.098 -0.00651813 0.999962 -0.00582867 -0.571962 0.952946 0.00444488 -0.303108 117.236
-0.351567 -0.00627848 -0.936142 -119.504 -0.00500697 0.999976 -0.00482623 -0.57657 0.936149 0.00299049 -0.35159 117.054
-0.39871 -0.00559043 -0.91706 -119.909 -0.00216375 0.999984 -0.00515521 -0.570516 0.917074 -7.1146e-05 -0.398716 116.85
-0.443549 -0.0046711 -0.896238 -120.321 0.000809676 0.999984 -0.00561252 -0.568226 0.89625 -0.00321509 -0.443538 116.614
-0.485638 -0.00321308 -0.874154 -120.703 0.00349831 0.999978 -0.00561905 -0.564423 0.874153 -0.00578688 -0.485616 116.358
-0.525843 -0.00179356 -0.85058 -121.124 0.00517133 0.999973 -0.00530558 -0.56724 0.850566 -0.00718853 -0.525819 116.065
-0.562834 -0.00115852 -0.826569 -121.547 0.00537843 0.999973 -0.00506389 -0.571718 0.826552 -0.00729577 -0.562813 115.756
-0.595486 -0.00129495 -0.803365 -121.984 0.00479787 0.999975 -0.00516825 -0.570294 0.803352 -0.00693206 -0.595465 115.413
