1 0 0 0 0 1 0 0 0 0 1 0
0.999996 0.00275294 -0.000602955 0.00288305 -0.00275197 0.999995 0.00160357 -0.014196 0.000607366 -0.0016019 0.999999 0.768613
0.999986 0.00516194 -0.000836724 -0.00711741 -0.00516001 0.999984 0.00228863 -0.0333025 0.000848525 -0.00228428 0.999997 1.5395
0.999986 0.00516194 -0.000836724 -0.0172128 -0.00516001 0.999984 0.00228863 -0.0516981 0.000848525 -0.00228428 0.999997 2.27678
0.999986 0.00516194 -0.000836724 -0.0370395 -0.00516001 0.999984 0.00228863 -0.0721122 0.000848525 -0.00228428 0.999997 3.01213
0.999986 0.00516194 -0.000836724 -0.0428807 -0.00516001 0.999984 0.00228863 -0.0902059 0.000848525 -0.00228428 0.999997 3.73433
0.999986 0.00516194 -0.000836724 -0.0438701 -0.00516001 0.999984 0.00228863 -0.080907 0.000848525 -0.00228428 0.999997 4.45734
0.999983 0.00569604 -0.00111649 -0.0268887 -0.00569075 0.999973 0.00468232 -0.0872172 0.00114313 -0.00467589 0.999988 5.1669
0.999982 0.00591274 0.000793896 -0.0429245 -0.00591949 0.999944 0.00878677 -0.0987795 -0.000741898 -0.00879132 0.999961 5.83476
0.999982 0.00555491 0.00210277 -0.0443724 -0.00558051 0.999908 0.0123718 -0.10606 -0.00203385 -0.0123834 0.999921 6.47739
0.999981 0.00478091 0.00377037 -0.0577414 -0.00483475 0.999885 0.0144025 -0.112822 -0.00370107 -0.0144205 0.999889 7.10777
0.999981 0.00478091 0.00377037 -0.0279476 -0.00483475 0.999885 0.0144025 -0.125793 -0.00370107 -0.0144205 0.999889 7.70852
0.999975 0.00539032 0.00463779 -0.0209192 -0.00544488 0.999915 0.0118343 -0.135945 -0.0045736 -0.0118593 0.999919 8.28126
0.999971 0.00549648 0.00523825 -0.0136137 -0.00554288 0.999945 0.00888499 -0.140234 -0.00518913 -0.00891377 0.999947 8.80713
0.99997 0.00394521 0.00668176 -0.00766594 -0.00399234 0.999967 0.00705593 -0.138466 -0.0066537 -0.0070824 0.999953 9.31222
0.999962 0.000209442 0.00866762 -0.00278799 -0.000245951 0.999991 0.00421127 -0.141599 -0.00866666 -0.00421324 0.999954 9.80027
0.999941 -0.00175618 0.0107414 -0.00502287 0.00172254 0.999994 0.00314044 -0.157707 -0.0107469 -0.00312176 0.999937 10.2287
0.999915 0.00251812 0.0127967 -0.000870886 -0.0025291 0.999996 0.000841502 -0.164291 -0.0127946 -0.000873795 0.999918 10.664
0.999844 0.00698118 0.0162103 -0.0122005 -0.00699424 0.999975 0.000749404 -0.183428 -0.0162047 -0.000862666 0.999868 11.0532
0.999785 0.00724615 0.0194243 -0.00716681 -0.00728256 0.999972 0.00180433 -0.192326 -0.0194107 -0.0019454 0.99981 11.4063
0.99975 0.0032389 0.0221037 0.0124055 -0.00328681 0.999992 0.00213129 -0.19704 -0.0220966 -0.00220341 0.999753 11.7187
0.999688 -0.00160902 0.024919 0.0184768 0.00155514 0.999996 0.00218131 -0.2082 -0.0249224 -0.00214188 0.999687 11.9966
0.999616 -0.0052252 0.0272222 0.034756 0.00512589 0.99998 0.00371669 -0.217628 -0.027241 -0.00357573 0.999622 12.2611
0.99954 -0.00563839 0.0298027 0.0485282 0.0054962 0.999973 0.00485087 -0.222919 -0.0298292 -0.00468484 0.999544 12.5044
0.999494 -0.0050205 0.0314051 0.0613511 0.00489046 0.999979 0.00421617 -0.231398 -0.0314256 -0.00406045 0.999498 12.7117
0.999428 -0.00390833 0.033586 0.0726683 0.00381746 0.999989 0.00276914 -0.234553 -0.0335964 -0.00263935 0.999432 12.8991
0.999355 -0.00175059 0.0358542 0.0837196 0.00167508 0.999996 0.00213612 -0.241692 -0.0358578 -0.00207468 0.999355 13.0808
0.999312 0.000852747 0.0370665 0.0879745 -0.00090821 0.999998 0.0014795 -0.247958 -0.0370652 -0.00151214 0.999312 13.2365
0.999262 0.00216728 0.0383463 0.100216 -0.00215567 0.999998 -0.000344319 -0.248663 -0.038347 0.000261403 0.999264 13.406
0.999183 0.000929376 0.0403923 0.107878 -0.000868051 0.999998 -0.00153575 -0.261921 -0.0403936 0.00149943 0.999183 13.556
0.999111 -0.00011797 0.0421621 0.116256 0.000246583 0.999995 -0.00304526 -0.261221 -0.0421615 0.00305295 0.999106 13.7086
0.999061 -0.000822048 0.0433113 0.125842 0.00101554 0.99999 -0.00444568 -0.26327 -0.0433072 0.00448549 0.999052 13.8424
0.999011 0.000236992 0.0444725 0.138422 4.4348e-05 0.99998 -0.00632507 -0.260149 -0.0444731 0.00632078 0.998991 13.9791
0.998927 0.00141172 0.0463016 0.139241 -0.00102906 0.999965 -0.00828722 -0.263342 -0.0463117 0.00823068 0.998893 14.1134
0.998895 0.00187815 0.0469571 0.14673 -0.00141174 0.999949 -0.00996386 -0.269686 -0.0469734 0.00988656 0.998847 14.2372
0.998879 0.000881333 0.0473376 0.159471 -0.000278158 0.999919 -0.0127471 -0.269572 -0.047345 0.0127196 0.998798 14.3602
0.998913 0.000249737 0.0466106 0.169483 0.000483602 0.999876 -0.0157214 -0.260413 -0.0466088 0.0157268 0.998789 14.4893
0.999001 -0.000120563 0.044697 0.172371 0.000892275 0.999851 -0.0172458 -0.259727 -0.0446883 0.0172685 0.998852 14.6174
0.99914 0.000386234 0.0414619 0.177691 0.000402502 0.999819 -0.0190131 -0.254659 -0.0414618 0.0190135 0.998959 14.747
0.999317 0.000979465 0.0369497 0.181279 -0.000213489 0.999785 -0.0207285 -0.252451 -0.036962 0.0207065 0.999102 14.8699
0.999506 0.00156257 0.0313985 0.178235 -0.000865469 0.999753 -0.0222031 -0.251818 -0.0314255 0.022165 0.99926 14.9946
0.999709 0.00161122 0.0240891 0.188349 -0.00103779 0.999716 -0.0237982 -0.24621 -0.0241206 0.0237662 0.999427 15.1281
0.999854 0.00151609 0.0170165 0.180322 -0.0010868 0.999682 -0.0252093 -0.244497 -0.0170493 0.0251872 0.999537 15.2518
0.999964 0.00121214 0.0084294 0.178447 -0.000988036 0.999647 -0.0265395 -0.245051 -0.0084586 0.0265302 0.999612 15.3832
0.999999 3.60461e-05 -0.00151232 0.168422 -7.8206e-05 0.999611 -0.0278868 -0.24531 0.00151073 0.0278869 0.99961 15.522
0.999896 -0.00167902 -0.0143282 0.156415 0.00126232 0.999577 -0.0290425 -0.255497 0.0143709 0.0290214 0.999475 15.6602
0.99952 -0.00257419 -0.0308607 0.137108 0.00163261 0.999534 -0.0304968 -0.264032 0.0309249 0.0304318 0.999058 15.8263
0.998748 -0.00178905 -0.049988 0.101983 0.000187727 0.999487 -0.0320205 -0.263938 0.0500196 0.031971 0.998236 16.0005
0.997405 -0.000959921 -0.0719895 0.0716412 -0.0013526 0.999485 -0.0320673 -0.265164 0.0719832 0.0320815 0.99689 16.1893
0.995445 -0.000288386 -0.0953356 0.0158627 -0.0026659 0.99952 -0.0308595 -0.269609 0.0952988 0.0309731 0.994967 16.4049
0.992609 0.000834853 -0.121356 -0.0493845 -0.00445006 0.999554 -0.0295222 -0.276761 0.121277 0.0298441 0.99217 16.6139
0.988543 0.00216013 -0.150927 -0.130151 -0.00641117 0.999596 -0.0276852 -0.278945 0.150807 0.0283356 0.988157 16.8431
0.98302 0.00278016 -0.183479 -0.216314 -0.00736183 0.999678 -0.0242947 -0.28839 0.183352 0.0252329 0.982723 17.0769
0.97551 0.0036034 -0.219924 -0.312227 -0.00824981 0.999762 -0.0202126 -0.292315 0.219799 0.0215319 0.975308 17.3267
0.965842 0.0052674 -0.259077 -0.423306 -0.00933413 0.999852 -0.0144693 -0.305112 0.258963 0.0163934 0.965748 17.5806
0.953796 0.00887265 -0.300323 -0.566716 -0.0123595 0.999876 -0.00971255 -0.306066 0.3002 0.0129756 0.953788 17.8664
0.939897 0.0129445 -0.341213 -0.732674 -0.0157696 0.99986 -0.00550707 -0.310533 0.341094 0.0105568 0.93997 18.1385
0.923098 0.0154652 -0.384253 -0.88045 -0.0166544 0.999861 0.000232696 -0.317606 0.384203 0.00618469 0.923228 18.4119
0.903806 0.0189636 -0.427523 -1.06951 -0.0172949 0.99982 0.00778662 -0.320332 0.427594 0.000356387 0.903971 18.7055
0.882137 0.0234372 -0.470409 -1.27334 -0.0187571 0.999717 0.0146346 -0.325513 0.470619 -0.00408623 0.882327 18.9855
0.857468 0.0287121 -0.513736 -1.50205 -0.0222102 0.999577 0.0187945 -0.317843 0.514058 -0.0047055 0.857742 19.2641
0.829319 0.0321918 -0.557847 -1.73644 -0.0235899 0.999466 0.0226066 -0.321477 0.558277 -0.00558852 0.829636 19.5456
0.79874 0.0361072 -0.600592 -1.99905 -0.0268762 0.999342 0.0243366 -0.315836 0.601076 -0.00329698 0.799185 19.8148
0.76507 0.0380439 -0.642822 -2.28866 -0.0269146 0.99927 0.0271064 -0.304149 0.643384 -0.00343702 0.765536 20.0915
0.728114 0.0417531 -0.684183 -2.59736 -0.0282186 0.999123 0.0309422 -0.290356 0.684875 -0.00322277 0.728654 20.3595
0.688944 0.0426411 -0.72356 -2.9236 -0.0266016 0.999083 0.0335495 -0.270982 0.724327 -0.00386589 0.689446 20.6241
0.647554 0.0425367 -0.760832 -3.28314 -0.0242017 0.999085 0.0352587 -0.260343 0.761636 -0.00441848 0.647991 20.8971
0.605113 0.0409802 -0.795085 -3.65622 -0.0197702 0.99914 0.0364511 -0.239134 0.795894 -0.00633803 0.605402 21.1328
0.559671 0.0411934 -0.82769 -4.05896 -0.0158 0.999113 0.0390413 -0.227467 0.828564 -0.00877276 0.559825 21.3763
0.512098 0.0426219 -0.857869 -4.49141 -0.0135973 0.999045 0.0415193 -0.21452 0.858819 -0.00959721 0.512189 21.6078
0.462186 0.0421693 -0.88578 -4.96053 -0.0127178 0.999081 0.0409273 -0.195159 0.886692 -0.0076508 0.462297 21.8142
0.409295 0.0410757 -0.911477 -5.43934 -0.00791281 0.999108 0.0414716 -0.17602 0.912368 -0.00976179 0.409255 21.9979
0.356878 0.0399694 -0.933295 -5.94899 -0.00363267 0.999136 0.0414 -0.154495 0.934144 -0.0113844 0.356715 22.1406
0.30237 0.0392388 -0.952383 -6.49709 -0.0021734 0.999178 0.0404768 -0.129345 0.953188 -0.0101691 0.302207 22.2889
0.248935 0.0447009 -0.967488 -7.06039 -0.00199517 0.998956 0.0456415 -0.100915 0.968518 -0.00943146 0.248765 22.3968
0.197004 0.0488759 -0.979184 -7.65366 0.000240033 0.998754 0.049901 -0.0684736 0.980403 -0.0100657 0.196746 22.4933
0.150734 0.0506241 -0.987277 -8.26665 0.00486171 0.998638 0.0519489 -0.046247 0.988562 -0.0126303 0.150282 22.5418
0.105357 0.0516206 -0.993094 -8.8935 0.00753291 0.998582 0.052705 -0.0226296 0.994406 -0.0130337 0.104819 22.5969
0.0633786 0.0496809 -0.996752 -9.54317 0.00702671 0.998713 0.0502255 0.00845559 0.997965 -0.0101871 0.062948 22.6281
0.0265789 0.0456999 -0.998602 -10.2172 0.00392778 0.998942 0.0458201 0.0432287 0.999639 -0.00514014 0.0263712 22.6343
-0.0017459 0.045397 -0.998967 -10.9101 0.00127505 0.998968 0.0453948 0.0815867 0.999998 -0.00119448 -0.00180198 22.6106
-0.0212682 0.0488881 -0.998578 -11.6139 -0.000299786 0.998803 0.0489055 0.11452 0.999774 0.00133949 -0.0212281 22.5625
-0.0339416 0.0552746 -0.997894 -12.3471 0.00106887 0.998471 0.0552702 0.142851 0.999423 0.000809339 -0.0339488 22.5193
-0.041915 0.0582405 -0.997422 -13.096 0.000598889 0.998301 0.0582666 0.172874 0.999121 0.0018449 -0.0418787 22.4806
-0.0475617 0.055878 -0.997304 -13.8789 0.00206681 0.998437 0.0558429 0.203967 0.998866 0.000594741 -0.0476029 22.4616
-0.0470401 0.0528856 -0.997492 -14.6614 0.00909062 0.998579 0.0525145 0.234662 0.998852 -0.00659753 -0.047454 22.4293
-0.0432681 0.0513834 -0.997741 -15.4721 0.0207859 0.998507 0.0505214 0.276964 0.998847 -0.018553 -0.0442715 22.4138
-0.038305 0.0517644 -0.997924 -16.3078 0.0213182 0.998472 0.0509745 0.314699 0.999039 -0.0193214 -0.03935 22.3918
-0.0312198 0.0511063 -0.998205 -17.6942 0.0221437 0.998482 0.0504279 0.367012 0.999267 -0.0205296 -0.0323041 22.3316
-0.0251189 0.0435815 -0.998734 -19.0669 0.0267585 0.998721 0.042908 0.436267 0.999326 -0.0256468 -0.0262529 22.2966
-0.0252194 0.0323538 -0.999158 -19.9723 0.0231983 0.999226 0.0317705 0.481836 0.999413 -0.0223775 -0.0259505 22.3013
-0.0256558 0.0234825 -0.999395 -20.9064 0.0157811 0.999609 0.0230824 0.517058 0.999546 -0.0151794 -0.0260163 22.2865
-0.029058 0.0203401 -0.999371 -21.8745 0.0095197 0.999753 0.0200711 0.549378 0.999532 -0.00893048 -0.0292444 22.2815
-0.0328402 0.0260005 -0.999122 -22.8471 1.18641e-05 0.999662 0.0260142 0.574436 0.999461 0.000842456 -0.0328294 22.2319
-0.0381327 0.0333412 -0.998716 -23.7421 -0.00529106 0.999422 0.0335668 0.596426 0.999259 0.00656426 -0.0379343 22.1826
-0.0445486 0.0428177 -0.998089 -24.7523 -0.00619638 0.99905 0.0431354 0.63126 0.998988 0.00810617 -0.044241 22.1598
-0.0480595 0.0516299 -0.997509 -25.7809 -0.00709584 0.99862 0.0520293 0.683261 0.998819 0.00957867 -0.0476268 22.1316
-0.0493068 0.0587907 -0.997052 -26.7937 -0.00514219 0.998238 0.0591149 0.727364 0.99877 0.00804179 -0.0489176 22.0835
-0.0528375 0.0602192 -0.996786 -27.8453 -0.00349315 0.998163 0.0604875 0.775383 0.998597 0.00667794 -0.0525301 22.0534
-0.0580025 0.0561996 -0.996733 -28.8357 -0.00396556 0.998393 0.056524 0.827645 0.998309 0.00723114 -0.0576864 22.046
-0.0632846 0.0516398 -0.996659 -29.9188 -0.00358205 0.998642 0.0519701 0.879986 0.997989 0.00685898 -0.0630137 22.015
-0.0683718 0.0463939 -0.996581 -30.9379 -0.00306296 0.998904 0.0467122 0.917608 0.997655 0.00624628 -0.0681547 21.9463
-0.0733881 0.0412952 -0.996448 -31.9668 -0.00182096 0.999135 0.0415407 0.954122 0.997302 0.00486308 -0.0732494 21.8597
-0.0801151 0.0393878 -0.996007 -33.0193 -0.00362242 0.999201 0.0398055 0.99012 0.996779 0.00679698 -0.0799084 21.766
-0.0866263 0.042074 -0.995352 -34.0821 -0.00323436 0.999091 0.0425136 1.01974 0.996236 0.00690212 -0.0864115 21.6667
-0.0929055 0.0468785 -0.994571 -35.148 -0.00372841 0.998868 0.0474293 1.05416 0.995668 0.00811461 -0.0926255 21.561
-0.0994136 0.0494437 -0.993817 -36.1947 -0.00630061 0.998713 0.0503175 1.08776 0.995026 0.0112639 -0.0989742 21.4518
-0.103957 0.051267 -0.99326 -37.3001 -0.00937763 0.998576 0.0525229 1.13941 0.994538 0.0147746 -0.103328 21.3199
-0.106101 0.0525078 -0.992968 -38.3974 -0.0138164 0.998431 0.0542729 1.18439 0.994259 0.0194777 -0.105209 21.1784
-0.108212 0.0536155 -0.992681 -39.4796 -0.0175939 0.998285 0.0558361 1.22744 0.993972 0.0235073 -0.107083 21.0549
-0.110034 0.0525818 -0.992536 -40.5939 -0.0186575 0.998314 0.0549563 1.27927 0.993753 0.0245653 -0.108867 20.9246
-0.112023 0.0519708 -0.992346 -41.6559 -0.0194179 0.998326 0.0544761 1.3137 0.993516 0.0253719 -0.110827 20.7997
-0.113057 0.0516537 -0.992245 -42.7694 -0.0206666 0.998309 0.0543242 1.35695 0.993374 0.026648 -0.111798 20.6665
-0.114709 0.0505781 -0.992111 -43.8439 -0.0229389 0.998302 0.053546 1.39886 0.993134 0.0289002 -0.113354 20.5334
-0.116394 0.0475902 -0.992062 -44.9417 -0.027068 0.998328 0.0510665 1.44151 0.992834 0.032797 -0.114911 20.4037
-0.115963 0.0429643 -0.992324 -46.0836 -0.0329865 0.998346 0.0470799 1.484 0.992706 0.0381928 -0.114354 20.2486
-0.115039 0.0418551 -0.992479 -47.1871 -0.0344985 0.998341 0.0461011 1.53139 0.992762 0.0395424 -0.113405 20.1043
-0.113532 0.0454395 -0.992495 -48.2883 -0.0350413 0.998149 0.0497067 1.57405 0.992916 0.0404217 -0.11173 19.9645
-0.111864 0.0485475 -0.992537 -49.4564 -0.0350056 0.997994 0.0527597 1.6212 0.993107 0.0406463 -0.10994 19.8389
-0.111259 0.0475101 -0.992655 -50.5315 -0.0327586 0.998138 0.0514442 1.66681 0.993251 0.0382416 -0.109496 19.7215
-0.109245 0.046661 -0.992919 -51.6728 -0.0325622 0.998194 0.0504915 1.71031 0.993481 0.0378476 -0.107528 19.6002
-0.105297 0.0470584 -0.993327 -52.8082 -0.0367942 0.998011 0.0511807 1.75064 0.99376 0.0419379 -0.103356 19.4732
-0.100269 0.0481174 -0.993796 -53.9752 -0.0419954 0.997735 0.0525453 1.79435 0.994074 0.0470035 -0.0980209 19.3531
-0.0944211 0.0474752 -0.9944 -55.1339 -0.0462861 0.997573 0.0520217 1.84241 0.994456 0.0509388 -0.0919945 19.2351
-0.0891834 0.04668 -0.994921 -56.2695 -0.0478055 0.997549 0.0510886 1.88385 0.994867 0.0521189 -0.0867332 19.1316
-0.0840809 0.0458126 -0.995405 -57.3957 -0.046976 0.99765 0.0498839 1.9223 0.995351 0.0509544 -0.0817311 19.0389
-0.079425 0.0453954 -0.995807 -58.5413 -0.0450915 0.997776 0.0490817 1.96496 0.99582 0.0488008 -0.0772014 18.9528
-0.0743629 0.04615 -0.996163 -59.7021 -0.0440992 0.997799 0.0495178 2.00326 0.996256 0.0476122 -0.0721641 18.869
-0.0692887 0.047718 -0.996455 -60.8407 -0.0428426 0.997791 0.0507611 2.04102 0.996676 0.0462079 -0.0670913 18.79
-0.0643521 0.0486976 -0.996738 -62.0232 -0.0431424 0.997739 0.0515318 2.08733 0.996994 0.0463179 -0.0621056 18.7202
-0.0596236 0.0478034 -0.997076 -63.1831 -0.0427049 0.997816 0.0503926 2.12832 0.997307 0.0455846 -0.0574519 18.652
-0.0558303 0.0432913 -0.997501 -64.3461 -0.0429813 0.998029 0.0457199 2.1702 0.997515 0.0454264 -0.0538595 18.5956
-0.0513852 0.0378551 -0.997961 -65.5141 -0.042827 0.998279 0.0400723 2.20738 0.99776 0.0447988 -0.0496755 18.5279
-0.0480297 0.0369395 -0.998163 -66.6744 -0.0429342 0.998316 0.0390111 2.24308 0.997923 0.044729 -0.0463629 18.4672
-0.0453096 0.0396093 -0.998187 -67.8561 -0.0426385 0.998226 0.0415462 2.26841 0.998063 0.0444437 -0.0435403 18.4135
-0.0453096 0.0396093 -0.998187 -69.0162 -0.0426385 0.998226 0.0415462 2.29399 0.998063 0.0444437 -0.0435403 18.3834
-0.0453096 0.0396093 -0.998187 -70.2098 -0.0426385 0.998226 0.0415462 2.32422 0.998063 0.0444437 -0.0435403 18.3423
-0.0453096 0.0396093 -0.998187 -71.3964 -0.0426385 0.998226 0.0415462 2.37114 0.998063 0.0444437 -0.0435403 18.2985
-0.0453096 0.0396093 -0.998187 -72.5673 -0.0426385 0.998226 0.0415462 2.38582 0.998063 0.0444437 -0.0435403 18.2541
-0.0435284 0.0374797 -0.998349 -73.7609 -0.0437679 0.998265 0.0393848 2.42023 0.998093 0.04541 -0.0418125 18.18
-0.0424033 0.0368133 -0.998422 -74.9637 -0.0423052 0.998359 0.0386077 2.44689 0.998205 0.0438755 -0.0407763 18.1216
-0.0420984 0.036214 -0.998457 -76.1531 -0.0387913 0.99853 0.0378522 2.47926 0.99836 0.040325 -0.0406317 18.0707
-0.0420935 0.0366946 -0.99844 -77.3337 -0.0364368 0.998604 0.0382368 2.51011 0.998449 0.0379895 -0.0406977 18.0186
-0.0409353 0.039232 -0.998391 -78.5073 -0.0365597 0.998501 0.0407353 2.53842 0.998493 0.0381684 -0.0394396 17.9468
-0.0394349 0.0427273 -0.998308 -79.6933 -0.0390818 0.998255 0.0442688 2.5671 0.998458 0.0407615 -0.0376963 17.8747
-0.0394349 0.0427273 -0.998308 -80.8777 -0.0390818 0.998255 0.0442688 2.60344 0.998458 0.0407615 -0.0376963 17.832
-0.0391952 0.0400136 -0.99843 -82.092 -0.0405709 0.99831 0.0416015 2.64463 0.998408 0.0421378 -0.0375056 17.7806
-0.0392152 0.0373845 -0.998531 -83.293 -0.0402946 0.998428 0.0389631 2.67828 0.998418 0.0417633 -0.0376472 17.7383
-0.0383644 0.0366891 -0.99859 -84.4833 -0.038352 0.998535 0.0381606 2.70662 0.998528 0.039762 -0.0369011 17.6835
-0.0371514 0.038201 -0.998579 -85.6592 -0.0373923 0.998516 0.0395898 2.73333 0.99861 0.03881 -0.0356678 17.6244
-0.0371833 0.0407713 -0.998476 -86.8685 -0.0366772 0.998438 0.0421356 2.7645 0.998635 0.038188 -0.0356299 17.5825
-0.0368331 0.0429522 -0.998398 -88.0629 -0.0368815 0.998337 0.0443102 2.79465 0.998641 0.0384545 -0.0351877 17.5383
-0.0368331 0.0429522 -0.998398 -89.2389 -0.0368815 0.998337 0.0443102 2.83435 0.998641 0.0384545 -0.0351877 17.4988
-0.0363802 0.0408792 -0.998502 -90.4197 -0.0363386 0.998448 0.042201 2.86467 0.998677 0.0378194 -0.0348382 17.4508
-0.0373089 0.0393104 -0.99853 -91.5964 -0.0343205 0.998586 0.0405949 2.89353 0.998714 0.0357846 -0.035907 17.4174
-0.0381396 0.0401532 -0.998465 -92.795 -0.032641 0.998609 0.0414058 2.92346 0.998739 0.0341701 -0.0367759 17.3836
-0.0389517 0.0433856 -0.998299 -93.9839 -0.0300607 0.998554 0.0445696 2.94891 0.998789 0.0317456 -0.0375912 17.3497
-0.0401844 0.046177 -0.998125 -95.1443 -0.0288633 0.998461 0.0473546 2.97481 0.998775 0.0307121 -0.0387898 17.3117
-0.0396069 0.0478982 -0.998067 -96.3418 -0.0297077 0.998352 0.0490909 3.01209 0.998774 0.0315946 -0.0381187 17.2535
-0.0386781 0.0497832 -0.998011 -97.5029 -0.0316091 0.998197 0.0510175 3.04272 0.998752 0.0335195 -0.0370348 17.1868
-0.0386781 0.0497832 -0.998011 -98.7 -0.0316091 0.998197 0.0510175 3.06846 0.998752 0.0335195 -0.0370348 17.1409
-0.0379767 0.0457585 -0.99823 -99.8741 -0.0340677 0.998311 0.0470583 3.1065 0.998698 0.0357945 -0.0363537 17.078
-0.0369104 0.0438501 -0.998356 -101.039 -0.035902 0.998334 0.0451765 3.143 0.998673 0.0375104 -0.0352746 17.0137
-0.0369525 0.0419467 -0.998436 -102.194 -0.0363442 0.998401 0.0432903 3.17475 0.998656 0.037887 -0.0353689 16.9631
-0.0369525 0.0419467 -0.998436 -103.36 -0.0363442 0.998401 0.0432903 3.21092 0.998656 0.037887 -0.0353689 16.9191
-0.0369787 0.0439726 -0.998348 -104.532 -0.0357282 0.998335 0.0452954 3.24557 0.998677 0.0373442 -0.0353461 16.8736
-0.0384476 0.0462231 -0.998191 -105.732 -0.0339867 0.998291 0.0475368 3.28286 0.998682 0.0357529 -0.0368109 16.8431
-0.0396119 0.0447007 -0.998215 -106.91 -0.0367144 0.998259 0.0461596 3.32522 0.99854 0.0384773 -0.0379018 16.7965
-0.0399301 0.0462296 -0.998132 -108.103 -0.0407134 0.998024 0.0478533 3.3629 0.998373 0.0425481 -0.0379691 16.7381
-0.0404449 0.0448432 -0.998175 -109.276 -0.0437382 0.997955 0.0466055 3.40161 0.998224 0.0455434 -0.0384008 16.684
-0.0409881 0.0410847 -0.998315 -110.471 -0.0448682 0.998071 0.0429168 3.43717 0.998152 0.0465517 -0.0390657 16.63
-0.0418522 0.037093 -0.998435 -111.663 -0.0450837 0.998223 0.0389749 3.4705 0.998106 0.0466443 -0.0401055 16.5751
-0.0430923 0.036308 -0.998411 -112.863 -0.0415412 0.99841 0.0381009 3.50071 0.998207 0.043117 -0.0415155 16.5269
-0.0437303 0.0358387 -0.9984 -114.089 -0.0369868 0.998613 0.0374664 3.5316 0.998358 0.0385661 -0.0423441 16.4744
-0.0448909 0.0377182 -0.99828 -115.33 -0.0361481 0.998571 0.0393547 3.56429 0.998338 0.0378526 -0.0434633 16.4253
-0.0452446 0.0411014 -0.99813 -116.582 -0.0351421 0.998469 0.0427083 3.60814 0.998358 0.0370088 -0.0437309 16.3529
-0.0452446 0.0411014 -0.99813 -117.788 -0.0351421 0.998469 0.0427083 3.64174 0.998358 0.0370088 -0.0437309 16.2703
-0.045605 0.0364057 -0.998296 -119.033 -0.034799 0.998671 0.0380091 3.68001 0.998353 0.0364731 -0.0442776 16.2076
-0.0467623 0.0331972 -0.998354 -120.294 -0.0347258 0.998789 0.0348382 3.70643 0.998302 0.0362977 -0.0455529 16.1456
-0.0467623 0.0331972 -0.998354 -121.545 -0.0347258 0.998789 0.0348382 3.71212 0.998302 0.0362977 -0.0455529 16.0638
-0.0470369 0.0342517 -0.998306 -122.807 -0.0372501 0.998657 0.0360189 3.74198 0.998198 0.0388812 -0.0456979 15.9867
-0.0485696 0.0381619 -0.998091 -124.056 -0.041272 0.99834 0.0401798 3.77622 0.997967 0.0431447 -0.0469139 15.9227
-0.0486474 0.0410011 -0.997974 -125.33 -0.0467433 0.997969 0.0432794 3.81103 0.997722 0.048754 -0.046632 15.842
-0.0488872 0.0409516 -0.997964 -126.603 -0.0537132 0.997605 0.0435681 3.8469 0.997359 0.0557338 -0.0465705 15.7625
-0.0495543 0.0390491 -0.998008 -127.87 -0.0569628 0.997498 0.0418575 3.88004 0.997146 0.0589235 -0.047206 15.6961
-0.0512069 0.0372973 -0.997991 -129.136 -0.0591284 0.997436 0.0403104 3.91192 0.996936 0.0610738 -0.0488703 15.6346
-0.0512069 0.0372973 -0.997991 -130.407 -0.0591284 0.997436 0.0403104 3.93122 0.996936 0.0610738 -0.0488703 15.548
-0.0512362 0.0361734 -0.998031 -131.662 -0.0568824 0.997616 0.0390786 3.96166 0.997065 0.0587726 -0.0490564 15.4743
-0.0512362 0.0361734 -0.998031 -132.947 -0.0568824 0.997616 0.0390786 4.00523 0.997065 0.0587726 -0.0490564 15.3914
-0.0531796 0.0405509 -0.997761 -134.186 -0.0559869 0.997482 0.0435236 4.03978 0.997014 0.0581761 -0.0507754 15.3428
-0.0525842 0.0446226 -0.997619 -135.481 -0.0541411 0.997404 0.0474668 4.0776 0.997148 0.0565082 -0.0500318 15.2508
-0.0525842 0.0446226 -0.997619 -136.759 -0.0541411 0.997404 0.0474668 4.09719 0.997148 0.0565082 -0.0500318 15.1734
-0.0525561 0.0428809 -0.997697 -138.018 -0.0535169 0.997521 0.0456925 4.13734 0.997183 0.0557951 -0.050131 15.1122
-0.0525561 0.0428809 -0.997697 -139.284 -0.0535169 0.997521 0.0456925 4.16496 0.997183 0.0557951 -0.050131 15.0499
-0.0525561 0.0428809 -0.997697 -140.536 -0.0535169 0.997521 0.0456925 4.18745 0.997183 0.0557951 -0.050131 14.9862
-0.0531963 0.0443628 -0.997598 -141.809 -0.0534557 0.997454 0.0472069 4.23047 0.997152 0.0558385 -0.0506894 14.9259
-0.0531638 0.0477678 -0.997443 -143.059 -0.054657 0.997219 0.0506703 4.26924 0.997089 0.0572111 -0.0504051 14.8612
-0.0521054 0.0488268 -0.997447 -144.301 -0.0567427 0.997046 0.0517713 4.30638 0.997028 0.0592955 -0.0491809 14.7837
-0.0516102 0.0460429 -0.997605 -145.546 -0.0588778 0.997059 0.0490637 4.34902 0.99693 0.061269 -0.0487475 14.7075
-0.0510759 0.0430479 -0.997767 -146.79 -0.0582145 0.997243 0.0460053 4.38755 0.996997 0.0604342 -0.0484291 14.6238
-0.0512282 0.0413815 -0.997829 -148.031 -0.0556772 0.997469 0.044225 4.4247 0.997134 0.0578219 -0.0487945 14.5538
-0.0512282 0.0413815 -0.997829 -149.294 -0.0556772 0.997469 0.044225 4.44643 0.997134 0.0578219 -0.0487945 14.4763
-0.0518824 0.041511 -0.99779 -150.56 -0.0527127 0.997629 0.0442452 4.48405 0.997261 0.0548917 -0.0495713 14.4164
-0.0533474 0.0398071 -0.997782 -151.827 -0.0509872 0.997793 0.0425336 4.52267 0.997273 0.0531432 -0.0512001 14.3658
-0.0533474 0.0398071 -0.997782 -153.077 -0.0509872 0.997793 0.0425336 4.55886 0.997273 0.0531432 -0.0512001 14.2888
-0.0544868 0.0424238 -0.997613 -154.316 -0.0482179 0.99782 0.0450661 4.58971 0.99735 0.0505583 -0.0523224 14.2248
-0.0550503 0.0437454 -0.997525 -155.551 -0.044933 0.997919 0.0462424 4.62754 0.997472 0.0473675 -0.0529701 14.1589
-0.0555262 0.0423211 -0.99756 -156.794 -0.0424566 0.998098 0.0447071 4.66381 0.997554 0.0448354 -0.0536237 14.0893
-0.0558437 0.0428858 -0.997518 -158.036 -0.0440881 0.997997 0.0453745 4.69657 0.997466 0.0465126 -0.0538411 14.0072
-0.0571792 0.0473366 -0.997241 -159.256 -0.0445737 0.997758 0.0499169 4.73201 0.997368 0.047305 -0.054941 13.9464
-0.056753 0.0537857 -0.996938 -160.547 -0.0500105 0.997141 0.0566437 4.78188 0.997135 0.0530721 -0.0539009 13.864
-0.0555364 0.0529051 -0.997054 -161.763 -0.0548441 0.996926 0.0559532 4.83144 0.996949 0.05779 -0.0524641 13.7814
-0.0540826 0.0489402 -0.997336 -162.998 -0.0582195 0.996945 0.052078 4.87831 0.996838 0.0608809 -0.0510681 13.6995
-0.0533208 0.0436886 -0.997621 -164.231 -0.0598436 0.997107 0.0468646 4.91627 0.996783 0.0622001 -0.0505521 13.6315
-0.0516702 0.0425641 -0.997757 -165.474 -0.063087 0.996957 0.045797 4.94697 0.99667 0.0653118 -0.0488277 13.5407
-0.05233 0.0397995 -0.997836 -166.67 -0.0573795 0.997435 0.0427927 4.96801 0.99698 0.0594947 -0.0499121 13.5002
-0.0511483 0.0355777 -0.998057 -167.932 -0.0545653 0.997773 0.0383639 5.00662 0.997199 0.0564216 -0.0490931 13.4173
-0.052391 0.0327117 -0.998091 -169.138 -0.0478759 0.998232 0.0352294 5.02482 0.997478 0.0496302 -0.0507323 13.3642
-0.0535854 0.0356041 -0.997928 -170.384 -0.0458726 0.998221 0.0380778 5.05591 0.997509 0.047818 -0.0518569 13.2973
-0.0538109 0.0422481 -0.997657 -171.666 -0.0460067 0.997939 0.0447415 5.08616 0.997491 0.0483065 -0.0517562 13.2432
-0.054258 0.0447203 -0.997525 -172.882 -0.0474989 0.99775 0.047314 5.12384 0.997397 0.0499485 -0.0520118 13.1909
-0.0530246 0.0412637 -0.99774 -174.106 -0.0486049 0.997855 0.0438515 5.15875 0.99741 0.0508203 -0.0509053 13.1228
-0.0528187 0.0408869 -0.997767 -175.354 -0.0510934 0.997742 0.0435906 5.20225 0.997296 0.0532817 -0.0506104 13.0568
-0.0525565 0.0419631 -0.997736 -176.569 -0.0486748 0.997822 0.0445307 5.22906 0.997431 0.050905 -0.0503994 12.9928
-0.0524187 0.0402264 -0.997815 -177.777 -0.0490242 0.99788 0.0428044 5.25824 0.997421 0.0511608 -0.0503355 12.9278
-0.0510884 0.0390754 -0.997929 -178.957 -0.0483794 0.997964 0.0415535 5.28092 0.997522 0.0504021 -0.0490939 12.8649
-0.0496281 0.0410974 -0.997922 -180.147 -0.0500858 0.997794 0.0435829 5.30505 0.997511 0.0521446 -0.0474602 12.8004
-0.0487466 0.0426555 -0.9979 -181.284 -0.0493716 0.997763 0.0450614 5.32962 0.99759 0.0514645 -0.0465316 12.7397
-0.0487466 0.0426555 -0.9979 -182.424 -0.0493716 0.997763 0.0450614 5.38655 0.99759 0.0514645 -0.0465316 12.6931
-0.0487466 0.0426555 -0.9979 -183.491 -0.0493716 0.997763 0.0450614 5.43506 0.99759 0.0514645 -0.0465316 12.6368
-0.0487466 0.0426555 -0.9979 -184.538 -0.0493716 0.997763 0.0450614 5.47721 0.99759 0.0514645 -0.0465316 12.5746
-0.0487466 0.0426555 -0.9979 -185.545 -0.0493716 0.997763 0.0450614 5.47424 0.99759 0.0514645 -0.0465316 12.5252
-0.0487466 0.0426555 -0.9979 -186.52 -0.0493716 0.997763 0.0450614 5.49092 0.99759 0.0514645 -0.0465316 12.4974
-0.0473769 0.0433904 -0.997934 -187.518 -0.0501613 0.997692 0.0457613 5.51961 0.997617 0.0522257 -0.0450911 12.4434
-0.0473769 0.0433904 -0.997934 -188.468 -0.0501613 0.997692 0.0457613 5.5028 0.997617 0.0522257 -0.0450911 12.376
-0.0505275 0.0405388 -0.9979 -189.415 -0.0479225 0.997927 0.0429664 5.52168 0.997572 0.0499928 -0.04848 12.3237
-0.0555882 0.0367904 -0.997776 -190.345 -0.047616 0.998086 0.0394546 5.54184 0.997318 0.0497033 -0.05373 12.2691
-0.0604831 0.0337615 -0.997598 -191.281 -0.0495026 0.998097 0.0367796 5.55991 0.996941 0.0516083 -0.0586967 12.2025
-0.0648699 0.0324329 -0.997367 -192.257 -0.0510456 0.998055 0.0357754 5.58798 0.996587 0.0532319 -0.0630882 12.1428
-0.067893 0.0328056 -0.997153 -193.176 -0.0522336 0.997972 0.036389 5.60761 0.996324 0.0545554 -0.0660417 12.0733
-0.0702044 0.034489 -0.996936 -194.095 -0.0513668 0.997951 0.0381414 5.62384 0.996209 0.0538871 -0.068289 12.0108
-0.0712225 0.0360265 -0.99681 -195.018 -0.0483932 0.998046 0.0395289 5.64298 0.996286 0.0510541 -0.0693399 11.9336
-0.0727177 0.0361621 -0.996697 -195.957 -0.0465889 0.998128 0.0396131 5.66868 0.996264 0.0493155 -0.0708968 11.863
-0.0738861 0.0351092 -0.996648 -196.878 -0.0468089 0.998157 0.0386325 5.68641 0.996168 0.0495064 -0.0721065 11.7894
-0.0750998 0.0334683 -0.996614 -197.788 -0.0485316 0.99813 0.0371763 5.71046 0.995994 0.0511592 -0.073335 11.7176
-0.0756647 0.0324287 -0.996606 -198.693 -0.051886 0.997989 0.036413 5.73117 0.995782 0.0544651 -0.0738299 11.6465
-0.0752585 0.0304584 -0.996699 -199.629 -0.054535 0.997912 0.0346133 5.75047 0.995672 0.0569599 -0.0734403 11.5734
-0.0747238 0.0277841 -0.996817 -200.544 -0.0546807 0.997994 0.0319159 5.76611 0.995704 0.0568916 -0.0730546 11.5052
-0.0751105 0.0252196 -0.996856 -201.465 -0.0543892 0.998088 0.0293489 5.7812 0.995691 0.0564226 -0.0735952 11.4425
-0.0737597 0.0242993 -0.99698 -202.415 -0.0547361 0.998098 0.0283761 5.80379 0.995773 0.0566638 -0.0722893 11.3577
-0.0739972 0.027141 -0.996889 -203.348 -0.0521387 0.998157 0.0310457 5.8169 0.995895 0.0542738 -0.0724457 11.2959
-0.0739972 0.027141 -0.996889 -204.294 -0.0521387 0.998157 0.0310457 5.85143 0.995895 0.0542738 -0.0724457 11.2221
-0.0738477 0.0246562 -0.996965 -205.25 -0.0472389 0.998486 0.028193 5.85587 0.99615 0.0491775 -0.0725712 11.1595
-0.0743127 0.021183 -0.99701 -206.179 -0.0455566 0.998658 0.0246136 5.87348 0.996194 0.0472495 -0.0732479 11.0926
-0.0724852 0.021344 -0.997141 -207.135 -0.0498227 0.998445 0.0249937 5.88822 0.996124 0.0514919 -0.0713091 10.9975
-0.0699456 0.0252981 -0.99723 -208.101 -0.0509084 0.998285 0.0288956 5.89844 0.996251 0.0527885 -0.0685378 10.9094
-0.0669683 0.0255551 -0.997428 -209.07 -0.0485476 0.998404 0.0288397 5.91011 0.996573 0.0503541 -0.0656208 10.8294
-0.0642341 0.0269188 -0.997572 -210.047 -0.0473135 0.99843 0.0299885 5.93203 0.996813 0.0491249 -0.0628596 10.756
-0.0630269 0.0316102 -0.997511 -211.033 -0.0481616 0.998237 0.0346763 5.95079 0.996849 0.0502273 -0.0613934 10.6946
-0.0619238 0.0364081 -0.997417 -212.027 -0.0447496 0.998228 0.039216 5.96334 0.997077 0.0470624 -0.0601849 10.639
-0.0619238 0.0364081 -0.997417 -213.033 -0.0447496 0.998228 0.039216 5.99214 0.997077 0.0470624 -0.0601849 10.5997
-0.0593266 0.0368573 -0.997558 -214.068 -0.0479968 0.998057 0.0397302 6.02389 0.997084 0.0502367 -0.0574423 10.5236
-0.0569469 0.0385234 -0.997634 -215.09 -0.0505258 0.997864 0.0414164 6.05132 0.997098 0.0527648 -0.0548788 10.4634
-0.0546905 0.038707 -0.997753 -216.112 -0.0510852 0.997831 0.0415102 6.07531 0.997196 0.0532406 -0.0525946 10.416
-0.0515438 0.0359029 -0.998025 -217.156 -0.0536566 0.997811 0.0386663 6.10676 0.997228 0.0555436 -0.0495045 10.3529
-0.0498614 0.0324416 -0.998229 -218.202 -0.0530147 0.997977 0.0350815 6.13671 0.997348 0.05467 -0.0480407 10.3137
-0.0498614 0.0324416 -0.998229 -219.263 -0.0530147 0.997977 0.0350815 6.15184 0.997348 0.05467 -0.0480407 10.2907
-0.0498614 0.0324416 -0.998229 -220.333 -0.0530147 0.997977 0.0350815 6.2098 0.997348 0.05467 -0.0480407 10.2566
-0.0490637 0.0351694 -0.998176 -221.408 -0.0547464 0.997783 0.0378465 6.24051 0.997294 0.0565035 -0.0470295 10.2055
-0.0490637 0.0351694 -0.998176 -222.486 -0.0547464 0.997783 0.0378465 6.26081 0.997294 0.0565035 -0.0470295 10.1678
-0.0486543 0.0322269 -0.998296 -223.573 -0.052734 0.998002 0.0347876 6.28803 0.997423 0.0543367 -0.0468577 10.1224
-0.0487526 0.0293579 -0.998379 -224.665 -0.0497569 0.998255 0.031784 6.31118 0.997571 0.0512258 -0.0472068 10.0731
-0.0487526 0.0293579 -0.998379 -225.756 -0.0497569 0.998255 0.031784 6.31384 0.997571 0.0512258 -0.0472068 10.0144
-0.0487526 0.0293579 -0.998379 -226.881 -0.0497569 0.998255 0.031784 6.31859 0.997571 0.0512258 -0.0472068 9.96094
-0.0487526 0.0293579 -0.998379 -227.979 -0.0497569 0.998255 0.031784 6.33972 0.997571 0.0512258 -0.0472068 9.90393
-0.0496179 0.030136 -0.998314 -229.098 -0.0515424 0.998136 0.0326924 6.35998 0.997437 0.0530776 -0.0479721 9.85138
-0.0502692 0.0320827 -0.99822 -230.247 -0.0521844 0.998034 0.0347047 6.39008 0.997371 0.0538362 -0.0484961 9.79726
-0.0512317 0.0336434 -0.99812 -231.414 -0.0526103 0.997954 0.0363382 6.41841 0.9973 0.054373 -0.0493569 9.74167
-0.0521805 0.0354734 -0.998007 -232.542 -0.0533155 0.997845 0.0382552 6.44155 0.997213 0.0552054 -0.0501768 9.6753
-0.0530688 0.0363703 -0.997928 -233.718 -0.0562193 0.997643 0.0393495 6.47331 0.997007 0.058191 -0.050899 9.60788
-0.0545311 0.0352522 -0.99789 -234.872 -0.0582101 0.997565 0.0384217 6.49835 0.996814 0.0601824 -0.0523462 9.53736
-0.0542002 0.0305515 -0.998063 -236.013 -0.056723 0.997824 0.0336246 6.52503 0.996918 0.0584356 -0.0523493 9.4349
-0.0562527 0.0247267 -0.99811 -237.206 -0.0535073 0.998182 0.0277441 6.54575 0.996982 0.0549669 -0.0548273 9.38294
-0.0569966 0.0212112 -0.998149 -238.366 -0.0487811 0.998521 0.0240046 6.55011 0.997182 0.050059 -0.0558776 9.28423
-0.0578922 0.0221844 -0.998076 -239.553 -0.0426717 0.998784 0.0246752 6.55921 0.99741 0.0440181 -0.0568752 9.18775
-0.0580916 0.0267094 -0.997954 -240.727 -0.0377348 0.998869 0.0289305 6.56688 0.997598 0.0393382 -0.0570181 9.07411
-0.059566 0.0294097 -0.997791 -241.951 -0.0359897 0.998853 0.0315895 6.58384 0.997575 0.0377919 -0.0584392 8.98382
-0.0611566 0.0288132 -0.997712 -243.162 -0.0343877 0.998929 0.0309562 6.6052 0.997536 0.0362022 -0.0601003 8.89235
-0.0611566 0.0288132 -0.997712 -244.389 -0.0343877 0.998929 0.0309562 6.64147 0.997536 0.0362022 -0.0601003 8.77625
-0.0611566 0.0288132 -0.997712 -245.607 -0.0343877 0.998929 0.0309562 6.68515 0.997536 0.0362022 -0.0601003 8.65397
-0.0637483 0.0285904 -0.997556 -246.832 -0.0335142 0.998964 0.0307725 6.70167 0.997403 0.035394 -0.0627241 8.57366
-0.0652682 0.0274894 -0.997489 -248.086 -0.0331165 0.99901 0.0296982 6.72242 0.997318 0.0349717 -0.0642932 8.4749
-0.0680689 0.0268278 -0.99732 -249.332 -0.0327017 0.999041 0.029106 6.74582 0.997145 0.0345953 -0.0671263 8.38934
-0.0720378 0.0279658 -0.99701 -250.571 -0.032954 0.998994 0.0304025 6.76174 0.996857 0.0350456 -0.0710438 8.31482
-0.077083 0.0278314 -0.996636 -251.818 -0.0331154 0.998987 0.0304583 6.78373 0.996475 0.0353518 -0.0760833 8.24743
-0.0800622 0.0291571 -0.996363 -253.083 -0.0341601 0.998905 0.0319763 6.80104 0.996204 0.036596 -0.0789785 8.14582
-0.0828272 0.031005 -0.996081 -254.364 -0.0355619 0.998787 0.0340464 6.82346 0.995929 0.0382425 -0.0816241 8.0397
-0.0840569 0.0316824 -0.995957 -255.626 -0.0371894 0.998698 0.0349083 6.8441 0.995767 0.0399733 -0.0827692 7.92359
-0.0840569 0.0316824 -0.995957 -256.906 -0.0371894 0.998698 0.0349083 6.8774 0.995767 0.0399733 -0.0827692 7.79224
-0.0840569 0.0316824 -0.995957 -258.175 -0.0371894 0.998698 0.0349083 6.9003 0.995767 0.0399733 -0.0827692 7.67407
-0.0840569 0.0316824 -0.995957 -259.438 -0.0371894 0.998698 0.0349083 6.90012 0.995767 0.0399733 -0.0827692 7.56369
-0.0840569 0.0316824 -0.995957 -260.647 -0.0371894 0.998698 0.0349083 6.89061 0.995767 0.0399733 -0.0827692 7.456
-0.0840569 0.0316824 -0.995957 -261.916 -0.0371894 0.998698 0.0349083 6.91221 0.995767 0.0399733 -0.0827692 7.33796
-0.0840569 0.0316824 -0.995957 -263.178 -0.0371894 0.998698 0.0349083 6.94137 0.995767 0.0399733 -0.0827692 7.22254
-0.0840569 0.0316824 -0.995957 -264.471 -0.0371894 0.998698 0.0349083 6.96595 0.995767 0.0399733 -0.0827692 7.11552
-0.0840569 0.0316824 -0.995957 -265.709 -0.0371894 0.998698 0.0349083 6.99705 0.995767 0.0399733 -0.0827692 7.00445
-0.0809268 0.0324328 -0.996192 -267 -0.0352073 0.998754 0.0353763 7.02241 0.996098 0.0379361 -0.0796841 6.849
-0.0823445 0.0350531 -0.995987 -268.281 -0.0304883 0.998825 0.0376736 7.04541 0.996137 0.0334681 -0.081179 6.75738
-0.0830077 0.0381088 -0.99582 -269.526 -0.0272404 0.998808 0.0404938 7.07623 0.996177 0.0304878 -0.0818707 6.65848
-0.0827007 0.0407954 -0.995739 -270.783 -0.0255532 0.998746 0.0430409 7.103 0.996247 0.0290038 -0.0815546 6.55032
-0.0837063 0.0393209 -0.995714 -272.027 -0.0255475 0.998808 0.0415907 7.13335 0.996163 0.0289194 -0.082602 6.45356
-0.083787 0.0374299 -0.99578 -273.256 -0.0279326 0.998813 0.0398942 7.16341 0.996092 0.0311574 -0.082642 6.3407
-0.084695 0.0404415 -0.995586 -274.519 -0.0337865 0.998485 0.0434335 7.19523 0.995834 0.037316 -0.0832003 6.22792
-0.085278 0.0460848 -0.995291 -275.753 -0.0377676 0.998062 0.0494491 7.22646 0.995641 0.0418067 -0.0833722 6.11558
-0.0854485 0.0456697 -0.995295 -276.997 -0.0422982 0.997882 0.0494198 7.26165 0.995444 0.046322 -0.0833357 5.99944
-0.0849713 0.0391707 -0.995613 -278.247 -0.0413072 0.998229 0.042799 7.29728 0.995527 0.0447627 -0.0832028 5.88507
-0.086634 0.0339738 -0.995661 -279.481 -0.0381006 0.998574 0.0373884 7.32501 0.995511 0.0411744 -0.0852161 5.78725
-0.0870038 0.0332666 -0.995652 -280.723 -0.0320929 0.99883 0.0361771 7.35066 0.995691 0.0351009 -0.0858344 5.68759
-0.0867067 0.0349442 -0.995621 -281.969 -0.0287958 0.998879 0.0375663 7.37844 0.995818 0.0319269 -0.0856033 5.58639
-0.0867067 0.0349442 -0.995621 -283.158 -0.0287958 0.998879 0.0375663 7.44266 0.995818 0.0319269 -0.0856033 5.52285
-0.0867067 0.0349442 -0.995621 -284.402 -0.0287958 0.998879 0.0375663 7.52639 0.995818 0.0319269 -0.0856033 5.43994
-0.0867067 0.0349442 -0.995621 -285.625 -0.0287958 0.998879 0.0375663 7.57497 0.995818 0.0319269 -0.0856033 5.3345
-0.0867067 0.0349442 -0.995621 -286.895 -0.0287958 0.998879 0.0375663 7.62359 0.995818 0.0319269 -0.0856033 5.24757
-0.0867067 0.0349442 -0.995621 -288.118 -0.0287958 0.998879 0.0375663 7.63093 0.995818 0.0319269 -0.0856033 5.14387
-0.0867067 0.0349442 -0.995621 -289.343 -0.0287958 0.998879 0.0375663 7.6105 0.995818 0.0319269 -0.0856033 5.02603
-0.0867067 0.0349442 -0.995621 -290.576 -0.0287958 0.998879 0.0375663 7.61281 0.995818 0.0319269 -0.0856033 4.91202
-0.0867067 0.0349442 -0.995621 -291.806 -0.0287958 0.998879 0.0375663 7.63323 0.995818 0.0319269 -0.0856033 4.79214
-0.0867067 0.0349442 -0.995621 -293.042 -0.0287958 0.998879 0.0375663 7.65125 0.995818 0.0319269 -0.0856033 4.68388
-0.0867067 0.0349442 -0.995621 -294.279 -0.0287958 0.998879 0.0375663 7.68198 0.995818 0.0319269 -0.0856033 4.56111
-0.0867067 0.0349442 -0.995621 -295.496 -0.0287958 0.998879 0.0375663 7.70933 0.995818 0.0319269 -0.0856033 4.44439
-0.0878407 0.0333746 -0.995575 -296.721 -0.028775 0.998936 0.0360261 7.73301 0.995719 0.0318123 -0.0867869 4.34114
-0.0878256 0.0313475 -0.995643 -297.964 -0.0289794 0.999001 0.0340095 7.75098 0.995714 0.03184 -0.0868295 4.21963
-0.0898391 0.0289149 -0.995536 -299.18 -0.0300803 0.999044 0.0317312 7.7645 0.995502 0.0327968 -0.0888835 4.11863
-0.0909059 0.0280522 -0.995464 -300.413 -0.0322712 0.998995 0.0310987 7.77732 0.995336 0.0349518 -0.0899093 4.0015
-0.0903628 0.0277002 -0.995524 -301.647 -0.036229 0.99886 0.0310815 7.80147 0.99525 0.0388755 -0.0892562 3.85104
-0.0900204 0.0288975 -0.995521 -302.874 -0.0396883 0.998681 0.0325781 7.81971 0.995149 0.0424432 -0.0887548 3.70554
-0.0907639 0.0297046 -0.995429 -304.1 -0.0438308 0.998467 0.0337918 7.84029 0.994907 0.0466975 -0.0893228 3.57795
-0.0908229 0.0296306 -0.995426 -305.309 -0.0456166 0.998384 0.0338807 7.86131 0.994822 0.0484851 -0.0893245 3.4386
-0.0908238 0.0275135 -0.995487 -306.578 -0.0454045 0.998464 0.0317383 7.88288 0.994831 0.0480821 -0.0894351 3.31114
-0.0914904 0.0256607 -0.995475 -307.869 -0.0432659 0.998621 0.0297182 7.905 0.994866 0.0457891 -0.0902541 3.19593
-0.0919129 0.0252064 -0.995448 -309.129 -0.0406158 0.998753 0.0290403 7.92719 0.994938 0.0431001 -0.0907744 3.06738
-0.0916971 0.0271291 -0.995417 -310.346 -0.0389252 0.998767 0.0308062 7.94697 0.995026 0.0415717 -0.0905281 2.91891
-0.0925148 0.0281566 -0.995313 -311.612 -0.0373261 0.998799 0.0317248 7.96543 0.995011 0.0400861 -0.0913528 2.80343
-0.0925148 0.0281566 -0.995313 -312.884 -0.0373261 0.998799 0.0317248 7.97467 0.995011 0.0400861 -0.0913528 2.67941
-0.0925199 0.0265262 -0.995357 -314.134 -0.0389135 0.998785 0.0302346 7.99652 0.99495 0.0415302 -0.0913753 2.55072
