1 0 0 0 0 1 0 0 0 0 1 0
0.999951 -0.00293639 0.00946196 0.0294077 0.00292593 0.999995 0.00111941 -0.00954354 -0.0094652 -0.00109167 0.999955 0.240456
0.99986 -0.00499261 0.0159763 0.0425057 0.00498385 0.999987 0.000588073 -0.00955945 -0.0159791 -0.000508367 0.999872 0.529716
0.99982 -0.00803798 0.0172097 0.0622305 0.00805543 0.999967 -0.000944838 -0.0131907 -0.0172015 0.0010833 0.999851 0.827546
0.999849 -0.00901075 0.0148651 0.0650422 0.00903925 0.999957 -0.0018512 -0.0223848 -0.0148478 0.00198529 0.999888 1.13567
0.999902 -0.0117494 0.00764291 0.0719724 0.0117735 0.999926 -0.00311435 -0.0284522 -0.00760575 0.00320403 0.999966 1.45074
0.999867 -0.0154284 -0.00524673 0.0753026 0.0153724 0.999826 -0.0105458 0.0398781 0.00540853 0.0104638 0.999931 1.78916
0.999591 -0.015094 -0.0242942 0.0693244 0.0148355 0.999832 -0.0107871 0.026533 0.0244529 0.0104222 0.999647 2.05844
0.998992 -0.00991343 -0.0437762 0.0236327 0.00936714 0.999876 -0.0126667 0.0586132 0.0438963 0.0122438 0.998961 2.38727
0.997952 -0.00645619 -0.0636457 -0.0310818 0.00558806 0.999889 -0.0138085 0.0475356 0.0637278 0.0134246 0.997877 2.73321
0.996175 -0.00712257 -0.0870873 -0.0439444 0.00594767 0.999888 -0.0137431 0.0285672 0.0871755 0.0131726 0.996106 3.05819
0.994101 -0.00773923 -0.108178 -0.111361 0.00624586 0.999881 -0.0141367 0.0380026 0.108275 0.0133776 0.994031 3.42307
0.992096 -0.00856404 -0.125191 -0.213159 0.00703688 0.999895 -0.0126357 0.0226713 0.125286 0.0116549 0.992052 3.79557
0.989838 -0.00718578 -0.142021 -0.304891 0.00563494 0.99992 -0.011319 0.00503271 0.142091 0.0104037 0.989799 4.18442
0.98749 -0.00581336 -0.157574 -0.384478 0.00389235 0.999914 -0.012497 0.0131939 0.157633 0.0117274 0.987428 4.59084
0.985245 -0.00544545 -0.171062 -0.475482 0.00326715 0.99991 -0.0130129 0.00502503 0.171117 0.0122621 0.985174 5.00918
0.983371 -0.00653952 -0.181492 -0.587458 0.00394482 0.999885 -0.0146538 0.00040484 0.181567 0.0136942 0.983283 5.44332
0.981133 -0.0105683 -0.193043 -0.656116 0.00758113 0.99984 -0.0162062 -0.0153599 0.193183 0.0144369 0.981056 5.90639
0.979757 -0.00979819 -0.199953 -0.766616 0.00624761 0.999812 -0.0183804 -0.0232847 0.200095 0.016759 0.979633 6.36553
0.978663 -0.00861465 -0.205292 -0.902196 0.00479443 0.999806 -0.0190989 -0.0412705 0.205417 0.0177071 0.978514 6.84101
0.976665 -0.00968487 -0.214551 -1.0045 0.00514771 0.999751 -0.0216959 -0.0530733 0.214708 0.0200851 0.976472 7.33663
0.975053 -0.0140086 -0.221532 -1.13038 0.00919871 0.999699 -0.0227291 -0.0745943 0.221783 0.0201242 0.974888 7.83279
0.973323 -0.0203185 -0.228537 -1.25237 0.0152415 0.999597 -0.0239581 -0.0902532 0.228932 0.0198357 0.97324 8.34246
0.972009 -0.0206564 -0.234033 -1.4185 0.014747 0.999527 -0.0269723 -0.104718 0.234479 0.022766 0.971854 8.84331
0.969807 -0.0165536 -0.243312 -1.5559 0.00922913 0.99947 -0.0312126 -0.124401 0.243699 0.0280247 0.969446 9.37632
0.967555 -0.0138708 -0.252278 -1.70965 0.00516647 0.999369 -0.0351329 -0.136133 0.252606 0.0326897 0.967017 9.92003
0.964891 -0.0164348 -0.262135 -1.85457 0.00698895 0.999294 -0.036926 -0.1598 0.262556 0.0337976 0.964325 10.5063
0.962955 -0.0195255 -0.268956 -2.04674 0.00931431 0.999188 -0.0391901 -0.186241 0.269503 0.0352332 0.962355 11.0881
0.960248 -0.0195366 -0.278463 -2.21679 0.00815272 0.999085 -0.0419808 -0.212523 0.279029 0.0380417 0.959529 11.6977
0.9578 -0.0190455 -0.286804 -2.39077 0.0062996 0.998954 -0.0452986 -0.246857 0.287367 0.0415803 0.956918 12.2819
0.955451 -0.019982 -0.294472 -2.5777 0.00532474 0.99871 -0.0504928 -0.280114 0.295101 0.0466754 0.954325 12.8681
0.953622 -0.0220638 -0.300198 -2.77455 0.00485807 0.998308 -0.0579409 -0.32112 0.300968 0.0537953 0.952116 13.4646
0.952116 -0.0230576 -0.304867 -2.9737 0.00292402 0.997793 -0.0663329 -0.358981 0.305724 0.0622652 0.950082 14.097
0.950796 -0.0227104 -0.308983 -3.1863 -0.000783333 0.99713 -0.0756998 -0.399304 0.309816 0.0722172 0.94805 14.729
0.949473 -0.0229564 -0.313008 -3.41752 -0.00375958 0.996418 -0.0844827 -0.455398 0.313826 0.0813908 0.945986 15.3784
0.948003 -0.022593 -0.317457 -3.64824 -0.00666337 0.995849 -0.0907717 -0.526196 0.31819 0.0881672 0.943918 16.0403
0.945951 -0.0209271 -0.323635 -3.85716 -0.0114202 0.995148 -0.0977289 -0.585378 0.32411 0.0961427 0.941121 16.6921
0.944482 -0.0197686 -0.327968 -4.11135 -0.0154806 0.994402 -0.10452 -0.649565 0.328198 0.103794 0.938889 17.3581
0.942687 -0.0184732 -0.333167 -4.36284 -0.0191016 0.993841 -0.109153 -0.738205 0.333132 0.109261 0.936528 18.0202
0.940786 -0.0161162 -0.338618 -4.63056 -0.0236914 0.993301 -0.113097 -0.811896 0.338173 0.114423 0.934102 18.7378
0.938625 -0.015297 -0.3446 -4.88036 -0.0259118 0.993067 -0.114662 -0.895048 0.343965 0.116554 0.931721 19.4356
0.937552 -0.0148832 -0.347528 -5.20121 -0.0264615 0.993138 -0.113919 -0.989111 0.346838 0.116001 0.930724 20.1135
0.934985 -0.0147107 -0.354382 -5.47637 -0.0272859 0.993195 -0.113218 -1.07111 0.353636 0.115527 0.928222 20.8398
0.932731 -0.0152436 -0.360251 -5.78379 -0.0272385 0.993272 -0.112553 -1.15309 0.359543 0.114794 0.92604 21.5699
0.929534 -0.0145256 -0.368449 -6.08025 -0.0279603 0.99357 -0.109709 -1.24346 0.367674 0.11228 0.923152 22.2975
0.92638 -0.0130084 -0.376367 -6.40136 -0.0287433 0.994046 -0.105105 -1.32596 0.375493 0.108185 0.92049 23.0359
0.922749 -0.00950057 -0.385285 -6.73522 -0.0316196 0.99446 -0.10025 -1.41235 0.384102 0.104688 0.917336 23.7909
0.91835 -0.00607722 -0.395722 -7.04821 -0.035123 0.994685 -0.0967855 -1.49307 0.394207 0.102782 0.913256 24.556
0.914811 -0.00491401 -0.403852 -7.40639 -0.0366653 0.994787 -0.0951591 -1.5775 0.402214 0.10186 0.909862 25.2992
0.910979 -0.00490282 -0.412424 -7.76567 -0.0376331 0.99477 -0.0949513 -1.65896 0.410732 0.102019 0.90603 26.0538
0.906548 -0.0055454 -0.422066 -8.1141 -0.0367963 0.995069 -0.092108 -1.76005 0.420496 0.0990308 0.901874 26.8221
0.902606 -0.00507617 -0.430439 -8.49625 -0.0372693 0.995254 -0.0898886 -1.84682 0.428852 0.0971761 0.898133 27.5996
0.897783 -0.00642337 -0.440391 -8.85351 -0.0354225 0.995602 -0.0867339 -1.93827 0.439011 0.093468 0.893607 28.3907
0.893679 -0.00615161 -0.448665 -9.24887 -0.0355587 0.99579 -0.0844811 -2.00073 0.447296 0.0914529 0.889698 29.1829
0.889697 -0.00429329 -0.456531 -9.66658 -0.0350242 0.996367 -0.0776257 -2.09284 0.455206 0.085053 0.886314 29.9909
0.884778 -0.00421488 -0.465995 -10.1064 -0.0339002 0.996728 -0.0733811 -2.17255 0.464779 0.0807233 0.881739 30.8391
0.879911 -0.00518677 -0.475111 -10.5315 -0.0329094 0.996874 -0.0718315 -2.2492 0.473998 0.0788409 0.876989 31.6714
0.875576 -0.00620778 -0.48304 -10.9762 -0.0312604 0.997094 -0.0694779 -2.32967 0.482067 0.0759332 0.872838 32.5113
0.871905 -0.0057916 -0.48964 -11.4325 -0.0310366 0.997266 -0.0670629 -2.40273 0.48869 0.0736692 0.869342 33.3422
0.867472 -0.00753621 -0.497429 -11.8924 -0.0287084 0.997461 -0.0651768 -2.4744 0.496657 0.0708194 0.865053 34.2007
0.865055 -0.0105697 -0.501566 -12.3829 -0.0263491 0.997441 -0.0664639 -2.52454 0.500985 0.0707107 0.862562 35.0359
0.859545 -0.00950693 -0.510971 -12.8573 -0.0279723 0.997453 -0.0656127 -2.61943 0.510294 0.0706902 0.85709 35.9496
0.852332 -0.0118292 -0.522868 -13.3807 -0.0271292 0.997398 -0.0667884 -2.6745 0.522297 0.0711109 0.849793 36.9292
0.850458 -0.0112581 -0.525922 -13.8897 -0.0269989 0.997519 -0.0650127 -2.76025 0.525349 0.0694899 0.848045 37.823
0.850227 -0.0111721 -0.526297 -14.4214 -0.0262006 0.997638 -0.0635043 -2.83283 0.525764 0.0677824 0.847926 38.6931
0.849976 -0.0124072 -0.526676 -14.9797 -0.0242137 0.997746 -0.0625818 -2.9117 0.526265 0.0659457 0.84776 39.5759
0.848757 -0.0150237 -0.528569 -15.5392 -0.0220708 0.997719 -0.0637989 -2.9833 0.528322 0.0658158 0.84649 40.4883
0.847235 -0.0180937 -0.530911 -16.0914 -0.0194405 0.997694 -0.0650252 -3.04829 0.530863 0.0654128 0.844929 41.3858
0.845441 -0.0193728 -0.533717 -16.654 -0.0171357 0.997843 -0.0633636 -3.12205 0.533793 0.0627158 0.843286 42.2839
0.843049 -0.0180293 -0.537534 -17.2431 -0.0163801 0.998114 -0.0591675 -3.20824 0.537587 0.058686 0.841164 43.1986
0.839258 -0.0175012 -0.543451 -17.8051 -0.0145355 0.998403 -0.0545996 -3.29643 0.543539 0.0537225 0.837663 44.1109
0.833381 -0.0181845 -0.5524 -18.3769 -0.0132453 0.998514 -0.0528527 -3.3717 0.552541 0.0513631 0.831902 45.047
0.82816 -0.0226838 -0.560033 -18.989 -0.0107556 0.998354 -0.0563426 -3.43148 0.560389 0.0526842 0.826552 45.9197
0.821305 -0.0269173 -0.569853 -19.6144 -0.00903965 0.998147 -0.0601765 -3.49917 0.570417 0.0545745 0.81954 46.8213
0.814902 -0.0270316 -0.578968 -20.2524 -0.00920443 0.998182 -0.0595597 -3.57558 0.579526 0.0538644 0.813172 47.7064
0.809128 -0.0237257 -0.587153 -20.8919 -0.0101471 0.998472 -0.0543295 -3.65147 0.587545 0.0499174 0.80765 48.5465
0.804272 -0.0187403 -0.593965 -21.5533 -0.0133662 0.998679 -0.0496083 -3.72294 0.594111 0.0478377 0.80296 49.3995
0.799139 -0.0187775 -0.600853 -22.1826 -0.0151779 0.998563 -0.0513932 -3.79229 0.600955 0.05019 0.797705 50.2557
0.795833 -0.021449 -0.605136 -22.8454 -0.0157854 0.998298 -0.0561445 -3.85684 0.60531 0.054234 0.79414 51.1016
0.791597 -0.0218339 -0.610653 -23.5109 -0.0199441 0.997906 -0.061534 -3.9383 0.610717 0.0608891 0.789504 52.0176
0.789655 -0.0219643 -0.613158 -24.1976 -0.020353 0.997871 -0.061957 -4.02721 0.613213 0.0614042 0.787527 52.79
0.786215 -0.0207196 -0.617606 -24.8698 -0.0193921 0.998118 -0.0581714 -4.10444 0.617649 0.0577119 0.784334 53.6318
0.783369 -0.0181046 -0.621293 -25.5634 -0.0196057 0.998359 -0.0538127 -4.1708 0.621247 0.0543361 0.781728 54.4611
0.780904 -0.0167025 -0.624428 -26.2637 -0.0200754 0.998455 -0.0518133 -4.22951 0.624329 0.0529969 0.779362 55.2973
0.778245 -0.0166018 -0.627741 -26.9549 -0.0204369 0.998451 -0.0517427 -4.30635 0.627628 0.0530976 0.776701 56.1073
0.774144 -0.0184036 -0.632742 -27.6429 -0.0194936 0.99841 -0.0528891 -4.38034 0.632709 0.0532783 0.772555 56.9557
0.769854 -0.0213466 -0.637863 -28.3466 -0.018275 0.998293 -0.0554654 -4.4499 0.637959 0.0543572 0.76815 57.7944
0.764397 -0.0225517 -0.644351 -29.0083 -0.017483 0.998296 -0.0556796 -4.52399 0.644509 0.0538265 0.7627 58.6396
0.76063 -0.0225835 -0.648793 -29.7335 -0.0171597 0.998346 -0.0548686 -4.5985 0.648959 0.0528677 0.758984 59.4464
0.755618 -0.0228053 -0.654615 -30.4671 -0.0170805 0.998368 -0.0544968 -4.6666 0.654789 0.0523599 0.753996 60.2798
0.750505 -0.0233724 -0.660452 -31.2034 -0.0169042 0.998368 -0.05454 -4.75175 0.660649 0.052097 0.748885 61.0903
0.745057 -0.0245369 -0.66655 -31.9437 -0.0170826 0.998293 -0.0558436 -4.81658 0.666782 0.0529931 0.743366 61.9083
0.739667 -0.025863 -0.672476 -32.6852 -0.0163499 0.998276 -0.0563765 -4.89354 0.672775 0.0526947 0.737968 62.7009
0.73355 -0.0272212 -0.67909 -33.4472 -0.0165569 0.998185 -0.0578968 -4.96491 0.679434 0.0537138 0.731768 63.5162
0.727927 -0.0294002 -0.685024 -34.2081 -0.015003 0.998158 -0.058782 -5.04076 0.68549 0.0530664 0.726145 64.3017
0.721899 -0.030752 -0.691315 -34.9991 -0.0129768 0.998235 -0.0579556 -5.12543 0.691877 0.0508092 0.720226 65.1074
0.714617 -0.0302756 -0.69886 -35.7662 -0.0124323 0.998355 -0.0559628 -5.20449 0.699405 0.0486804 0.713066 65.9082
0.706918 -0.0319551 -0.706573 -36.5313 -0.00991681 0.998433 -0.0550763 -5.275 0.707226 0.0459414 0.705494 66.7103
0.699743 -0.0340499 -0.713583 -37.3304 -0.00772114 0.998445 -0.055214 -5.35566 0.714353 0.0441453 0.698391 67.5032
0.692698 -0.0354443 -0.720357 -38.1175 -0.00770512 0.998371 -0.0565329 -5.435 0.721187 0.0447106 0.691296 68.2833
0.686788 -0.0395388 -0.725782 -38.9833 -0.00385692 0.998307 -0.058035 -5.45347 0.726848 0.042657 0.685473 69.0549
0.677135 -0.0386022 -0.734846 -39.7367 -0.00317548 0.998461 -0.0553762 -5.55047 0.735852 0.0398306 0.67597 69.8984
0.670615 -0.0383759 -0.740812 -40.5241 -0.00489315 0.99841 -0.0561496 -5.61634 0.741789 0.0412797 0.669362 70.668
0.665804 -0.0402633 -0.745039 -41.3579 -0.0030456 0.998388 -0.0566764 -5.69195 0.74612 0.0400045 0.664608 71.4192
0.660156 -0.0422141 -0.749941 -42.2168 -0.00350488 0.998235 -0.0592759 -5.77114 0.75112 0.0417598 0.658844 72.1762
0.654538 -0.0451366 -0.75468 -43.1021 -0.00259193 0.998076 -0.0619419 -5.85112 0.756024 0.0424994 0.653162 72.9338
0.648348 -0.0454472 -0.759987 -43.9254 -0.00331631 0.998039 -0.0625118 -5.93355 0.761337 0.0430497 0.646925 73.686
0.642775 -0.0451038 -0.764726 -44.8256 -0.00286002 0.998117 -0.0612732 -6.0182 0.76605 0.041572 0.641436 74.4433
0.636521 -0.0446773 -0.769964 -45.7036 -0.00281385 0.99818 -0.0602457 -6.10781 0.771254 0.0405142 0.635237 75.1997
0.629557 -0.045038 -0.775648 -46.5721 -0.00270477 0.998185 -0.060155 -6.19984 0.776949 0.039969 0.628293 75.9612
0.622794 -0.0459786 -0.781034 -47.4502 -0.00185692 0.998182 -0.0602426 -6.28473 0.782384 0.0389691 0.621576 76.7183
0.617463 -0.0461268 -0.785246 -48.3689 -0.00123408 0.998221 -0.0596078 -6.37368 0.786599 0.0377747 0.616308 77.4589
0.613198 -0.0473619 -0.788508 -49.3247 0.000567011 0.998227 -0.0595178 -6.45683 0.789929 0.0360491 0.612137 78.1898
0.60874 -0.0502735 -0.791776 -50.2732 0.00355658 0.998153 -0.0606429 -6.54202 0.793362 0.0340997 0.607794 78.917
0.60333 -0.055301 -0.795572 -51.2196 0.00694926 0.99792 -0.0640964 -6.62924 0.797461 0.0331427 0.602459 79.6534
0.597883 -0.0596547 -0.799361 -52.1884 0.0117134 0.997771 -0.0657006 -6.71406 0.801498 0.029918 0.597249 80.3931
0.589793 -0.0637868 -0.805032 -53.1545 0.0171123 0.997639 -0.0665111 -6.80044 0.807373 0.0254518 0.589492 81.122
0.581026 -0.0671541 -0.81111 -54.1413 0.0216248 0.997512 -0.0670963 -6.89563 0.813597 0.0214446 0.581033 81.8297
0.571691 -0.0682277 -0.817627 -55.1367 0.0244492 0.997511 -0.0661432 -6.9861 0.820105 0.0178231 0.571936 82.5221
0.56293 -0.0668497 -0.823797 -56.1747 0.025111 0.997647 -0.0637982 -7.07473 0.826123 0.0152275 0.563284 83.2129
0.553653 -0.066694 -0.830072 -57.2126 0.0245495 0.997662 -0.063785 -7.16736 0.832385 0.0149369 0.553996 83.9004
0.544426 -0.0681328 -0.836037 -58.2521 0.0229812 0.997533 -0.0663286 -7.25626 0.838494 0.0168979 0.544649 84.5543
0.534135 -0.0700658 -0.842491 -59.3061 0.0232416 0.9974 -0.0682138 -7.35647 0.84508 0.0168545 0.534375 85.2183
0.523474 -0.0718544 -0.849007 -60.3661 0.0233719 0.997274 -0.0699923 -7.45204 0.851721 0.0167962 0.523726 85.8884
0.513689 -0.072464 -0.854911 -61.4403 0.0260783 0.997285 -0.0688622 -7.55299 0.85758 0.0130791 0.514184 86.5208
0.502986 -0.0726501 -0.861236 -62.5351 0.0272171 0.997298 -0.0682321 -7.65145 0.863866 0.0108794 0.503604 87.1563
0.492418 -0.0737449 -0.867229 -63.6193 0.0273434 0.997223 -0.0692732 -7.74523 0.869929 0.0103984 0.493067 87.7741
0.481702 -0.0749092 -0.873128 -64.738 0.0265679 0.99713 -0.0708904 -7.84544 0.875932 0.0109509 0.48231 88.39
0.471416 -0.0755988 -0.878665 -65.8491 0.0248198 0.997062 -0.0724693 -7.94457 0.881562 0.0123549 0.471907 88.981
0.461531 -0.0768436 -0.883789 -66.9897 0.0230658 0.996944 -0.0746368 -8.04676 0.886824 0.0140619 0.461893 89.5638
0.452641 -0.0764403 -0.88841 -68.1102 0.0219204 0.996972 -0.0746127 -8.15544 0.891423 0.0142985 0.452946 90.1217
0.442679 -0.0745231 -0.893578 -69.2456 0.0211422 0.997131 -0.0726854 -8.25863 0.896431 0.0132841 0.442985 90.6994
0.435427 -0.0727297 -0.897281 -70.392 0.0212708 0.997284 -0.0705133 -8.36476 0.899973 0.0116175 0.435792 91.2393
0.426657 -0.0730363 -0.90146 -71.532 0.0218083 0.997275 -0.0704775 -8.47192 0.904151 0.0104104 0.427087 91.7952
0.418135 -0.0763971 -0.905166 -72.703 0.0238604 0.997037 -0.073129 -8.57499 0.908071 0.00898021 0.418719 92.3459
0.411246 -0.0798101 -0.908024 -73.8872 0.0266314 0.996786 -0.0755504 -8.68298 0.911135 0.00688786 0.41205 92.8786
0.404432 -0.0828009 -0.910812 -75.0552 0.0280421 0.996548 -0.0781434 -8.79296 0.914138 0.00606259 0.405358 93.4079
0.39876 -0.0861209 -0.913002 -76.2181 0.0302316 0.996274 -0.0807718 -8.91032 0.916557 0.00460706 0.399878 93.9223
0.394778 -0.0870922 -0.914639 -77.3899 0.032944 0.996199 -0.0806389 -9.02637 0.918186 0.00170257 0.396147 94.4163
0.39002 -0.0842509 -0.916944 -78.573 0.0350597 0.996442 -0.0766428 -9.14679 0.920139 -0.00225559 0.391586 94.9348
0.386296 -0.0822104 -0.918704 -79.7393 0.0383747 0.99659 -0.0730443 -9.26194 0.921576 -0.00703826 0.388134 95.4318
0.382742 -0.0821705 -0.920194 -80.9275 0.0408376 0.996568 -0.0720047 -9.36959 0.922952 -0.0100193 0.384784 95.9269
0.379974 -0.0816646 -0.921385 -82.0976 0.0428979 0.996579 -0.0706384 -9.48353 0.924002 -0.0126848 0.382178 96.4088
0.376525 -0.0802879 -0.922921 -83.2667 0.0456038 0.996636 -0.0680956 -9.59552 0.925283 -0.0164491 0.378919 96.9037
0.374859 -0.0799408 -0.923629 -84.4194 0.0472729 0.996628 -0.067073 -9.6925 0.925876 -0.0185197 0.377374 97.3696
0.371964 -0.0813369 -0.924677 -85.5885 0.0505424 0.996451 -0.067319 -9.79173 0.92687 -0.0216952 0.374755 97.8425
0.369333 -0.0813308 -0.925731 -86.7273 0.0531233 0.996382 -0.0663436 -9.89698 0.927778 -0.024675 0.372317 98.3108
0.36697 -0.0809048 -0.926708 -87.8513 0.0573585 0.996283 -0.0642654 -9.99095 0.928463 -0.029571 0.370247 98.7622
0.36571 -0.0798576 -0.927297 -89.0023 0.0588441 0.996303 -0.0625932 -10.0913 0.928867 -0.0316749 0.369057 99.1991
0.362452 -0.081172 -0.928461 -90.0728 0.0615923 0.996108 -0.0630418 -10.1823 0.929965 -0.0343364 0.366041 99.6686
0.361052 -0.0827167 -0.92887 -91.1963 0.0622418 0.995975 -0.0644991 -10.2711 0.930466 -0.0345271 0.364747 100.107
0.361052 -0.0827167 -0.92887 -92.269 0.0622418 0.995975 -0.0644991 -10.3912 0.930466 -0.0345271 0.364747 100.514
0.361052 -0.0827167 -0.92887 -93.3317 0.0622418 0.995975 -0.0644991 -10.5043 0.930466 -0.0345271 0.364747 100.939
0.361847 -0.0823078 -0.928597 -94.3966 0.0599363 0.996088 -0.0649345 -10.6006 0.930309 -0.0321603 0.365365 101.377
0.365617 -0.0832655 -0.927034 -95.4403 0.058498 0.996077 -0.0663956 -10.6844 0.928925 -0.0299542 0.369053 101.802
0.370166 -0.0838513 -0.925173 -96.4592 0.0569704 0.996092 -0.0674847 -10.7738 0.927217 -0.0277269 0.373497 102.226
0.37653 -0.0836852 -0.922617 -97.542 0.0567753 0.996124 -0.0671819 -10.8727 0.924663 -0.0270859 0.379821 102.648
0.384603 -0.0821202 -0.919422 -98.5877 0.0555985 0.996287 -0.0657282 -10.9686 0.921406 -0.0258391 0.387741 103.065
0.392251 -0.0805804 -0.916322 -99.6092 0.0538007 0.99646 -0.0645971 -11.058 0.918284 -0.0239605 0.395198 103.513
0.401127 -0.0812076 -0.912416 -100.627 0.053627 0.996436 -0.0651095 -11.1347 0.914451 -0.0228129 0.404052 103.96
0.409099 -0.0808312 -0.908903 -101.624 0.0529974 0.996492 -0.0647665 -11.227 0.91095 -0.0216736 0.411948 104.435
0.418203 -0.0815411 -0.904686 -102.615 0.0518742 0.996481 -0.0658353 -11.3135 0.906871 -0.0193974 0.420961 104.909
0.429804 -0.0831793 -0.899083 -103.632 0.0498754 0.996415 -0.0683413 -11.4026 0.901544 -0.0154687 0.432412 105.361
0.44228 -0.0834983 -0.892982 -104.619 0.0478041 0.996436 -0.0694952 -11.4963 0.895602 -0.0119518 0.444696 105.833
0.452792 -0.0814606 -0.887887 -105.544 0.0458619 0.996627 -0.0680492 -11.5906 0.890436 -0.00990807 0.455001 106.349
0.464081 -0.0795802 -0.882211 -106.461 0.0451945 0.996786 -0.0661413 -11.6731 0.884639 -0.00917622 0.466186 106.87
0.47562 -0.0789807 -0.876098 -107.431 0.0454432 0.996837 -0.065195 -11.7443 0.878476 -0.00880465 0.477705 107.415
0.488245 -0.0783273 -0.869184 -108.391 0.0457559 0.996892 -0.0641333 -11.8381 0.871506 -0.00845754 0.490312 107.94
0.500004 -0.0794099 -0.862374 -109.34 0.045748 0.996819 -0.0652652 -11.9177 0.864814 -0.00681904 0.502047 108.484
0.512274 -0.0801226 -0.855076 -110.281 0.0459862 0.996769 -0.0658494 -12.0115 0.85759 -0.00558884 0.514303 109.023
0.526091 -0.0822886 -0.846438 -111.182 0.0477742 0.996596 -0.0671932 -12.0881 0.849085 -0.0050881 0.528232 109.54
0.536624 -0.0816579 -0.839861 -112.067 0.0479949 0.996649 -0.066236 -12.1828 0.842455 -0.00476522 0.538745 110.119
0.546426 -0.0793666 -0.833738 -112.932 0.0469345 0.996837 -0.064132 -12.2659 0.836191 -0.0040877 0.548423 110.708
0.555703 -0.0766799 -0.827837 -113.749 0.0473739 0.99704 -0.0605519 -12.3486 0.83003 -0.00556902 0.557691 111.298
0.680364 -0.0550985 -0.7308 -115.474 0.0716116 0.997396 -0.00852911 -13.6074 0.729367 -0.0465309 0.682538 108.294
0.690823 -0.0536024 -0.721034 -116.228 0.0685074 0.997614 -0.00852671 -13.6419 0.719771 -0.0435058 0.692847 108.979
0.699378 -0.0538758 -0.712719 -116.96 0.0669241 0.99771 -0.00974757 -13.6558 0.711612 -0.0408808 0.701382 109.698
0.708178 -0.053493 -0.704005 -117.677 0.0665868 0.997742 -0.00883071 -13.6789 0.702887 -0.0406237 0.71014 110.409
0.714813 -0.0515737 -0.697411 -118.329 0.0662554 0.997785 -0.00587787 -13.7047 0.69617 -0.0420057 0.716647 111.141
0.722109 -0.0499677 -0.689973 -119.007 0.0663598 0.997792 -0.00280941 -13.7309 0.68859 -0.0437577 0.72383 111.872
0.727464 -0.0495894 -0.684351 -119.639 0.0668023 0.997765 -0.00128913 -13.7538 0.682886 -0.0447785 0.729151 112.612
0.734303 -0.048792 -0.677066 -120.295 0.0661708 0.997808 -0.000141251 -13.777 0.675589 -0.0446983 0.735922 113.334
0.740325 -0.0483744 -0.670506 -120.928 0.0658008 0.997833 0.000662773 -13.7895 0.669021 -0.0446105 0.741904 114.063
0.747417 -0.0452928 -0.66281 -121.555 0.0645282 0.997905 0.00457364 -13.8114 0.661214 -0.0461883 0.748774 114.762
0.754211 -0.0422042 -0.655274 -122.174 0.0628193 0.997993 0.00802645 -13.8245 0.65362 -0.0472175 0.755349 115.473
0.758869 -0.0405395 -0.64998 -122.746 0.0612977 0.998076 0.0093164 -13.8315 0.648352 -0.0469122 0.759894 116.21
0.764822 -0.0394881 -0.64303 -123.312 0.060333 0.998123 0.0104661 -13.8384 0.641411 -0.0468006 0.765769 116.921
0.771575 -0.0368718 -0.635069 -123.866 0.0576865 0.998261 0.0121274 -13.8434 0.633518 -0.0459921 0.77236 117.61
0.779605 -0.0345653 -0.625317 -124.434 0.0569478 0.998252 0.0158191 -13.8455 0.623677 -0.0479431 0.780211 118.32
0.788582 -0.0312776 -0.614134 -124.975 0.0545092 0.99833 0.0191483 -13.8398 0.612509 -0.048576 0.78897 119.009
0.798141 -0.0295195 -0.601748 -125.512 0.0518466 0.998459 0.0197871 -13.8285 0.600236 -0.0469915 0.798441 119.71
0.807802 -0.0291675 -0.588732 -126.032 0.0494902 0.998605 0.018432 -13.815 0.587372 -0.0440258 0.808118 120.402
0.817309 -0.0304451 -0.575394 -126.523 0.0491332 0.998648 0.0169503 -13.8095 0.5741 -0.0421247 0.817701 121.096
0.826848 -0.029011 -0.561677 -126.99 0.048035 0.998662 0.0191311 -13.8151 0.560371 -0.0427987 0.827135 121.794
0.836513 -0.0275111 -0.547255 -127.459 0.0469229 0.998667 0.0215206 -13.8128 0.545934 -0.0436811 0.836689 122.507
0.851838 -0.0262694 -0.523146 -127.828 0.0452769 0.998696 0.0235756 -13.802 0.521845 -0.0437691 0.851917 122.369
0.860956 -0.0256012 -0.508036 -128.27 0.0454978 0.998605 0.0267817 -13.7985 0.506641 -0.0461723 0.86092 123.08
0.868312 -0.0244385 -0.495416 -128.696 0.0450938 0.998539 0.0297784 -13.7812 0.493964 -0.0481971 0.868145 123.875
0.875541 -0.0235227 -0.482571 -129.118 0.0452289 0.998418 0.0333924 -13.7787 0.481022 -0.0510626 0.87522 124.64
0.882691 -0.0241151 -0.469335 -129.494 0.0460001 0.99832 0.0352184 -13.7662 0.467697 -0.0526764 0.882318 125.306
0.888206 -0.0232123 -0.458858 -129.912 0.044258 0.998401 0.0351636 -13.73 0.457308 -0.0515407 0.887814 126.123
0.893729 -0.0221384 -0.448061 -130.286 0.0426931 0.998446 0.0358257 -13.7137 0.446572 -0.0511476 0.893285 126.889
0.899343 -0.0205121 -0.436762 -130.655 0.0409832 0.998456 0.0374974 -13.6951 0.435319 -0.0516229 0.898795 127.663
0.904621 -0.018935 -0.425796 -131.032 0.0386638 0.998539 0.037738 -13.6613 0.42446 -0.0506015 0.904032 128.461
0.909319 -0.0201832 -0.41561 -131.379 0.0396434 0.998482 0.0382473 -13.641 0.414207 -0.0512551 0.908738 129.25
0.913755 -0.0217759 -0.405681 -131.732 0.0405609 0.998463 0.0377643 -13.6207 0.404235 -0.0509621 0.913234 130.046
0.91719 -0.0224965 -0.397814 -132.079 0.0406128 0.998483 0.0371713 -13.5907 0.396375 -0.0502495 0.916713 130.867
0.919501 -0.0217566 -0.392485 -132.41 0.0397659 0.998493 0.0378128 -13.5602 0.391071 -0.0503764 0.918981 131.699
0.92183 -0.0202109 -0.387067 -132.736 0.0394062 0.998352 0.0417194 -13.5374 0.385586 -0.053711 0.921107 132.527
0.924417 -0.0166613 -0.38102 -133.087 0.0367737 0.998284 0.0455658 -13.4999 0.379607 -0.0561333 0.923443 133.383
0.927224 -0.0143049 -0.374234 -133.425 0.034908 0.998221 0.0483337 -13.467 0.372877 -0.05788 0.926074 134.222
0.930277 -0.0114621 -0.366678 -133.783 0.0325047 0.998156 0.0512643 -13.4318 0.365414 -0.0596088 0.928935 135.074
0.933148 -0.0104434 -0.359341 -134.13 0.031749 0.998066 0.0534402 -13.3878 0.358088 -0.0612764 0.931675 135.956
0.935722 -0.00942896 -0.352611 -134.468 0.0315405 0.997875 0.0570153 -13.3492 0.351324 -0.064472 0.934031 136.859
0.938864 -0.0096151 -0.344153 -134.806 0.0320113 0.997718 0.0594536 -13.3104 0.342796 -0.0668356 0.937029 137.746
0.941379 -0.0110894 -0.337167 -135.125 0.0334 0.997613 0.060442 -13.2553 0.335692 -0.0681602 0.939502 138.68
0.944582 -0.0125527 -0.328036 -135.451 0.0343134 0.99757 0.0606323 -13.2033 0.326478 -0.0685282 0.942717 139.597
0.948091 -0.0155707 -0.317617 -135.783 0.0365619 0.997514 0.0602362 -13.1506 0.31589 -0.0687222 0.946304 140.524
0.952111 -0.016521 -0.305306 -136.101 0.0361681 0.997614 0.0588081 -13.0929 0.303606 -0.0670342 0.950437 141.436
0.955779 -0.0173036 -0.293575 -136.42 0.0356086 0.997732 0.0571222 -13.0452 0.291921 -0.06505 0.954228 142.424
0.9603 -0.0149074 -0.27857 -136.706 0.0320187 0.997862 0.0569769 -12.9957 0.277125 -0.0636343 0.958724 143.376
0.965117 -0.0114392 -0.26157 -136.979 0.0277132 0.997896 0.0586127 -12.9414 0.260349 -0.063817 0.963403 144.362
0.969466 -0.00813637 -0.245092 -137.206 0.0241208 0.997767 0.062287 -12.8815 0.244038 -0.066297 0.967497 145.407
0.973015 -0.00590773 -0.230667 -137.386 0.0213325 0.997694 0.0644339 -12.8145 0.229754 -0.0676159 0.970897 146.48
0.977176 -0.00363765 -0.212401 -137.548 0.0179242 0.9977 0.0653755 -12.7551 0.211674 -0.0676905 0.974993 147.519
0.981286 -0.00223231 -0.192544 -137.713 0.0153828 0.997646 0.0668307 -12.6942 0.191941 -0.0685419 0.97901 148.576
0.985333 -0.00154263 -0.170633 -137.903 0.0139092 0.997358 0.0713028 -12.6505 0.170073 -0.0726304 0.982751 149.659
0.98875 -0.0002785 -0.149577 -138.071 0.0117406 0.997058 0.0757526 -12.5838 0.149116 -0.0766565 0.985844 150.775
0.991949 0.00132913 -0.126628 -138.229 0.00887927 0.996754 0.0800185 -12.5002 0.126324 -0.0804987 0.988718 151.901
0.994552 0.00265695 -0.104207 -138.35 0.00608608 0.99649 0.0834932 -12.4196 0.104063 -0.0836726 0.991045 153.037
0.99675 0.00359025 -0.0804784 -138.467 0.00325561 0.996395 0.0847723 -12.3468 0.0804927 -0.0847588 0.993145 154.172
0.998185 0.0025349 -0.0601667 -138.515 0.00243775 0.996594 0.0824309 -12.2562 0.0601707 -0.082428 0.994779 155.335
0.999133 0.00187432 -0.0415902 -138.542 0.00151703 0.996684 0.0813611 -12.1609 0.0416048 -0.0813537 0.995817 156.524
0.999743 0.000206927 -0.0226594 -138.541 0.00167149 0.996561 0.0828476 -12.0782 0.0225986 -0.0828642 0.996305 157.695
0.999995 -0.000362235 -0.0031109 -138.546 0.000625791 0.996369 0.0851417 -11.9927 0.00306876 -0.0851433 0.996364 158.913
0.99987 -0.000372365 0.0161074 -138.513 -0.00102004 0.996264 0.0863503 -11.901 -0.0160794 -0.0863555 0.996135 160.126
0.999424 0.00110075 0.0339195 -138.428 -0.0040484 0.996204 0.0869559 -11.8104 -0.033695 -0.0870431 0.995635 161.315
0.998384 0.00147644 0.0568045 -138.398 -0.00640165 0.996221 0.0866208 -11.6997 -0.056462 -0.0868444 0.994621 162.57
0.996987 0.002808 0.0775119 -138.317 -0.00963458 0.996088 0.0878387 -11.6169 -0.076962 -0.0883208 0.993114 163.821
0.995262 0.00376969 0.0971611 -138.191 -0.0123187 0.996085 0.0875395 -11.5312 -0.0964507 -0.0883216 0.991411 165.06
0.993376 0.00228911 0.11489 -138.026 -0.012255 0.99621 0.086112 -11.4395 -0.114258 -0.0869495 0.989639 166.337
0.991112 0.00420943 0.132962 -137.857 -0.015626 0.996264 0.0849374 -11.3561 -0.132108 -0.0862602 0.987475 167.618
0.988544 0.00423252 0.150873 -137.657 -0.0169821 0.996378 0.0833175 -11.2567 -0.149974 -0.0849252 0.985036 168.91
0.985978 0.00419698 0.166821 -137.416 -0.0179498 0.996551 0.0810184 -11.1649 -0.165906 -0.0828768 0.982653 170.216
0.983065 0.00607159 0.183154 -137.162 -0.0202582 0.996926 0.0756861 -11.0802 -0.182132 -0.0781147 0.980166 171.504
0.980099 0.00814163 0.198341 -136.878 -0.022143 0.997407 0.0684772 -10.9907 -0.197269 -0.0715064 0.977738 172.791
0.977396 0.0112294 0.21112 -136.66 -0.0253975 0.997593 0.0645184 -10.9384 -0.209887 -0.0684219 0.975329 173.749
0.973775 0.0136295 0.227106 -136.34 -0.0280678 0.997775 0.0604675 -10.8699 -0.225777 -0.0652561 0.971991 175.085
0.969851 0.0155562 0.243202 -135.995 -0.0305479 0.997849 0.0579936 -10.8028 -0.241777 -0.0636745 0.96824 176.418
0.965967 0.0145375 0.258256 -135.623 -0.0306977 0.997806 0.0586526 -10.745 -0.256836 -0.0645844 0.964295 177.753
0.961455 0.0136897 0.274623 -135.24 -0.0307465 0.997849 0.0579015 -10.6795 -0.273239 -0.0641134 0.959807 179.095
0.956403 0.0132548 0.291749 -134.846 -0.0300102 0.998142 0.0530308 -10.6206 -0.290504 -0.0594742 0.955024 180.433
0.951867 0.0136568 0.306207 -134.401 -0.0299332 0.998373 0.048522 -10.5565 -0.305047 -0.0553522 0.950727 181.789
0.947034 0.0154949 0.320759 -133.939 -0.0325021 0.998331 0.0477356 -10.4983 -0.319484 -0.0556326 0.945957 183.104
0.941962 0.0178929 0.335242 -133.439 -0.0361121 0.998185 0.0481915 -10.4553 -0.333772 -0.0575009 0.940899 184.436
0.93557 0.0210092 0.352516 -132.944 -0.0394961 0.998191 0.0453319 -10.4018 -0.350926 -0.0563342 0.934707 185.799
0.928735 0.0219852 0.370092 -132.428 -0.0398211 0.998381 0.0406214 -10.3493 -0.3686 -0.052464 0.928107 187.153
0.922091 0.0216679 0.386365 -131.884 -0.0391444 0.998533 0.0374221 -10.3123 -0.384987 -0.0496307 0.921586 188.482
0.916535 0.0187173 0.399517 -131.454 -0.0346641 0.998863 0.0327264 -10.2851 -0.39845 -0.0438438 0.916142 189.541
0.910871 0.021461 0.412134 -131.146 -0.0354767 0.999022 0.0263863 -10.2568 -0.411164 -0.0386556 0.910741 190.325
0.901366 0.0245017 0.432364 -130.488 -0.038042 0.999018 0.0226943 -10.2293 -0.431383 -0.0369039 0.901414 191.695
0.889411 0.0276284 0.456272 -129.858 -0.0419292 0.998895 0.0212469 -10.2121 -0.455181 -0.0380284 0.889587 193.026
0.876501 0.0321529 0.480326 -129.152 -0.0464937 0.998757 0.0179855 -10.1917 -0.47915 -0.0380964 0.876906 194.353
0.862711 0.0361804 0.504402 -128.415 -0.0505398 0.998612 0.0148118 -10.1902 -0.503166 -0.0382707 0.863342 195.662
0.848062 0.0401036 0.528377 -127.643 -0.0539003 0.998489 0.0107268 -10.178 -0.527148 -0.0375767 0.848942 196.948
0.832707 0.041991 0.55212 -126.844 -0.0550535 0.998458 0.00709468 -10.1712 -0.550971 -0.0363039 0.833734 198.226
0.817015 0.0433704 0.574983 -125.984 -0.056091 0.998416 0.0043923 -10.1765 -0.573882 -0.0358399 0.818154 199.492
0.800391 0.0460287 0.597708 -125.16 -0.0566785 0.998392 -0.000986521 -10.1864 -0.596792 -0.0330876 0.801713 200.695
0.783885 0.047195 0.61911 -124.242 -0.0546177 0.998483 -0.00696077 -10.2042 -0.618499 -0.0283579 0.785273 201.903
0.768025 0.0493102 0.638519 -123.31 -0.0554758 0.998406 -0.0103754 -10.2418 -0.638013 -0.0274538 0.769536 203.045
0.752274 0.0502189 0.656933 -122.279 -0.0553253 0.998384 -0.0129662 -10.3024 -0.656523 -0.0265909 0.753837 204.248
0.736703 0.0501229 0.674357 -121.248 -0.053822 0.998432 -0.0154124 -10.3375 -0.674071 -0.0249409 0.738245 205.399
0.721497 0.0508149 0.69055 -120.214 -0.0533605 0.998418 -0.0177179 -10.3833 -0.690358 -0.0240648 0.723067 206.508
0.707236 0.0517124 0.705084 -119.106 -0.0517745 0.998432 -0.0212946 -10.4265 -0.705079 -0.0214451 0.708804 207.616
0.692972 0.0529851 0.719015 -118.001 -0.0506351 0.99841 -0.024773 -10.4831 -0.719184 -0.0192404 0.694553 208.703
0.678635 0.0551929 0.732399 -116.863 -0.0489701 0.998354 -0.0298596 -10.5439 -0.732842 -0.0156019 0.68022 209.777
0.663438 0.0567685 0.746075 -115.716 -0.0481262 0.998291 -0.0331639 -10.6101 -0.746682 -0.0139036 0.665036 210.828
0.649006 0.05799 0.75857 -114.536 -0.0481458 0.998223 -0.0351188 -10.6739 -0.759259 -0.0137297 0.650644 211.839
0.632251 0.0599128 0.772444 -113.36 -0.0503168 0.998076 -0.0362288 -10.7404 -0.773128 -0.0159612 0.634049 212.842
0.61491 0.0610886 0.786227 -112.15 -0.0535725 0.997928 -0.0356382 -10.8154 -0.786775 -0.0202059 0.616909 213.835
0.597599 0.0614505 0.799437 -110.947 -0.057725 0.997769 -0.0335449 -10.9124 -0.799714 -0.0261011 0.599813 214.767
0.58052 0.0644734 0.81169 -109.728 -0.0621823 0.997459 -0.0347566 -10.9824 -0.811868 -0.0302958 0.583054 215.654
0.56377 0.0678472 0.82314 -108.486 -0.0643836 0.997198 -0.0380975 -11.0573 -0.823418 -0.0315185 0.566559 216.519
0.547269 0.0716691 0.833882 -107.231 -0.067995 0.996841 -0.0410503 -11.1484 -0.83419 -0.0342343 0.550413 217.335
0.528608 0.072117 0.845797 -106.003 -0.0700576 0.996692 -0.0411983 -11.2404 -0.84597 -0.0374768 0.531912 218.129
0.510022 0.0707132 0.85725 -104.741 -0.0721718 0.996619 -0.0392708 -11.3337 -0.857128 -0.0418403 0.513401 218.876
0.489809 0.0692663 0.869074 -103.489 -0.0750547 0.996488 -0.0371207 -11.4346 -0.868593 -0.047046 0.493288 219.59
0.471517 0.0679992 0.879231 -102.205 -0.076927 0.996394 -0.0358058 -11.5209 -0.878495 -0.0507536 0.475047 220.25
0.452054 0.067025 0.889469 -100.923 -0.0774636 0.996355 -0.0357101 -11.606 -0.888621 -0.0527586 0.455598 220.901
0.432658 0.0663204 0.899115 -99.6371 -0.0776115 0.996328 -0.0361439 -11.6878 -0.898211 -0.0541437 0.436217 221.518
0.411331 0.0656726 0.909117 -98.3858 -0.0758944 0.996405 -0.0376396 -11.7659 -0.908321 -0.0535146 0.414836 222.114
0.393 0.0659929 0.917168 -97.0952 -0.0743865 0.996434 -0.0398222 -11.85 -0.916525 -0.0525748 0.396507 222.655
0.371804 0.0656076 0.92599 -95.8279 -0.0716369 0.996553 -0.0418433 -11.9344 -0.925543 -0.0507775 0.375223 223.193
0.351354 0.0630645 0.934116 -94.5362 -0.0705705 0.996674 -0.0407439 -12.0218 -0.933579 -0.0516055 0.354636 223.695
0.329901 0.0640233 0.941842 -93.2578 -0.0709532 0.996557 -0.0428898 -12.0951 -0.941345 -0.0526773 0.333308 224.171
0.308395 0.0683814 0.948797 -92.0209 -0.0720295 0.996228 -0.0483875 -12.1883 -0.948527 -0.053419 0.312157 224.631
0.29485 0.0774286 0.952401 -91.6563 -0.0702733 0.99577 -0.0591987 -12.1713 -0.952956 -0.0494736 0.299044 224.796
0.277098 0.0855136 0.957029 -90.4066 -0.0733273 0.995009 -0.0676761 -12.2745 -0.95804 -0.0514234 0.281985 225.168
0.257532 0.0893603 0.962129 -89.1359 -0.0765163 0.994474 -0.0718834 -12.3928 -0.963236 -0.0551063 0.262946 225.538
0.237761 0.0911061 0.967042 -87.8994 -0.0801222 0.994038 -0.0739503 -12.5025 -0.968014 -0.059899 0.243643 225.873
0.218466 0.0902552 0.971662 -86.6841 -0.0841165 0.993749 -0.0733943 -12.6295 -0.972212 -0.0656986 0.224693 226.182
0.199149 0.0908968 0.975745 -85.4433 -0.0860351 0.993466 -0.0749879 -12.7425 -0.976185 -0.0690145 0.205668 226.469
0.181123 0.0896971 0.979361 -84.2083 -0.0861126 0.993454 -0.0750621 -12.8533 -0.979683 -0.0707398 0.187662 226.709
0.163695 0.0894978 0.982443 -82.9734 -0.0850421 0.993449 -0.0763307 -12.9709 -0.982839 -0.0710541 0.170233 226.927
0.145939 0.090307 0.985163 -81.7525 -0.0845955 0.993317 -0.0785227 -13.0863 -0.98567 -0.0718809 0.152603 227.124
0.128047 0.09357 0.987344 -80.5231 -0.0879134 0.992691 -0.0826754 -13.2093 -0.987864 -0.0762144 0.135337 227.3
0.109918 0.0951211 0.989379 -79.2934 -0.0874435 0.992476 -0.085704 -13.3277 -0.990087 -0.0770943 0.117409 227.458
0.0929687 0.0924345 0.991369 -78.1084 -0.0874498 0.992592 -0.0843476 -13.4515 -0.991821 -0.0788533 0.100363 227.593
0.0776021 0.0875833 0.99313 -76.9172 -0.0842245 0.993149 -0.0810037 -13.5783 -0.99342 -0.0773598 0.0844471 227.697
0.0636775 0.0835256 0.994469 -75.7339 -0.0833526 0.993455 -0.0781032 -13.6959 -0.994484 -0.0779182 0.0702228 227.785
0.0513388 0.0799727 0.995474 -74.578 -0.0808829 0.993847 -0.0756706 -13.81 -0.995401 -0.076632 0.0574914 227.863
0.0401923 0.0803995 0.995952 -73.4345 -0.0806189 0.993769 -0.0769698 -13.9125 -0.995934 -0.0771989 0.0464236 227.943
0.0314425 0.0835123 0.996011 -72.3479 -0.0806143 0.993469 -0.0807543 -14.0143 -0.996249 -0.0777536 0.0379694 228.006
0.0239096 0.0852062 0.996076 -71.2141 -0.0812884 0.993228 -0.0830113 -14.1208 -0.996404 -0.0789847 0.0306739 228.069
0.0171156 0.0898248 0.995811 -70.0972 -0.0817748 0.992746 -0.0881428 -14.2299 -0.996504 -0.0799236 0.0243368 228.125
0.0121561 0.0980579 0.995106 -68.9792 -0.0805149 0.992045 -0.0967726 -14.3561 -0.996679 -0.0789445 0.0199545 228.151
0.00761681 0.100589 0.994899 -67.8715 -0.0821784 0.991625 -0.099629 -14.4722 -0.996589 -0.0810003 0.0158193 228.177
0.00432495 0.0925641 0.995697 -66.7977 -0.0810189 0.992466 -0.0919117 -14.5907 -0.996703 -0.0802728 0.0117918 228.19
0.00172341 0.083366 0.996518 -65.7299 -0.0797805 0.993354 -0.0829634 -14.6997 -0.996811 -0.0793596 0.00836293 228.213
-0.000756563 0.079162 0.996861 -64.6509 -0.0791451 0.99373 -0.0789734 -14.8126 -0.996863 -0.0789565 0.00551346 228.246
-0.00245614 0.0814319 0.996676 -63.5834 -0.0797457 0.993489 -0.0813681 -14.9078 -0.996812 -0.0796804 0.00405369 228.287
-0.00141945 0.0844796 0.996424 -62.5374 -0.0791854 0.993287 -0.0843264 -15.0138 -0.996859 -0.079022 0.00527963 228.292
0.000825495 0.0866994 0.996234 -61.4807 -0.0814266 0.992932 -0.0863446 -15.1225 -0.996679 -0.0810487 0.0078793 228.302
0.00264364 0.0878318 0.996132 -60.4584 -0.0834513 0.99268 -0.0873059 -15.2244 -0.996508 -0.0828977 0.00995396 228.327
0.00722217 0.0890162 0.996004 -59.426 -0.084137 0.992552 -0.0880976 -15.334 -0.996428 -0.0831646 0.0146579 228.336
0.0128321 0.0893701 0.995916 -58.4102 -0.0862496 0.992385 -0.087942 -15.4441 -0.996191 -0.0847688 0.0204426 228.35
0.0176596 0.0911857 0.995677 -57.408 -0.0875947 0.992145 -0.0893086 -15.543 -0.996 -0.0856389 0.0255082 228.387
0.0246819 0.0902535 0.995613 -56.3861 -0.0895563 0.992112 -0.087716 -15.6425 -0.995676 -0.0869984 0.0325699 228.415
0.028832 0.0884296 0.995665 -55.3965 -0.0870944 0.992513 -0.0856276 -15.75 -0.995783 -0.084248 0.0363179 228.482
0.0315328 0.089363 0.9955 -54.8314 -0.089075 0.992283 -0.0862528 -15.8133 -0.995526 -0.0859544 0.0392495 228.513
0.0384886 0.0903661 0.995165 -53.8316 -0.0878177 0.992355 -0.0867146 -15.9124 -0.995393 -0.0840555 0.0461301 228.571
0.045182 0.0898741 0.994928 -52.8094 -0.0880069 0.992431 -0.0856519 -16.0138 -0.995095 -0.0836906 0.0527496 228.636
0.0532276 0.0884676 0.994656 -51.8271 -0.0882403 0.992588 -0.0835616 -16.1144 -0.994676 -0.083321 0.0606395 228.683
0.0608268 0.0865569 0.994388 -50.8228 -0.0888503 0.992748 -0.0809791 -16.2092 -0.994186 -0.083426 0.0680762 228.747
0.0688669 0.0848909 0.994007 -49.826 -0.0884989 0.992965 -0.0786704 -16.3053 -0.993693 -0.0825507 0.0758952 228.816
0.0764524 0.0852814 0.993419 -48.8496 -0.0882007 0.993008 -0.0784583 -16.3967 -0.993164 -0.081622 0.0834397 228.896
0.0837091 0.0876417 0.992629 -47.8752 -0.087203 0.992948 -0.080316 -16.4884 -0.992667 -0.079837 0.0907613 228.988
0.089703 0.089661 0.991925 -46.903 -0.0874554 0.992802 -0.0818315 -16.574 -0.992121 -0.0794086 0.0968986 229.1
0.0956314 0.0916251 0.991191 -45.9345 -0.0891535 0.992541 -0.0831482 -16.6644 -0.991416 -0.0804166 0.103087 229.217
0.102469 0.0927149 0.990406 -44.9743 -0.0908488 0.992358 -0.0834983 -16.7514 -0.990579 -0.0814212 0.110109 229.329
0.109248 0.0928704 0.989667 -44.0109 -0.0910764 0.992373 -0.0830706 -16.8387 -0.989833 -0.08106 0.116873 229.454
0.115242 0.0900579 0.989247 -43.0384 -0.0915979 0.992602 -0.0796927 -16.9341 -0.989105 -0.0814289 0.122639 229.588
0.12158 0.0880861 0.988665 -42.0782 -0.0910939 0.992841 -0.077256 -17.0266 -0.988393 -0.0806687 0.128733 229.722
0.129141 0.0870525 0.987798 -41.1292 -0.0901558 0.993044 -0.0757282 -17.1225 -0.987519 -0.0792761 0.136091 229.85
0.135808 0.0882439 0.986797 -40.1746 -0.0896427 0.993034 -0.0764646 -17.2093 -0.986671 -0.0780747 0.142772 229.998
0.143463 0.0889743 0.985648 -39.238 -0.0872311 0.993211 -0.0769604 -17.2911 -0.985804 -0.0749382 0.15025 230.142
0.1523 0.0905809 0.984175 -38.2961 -0.0859804 0.99323 -0.078109 -17.3784 -0.984587 -0.0727238 0.159057 230.298
0.16065 0.0930483 0.982616 -37.3754 -0.0858157 0.993093 -0.0800103 -17.4627 -0.983274 -0.0714702 0.167526 230.483
0.170822 0.0946864 0.980742 -36.4238 -0.0863893 0.992978 -0.0808208 -17.5445 -0.981507 -0.0709197 0.177802 230.647
0.178544 0.0938021 0.97945 -35.4882 -0.087841 0.99299 -0.0790862 -17.6317 -0.980003 -0.0719155 0.185532 230.827
