1 0 0 0 0 1 0 0 0 0 1 0
0.999874 0.0020785 0.0157217 0.0122715 -0.00205851 0.999997 -0.0012874 0.00222749 -0.0157243 0.00125488 0.999876 0.125302
0.999327 0.00463551 0.0363954 0.0380404 -0.0045966 0.999989 -0.00115249 0.00407347 -0.0364003 0.000984416 0.999337 0.284001
0.997901 0.00647127 0.0644337 0.0592696 -0.00649267 0.999979 0.000122624 0.00216261 -0.0644315 -0.000540713 0.997922 0.453808
0.995022 0.00617075 0.0994693 0.0936297 -0.00642783 0.999977 0.00226427 0.00254399 -0.099453 -0.00289237 0.995038 0.634912
0.990312 0.00321269 0.138824 0.142886 -0.00388249 0.999982 0.00455422 -0.00378734 -0.138807 -0.00504908 0.990307 0.828322
0.983814 -0.000724745 0.179192 0.213916 -0.0001576 0.999988 0.00490974 -0.00183872 -0.179193 -0.00485851 0.983802 1.03224
0.974954 -0.000663788 0.222407 0.307908 -0.000610634 0.999984 0.00566131 0.00267884 -0.222408 -0.00565532 0.974937 1.24112
0.962893 -0.00213428 0.269877 0.422963 -0.000167252 0.999964 0.00850482 0.00931089 -0.269885 -0.00823436 0.962857 1.4653
0.948584 -0.00645424 0.316459 0.560414 0.00164548 0.999879 0.0154604 0.00744858 -0.31652 -0.0141448 0.94848 1.68157
0.931624 -0.0169138 0.36303 0.717607 0.00872359 0.999669 0.0241883 -0.00227718 -0.363319 -0.0193675 0.931464 1.90991
0.910406 -0.0230571 0.413074 0.91917 0.0127943 0.999537 0.0275941 0.0126326 -0.413519 -0.0198368 0.910279 2.16227
0.885272 -0.0253221 0.464383 1.10766 0.0122701 0.999441 0.0311068 0.0224235 -0.464911 -0.02184 0.885088 2.39337
0.85698 -0.0281416 0.514581 1.29187 0.0109948 0.999279 0.0363383 0.0228665 -0.515233 -0.0254835 0.856671 2.61245
0.824915 -0.0328167 0.564303 1.53218 0.0117457 0.999093 0.0409314 0.0311426 -0.565135 -0.0271368 0.824552 2.8491
0.789065 -0.0388441 0.613081 1.7672 0.0149788 0.998919 0.044012 0.0369541 -0.614128 -0.0255451 0.788793 3.06345
0.751263 -0.044091 0.658529 2.05977 0.0171234 0.998732 0.0473341 0.0446682 -0.659781 -0.0242841 0.751065 3.30153
0.71141 -0.0474745 0.701171 2.32449 0.0185811 0.998638 0.0487627 0.0593418 -0.702531 -0.0216617 0.711323 3.50903
0.669634 -0.0502711 0.740988 2.64133 0.0189026 0.998537 0.0506616 0.0744987 -0.742451 -0.0199181 0.669604 3.73454
0.626922 -0.0510435 0.777408 2.96627 0.0150793 0.998459 0.0533971 0.0890142 -0.778936 -0.021753 0.626726 3.95203
0.585068 -0.0518492 0.809325 3.33943 0.0120572 0.9984 0.055246 0.112485 -0.810894 -0.0225646 0.584757 4.1842
0.544901 -0.0531275 0.836816 3.71733 0.0102235 0.998337 0.056725 0.135694 -0.838438 -0.0223543 0.544538 4.39552
0.506593 -0.05583 0.860376 4.1441 0.00873229 0.998182 0.0596307 0.15249 -0.862141 -0.0226955 0.50616 4.60489
0.469727 -0.0557992 0.881047 4.57301 0.0062305 0.998185 0.0598961 0.176858 -0.88279 -0.0226454 0.469222 4.79776
0.433808 -0.0548886 0.899332 5.05237 0.00564293 0.998289 0.0582062 0.206188 -0.900988 -0.0201754 0.433375 4.98475
0.400191 -0.0536085 0.914862 5.55824 0.00632888 0.998425 0.0557366 0.231053 -0.91641 -0.0165152 0.3999 5.17671
0.370334 -0.0517476 0.927456 6.09918 0.00831112 0.998592 0.052398 0.260521 -0.928861 -0.0116966 0.370243 5.36659
0.34498 -0.0497371 0.937291 6.6476 0.00961014 0.99873 0.0494602 0.291461 -0.938561 -0.00805528 0.34502 5.55308
0.325142 -0.0490978 0.94439 7.23535 0.0107225 0.998779 0.0482337 0.322234 -0.945604 -0.00555658 0.325271 5.73606
0.311209 -0.0493623 0.949059 7.85638 0.0114698 0.998772 0.0481869 0.355389 -0.950272 -0.00411069 0.311393 5.91401
0.299721 -0.0510199 0.952662 8.4773 0.0125963 0.998694 0.0495222 0.377726 -0.953944 -0.00284288 0.299972 6.10315
0.288854 -0.0525585 0.955929 9.12955 0.0109974 0.998608 0.051582 0.409316 -0.95731 -0.00438694 0.28903 6.29928
0.278432 -0.0547308 0.958895 9.82281 0.00941847 0.998483 0.0542555 0.436003 -0.96041 -0.00607516 0.278525 6.49807
0.26909 -0.0562937 0.961468 10.5454 0.00858465 0.998391 0.0560528 0.473595 -0.963077 -0.00682939 0.26914 6.68487
0.260016 -0.0583756 0.963838 11.2675 0.00765511 0.998264 0.0583956 0.503406 -0.965574 -0.00780549 0.260011 6.85798
0.250596 -0.0602866 0.966213 12.0155 0.00735023 0.998149 0.0603729 0.53311 -0.968064 -0.00802733 0.250575 7.03057
0.241554 -0.0614372 0.968441 12.7978 0.00698608 0.998078 0.0615749 0.574654 -0.970362 -0.00810807 0.241519 7.20184
0.232124 -0.0646838 0.970533 13.5738 0.00570336 0.99786 0.065141 0.605265 -0.97267 -0.00958547 0.231996 7.36823
0.221069 -0.0687174 0.972834 14.3801 0.00412611 0.997572 0.0695271 0.647306 -0.975249 -0.0113563 0.220815 7.55216
0.20992 -0.0729375 0.974994 15.1711 0.00342304 0.997262 0.0738664 0.684674 -0.977712 -0.0121686 0.209595 7.70509
0.197671 -0.0753858 0.977365 15.9905 0.00230737 0.997072 0.0764391 0.729782 -0.980266 -0.0128546 0.197266 7.86389
0.18401 -0.0755006 0.98002 16.7992 0.00153014 0.997066 0.0765265 0.780744 -0.982923 -0.0125821 0.183586 8.01125
0.169824 -0.0751105 0.982608 17.6087 -8.15692e-06 0.997091 0.076219 0.820106 -0.985474 -0.0129518 0.169329 8.14775
0.154277 -0.0737966 0.985268 18.429 -0.000463659 0.997201 0.0747631 0.868855 -0.988028 -0.011991 0.153811 8.26269
0.134248 -0.0722246 0.988312 19.2613 -0.00325835 0.997303 0.0733242 0.917367 -0.990942 -0.0130639 0.13365 8.37104
0.108882 -0.0715028 0.99148 20.1004 -0.00764327 0.99732 0.0727634 0.959315 -0.994025 -0.0155008 0.108044 8.46027
0.0779768 -0.0710036 0.994423 20.9441 -0.0124619 0.997313 0.0721872 1.00697 -0.996877 -0.0180213 0.0768825 8.53736
0.0451874 -0.070823 0.996465 21.805 -0.0161681 0.997301 0.0716156 1.05673 -0.998848 -0.019347 0.0439204 8.56528
0.0115637 -0.0704077 0.997451 22.6495 -0.0183605 0.997335 0.0706123 1.09621 -0.999765 -0.0191302 0.0102402 8.56264
-0.0218163 -0.0692034 0.997364 23.5101 -0.0196402 0.997439 0.068779 1.13911 -0.999569 -0.0180879 -0.0231196 8.53478
-0.0549076 -0.0672425 0.996225 24.3657 -0.0222635 0.997564 0.0661058 1.18214 -0.998243 -0.0185497 -0.0562709 8.48665
-0.0872045 -0.064046 0.99413 25.2205 -0.0250003 0.997758 0.0620867 1.22385 -0.995877 -0.0194393 -0.0886101 8.40692
-0.120683 -0.0598477 0.990885 26.0756 -0.0227586 0.998085 0.0575108 1.25793 -0.99243 -0.0156106 -0.121814 8.30405
-0.151411 -0.0539323 0.986998 26.9147 -0.0181633 0.998494 0.0517741 1.28942 -0.988304 -0.010088 -0.152163 8.15461
-0.182568 -0.0472501 0.982057 27.7525 -0.0122726 0.998876 0.0457778 1.31918 -0.983117 -0.00369485 -0.182943 7.98729
-0.210132 -0.041328 0.976799 28.5787 -0.00635599 0.999143 0.0409061 1.34292 -0.977652 0.00238713 -0.210214 7.77832
-0.241407 -0.0367288 0.969729 29.4169 0.00189385 0.999264 0.038319 1.34943 -0.970422 0.011087 -0.24116 7.58103
-0.267977 -0.0262867 0.963067 30.2355 0.00774704 0.999537 0.0294378 1.35885 -0.963394 0.0153496 -0.267649 7.33848
-0.294064 -0.0115114 0.955717 31.0341 0.0116325 0.99981 0.0156217 1.35613 -0.955715 0.0157111 -0.293874 7.08717
-0.318311 0.00673655 0.947962 31.83 0.0124554 0.999918 -0.00292344 1.36034 -0.947904 0.0108767 -0.318369 6.80484
-0.342789 0.0218684 0.939158 32.62 0.0120877 0.999749 -0.0188673 1.34834 -0.939335 0.00488476 -0.342967 6.50152
-0.366994 0.0327688 0.929646 33.3978 0.0158305 0.999455 -0.0289801 1.32265 -0.930089 0.00408124 -0.367313 6.17852
-0.389998 0.0370753 0.920069 34.1587 0.0186111 0.999302 -0.0323793 1.28647 -0.920627 0.00449562 -0.390416 5.84046
-0.412454 0.0366972 0.910239 34.9183 0.0220181 0.999298 -0.0303108 1.24764 -0.910712 0.00753993 -0.412972 5.48174
-0.432896 0.0322891 0.900866 35.664 0.0253086 0.9994 -0.0236592 1.20721 -0.901089 0.0125577 -0.433453 5.11448
-0.450898 0.0309577 0.892039 36.3949 0.0333164 0.999286 -0.0178392 1.16629 -0.891954 0.0216758 -0.451607 4.73137
-0.464686 0.0314924 0.884915 37.1209 0.0353472 0.999231 -0.0169992 1.13594 -0.88477 0.02338 -0.465441 4.33661
-0.475817 0.035373 0.878833 37.8278 0.0388943 0.99906 -0.019154 1.10388 -0.878684 0.0250678 -0.476745 3.94754
-0.485416 0.0377219 0.873469 38.5304 0.0400015 0.998981 -0.0209121 1.07182 -0.873368 0.024789 -0.48643 3.54901
-0.496122 0.0366903 0.867477 39.2306 0.033411 0.999173 -0.0231523 1.04006 -0.86761 0.017497 -0.496938 3.15353
-0.506969 0.0359138 0.861216 39.921 0.03303 0.999207 -0.0222246 1.01149 -0.861331 0.0171788 -0.507753 2.75002
-0.515721 0.0368752 0.855962 40.6111 0.0341514 0.999164 -0.022468 0.984936 -0.856075 0.017645 -0.51655 2.32589
-0.522808 0.0399281 0.851515 41.3025 0.0367591 0.999029 -0.024276 0.956561 -0.851658 0.0186093 -0.523768 1.89161
-0.525638 0.0430982 0.849616 41.9953 0.0375372 0.998918 -0.0274484 0.93217 -0.84988 0.0174643 -0.526688 1.4584
-0.525548 0.045184 0.849563 42.7403 0.0369889 0.998858 -0.0302425 0.90597 -0.849959 0.0155305 -0.526619 0.993659
-0.521782 0.0455755 0.851861 43.4835 0.0384346 0.998814 -0.0298958 0.878929 -0.852213 0.0171418 -0.522914 0.532917
-0.515424 0.0446885 0.855769 44.2421 0.0364653 0.998879 -0.0301988 0.846524 -0.856159 0.0156407 -0.516475 0.0769015
-0.50816 0.043271 0.860175 45.0233 0.0341422 0.998964 -0.0300828 0.814009 -0.860585 0.0140814 -0.509111 -0.383239
-0.500799 0.0428516 0.864502 45.8185 0.0327074 0.998997 -0.0305711 0.777266 -0.864945 0.0129656 -0.501699 -0.840152
-0.494177 0.0406912 0.868409 46.6375 0.0294413 0.999114 -0.0300618 0.738268 -0.868863 0.0107112 -0.494937 -1.30348
-0.489566 0.0380497 0.871136 47.4731 0.0242522 0.999255 -0.0300164 0.704444 -0.871629 0.00643202 -0.490124 -1.7658
-0.48743 0.0358121 0.872428 48.3148 0.0205657 0.999352 -0.0295321 0.667281 -0.87292 0.00354724 -0.48785 -2.23299
-0.488275 0.0333541 0.872052 49.1825 0.017503 0.999443 -0.0284263 0.627952 -0.872514 0.00138364 -0.488587 -2.70672
-0.488275 0.0333541 0.872052 50.0509 0.017503 0.999443 -0.0284263 0.593829 -0.872514 0.00138364 -0.488587 -3.19872
-0.488275 0.0333541 0.872052 50.93 0.017503 0.999443 -0.0284263 0.560671 -0.872514 0.00138364 -0.488587 -3.69288
-0.488275 0.0333541 0.872052 51.8195 0.017503 0.999443 -0.0284263 0.524554 -0.872514 0.00138364 -0.488587 -4.19089
-0.488275 0.0333541 0.872052 52.7239 0.017503 0.999443 -0.0284263 0.491646 -0.872514 0.00138364 -0.488587 -4.69677
-0.488275 0.0333541 0.872052 53.63 0.017503 0.999443 -0.0284263 0.447858 -0.872514 0.00138364 -0.488587 -5.2012
-0.488775 0.0316958 0.871834 54.5475 0.0134886 0.999495 -0.0287749 0.415752 -0.872306 -0.00230464 -0.488955 -5.70737
-0.488775 0.0316958 0.871834 55.4596 0.0134886 0.999495 -0.0287749 0.373298 -0.872306 -0.00230464 -0.488955 -6.21414
-0.488775 0.0316958 0.871834 56.3762 0.0134886 0.999495 -0.0287749 0.326147 -0.872306 -0.00230464 -0.488955 -6.71786
-0.48745 0.0295728 0.87265 57.286 0.0137733 0.999562 -0.0261802 0.274516 -0.873042 -0.000742284 -0.487644 -7.22493
-0.526916 0.0119933 0.849833 57.1233 0.0247835 0.999692 0.00125809 0.0707825 -0.849556 0.0217247 -0.527051 -6.7911
-0.524571 0.0112825 0.851292 58.0088 0.0257101 0.999666 0.0025938 0.0549683 -0.850978 0.0232474 -0.524686 -7.33507
-0.522155 0.0115429 0.852772 58.8997 0.0254447 0.999674 0.00204862 0.0446806 -0.852471 0.0227683 -0.522279 -7.88124
-0.520159 0.0120333 0.853985 59.7842 0.0260077 0.99966 0.00175523 0.0279463 -0.853673 0.0231232 -0.520295 -8.4201
-0.520159 0.0120333 0.853985 60.6546 0.0260077 0.99966 0.00175523 -0.000283031 -0.853673 0.0231232 -0.520295 -8.93447
-0.520446 0.0135753 0.853787 61.5327 0.0254261 0.999677 -0.000395952 -0.0164711 -0.853516 0.0215024 -0.520622 -9.47323
-0.523408 0.0156674 0.851938 62.3989 0.0243009 0.999699 -0.00345501 -0.034137 -0.851736 0.0188945 -0.523631 -9.99886
-0.527295 0.0162768 0.849526 63.2541 0.0232401 0.999719 -0.00472952 -0.0569678 -0.849365 0.0172492 -0.527525 -10.5274
-0.533046 0.0153093 0.845948 64.1108 0.0252572 0.999679 -0.00217649 -0.0806615 -0.845709 0.0202061 -0.533261 -11.0618
-0.538565 0.012572 0.84249 64.9602 0.0261146 0.999657 0.0017766 -0.101213 -0.842179 0.0229581 -0.538709 -11.606
-0.544045 0.0103604 0.838992 65.8031 0.0231961 0.999727 0.00269624 -0.120272 -0.838736 0.0209282 -0.544137 -12.1398
-0.548594 0.0133204 0.835982 66.634 0.0246377 0.999696 0.000238899 -0.136937 -0.835726 0.0207277 -0.548756 -12.6895
-0.554018 0.0149753 0.83237 67.4661 0.0253061 0.999679 -0.00114189 -0.154135 -0.83212 0.0204314 -0.554219 -13.2369
-0.558309 0.0166427 0.829466 68.2811 0.0236338 0.999712 -0.00415083 -0.167553 -0.829296 0.017286 -0.558542 -13.7801
-0.56184 0.0156191 0.827099 69.1237 0.0219178 0.999752 -0.00399104 -0.195343 -0.826956 0.0158859 -0.562042 -14.3455
-0.56454 0.0157517 0.825255 69.9346 0.0231114 0.999728 -0.00327182 -0.211572 -0.825082 0.0172257 -0.564751 -14.9028
-0.566967 0.00904684 0.823691 70.7456 0.0236322 0.999707 0.00528656 -0.225779 -0.823401 0.0224629 -0.567015 -15.4589
-0.570391 5.44708e-05 0.821373 71.5577 0.0228537 0.999614 0.0158041 -0.244816 -0.821055 0.027786 -0.570172 -16.0003
-0.570391 5.44708e-05 0.821373 72.3527 0.0228537 0.999614 0.0158041 -0.23268 -0.821055 0.027786 -0.570172 -16.567
-0.571512 0.00376092 0.820585 73.1511 0.0226255 0.999682 0.0111762 -0.240942 -0.820282 0.0249534 -0.571415 -17.1229
-0.573156 0.00908707 0.819396 73.9453 0.0230563 0.999721 0.00504072 -0.246896 -0.819122 0.0217814 -0.573206 -17.6692
-0.573592 0.0120531 0.819053 74.726 0.0272234 0.99962 0.00435453 -0.256161 -0.818689 0.0247952 -0.573702 -18.2161
-0.57306 0.0143949 0.819387 75.4993 0.0314509 0.999495 0.00443694 -0.270091 -0.81891 0.0283131 -0.573223 -18.7617
-0.572913 0.0113095 0.819538 76.3204 0.0301842 0.999518 0.00730772 -0.274711 -0.81906 0.0289238 -0.572978 -19.3436
-0.571599 0.00672707 0.820505 77.1001 0.0277392 0.999553 0.0111293 -0.267436 -0.820064 0.0291217 -0.57153 -19.8801
-0.57115 -0.00052735 0.820846 77.9099 0.0245397 0.999542 0.0177171 -0.279656 -0.820479 0.0302624 -0.570875 -20.4407
-0.571731 -0.00673585 0.820413 78.7107 0.012333 0.999783 0.0168031 -0.251216 -0.820348 0.019725 -0.571524 -20.9511
-0.570141 -0.0113373 0.821469 79.5083 0.00509422 0.999837 0.0173347 -0.24016 -0.821531 0.0140679 -0.56999 -21.4876
-0.568018 -0.0100794 0.822954 80.2852 0.00843901 0.999801 0.0180702 -0.239244 -0.822973 0.0172091 -0.56782 -22.0239
-0.564447 -0.00634347 0.825445 81.0618 0.0129257 0.99978 0.016522 -0.243942 -0.825368 0.0199953 -0.564241 -22.5647
-0.558626 -0.00284594 0.829415 81.8476 0.0152707 0.999789 0.0137156 -0.238807 -0.829279 0.0203276 -0.558465 -23.1046
-0.550345 4.65608e-05 0.834938 82.6285 0.0207439 0.999692 0.0136175 -0.239235 -0.83468 0.0248142 -0.550176 -23.6322
-0.541982 0.00378324 0.840382 83.4126 0.029167 0.999472 0.0143111 -0.25041 -0.839884 0.0322678 -0.541806 -24.1491
-0.532365 0.00233514 0.846512 84.2179 0.0260688 0.999567 0.0136371 -0.248145 -0.846113 0.0293274 -0.532196 -24.6506
-0.52116 4.16137e-05 0.853459 85.0207 0.0240667 0.999603 0.0146475 -0.247103 -0.85312 0.0281736 -0.520954 -25.1358
-0.509581 -0.00314451 0.860417 85.8263 0.0256214 0.999494 0.018827 -0.254526 -0.860041 0.031639 -0.509243 -25.6105
-0.498912 -0.00347121 0.866646 86.6367 0.0259892 0.999482 0.0189648 -0.255928 -0.866263 0.0319852 -0.498564 -26.0661
-0.488455 -0.00412693 0.872579 87.4551 0.0257021 0.999487 0.0191147 -0.246024 -0.872211 0.0317638 -0.488098 -26.5024
-0.476395 -0.00233085 0.879228 88.2718 0.0282906 0.999438 0.0179783 -0.243171 -0.878776 0.0334386 -0.476061 -26.9476
-0.464197 0.00240689 0.885729 89.0884 0.0301499 0.99946 0.0130852 -0.253796 -0.885219 0.0327788 -0.464019 -27.3739
-0.452534 0.0117907 0.891669 89.9149 0.033174 0.999443 0.00362044 -0.254978 -0.89113 0.0312186 -0.452674 -27.7999
-0.440431 0.0166023 0.897633 90.7519 0.031958 0.999485 -0.0028056 -0.253843 -0.897218 0.0274509 -0.440735 -28.2091
-0.429783 0.0133199 0.902834 91.5958 0.0300554 0.999548 -0.000439281 -0.265683 -0.902432 0.0269463 -0.429989 -28.6007
-0.417343 0.0095185 0.908699 92.4347 0.0299772 0.999545 0.00329771 -0.288 -0.908254 0.0286166 -0.417438 -28.9885
-0.406672 0.0105444 0.913514 93.2734 0.0297384 0.999556 0.00170115 -0.313624 -0.91309 0.0278582 -0.406805 -29.3654
-0.398252 0.0142555 0.917165 94.11 0.0236189 0.999707 -0.00528263 -0.328137 -0.916972 0.0195586 -0.398472 -29.7281
-0.39307 0.0187313 0.919318 94.9527 0.0177501 0.999761 -0.012781 -0.347938 -0.919337 0.0112941 -0.393309 -30.0788
-0.389852 0.0210657 0.920637 95.8002 0.0143002 0.999756 -0.0168206 -0.369658 -0.920767 0.00660772 -0.390058 -30.4295
-0.38547 0.0216139 0.922467 96.6482 0.0153426 0.999738 -0.0170132 -0.40316 -0.922593 0.00759498 -0.3857 -30.7831
-0.37989 0.0217017 0.924777 97.4945 0.0151686 0.999736 -0.0172297 -0.43482 -0.924907 0.0074822 -0.380119 -31.1354
-0.387425 -0.0235788 0.921599 96.9777 -0.0165888 0.999689 0.018603 -0.749604 -0.921752 -0.00808094 -0.387696 -30.9131
-0.381533 -0.0264658 0.923976 97.823 -0.015052 0.999635 0.0224176 -0.74877 -0.924233 -0.0053546 -0.381792 -31.2634
-0.375417 -0.0297371 0.926379 98.674 -0.0170771 0.999537 0.025165 -0.744838 -0.926699 -0.00637249 -0.375751 -31.6063
-0.368996 -0.0316558 0.928892 99.5216 -0.024516 0.999404 0.02432 -0.738425 -0.929107 -0.0137987 -0.369552 -31.9293
-0.362023 -0.0323544 0.931608 100.375 -0.0299015 0.999286 0.0230851 -0.737888 -0.93169 -0.0194991 -0.362732 -32.25
-0.355267 -0.0283547 0.934335 101.223 -0.0275936 0.999422 0.0198379 -0.735167 -0.934357 -0.0187339 -0.355845 -32.5719
-0.348645 -0.0243748 0.936938 102.059 -0.0249395 0.999549 0.0167234 -0.729234 -0.936923 -0.0175362 -0.349096 -32.8778
-0.34222 -0.0263166 0.939251 102.915 -0.0251111 0.999507 0.0188555 -0.725295 -0.939284 -0.0171329 -0.342712 -33.1838
-0.33552 -0.0313049 0.941513 103.776 -0.0247949 0.999395 0.0243935 -0.723964 -0.941707 -0.0151602 -0.336093 -33.4838
-0.328019 -0.033502 0.944077 104.628 -0.0257884 0.999316 0.0265021 -0.715262 -0.944319 -0.015653 -0.328659 -33.7774
-0.320619 -0.0307325 0.946709 105.493 -0.0282251 0.99934 0.0228821 -0.704164 -0.946787 -0.0193845 -0.321275 -34.0758
-0.314155 -0.0280313 0.948958 106.347 -0.0265404 0.999433 0.020736 -0.701609 -0.949001 -0.0186714 -0.314721 -34.3541
-0.307584 -0.0278194 0.951114 107.215 -0.0298535 0.999363 0.0195763 -0.691927 -0.951052 -0.0223727 -0.308218 -34.6304
-0.299777 -0.0274796 0.953613 108.065 -0.0293199 0.999378 0.0195814 -0.6859 -0.953559 -0.0220898 -0.300397 -34.897
-0.291221 -0.02666 0.956284 108.926 -0.0246881 0.999488 0.0203461 -0.678748 -0.956337 -0.0176836 -0.29173 -35.1685
-0.282944 -0.0251708 0.958806 109.794 -0.0220302 0.999562 0.0197396 -0.673631 -0.958883 -0.0155375 -0.283375 -35.4344
-0.275535 -0.0247163 0.960973 110.662 -0.0203437 0.999595 0.0198766 -0.670078 -0.961076 -0.014073 -0.275927 -35.6877
-0.268303 -0.0262703 0.962976 111.526 -0.025619 0.999469 0.0201279 -0.667929 -0.962994 -0.0192701 -0.268833 -35.92
-0.262579 -0.0275437 0.964517 112.396 -0.0286644 0.999374 0.0207355 -0.661039 -0.964485 -0.0222026 -0.263205 -36.1416
-0.257582 -0.0268864 0.965882 113.258 -0.0246814 0.99947 0.0212393 -0.658399 -0.965941 -0.0183685 -0.258109 -36.3739
-0.251879 -0.0264734 0.967397 114.129 -0.0223141 0.999519 0.0215425 -0.655717 -0.967501 -0.0161604 -0.252349 -36.609
-0.246181 -0.0249566 0.968903 114.993 -0.0206876 0.999576 0.0204903 -0.651897 -0.969003 -0.0149999 -0.246593 -36.8331
-0.239722 -0.0256605 0.970502 115.862 -0.0142469 0.999636 0.0229117 -0.646627 -0.970737 -0.00833422 -0.24 -37.0592
-0.234486 -0.0261923 0.971767 116.735 -0.00703589 0.999657 0.0252462 -0.634324 -0.972094 -0.000917349 -0.23459 -37.2825
-0.229261 -0.0264009 0.973007 117.58 -0.00526329 0.999651 0.0258837 -0.626879 -0.973351 0.000812909 -0.22932 -37.4735
-0.225388 -0.024156 0.97397 118.458 -0.00665363 0.999707 0.0232546 -0.612724 -0.974246 -0.00123913 -0.225482 -37.6686
-0.221549 -0.0221753 0.974897 119.343 -0.0078174 0.99975 0.0209641 -0.601682 -0.975118 -0.00297659 -0.221667 -37.8725
-0.21952 -0.0235969 0.975323 120.19 -0.0111111 0.999703 0.021686 -0.605223 -0.975545 -0.00607638 -0.219717 -38.0458
-0.21952 -0.0235969 0.975323 121.082 -0.0111111 0.999703 0.021686 -0.587675 -0.975545 -0.00607638 -0.219717 -38.2354
-0.218494 -0.0274488 0.975452 121.953 -0.0107244 0.999611 0.0257265 -0.569173 -0.975779 -0.00484003 -0.218703 -38.4272
-0.217507 -0.0326084 0.975514 122.816 -0.0130203 0.99945 0.0305055 -0.556937 -0.975972 -0.0060663 -0.217812 -38.6109
-0.216594 -0.0339945 0.97567 123.66 -0.0126211 0.999408 0.0320198 -0.544001 -0.97618 -0.00537868 -0.216895 -38.7918
-0.215568 -0.02931 0.976049 124.527 -0.0133586 0.999544 0.0270652 -0.530868 -0.976398 -0.00720428 -0.215861 -38.9807
-0.215854 -0.0254097 0.976095 125.37 -0.0147386 0.999632 0.0227632 -0.516272 -0.976314 -0.00947273 -0.216149 -39.1549
-0.215434 -0.0263032 0.976164 126.238 -0.0181539 0.999572 0.0229275 -0.506367 -0.97635 -0.0127818 -0.21582 -39.346
-0.214325 -0.0268847 0.976392 127.106 -0.0199999 0.999532 0.0231317 -0.498833 -0.976558 -0.0145701 -0.214762 -39.5363
-0.213889 -0.0264078 0.976501 127.965 -0.0150531 0.999605 0.0237355 -0.4996 -0.976742 -0.0096226 -0.214202 -39.7286
-0.21249 -0.0240593 0.976867 128.82 -0.0182951 0.99962 0.02064 -0.48506 -0.976992 -0.0134861 -0.212849 -39.9162
-0.211807 -0.0230049 0.977041 129.67 -0.0265161 0.99949 0.0177852 -0.482024 -0.976952 -0.0221403 -0.212309 -40.0884
-0.211269 -0.0214657 0.977192 130.517 -0.0330482 0.999344 0.0148073 -0.477784 -0.976869 -0.0291661 -0.21184 -40.2589
-0.210251 -0.0175733 0.97749 131.348 -0.0311892 0.99945 0.0112595 -0.476085 -0.97715 -0.0281198 -0.210683 -40.4426
-0.210251 -0.0175733 0.97749 132.183 -0.0311892 0.99945 0.0112595 -0.487758 -0.97715 -0.0281198 -0.210683 -40.6151
-0.208657 -0.0165432 0.977849 133.014 -0.0339754 0.999376 0.00965762 -0.486695 -0.977399 -0.0312077 -0.209088 -40.79
-0.206562 -0.018015 0.978268 133.838 -0.0311565 0.999445 0.0118263 -0.480194 -0.977937 -0.0280365 -0.207008 -40.9735
-0.203297 -0.0212725 0.978886 134.662 -0.0277296 0.999488 0.0159612 -0.481889 -0.978724 -0.0238993 -0.203783 -41.1559
-0.220698 -0.0272533 0.974961 134.018 -0.0049172 0.999628 0.0268297 -0.471792 -0.97533 0.00112717 -0.22075 -40.9878
-0.236907 -0.0406697 0.970681 134.147 -0.00192295 0.999141 0.0413929 -0.655567 -0.97153 0.00793971 -0.236782 -40.876
-0.246216 -0.0232956 0.968935 134.357 0.0156054 0.999486 0.0279956 -0.578842 -0.969089 0.0220136 -0.245726 -40.879
-0.256883 -0.0205676 0.966224 134.489 0.0179661 0.999499 0.0260524 -0.596653 -0.966276 0.0240517 -0.256384 -40.8206
-0.265952 -0.0170768 0.963835 134.726 0.0259539 0.999354 0.0248676 -0.623903 -0.963637 0.0316289 -0.265337 -40.8069
-0.270796 -0.0193425 0.962442 134.89 0.0199478 0.999471 0.0256993 -0.57209 -0.96243 0.0261579 -0.270267 -40.8179
-0.27867 -0.0163049 0.960248 134.452 0.055149 0.997934 0.0329494 -0.623288 -0.958802 0.0621388 -0.277195 -40.6855
-0.26859 -0.0162381 0.963118 134.971 0.0630214 0.997419 0.0343916 -0.678853 -0.961191 0.0699342 -0.266874 -40.8311
-0.267223 -0.0109228 0.963573 134.487 0.0476574 0.998562 0.024536 -0.60206 -0.962456 0.0524779 -0.266318 -40.7093
-0.253288 -0.0104074 0.967335 135.261 0.05086 0.998416 0.0240591 -0.596916 -0.966053 0.0552925 -0.252358 -40.9125
-0.239736 -0.00822809 0.970803 136.036 0.0517635 0.998433 0.0212451 -0.591813 -0.969457 0.0553454 -0.238935 -41.1043
-0.225905 -0.00200625 0.974147 136.798 0.0499723 0.998657 0.0136453 -0.59574 -0.972867 0.051763 -0.225502 -41.273
-0.213002 0.00562639 0.977035 137.566 0.0430408 0.999067 0.00363001 -0.600062 -0.976103 0.0428256 -0.213046 -41.4302
-0.199268 0.0128986 0.97986 138.328 0.0395935 0.999203 -0.00510133 -0.60701 -0.979145 0.0377795 -0.19962 -41.5747
-0.186083 0.0138817 0.982436 139.092 0.0392163 0.999208 -0.00669076 -0.614856 -0.981751 0.0372825 -0.18648 -41.7176
-0.173853 0.00948158 0.984726 139.854 0.0367794 0.999319 -0.00312867 -0.633405 -0.984084 0.0356737 -0.174084 -41.8425
-0.163424 0.006601 0.986534 140.621 0.0331903 0.999448 -0.00118926 -0.653172 -0.985997 0.032549 -0.163553 -41.9569
-0.161502 0.0264158 0.986519 140.694 0.0122157 0.999619 -0.0247668 -0.455961 -0.986797 0.00805113 -0.161764 -41.9216
-0.155047 0.0337389 0.987331 141.445 0.00798056 0.999427 -0.032899 -0.482039 -0.987875 0.00277857 -0.155227 -42.0328
-0.152136 0.0361679 0.987698 142.2 0.00508785 0.999346 -0.0358107 -0.51062 -0.988346 -0.000422849 -0.15222 -42.141
-0.152312 0.0311447 0.987842 142.516 0.0200187 0.999396 -0.0284223 -0.588657 -0.98813 0.0154462 -0.152844 -42.1665
-0.156313 0.0346902 0.987098 142.848 0.0304137 0.999078 -0.030295 -0.560693 -0.987239 0.0252858 -0.157224 -42.1782
-0.166126 0.0411105 0.985247 143.136 0.0496031 0.998214 -0.0332878 -0.531714 -0.984856 0.0433413 -0.167869 -42.1489
-0.168575 0.0420091 0.984793 143.881 0.0517518 0.998091 -0.0337176 -0.565008 -0.984329 0.0452809 -0.170427 -42.2836
-0.171493 0.0422867 0.984277 144.63 0.0528378 0.998035 -0.0336717 -0.601649 -0.983767 0.0462326 -0.173391 -42.4263
-0.175501 0.0406219 0.983641 145.372 0.0515783 0.998156 -0.0320188 -0.640343 -0.983127 0.0451152 -0.177273 -42.5641
-0.180283 0.0410455 0.982758 146.112 0.0500983 0.998215 -0.0325007 -0.667449 -0.982338 0.0433752 -0.182018 -42.7056
-0.186973 0.0393399 0.981577 146.847 0.0482704 0.998359 -0.0308178 -0.697522 -0.981178 0.041619 -0.188566 -42.8399
-0.191807 0.0369661 0.980736 147.572 0.0512629 0.998304 -0.0276025 -0.739094 -0.980093 0.044981 -0.193377 -42.9896
-0.196944 0.0366699 0.979729 148.299 0.0500174 0.998375 -0.0273133 -0.769541 -0.979138 0.0436243 -0.198458 -43.1385
-0.20275 0.0380137 0.978492 149.023 0.0479307 0.998434 -0.0288569 -0.798584 -0.978057 0.0410491 -0.204255 -43.2846
-0.207205 0.0405473 0.977457 149.743 0.0462987 0.998428 -0.0316027 -0.830089 -0.977201 0.0387067 -0.208757 -43.4358
-0.210101 0.0423783 0.976761 150.457 0.0461195 0.998378 -0.0333959 -0.8673 -0.976591 0.0380312 -0.211714 -43.591
-0.211414 0.0447044 0.976374 151.157 0.0491394 0.998176 -0.0350625 -0.898345 -0.976161 0.0405657 -0.213225 -43.7459
-0.211244 0.0444935 0.97642 151.86 0.0517965 0.998069 -0.0342741 -0.927942 -0.97606 0.043335 -0.213141 -43.8985
-0.207291 0.0413631 0.977404 152.561 0.0537573 0.998078 -0.0308369 -0.964246 -0.976801 0.0461504 -0.209116 -44.0509
-0.19966 0.0420155 0.978964 153.263 0.0549121 0.99799 -0.0316328 -0.999629 -0.978325 0.0474412 -0.201565 -44.197
-0.188176 0.0432685 0.981182 153.958 0.0578102 0.997785 -0.0329135 -1.03594 -0.980432 0.0505288 -0.190261 -44.3349
-0.173301 0.0445533 0.983861 154.648 0.0607743 0.997556 -0.0344684 -1.06802 -0.982992 0.0538201 -0.175586 -44.4634
-0.157736 0.0424478 0.986569 155.337 0.0603266 0.997624 -0.0332782 -1.10059 -0.985637 0.0542671 -0.159922 -44.5706
-0.141769 0.0371366 0.989203 156.03 0.0556204 0.998016 -0.0294961 -1.13509 -0.988336 0.0508383 -0.143553 -44.6592
-0.125398 0.0301416 0.991648 156.717 0.0549616 0.998214 -0.023391 -1.16902 -0.990583 0.0515694 -0.126831 -44.7383
-0.107545 0.0224636 0.993946 157.404 0.0551024 0.998343 -0.0166008 -1.19791 -0.992672 0.0529835 -0.108605 -44.8137
-0.0895049 0.0155826 0.995864 158.083 0.0551679 0.99842 -0.0106643 -1.22067 -0.994457 0.0539852 -0.0902232 -44.8704
-0.0716744 0.00953002 0.997383 158.76 0.053513 0.998551 -0.00569561 -1.24324 -0.995992 0.0529647 -0.0720805 -44.9122
-0.0579432 0.0109705 0.99826 158.955 0.0341686 0.999376 -0.00899952 -1.14895 -0.997735 0.0335877 -0.0582819 -44.9247
-0.0392345 0.00915936 0.999188 159.619 0.0358169 0.999328 -0.00775424 -1.17059 -0.998588 0.0354836 -0.0395362 -44.9487
-0.020516 0.00867106 0.999752 160.276 0.0347686 0.999364 -0.00795421 -1.18618 -0.999185 0.0345967 -0.0208044 -44.9592
-0.00289205 0.00727147 0.999969 160.928 0.0297335 0.999532 -0.00718229 -1.20003 -0.999554 0.0297118 -0.0031069 -44.9537
0.0128292 0.00254726 0.999914 161.579 0.0283753 0.999593 -0.00291051 -1.22207 -0.999515 0.0284102 0.0127517 -44.938
0.0236975 -0.000731065 0.999719 162.221 0.0325792 0.999469 -4.13793e-05 -1.23786 -0.999188 0.032571 0.0237087 -44.9095
0.0294107 0.00264468 0.999564 161.975 0.0327953 0.999456 -0.00360935 -1.04799 -0.999029 0.0328872 0.0293079 -44.8667
0.0402722 0.0052635 0.999175 162.599 0.0282313 0.999581 -0.00640351 -1.07151 -0.99879 0.0284658 0.0401067 -44.8376
0.0495669 0.0122409 0.998696 163.227 0.0240848 0.999619 -0.0134476 -1.089 -0.99848 0.02472 0.0492532 -44.7925
0.0594606 0.0226314 0.997974 163.832 0.0238806 0.999425 -0.0240871 -1.10748 -0.997945 0.0252645 0.058886 -44.7551
0.0691521 0.0295439 0.997169 164.428 0.029313 0.99907 -0.031633 -1.12824 -0.997175 0.0314174 0.0682217 -44.7322
0.0761588 0.0278391 0.996707 165.042 0.0295886 0.999107 -0.030167 -1.14919 -0.996657 0.0317886 0.0752671 -44.6839
0.0829209 0.0191394 0.996372 165.679 0.0266462 0.999416 -0.0214154 -1.17631 -0.9962 0.0283254 0.0823624 -44.6295
0.0881505 0.00773972 0.996077 166.304 0.0217963 0.999715 -0.00969692 -1.20019 -0.995869 0.0225656 0.0879567 -44.5696
0.0908561 -9.5953e-05 0.995864 166.938 0.021378 0.99977 -0.00185406 -1.21936 -0.995635 0.0214581 0.0908372 -44.509
0.091803 4.64295e-05 0.995777 167.601 0.0241709 0.999705 -0.00227498 -1.22875 -0.995484 0.0242776 0.0917748 -44.4586
0.0934488 0.00222807 0.995622 168.222 0.0279798 0.999597 -0.00486313 -1.24603 -0.995231 0.0283117 0.0933487 -44.4067
0.0943561 0.00312968 0.995534 168.832 0.0303261 0.999522 -0.00601651 -1.24674 -0.995077 0.0307583 0.0942161 -44.3311
0.0976848 0.00143856 0.995216 169.479 0.0272305 0.999621 -0.00411772 -1.24305 -0.994845 0.0275025 0.0976086 -44.2809
0.100879 -0.00237169 0.994896 170.113 0.0267159 0.999643 -0.000325883 -1.25659 -0.99454 0.0266124 0.100906 -44.2152
0.104655 -0.00890031 0.994469 170.77 0.0279062 0.999592 0.0060094 -1.28006 -0.994117 0.0271229 0.104861 -44.1524
0.108122 -0.0124266 0.99406 171.413 0.0294174 0.999524 0.00929522 -1.29502 -0.993702 0.0282376 0.108436 -44.0699
0.11408 -0.0148019 0.993361 172.047 0.0316652 0.999435 0.0112559 -1.30282 -0.992967 0.030171 0.114484 -43.9836
0.119836 -0.0179629 0.992631 172.684 0.0332519 0.999348 0.0140701 -1.30934 -0.992237 0.0313207 0.120356 -43.8706
0.129991 -0.0194279 0.991325 173.34 0.0362908 0.999231 0.0148241 -1.31318 -0.990851 0.034049 0.130596 -43.7833
0.141191 -0.0169956 0.989836 174.007 0.0346253 0.999326 0.0122196 -1.31095 -0.989377 0.0325481 0.141684 -43.6729
0.153394 -0.0131049 0.988078 174.656 0.0334138 0.999409 0.00806786 -1.31258 -0.9876 0.0317779 0.153741 -43.5642
0.165731 -0.0108318 0.986112 175.317 0.0328584 0.999445 0.00545592 -1.31862 -0.985623 0.0314979 0.165995 -43.439
0.177799 -0.010066 0.984015 175.959 0.033491 0.99943 0.00417226 -1.32137 -0.983497 0.0322139 0.178034 -43.3122
0.190814 -0.0131266 0.981538 176.609 0.0344119 0.999385 0.00667549 -1.32881 -0.981023 0.0325028 0.191148 -43.2012
0.202582 -0.0149627 0.979151 177.273 0.0337625 0.999396 0.00828672 -1.3348 -0.978683 0.0313799 0.202965 -43.052
0.212384 -0.0164356 0.977048 177.937 0.0325805 0.999422 0.00972985 -1.34216 -0.976643 0.0297662 0.212797 -42.872
0.223942 -0.0189997 0.974417 178.608 0.028524 0.999509 0.0129335 -1.34825 -0.974185 0.0248979 0.224374 -42.7196
0.231267 -0.0188431 0.972708 179.278 0.0253811 0.999589 0.0133293 -1.35097 -0.972559 0.0216058 0.23165 -42.5436
0.23691 -0.0222435 0.971277 179.957 0.0254612 0.999537 0.0166803 -1.35514 -0.971198 0.0207781 0.237366 -42.3861
0.239462 -0.0253088 0.970576 180.657 0.0292755 0.999394 0.0188374 -1.3477 -0.970464 0.0239033 0.240058 -42.2111
0.23981 -0.0229367 0.970549 181.347 0.0333977 0.999324 0.0153646 -1.34121 -0.970245 0.0287296 0.240414 -42.0462
0.237487 -0.0230641 0.971117 182.053 0.0346434 0.999283 0.015261 -1.34985 -0.970773 0.0300185 0.238116 -41.8593
0.237371 -0.0213174 0.971185 182.762 0.0383893 0.999184 0.0125491 -1.34858 -0.97066 0.0343043 0.237996 -41.6952
0.236221 -0.0239123 0.971405 183.482 0.0414281 0.999036 0.0145182 -1.35238 -0.970816 0.036814 0.236984 -41.5147
0.236307 -0.0300749 0.971213 184.207 0.0454551 0.998769 0.0198685 -1.35733 -0.970615 0.0394515 0.237383 -41.3532
0.234143 -0.0333633 0.971629 184.939 0.0454836 0.998693 0.0233319 -1.35871 -0.971138 0.0387302 0.235355 -41.1644
0.233399 -0.035404 0.971736 185.677 0.046792 0.998588 0.0251434 -1.35344 -0.971255 0.039601 0.234726 -40.9944
0.232158 -0.035478 0.972031 186.427 0.0459449 0.998619 0.0254751 -1.34108 -0.971592 0.0387457 0.233467 -40.8155
0.229743 -0.0360261 0.972584 187.158 0.0443016 0.998666 0.0265274 -1.3342 -0.972242 0.0369926 0.231033 -40.6328
0.228322 -0.0349303 0.972959 187.908 0.0436985 0.998717 0.0256004 -1.33112 -0.972605 0.0366718 0.229555 -40.4585
0.227169 -0.0316682 0.97334 188.648 0.0458275 0.998712 0.0217979 -1.32882 -0.972776 0.0396539 0.228328 -40.287
0.226871 -0.025546 0.97359 189.377 0.0451635 0.998856 0.0156847 -1.32554 -0.972877 0.0404123 0.227765 -40.1185
0.226533 -0.0236752 0.973716 190.133 0.0430849 0.99897 0.0142657 -1.32507 -0.97305 0.0387208 0.227319 -39.9458
0.226425 -0.0267622 0.973661 190.876 0.0418938 0.998965 0.0177153 -1.32694 -0.973127 0.0367792 0.227312 -39.7874
0.225399 -0.0303446 0.973794 191.625 0.0391373 0.99899 0.0220708 -1.32816 -0.97348 0.0331369 0.226359 -39.6065
0.221522 -0.0307964 0.974669 192.41 0.036004 0.999078 0.0233847 -1.33077 -0.97449 0.0299118 0.222427 -39.3958
0.215531 -0.0321209 0.975969 193.141 0.0332328 0.999121 0.0255438 -1.33443 -0.975931 0.0269287 0.216409 -39.2165
0.208783 -0.0325593 0.97742 193.872 0.0332847 0.999103 0.0261718 -1.32057 -0.977395 0.0270689 0.209679 -39.0631
0.200502 -0.0328438 0.979143 194.612 0.0336596 0.999079 0.0266199 -1.31594 -0.979115 0.0276202 0.201423 -38.9239
0.189951 -0.0315156 0.981288 195.346 0.0365413 0.999019 0.0250117 -1.31729 -0.981113 0.0311066 0.190916 -38.7868
0.177585 -0.028066 0.983705 196.085 0.0355135 0.999125 0.0220947 -1.30842 -0.983464 0.0310111 0.178427 -38.642
0.16619 -0.0288907 0.98567 196.825 0.0326301 0.999184 0.0237852 -1.29705 -0.985554 0.0282097 0.166997 -38.5184
0.155829 -0.0355978 0.987142 197.562 0.0380422 0.998825 0.0300138 -1.28415 -0.987051 0.0328761 0.157 -38.419
0.14659 -0.0434698 0.988242 198.303 0.0425582 0.998386 0.0376032 -1.27571 -0.988281 0.0365456 0.148203 -38.3175
0.140504 -0.0497447 0.98883 199.053 0.0435843 0.99808 0.0440171 -1.26029 -0.98912 0.0369129 0.142402 -38.2209
0.136943 -0.0524255 0.989191 199.799 0.0381711 0.998136 0.0476152 -1.24427 -0.989843 0.0312379 0.138689 -38.1164
0.133068 -0.0542931 0.989619 200.541 0.0386983 0.998022 0.0495506 -1.22258 -0.990351 0.031703 0.134906 -38.0039
0.131246 -0.0550737 0.989819 201.28 0.0408447 0.997908 0.050108 -1.19967 -0.990508 0.0338524 0.133221 -37.9099
0.130688 -0.0528262 0.990015 202.03 0.0397896 0.998054 0.0480027 -1.17648 -0.990625 0.033119 0.132535 -37.8074
0.129064 -0.0519695 0.990273 202.781 0.036468 0.998199 0.0476325 -1.15619 -0.990965 0.0299656 0.130727 -37.6865
0.129064 -0.0519695 0.990273 203.529 0.036468 0.998199 0.0476325 -1.12151 -0.990965 0.0299656 0.130727 -37.5728
0.131527 -0.0532584 0.989881 204.288 0.0355398 0.998167 0.048982 -1.09742 -0.990675 0.0287377 0.133178 -37.4761
0.132477 -0.0552197 0.989647 205.068 0.0370194 0.998026 0.0507317 -1.07332 -0.990495 0.0299154 0.134259 -37.3584
0.135111 -0.0555548 0.989272 205.826 0.0410695 0.997883 0.0504293 -1.04731 -0.989979 0.0338153 0.137107 -37.2673
0.140545 -0.057622 0.988396 206.593 0.0423028 0.997743 0.0521517 -1.02622 -0.98917 0.0344823 0.142665 -37.1775
0.143913 -0.0598212 0.987781 207.381 0.0419751 0.997642 0.0543029 -0.995249 -0.9887 0.0336473 0.146085 -37.0402
0.149815 -0.0644557 0.986611 208.145 0.0412045 0.997413 0.0589045 -0.966198 -0.987855 0.0318281 0.152083 -36.9234
0.155525 -0.0681859 0.985476 208.914 0.0407901 0.997207 0.0625602 -0.9338 -0.986989 0.030468 0.157872 -36.803
0.160309 -0.0688453 0.984663 209.694 0.0406837 0.997178 0.0630968 -0.8992 -0.986228 0.0299447 0.162658 -36.6721
0.16574 -0.0647225 0.984043 210.479 0.0358825 0.997579 0.0595692 -0.86707 -0.985516 0.0254369 0.167662 -36.536
0.170597 -0.059682 0.983532 211.265 0.0311493 0.997992 0.0551565 -0.831648 -0.984848 0.0212268 0.172114 -36.3855
0.175571 -0.0571684 0.982805 212.053 0.026874 0.998219 0.0532641 -0.797921 -0.9841 0.0170603 0.176795 -36.2336
0.181854 -0.0584724 0.981585 212.829 0.0255213 0.998175 0.0547324 -0.779293 -0.982994 0.0150981 0.183014 -36.0966
0.185652 -0.0568097 0.980972 213.615 0.0237344 0.998295 0.0533211 -0.754623 -0.982329 0.0133836 0.186684 -35.9358
0.190481 -0.0536604 0.980223 214.41 0.0228795 0.998476 0.0502136 -0.719264 -0.981424 0.0128623 0.191418 -35.7805
0.195466 -0.0531553 0.979269 215.195 0.0235023 0.998497 0.0495079 -0.688909 -0.980429 0.0133379 0.196422 -35.6201
0.200225 -0.0544686 0.978235 215.987 0.0239922 0.998427 0.0506822 -0.66227 -0.979456 0.0133222 0.201217 -35.4534
0.204046 -0.0550436 0.977413 216.759 0.0282953 0.998333 0.0503147 -0.644439 -0.978552 0.0173896 0.205264 -35.2867
0.209016 -0.0543691 0.9764 217.539 0.0323045 0.998292 0.0486728 -0.619733 -0.977378 0.0213687 0.210415 -35.1264
0.213333 -0.0528232 0.97555 218.319 0.0317772 0.998384 0.0471105 -0.595941 -0.976463 0.02095 0.214667 -34.9486
0.21896 -0.0540061 0.974238 219.107 0.0279396 0.998405 0.0490663 -0.568564 -0.975334 0.0164763 0.22012 -34.7675
0.225984 -0.0553457 0.972557 219.875 0.0253112 0.998381 0.0509339 -0.551165 -0.973802 0.0131063 0.227019 -34.6007
0.230288 -0.0522836 0.971717 220.679 0.0293386 0.998475 0.0467703 -0.5308 -0.97268 0.0177382 0.231471 -34.4168
0.233161 -0.0451601 0.971389 221.46 0.0293429 0.998793 0.039391 -0.509936 -0.971995 0.0193189 0.234205 -34.2131
0.236371 -0.0390733 0.970877 222.233 0.0221882 0.999148 0.0348091 -0.480343 -0.971409 0.0133141 0.237037 -34.0027
0.238497 -0.0405441 0.970297 223.008 0.015948 0.999157 0.0378301 -0.452174 -0.971012 0.00645198 0.238942 -33.7861
0.241159 -0.0511046 0.969139 223.805 0.0161547 0.998686 0.0486427 -0.427523 -0.970351 0.00392551 0.241668 -33.5846
0.243497 -0.0632538 0.967837 224.586 0.0201147 0.997986 0.0601635 -0.397427 -0.969693 0.00481804 0.244279 -33.3903
0.243929 -0.0712538 0.967172 225.364 0.0186246 0.997457 0.0687877 -0.363802 -0.969614 0.00123391 0.244636 -33.1722
0.245474 -0.0739857 0.966576 226.145 0.0170404 0.997259 0.0720067 -0.334329 -0.969253 -0.00120494 0.246062 -32.9581
0.249225 -0.0688887 0.965992 226.92 0.0174023 0.997624 0.0666548 -0.293147 -0.968289 0.000198501 0.249831 -32.7608
0.253822 -0.0630596 0.965193 227.699 0.0196767 0.998003 0.0600287 -0.253724 -0.967051 0.00375518 0.254556 -32.557
0.259306 -0.0579763 0.964054 228.479 0.0193894 0.998308 0.0548211 -0.21317 -0.965601 0.00447696 0.259991 -32.35
0.263817 -0.0545666 0.963028 229.249 0.0197239 0.998495 0.0511729 -0.176582 -0.964371 0.00549438 0.264497 -32.135
0.268035 -0.0532432 0.961937 230.03 0.0211584 0.998556 0.0493745 -0.15497 -0.963177 0.00711901 0.268774 -31.9142
0.272817 -0.0541514 0.960541 230.808 0.0218336 0.998506 0.0500904 -0.12192 -0.961818 0.00730657 0.273592 -31.6934
0.276632 -0.0602315 0.959087 231.594 0.0240365 0.998155 0.0557521 -0.0997107 -0.960675 0.00763027 0.277569 -31.4679
0.279456 -0.0661194 0.957879 232.366 0.0265223 0.997777 0.0611357 -0.06969 -0.959792 0.00832048 0.280588 -31.239
0.282316 -0.0713592 0.956664 233.148 0.0278644 0.997419 0.0661763 -0.0308774 -0.958917 0.00797427 0.283575 -31.0092
0.284626 -0.0768495 0.955553 233.932 0.0301325 0.997006 0.0712079 0.00949877 -0.958165 0.0085256 0.28609 -30.7764
0.286319 -0.083746 0.954468 234.719 0.0320854 0.996452 0.0778049 0.0538273 -0.957597 0.00834753 0.28799 -30.5409
0.287445 -0.0845264 0.95406 235.493 0.0320014 0.99639 0.0786351 0.0943412 -0.957262 0.00792794 0.289112 -30.2985
0.289929 -0.0742493 0.954164 236.267 0.0235699 0.997238 0.0704392 0.132969 -0.956758 0.00206713 0.290878 -30.0496
0.291096 -0.0600065 0.95481 237.029 0.0226813 0.998183 0.0558175 0.174521 -0.956425 0.00540807 0.291928 -29.8085
0.292386 -0.0521829 0.954876 237.807 0.0225847 0.998608 0.0476574 0.213286 -0.956034 0.00763127 0.293157 -29.5695
0.292121 -0.054505 0.954827 238.585 0.0228544 0.998487 0.0500052 0.244714 -0.956108 0.00721441 0.292925 -29.3248
0.292738 -0.0610742 0.95424 239.373 0.0225689 0.998121 0.0569592 0.266729 -0.955926 0.00486205 0.293566 -29.078
0.293954 -0.0637168 0.953694 240.148 0.0246971 0.997949 0.0590612 0.27818 -0.9555 0.00619222 0.294925 -28.831
0.296249 -0.0635272 0.952996 240.989 0.0288892 0.997925 0.0575417 0.32146 -0.954674 0.0104846 0.297469 -28.5869
0.297352 -0.0653692 0.952527 241.764 0.0325738 0.997767 0.0583052 0.351004 -0.954212 0.0136902 0.298818 -28.3444
0.300703 -0.0696329 0.951173 242.556 0.032549 0.997499 0.0627343 0.386512 -0.953162 0.0120954 0.302217 -28.1152
0.299924 -0.0718934 0.95125 243.338 0.0309306 0.997365 0.0656264 0.419646 -0.953462 0.00973982 0.301357 -27.8383
