1.0 0.0 0.0 8.673617379884035e-19 0.0 1.0000000000000002 1.734723475976807e-18 1.3877787807814457e-17 2.0328790734103208e-20 0.0 1.0 0.0
0.9999968001794323 -0.0018781870479783443 -0.001692995700293622 0.0032493820150920893 0.0018772236874282514 0.9999980784136876 -0.0005705572213957422 -0.01633627311557735 0.0016940642212023066 0.0005673773554615144 0.9999984014068802 0.5585535669755426
0.9999947876160664 -0.002181481764595838 -0.002379911941551474 -0.003872560575919803 0.0021771298573920253 0.9999959585934223 -0.0018297610847981954 -0.029455672749139794 0.0023838941110641463 0.0018245702330426175 0.9999954937905112 1.1248260456018322
0.9999865795478585 -0.002190907398780857 -0.004694420355799913 -0.008907828460387384 0.0021740332692763162 0.9999911725221824 -0.0035966452857562475 -0.04359998803445839 0.004702259211395892 0.0035863911954074094 0.9999825179299593 1.678316010252518
0.999968276262305 -0.0041531795736443325 -0.006797214154232886 -0.010464964370953421 0.004117904542094227 0.9999780266138811 -0.005195462398659822 -0.05663871914496586 0.006818643089935104 0.005167307457679628 0.999963397123814 2.230415693144446
0.999941718717456 -0.007043422252874611 -0.008181951510885377 -0.015479234464247382 0.006986116954313817 0.9999510130904028 -0.0070115143533683805 -0.07376951157712999 0.008230936491559844 0.00695394570440666 0.9999419481921417 2.7962897223926566
0.9999193322203445 -0.007953311059040005 -0.009903364820724335 -0.02619483693053259 0.007873696673274528 0.9999365793666245 -0.008052371535202114 -0.08535575642036838 0.009966780632621589 0.00797374604561869 0.9999185384130311 3.3599665910676886
0.9999068524955347 -0.008303551667868626 -0.010832239239614131 -0.03574078500300483 0.008225675827647634 0.999940149352291 -0.007214171623749652 -0.09859151312947328 0.010891495250122068 0.007124397283272368 0.9999153081521748 3.938176159467956
0.9998839658895953 -0.008692287582615279 -0.012509666402409029 -0.045674570434222475 0.008596623493133244 0.9999335449574448 -0.007680820526214133 -0.11303071307944675 0.012575599411073677 0.007572388509834692 0.9998922491529602 4.517823038308257
0.9998790854731039 -0.008092373481740044 -0.013278804000829767 -0.05913093922076816 0.007957727197401959 0.9999167074666035 -0.010161678894436414 -0.13508156695623091 0.01335993165196679 0.010054781110199182 0.9998601970602927 5.112792946709701
0.999861213402246 -0.006763836246069719 -0.015225072353888085 -0.07613053916597252 0.006551810209036487 0.9998814655930984 -0.013933200538298378 -0.15295133308493003 0.015317511068968805 0.013831515359485017 0.9997870110046558 5.710168228458159
0.999856654421575 -0.005061891253780768 -0.016157122568822083 -0.09307779289909006 0.004776251390197614 0.9998324830926464 -0.017668793725866848 -0.16830761893366472 0.01624385444659673 0.017589090498518624 0.9997133424857789 6.321935485863792
0.9998503303020133 -0.00305885147906783 -0.017027939654867773 -0.11152816175909619 0.0027513329597005096 0.9998332263060241 -0.01805387712764378 -0.1863350642094892 0.017080325675857502 0.01800432609340192 0.9996920033919627 6.943531024862781
0.9998279415859294 -0.0009003695227439443 -0.018527503546094105 -0.12790108453159446 0.0006935491960898283 0.9999374125399599 -0.011166283368292175 -0.19517538500086026 0.018536399429788592 0.011151512244827959 0.9997659958741109 7.586202254238531
0.9998225243168803 -4.039411733671415e-05 -0.018839332780469207 -0.1491342725428964 2.621953635017528e-05 0.9999997169757238 -0.0007526391052788814 -0.21233561565002684 0.01883935919356615 0.0007520116058317731 0.9998222387073961 8.247887071481092
0.999794363380645 0.0007947234731016748 -0.020263360506675668 -0.16803860976373658 -0.0006701094944367176 0.999980832205787 0.006155767947702251 -0.2261424015510108 0.020267865824806327 -0.006140923489248788 0.9997757244135682 8.922297912105375
0.9997645672053879 0.0027408372979180837 -0.021524397555586872 -0.19020801757595393 -0.002615594868629405 0.9999795011711134 0.005844630660558609 -0.24537672060242077 0.021539976912680024 -0.005786955591263231 0.9997512416234986 9.599393510851106
0.9997489094762873 0.005337516694266142 -0.02176319949711686 -0.2199531361143393 -0.005379179981140314 0.9999838126300644 -0.0018562820784148362 -0.25193573562027627 0.02175294079788502 0.0019728842165048057 0.9997614278936485 10.289221877765655
0.9997179249346584 0.005381293017749594 -0.023132611776291934 -0.24333301024439377 -0.005563826130085188 0.9999538339308304 -0.007833600852668772 -0.25920696121533365 0.023089390726001413 0.007960097194975823 0.9997017111345113 10.99209587083014
0.9997040601141675 0.003676598770033757 -0.024047228586358327 -0.26039346716667666 -0.0038457464050964917 0.9999681629242465 -0.006991504027536464 -0.26494104345249414 0.024020760565822134 0.007081914605685849 0.9996863769615861 11.72589053742798
0.9996815679865003 0.0023620025492173107 -0.025123405573393133 -0.27673520458435513 -0.0022989115223802196 0.9999941354535807 0.002539836325708377 -0.27638923898410417 0.025129259220463714 -0.002481271048229217 0.9996811265599193 12.483881264678255
0.9996922260531953 0.001516207426542163 -0.024762133083754623 -0.30375282672367704 -0.0012631458000461181 0.9999468504887528 0.010232154663793881 -0.2814823935040871 0.024776333396523516 -0.010197727517018753 0.9996410034580521 13.264282795817358
0.9996666873286264 0.0007873427549701367 -0.025805083264397236 -0.33220663917472426 -0.00045728173301157367 0.9999180519836459 0.012793950713355578 -0.2856348306831796 0.02581304404348174 -0.012777885670244519 0.9995851206877279 14.047465027979742
0.9996541334667324 -0.0013970162398125579 -0.02626134485135761 -0.35035627193568275 0.0017122116596692402 0.9999267242282293 0.011983599439262273 -0.2922289841828012 0.02624268233430006 -0.012024420850540521 0.9995832823050386 14.847749783014688
0.999684219292267 -0.0017396610830897443 -0.02506872811587282 -0.37607254970144394 0.0019812055007208595 0.9999518224117597 0.009613672424913594 -0.29768033188640036 0.025050797613702654 -0.009660303144678188 0.9996394982959735 15.673598433248296
0.9996823594071892 0.0006012038139099809 -0.025195750400377914 -0.4078574018780392 -0.00045536954503103654 0.9999831137491189 0.005793391705257786 -0.28812822928271203 0.025198809674487017 -0.00578007811839697 0.9996657468436921 16.50289744845932
0.9997174241163012 -0.0021638686408678755 -0.02367244355759354 -0.43276959633376616 0.0021788425846221053 0.9999974434468192 0.0006067619610585573 -0.30120927523265645 0.023671072765782928 -0.0006581690371669797 0.9997195824368798 17.36069996745433
0.9997120210460805 -0.0049509804101971495 -0.02348091397764881 -0.45317752209595463 0.00481564356317559 0.9999714898992497 -0.005816764172920195 -0.317923363442284 0.02350904499527055 0.0057020135952977015 0.9997073590546702 18.216189106326954
0.9997521442950434 -0.0038414909527800575 -0.021929289815965473 -0.47179734762456443 0.0035994361844629355 0.9999322859447292 -0.011066799281449605 -0.33829079567829545 0.0219703190824748 0.0109851231867788 0.9996982697602277 19.109308387886696
0.9997560317519611 -0.0022874998652354477 -0.021969366955221253 -0.5075552388181557 0.002011955607650092 0.9999191415102086 -0.01255612711769859 -0.3508532995278196 0.02199631482152245 0.012508862944523707 0.9996797967378303 20.005848798619233
0.9997426599144709 -0.002835375244312685 -0.022507288572879508 -0.5290468962780791 0.002570819129629704 0.9999273732921681 -0.011774490010884837 -0.37107161837738956 0.022539041281988567 0.011713597886283903 0.9996773367933612 20.92305883346011
0.999758233142784 -0.0016775232599487537 -0.02192394495326023 -0.5554559604283129 0.0014028859829300164 0.9999204370208294 -0.01253620798810981 -0.40088426743788275 0.021943232441093245 0.012502420343485542 0.9996810398363865 21.875069653845166
0.9997566664676424 0.0017582641313036544 -0.02198913948686272 -0.5923009324840552 -0.002089702597224942 0.9998844198156729 -0.015058929225604409 -0.4295094539370195 0.02196012201835887 0.015101215931402711 0.9996447937166848 22.8049536608424
0.9997444271103842 0.0055378272742651075 -0.02191818833988308 -0.6235965855660359 -0.005889801315165422 0.9998542190541618 -0.016026682276659675 -0.4545954613779522 0.021826241612266678 0.016151680168841925 0.9996313038354544 23.780593741282388
0.9997306306634035 0.00696870707864568 -0.0221383289372503 -0.6560606003888687 -0.007318794499726186 0.9998488224172735 -0.015772144879890183 -0.4839455663437174 0.02202507267937822 0.015929922431744886 0.9996304969193229 24.73184870917395
0.9997326119605904 0.007478101265757457 -0.021880951836295258 -0.6833858965780814 -0.007823648080999055 0.999845365804617 -0.015749353981754134 -0.512983434849775 0.02175979459946934 0.01591633269153036 0.9996365222347926 25.72629486746003
0.9997127902815892 0.007915199490557545 -0.022620541181510887 -0.7150541798129998 -0.008268267122211724 0.9998447870963454 -0.015557578571242528 -0.5443899087122915 0.02249389074211954 0.015740143630542207 0.9996230626220657 26.6976526822598
0.9997005099254438 0.008593335625224142 -0.022913821082580055 -0.7442441094350735 -0.008929410631313266 0.9998534672234658 -0.014605131697958032 -0.5780459690630486 0.022784958582090776 0.01480536527183222 0.9996307528510907 27.6964624761712
0.9996998293647125 0.00923230850040561 -0.022693960730021327 -0.7702821019103618 -0.009522929124178932 0.999873603929182 -0.012731512348187545 -0.6076285477190032 0.0225735526171419 0.012943803245805298 0.9996613867061056 28.720967056515857
0.9996866019288391 0.009439765214598644 -0.023186100024934906 -0.80489950198848 -0.009709251881460759 0.9998862957893659 -0.011537792594600476 -0.6337109372067458 0.023074552424922318 0.011759296391437402 0.999664582281795 29.71384454952454
0.999682051325648 0.009591254596796384 -0.023319600041042554 -0.8317919772081469 -0.009879012984694327 0.9998760905349906 -0.012256005979037709 -0.6709556735963758 0.02319916211525972 0.012482483845850855 0.9996529281393616 30.748328139069734
0.9996613628472809 0.011304938268855773 -0.023438296900001453 -0.8702277076243262 -0.011616015764859879 0.9998456799869766 -0.013178774868961601 -0.6991049757763574 0.023285697141601502 0.013446572013511664 0.9996384171657426 31.752132355669463
0.9996506943948328 0.011506580809651711 -0.02379279172850821 -0.8997142971897338 -0.011801983494789767 0.9998545485633691 -0.01231267856839189 -0.7296986888397488 0.0236476557878398 0.012589179693195614 0.9996410870417983 32.79052096364449
0.9996577422700987 0.010174638560858118 -0.024101451685987162 -0.9278009632659544 -0.010411720019773786 0.9998984384421344 -0.009731778085322863 -0.7612681256751321 0.023999988088036057 0.009979385111001585 0.9996621492877671 33.84803120478554
0.9996475857491179 0.010159587536072014 -0.024525369156535817 -0.9603537016230705 -0.010318518640593235 0.9999265203739041 -0.006362409747616691 -0.7845677331498955 0.02445892959834797 0.006613233015932061 0.9996789638769782 34.88877119630636
0.9996368407997642 0.009976486522858433 -0.025033055469876483 -0.9922778376124393 -0.010076504967725249 0.999941727573706 -0.003872466752512415 -0.8120563299928975 0.024992964540951425 0.004123306211609278 0.9996791216265299 35.95913294648398
0.9996067641587411 0.009817307451846814 -0.026266845324300875 -1.0247604955914251 -0.009907835892778967 0.9999454119128529 -0.0033185356964441125 -0.8360136367749575 0.026232834570271587 0.003577478421356365 0.9996494539284061 37.01045481863389
0.9996069101646617 0.01039293063259593 -0.02603872055120825 -1.0616490562526322 -0.01051610951941845 0.9999341290250866 -0.0045980895856773596 -0.8630793131235499 0.025989220598473563 0.004870108141240163 0.9996503608102516 38.09793218223345
0.9995754998142269 0.010928902981092978 -0.027006958012631425 -1.1009422545918353 -0.01106992089260842 0.9999258341477543 -0.005077538240521018 -0.8879563716895509 0.026949464533852427 0.005374347851287671 0.999622346038019 39.164376051374184
0.9995626956518786 0.010488580260250829 -0.02764806301897365 -1.135434400334956 -0.010611413972360402 0.9999344541951161 -0.004299784165774292 -0.909153808363545 0.027601154675659913 0.004591289016459903 0.9996084701530056 40.238511826699636
0.9995517743858707 0.010098414542284679 -0.028182763500453675 -1.1706189457634883 -0.010155688628830343 0.9999466479358552 -0.001889819795760115 -0.9365302455411121 0.028162178368955487 0.002175188175653585 0.9996009976782743 41.33050694989566
0.9995264817349164 0.010097234794147997 -0.02906640966057172 -1.210705054449703 -0.010095207151965333 0.999949019903815 0.00021653024976167612 -0.9586968687347044 0.029067116972306066 7.700369820121296e-05 0.9995774583612688 42.40076168272221
0.999520310719424 0.010457514862935212 -0.029151232460887567 -1.2484230662695817 -0.010442112910726609 0.9999452495301576 0.0006805563785579434 -0.9839527217633862 0.029156755943824098 -0.00037582946993900464 0.9995747797504185 43.481803854165676
0.9994428440104977 0.015058117521465377 -0.02978689468653212 -1.285051313760883 -0.015175007740767715 0.9998780020107219 -0.0037019949478376626 -1.0130083140090766 0.029727517694376145 0.004151948805593826 0.9995494139787808 44.54405658171257
0.9994459766285446 0.015441802714926914 -0.02948377809810052 -1.3280846863787703 -0.015659258045904616 0.9998517603167194 -0.007158767296028818 -1.0417447230811898 0.029368865871467517 0.007616495355562189 0.9995396230547364 45.62607150872149
0.9994076131858173 0.017208947975822342 -0.029804095449418914 -1.3724024438342404 -0.017441415200375683 0.999819327321636 -0.007557486463434054 -1.0684348437011495 0.029668657310324274 0.008072835239595219 0.9995271894925467 46.693267144256225
0.9994417358070122 0.014610605963834428 -0.030045744441005603 -1.4141330452218135 -0.014774126796496 0.9998771868637941 -0.005227571745690728 -1.092446873788458 0.02996567887940266 0.005668553024248545 0.9995348573291937 47.7772905940187
0.9994348070725947 0.016343572240995904 -0.02937612637382589 -1.452940868494548 -0.016441810952727866 0.9998599965836521 -0.0031056843166155767 -1.117658233746002 0.029321258279207743 0.0035869256661352645 0.9995636063437535 48.86631649015341
0.9994716270580634 0.013142634694995659 -0.029727876269550643 -1.4957434784901331 -0.013200531025723461 0.9999113370874134 -0.0017520956177189424 -1.1392033463237736 0.0297022153097742 0.0021435936741176463 0.9995564958545238 49.93277676016647
0.9994626263235463 0.014584766129157595 -0.029355566696099587 -1.5384314852719165 -0.014656332660387197 0.9998901114716091 -0.002224174506647544 -1.1673973001960112 0.029319904926047642 0.0026532242061007467 0.9995665622048447 51.01637196906401
0.9994939094339108 0.01334733135597552 -0.02887502622178762 -1.5727408282984503 -0.013463716696233129 0.9999019859253782 -0.003839943317967375 -1.197070889605997 0.02882094514599429 0.004226765152387268 0.9995756546407113 52.08591968755196
0.9994796675030932 0.01507327617459981 -0.02851647682712696 -1.612261265504575 -0.015265626311848352 0.99986209304658 -0.0065395394023771225 -1.222590186510152 0.02841397493509509 0.0069714587291477914 0.9995719294503271 53.16208202726464
0.9995289693961183 0.012434693230941844 -0.028057325517933333 -1.644862816984341 -0.012687784398627468 0.9998802512780578 -0.00886054320310918 -1.2476171872951693 0.027943789115276268 0.009212355132349182 0.999567049325824 54.239072325996474
0.9995277290745319 0.012017306298274296 -0.028282516791480593 -1.682007995204604 -0.012367332114488613 0.9998486817745672 -0.012233829474212206 -1.2886392684013313 0.028131222514158522 0.012577830908032295 0.9995250991509012 55.307329085678326
0.9995651825938221 0.01077424992579355 -0.027447442874849383 -1.7134200995884146 -0.011156865809880654 0.9998421850898892 -0.01382510363525009 -1.3253129189688981 0.02729415825683342 0.014125319528127081 0.9995276423162889 56.390422143773954
0.999554543482704 0.010220651211823235 -0.028040328872707562 -1.7476819884363604 -0.010545750871678448 0.9998785974789444 -0.011470675092419634 -1.362242575979893 0.02791968913869316 0.011761271975232527 0.9995409790383517 57.467174955274245
0.9996145150856733 0.007416138516009361 -0.026754891881954124 -1.7809354484347026 -0.007578599274353663 0.9999534221296483 -0.005975884683477737 -1.3889196043777268 0.02670933006294781 0.006176345749012405 0.9996241627846785 58.55822589008507
0.9996198555155998 0.005502974696827296 -0.027015858758790267 -1.8115867533467611 -0.005507258277088974 0.9999848265732512 -8.414306612809352e-05 -1.4131775093241445 0.027014987957864667 0.0002328943633953251 0.9996349979111492 59.644452039143076
0.9996315670312008 0.00365472089923566 -0.026895764720793934 -1.8419989942289847 -0.003625380735037022 0.9999927761289764 0.0011395786649809336 -1.4398538878249925 0.026899737105924252 -0.0010416515298575842 0.9996375968398229 60.723155468180124
0.9996550451511785 0.001375015833077517 -0.026227770490364937 -1.873039491885619 -0.0014256979391341906 0.9999971555810482 -0.001913781549746251 -1.463475260799942 0.026225066499463958 0.001950514370804667 0.9996541592677733 61.805118622066544
0.9996406080621624 -0.00011254173085912395 -0.02680737898124653 -1.9062143462650176 -3.516211238629996e-05 0.9999848216167169 -0.005509286354589753 -1.4885485810348307 0.026807594637058178 0.005508248967649239 0.999625440321121 62.892514785089766
0.9996477942771236 0.002237525488221934 -0.02644377161129001 -1.9416730179819814 -0.0024791818814760575 0.9999554334296563 -0.009109241620169713 -1.517106827915266 0.02642221336695926 0.009171592209301712 0.9996088022932204 63.97684222944539
0.9996420191514773 0.0019789638822797894 -0.026681940437295316 -1.9768081951779348 -0.002328638701019091 0.9999117318597958 -0.013080591230059432 -1.5557813681156858 0.0266537019642784 0.013138041789358464 0.9995583889887271 65.0506728369605
0.9996504675032565 0.0054509563015272995 -0.025869478738398337 -2.0178990421313094 -0.005817875917210396 0.9998832469270411 -0.01412946995017453 -1.5869803745703799 0.025789441894723826 0.01427503692308333 0.9995654655697024 66.13550405639408
0.9996592519914893 0.008695223348745826 -0.024612420414619262 -2.0582265421590717 -0.008962081300270387 0.9999020181642376 -0.010752920060678028 -1.615330203325423 0.02451651212832864 0.010969835003687915 0.9996392398442732 67.2415521713998
0.9996359707467878 0.010338426483349442 -0.02492062107020587 -2.096469067135493 -0.010550289718817345 0.9999091882913504 -0.008385092797234196 -1.6515881947978883 0.024831671662512985 0.008644960294068735 0.9996542709618617 68.32615965260747
0.9996386089987611 0.010550328517467901 -0.024725529133095774 -2.1306458224609046 -0.010743781797170594 0.9999126003057545 -0.007704233064070817 -1.6824415067194822 0.02464208840858812 0.007967094568741047 0.9996645906954846 69.42227732952144
0.9996527573241669 0.009088679259456148 -0.02473359470058079 -2.162279204503448 -0.009260427355593182 0.9999337409650654 -0.006838241367395276 -1.7139938662448915 0.02466980700874988 0.007064910645855701 0.9996706917107683 70.50310491694646
0.9996626150792908 0.007947265444075598 -0.024728453178278497 -2.1927232582307026 -0.00808239997166946 0.9999529224762274 -0.00536957745959711 -1.742931345068725 0.024684618500817955 0.005567631293108244 0.999679782444482 71.59681988255645
0.9996587108820836 0.006284840186414354 -0.025356774651317054 -2.2252728906892942 -0.006375750220515151 0.9999735327224787 -0.003505964968972118 -1.7724094757802513 0.025334070534521066 0.003666436987613109 0.9996723163954377 72.68341873241876
0.9996482570541292 0.004909727543419841 -0.026062474989540212 -2.261520657551016 -0.004958089452308169 0.999986099640524 -0.0017913050823980163 -1.7980871634706121 0.026053319768851384 0.0019198950029806656 0.999658713305347 73.76422918833597
0.9996498348781379 0.004009761223166049 -0.02615595186262735 -2.2942317650280146 -0.0040837060726449746 0.999987813482288 -0.002774260861722798 -1.8257559389663789 0.02614451128293032 0.0028801027181028045 0.9996540216395742 74.85266247295192
0.9996210084543617 0.00444307916786703 -0.027167865009410392 -2.3272604781439745 -0.004623834990194696 0.999967572527423 -0.006594089831473076 -1.8582348487644156 0.02713768812215664 0.006717210524556094 0.9996091390182155 75.92279713546577
0.9996048104822489 0.00561804164112166 -0.027543626234132416 -2.365665212921326 -0.005855130643374737 0.9999464403548124 -0.008534673146410935 -1.88966862880076 0.027494204573106865 0.008692572106397156 0.9995841691629391 77.00784638579923
0.999572838329841 0.007129292574854359 -0.028342855418325225 -2.4052693571151043 -0.007332214000031768 0.9999481838408126 -0.007062038218537081 -1.9189349410067857 0.028291042010053294 0.007266837573147177 0.9995733178293464 78.07022403950576
0.9995501595444246 0.008162832784832005 -0.028859068491501935 -2.4416509901162766 -0.008251332592122912 0.9999616073393981 -0.002948842687414431 -1.9512794553247996 0.02883389194800627 0.003185641866503954 0.9995791431161773 79.1480857480397
0.999537403759851 0.008846590222659073 -0.02909842975313724 -2.4820011809608693 -0.008817590709336109 0.9999604899040515 0.0011247899806824191 -1.9713673276637949 0.029107233118831833 -0.000867691671333352 0.9995759163360975 80.22935729182625
0.9995031650743876 0.010182120283407411 -0.029828777152176154 -2.5234656648593443 -0.010125699702355748 0.9999466521057371 0.0020419489297635223 -1.9963584714102718 0.02984798028798459 -0.001738897151004822 0.9995529328198755 81.28783766291399
0.999483687054518 0.010643426277244784 -0.030316416967857245 -2.5641380690042954 -0.010648499322604393 0.9999433005952082 -5.856957960992913e-06 -2.022398906300136 0.030314638063736306 0.0003286782072050194 0.9995403523502742 82.34970592864899
0.999462018699759 0.010418516960008966 -0.031098578726788367 -2.60308558507926 -0.010445980598832737 0.9999451829271486 -0.0007207585465337134 -2.047370605010228 0.031089366953696938 0.001045226005168846 0.9995160583730923 83.38800858817336
0.999456086343193 0.009864020632504761 -0.03146787469708481 -2.641216558809763 -0.009895542169837552 0.9999506749772932 -0.0008461025471939816 -2.0697224374577723 0.031457978979647756 0.0011570338348461792 0.999504408679514 84.44114749173227
0.9994391968827024 0.008871421845364321 -0.03228927739215911 -2.679936741960648 -0.008897015732601278 0.9999602063937687 -0.0006490283919339136 -2.1013864122307493 0.032282236914044055 0.0009359425189631714 0.9994783567235289 85.47095798360074
0.9994312559392495 0.008260263973808548 -0.03269441121125661 -2.7134970644750993 -0.008233039638600453 0.9999656443548055 0.0009672390846242988 -2.1262846635652424 0.03270128095035846 -0.0006975146235437563 0.9994649297059452 86.48346879781683
0.9994271701139528 0.0074915441532866205 -0.0330030853421628 -2.7540248744491462 -0.007385373869674028 0.9999671562149456 0.0033377235226780696 -2.1468140000420943 0.03302700826794097 -0.003092071572842543 0.9994496736711018 87.49645942002013
0.999391370651578 0.006498213658047584 -0.034273452567509466 -2.7931756857993557 -0.006339410928167984 0.9999686728930444 0.004740053245131965 -2.174906540844658 0.03430318438957824 -0.004519895022861776 0.9994012564553776 88.4729728695368
0.9993388740335052 0.005289127159969323 -0.03597007977302893 -2.8355866542831873 -0.005107821277687391 0.9999737933082706 0.005130502673856909 -2.1966545922142857 0.035996276370288564 -0.0049433820631755105 0.9993396926582244 89.4363028554779
0.9992112003063427 0.00447375770410426 -0.03945836587746187 -2.880015886421921 -0.004308452214931957 0.9999815861108654 0.004273413290662966 -2.2203399551651777 0.039476760664727814 -0.004100038075141385 0.9992120735827922 90.36526596401465
0.9990695082624969 0.0046424944247400865 -0.04287838034410807 -2.922457795302264 -0.0045082794800012215 0.9999846325644115 0.0032263055176779227 -2.2394659899365164 0.042892702956652096 -0.0030299958817329355 0.9990750891730918 91.262533058826
0.9989358293878262 0.004684398748941845 -0.045883110772054946 -2.9701064727291224 -0.004525032620138749 0.9999833662526673 0.003576561779232239 -2.2608758719515185 0.04589910505849295 -0.003365133347173559 0.9989404143595068 92.1590151016414
0.9987852505935441 0.005668337191117248 -0.04894781115206893 -3.0195729425433666 -0.0054422867499540496 0.9999739102139298 0.004750239096808315 -2.2805483198348484 0.048973464702342026 -0.0044780808767675515 0.9987900391925263 93.00949515071015
0.9986532540902724 0.006438901272832512 -0.05148024634902823 -3.0690447415744373 -0.006144634996095449 0.999963876049432 0.005872338416202404 -2.300268083084672 0.05151620269611935 -0.005548102791293208 0.9986567498602957 93.84152757987694
0.9984718669114849 0.007046600096578138 -0.054811288982381336 -3.1259520284234514 -0.006654654360059216 0.999950992370245 0.007330059684330523 -2.320644639015389 0.05486025944695568 -0.006954108318615865 0.9984698207182704 94.65880465620661
0.9983186594572773 0.008886893246238429 -0.05727896381789337 -3.1771489365377827 -0.008419388228858163 0.9999292953183765 0.00839807369083954 -2.335428247627711 0.0573495510190773 -0.007901699856288271 0.9983228852243464 95.45672623679835
0.9981350018444646 0.010706790937226889 -0.06009894504819664 -3.2323528985163077 -0.010194011393707663 0.9999090349164078 0.008832397107617497 -2.3511366738830284 0.06018804973107935 -0.008203275471848973 0.998153343239128 96.20554437424398
0.9979558956352133 0.012443519741846473 -0.06268321457953774 -3.288140739808 -0.011983699708272781 0.9998984922532625 0.007706261711462827 -2.368561704479412 0.06277275018446557 -0.0069393326682864525 0.998003722111524 96.93026429648995
0.9977877744690831 0.014057415527920227 -0.06497645035235597 -3.3423163809757326 -0.01381104892623449 0.9998956377239251 0.004239277373738274 -2.389152499807553 0.06502926770179517 -0.003332506274627163 0.9978777878069921 97.63333934779229
0.9975661210693917 0.01654552914941305 -0.06773533421523602 -3.400730124099987 -0.01654760940511106 0.9998629370503938 0.0005304178619425278 -2.40685859071449 0.0677348321204895 0.000591730885443632 0.9977031818802146 98.29103810756054
0.9974144290815893 0.018194560876416247 -0.06952279582839441 -3.4514806339427637 -0.018392853330422773 0.9998283886975257 -0.0022130423224933377 -2.421244407566949 0.06947060574556542 0.0034860428070425083 0.9975779122208852 98.92609977281055
0.9972763511925754 0.020357478566649878 -0.07089037653644037 -3.5017452224924384 -0.020633303406555212 0.9997821152575332 -0.003160676454250857 -2.440834879654662 0.07081059340672897 0.004614770616157166 0.9974791035498916 99.53571922592597
0.997280490610376 0.02248140854387041 -0.07018692534397765 -3.550421846657841 -0.022738760250253925 0.9997373188490537 -0.0028697230812314064 -2.458177441309304 0.0701039796791132 0.0044578824689884755 0.9975297305405707 100.12305651438517
0.9974011349970621 0.026213727393765117 -0.06711044634012345 -3.59685928253762 -0.02633810887465335 0.9996526230910842 -0.0009691004639333792 -2.475172771459546 0.06706173603496654 0.002734144128003555 0.997745081911854 100.67961727922977
0.9976664148455288 0.028783164230540052 -0.06191323493308954 -3.632528738117155 -0.028818569923917865 0.9995846078341954 0.0003212525858335945 -2.4904360133869963 0.06189676934913278 0.001463747949959654 0.998081487320276 101.20887231140223
0.9981013109115318 0.029740756061129407 -0.053937485458797146 -3.6640583025934017 -0.029669416779952454 0.9995575099419735 0.0021230973748580786 -2.5050480717394166 0.053976765449368705 -0.0005187726841945524 0.9985420591464947 101.72745236879652
0.9985754795192151 0.029180897501473905 -0.04467078565969401 -3.682968111359756 -0.029001123698965844 0.999568478576198 0.0046673867139391065 -2.5149363008332073 0.04478771211592545 -0.003365235163016429 0.998990861904587 102.21635015343188
0.9990709996267857 0.02821014750156054 -0.03257808189742496 -3.6963372961234837 -0.028028350338900276 0.9995889817871363 0.006023762081077461 -2.5273686528420956 0.032734626136957844 -0.005105056176729761 0.9994510385860782 102.69294361587347
0.9994212459119837 0.027968463822645697 -0.01936339727680862 -3.6939517320121 -0.02785483445588251 0.9995932840024541 0.006113447718517659 -2.540658005609242 0.01952650681793918 -0.005570545473352516 0.9997938200855625 103.14281093042096
0.9996165854159462 0.027359065942146765 -0.004262516156760411 -3.6890072624401054 -0.027336513029450938 0.9996124355827951 0.005262767905698256 -2.551733179368055 0.004404848998983492 -0.005144227880714453 0.9999770690012587 103.57222078096385
0.999570835368182 0.026033250047745482 0.01343160207370456 -3.674919020926913 -0.026064633230957816 0.9996579123191686 0.002166611341984085 -2.56532803964904 -0.01337060443722886 -0.0025157713227454167 0.9999074423126496 103.98758870652738
0.9990721446976707 0.025648531705379264 0.03459783944456224 -3.647233039602548 -0.025590219258629386 0.9996702575971245 -0.002127324447970636 -2.578575959911573 -0.034640996719455114 0.0012399844638751574 0.9993990477052048 104.39612379066268
0.9979672705125375 0.02401090654022856 0.05903221214831485 -3.606201981169292 -0.023650524101032612 0.9996971827819393 -0.006796090073147543 -2.593215420344082 -0.05917752147482468 0.00538613273326365 0.9982329467055233 104.80749697166064
0.9960689291707671 0.021214408367994347 0.08600371238426614 -3.5522343552526805 -0.020452899270942262 0.9997435072488731 -0.00972598504908138 -2.605316308756886 -0.08618799137220383 0.007928726394461575 0.9962473435803603 105.19632170687622
0.9930948389187351 0.01809474612332132 0.11591040886242068 -3.4806617055794873 -0.01690022958725545 0.9997935482809167 -0.011280103397276595 -2.6129461674985253 -0.11609060201312221 0.009243299911590308 0.9931956128003485 105.59239351885753
0.9888695136634191 0.015649881535349165 0.1479599949217093 -3.396168976010413 -0.013834232186280677 0.9998159480588629 -0.013292452724285718 -2.6253304991265107 -0.14814079296496677 0.01109758835939724 0.9889040182777183 105.95599261265991
0.9828604255998773 0.01363163609768536 0.18384656802037916 -3.3014365994314456 -0.01111617559406233 0.9998300621199492 -0.014706128740393041 -2.641816942618672 -0.18401580465144193 0.012410401796742822 0.9828449322801734 106.33597245987087
0.9750300592771087 0.010052194870688386 0.22184530241594114 -3.179135710308436 -0.00678055144440381 0.999856815577114 -0.015504111872839087 -2.654856642737693 -0.22196940738020504 0.01361274250246058 0.9749586051457774 106.6883644350519
0.9650816725424104 0.006955192023862132 0.2618568149927617 -3.048835077633141 -0.0028680553736221068 0.999868081273648 -0.015987237736434123 -2.672535928067138 -0.26193348342802397 0.014677970776316936 0.9649743061839418 107.04842903995117
0.9530023188908161 0.007571361284923637 0.30286837945633094 -2.9099920724085044 -0.0025379677204907213 0.9998521147673559 -0.017009212088385323 -2.691440389800922 -0.3029523970909837 0.015441148680827048 0.9528805963418282 107.37015915436287
0.937830763550566 0.010030394640127905 0.3469478847262109 -2.7585339137130744 -0.00412570218191974 0.9998338823876238 -0.017753438966530005 -2.70011889515937 -0.34706835004012704 0.015218318611907049 0.9377163640618102 107.69305365877982
0.9199876259507999 0.009478520950817138 0.3918327683719063 -2.5808083294004276 -0.003215415349223724 0.9998564217492314 -0.016637244158239035 -2.7153701524654896 -0.391934240949394 0.014046154235958692 0.919886012299969 108.02595670031175
0.9000891534964154 0.008501035794744947 0.43562280870747006 -2.3959870889708412 -0.0019724209073585276 0.9998789026917134 -0.015436868046293684 -2.720958985907409 -0.43570132145570956 0.013035326632837354 0.8999969138118713 108.31317456832649
0.8769300644773377 0.006893128550248503 0.48056855169200996 -2.184938770509345 0.0008344263409453745 0.999873804944847 -0.015864525085466902 -2.736885667691494 -0.48061730850598516 0.01431307879752919 0.8768136405778155 108.60883943816394
0.8521689182776473 0.007002968270592894 0.5232199032371733 -1.9761293210916904 0.0025127043155317988 0.9998441454036213 -0.01747472680899494 -2.755617966850798 -0.5232607787525831 0.016206117481649043 0.8520185163187316 108.86897264140455
0.8246346059122157 0.008932741225749479 0.5655952198166546 -1.753184921036583 0.003520255955330039 0.9997749084559827 -0.020922480008429747 -2.774046937574302 -0.5656548437941493 0.019244441425892992 0.8244175356318019 109.14505649826084
0.7945233836748032 0.01322939384860037 0.6070894047300788 -1.5176412772094732 0.002333397591271571 0.9996887527676978 -0.02483854120745267 -2.7898964889019786 -0.607229101796629 0.021151383599025096 0.7942452235574993 109.38772316809622
0.760749906472317 0.01892262787213706 0.6487691979345842 -1.258777956487434 -0.0005614569490517678 0.999593723968473 -0.028496746477760813 -2.807095484234125 -0.6490449146220922 0.021314642403000593 0.76045145955921 109.63706517137786
0.7239193175869787 0.023824924984045745 0.6894731059636204 -0.9990008394524059 -0.0029809041895122665 0.9995021982461129 -0.03140823136862615 -2.808732638971501 -0.689878236035456 0.020681773061378025 0.7236299641669086 109.86098332102286
0.6846725557513867 0.02396382508889255 0.7284567125607166 -0.7132048789808286 -0.0007958300651174314 0.9994833314116254 -0.03213170933531044 -2.8210983144975095 -0.7288503997996626 0.021419973409189864 0.6843378728369882 110.07771128114354
0.6438715440634364 0.021051710748159896 0.7648439095138836 -0.3968787752311482 0.003271557533670987 0.9995365430952126 -0.03026554270535975 -2.8518760638539447 -0.7651266405582167 0.02198935407161493 0.6435042628413513 110.28383838146611
0.6002328885480934 0.018909891997259235 0.7996016724380758 -0.08936508654127628 0.005199114678410433 0.9996071081654797 -0.027542640399406522 -2.854145449307205 -0.7998084168689072 0.02068922051726944 0.599898753286427 110.46679716584255
0.5538875606816988 0.01685915601768008 0.8324207333579017 0.26143029023932224 0.006341030376643929 0.999680551796004 -0.024465977891924125 -2.876222156528538 -0.832567365089176 0.018829807226798837 0.5536037175222971 110.65073836004534
0.5063497033288012 0.014648408514101947 0.8622037675932537 0.586958522530341 0.007775154753694806 0.9997375153578075 -0.021551181149398056 -2.8741299577057267 -0.862293214365886 0.01761620322646893 0.5061028913133914 110.79290975251303
0.4554592074858041 0.009911498738182726 0.8902014382353651 0.971788050223571 0.010603190806571443 0.999806699568831 -0.016556817109448112 -2.9128945270658493 -0.8901935466674047 0.01697993159117732 0.45526607294536503 110.94045046104287
0.4044718366241912 0.010064838070340596 0.914495032768165 1.3260665749764475 0.008770395314005665 0.9998507773115614 -0.014883310214877342 -2.9158897716258867 -0.9145084402547297 0.014040363697107025 0.40432320606424743 111.06046733718796
0.35322597030769776 0.01423692563485904 0.9354296613554874 1.6983949515167935 0.005686082342827757 0.9998330656722653 -0.017364233678636595 -2.9301959198001453 -0.935520791990505 0.01145242954031163 0.3530860540200371 111.16769805450154
0.3027711783475312 0.019726202127632986 0.9528590706308153 2.1042250431365246 0.0038416310457604543 0.99975239771684 -0.021917671652348165 -2.94590061956162 -0.9530555755020651 0.010296573213199933 0.3026204239356289 111.25285730010357
0.25628047153023603 0.021931732966102395 0.9663535825257897 2.496258531166723 0.005680208465682415 0.9996911314509808 -0.024194751474130874 -2.9512918007129922 -0.9665858125027826 0.01168973319239529 0.25607673701878336 111.32166126425996
0.2138730054911986 0.021283963419891968 0.9766295344306257 2.931491881453366 0.013248635924137903 0.9996074568776614 -0.024686057537987614 -2.9699036433145087 -0.976771666880629 0.018218691630412794 0.2135070676311402 111.38718814065294
0.17934119970017368 0.020946603902067006 0.9835638694227025 3.35890249838587 0.02138652531098802 0.9994540314459244 -0.02518458915036218 -2.9910853862330415 -0.9835544927739885 0.02555164927823919 0.17879530885390185 111.41338465303082
0.14802480683906538 0.021716729537332072 0.9887451431010511 3.806087344011004 0.025209857679152327 0.9993511588312657 -0.025723839948396134 -3.0081317803296015 -0.9886623337970277 0.028733892072873662 0.147381284329669 111.46311121755224
0.12022968948056958 0.020301927700981597 0.992538445054184 4.2611823742375545 0.023397840684334578 0.9994551947817112 -0.023277668339304832 -3.025079453364387 -0.9924703796271209 0.02602192423821943 0.11968916573771937 111.50369447086001
0.09480218436169088 0.017340773154797207 0.995345049706785 4.742636084469696 0.01775782644746525 0.9996597300823747 -0.01910729555704794 -3.030933596585242 -0.9953377742111029 0.019486579214448897 0.09446199055593449 111.54605300806311
0.0702863770474681 0.013749838150093563 0.9974320448009182 5.250878920729055 0.013354896484766737 0.9998024113917832 -0.014723597576244106 -3.0354032666403565 -0.9974374964650156 0.014355471157295362 0.07008885956074894 111.58147212792665
0.0484203942221246 0.01070744930008043 0.9987696111040999 5.770791438369828 0.0175473158207901 0.9997790997193554 -0.011568965418615938 -3.0533019896861444 -0.9986729394349165 0.018085900873577216 0.04822181005852009 111.5874693899491
0.028094485454127054 0.011085641161527366 0.9995437545567781 6.309869846550537 0.024358723328847365 0.9996339818963197 -0.011771299167183977 -3.07728812277278 -0.9993084801706293 0.02467832004953792 0.027814168649553307 111.57633981344402
0.009835085708280728 0.013322296715313719 0.9998628401423396 6.8678933514653595 0.030537336203674718 0.9994408629977776 -0.013617051597146945 -3.1002231108193925 -0.9994852840849143 0.030667073913492007 0.009422757593941762 111.57018727025017
-0.004024467747342022 0.018537282129514374 0.9998200275932779 7.434036078533788 0.030792522309708845 0.9993563399180135 -0.018404737293533372 -3.1102783876904665 -0.9995177345261894 0.030712913362413136 -0.004592688470671322 111.56109567148948
-0.015819861735314866 0.02354934305175434 0.999597460300946 8.040821029219284 0.026842602930445048 0.9993722880450345 -0.023119220640765287 -3.1190004784998737 -0.9995145289060465 0.026466056071328924 -0.016442058309719464 111.55764704006333
-0.021996200169111444 0.0237472238436865 0.9994759360809534 8.64827116920492 0.028960474260246526 0.9993134641925568 -0.02310600796579327 -3.124573560899864 -0.9993385540358923 0.028437054402195315 -0.022668832023445308 111.53614473329586
-0.024563529906312595 0.020189943372626237 0.9994943272102434 9.28748914998311 0.03577393947715318 0.9991734438075308 -0.019304281908603674 -3.1557801664371077 -0.9990580236704283 0.03528166977396574 -0.0252655019012181 111.51310785553105
-0.024705008547684697 0.018604022249371428 0.9995216149617483 9.949011430486024 0.03768417319929916 0.9991335406588101 -0.017665364239780428 -3.1746092659657164 -0.9989843062474615 0.037229724749175644 -0.0253846821111253 111.49684447452711
-0.022430368665402545 0.017946308966444433 0.999587280681599 10.611646722858703 0.036878490770203595 0.9991732510547792 -0.01711133573234259 -3.200648186223499 -0.9990680362483509 0.036479457924006906 -0.02307365838937664 111.49079181231215
-0.02122952872948479 0.01883566782136405 0.9995971358187807 11.310862589230982 0.033011587019991954 0.9992905421857872 -0.018128786200170846 -3.214000514701886 -0.9992295204590715 0.03261342359414131 -0.021836264456302327 111.48678511001171
-0.019465608897776494 0.01979635807073529 0.9996144792978946 12.015256524813873 0.03173096490638886 0.9993125473759087 -0.019172476614343004 -3.2356971919476387 -0.9993069246501384 0.031345530173134836 -0.02008038647813196 111.47725802316842
-0.01870699065999318 0.020514760152212028 0.9996144787859017 12.742119872753596 0.03070868054561956 0.9993295780994973 -0.01993422380230183 -3.260816526915196 -0.9993533446772815 0.030323933743825866 -0.019324431439504033 111.47054425179313
-0.018279780374713978 0.019937574916366323 0.9996340641397436 13.482291361938142 0.030507788957827183 0.9993467478570219 -0.01937396345167275 -3.2857312844455504 -0.9993674000488055 0.030142474306594835 -0.018876092482307722 111.46172281886221
