-1.857739385241000086e-03 -9.999659513509999709e-01 -8.039975204515999174e-03 -4.784029760482999896e-03 -6.481465826010999673e-03 8.051860151134000373e-03 -9.999466081773999981e-01 -7.337429464231000342e-02 9.999773098287000339e-01 -1.805528627661000035e-03 -6.496203536139000256e-03 -3.339968064432999872e-01
-3.464124530559466002e-03 -9.999749222274776361e-01 -6.176217139060515178e-03 -3.696340813280515631e-03 -7.074314711255981145e-03 6.200604962170113733e-03 -9.999557793224336244e-01 -8.879175041140689728e-02 9.999690128664511235e-01 -3.420278109195048523e-03 -7.095617132469154813e-03 2.211271171825812676e-01
-4.139418445678237114e-03 -9.999728774116447561e-01 -6.091558736049725899e-03 -5.598976704113190796e-03 -8.330461429520541472e-03 6.125881914706614827e-03 -9.999465644207325976e-01 -1.043688583992679608e-01 9.999567763966155098e-01 -4.088451040239132230e-03 -8.355593244053112489e-03 7.858630896615291794e-01
-6.349762136010963023e-03 -9.999629445148190410e-01 -5.811865366422217481e-03 -1.075741123400972624e-02 -1.034829440195262663e-02 5.877380082196928708e-03 -9.999292172807530132e-01 -1.160042789761603910e-01 9.999263309477161021e-01 -6.289169055976881820e-03 -1.038523122874705773e-02 1.334734690381948585e+00
-8.947153107371473915e-03 -9.999529562929785342e-01 -3.746393561708989857e-03 -1.861428681191223261e-02 -1.163111100040508869e-02 3.850358195166031679e-03 -9.999249696673129240e-01 -1.307622964228302709e-01 9.998923703693587406e-01 -8.902906390139833995e-03 -1.166501373309062652e-02 1.896625335556182179e+00
-9.968702486817842406e-03 -9.999497765514518965e-01 -1.033821194688741346e-03 -2.211901098764439827e-02 -1.372064971151613043e-02 1.170558325677451082e-03 -9.999052124670441133e-01 -1.439874699291089355e-01 9.998562185013518677e-01 -9.953572238047795825e-03 -1.373162968581046785e-02 2.455165224665418311e+00
-1.161548970781298325e-02 -9.999324566804884684e-01 3.944439218913730998e-04 -3.121328945488688333e-02 -1.466347755360689759e-02 -2.240940636799370689e-04 -9.998924948709176919e-01 -1.543838591764008505e-01 9.998250575854394917e-01 -1.162002420026768922e-02 -1.465988445111192015e-02 3.018749879385380641e+00
-1.282295522440490138e-02 -9.999176715083192279e-01 4.709888968935590256e-04 -3.742621566989443038e-02 -1.385955820017278385e-02 -2.932481495424406272e-04 -9.999039418233244270e-01 -1.714158555066312983e-01 9.998217649306897492e-01 -1.282825046554757556e-02 -1.385465700779951390e-02 3.600351888718389404e+00
-1.420906599498409847e-02 -9.998987639107221881e-01 7.537013389828797023e-04 -4.925417638188564484e-02 -1.419873441366475801e-02 -5.519312375833521599e-04 -9.998990696496371511e-01 -1.858019610719011394e-01 9.997982710052742972e-01 -1.421833263915607895e-02 -1.418945474680959051e-02 4.177642517860488347e+00
-1.517174845616667961e-02 -9.998848956437186297e-01 9.265538257277684321e-05 -5.875662098309893111e-02 -1.677419656669693754e-02 1.618693291263259700e-04 -9.998593183080982660e-01 -2.061316736664904892e-01 9.997442285932077732e-01 -1.517116809875241820e-02 -1.677472251943346385e-02 4.770880807062954254e+00
-1.677324084740773255e-02 -9.998584591492334361e-01 -1.307038119939552814e-03 -7.603673262989661674e-02 -2.064221594677897662e-02 1.653227957892943302e-03 -9.997855856831738830e-01 -2.233272506491512654e-01 9.996462607739708961e-01 -1.674266458160756504e-02 -2.066702452000915985e-02 5.367684742377897500e+00
-1.804090059665557425e-02 -9.998325328195842854e-01 -3.069700968356162910e-03 -9.414024008108340391e-02 -2.432559422854682629e-02 3.508216084543354287e-03 -9.996979677344877135e-01 -2.374203551895902597e-01 9.995413297148741938e-01 -1.796077911333361990e-02 -2.438481185164775161e-02 5.976625532974304100e+00
-1.893324929610474064e-02 -9.998096716416258189e-01 -4.707114230690758253e-03 -1.118996186287801176e-01 -2.414241862729260904e-02 5.163756116628739901e-03 -9.996952221988728571e-01 -2.547660129148381913e-01 9.995292689359356331e-01 -1.881383774258873695e-02 -2.423559054450096645e-02 6.602855275246646727e+00
-2.049527484906548888e-02 -9.997637610229755945e-01 -7.236284134351394538e-03 -1.300887355524919520e-01 -1.782643660531899044e-02 7.602078193667328662e-03 -9.998122243558272837e-01 -2.684299324823588018e-01 9.996310562380814613e-01 -2.036242881511742334e-02 -1.797803293610599623e-02 7.243991221664480840e+00
-2.100204851796222752e-02 -9.997479178291698299e-01 -7.937705139179161012e-03 -1.513670996256141210e-01 -7.398396251429951304e-03 8.094649243944236974e-03 -9.999398969729416109e-01 -2.844818089726490196e-01 9.997520965250128455e-01 -2.094205999908255525e-02 -7.566535619112789782e-03 7.914887129270362642e+00
-2.207035342915450449e-02 -9.997185829953639802e-01 -8.697489321197349188e-03 -1.691705282371705754e-01 -6.613275958138511296e-04 8.714204688726591083e-03 -9.999618389555856579e-01 -3.013282655210114402e-01 9.997562380660643955e-01 -2.206375941753689618e-02 -8.534671528779326499e-04 8.580053411885899095e+00
-2.328365785449856146e-02 -9.996705624158666037e-01 -1.080013469583003018e-02 -1.932160955387647316e-01 -4.741174834247742519e-04 1.081410324373923218e-02 -9.999414423059794776e-01 -3.257573097770261605e-01 9.997288268352787499e-01 -2.327717341839509110e-02 -7.257532100505656881e-04 9.262783651906477900e+00
-2.374110686520424299e-02 -9.996294304940497311e-01 -1.331744663549378795e-02 -2.181065182787990664e-01 -8.045674523690204971e-03 1.351181962295512975e-02 -9.998763734887728960e-01 -3.278572469430371394e-01 9.996858012491415257e-01 -2.363102290788898427e-02 -8.363478794534985258e-03 9.952003695522549265e+00
-2.524983904820224043e-02 -9.995914158115682957e-01 -1.339597684863457622e-02 -2.388228313280640058e-01 -1.450818034531672560e-02 1.376525084103285418e-02 -9.998000214182017897e-01 -3.296297658529280805e-01 9.995759294087085411e-01 -2.505043800226076575e-02 -1.484982300996742777e-02 1.065201766148125628e+01
-2.611204008058651271e-02 -9.995925118797617248e-01 -1.153086213685057711e-02 -2.571126025541648485e-01 -1.363079087551453614e-02 1.188974789543609939e-02 -9.998364371521442084e-01 -3.391334073308737151e-01 9.995661242108532241e-01 -2.595059354348393243e-02 -1.393570242627527496e-02 1.139015389439598103e+01
-2.706646293648319254e-02 -9.995840843387769903e-01 -9.952665872922927814e-03 -2.820407919972755528e-01 -4.018227961719797632e-03 1.006502629236502057e-02 -9.999412984722129139e-01 -3.492749626442048227e-01 9.996255959917376144e-01 -2.702488121996289919e-02 -4.288981440278757766e-03 1.214679208155511247e+01
-2.668898442686242628e-02 -9.995999388286748166e-01 -9.362797773080265562e-03 -3.060294559191639174e-01 3.621214184253113838e-03 9.269395446596889396e-03 -9.999505112129685180e-01 -3.594921871393908508e-01 9.996372622944764696e-01 -2.672156762060097501e-02 3.372374624664445635e-03 1.292625304335585490e+01
-2.788510900500184436e-02 -9.995728006692307099e-01 -8.753786116746655258e-03 -3.305345333897306559e-01 6.203015068081306309e-03 8.583989946451623873e-03 -9.999439435379458008e-01 -3.647370286365525516e-01 9.995919330288088878e-01 -2.793784533287702737e-02 5.961000322730206427e-03 1.370941535840732328e+01
-2.811906043124793100e-02 -9.995824754146418467e-01 -6.647159295884779925e-03 -3.517905265695873140e-01 5.385224109836426500e-03 6.498207643696448342e-03 -9.999644198817252416e-01 -3.686640981234885484e-01 9.995901178829971201e-01 -2.815385515079922574e-02 5.200251845064915099e-03 1.450898662414915385e+01
-2.701576262021153363e-02 -9.996152820026601438e-01 -6.279189423866354466e-03 -3.716308070550669029e-01 2.880818551521382217e-03 6.203600987279084961e-03 -9.999766355624624126e-01 -3.750622643128592171e-01 9.996308962322977276e-01 -2.703322006183269885e-02 2.712115204192489925e-03 1.533463809745787643e+01
-2.723170263128611712e-02 -9.995914864210073691e-01 -8.677032246165904822e-03 -4.090831930931546623e-01 -4.253626274105943824e-04 8.691837194219126025e-03 -9.999621680208470309e-01 -3.678587983589282628e-01 9.996290961319737045e-01 -2.722698085085437092e-02 -6.618824192408638432e-04 1.616894320763875470e+01
-2.568128768369490680e-02 -9.996530621135850669e-01 -5.850090011889296469e-03 -4.283547792505942864e-01 -5.937805449301633218e-03 6.004454461953958808e-03 -9.999643748686772859e-01 -3.769734467991423532e-01 9.996525882246872774e-01 -2.564563541213426417e-02 -6.089947655209941926e-03 1.701985170577302497e+01
-2.531370539188987703e-02 -9.996741497649206387e-01 -3.285875715329377063e-03 -4.504068926168006692e-01 -1.217030488478609319e-02 3.594857295131169417e-03 -9.999195040644894839e-01 -3.939202206629672798e-01 9.996055142945430294e-01 -2.527167679298729375e-02 -1.225733857397693846e-02 1.787550638283876125e+01
-2.353275544554921453e-02 -9.997141550301500423e-01 -4.220086102885718671e-03 -4.796323020873854981e-01 -1.750436151188595676e-02 4.632643585765313515e-03 -9.998360871471805300e-01 -4.100042261616558825e-01 9.995698495179367038e-01 -2.345502736946926056e-02 -1.760837687697746137e-02 1.876647412991035324e+01
-2.400156843985139232e-02 -9.996927241231026162e-01 -6.195026151507815153e-03 -5.063502104709896035e-01 -1.892439164595973930e-02 6.650037594282673555e-03 -9.997988284982053386e-01 -4.229335162290900341e-01 9.995328238665046605e-01 -2.387950255248441622e-02 -1.907818777770379018e-02 1.966696019918387961e+01
-2.439925024843067961e-02 -9.996871477322455402e-01 -5.502817456099560155e-03 -5.316721688344805408e-01 -1.820823887460494214e-02 5.947935440628845591e-03 -9.998165503965151801e-01 -4.462953109948721853e-01 9.995364968807652906e-01 -2.429457729553223880e-02 -1.834766706410781434e-02 2.059216280666716514e+01
-2.379564211247970837e-02 -9.996973125740444832e-01 -6.248274464921225492e-03 -5.559286278204977894e-01 -1.919390330254648613e-02 6.705743251577509813e-03 -9.997933195350766633e-01 -4.704479330986333085e-01 9.995326095884137230e-01 -2.367079426984814230e-02 -1.934766112915832850e-02 2.154191182679448957e+01
-2.384744233516898279e-02 -9.996694627425098956e-01 -9.605689247273474854e-03 -5.931018636128669863e-01 -2.156727628523051957e-02 1.012063204442041446e-02 -9.997162012592049063e-01 -5.006647888735902274e-01 9.994829792919138756e-01 -2.363350619917168466e-02 -2.180149836499547383e-02 2.246822101205838962e+01
-2.355638917435331353e-02 -9.996294111674656202e-01 -1.364336096265386308e-02 -6.224511468914469825e-01 -2.227198049056040505e-02 1.416850474132600249e-02 -9.996515741330638249e-01 -5.246149501047516761e-01 9.994744322819962834e-01 -2.324431578436515766e-02 -2.259748555056697097e-02 2.344438948488818752e+01
-2.391743889925079802e-02 -9.996005490686755701e-01 -1.505610600510759456e-02 -6.591783599087180923e-01 -2.230829262564791929e-02 1.559031316211739390e-02 -9.996295987592589416e-01 -5.531663510881978940e-01 9.994650459763926298e-01 -2.357270324159782895e-02 -2.267226233170468314e-02 2.439243878837644175e+01
-2.366285457654798696e-02 -9.995995229919780733e-01 -1.551958423789245867e-02 -6.882683298107171721e-01 -2.217640988008470412e-02 1.604495166890354541e-02 -9.996253446224452333e-01 -5.848032461689476325e-01 9.994740439258776865e-01 -2.330981962551431641e-02 -2.254719793224337424e-02 2.539305047823743422e+01
-2.418682768726952703e-02 -9.995773549769868538e-01 -1.612791276719059003e-02 -7.191340691758518755e-01 -2.219375104110609190e-02 1.666553966397881989e-02 -9.996148015779035001e-01 -6.183042654904791213e-01 9.994611078300896789e-01 -2.381957173099213260e-02 -2.258745763001831011e-02 2.635797697434067288e+01
-2.473206505129948649e-02 -9.995526145777330340e-01 -1.681967324462342595e-02 -7.497755537158894423e-01 -2.112793374851028305e-02 1.734368488667292416e-02 -9.996263667094842376e-01 -6.485331510751207729e-01 9.994708632017270666e-01 -2.436745887083793805e-02 -2.154742701670398289e-02 2.735863790897932191e+01
-2.451801567007253976e-02 -9.995517433883893688e-01 -1.718066731924615745e-02 -7.755854161927968615e-01 -1.929537176953121172e-02 1.765578848827463118e-02 -9.996579498995884494e-01 -6.794445104475432817e-01 9.995131995008030845e-01 -2.417812105227130914e-02 -1.971960773353821292e-02 2.837790681979961604e+01
-2.537828778105536559e-02 -9.995215872483318442e-01 -1.767859676346162853e-02 -8.074329541985181269e-01 -1.801472755064721307e-02 1.813867930992093397e-02 -9.996732082193539037e-01 -7.078420132523901565e-01 9.995156318467822709e-01 -2.505151807791465568e-02 -1.846643811672449981e-02 2.937496130182815435e+01
-2.532745127550242378e-02 -9.995268321335630812e-01 -1.745344438454282665e-02 -8.357791369305235252e-01 -1.878554566404619722e-02 1.793183211899401427e-02 -9.996627522643878327e-01 -7.436069707680076357e-01 9.995027299629281048e-01 -2.499103611724061771e-02 -1.923082547835937989e-02 3.041087542142645361e+01
-2.546074916094729496e-02 -9.994869367937534443e-01 -1.943236648681311712e-02 -8.653979404636832351e-01 -1.966110238088003559e-02 1.993556141726106692e-02 -9.996079619072519851e-01 -7.722801950537656612e-01 9.994825069791515304e-01 -2.506870466840205314e-02 -2.015858980263075459e-02 3.141739047220784187e+01
-2.576483018383558116e-02 -9.994838388662550255e-01 -1.918923354608136067e-02 -9.002297176447079385e-01 -1.894297162156276249e-02 1.968029321092161846e-02 -9.996268841603069832e-01 -7.999146638663460207e-01 9.994885767540442334e-01 -2.539171578059977452e-02 -1.944025341191444461e-02 3.245201921147953072e+01
-2.619071465441210472e-02 -9.994907265646091332e-01 -1.823018423563473045e-02 -9.307293352445341617e-01 -1.623227347576387466e-02 1.865924609129687023e-02 -9.996941571918741554e-01 -8.311997606458004784e-01 9.995252057025934000e-01 -2.588678673104824121e-02 -1.671270566798659443e-02 3.351107489357654146e+01
-2.711742955342561628e-02 -9.994632958996506611e-01 -1.837848546641824080e-02 -9.617307943092395783e-01 -1.295371880756140265e-02 1.873504385723659404e-02 -9.997406012688649923e-01 -8.591269835745971584e-01 9.995483644748410779e-01 -2.687232493306591224e-02 -1.345481291332344988e-02 3.455203699531903538e+01
-2.713911531331497651e-02 -9.994755332545433024e-01 -1.766698180646901137e-02 -9.930148739962678661e-01 -1.026859593646397249e-02 1.795129847003507431e-02 -9.997861626364399346e-01 -8.849895123087364590e-01 9.995789684164902988e-01 -2.695189729749503105e-02 -1.075039294775121182e-02 3.562482667901430489e+01
-2.840062095412536000e-02 -9.994395655230425835e-01 -1.771885842777042377e-02 -1.029379077707561541e+00 -9.925036465294290872e-03 1.800708124840137703e-02 -9.997886312601175218e-01 -9.104125255577234510e-01 9.995473909185493833e-01 -2.821875677227473136e-02 -1.043088654579328242e-02 3.667489725653609867e+01
-2.825532886078039110e-02 -9.994369241435928641e-01 -1.809613202250391975e-02 -1.065546361810375542e+00 -1.113923102488738673e-02 1.841705210212183502e-02 -9.997683656088225401e-01 -9.371398935351445969e-01 9.995387108754860694e-01 -2.804720674698446894e-02 -1.165333880678444574e-02 3.775652346430415207e+01
-2.934423668881626368e-02 -9.993909007694871116e-01 -1.888732841326833806e-02 -1.104598035287866153e+00 -1.167792755669258206e-02 1.923694156108047074e-02 -9.997467826657275847e-01 -9.602994917788253426e-01 9.995011855718887173e-01 -2.911624050524592305e-02 -1.223530810576171045e-02 3.882159406102031340e+01
-3.013903188174878525e-02 -9.993744543396682056e-01 -1.850209844622134614e-02 -1.139019426140403857e+00 -1.050557015007376818e-02 1.882620243829839085e-02 -9.997676044678681651e-01 -9.842633541450372947e-01 9.994905474020019387e-01 -2.993765284785881997e-02 -1.106640218788331950e-02 3.990646449764208370e+01
-3.048014125958393647e-02 -9.993708778228898026e-01 -1.813293216934046617e-02 -1.174335150616336199e+00 -8.402021641319401199e-03 1.839689163839582781e-02 -9.997954940597867379e-01 -1.011991999036818468e+00 9.995000980044921324e-01 -3.032155450856264395e-02 -8.957475816631893517e-03 4.098623375535906632e+01
-3.152630833562818785e-02 -9.993422000472914624e-01 -1.792356398385322805e-02 -1.216195588324827215e+00 -5.975195226893375601e-03 1.812059632447752394e-02 -9.998179864875597067e-01 -1.034551512143154772e+00 9.994851035497434033e-01 -3.141347289529975578e-02 -6.542540391820488715e-03 4.206268628273377885e+01
-3.111196801390305952e-02 -9.993484608464948682e-01 -1.829468714256991466e-02 -1.249401775400121206e+00 -5.947380682827741773e-03 1.848831703872750795e-02 -9.998114170983058990e-01 -1.057748292357371556e+00 9.994982538642142034e-01 -3.099729468033875918e-02 -6.518713764921310952e-03 4.314806296023061094e+01
-3.226242215984689160e-02 -9.992461020060620092e-01 -2.159551878785937601e-02 -1.291592100709463731e+00 -9.400086339898621607e-03 2.190916716397516006e-02 -9.997157996457329832e-01 -1.087469110804755834e+00 9.994352665942508596e-01 -3.205025337916871109e-02 -1.009984257368896736e-02 4.419683082860129275e+01
-3.195752382428635602e-02 -9.992235309194303916e-01 -2.304445832236516958e-02 -1.334501330448395695e+00 -1.362659510663219789e-02 2.348967030380598106e-02 -9.996312374060498662e-01 -1.112952313856122810e+00 9.993963781593968587e-01 -3.163172094104608340e-02 -1.436668629741171682e-02 4.529184588048511273e+01
-3.252152863724799836e-02 -9.991632586496991264e-01 -2.480187699739356405e-02 -1.382009430419572249e+00 -1.398332933066501887e-02 2.526743503784175879e-02 -9.995829534345169742e-01 -1.141431262625696386e+00 9.993732476986065816e-01 -3.216115250579125451e-02 -1.479336468692923554e-02 4.635229618497591275e+01
-3.212434289080402100e-02 -9.992210023979787303e-01 -2.292164057238355382e-02 -1.418314244549203407e+00 -1.154555135069684421e-02 2.330293441328883108e-02 -9.996618085805879517e-01 -1.165908548623139085e+00 9.994172369414485724e-01 -3.184883550984753120e-02 -1.228514898159269002e-02 4.743490974356073764e+01
-3.163294740990223175e-02 -9.992046916094990960e-01 -2.427642575272261419e-02 -1.456687012405137205e+00 -9.637352018351993607e-03 2.459237220155809783e-02 -9.996511424027816339e-01 -1.191666850171575476e+00 9.994531285712304758e-01 -3.138795126736562691e-02 -1.040761673271438717e-02 4.852675536779274523e+01
-3.163940995490457930e-02 -9.992723413653938902e-01 -2.130089389735737720e-02 -1.499033849567663168e+00 -8.302263430941777753e-03 2.157357852545921384e-02 -9.997328218676143630e-01 -1.216481726878763103e+00 9.994649101644027533e-01 -3.145411065649322824e-02 -8.978797639351639506e-03 4.958948506102125720e+01
-3.133994155035751961e-02 -9.992478278425797056e-01 -2.283798285202877018e-02 -1.538203918493942668e+00 -8.722566833317180190e-03 2.312176427345513305e-02 -9.996946314432065828e-01 -1.242287023145778102e+00 9.994707624496853571e-01 -3.113116525049825292e-02 -9.440640835551239451e-03 5.068171590825351558e+01
-3.114372625988911028e-02 -9.992818629038234812e-01 -2.158287860174179507e-02 -1.580133495052778114e+00 -1.036462584205734457e-02 2.191506636693463586e-02 -9.997061352535817624e-01 -1.271376588600099611e+00 9.994612138001688351e-01 -3.091087563339065675e-02 -1.103969965352883525e-02 5.175210784487200044e+01
-3.070647471395041711e-02 -9.992569720052260074e-01 -2.329419841571004138e-02 -1.618540644253716021e+00 -1.297083542092326326e-02 2.370159429598469106e-02 -9.996349621515373540e-01 -1.296659298270580019e+00 9.994443236571871614e-01 -3.039312028370239407e-02 -1.368899035926646884e-02 5.283166320790404313e+01
-2.972875959586227315e-02 -9.993387624351258713e-01 -2.093419656247273025e-02 -1.650618589427135019e+00 -1.526699557740995340e-02 2.139498085797833862e-02 -9.996545602046538193e-01 -1.324506781667480704e+00 9.994414474480001198e-01 -2.939888782475023887e-02 -1.589294690293732368e-02 5.390227950189946426e+01
-3.032015460347980626e-02 -9.993428484848939641e-01 -1.986360280413447532e-02 -1.684665841671851183e+00 -1.860586574893018444e-02 2.043357696586241626e-02 -9.996181068415481707e-01 -1.360347338527834404e+00 9.993670963257961226e-01 -2.993899502046422703e-02 -1.921318815335285035e-02 5.497881146531256036e+01
-2.939311029149043950e-02 -9.993771358897139967e-01 -1.952889226442078990e-02 -1.715737564895049694e+00 -2.019942425210802944e-02 2.012721087166822673e-02 -9.995933883662405650e-01 -1.397432628740917115e+00 9.993638498634384026e-01 -2.898668673381743499e-02 -2.077844377904820156e-02 5.604612167879665918e+01
-2.974729298659691684e-02 -9.993981428376791376e-01 -1.784523675921387276e-02 -1.755096526594743134e+00 -1.809541094709030129e-02 1.838865384133626935e-02 -9.996671856235648246e-01 -1.433853918799260496e+00 9.993936796534592659e-01 -2.941447589780141203e-02 -1.863153341440823563e-02 5.713381526460035786e+01
-2.892155969607008298e-02 -9.994518700761203522e-01 -1.610874901131270631e-02 -1.784939670582263549e+00 -1.240520878012579646e-02 1.647313042888452414e-02 -9.997873800276099177e-01 -1.464377959991000733e+00 9.995047470282043545e-01 -2.871557719329428590e-02 -1.287483792458758367e-02 5.822011871946661188e+01
-2.902169358466828372e-02 -9.994891748197188841e-01 -1.338352268486777373e-02 -1.819978395329122867e+00 -6.650473514569124785e-03 1.358193774739460159e-02 -9.998856722205461400e-01 -1.489020856420949945e+00 9.995567013067239159e-01 -2.892936852959445901e-02 -7.041247247522143884e-03 5.931370980668489068e+01
-2.892947425225250724e-02 -9.995182903133961183e-01 -1.123659828185088333e-02 -1.849736275643914407e+00 -5.487293672611127243e-03 1.139993430274907106e-02 -9.999199948310161234e-01 -1.514743536535051893e+00 9.995664319577270973e-01 -2.886550074428152757e-02 -5.814444668513234563e-03 6.039104033548298389e+01
-2.835199526722486513e-02 -9.995462787060257481e-01 -1.016833247629495007e-02 -1.877225310457460328e+00 -8.289336255710180040e-03 1.040717307181766339e-02 -9.999115134446084907e-01 -1.539320739064339971e+00 9.995636733576029886e-01 -2.826519761759931776e-02 -8.580639466901698875e-03 6.147261060011918232e+01
-2.861935626921231421e-02 -9.995591969883739214e-01 -7.895205185881814039e-03 -1.914100949879230296e+00 -1.184868749908380911e-02 8.237115239023878530e-03 -9.998959010993061503e-01 -1.562590605053658432e+00 9.995201958684476473e-01 -2.852282863785924813e-02 -1.207920566529515662e-02 6.255961502409505925e+01
-2.822679554828765036e-02 -9.995450472673008679e-01 -1.062707473130061753e-02 -1.950229758203018804e+00 -1.583461756733008097e-02 1.107708972182440237e-02 -9.998132922285742907e-01 -1.590670549357298569e+00 9.994761594727019638e-01 -2.805324946199758487e-02 -1.614008460833011097e-02 6.364515962588976805e+01
-2.834029328627022185e-02 -9.995378251614968068e-01 -1.099838216376164239e-02 -1.986273075632873919e+00 -1.968343576070882145e-02 1.155869248740682732e-02 -9.997394757433846202e-01 -1.627816701911691588e+00 9.994045610108845956e-01 -2.811642299202511339e-02 -2.000191549899271032e-02 6.471653230148021407e+01
-2.759171125534507288e-02 -9.995197776117206168e-01 -1.410380912664724318e-02 -2.025224621356574772e+00 -2.047023179585864480e-02 1.467118936268935019e-02 -9.996828470580069181e-01 -1.661069268665374965e+00 9.994097022063502811e-01 -2.729425120166858315e-02 -2.086520519164192927e-02 6.581038032226932444e+01
-2.661398123556890996e-02 -9.994939751312608145e-01 -1.742110955502529021e-02 -2.068675829593939586e+00 -1.735691725669769037e-02 1.788668541292633835e-02 -9.996893815721392684e-01 -1.688541017619978879e+00 9.994951293591902708e-01 -2.630333757666956929e-02 -1.782417097479649729e-02 6.690747152588301105e+01
-2.686145167451672866e-02 -9.994695192681934959e-01 -1.841594964847295332e-02 -2.104502832365376275e+00 -1.509366778992563864e-02 1.882601260619705744e-02 -9.997088689506667958e-01 -1.724067709638533730e+00 9.995252494829899303e-01 -2.657566712847429444e-02 -1.559135499112025355e-02 6.799226540542051112e+01
-2.660439615117839510e-02 -9.994679290453467591e-01 -1.886959056135795870e-02 -2.138091121200478284e+00 -1.433591442768049166e-02 1.925579631449177501e-02 -9.997118390621373418e-01 -1.756489118561838314e+00 9.995432787877798209e-01 -2.632621686576356798e-02 -1.484057579209373604e-02 6.909121889311616371e+01
-2.669956459323985856e-02 -9.994943254644832464e-01 -1.726918071349010236e-02 -2.171167946958175499e+00 -1.338644616170447249e-02 1.763127649482880421e-02 -9.997549708446124006e-01 -1.786312781723569332e+00 9.995539061774908474e-01 -2.646184826102398677e-02 -1.385042465940054639e-02 7.017254376675595040e+01
-2.659984071348797663e-02 -9.995034781867112583e-01 -1.688915632087704954e-02 -2.201127355156252463e+00 -1.195247796996331928e-02 1.721192758695707856e-02 -9.997804514049646318e-01 -1.818884152612000316e+00 9.995747461282964430e-01 -2.639213367240035579e-02 -1.240437809694735875e-02 7.126331983778257495e+01
-2.716367667665402566e-02 -9.995190617923216392e-01 -1.495934488490478255e-02 -2.235055046799519385e+00 -9.912809117786896412e-03 1.523346836271771872e-02 -9.998348585455154591e-01 -1.847830081688725201e+00 9.995818888743878139e-01 -2.701090102777639265e-02 -1.032183882834525682e-02 7.235051795347835935e+01
-2.798256372731585881e-02 -9.995187295981216025e-01 -1.338963766091976273e-02 -2.270119647206433111e+00 -8.209983987944566991e-03 1.362423657038709483e-02 -9.998735091029991029e-01 -1.873996745662623642e+00 9.995747342356947618e-01 -2.786909413284480858e-02 -8.587273937198498797e-03 7.342954578476069116e+01
-2.835257405472350195e-02 -9.995196832637174289e-01 -1.251083604084611035e-02 -2.302480893526171801e+00 -9.177181647049153373e-03 1.277562061969129796e-02 -9.998763082024125781e-01 -1.903802694809269891e+00 9.995558975660351342e-01 -2.823425249450820310e-02 -9.534995676266403222e-03 7.451667923483955747e+01
-2.902419655834257220e-02 -9.994951373432099384e-01 -1.292536844981975915e-02 -2.335463120557243144e+00 -1.281456415800220731e-02 1.330181108589264041e-02 -9.998294421339269933e-01 -1.934419430356052905e+00 9.994966029475356173e-01 -2.885361251266027952e-02 -1.319416913113361303e-02 7.558671588690440046e+01
-2.941398357601997596e-02 -9.994659648477188796e-01 -1.423380636519193040e-02 -2.372686495819040342e+00 -1.491468996691209213e-02 1.467722800869559509e-02 -9.997810701158652558e-01 -1.966632283751929666e+00 9.994560760093339491e-01 -2.919525037987479379e-02 -1.533844097229490958e-02 7.667738478465717833e+01
-3.026751104001341314e-02 -9.994229289507793323e-01 -1.541677129456781210e-02 -2.412016941030404649e+00 -1.347458686288796267e-02 1.583041668865933088e-02 -9.997839251080851142e-01 -1.991829848977341166e+00 9.994510442424017205e-01 -3.005323561491450926e-02 -1.394595870833996096e-02 7.773996459775815993e+01
-3.084964704359866375e-02 -9.993903320166113158e-01 -1.634821326114221929e-02 -2.448872007113527260e+00 -9.324969359464231611e-03 1.664305660496937650e-02 -9.998180386160024913e-01 -2.023291461524294732e+00 9.994805790610715723e-01 -3.069158649660000404e-02 -9.832716827208815361e-03 7.881172061821082764e+01
-3.090833303772327206e-02 -9.993623254926758959e-01 -1.787772672717593408e-02 -2.490532877670869727e+00 -5.149623024299432132e-03 1.804525159448785998e-02 -9.998239420925667531e-01 -2.047873363914387124e+00 9.995089930480535179e-01 -3.081082690457096623e-02 -5.704088093882626886e-03 7.988105924629262233e+01
-3.168543825808217002e-02 -9.993288940387129449e-01 -1.837914765301757597e-02 -2.531060569522617598e+00 -4.188550294230725807e-03 1.852097858585064968e-02 -9.998197316910398813e-01 -2.073104060481541389e+00 9.994891580977517398e-01 -3.160274342226848665e-02 -4.772584722125569265e-03 8.095590089969624614e+01
-3.204230025148597366e-02 -9.992964575351023226e-01 -1.949054871482678447e-02 -2.572296953873913772e+00 -6.460601261637312354e-03 1.970723388407850246e-02 -9.997849458988344873e-01 -2.097372972113417777e+00 9.994656783868380856e-01 -3.190948847580991204e-02 -7.087521125160223603e-03 8.201474310598790396e+01
-3.302275740880333127e-02 -9.992767786844203304e-01 -1.885258129700405696e-02 -2.612184867570993330e+00 -7.170269861828395923e-03 1.909925239858988738e-02 -9.997919144268703207e-01 -2.122929528555961731e+00 9.994289164240600654e-01 -3.288070664421699485e-02 -7.795794282766248771e-03 8.306062917653682121e+01
-3.311753234839946713e-02 -9.992760559141123933e-01 -1.872386150905365129e-02 -2.644075205141602769e+00 -7.303669724800136188e-03 1.897560660103227159e-02 -9.997932983148470898e-01 -2.144118234667893752e+00 9.994248156370064695e-01 -3.297393383033966202e-02 -7.926807707965428593e-03 8.409918524765204495e+01
-3.409049816528172960e-02 -9.992653839499643365e-01 -1.750815305179862641e-02 -2.686021677259958995e+00 -7.095399836226094076e-03 1.775988313544960007e-02 -9.998171356261932319e-01 -2.175390496416993447e+00 9.993936073042850587e-01 -3.396003612878794459e-02 -7.695630776007846702e-03 8.513104012828742384e+01
-3.453289727108097007e-02 -9.992656603485079447e-01 -1.660156058798941195e-02 -2.719903319623295790e+00 -5.430398215589519670e-03 1.679883619596413483e-02 -9.998441688379708925e-01 -2.202126639638462891e+00 9.993888469845386702e-01 -3.443736250401147059e-02 -6.006523056438461267e-03 8.614277293376572686e+01
-3.500969454698359823e-02 -9.992612825406704813e-01 -1.584980708816045164e-02 -2.756005840970645160e+00 -3.063843096683182849e-03 1.596677109148818621e-02 -9.998678638076712311e-01 -2.223674317128894629e+00 9.993823198165433519e-01 -3.495650719386497740e-02 -3.620571702709423148e-03 8.713322675775064852e+01
-3.607916443352262442e-02 -9.992340982880222322e-01 -1.514953379300784143e-02 -2.797339232649223018e+00 -1.727925657033400073e-03 1.522175606681051493e-02 -9.998826807500853509e-01 -2.249949988632679698e+00 9.993474809305076256e-01 -3.604875435329655403e-02 -2.275790591538999832e-03 8.811444400949024214e+01
-3.789767671042003350e-02 -9.991785101904578914e-01 -1.435484183226909752e-02 -2.837202250320545183e+00 -1.440175281406298139e-03 1.441975900155195549e-02 -9.998950267096688993e-01 -2.272395395959236009e+00 9.992806261318022409e-01 -3.787302474179296552e-02 -1.985467670577683533e-03 8.907451333696749884e+01
-4.107405990454735673e-02 -9.990640467783657996e-01 -1.356275953808679623e-02 -2.876764679361763832e+00 -2.204123409551834827e-03 1.366478178782481838e-02 -9.999042323808731147e-01 -2.296588416590189752e+00 9.991537108486530094e-01 -4.104023257774200295e-02 -2.763328567570040670e-03 9.000137913968916337e+01
-4.448389159890558248e-02 -9.989222343129314785e-01 -1.324948507684998306e-02 -2.925607585816024425e+00 -3.097393871408365539e-03 1.340045817182901507e-02 -9.999054402775852113e-01 -2.316262394820308490e+00 9.990053431924743599e-01 -4.443864571669537550e-02 -3.690160219270059196e-03 9.090107737309591585e+01
-5.103073992653411189e-02 -9.986049826871863377e-01 -1.356265904081482322e-02 -3.015625445945284255e+00 -1.548075323708989186e-03 1.365943169181024416e-02 -9.999055336349459422e-01 -2.356153088639206583e+00 9.986959256684710962e-01 -5.100492333845538934e-02 -2.242966665777825983e-03 9.265170045661234610e+01
-5.368682212058542569e-02 -9.984455119919998234e-01 -1.497594000211163040e-02 -3.066977727937531650e+00 -4.915810739654824426e-04 1.502399352790526055e-02 -9.998870424480530428e-01 -2.376596963265067419e+00 9.985577458465404455e-01 -5.367339548673812077e-02 -1.297407491144467531e-03 9.350198991311418695e+01
-5.662634297968802133e-02 -9.982687307520360376e-01 -1.590568329564205630e-02 -3.121509799541495322e+00 1.071436213544567709e-03 1.587047508111394736e-02 -9.998735149984542270e-01 -2.398755856301404421e+00 9.983949019196225461e-01 -5.663622209875796704e-02 1.708942011339389521e-04 9.431122341168278922e+01
-5.897553802340117779e-02 -9.981093486636778422e-01 -1.730949986078811689e-02 -3.172417641655700393e+00 1.891763506954697921e-03 1.722790386833864679e-02 -9.998498326601977793e-01 -2.413452617466377514e+00 9.982576715274442680e-01 -5.899942669303100129e-02 8.721618416629451634e-04 9.509136734627611531e+01
-6.169176649324260159e-02 -9.979075153522054542e-01 -1.935775998383156699e-02 -3.227618814497163591e+00 2.442496231364393085e-03 1.924370252195431105e-02 -9.998118685317994858e-01 -2.430850621378744414e+00 9.980923012744270517e-01 -6.172744152952546609e-02 1.250207281362936563e-03 9.585197935221117405e+01
-6.480135468735809257e-02 -9.976837656852721725e-01 -2.068526151740292598e-02 -3.284371047083731732e+00 1.443766624144698354e-03 2.063507266527268846e-02 -9.997860631533068698e-01 -2.446739505522637081e+00 9.978971767976858587e-01 -6.481735610380034984e-02 1.032417696854125421e-04 9.658504163065721571e+01
-6.650466668312035590e-02 -9.975307463170076661e-01 -2.257268980698171057e-02 -3.334240340698539473e+00 -2.167909232973756588e-03 2.276717959179066358e-02 -9.997384705959865281e-01 -2.465671432608483649e+00 9.977838009550813458e-01 -6.643833856762053347e-02 -3.676679881581606732e-03 9.727323795078712010e+01
-6.953377875819638509e-02 -9.972777551058137346e-01 -2.453838756693918141e-02 -3.392657253352981517e+00 -5.839411115990626039e-03 2.500440098297438546e-02 -9.996703118908771835e-01 -2.479503769674385349e+00 9.975625519057685908e-01 -6.936756480404729364e-02 -7.562165342076150425e-03 9.794414805086833553e+01
-7.123200873614869699e-02 -9.970962260794571375e-01 -2.692796138021684438e-02 -3.446369275069768534e+00 -8.701007337003196368e-03 2.761665386371968747e-02 -9.995807517089700944e-01 -2.494927505474038298e+00 9.974218664976411963e-01 -7.096784378350132205e-02 -1.064293151634024097e-02 9.857006055217368612e+01
-7.262743101469466833e-02 -9.969510702447905715e-01 -2.852758739634905436e-02 -3.499621039161363356e+00 -9.378686590700922865e-03 2.928453382294345445e-02 -9.995271499234157364e-01 -2.514925098886531263e+00 9.973150793814383741e-01 -7.232553773145641851e-02 -1.147695227668041155e-02 9.917848786506299064e+01
-7.152013686730637754e-02 -9.969688001105194708e-01 -3.062819712707226527e-02 -3.547327707620483217e+00 -9.010690111901057883e-03 3.135137572867947864e-02 -9.994678405339472160e-01 -2.531835305723771246e+00 9.973984935004388541e-01 -7.120609601367787478e-02 -1.122563172593970572e-02 9.975786682862205623e+01
-6.862462356266493813e-02 -9.970622930383651328e-01 -3.402117426518668636e-02 -3.590552280756741599e+00 -7.544328158258024192e-03 3.461924104780092493e-02 -9.993721311988046363e-01 -2.550370476052140400e+00 9.976140616904306535e-01 -6.832486853453975661e-02 -9.897897620107775143e-03 1.003218892369147568e+02
-6.328584212574950296e-02 -9.972937473538308062e-01 -3.741771836564286580e-02 -3.634066307197089341e+00 -5.925002052024255957e-03 3.786767274589020876e-02 -9.992652321862681708e-01 -2.567610809011551254e+00 9.979778936419759772e-01 -6.301764106765173068e-02 -8.305455187595052122e-03 1.008563188260663992e+02
-5.578874223342790428e-02 -9.977126596364587208e-01 -3.817145309487727373e-02 -3.661756332112323875e+00 -4.141779747570919178e-03 3.846192186362628468e-02 -9.992515118911065031e-01 -2.579525409477590348e+00 9.984340495749303157e-01 -5.558888753234881436e-02 -6.278048366139702373e-03 1.013696018491010875e+02
-4.614669046452145318e-02 -9.982164053416765492e-01 -3.787473872088777810e-02 -3.689074205465654455e+00 -1.559113830946975282e-03 3.798705782519944812e-02 -9.992770443581175943e-01 -2.594025346799461840e+00 9.989334928197077801e-01 -4.605427806309254912e-02 -3.309310105240597256e-03 1.018647983948784486e+02
-3.413926799403132345e-02 -9.987203245155653608e-01 -3.731237587553062895e-02 -3.702310362433426150e+00 -3.909665568969752274e-04 3.734748230828905530e-02 -9.993022957316507471e-01 -2.607371975857024182e+00 9.994170517895158978e-01 -3.410086040933234253e-02 -1.665482016464517713e-03 1.023385880884778487e+02
-2.120069237894143047e-02 -9.991013221835458591e-01 -3.670241299221056047e-02 -3.708806310597171141e+00 -3.865229739128723694e-04 3.671885276941439652e-02 -9.993255946287518121e-01 -2.618320212909348133e+00 9.997752052375600273e-01 -2.117220824656097095e-02 -1.164640871234249231e-03 1.027828751769165194e+02
-5.661716363800065391e-03 -9.993377424831656475e-01 -3.594466570356704554e-02 -3.709397754722050244e+00 -1.127190058704103780e-03 3.595159726021964625e-02 -9.993529242079832731e-01 -2.628458728618071394e+00 9.999833767255447148e-01 -5.617535599325929919e-03 -1.329991375741622047e-03 1.032245684234971463e+02
1.186244921039070546e-02 -9.993268381969101499e-01 -3.471535354236662124e-02 -3.694642818044697741e+00 -4.058470344267314962e-03 3.466939321929620593e-02 -9.993906245094680285e-01 -2.643118177734728125e+00 9.999214416423877205e-01 1.199611257600493273e-02 -3.644474491213879445e-03 1.036327201135955249e+02
3.285860514187442794e-02 -9.988697712197194267e-01 -3.434364337643932424e-02 -3.676541370754448312e+00 -8.585314233165932882e-03 3.407884329366771270e-02 -9.993823032808446527e-01 -2.652226548797452566e+00 9.994231750836916062e-01 3.313316036839144413e-02 -7.455827715209484459e-03 1.040426440401122647e+02
5.738318570397237667e-02 -9.978025797249384654e-01 -3.312377443147272726e-02 -3.642696826411392585e+00 -1.340175987975510824e-02 3.240557506004404509e-02 -9.993849763819436793e-01 -2.666320141980082603e+00 9.982623112839441593e-01 5.779181120150251455e-02 -1.151277561367378827e-02 1.044507948612679940e+02
8.425263459189574755e-02 -9.959832118918551247e-01 -3.031390214309347825e-02 -3.595765508300713620e+00 -1.626578928661894310e-02 2.904332794232519430e-02 -9.994458348894127431e-01 -2.676590267032369574e+00 9.963117001718538868e-01 8.469902552518296379e-02 -1.375347638057431744e-02 1.048398143402669547e+02
1.143886647649889482e-01 -9.930414383860567407e-01 -2.799866454437774030e-02 -3.536391425537979138e+00 -1.799408863814130552e-02 2.610794009952544653e-02 -9.994971982164643221e-01 -2.685588191414882697e+00 9.932731339353862987e-01 1.148349611799016207e-01 -1.488242349108489029e-02 1.052345953115897004e+02
1.463184941914502935e-01 -9.889089642028022764e-01 -2.549407373384239561e-02 -3.461790940583069798e+00 -1.962794303973293408e-02 2.286415216953171028e-02 -9.995459167049630667e-01 -2.698173179836840685e+00 9.890428251136598181e-01 1.467524605286051054e-01 -1.606480060704224347e-02 1.055993206357608045e+02
1.822431325786985634e-01 -9.829705749713496532e-01 -2.358573277083556713e-02 -3.377401046713701227e+00 -2.127888711931877341e-02 2.003897655276252326e-02 -9.995727673069312313e-01 -2.711606114310602500e+00 9.830232560935356911e-01 1.826671490364462636e-01 -1.726455465910639933e-02 1.059841491079293689e+02
2.202518391938760034e-01 -9.752467958186862296e-01 -1.956556004930621456e-02 -3.265737710523492598e+00 -2.193575441848200427e-02 1.510102897388974560e-02 -9.996453620818361863e-01 -2.726312613942637242e+00 9.751964006481962377e-01 2.206029164953851041e-01 -1.806674501613181674e-02 1.063350992210144597e+02
2.604802873546942510e-01 -9.653172189980766538e-01 -1.768295158804376183e-02 -3.151164784608216252e+00 -2.262189099853499641e-02 1.220795744800599360e-02 -9.996695826867511014e-01 -2.743868615663473065e+00 9.652141401140282850e-01 2.607942469047053180e-01 -1.865736905576216922e-02 1.067020366344530942e+02
3.013984526541243492e-01 -9.533249960690255431e-01 -1.817716226615999700e-02 -3.022332224700733150e+00 -2.375396871054330158e-02 1.155053183663878186e-02 -9.996511374709311504e-01 -2.761002787966253091e+00 9.532023843284586073e-01 3.017250962727596186e-01 -1.916394015309446155e-02 1.070275723298814370e+02
3.454108220989235423e-01 -9.382315656845622298e-01 -2.031993712016463491e-02 -2.884021281483748478e+00 -2.427794568333355857e-02 1.271161736476533917e-02 -9.996244614188146693e-01 -2.771604876578214416e+00 9.381375286274467040e-01 3.457744345017943477e-01 -1.838760529091417253e-02 1.073654782528252696e+02
3.904785344247425627e-01 -9.203949304559593259e-01 -1.999204511358405878e-02 -2.728037165712678291e+00 -2.331392243655473068e-02 1.182278009728240584e-02 -9.996583134519834157e-01 -2.786901688566369995e+00 9.203168151462821633e-01 3.908112148695267463e-01 -1.684147435720527095e-02 1.076979164547116028e+02
4.341677017231976854e-01 -9.006202203836289888e-01 -1.953517932517858172e-02 -2.557826559527560217e+00 -2.232281955146532201e-02 1.092280423421182305e-02 -9.996911790125665442e-01 -2.792157005330280217e+00 9.005554720145654279e-01 4.344697020942985266e-01 -1.536205404919614194e-02 1.079944353513872244e+02
