1.000000000000000000e+00 -3.306050084167601550e-19 -2.270457535318767223e-19 -8.673617379884035472e-19 7.546676715296109287e-19 1.000000000000000000e+00 6.237773588823049983e-19 1.387778780781445676e-17 -3.447385680526250622e-20 4.770700176052009879e-20 1.000000000000000222e+00 5.551115123125782702e-17
9.999969702476080302e-01 -1.853318944566326480e-03 -1.618439719887200577e-03 4.111347846087747178e-04 1.852367257209441192e-03 9.999981071359217433e-01 -5.894333125120002114e-04 -1.560560172056796313e-02 1.619529191122587785e-03 5.864335948951473858e-04 9.999985126164705473e-01 5.551742038717607519e-01
9.999954993695824301e-01 -1.933579463558922308e-03 -2.294271908073159272e-03 -1.723122994462553646e-03 1.929347265432861547e-03 9.999964327388440877e-01 -1.845476374363080006e-03 -3.160197866289676805e-02 2.297832282163379987e-03 1.841041632167683944e-03 9.999956678915736807e-01 1.120004527223639634e+00
9.999874243242222738e-01 -2.198851638106282588e-03 -4.506400145838261422e-03 -7.639904081168642433e-03 2.181449773405124901e-03 9.999901641388245777e-01 -3.862927412063425422e-03 -4.391047533174083362e-02 4.514850171854609476e-03 3.853048583582631414e-03 9.999823815369534019e-01 1.669029926214485648e+00
9.999656553754646682e-01 -4.247297713666972445e-03 -7.117167730231142679e-03 -1.651917512382984621e-02 4.210751637915355512e-03 9.999779099865417908e-01 -5.142082545635992194e-03 -5.908691740723687191e-02 7.138851030076529686e-03 5.111937345849956738e-03 9.999614546379937963e-01 2.231018505244459771e+00
9.999425645014686781e-01 -6.953078345983223531e-03 -8.156321009770532704e-03 -2.056961838911466889e-02 6.894183243266418203e-03 9.999501197407658637e-01 -7.226863565732935361e-03 -7.299760258938303714e-02 8.206163808300762086e-03 7.170217334262806233e-03 9.999406257577656554e-01 2.789707568472639121e+00
9.999168213053694076e-01 -8.370454065938190066e-03 -9.812380303475531917e-03 -3.032113747164647335e-02 8.290437430371387292e-03 9.999322841841111753e-01 -8.167234469156337689e-03 -8.370270166509535814e-02 9.880080069741899174e-03 8.085206411386906475e-03 9.999185045105195568e-01 3.353359979510017297e+00
9.999036643722425399e-01 -8.439049755163638769e-03 -1.102034227169981957e-02 -3.694261522981794749e-02 8.358187723063292829e-03 9.999379631300436833e-01 -7.363134200268295348e-03 -1.004653902653883657e-01 1.108179730992077047e-02 7.270314881722647095e-03 9.999121624977139744e-01 3.934905827590843952e+00
9.998850594490603649e-01 -8.712610814986582533e-03 -1.240829217485919789e-02 -4.925430813327998786e-02 8.617452932863886236e-03 9.999332066955813891e-01 -7.701867281147852656e-03 -1.149637402654528212e-01 1.247456756915358254e-02 7.594054252186919172e-03 9.998933538553586020e-01 4.512220591908787881e+00
9.998782948591726782e-01 -8.045248934881640487e-03 -1.336668346572992064e-02 -5.902791751974264395e-02 7.908141603162784083e-03 9.999158976705171398e-01 -1.027881780907696427e-02 -1.361588095107486573e-01 1.344825647301453597e-02 1.017186201064955095e-02 9.998578274703103785e-01 5.105640818394797442e+00
9.998660879189464890e-01 -6.635037369380846969e-03 -1.495909442829288644e-02 -7.673647446203193945e-02 6.423426708122339721e-03 9.998792476325597534e-01 -1.414992078445354538e-02 -1.546571146155257814e-01 1.505117546157380866e-02 1.405193746108780554e-02 9.997879844484942602e-01 5.702713792574981788e+00
9.998566892166541598e-01 -4.864043692260432324e-03 -1.621532150689141555e-02 -9.512965729743501353e-02 4.574640042380419963e-03 9.998304441621241878e-01 -1.783713361154173546e-02 -1.699941620355380212e-01 1.629933437226139745e-02 1.776039808506431686e-02 9.997094066212219854e-01 6.311906415339890053e+00
9.998486513283986188e-01 -3.220750152063962205e-03 -1.709705419438499810e-02 -1.130629946959856857e-01 2.918794006563842948e-03 9.998398417042732023e-01 -1.765696914287320785e-02 -1.872868774823036597e-01 1.715118662950286532e-02 1.760439421669078575e-02 9.996979169673283483e-01 6.938124948717272034e+00
9.998259785693121016e-01 -6.812215592046750538e-04 -1.864269707053610795e-02 -1.315821237521630216e-01 4.697621925709879434e-04 9.999355338167277285e-01 -1.134477333379527164e-02 -1.988472387077758197e-01 1.864922528306202018e-02 1.133404232265710840e-02 9.997618476139605859e-01 7.578829331781031797e+00
9.998167167748437389e-01 2.357415588358791002e-05 -1.914493123187069670e-02 -1.529765628514965226e-01 -4.113817690771918480e-05 9.999995767389948664e-01 -9.170304003590423530e-04 -2.114140274182106927e-01 1.914490370016243281e-02 9.176499023486313442e-04 9.998162964861615487e-01 8.248981501030085539e+00
9.997954762164249498e-01 7.904781066570638805e-04 -2.020832906941523455e-02 -1.710789935237887749e-01 -6.730118286440094728e-04 9.999828400447360321e-01 5.818908759989267071e-03 -2.260149527441110417e-01 2.021258433778452129e-02 -5.804118341489125643e-03 9.997788537388392349e-01 8.913647180699895145e+00
9.997666164893124208e-01 2.901261734607988620e-03 -2.140803335815615049e-02 -1.953705190324486751e-01 -2.773350668818856581e-03 9.999781391796787045e-01 6.002190680394548991e-03 -2.503931744302079210e-01 2.142498113415303856e-02 -5.941418032922839328e-03 9.997528043310093260e-01 9.596364446175790874e+00
9.997465749121390299e-01 5.421735245165961760e-03 -2.184919324795851422e-02 -2.202234456803076890e-01 -5.457432382240975759e-03 9.999838702621799413e-01 -1.574487454492499907e-03 -2.550361181093804275e-01 2.184030562554075891e-02 1.693329015243930178e-03 9.997600348256815428e-01 1.028614908585815080e+01
9.997119957348145070e-01 5.510346145147002224e-03 -2.335744956413027609e-02 -2.414371751880016181e-01 -5.699463194317759898e-03 9.999514493741571419e-01 -8.037799694830725927e-03 -2.589708994089885419e-01 2.331202655083922798e-02 8.168609715127362128e-03 9.996948648910286561e-01 1.098662344517747869e+01
9.996996980352655937e-01 3.650910629975496948e-03 -2.423174514809916733e-02 -2.601554519489547856e-01 -3.825361278764540310e-03 9.999670751039629879e-01 -7.156807364587425627e-03 -2.681701799758908766e-01 2.420482015573723750e-02 7.247353619045104889e-03 9.996807468607716851e-01 1.172469163735012465e+01
9.996803551917951003e-01 2.079052641381537794e-03 -2.519641377029068624e-02 -2.855212641390832418e-01 -2.017716345200146373e-03 9.999949349202843507e-01 2.459512450786219186e-03 -2.750892231596198112e-01 2.520140138515521849e-02 -2.407887200678747106e-03 9.996794898879206581e-01 1.248062572587384977e+01
9.996907653610850319e-01 1.486641799613136472e-03 -2.482274713335430247e-02 -3.094285425226540043e-01 -1.236230603124007605e-03 9.999482260793538524e-01 1.010027702210191183e-02 -2.827541452664106281e-01 2.483647933230351615e-02 -1.006646712000989867e-02 9.996408385595613177e-01 1.325951008955685140e+01
9.996609537742395801e-01 8.856338495641481257e-04 -2.602284973667578702e-02 -3.343786915840623597e-01 -5.556975526937298288e-04 9.999194061125905586e-01 1.268321397063298418e-02 -2.871351530258851592e-01 2.603198736204411293e-02 -1.266445394693392276e-02 9.995808901131701951e-01 1.404246747591375133e+01
9.996541255851104646e-01 -1.219441917623990393e-03 -2.627046344296135594e-02 -3.558718780668960191e-01 1.531697610940368440e-03 9.999283874176498887e-01 1.186934059369162443e-02 -2.913234084640603516e-01 2.625410959630520777e-02 -1.190547364957779929e-02 9.995844069972400492e-01 1.484209666856697574e+01
9.996819229489168901e-01 -1.594807261355626980e-03 -2.516952192876352815e-02 -3.753718567864664513e-01 1.831044982193607683e-03 9.999544625319466418e-01 9.365603339513061884e-03 -2.985544695706477403e-01 2.515344145869382805e-02 -9.408711112868083093e-03 9.996393245191366184e-01 1.566794441671352267e+01
9.996778079324493138e-01 8.044985957666082009e-04 -2.536992311268438174e-02 -4.127151484914549640e-01 -6.510808111944421921e-04 9.999814595936619144e-01 6.054910878089424242e-03 -2.924666579992522553e-01 2.537432584987016002e-02 -6.036442306885044656e-03 9.996597924738891416e-01 1.650250485768840747e+01
9.997137727196945267e-01 -2.032837290170593295e-03 -2.383779668326189982e-02 -4.316830247770815365e-01 2.046468850324096363e-03 9.999977566006815755e-01 5.474600639398961768e-04 -3.034066764837799468e-01 2.383663211140764696e-02 -5.960867070072772790e-04 9.997156906796241804e-01 1.735382385152701445e+01
9.997135605639162481e-01 -4.599466788851506657e-03 -2.348684234375666632e-02 -4.538062461587191732e-01 4.467201577444249172e-03 9.999738821848300763e-01 -5.680838343384476789e-03 -3.224238530362414368e-01 2.351235933996353999e-02 5.574290717613008921e-03 9.997080072512539717e-01 1.820992715811283347e+01
9.997577669552968338e-01 -3.677171619975340942e-03 -2.169979190036240915e-02 -4.823669022460969624e-01 3.438689231262627519e-03 9.999333983407930893e-01 -1.101718915574373056e-02 -3.402980735714929428e-01 2.173886023103327805e-02 1.093990155989563694e-02 9.997038247039105041e-01 1.910127872166533081e+01
9.997530861773518129e-01 -1.699125983672347250e-03 -2.215580330211296134e-02 -5.090920016712344731e-01 1.423702390959979665e-03 9.999215893347942474e-01 -1.244107145803365760e-02 -3.537134420151396563e-01 2.217520698886886465e-02 1.240645606052612204e-02 9.996771144878543458e-01 2.000186556470990595e+01
9.997426834249887317e-01 -2.388675217288289184e-03 -2.255798285161093181e-02 -5.345989316755891396e-01 2.124592700563681519e-03 9.999290153377605739e-01 -1.172355220312672197e-02 -3.768316896833916463e-01 2.258438740938348635e-02 1.167260846493610969e-02 9.996767912372510612e-01 2.092701617621013099e+01
9.997577200298668476e-01 -1.647252166487214297e-03 -2.194952746744358377e-02 -5.585976951774819232e-01 1.368455020449313008e-03 9.999182760308186202e-01 -1.271071334312358532e-02 -4.013184258295931506e-01 2.196867276861191529e-02 1.267759688666062270e-02 9.996782739393149653e-01 2.187683648627461253e+01
9.997569609067382679e-01 1.710543136679438516e-03 -2.197956634646488702e-02 -5.955345916292579256e-01 -2.042528435161159329e-03 9.998840410203302387e-01 -1.509069893944691571e-02 -4.323490194092139416e-01 2.195120695614403289e-02 1.513192487321995960e-02 9.996445180729316426e-01 2.280331439821480899e+01
9.997488327718798695e-01 5.746435065540806547e-03 -2.166236259258357347e-02 -6.244818380287560089e-01 -6.089473766870473134e-03 9.998565777708566804e-01 -1.580311548147574421e-02 -4.565585012937350418e-01 2.156844538601176628e-02 1.593105861504906517e-02 9.996404394572635521e-01 2.377953831353189074e+01
9.997320008257268853e-01 7.161677117625941079e-03 -2.201427872889164666e-02 -6.612228280489013121e-01 -7.511343005324805887e-03 9.998462871305735522e-01 -1.584213666287881059e-02 -4.851304925603779905e-01 2.189744030403691435e-02 1.600324810618131491e-02 9.996321320436999391e-01 2.472759171314501359e+01
9.997342281859719071e-01 7.623488758485982668e-03 -2.175669120726070327e-02 -6.901928687821325958e-01 -7.966245240809828945e-03 9.998448391135132951e-01 -1.571110541926662094e-02 -5.167259061372800888e-01 2.163354340738814219e-02 1.588024877407102561e-02 9.996398427005148690e-01 2.572819569086091818e+01
9.997179252765909796e-01 8.235359378272254921e-03 -2.227674058603649684e-02 -7.211874853974357125e-01 -8.586864658493148506e-03 9.998394059166123560e-01 -1.572963516494662803e-02 -5.502364820534473289e-01 2.214362587723205794e-02 1.591648571187824837e-02 9.996280888067969883e-01 2.669312336031065769e+01
9.996997603646778918e-01 8.930816022518363317e-03 -2.281751638756116668e-02 -7.519586455889376575e-01 -9.266873820386946001e-03 9.998495227027098808e-01 -1.466499142360096555e-02 -5.801122909005036465e-01 2.268311442185147811e-02 1.487203595128870105e-02 9.996320769326125788e-01 2.769371157213537415e+01
9.997013939403192051e-01 9.290410461983191967e-03 -2.260112836262444247e-02 -7.776698423531361870e-01 -9.582117289576523589e-03 9.998717395320182444e-01 -1.283282951514307102e-02 -6.104115920365728032e-01 2.247900877920220100e-02 1.304556449076885692e-02 9.996621965276627497e-01 2.871285555030165781e+01
9.996768403276472537e-01 9.794131927471288329e-03 -2.345820068147392093e-02 -8.097667970342314891e-01 -1.006724809697827350e-02 9.998825847543846290e-01 -1.155298721008769444e-02 -6.383831567184591327e-01 2.334229609979814046e-02 1.178541362332912248e-02 9.996580649179682698e-01 2.970982031969694503e+01
9.996801803740087422e-01 9.568619857455468170e-03 -2.340881849927029315e-02 -8.381130170852751915e-01 -9.859060035174413081e-03 9.998754598846046893e-01 -1.232348222658863346e-02 -6.744049839133794411e-01 2.328798582139329429e-02 1.255033074167937260e-02 9.996500197413867861e-01 3.074578761766398927e+01
9.996564445081549399e-01 1.154862137798918185e-02 -2.352932990200158961e-02 -8.676269033802158637e-01 -1.186153507422118419e-02 9.998424810955576225e-01 -1.320299272730858682e-02 -7.033839615931771760e-01 2.337314849879508841e-02 1.347755117250737551e-02 9.996359643962876573e-01 3.175236641557087225e+01
9.996519568065598271e-01 1.130749726815195172e-02 -2.383498903500570060e-02 -9.025784835163027653e-01 -1.160745752327824697e-02 9.998546924134446012e-01 -1.248429450349263642e-02 -7.307762759828048127e-01 2.369036193184621483e-02 1.275661299749877853e-02 9.996379507799958430e-01 3.278694443751680865e+01
9.996519247205228886e-01 1.035120411837118191e-02 -2.426708155081287038e-02 -9.332925861253336119e-01 -1.059094006028283783e-02 9.998961712236275057e-01 -9.771377533125466877e-03 -7.611473606297759487e-01 2.416341856653508521e-02 1.002498739737761775e-02 9.996577540558498898e-01 3.384580856586009645e+01
9.996274089216004022e-01 1.050572476055616419e-02 -2.519286147963503697e-02 -9.645920321709186007e-01 -1.067245253413324525e-02 9.999219732921242887e-01 -6.492732665617177018e-03 -7.879780233928876942e-01 2.512268681862846881e-02 6.759183267597484307e-03 9.996615277862753723e-01 3.488653689110990541e+01
9.996339656751173086e-01 9.794301154559115555e-03 -2.521914672299191418e-02 -9.959370598828626298e-01 -9.893355773695128308e-03 9.999438180845661162e-01 -3.805959886172671953e-03 -8.129378485307284796e-01 2.518045615254007469e-02 4.054068797101349417e-03 9.996747062403169570e-01 3.595913276687075211e+01
9.996007598025928864e-01 9.854641015345453128e-03 -2.648035157786807550e-02 -1.032718233451114020e+00 -9.949755048969430304e-03 9.999445089625785821e-01 -3.462492918931414643e-03 -8.382463640326626164e-01 2.644476233665322973e-02 3.724583566414809213e-03 9.996433412348290082e-01 3.700917474131288998e+01
9.996008818683886910e-01 1.023097400604653512e-02 -2.633261671620892169e-02 -1.068808560830223797e+00 -1.035761922446438825e-02 9.999354151827971604e-01 -4.677531694327987863e-03 -8.653821695648018508e-01 2.628306276193276975e-02 4.948408040075811219e-03 9.996422929488144593e-01 3.809088962263870570e+01
9.995632441660189382e-01 1.102955639738576778e-02 -2.741644307301383324e-02 -1.108163813489836391e+00 -1.117665353932707252e-02 9.999239265718836700e-01 -5.217836501085412748e-03 -8.887269891417048928e-01 2.735680885553363681e-02 5.521981739413928114e-03 9.996104792620977841e-01 3.915599681608398441e+01
9.995451775787598248e-01 1.064963088396892084e-02 -2.821375239427378195e-02 -1.142879466307077152e+00 -1.076793892699267306e-02 9.999338414528510244e-01 -4.044628925990933002e-03 -9.122963211242738346e-01 2.816881502249901983e-02 4.346593356283997255e-03 9.995937309683893268e-01 4.024077930019726779e+01
9.995392667883838955e-01 1.028272402636681328e-02 -2.855725864129147681e-02 -1.178336870581779605e+00 -1.034232635463387846e-02 9.999446387262507230e-01 -1.940172007351510883e-03 -9.393192557403996501e-01 2.853573015669542620e-02 2.234626688719059621e-03 9.995902744853656374e-01 4.132039419472834396e+01
9.995108501792421274e-01 1.008037863746724140e-02 -2.960481377191829036e-02 -1.220562171254561790e+00 -1.007036801777500511e-02 9.999491758687507614e-01 4.872441206098653151e-04 -9.610663856456800325e-01 2.960822320590298165e-02 -1.888744392889620124e-04 9.995615639520073481e-01 4.239666444102943643e+01
9.995193248499841809e-01 1.044874601500053908e-02 -2.918806068969582307e-02 -1.253602094891745233e+00 -1.043818070288459951e-02 9.999453873875264742e-01 5.143514247217652671e-04 -9.842561497108616164e-01 2.919184316436945412e-02 -2.094340169768312779e-04 9.995738077624898299e-01 4.348204170740084606e+01
9.994456453394588991e-01 1.375768202927581813e-02 -3.031723057832946128e-02 -1.295927120976730462e+00 -1.385326890285996752e-02 9.998996978464760321e-01 -2.945073206338684729e-03 -1.015152095258581966e+00 3.027367521324869637e-02 3.363433343421560594e-03 9.995359868140654136e-01 4.453106427583467308e+01
9.994341580366462585e-01 1.520474966498474266e-02 -3.000296733306815136e-02 -1.338625265183891466e+00 -1.542654636429548719e-02 9.998552600883894304e-01 -7.174888709625040079e-03 -1.042058830375242939e+00 2.988953458298607493e-02 7.633671010890223478e-03 9.995240618749647865e-01 4.562638683276351514e+01
9.993890651936047087e-01 1.696621528255965253e-02 -3.055565157807648910e-02 -1.386188929356149124e+00 -1.720397605746048011e-02 9.998236051719313622e-01 -7.535138279187044395e-03 -1.070668927284289085e+00 3.042242157697700594e-02 8.056213603411735077e-03 9.995046596344644430e-01 4.668686421007986809e+01
9.994309520559315763e-01 1.508304007129163300e-02 -3.017058501530859790e-02 -1.422503108748366385e+00 -1.524343707507955746e-02 9.998708378441738542e-01 -5.093356587339122922e-03 -1.094317821053774731e+00 3.008986750319318781e-02 5.550361587550811139e-03 9.995317900998949012e-01 4.776930137408077570e+01
9.994246213765903830e-01 1.643469920379556776e-02 -2.967042921406260608e-02 -1.460609679414674122e+00 -1.653646165596268577e-02 9.998581866815330343e-01 -3.187598113776357080e-03 -1.119446719496400178e+00 2.961383696293741485e-02 3.676408043438843601e-03 9.995546519418769815e-01 4.886101485673123079e+01
9.994683576350549270e-01 1.345882357955324390e-02 -2.969609912711075259e-02 -1.503183233785489570e+00 -1.351959429921421006e-02 9.999069015442713093e-01 -1.846558800927678009e-03 -1.143795686153871172e+00 2.966848454358478326e-02 2.247056256415955623e-03 9.995572708206740264e-01 4.992364080841338136e+01
9.994556467686660506e-01 1.499408675772276323e-02 -2.938669655982031545e-02 -1.542137375198763483e+00 -1.506725357555434471e-02 9.998839031188819781e-01 -2.269896019997900451e-03 -1.169751467241382237e+00 2.934925246770348634e-02 2.711437145729697976e-03 9.995655401124522443e-01 5.101590696396713298e+01
9.994792251483922696e-01 1.373750378817701484e-02 -2.919857769799270517e-02 -1.584096208747896251e+00 -1.385745374416245783e-02 9.998963330999766086e-01 -3.909664178065748105e-03 -1.199382010264312903e+00 2.914184448123072896e-02 4.312246119906521825e-03 9.995659817516313606e-01 5.208641551407504977e+01
9.994672817656575781e-01 1.544609851440190834e-02 -2.875026396910267817e-02 -1.622228312799732342e+00 -1.563965142477918499e-02 9.998564407334177284e-01 -6.519502394441998964e-03 -1.225547850725397625e+00 2.864543836546301972e-02 6.965673580132146665e-03 9.995653675009251726e-01 5.316616299049596961e+01
9.995282787173299655e-01 1.307922721813471224e-02 -2.778775449049140575e-02 -1.654158158581764404e+00 -1.332869328194602118e-02 9.998723476922212194e-01 -8.811318294254577577e-03 -1.254148570459379108e+00 2.766896485254664514e-02 9.177536379060016042e-03 9.995750135904489797e-01 5.423694012864885394e+01
9.995248557388974886e-01 1.201249089215324951e-02 -2.838608344833954897e-02 -1.688483538188723321e+00 -1.236141245676678976e-02 9.998497959594683238e-01 -1.214861340217211760e-02 -1.291100800445165397e+00 2.823588644005778359e-02 1.249373318946124349e-02 9.995232083016346580e-01 5.531370082503253371e+01
9.995547287062047648e-01 1.167151356056155866e-02 -2.746117268670079936e-02 -1.719271220229319441e+00 -1.205229511350808941e-02 9.998329405828449978e-01 -1.374174304181872801e-02 -1.328717948794941206e+00 2.729620122092986378e-02 1.406659404301630750e-02 9.995284107109504435e-01 5.638112368817837705e+01
9.995628563706584480e-01 9.990074529499024317e-03 -2.782624675593643390e-02 -1.758875451022152481e+00 -1.031711265089028245e-02 9.998790981872196504e-01 -1.163415922962652074e-02 -1.364423624644496513e+00 2.770665930049545991e-02 1.191616059750957336e-02 9.995450654421222936e-01 5.746866701371553177e+01
9.996010864662524531e-01 8.247895035814948109e-03 -2.701171583886036176e-02 -1.788574192582194300e+00 -8.411259000634498453e-03 9.999469817902646440e-01 -5.939847293106872810e-03 -1.393031685262474006e+00 2.696129437125714332e-02 6.164680375155653577e-03 9.996174717434831436e-01 5.855456907540273903e+01
9.996166652124376384e-01 5.523163022327369324e-03 -2.712948371581196463e-02 -1.823852102184250645e+00 -5.530065276749459094e-03 9.999846901310627256e-01 -1.793844092809888902e-04 -1.415734054946161224e+00 2.712807999172845569e-02 3.293433624559499186e-04 9.996319146564999203e-01 5.964773762067790130e+01
9.996283471781707286e-01 3.375521228295451370e-03 -2.705116077108184539e-02 -1.853741348700540970e+00 -3.350021049397269163e-03 9.999939026095899797e-01 9.879315836643154988e-04 -1.441055749890932658e+00 2.705433284242085568e-02 -8.969424548009509880e-04 9.996335602122397024e-01 6.072497836842092767e+01
9.996466729831682274e-01 2.303344255877957415e-03 -2.648058407340764253e-02 -1.881118395277119104e+00 -2.352156344326708417e-03 9.999955894439435111e-01 -1.812309831669164104e-03 -1.466563326525485378e+00 2.647629541319221000e-02 1.873955919290023944e-03 9.996476875728884659e-01 6.180675389891592886e+01
9.996418116272923760e-01 3.196734557422584530e-05 -2.676268235920791980e-02 -1.918254938560981060e+00 -1.756855695188546253e-04 9.999855747425504537e-01 -5.367763343357672377e-03 -1.491011025153856862e+00 2.676212681500301019e-02 5.370542498051064650e-03 9.996274036301576738e-01 6.289400947511951756e+01
9.996488972740126266e-01 2.761260427501919905e-03 -2.635240934599364371e-02 -1.954046423155882728e+00 -3.008822722652123877e-03 9.999516720339923781e-01 -9.359266949224599730e-03 -1.520440160314546318e+00 2.632529479687881549e-02 9.435270781784037622e-03 9.996089006919953723e-01 6.397984405374532457e+01
9.996448715654768780e-01 3.133341795571118089e-03 -2.646350545081152875e-02 -1.990099564381133002e+00 -3.483852476565674899e-03 9.999066832751005718e-01 -1.320934657615591666e-02 -1.558877800743817321e+00 2.641964820899555741e-02 1.329685064496252678e-02 9.995625051594226873e-01 6.505148502546425959e+01
9.996504015137405164e-01 6.233896172180848627e-03 -2.569479956738182982e-02 -2.028566837348853458e+00 -6.595237019005751287e-03 9.998802185986074287e-01 -1.400211227079855951e-02 -1.592411975490987119e+00 2.560443568544856774e-02 1.416668088234891362e-02 9.995717698876523949e-01 6.614539606382216164e+01
9.996494545555117961e-01 9.544889915872031838e-03 -2.469558854173806162e-02 -2.071441374994458240e+00 -9.816354785336357802e-03 9.998924646482355572e-01 -1.089463184736132358e-02 -1.618860347286080303e+00 2.458894725735149070e-02 1.113323422265559068e-02 9.996356507962532723e-01 6.724228116831946522e+01
9.996334577493429796e-01 1.054147771855719340e-02 -2.493663481817831595e-02 -2.107275839054556510e+00 -1.075969784722638489e-02 9.999048451432771545e-01 -8.633003305654592119e-03 -1.653635267165535661e+00 2.484325979900033413e-02 8.898149607333719069e-03 9.996517571073801900e-01 6.832691764619509911e+01
9.996350372999999179e-01 1.099344109077491152e-02 -2.467664107599233311e-02 -2.140744120759815239e+00 -1.119085075164419872e-02 9.999063643021675052e-01 -7.876023890772016270e-03 -1.685805798562840074e+00 2.458774828950324037e-02 8.149302222013319816e-03 9.996644583978330223e-01 6.942581920755783642e+01
9.996487423643155568e-01 9.393521080117003472e-03 -2.478215627864749013e-02 -2.173973515695061032e+00 -9.567803324034472590e-03 9.999302594263945743e-01 -6.923363934216922658e-03 -1.715301758346373440e+00 2.471539453450954590e-02 7.158043049622558884e-03 9.996688982092903908e-01 7.050707344180132452e+01
9.996546541276393194e-01 9.012796947575226619e-03 -2.468488685977447694e-02 -2.203928343300496806e+00 -9.150927767892095069e-03 9.999430678704839259e-01 -5.488505721665094296e-03 -1.747390957018495561e+00 2.463401742674985878e-02 5.712500041245480685e-03 9.996802180018770079e-01 7.159774683859340882e+01
9.996557690279603836e-01 7.086617671910554889e-03 -2.526121829395525098e-02 -2.238189854514223143e+00 -7.175887639680808040e-03 9.999683217819012038e-01 -3.444957708836768589e-03 -1.775643045946433629e+00 2.523600688443782339e-02 3.625043566497846564e-03 9.996749491901387730e-01 7.268479290881194288e+01
9.996443377172333777e-01 5.522304616247629763e-03 -2.609028443427744565e-02 -2.273646195419124272e+00 -5.569563288000045284e-03 9.999829761612146761e-01 -1.739014756984322112e-03 -1.801231170464189901e+00 2.608023820649209637e-02 1.883707714247804220e-03 9.996580761215523303e-01 7.376369137408113374e+01
9.996389131902864156e-01 4.645940501042165535e-03 -2.646599348800908122e-02 -2.306197255912862509e+00 -4.719156923215461936e-03 9.999852110320333054e-01 -2.704640007655100421e-03 -1.831355403009353511e+00 2.645303878852946211e-02 2.828560679902190032e-03 9.996460557776805089e-01 7.485089192081250076e+01
9.996189486344732034e-01 5.065001490474342095e-03 -2.713495212987395225e-02 -2.339372260200477172e+00 -5.238948971336246895e-03 9.999661598501320414e-01 -6.343194195770333887e-03 -1.863191288602699558e+00 2.710190753553178011e-02 6.482935856974000009e-03 9.996116515153952164e-01 7.592118832337199308e+01
9.996010210619310499e-01 6.376130750037110363e-03 -2.751628306528386067e-02 -2.376626881358334220e+00 -6.610806493171703449e-03 9.999424769758176179e-01 -8.446069772777068524e-03 -1.896114796447053719e+00 2.746084895094281011e-02 8.624604934135951875e-03 9.995856719622516762e-01 7.701200740468128458e+01
9.995690832688572947e-01 7.564911074372611052e-03 -2.836218401596402386e-02 -2.416152781659362869e+00 -7.766608294033423843e-03 9.999452831512005702e-01 -7.008063030530773362e-03 -1.920837395501984179e+00 2.830761880187859098e-02 7.225321338195484465e-03 9.995731435799427578e-01 7.807448441286790342e+01
9.995450576705757761e-01 8.500338813075776490e-03 -2.893831478243413108e-02 -2.453131752167241331e+00 -8.586655177067855499e-03 9.999590424962024882e-01 -2.859785654650722191e-03 -1.950916410199611928e+00 2.891282272346751628e-02 3.106967980560635268e-03 9.995771098332217885e-01 7.914594247207736544e+01
9.995294583725083948e-01 1.003037639807432581e-02 -2.898711397693154446e-02 -2.494696730698633846e+00 -9.996511667342595706e-03 9.999491735724145292e-01 1.312972250083936990e-03 -1.974112093696191339e+00 2.899881221671994289e-02 -1.022584337061125531e-03 9.995789180550775921e-01 8.021497911248728485e+01
9.995015031265169769e-01 1.053707648759739414e-02 -2.976100453124690473e-02 -2.535445854501124252e+00 -1.047404173607696318e-02 9.999425647235642423e-01 2.273136805006573807e-03 -1.999024867806024508e+00 2.978324935856596634e-02 -1.960285759038530792e-03 9.995544621499191651e-01 8.128974754728689334e+01
9.994786663196253418e-01 1.165099230471423886e-02 -3.011069707676837515e-02 -2.576717411510453637e+00 -1.165631544841045503e-02 9.999320585728579402e-01 -1.230219873709405211e-06 -2.024059837674913265e+00 3.010863961764658620e-02 3.522092185356728768e-04 9.995465751075169880e-01 8.234875835369611252e+01
9.994556803303117354e-01 1.101957223868494685e-02 -3.109531180472005843e-02 -2.616980623349871138e+00 -1.104698025603625088e-02 9.999387310388602179e-01 -7.097396629193672164e-04 -2.049849629343588386e+00 3.108558751322054031e-02 1.052862675111623184e-03 9.995161686308282611e-01 8.339469035227989480e+01
9.994540987478728322e-01 1.089147943132488111e-02 -3.119092208105118946e-02 -2.648912300733164304e+00 -1.092307971948591402e-02 9.999399839007632185e-01 -8.429042521302368331e-04 -2.071082127331335343e+00 3.117987248821156923e-02 1.183145024080332159e-03 9.995130873513641268e-01 8.443325540469520263e+01
9.994354603983203189e-01 9.682228130729225377e-03 -3.217178250000028716e-02 -2.691275194226661949e+00 -9.707592902728403444e-03 9.999526812081205307e-01 -6.322892297698088282e-04 -2.102277297754501895e+00 3.216414053521050170e-02 9.442427668084016909e-04 9.994821583935595832e-01 8.546508713464045570e+01
9.994292696691351452e-01 8.778549295918189332e-03 -3.262006044154976137e-02 -2.725372896404595124e+00 -8.749454473473208815e-03 9.999611831084745939e-01 1.034585288808268942e-03 -2.128451502626322878e+00 3.262787912046756500e-02 -7.485871766091249961e-04 9.994672872223905324e-01 8.647669298153122952e+01
9.994197336961405664e-01 8.029961574071445285e-03 -3.310173830789521487e-02 -2.761691269337485544e+00 -7.921623630463520832e-03 9.999628383941362442e-01 3.402742764252213864e-03 -2.149204141259994039e+00 3.312783527399906086e-02 -3.138548769353760072e-03 9.994461979097235549e-01 8.746696679181209788e+01
9.993889069851058515e-01 7.336876326523649253e-03 -3.417578204101223011e-02 -2.803434390309973434e+00 -7.178996627331886080e-03 9.999629970847218052e-01 4.740071184092795910e-03 -2.175029584948892758e+00 3.420929796378786858e-02 -4.491826812789249078e-03 9.994045959301727233e-01 8.844807602655117762e+01
9.993303097974821636e-01 6.554461056544147977e-03 -3.599951575487744804e-02 -2.843964218716771075e+00 -6.377462169769533909e-03 9.999670197717774878e-01 5.029343238391483124e-03 -2.197374246606595527e+00 3.603129625506419631e-02 -4.796389668716236759e-03 9.993391504307406192e-01 8.940810986484994771e+01
9.992153828506328272e-01 5.783930362943250601e-03 -3.918117881415865422e-02 -2.884646400019045487e+00 -5.621017429862300123e-03 9.999750974831600470e-01 4.266835441409778593e-03 -2.221817730856106454e+00 3.920488602088288005e-02 -4.043249669187867941e-03 9.992230096662073624e-01 9.033500732059127358e+01
9.990773910705637029e-01 5.493915207789790839e-03 -4.259322400448856127e-02 -2.934650858484544322e+00 -5.355033638242462715e-03 9.999799667201082487e-01 3.374070410920180976e-03 -2.241788260004111688e+00 4.261091079230455020e-02 -3.142869467893041110e-03 9.990868022093283285e-01 9.123474242042847493e+01
9.987748304892656304e-01 5.852060069073895116e-03 -4.913846161970891052e-02 -3.026829975906948800e+00 -5.616875819808254608e-03 9.999721034364181804e-01 4.922886701388570936e-03 -2.281163483751909471e+00 4.916590428352849568e-02 -4.640850936951630180e-03 9.987798460743165796e-01 9.298518442752634883e+01
9.986316622725015524e-01 7.283764827312222065e-03 -5.178559030133499802e-02 -3.078962025019341908e+00 -6.983502558373493214e-03 9.999577528684172600e-01 5.976773014959826241e-03 -2.301262954660476368e+00 5.182694001435503295e-02 -5.606950126387995857e-03 9.986403448590812637e-01 9.383536913469535534e+01
9.984678230247681086e-01 8.233934244285636903e-03 -5.471932360736718459e-02 -3.134405019979552787e+00 -7.832967731132470246e-03 9.999409112506402186e-01 7.538138486841993585e-03 -2.322905656224006243e+00 5.477816317063780027e-02 -7.097974132901047756e-03 9.984733157245918589e-01 9.464445156197109554e+01
9.983240972022011661e-01 9.654185320346482871e-03 -5.705963344941896581e-02 -3.185990995774782508e+00 -9.192064663919665563e-03 9.999228430824224079e-01 8.355842377978244667e-03 -2.337337134599995814e+00 5.713590407415215094e-02 -7.817343028264089888e-03 9.983357997153767815e-01 9.542450806297387089e+01
9.981437847636631666e-01 1.172156623275152909e-02 -5.976285857068707602e-02 -3.241944207177713810e+00 -1.120912303794651017e-02 9.998975423576665911e-01 8.902676355577926470e-03 -2.354564003800312388e+00 5.986109377469474996e-02 -8.216262013589105753e-03 9.981729028786706648e-01 9.618504942887516052e+01
9.979364925947296072e-01 1.307095309722577578e-02 -6.286415622375587930e-02 -3.299634244658761872e+00 -1.259879790822784548e-02 9.998894147082959538e-01 7.901289693902498537e-03 -2.370794592497696307e+00 6.296048721679639582e-02 -7.092972678988008518e-03 9.979908126969747606e-01 9.691814813793510552e+01
9.978018176196515876e-01 1.497055254685407920e-02 -6.455544459723060180e-02 -3.349929685708454397e+00 -1.472450534059620807e-02 9.998824010748733615e-01 4.285537325699475056e-03 -2.390944853395436276e+00 6.461201559052112686e-02 -3.325570158447067014e-03 9.979049213054752565e-01 9.760660010207800497e+01
9.975702664797272412e-01 1.695781536993182931e-02 -6.757217490803139881e-02 -3.409209470392236874e+00 -1.695537786920233228e-02 9.998560565203075123e-01 6.096369047824090311e-04 -2.406017535036405253e+00 6.757279232837358485e-02 5.375559087765440338e-04 9.977142069999652696e-01 9.827774412278456850e+01
9.974111106132734772e-01 1.935973011899912166e-02 -6.925517081520757290e-02 -3.463308129973175831e+00 -1.956294577981475963e-02 9.998060819585381509e-01 -2.257192455100939452e-03 -2.422414924217584087e+00 6.919804746446001076e-02 3.606184031764516924e-03 9.975964274281885480e-01 9.890385021978207192e+01
9.972814130025433599e-01 2.096948378638792410e-02 -7.064043190654113735e-02 -3.516905072782703368e+00 -2.122994096229565211e-02 9.997703049295720845e-01 -2.938215891533198492e-03 -2.442650577351786811e+00 7.056259907799501685e-02 4.429920386065264344e-03 9.974975120678849505e-01 9.951231146438641417e+01
9.973139740500717165e-01 2.306266158624945689e-02 -6.951948497435696261e-02 -3.564083607328635050e+00 -2.329787298985260338e-02 9.997252554765267973e-01 -2.574344821700414419e-03 -2.459452450933949041e+00 6.944101989906607819e-02 4.187086211917945451e-03 9.975772704734018337e-01 1.000916938835437975e+02
9.974293641374833985e-01 2.643593739836567688e-02 -6.660182733095580676e-02 -3.606085628366742402e+00 -2.656912067266894301e-02 9.996463594785117701e-01 -1.114538232169989167e-03 -2.477521489207862970e+00 6.654881509342036594e-02 2.881225121170263338e-03 9.977790063840051848e-01 1.006556740179560876e+02
9.976782006403479564e-01 2.979583317821785440e-02 -6.124068492575290845e-02 -3.647561329940710806e+00 -2.982130952820281553e-02 9.995551264925411905e-01 4.981914243700051072e-04 -2.494245428336598458e+00 6.122828920945751208e-02 1.329242700119865088e-03 9.981229028671111392e-01 1.011900791382652187e+02
9.980892310170783599e-01 3.049756240063328239e-02 -5.373810297726813040e-02 -3.672692061176793032e+00 -3.041896148655505103e-02 9.995346338479127457e-01 2.280211059196574595e-03 -2.505569202753686664e+00 5.378264086783217379e-02 -6.411970225791004075e-04 9.985524651350091707e-01 1.017033254338975183e+02
9.985726615843858456e-01 3.013431317089628261e-02 -4.409728875609948001e-02 -3.696814273778530335e+00 -2.994870625266413469e-02 9.995396019511315622e-01 4.863841411096127450e-03 -2.519203601542890247e+00 4.422355958869655934e-02 -3.536242374903390655e-03 9.990153964644831186e-01 1.021984184444205113e+02
9.990497355670363566e-01 2.949009720413445917e-02 -3.209288308823427666e-02 -3.706085984146012535e+00 -2.931111960194685354e-02 9.995521308958302820e-01 6.033280895687800210e-03 -2.532155672011278558e+00 3.225643422586987191e-02 -5.086869515979411047e-03 9.994666835371337488e-01 1.026721878392043550e+02
9.994017796863818859e-01 2.879323825360522240e-02 -1.915787663687979273e-02 -3.708311128808098101e+00 -2.868233239718049818e-02 9.995703381092718720e-01 6.039010740870010344e-03 -2.543097651235465939e+00 1.932353011226909875e-02 -5.485905545699206430e-03 9.997982322043464931e-01 1.031164945134536737e+02
9.996032323123952290e-01 2.793291250858319710e-02 -3.623750075183737509e-03 -3.703776386309830304e+00 -2.791350731415533776e-02 9.995962890015054336e-01 5.299923362517821972e-03 -2.553477437557750473e+00 3.770329707914236560e-03 -5.196669082105357350e-03 9.999793886860994796e-01 1.035581950812685648e+02
9.995498894398440193e-01 2.659017158293269789e-02 1.389201090804614326e-02 -3.683270019263851669e+00 -2.662559826368330121e-02 9.996426621517953137e-01 2.371269790659905237e-03 -2.569105483622167174e+00 -1.382399536828265822e-02 -2.740085614789053610e-03 9.999006884083611046e-01 1.039664165640298847e+02
9.990508441134513529e-01 2.608607566528779384e-02 3.488444878492018980e-02 -3.658196539893349364e+00 -2.602672565300783933e-02 9.996589269248349341e-01 -2.154458818989905128e-03 -2.579721375146702300e+00 -3.492875472052445890e-02 1.244485938539972988e-03 9.993890289617139988e-01 1.043763609972558015e+02
9.979283209754951089e-01 2.471590958012290576e-02 5.939861953765061819e-02 -3.616270245960416574e+00 -2.434454519687322474e-02 9.996793445869706085e-01 -6.967756290857412237e-03 -2.595413048580475834e+00 -5.955179171348257139e-02 5.507289096076606154e-03 9.982100244375344822e-01 1.047843130174987891e+02
9.960365073683353776e-01 2.174668337758813713e-02 8.624591816056970117e-02 -3.560598931218895480e+00 -2.097660262763392444e-02 9.997316906044890761e-01 -9.825254496363238985e-03 -2.606617615718223480e+00 -8.643645108129779930e-02 7.977166045142102674e-03 9.962254320271758390e-01 1.051727222574390765e+02
9.930202346966906513e-01 1.925993064504721505e-02 1.163609103966030123e-01 -3.491363430889187658e+00 -1.803769103152758069e-02 9.997706177652915249e-01 -1.154788089768946091e-02 -2.616173975723969036e+00 -1.165566391933706980e-01 9.368397521520768073e-03 9.931398575380182558e-01 1.055664306414883384e+02
9.888084470797422476e-01 1.658179572991416717e-02 1.482662811177232476e-01 -3.406323309582693692e+00 -1.479058656614259254e-02 9.998038048927589960e-01 -1.317552485571543003e-02 -2.629284622703467633e+00 -1.484556868241669880e-01 1.083512528809358819e-02 9.888596980274989567e-01 1.059296814201739636e+02
9.827881784194263393e-01 1.448852755058749504e-02 1.841669825616680800e-01 -3.310125089302565549e+00 -1.196222423146167495e-02 9.998186066766943103e-01 -1.482115597759171496e-02 -2.643252575676481531e+00 -1.843483238423019865e-01 1.236301089956070610e-02 9.827832149038798759e-01 1.063124207624701967e+02
9.749617298939530219e-01 1.028440839045896733e-02 2.221347623159348750e-01 -3.186126552167320991e+00 -7.022640816633113695e-03 9.998556953690045379e-01 -1.546862112010178800e-02 -2.658148974127699571e+00 -2.222618099402539349e-01 1.352134137724159829e-02 9.748932547370429136e-01 1.066606392664925522e+02
9.649426210590807962e-01 8.221112828441115225e-03 2.623321364892971519e-01 -3.058327156222076404e+00 -4.128198389610102451e-03 9.998610672415618739e-01 -1.614936120896061367e-02 -2.675918099608161516e+00 -2.624284790066765960e-01 1.450024850823617394e-02 9.648424916993577627e-01 1.070240994252543345e+02
9.528787645892756730e-01 8.546647118801667387e-03 3.032309282273941142e-01 -2.915868358486120027e+00 -3.468840354807237788e-03 9.998446670350270571e-01 -1.728034596519473914e-02 -2.693428066172784963e+00 -3.033315473667809736e-01 1.541421579672478011e-02 9.527603983756975925e-01 1.073454711203062146e+02
9.377213124356246210e-01 1.052557297686588546e-02 3.472289637396314133e-01 -2.762789523331480090e+00 -4.629127416411539173e-03 9.998307374461625763e-01 -1.780658067346739190e-02 -2.704212488418340055e+00 -3.473576410887037613e-01 1.509024389967794470e-02 9.376113101182131926e-01 1.076780829027994884e+02
9.197989241803641303e-01 1.004921177279615753e-02 3.922613152118150648e-01 -2.591885439888204079e+00 -3.741839143040428736e-03 9.998511825927696162e-01 -1.684075464704003905e-02 -2.719180972636371596e+00 -3.923722128092510530e-01 1.402232982236289310e-02 9.196996432268663701e-01 1.080042449566531104e+02
8.999400510933706077e-01 9.468423781180571736e-03 4.359108159567191554e-01 -2.407233660200522873e+00 -2.843470891398337374e-03 9.998703761173619586e-01 -1.584783589619683658e-02 -2.724098951576662486e+00 -4.360043967763130857e-01 1.302260310491499748e-02 8.998503127892676368e-01 1.082938521484431931e+02
8.767630740678814538e-01 7.799605217508265992e-03 4.808592999012094582e-01 -2.197913409851945055e+00 -5.085798561894752586e-05 9.998699822999815856e-01 -1.612529964822422349e-02 -2.741913810080765845e+00 -4.809225888648319125e-01 1.411361253268812212e-02 8.766494636321371381e-01 1.085946817847429315e+02
8.520074344634154251e-01 8.010829758608176837e-03 5.234683815027124654e-01 -1.983840732342742053e+00 1.692583496898212789e-03 9.998355449940575790e-01 -1.805573315808588902e-02 -2.760241151658513470e+00 -5.235269809825429110e-01 1.626963368173185362e-02 8.518537605425271497e-01 1.088521873257515722e+02
