0.000000e+00 -1.000000e+00 0.000000e+00 0.000000e+00 0.000000e+00 0.000000e+00 -1.000000e+00 0.000000e+00 1.000000e+00 0.000000e+00 0.000000e+00 0.000000e+00
-3.102459e-03 -9.999933e-01 1.956119e-03 2.443310e-03 -9.363324e-04 -1.953222e-03 -9.999977e-01 -1.031574e-03 9.999948e-01 -3.104284e-03 -9.302663e-04 5.094109e-01
-7.266855e-03 -9.999729e-01 1.197490e-03 -6.699928e-03 -2.151091e-03 -1.181887e-03 -9.999970e-01 1.757036e-04 9.999713e-01 -7.269409e-03 -2.142444e-03 1.191684e+00
-1.170599e-02 -9.999308e-01 1.170638e-03 -1.850438e-02 -4.125694e-03 -1.122410e-03 -9.999909e-01 -1.667788e-02 9.999230e-01 -1.171071e-02 -4.112269e-03 2.110676e+00
-1.663033e-02 -9.998617e-01 1.080537e-04 -3.688753e-02 -4.989115e-03 -2.508519e-05 -9.999875e-01 -1.750861e-02 9.998493e-01 -1.663067e-02 -4.988008e-03 2.853045e+00
-2.019023e-02 -9.997961e-01 -3.001527e-04 -5.341028e-02 -5.402367e-03 4.093068e-04 -9.999853e-01 -3.325011e-02 9.997815e-01 -2.018831e-02 -5.409529e-03 3.601929e+00
-2.464264e-02 -9.996963e-01 3.112368e-05 -8.843444e-02 -6.018104e-03 1.172145e-04 -9.999819e-01 -4.090232e-02 9.996782e-01 -2.464238e-02 -6.019165e-03 4.365694e+00
-2.933259e-02 -9.995667e-01 -2.447883e-03 -1.293962e-01 -6.340023e-03 2.634936e-03 -9.999765e-01 -4.831344e-02 9.995496e-01 -2.931638e-02 -6.414566e-03 5.149827e+00
-3.373013e-02 -9.994184e-01 -5.016842e-03 -1.597401e-01 -5.575150e-03 5.207776e-03 -9.999709e-01 -5.573668e-02 9.994154e-01 -3.370118e-02 -5.747566e-03 5.944501e+00
-3.775537e-02 -9.992726e-01 -5.362883e-03 -1.957570e-01 -3.073667e-03 5.482812e-03 -9.999803e-01 -6.574207e-02 9.992823e-01 -3.773814e-02 -3.278437e-03 6.751519e+00
-4.196529e-02 -9.991059e-01 -5.138488e-03 -2.299989e-01 -9.104856e-04 5.181258e-03 -9.999862e-01 -7.778497e-02 9.991186e-01 -4.196003e-02 -1.127105e-03 7.574337e+00
-4.446170e-02 -9.989951e-01 -5.661889e-03 -2.755145e-01 -8.537214e-04 5.705487e-03 -9.999834e-01 -8.167823e-02 9.990107e-01 -4.445613e-02 -1.106539e-03 8.401921e+00
-4.597885e-02 -9.989327e-01 -4.398305e-03 -3.248199e-01 -1.427936e-03 4.468681e-03 -9.999890e-01 -7.882751e-02 9.989414e-01 -4.597206e-02 -1.631877e-03 9.219622e+00
-4.689462e-02 -9.988964e-01 -2.633889e-03 -3.651031e-01 -1.701125e-03 2.716648e-03 -9.999949e-01 -9.416163e-02 9.988984e-01 -4.688990e-02 -1.826644e-03 1.003939e+01
-4.918807e-02 -9.987872e-01 -2.167598e-03 -4.077687e-01 -8.684400e-04 2.212992e-03 -9.999972e-01 -9.339128e-02 9.987891e-01 -4.918605e-02 -9.762396e-04 1.087186e+01
-5.170384e-02 -9.986624e-01 -4.532341e-04 -4.526089e-01 -1.323237e-03 5.223489e-04 -9.999990e-01 -1.058014e-01 9.986616e-01 -5.170319e-02 -1.348475e-03 1.173576e+01
-5.434409e-02 -9.985194e-01 -2.376745e-03 -4.923746e-01 -3.452829e-03 2.568167e-03 -9.999908e-01 -1.155957e-01 9.985163e-01 -5.433538e-02 -3.587282e-03 1.261784e+01
-5.529026e-02 -9.984679e-01 -2.213336e-03 -5.540614e-01 -4.804243e-03 2.482736e-03 -9.999854e-01 -1.170811e-01 9.984587e-01 -5.527882e-02 -4.934154e-03 1.349244e+01
-5.582661e-02 -9.984311e-01 -4.325551e-03 -6.130277e-01 -6.001752e-03 4.667806e-03 -9.999711e-01 -1.213199e-01 9.984224e-01 -5.579903e-02 -6.252924e-03 1.438325e+01
-5.794173e-02 -9.982993e-01 -6.424345e-03 -6.682553e-01 -6.303420e-03 6.800866e-03 -9.999570e-01 -1.335412e-01 9.983001e-01 -5.789874e-02 -6.686753e-03 1.523438e+01
-5.953273e-02 -9.982035e-01 -6.758359e-03 -7.232465e-01 -5.261424e-03 7.084049e-03 -9.999611e-01 -1.489401e-01 9.982125e-01 -5.949486e-02 -5.673704e-03 1.614271e+01
-6.117662e-02 -9.981010e-01 -7.200917e-03 -7.808245e-01 -4.107377e-03 7.466109e-03 -9.999637e-01 -1.601098e-01 9.981185e-01 -6.114483e-02 -4.556329e-03 1.705731e+01
-6.189762e-02 -9.980529e-01 -7.685138e-03 -8.435265e-01 -3.441403e-03 7.913275e-03 -9.999627e-01 -1.717375e-01 9.980766e-01 -6.186887e-02 -3.924516e-03 1.795871e+01
-6.276012e-02 -9.980081e-01 -6.410780e-03 -9.008300e-01 -4.732392e-03 6.720957e-03 -9.999662e-01 -1.761277e-01 9.980174e-01 -6.272766e-02 -5.144774e-03 1.884360e+01
-6.378161e-02 -9.979481e-01 -5.618830e-03 -9.596744e-01 -5.275813e-03 5.967396e-03 -9.999683e-01 -1.888293e-01 9.979500e-01 -6.374995e-02 -5.645598e-03 1.974363e+01
-6.404178e-02 -9.979337e-01 -5.185900e-03 -1.024539e+00 -3.020259e-03 5.390361e-03 -9.999809e-01 -1.994292e-01 9.979426e-01 -6.402489e-02 -3.359227e-03 2.067447e+01
-6.390444e-02 -9.979299e-01 -7.213136e-03 -1.098588e+00 1.632344e-04 7.217457e-03 -9.999740e-01 -2.093211e-01 9.979560e-01 -6.390396e-02 -2.983310e-04 2.162962e+01
-6.383357e-02 -9.979274e-01 -8.129072e-03 -1.169323e+00 3.017172e-03 7.952663e-03 -9.999638e-01 -2.182011e-01 9.979560e-01 -6.385579e-02 2.503272e-03 2.256347e+01
-6.227015e-02 -9.980399e-01 -6.232046e-03 -1.220771e+00 5.657861e-03 5.891070e-03 -9.999666e-01 -2.151867e-01 9.980433e-01 -6.230333e-02 5.279933e-03 2.349937e+01
-5.940806e-02 -9.982206e-01 -5.126472e-03 -1.277285e+00 6.974076e-03 4.720374e-03 -9.999645e-01 -2.075360e-01 9.982094e-01 -5.944171e-02 6.681238e-03 2.445194e+01
-5.818864e-02 -9.982755e-01 -7.751344e-03 -1.338874e+00 4.635693e-03 7.494222e-03 -9.999612e-01 -2.126932e-01 9.982948e-01 -5.822231e-02 4.191620e-03 2.541140e+01
-5.677315e-02 -9.983596e-01 -7.409270e-03 -1.408388e+00 1.441887e-04 7.413041e-03 -9.999725e-01 -2.183698e-01 9.983871e-01 -5.677266e-02 -2.769095e-04 2.637464e+01
-5.543335e-02 -9.984413e-01 -6.490514e-03 -1.460906e+00 -2.599403e-03 6.644799e-03 -9.999745e-01 -2.210357e-01 9.984590e-01 -5.541507e-02 -2.963695e-03 2.730806e+01
-5.552308e-02 -9.984387e-01 -6.115114e-03 -1.527158e+00 -1.216084e-03 6.192181e-03 -9.999801e-01 -2.347526e-01 9.984567e-01 -5.551453e-02 -1.557994e-03 2.829423e+01
-5.540673e-02 -9.984511e-01 -5.048556e-03 -1.588982e+00 4.003879e-03 4.834102e-03 -9.999803e-01 -2.411625e-01 9.984558e-01 -5.542585e-02 3.729835e-03 2.927255e+01
-5.655193e-02 -9.983996e-01 2.981864e-04 -1.637366e+00 6.354982e-03 -6.586208e-04 -9.999796e-01 -2.377425e-01 9.983794e-01 -5.654888e-02 6.382058e-03 3.025464e+01
-5.702070e-02 -9.983524e-01 6.408119e-03 -1.689622e+00 7.068113e-03 -6.822078e-03 -9.999517e-01 -2.495750e-01 9.983480e-01 -5.697266e-02 7.445467e-03 3.123507e+01
-5.800730e-02 -9.982705e-01 9.552155e-03 -1.745585e+00 3.514332e-03 -9.772399e-03 -9.999461e-01 -2.400517e-01 9.983100e-01 -5.797060e-02 4.075124e-03 3.221547e+01
-6.022669e-02 -9.981552e-01 7.679245e-03 -1.807674e+00 3.090457e-04 -7.711856e-03 -9.999702e-01 -2.502478e-01 9.981847e-01 -6.022253e-02 7.729352e-04 3.320071e+01
-6.172868e-02 -9.980695e-01 6.844886e-03 -1.878996e+00 -4.463024e-04 -6.830362e-03 -9.999766e-01 -2.515845e-01 9.980929e-01 -6.173029e-02 -2.381158e-05 3.419763e+01
-6.240227e-02 -9.980329e-01 6.030406e-03 -1.945290e+00 6.942656e-04 -6.085588e-03 -9.999812e-01 -2.736391e-01 9.980508e-01 -6.239691e-02 1.072654e-03 3.521780e+01
-6.423273e-02 -9.979285e-01 3.588777e-03 -2.018470e+00 2.774509e-03 -3.774771e-03 -9.999890e-01 -2.741753e-01 9.979311e-01 -6.422207e-02 3.011225e-03 3.623328e+01
-6.497701e-02 -9.978825e-01 2.896472e-03 -2.090681e+00 4.006950e-03 -3.163493e-03 -9.999869e-01 -2.807010e-01 9.978787e-01 -6.496456e-02 4.204019e-03 3.724588e+01
-6.621220e-02 -9.978021e-01 2.622883e-03 -2.162665e+00 5.882247e-03 -3.018937e-03 -9.999781e-01 -2.769042e-01 9.977883e-01 -6.619532e-02 6.069208e-03 3.825920e+01
-6.645899e-02 -9.977767e-01 4.987902e-03 -2.230665e+00 9.365835e-03 -5.622549e-03 -9.999403e-01 -2.875979e-01 9.977452e-01 -6.640831e-02 9.718681e-03 3.925581e+01
-6.661928e-02 -9.977783e-01 -5.570046e-04 -2.315327e+00 1.180748e-02 -2.301515e-04 -9.999303e-01 -2.757839e-01 9.977086e-01 -6.662121e-02 1.179658e-02 4.022276e+01
-6.648099e-02 -9.977859e-01 -1.906372e-03 -2.377616e+00 1.123678e-02 1.161790e-03 -9.999362e-01 -2.734087e-01 9.977244e-01 -6.649818e-02 1.113467e-02 4.122079e+01
-6.668154e-02 -9.977729e-01 -1.678031e-03 -2.454429e+00 1.043249e-02 9.844776e-04 -9.999451e-01 -2.750971e-01 9.977198e-01 -6.669538e-02 1.034361e-02 4.221241e+01
-6.586128e-02 -9.978130e-01 -5.616702e-03 -2.530118e+00 9.014703e-03 5.033691e-03 -9.999467e-01 -2.866578e-01 9.977881e-01 -6.590840e-02 8.663462e-03 4.322655e+01
-6.729226e-02 -9.977037e-01 -7.686016e-03 -2.598348e+00 9.858761e-03 7.038195e-03 -9.999266e-01 -2.991871e-01 9.976846e-01 -6.736309e-02 9.362507e-03 4.420897e+01
-6.937612e-02 -9.975727e-01 -5.971520e-03 -2.663808e+00 1.031860e-02 5.268042e-03 -9.999329e-01 -2.964968e-01 9.975372e-01 -6.943308e-02 9.928074e-03 4.521008e+01
-6.940563e-02 -9.975839e-01 -3.040750e-03 -2.743522e+00 1.089179e-02 2.290143e-03 -9.999381e-01 -2.809707e-01 9.975291e-01 -6.943445e-02 1.070653e-02 4.618852e+01
-6.991753e-02 -9.975394e-01 -5.168992e-03 -2.820097e+00 8.026658e-03 4.618932e-03 -9.999571e-01 -2.895087e-01 9.975205e-01 -6.995602e-02 7.683963e-03 4.717374e+01
-7.026323e-02 -9.975070e-01 -6.548078e-03 -2.898656e+00 4.378841e-03 6.255811e-03 -9.999709e-01 -2.829299e-01 9.975189e-01 -7.028985e-02 3.928371e-03 4.815627e+01
-7.114105e-02 -9.974542e-01 -4.898946e-03 -2.961661e+00 3.627524e-03 4.652640e-03 -9.999826e-01 -2.919469e-01 9.974597e-01 -7.115758e-02 3.287295e-03 4.909163e+01
-7.244317e-02 -9.973454e-01 -7.360369e-03 -3.035252e+00 5.849729e-03 6.954755e-03 -9.999587e-01 -2.974919e-01 9.973554e-01 -7.248323e-02 5.330375e-03 5.007368e+01
-7.164817e-02 -9.974156e-01 -5.358376e-03 -3.119189e+00 8.285924e-03 4.776805e-03 -9.999543e-01 -3.082507e-01 9.973956e-01 -7.168929e-02 7.922260e-03 5.106316e+01
-7.233085e-02 -9.973710e-01 -4.405126e-03 -3.190094e+00 8.527186e-03 3.798141e-03 -9.999564e-01 -3.020441e-01 9.973443e-01 -7.236525e-02 8.230045e-03 5.204509e+01
-7.256642e-02 -9.973632e-01 -9.275600e-04 -3.252298e+00 8.899234e-03 2.824825e-04 -9.999604e-01 -3.028649e-01 9.973239e-01 -7.257180e-02 8.855269e-03 5.300489e+01
-7.299651e-02 -9.973315e-01 1.184525e-03 -3.318094e+00 7.455313e-03 -1.733328e-03 -9.999707e-01 -3.072742e-01 9.973043e-01 -7.298554e-02 7.561945e-03 5.397892e+01
-7.312880e-02 -9.973192e-01 2.578205e-03 -3.389881e+00 9.249163e-03 -3.263210e-03 -9.999519e-01 -3.221926e-01 9.972796e-01 -7.310144e-02 9.463002e-03 5.492546e+01
-7.413816e-02 -9.972324e-01 5.578395e-03 -3.455357e+00 1.302001e-02 -6.561241e-03 -9.998937e-01 -3.210610e-01 9.971630e-01 -7.405765e-02 1.347042e-02 5.590575e+01
-7.542786e-02 -9.971272e-01 6.918791e-03 -3.524012e+00 1.747238e-02 -8.259129e-03 -9.998133e-01 -3.230405e-01 9.969982e-01 -7.529289e-02 1.804515e-02 5.686337e+01
-7.643262e-02 -9.970462e-01 7.537411e-03 -3.605291e+00 1.884556e-02 -9.002774e-03 -9.997818e-01 -2.983207e-01 9.968966e-01 -7.627391e-02 1.947800e-02 5.780439e+01
-7.617707e-02 -9.970491e-01 9.494782e-03 -3.681509e+00 1.556740e-02 -1.071057e-02 -9.998214e-01 -2.967112e-01 9.969728e-01 -7.601566e-02 1.633736e-02 5.875319e+01
-7.802364e-02 -9.969355e-01 5.645352e-03 -3.757906e+00 1.030975e-02 -6.469163e-03 -9.999259e-01 -3.017353e-01 9.968982e-01 -7.795966e-02 1.078291e-02 5.965623e+01
-7.909834e-02 -9.968598e-01 3.745733e-03 -3.839223e+00 5.341629e-03 -4.181291e-03 -9.999770e-01 -3.044618e-01 9.968525e-01 -7.907651e-02 5.655589e-03 6.058484e+01
-7.927138e-02 -9.968514e-01 -1.848290e-03 -3.923509e+00 5.227364e-03 1.438412e-03 -9.999853e-01 -3.055836e-01 9.968393e-01 -7.927987e-02 5.096880e-03 6.149892e+01
-8.093477e-02 -9.967114e-01 -3.977987e-03 -4.001767e+00 7.298716e-03 3.398313e-03 -9.999676e-01 -3.154673e-01 9.966927e-01 -8.096118e-02 6.999672e-03 6.240990e+01
-8.299642e-02 -9.965334e-01 -5.727245e-03 -4.086768e+00 8.801257e-03 5.013860e-03 -9.999487e-01 -3.193830e-01 9.965110e-01 -8.304257e-02 8.354614e-03 6.327906e+01
-8.279790e-02 -9.965500e-01 -5.709581e-03 -4.164635e+00 8.854371e-03 4.993389e-03 -9.999483e-01 -3.182174e-01 9.965270e-01 -8.284418e-02 8.410382e-03 6.413818e+01
-8.491835e-02 -9.963607e-01 -7.362073e-03 -4.237411e+00 9.538988e-03 6.575474e-03 -9.999329e-01 -3.201710e-01 9.963422e-01 -8.498288e-02 8.945894e-03 6.500384e+01
-8.581169e-02 -9.962888e-01 -6.704261e-03 -4.309052e+00 1.042184e-02 5.831107e-03 -9.999287e-01 -3.209960e-01 9.962569e-01 -8.587544e-02 9.882784e-03 6.586420e+01
-8.780959e-02 -9.960936e-01 -9.331689e-03 -4.386200e+00 1.109852e-02 8.389001e-03 -9.999032e-01 -3.286355e-01 9.960755e-01 -8.790466e-02 1.031853e-02 6.668199e+01
-8.925619e-02 -9.959611e-01 -9.738632e-03 -4.461583e+00 1.197841e-02 8.703570e-03 -9.998904e-01 -3.310407e-01 9.959367e-01 -8.936306e-02 1.115319e-02 6.750301e+01
-9.016478e-02 -9.958665e-01 -1.096090e-02 -4.551400e+00 1.473102e-02 9.670950e-03 -9.998447e-01 -3.400964e-01 9.958179e-01 -9.031224e-02 1.379815e-02 6.829446e+01
-9.231833e-02 -9.956582e-01 -1.191681e-02 -4.637145e+00 1.801769e-02 1.029558e-02 -9.997846e-01 -3.354467e-01 9.955665e-01 -9.251317e-02 1.698899e-02 6.910186e+01
-9.413163e-02 -9.954725e-01 -1.318359e-02 -4.715105e+00 1.955228e-02 1.139130e-02 -9.997439e-01 -3.208614e-01 9.953678e-01 -9.436531e-02 1.839148e-02 6.985930e+01
-9.526709e-02 -9.953323e-01 -1.541917e-02 -4.798911e+00 1.561071e-02 1.399391e-02 -9.997802e-01 -3.247546e-01 9.953293e-01 -9.548686e-02 1.420468e-02 7.062423e+01
-9.527139e-02 -9.953231e-01 -1.597481e-02 -4.867571e+00 9.021378e-03 1.518385e-02 -9.998440e-01 -3.203689e-01 9.954104e-01 -9.540064e-02 7.532600e-03 7.133281e+01
-9.596043e-02 -9.952640e-01 -1.552828e-02 -4.936870e+00 3.429339e-03 1.526961e-02 -9.998775e-01 -3.277838e-01 9.953793e-01 -9.600193e-02 1.947819e-03 7.205581e+01
-9.664830e-02 -9.951696e-01 -1.722320e-02 -5.007047e+00 2.503758e-03 1.706107e-02 -9.998513e-01 -3.300285e-01 9.953154e-01 -9.667705e-02 8.427404e-04 7.274815e+01
-9.793716e-02 -9.949427e-01 -2.229880e-02 -5.079191e+00 5.904523e-03 2.182520e-02 -9.997444e-01 -3.456008e-01 9.951751e-01 -9.804378e-02 3.737164e-03 7.342198e+01
-9.891628e-02 -9.948447e-01 -2.235370e-02 -5.150084e+00 7.773866e-03 2.169063e-02 -9.997345e-01 -3.526467e-01 9.950654e-01 -9.906379e-02 5.588233e-03 7.409834e+01
-1.008495e-01 -9.946635e-01 -2.176824e-02 -5.214413e+00 5.046502e-03 2.136809e-02 -9.997590e-01 -3.621539e-01 9.948889e-01 -1.009351e-01 2.864610e-03 7.472897e+01
-1.003885e-01 -9.948568e-01 -1.349631e-02 -5.266460e+00 5.360506e-04 1.351076e-02 -9.999086e-01 -3.711697e-01 9.949481e-01 -1.003866e-01 -8.230310e-04 7.534693e+01
-9.941932e-02 -9.950054e-01 -8.945548e-03 -5.322320e+00 -4.137882e-03 9.403427e-03 -9.999472e-01 -3.819050e-01 9.950370e-01 -9.937706e-02 -5.052097e-03 7.595636e+01
-9.623120e-02 -9.953194e-01 -8.883555e-03 -5.383001e+00 -4.162312e-03 9.327294e-03 -9.999478e-01 -3.890979e-01 9.953503e-01 -9.618920e-02 -5.040406e-03 7.651322e+01
-9.292065e-02 -9.955831e-01 -1.342207e-02 -5.447799e+00 -1.856683e-03 1.365362e-02 -9.999050e-01 -3.889759e-01 9.956718e-01 -9.288691e-02 -3.117186e-03 7.710594e+01
-8.853139e-02 -9.959850e-01 -1.327266e-02 -5.518760e+00 1.067597e-03 1.323009e-02 -9.999119e-01 -3.942257e-01 9.960728e-01 -8.853776e-02 -1.079682e-04 7.767628e+01
-8.311331e-02 -9.964640e-01 -1.231728e-02 -5.560960e+00 4.886170e-03 1.195242e-02 -9.999166e-01 -4.024630e-01 9.965281e-01 -8.316657e-02 3.875488e-03 7.822969e+01
-7.541249e-02 -9.971107e-01 -9.116168e-03 -5.599929e+00 8.174216e-03 8.523721e-03 -9.999303e-01 -4.132200e-01 9.971189e-01 -7.548175e-02 7.507804e-03 7.878162e+01
-6.474159e-02 -9.978428e-01 -1.087394e-02 -5.633867e+00 8.905068e-03 1.031866e-02 -9.999071e-01 -4.179266e-01 9.978623e-01 -6.483241e-02 8.217812e-03 7.926036e+01
-4.899291e-02 -9.987069e-01 -1.357414e-02 -5.663911e+00 9.741284e-03 1.311203e-02 -9.998666e-01 -4.225246e-01 9.987516e-01 -4.911860e-02 9.086291e-03 7.973789e+01
-3.050163e-02 -9.993663e-01 -1.834597e-02 -5.682306e+00 1.006234e-02 1.804657e-02 -9.997865e-01 -4.194056e-01 9.994841e-01 -3.067972e-02 9.505511e-03 8.022935e+01
-9.309703e-03 -9.997848e-01 -1.854040e-02 -5.688993e+00 9.968025e-03 1.844750e-02 -9.997801e-01 -4.132963e-01 9.999070e-01 -9.492468e-03 9.794138e-03 8.070189e+01
1.651325e-02 -9.997639e-01 -1.412369e-02 -5.667824e+00 1.113050e-02 1.430855e-02 -9.998357e-01 -4.217046e-01 9.998017e-01 1.635333e-02 1.136416e-02 8.118929e+01
4.591224e-02 -9.988557e-01 -1.339237e-02 -5.634326e+00 1.353231e-02 1.402718e-02 -9.998100e-01 -4.298714e-01 9.988538e-01 4.572228e-02 1.416084e-02 8.163726e+01
7.926656e-02 -9.967782e-01 -1.224320e-02 -5.577641e+00 1.429017e-02 1.341681e-02 -9.998079e-01 -4.292081e-01 9.967510e-01 7.907637e-02 1.530764e-02 8.208022e+01
1.159237e-01 -9.931862e-01 -1.195236e-02 -5.518586e+00 1.443628e-02 1.371696e-02 -9.998017e-01 -4.284215e-01 9.931532e-01 1.157281e-01 1.592804e-02 8.254134e+01
1.579065e-01 -9.873813e-01 -1.198865e-02 -5.439700e+00 1.489941e-02 1.452202e-02 -9.997835e-01 -4.287863e-01 9.873416e-01 1.576937e-01 1.700452e-02 8.296571e+01
2.031422e-01 -9.790753e-01 -1.203118e-02 -5.333789e+00 1.456350e-02 1.530725e-02 -9.997768e-01 -4.282802e-01 9.790409e-01 2.029216e-01 1.736831e-02 8.339227e+01
2.525277e-01 -9.674940e-01 -1.360463e-02 -5.223121e+00 1.364107e-02 1.761872e-02 -9.997517e-01 -4.314140e-01 9.674935e-01 2.522794e-01 1.764686e-02 8.381239e+01
3.043740e-01 -9.524459e-01 -1.425909e-02 -5.087276e+00 1.174088e-02 1.871941e-02 -9.997559e-01 -4.357560e-01 9.524803e-01 3.041323e-01 1.688026e-02 8.419736e+01
3.596660e-01 -9.329761e-01 -1.399594e-02 -4.902572e+00 9.862966e-03 1.880022e-02 -9.997746e-01 -4.318953e-01 9.330290e-01 3.594469e-01 1.596371e-02 8.458121e+01
4.177889e-01 -9.084283e-01 -1.451116e-02 -4.719483e+00 8.416164e-03 1.984083e-02 -9.997677e-01 -4.374010e-01 9.085051e-01 4.175697e-01 1.593476e-02 8.489862e+01
4.751270e-01 -8.797834e-01 -1.534577e-02 -4.495410e+00 5.592722e-03 2.045909e-02 -9.997751e-01 -4.299363e-01 8.798994e-01 4.749343e-01 1.464105e-02 8.524005e+01
5.322928e-01 -8.464515e-01 -1.357613e-02 -4.264861e+00 3.003221e-03 1.792481e-02 -9.998348e-01 -4.280438e-01 8.465550e-01 5.321641e-01 1.208333e-02 8.556971e+01
5.859454e-01 -8.102369e-01 -1.357200e-02 -4.022381e+00 1.769830e-03 1.802782e-02 -9.998359e-01 -4.317468e-01 8.103486e-01 5.858252e-01 1.199730e-02 8.585451e+01
6.369233e-01 -7.708275e-01 -1.239782e-02 -3.713942e+00 2.402107e-03 1.806594e-02 -9.998339e-01 -4.521637e-01 7.709234e-01 6.367878e-01 1.335823e-02 8.616411e+01
6.853827e-01 -7.280880e-01 -1.176390e-02 -3.467925e+00 3.288886e-03 1.925014e-02 -9.998093e-01 -4.477463e-01 7.281756e-01 6.852133e-01 1.558831e-02 8.640975e+01
7.298407e-01 -6.835416e-01 -1.017082e-02 -3.160750e+00 3.568190e-03 1.868678e-02 -9.998190e-01 -4.502409e-01 6.836080e-01 7.296723e-01 1.607738e-02 8.667136e+01
7.705820e-01 -6.372896e-01 -8.082614e-03 -2.864279e+00 2.096146e-03 1.521586e-02 -9.998820e-01 -4.409068e-01 6.373374e-01 7.704741e-01 1.306092e-02 8.687599e+01
8.070069e-01 -5.905169e-01 -5.452338e-03 -2.538118e+00 1.358042e-03 1.108850e-02 -9.999376e-01 -4.514569e-01 5.905405e-01 8.069491e-01 9.750443e-03 8.706480e+01
8.394445e-01 -5.433989e-01 -7.117868e-03 -2.170085e+00 3.749277e-04 1.367675e-02 -9.999064e-01 -4.672376e-01 5.434453e-01 8.393632e-01 1.168461e-02 8.727541e+01
8.677636e-01 -4.968932e-01 -9.130486e-03 -1.865785e+00 -1.258886e-04 1.815227e-02 -9.998353e-01 -4.840557e-01 4.969771e-01 8.676218e-01 1.568933e-02 8.741695e+01
8.925103e-01 -4.509130e-01 -1.014121e-02 -1.520797e+00 -2.109625e-03 1.831089e-02 -9.998301e-01 -4.796849e-01 4.510221e-01 8.923801e-01 1.539140e-02 8.757436e+01
9.131094e-01 -4.076461e-01 -7.468542e-03 -1.172210e+00 -3.280595e-03 1.097155e-02 -9.999344e-01 -4.600742e-01 4.077013e-01 9.130741e-01 8.680904e-03 8.768055e+01
9.299418e-01 -3.677066e-01 2.195018e-04 -8.091733e-01 -8.198168e-04 -2.670289e-03 -9.999961e-01 -4.752505e-01 3.677057e-01 9.299380e-01 -2.784666e-03 8.778937e+01
9.431273e-01 -3.324127e-01 3.569226e-03 -4.448807e-01 1.172321e-03 -7.410903e-03 -9.999719e-01 -5.065843e-01 3.324299e-01 9.431049e-01 -6.599730e-03 8.787967e+01
9.542760e-01 -2.989260e-01 7.507423e-04 -7.370140e-02 -4.115056e-04 -3.825116e-03 -9.999926e-01 -5.105087e-01 2.989267e-01 9.542686e-01 -3.773226e-03 8.799313e+01
9.632428e-01 -2.685463e-01 -6.798786e-03 2.830350e-01 -5.432061e-03 5.832055e-03 -9.999682e-01 -5.078234e-01 2.685775e-01 9.632491e-01 4.158925e-03 8.810893e+01
9.709016e-01 -2.391678e-01 -1.219995e-02 6.563243e-01 -9.439143e-03 1.268543e-02 -9.998750e-01 -5.076867e-01 2.392927e-01 9.708953e-01 1.005877e-02 8.819136e+01
9.769047e-01 -2.133045e-01 -1.258088e-02 1.057188e+00 -1.046500e-02 1.104578e-02 -9.998842e-01 -5.125996e-01 2.134187e-01 9.769233e-01 8.558449e-03 8.827242e+01
9.816076e-01 -1.904429e-01 -1.334295e-02 1.465795e+00 -1.276792e-02 4.246174e-03 -9.999095e-01 -5.202553e-01 1.904823e-01 9.816891e-01 1.736517e-03 8.833392e+01
9.854746e-01 -1.687883e-01 -1.871441e-02 1.863337e+00 -1.933938e-02 -2.059411e-03 -9.998109e-01 -5.287648e-01 1.687178e-01 9.856502e-01 -5.293759e-03 8.837839e+01
9.883315e-01 -1.499930e-01 -2.651366e-02 2.290248e+00 -2.718851e-02 -2.449970e-03 -9.996273e-01 -5.288943e-01 1.498721e-01 9.886840e-01 -6.499468e-03 8.844213e+01
9.908682e-01 -1.320580e-01 -2.721935e-02 2.737089e+00 -2.787849e-02 -3.144632e-03 -9.996064e-01 -5.326476e-01 1.319204e-01 9.912370e-01 -6.797493e-03 8.849545e+01
9.929221e-01 -1.165510e-01 -2.283869e-02 3.188633e+00 -2.306633e-02 -6.045169e-04 -9.997337e-01 -5.487121e-01 1.165062e-01 9.931845e-01 -3.288643e-03 8.854881e+01
9.945263e-01 -1.025762e-01 -1.988980e-02 3.672837e+00 -2.015547e-02 -1.554046e-03 -9.997957e-01 -5.687543e-01 1.025243e-01 9.947239e-01 -3.613011e-03 8.859364e+01
9.958214e-01 -8.965147e-02 -1.738730e-02 4.159608e+00 -1.779447e-02 -3.744419e-03 -9.998347e-01 -5.779265e-01 8.957154e-02 9.959661e-01 -5.324074e-03 8.864102e+01
9.969392e-01 -7.661913e-02 -1.554894e-02 4.652577e+00 -1.606826e-02 -6.166077e-03 -9.998519e-01 -5.917380e-01 7.651190e-02 9.970413e-01 -7.378340e-03 8.866505e+01
9.976176e-01 -6.701816e-02 -1.636048e-02 5.141419e+00 -1.698550e-02 -8.766895e-03 -9.998173e-01 -6.044102e-01 6.686249e-02 9.977133e-01 -9.884346e-03 8.868559e+01
9.981403e-01 -5.861098e-02 -1.675423e-02 5.678156e+00 -1.745421e-02 -1.145135e-02 -9.997821e-01 -6.132162e-01 5.840635e-02 9.982152e-01 -1.245306e-02 8.870927e+01
9.984567e-01 -5.281301e-02 -1.717431e-02 6.238682e+00 -1.784698e-02 -1.229164e-02 -9.997652e-01 -6.249679e-01 5.258951e-02 9.985288e-01 -1.321522e-02 8.873600e+01
9.987274e-01 -4.724622e-02 -1.764419e-02 6.787398e+00 -1.826478e-02 -1.273586e-02 -9.997520e-01 -6.392930e-01 4.700979e-02 9.988021e-01 -1.358259e-02 8.876714e+01
9.989526e-01 -4.186919e-02 -1.845833e-02 7.385417e+00 -1.900586e-02 -1.271692e-02 -9.997385e-01 -6.496630e-01 4.162351e-02 9.990422e-01 -1.349936e-02 8.879298e+01
9.991251e-01 -3.752431e-02 -1.846602e-02 7.990780e+00 -1.911622e-02 -1.704315e-02 -9.996720e-01 -6.587501e-01 3.719728e-02 9.991504e-01 -1.774556e-02 8.882164e+01
9.992504e-01 -3.391649e-02 -1.866415e-02 8.607440e+00 -1.932529e-02 -1.927115e-02 -9.996275e-01 -6.720648e-01 3.354418e-02 9.992388e-01 -1.991215e-02 8.883215e+01
9.993820e-01 -3.042909e-02 -1.760189e-02 9.243470e+00 -1.818064e-02 -1.884873e-02 -9.996570e-01 -6.862720e-01 3.008688e-02 9.993592e-01 -1.939030e-02 8.884827e+01
9.994572e-01 -2.809442e-02 -1.720149e-02 9.919394e+00 -1.777358e-02 -2.024170e-02 -9.996371e-01 -6.979132e-01 2.773604e-02 9.994003e-01 -2.073005e-02 8.886336e+01
9.994735e-01 -2.779295e-02 -1.674057e-02 1.057673e+01 -1.741225e-02 -2.410360e-02 -9.995578e-01 -7.113709e-01 2.737715e-02 9.993231e-01 -2.457484e-02 8.888100e+01
9.994614e-01 -2.812156e-02 -1.691386e-02 1.127092e+01 -1.767134e-02 -2.690933e-02 -9.994817e-01 -7.249665e-01 2.765184e-02 9.992422e-01 -2.739179e-02 8.889709e+01
9.994090e-01 -2.997787e-02 -1.682513e-02 1.196497e+01 -1.764932e-02 -2.744431e-02 -9.994675e-01 -7.430856e-01 2.950015e-02 9.991737e-01 -2.795718e-02 8.891231e+01
9.992768e-01 -3.441259e-02 -1.617625e-02 1.267887e+01 -1.719650e-02 -2.956137e-02 -9.994150e-01 -7.567251e-01 3.391426e-02 9.989704e-01 -3.013176e-02 8.893394e+01
9.991472e-01 -3.817763e-02 -1.573034e-02 1.341672e+01 -1.689655e-02 -3.041900e-02 -9.993944e-01 -7.726782e-01 3.767601e-02 9.988078e-01 -3.103813e-02 8.896624e+01
9.989692e-01 -4.313819e-02 -1.412816e-02 1.418108e+01 -1.544023e-02 -3.023517e-02 -9.994236e-01 -7.857872e-01 4.268616e-02 9.986115e-01 -3.087007e-02 8.899202e+01
9.987851e-01 -4.759023e-02 -1.278240e-02 1.498708e+01 -1.426005e-02 -3.084047e-02 -9.994226e-01 -8.037314e-01 4.716853e-02 9.983907e-01 -3.148164e-02 8.903439e+01
9.986400e-01 -5.093006e-02 -1.114599e-02 1.578074e+01 -1.274664e-02 -3.121241e-02 -9.994315e-01 -8.165085e-01 5.055321e-02 9.982144e-01 -3.181915e-02 8.907909e+01
9.983977e-01 -5.571114e-02 -9.916685e-03 1.656814e+01 -1.159800e-02 -2.993741e-02 -9.994845e-01 -8.347231e-01 5.538554e-02 9.979980e-01 -3.053558e-02 8.912599e+01
9.981634e-01 -5.971728e-02 -1.018407e-02 1.737607e+01 -1.191808e-02 -2.875311e-02 -9.995155e-01 -8.464992e-01 5.939552e-02 9.978011e-01 -2.941202e-02 8.917518e+01
9.979625e-01 -6.256676e-02 -1.249789e-02 1.817063e+01 -1.428645e-02 -2.822107e-02 -9.994996e-01 -8.675842e-01 6.218275e-02 9.976417e-01 -2.905743e-02 8.923315e+01
9.978117e-01 -6.387517e-02 -1.708184e-02 1.899372e+01 -1.858398e-02 -2.299699e-02 -9.995628e-01 -8.835978e-01 6.345441e-02 9.976929e-01 -2.413372e-02 8.929565e+01
9.977723e-01 -6.333793e-02 -2.094617e-02 1.981143e+01 -2.218337e-02 -1.889357e-02 -9.995754e-01 -9.022417e-01 6.291529e-02 9.978133e-01 -2.025653e-02 8.936658e+01
9.977077e-01 -6.404635e-02 -2.184887e-02 2.063444e+01 -2.283099e-02 -1.464282e-02 -9.996321e-01 -9.161628e-01 6.370286e-02 9.978395e-01 -1.607150e-02 8.943114e+01
9.976428e-01 -6.545229e-02 -2.061497e-02 2.145422e+01 -2.156144e-02 -1.378706e-02 -9.996725e-01 -9.473473e-01 6.514663e-02 9.977605e-01 -1.516580e-02 8.949177e+01
9.977937e-01 -6.363379e-02 -1.893004e-02 2.228634e+01 -1.980798e-02 -1.319418e-02 -9.997168e-01 -9.703650e-01 6.336600e-02 9.978861e-01 -1.442553e-02 8.955464e+01
9.977118e-01 -6.498970e-02 -1.863820e-02 2.310947e+01 -1.946593e-02 -1.212651e-02 -9.997370e-01 -9.973576e-01 6.474659e-02 9.978123e-01 -1.336385e-02 8.961688e+01
9.977644e-01 -6.420387e-02 -1.854749e-02 2.392505e+01 -1.919931e-02 -9.550187e-03 -9.997700e-01 -1.021013e+00 6.401198e-02 9.978911e-01 -1.076151e-02 8.966950e+01
9.978216e-01 -6.314957e-02 -1.908227e-02 2.474779e+01 -1.965561e-02 -8.470180e-03 -9.997709e-01 -1.044689e+00 6.297347e-02 9.979681e-01 -9.692973e-03 8.973135e+01
9.978473e-01 -6.240673e-02 -2.015498e-02 2.555655e+01 -2.062015e-02 -6.818648e-03 -9.997641e-01 -1.071082e+00 6.225458e-02 9.980275e-01 -8.090805e-03 8.979307e+01
9.979613e-01 -6.069788e-02 -1.972436e-02 2.639286e+01 -2.009910e-02 -5.569363e-03 -9.997825e-01 -1.089272e+00 6.057482e-02 9.981406e-01 -6.777982e-03 8.985908e+01
9.981519e-01 -5.777331e-02 -1.884121e-02 2.721170e+01 -1.909308e-02 -3.810560e-03 -9.998105e-01 -1.114673e+00 5.769056e-02 9.983224e-01 -4.906588e-03 8.992278e+01
9.984647e-01 -5.287823e-02 -1.649663e-02 2.803446e+01 -1.652344e-02 -6.979748e-05 -9.998635e-01 -1.136063e+00 5.286986e-02 9.986010e-01 -9.434205e-04 8.996716e+01
9.987658e-01 -4.737438e-02 -1.491849e-02 2.884270e+01 -1.481045e-02 2.630897e-03 -9.998869e-01 -1.151654e+00 4.740827e-02 9.988737e-01 1.926014e-03 9.001216e+01
9.990584e-01 -4.077843e-02 -1.481258e-02 2.964953e+01 -1.466738e-02 3.857708e-03 -9.998850e-01 -1.179478e+00 4.083089e-02 9.991608e-01 3.255963e-03 9.005997e+01
9.993704e-01 -3.186921e-02 -1.559256e-02 3.045585e+01 -1.543726e-02 5.113538e-03 -9.998677e-01 -1.200768e+00 3.194473e-02 9.994790e-01 4.618346e-03 9.009048e+01
9.996292e-01 -2.234568e-02 -1.555886e-02 3.127451e+01 -1.548320e-02 3.555006e-03 -9.998738e-01 -1.227603e+00 2.239817e-02 9.997440e-01 3.207705e-03 9.011871e+01
9.998119e-01 -1.310029e-02 -1.429987e-02 3.207609e+01 -1.424350e-02 4.385835e-03 -9.998890e-01 -1.244752e+00 1.316155e-02 9.999046e-01 4.198416e-03 9.013647e+01
9.999178e-01 -1.727227e-04 -1.282138e-02 3.289316e+01 -1.282000e-02 6.419677e-03 -9.998972e-01 -1.275368e+00 2.550140e-04 9.999794e-01 6.416935e-03 9.013670e+01
9.998685e-01 1.075510e-02 -1.214068e-02 3.368686e+01 -1.219642e-02 5.131841e-03 -9.999124e-01 -1.295873e+00 -1.069186e-02 9.999290e-01 5.262340e-03 9.012377e+01
9.996612e-01 2.309360e-02 -1.200460e-02 3.447592e+01 -1.212755e-02 5.191147e-03 -9.999130e-01 -1.315355e+00 -2.302928e-02 9.997199e-01 5.469457e-03 9.010329e+01
9.993426e-01 3.396164e-02 -1.268878e-02 3.527435e+01 -1.288353e-02 5.521673e-03 -9.999018e-01 -1.342770e+00 -3.388824e-02 9.994079e-01 5.955589e-03 9.007697e+01
9.989345e-01 4.406352e-02 -1.371917e-02 3.604854e+01 -1.398225e-02 5.667888e-03 -9.998862e-01 -1.363604e+00 -4.398074e-02 9.990126e-01 6.277956e-03 9.004359e+01
9.983845e-01 5.494850e-02 -1.446008e-02 3.681691e+01 -1.469044e-02 3.790489e-03 -9.998849e-01 -1.381697e+00 -5.488736e-02 9.984820e-01 4.591583e-03 9.001060e+01
9.977757e-01 6.498352e-02 -1.485986e-02 3.760310e+01 -1.511516e-02 3.438750e-03 -9.998798e-01 -1.404575e+00 -6.492461e-02 9.978804e-01 4.413338e-03 8.995510e+01
9.971322e-01 7.418218e-02 -1.497549e-02 3.834652e+01 -1.521591e-02 2.676811e-03 -9.998807e-01 -1.421689e+00 -7.413325e-02 9.972411e-01 3.797884e-03 8.990022e+01
9.964342e-01 8.294172e-02 -1.548137e-02 3.909975e+01 -1.565926e-02 1.494540e-03 -9.998763e-01 -1.444971e+00 -8.290832e-02 9.965533e-01 2.788016e-03 8.984164e+01
9.956893e-01 9.153432e-02 -1.497833e-02 3.982341e+01 -1.504565e-02 4.534698e-05 -9.998868e-01 -1.465657e+00 -9.152328e-02 9.958019e-01 1.422344e-03 8.977147e+01
9.950424e-01 9.841029e-02 -1.435383e-02 4.056978e+01 -1.431771e-02 -1.073310e-03 -9.998969e-01 -1.485744e+00 -9.841555e-02 9.951453e-01 3.410211e-04 8.970123e+01
9.945181e-01 1.036888e-01 -1.350620e-02 4.130292e+01 -1.322271e-02 -3.421021e-03 -9.999067e-01 -1.503098e+00 -1.037254e-01 9.946039e-01 -2.031220e-03 8.962367e+01
9.939656e-01 1.090897e-01 -1.148618e-02 4.201066e+01 -1.109075e-02 -4.230943e-03 -9.999295e-01 -1.528584e+00 -1.091306e-01 9.940229e-01 -2.995525e-03 8.954303e+01
9.936970e-01 1.116065e-01 -1.050176e-02 4.272333e+01 -9.991348e-03 -5.131624e-03 -9.999369e-01 -1.545751e+00 -1.116534e-01 9.937392e-01 -3.984179e-03 8.946107e+01
9.934031e-01 1.142762e-01 -9.545393e-03 4.343361e+01 -8.930562e-03 -5.890977e-03 -9.999428e-01 -1.564172e+00 -1.143259e-01 9.934316e-01 -4.831565e-03 8.937434e+01
9.933339e-01 1.148495e-01 -9.862081e-03 4.412012e+01 -9.170492e-03 -6.548523e-03 -9.999365e-01 -1.577185e+00 -1.149068e-01 9.933613e-01 -5.451643e-03 8.929524e+01
9.934331e-01 1.139057e-01 -1.077998e-02 4.478384e+01 -9.941454e-03 -7.927101e-03 -9.999192e-01 -1.596149e+00 -1.139819e-01 9.934599e-01 -6.742656e-03 8.922077e+01
9.936373e-01 1.120409e-01 -1.147794e-02 4.541941e+01 -1.038226e-02 -1.035789e-02 -9.998925e-01 -1.611845e+00 -1.121477e-01 9.936496e-01 -9.128751e-03 8.915052e+01
9.941531e-01 1.072930e-01 -1.215945e-02 4.604268e+01 -1.104181e-02 -1.100460e-02 -9.998785e-01 -1.628222e+00 -1.074138e-01 9.941666e-01 -9.755545e-03 8.907937e+01
9.948635e-01 1.004861e-01 -1.221162e-02 4.661068e+01 -1.120012e-02 -1.062409e-02 -9.998809e-01 -1.641731e+00 -1.006039e-01 9.948817e-01 -9.444066e-03 8.903437e+01
9.958810e-01 8.981119e-02 -1.244713e-02 4.719622e+01 -1.160950e-02 -9.842928e-03 -9.998842e-01 -1.658233e+00 -8.992331e-02 9.959102e-01 -8.759721e-03 8.898395e+01
9.970022e-01 7.629243e-02 -1.288208e-02 4.777151e+01 -1.212633e-02 -1.036096e-02 -9.998728e-01 -1.678214e+00 -7.641619e-02 9.970316e-01 -9.404757e-03 8.895222e+01
9.981409e-01 5.926453e-02 -1.423252e-02 4.831948e+01 -1.372859e-02 -8.901579e-03 -9.998661e-01 -1.687405e+00 -5.938329e-02 9.982026e-01 -8.071411e-03 8.893055e+01
9.990864e-01 3.935902e-02 -1.665242e-02 4.886093e+01 -1.631400e-02 -8.903903e-03 -9.998273e-01 -1.702896e+00 -3.950050e-02 9.991854e-01 -8.253665e-03 8.892559e+01
9.997097e-01 1.429962e-02 -1.939362e-02 4.937967e+01 -1.929825e-02 -6.777294e-03 -9.997908e-01 -1.713845e+00 -1.442807e-02 9.998748e-01 -6.499369e-03 8.894965e+01
9.996862e-01 -1.258461e-02 -2.166057e-02 4.989641e+01 -2.171886e-02 -4.514208e-03 -9.997540e-01 -1.728564e+00 1.248373e-02 9.999106e-01 -4.786114e-03 8.895807e+01
9.986716e-01 -4.678687e-02 -2.158792e-02 5.041827e+01 -2.166379e-02 -1.115122e-03 -9.997647e-01 -1.750466e+00 4.675179e-02 9.989043e-01 -2.127221e-03 8.899367e+01
9.960800e-01 -8.623475e-02 -1.970457e-02 5.093560e+01 -1.961295e-02 1.909618e-03 -9.998058e-01 -1.761718e+00 8.625563e-02 9.962730e-01 2.108144e-04 8.905630e+01
9.914669e-01 -1.293182e-01 -1.643555e-02 5.144103e+01 -1.595150e-02 4.778034e-03 -9.998614e-01 -1.784955e+00 1.293788e-01 9.915916e-01 2.674444e-03 8.914528e+01
9.843760e-01 -1.756485e-01 -1.231167e-02 5.195291e+01 -1.144857e-02 5.926323e-03 -9.999169e-01 -1.796959e+00 1.757069e-01 9.844351e-01 3.822806e-03 8.926589e+01
9.743335e-01 -2.248982e-01 -9.745853e-03 5.244971e+01 -8.157399e-03 7.991129e-03 -9.999348e-01 -1.807597e+00 2.249614e-01 9.743495e-01 5.951440e-03 8.940462e+01
9.615577e-01 -2.744561e-01 -8.982976e-03 5.291458e+01 -6.258588e-03 1.080057e-02 -9.999221e-01 -1.821291e+00 2.745317e-01 9.615390e-01 8.667666e-03 8.956898e+01
9.445494e-01 -3.282407e-01 -9.189134e-03 5.338668e+01 -5.878891e-03 1.107574e-02 -9.999214e-01 -1.833563e+00 3.283167e-01 9.445292e-01 8.531893e-03 8.975653e+01
9.222426e-01 -3.864998e-01 -9.298136e-03 5.383739e+01 -6.028081e-03 9.671878e-03 -9.999350e-01 -1.847491e+00 3.865646e-01 9.222388e-01 6.589966e-03 8.995410e+01
8.954482e-01 -4.449811e-01 -1.281970e-02 5.425029e+01 -1.046047e-02 7.757189e-03 -9.999152e-01 -1.854989e+00 4.450428e-01 8.955064e-01 2.291447e-03 9.018755e+01
8.637304e-01 -5.036896e-01 -1.632790e-02 5.465203e+01 -1.539497e-02 6.012768e-03 -9.998634e-01 -1.874001e+00 5.037190e-01 8.638638e-01 -2.560874e-03 9.045561e+01
8.269150e-01 -5.619555e-01 -2.043499e-02 5.502377e+01 -1.915708e-02 8.166623e-03 -9.997832e-01 -1.881794e+00 5.620005e-01 8.271272e-01 -4.012323e-03 9.072257e+01
7.863656e-01 -6.173269e-01 -2.316475e-02 5.538498e+01 -2.139271e-02 1.026317e-02 -9.997185e-01 -1.890484e+00 6.173909e-01 7.866398e-01 -5.135696e-03 9.106286e+01
7.419447e-01 -6.700230e-01 -2.423169e-02 5.569513e+01 -2.206425e-02 1.172149e-02 -9.996879e-01 -1.891072e+00 6.700979e-01 7.422478e-01 -6.086857e-03 9.137901e+01
6.948893e-01 -7.187409e-01 -2.324782e-02 5.599220e+01 -2.154529e-02 1.150526e-02 -9.997017e-01 -1.902199e+00 7.187939e-01 6.951829e-01 -7.490598e-03 9.172784e+01
6.440147e-01 -7.647399e-01 -2.044453e-02 5.628144e+01 -1.762601e-02 1.188443e-02 -9.997740e-01 -1.919905e+00 7.648100e-01 6.442295e-01 -5.825567e-03 9.211985e+01
5.909990e-01 -8.065109e-01 -1.613357e-02 5.654006e+01 -1.177907e-02 1.136995e-02 -9.998660e-01 -1.929976e+00 8.065863e-01 5.911099e-01 -2.780320e-03 9.251569e+01
5.368642e-01 -8.435494e-01 -1.418673e-02 5.675824e+01 -6.718869e-03 1.254008e-02 -9.998988e-01 -1.938360e+00 8.436419e-01 5.369052e-01 1.064623e-03 9.290550e+01
4.839627e-01 -8.750141e-01 -1.141887e-02 5.697082e+01 1.594302e-04 1.313698e-02 -9.999137e-01 -1.949117e+00 8.750886e-01 4.839192e-01 6.497315e-03 9.336300e+01
4.342642e-01 -9.007247e-01 -1.047137e-02 5.714175e+01 7.368401e-03 1.517635e-02 -9.998577e-01 -1.947588e+00 9.007554e-01 4.341252e-01 1.322745e-02 9.378950e+01
3.887099e-01 -9.212821e-01 -1.199644e-02 5.729084e+01 1.120236e-02 1.774513e-02 -9.997798e-01 -1.960137e+00 9.212921e-01 3.884899e-01 1.721824e-02 9.422556e+01
3.472525e-01 -9.376328e-01 -1.613664e-02 5.743018e+01 1.335017e-02 2.214846e-02 -9.996656e-01 -1.964552e+00 9.376767e-01 3.469209e-01 2.020867e-02 9.468189e+01
3.121301e-01 -9.498022e-01 -2.122578e-02 5.756025e+01 1.308806e-02 2.663882e-02 -9.995595e-01 -1.955152e+00 9.499492e-01 3.117148e-01 2.074584e-02 9.514574e+01
2.815723e-01 -9.592543e-01 -2.341234e-02 5.767613e+01 1.185308e-02 2.787488e-02 -9.995412e-01 -1.944291e+00 9.594668e-01 2.811656e-01 1.921891e-02 9.559724e+01
2.587330e-01 -9.657286e-01 -2.062734e-02 5.780551e+01 1.270275e-02 2.475435e-02 -9.996129e-01 -1.937210e+00 9.658653e-01 2.583708e-01 1.867218e-02 9.609064e+01
2.434427e-01 -9.697561e-01 -1.757101e-02 5.793135e+01 1.288044e-02 2.134681e-02 -9.996892e-01 -1.951182e+00 9.698297e-01 2.431407e-01 1.768761e-02 9.656268e+01
2.305718e-01 -9.728808e-01 -1.842720e-02 5.803348e+01 1.232741e-02 2.185648e-02 -9.996851e-01 -1.953611e+00 9.729772e-01 2.302721e-01 1.703259e-02 9.706136e+01
2.209496e-01 -9.749783e-01 -2.446363e-02 5.812275e+01 1.216521e-02 2.783675e-02 -9.995385e-01 -1.941745e+00 9.752094e-01 2.205501e-01 1.801134e-02 9.756799e+01
2.141875e-01 -9.762995e-01 -3.103158e-02 5.821426e+01 1.134389e-02 3.425290e-02 -9.993488e-01 -1.937155e+00 9.767267e-01 2.136960e-01 1.841158e-02 9.808831e+01
2.117218e-01 -9.766088e-01 -3.754000e-02 5.831377e+01 8.458148e-03 4.024030e-02 -9.991542e-01 -1.927220e+00 9.772934e-01 2.112252e-01 1.678005e-02 9.860332e+01
2.103265e-01 -9.768602e-01 -3.881863e-02 5.842368e+01 5.678384e-03 4.092683e-02 -9.991460e-01 -1.937641e+00 9.776147e-01 2.099265e-01 1.415499e-02 9.913600e+01
2.117963e-01 -9.766380e-01 -3.633833e-02 5.854062e+01 2.286828e-03 3.767698e-02 -9.992874e-01 -1.942622e+00 9.773111e-01 2.115623e-01 1.021325e-02 9.968217e+01
2.151107e-01 -9.759325e-01 -3.582190e-02 5.866988e+01 -3.543654e-03 3.590034e-02 -9.993491e-01 -1.943416e+00 9.765832e-01 2.150977e-01 4.264181e-03 1.002361e+02
2.188590e-01 -9.750888e-01 -3.609140e-02 5.879528e+01 -7.420782e-03 3.532373e-02 -9.993483e-01 -1.949144e+00 9.757283e-01 2.189843e-01 4.949975e-04 1.008051e+02
2.243389e-01 -9.736734e-01 -4.039933e-02 5.892570e+01 -8.002712e-03 3.961390e-02 -9.991830e-01 -1.956506e+00 9.744783e-01 2.244790e-01 1.094912e-03 1.013846e+02
2.305375e-01 -9.721153e-01 -4.294427e-02 5.905358e+01 -5.410956e-03 4.285167e-02 -9.990668e-01 -1.957243e+00 9.730484e-01 2.305547e-01 4.618842e-03 1.019770e+02
2.352847e-01 -9.711098e-01 -3.983469e-02 5.919796e+01 -1.229641e-03 4.068784e-02 -9.991711e-01 -1.962379e+00 9.719257e-01 2.351387e-01 8.379109e-03 1.025825e+02
2.387575e-01 -9.703393e-01 -3.790134e-02 5.934679e+01 3.985640e-03 4.000899e-02 -9.991913e-01 -1.957983e+00 9.710711e-01 2.384134e-01 1.341987e-02 1.031930e+02
2.417513e-01 -9.696865e-01 -3.555848e-02 5.949879e+01 8.900618e-03 3.885993e-02 -9.992051e-01 -1.953823e+00 9.702974e-01 2.412426e-01 1.802525e-02 1.038250e+02
2.436366e-01 -9.692876e-01 -3.350763e-02 5.965718e+01 9.127574e-03 3.683870e-02 -9.992796e-01 -1.950482e+00 9.698237e-01 2.431552e-01 1.782250e-02 1.044503e+02
2.444863e-01 -9.691573e-01 -3.099425e-02 5.983378e+01 7.181740e-03 3.377327e-02 -9.994037e-01 -1.943346e+00 9.696261e-01 2.441179e-01 1.521734e-02 1.050975e+02
2.447672e-01 -9.691848e-01 -2.774708e-02 6.001240e+01 2.129120e-03 2.915478e-02 -9.995726e-01 -1.945369e+00 9.695795e-01 2.446035e-01 9.199644e-03 1.057637e+02
2.436598e-01 -9.694862e-01 -2.695098e-02 6.017142e+01 -4.365334e-03 2.669194e-02 -9.996341e-01 -1.947507e+00 9.698510e-01 2.436883e-01 2.271621e-03 1.064140e+02
2.426850e-01 -9.696195e-01 -3.069430e-02 6.033850e+01 -8.143998e-03 2.960275e-02 -9.995286e-01 -1.954605e+00 9.700710e-01 2.428206e-01 -7.124340e-04 1.070830e+02
2.405765e-01 -9.701200e-01 -3.146565e-02 6.050864e+01 -6.019490e-03 3.092595e-02 -9.995036e-01 -1.948953e+00 9.706115e-01 2.406465e-01 1.600428e-03 1.077844e+02
2.395275e-01 -9.705216e-01 -2.672891e-02 6.066740e+01 -4.128094e-04 2.742852e-02 -9.996237e-01 -1.970582e+00 9.708895e-01 2.394484e-01 6.169243e-03 1.084865e+02
2.371538e-01 -9.711496e-01 -2.502934e-02 6.084031e+01 6.018132e-03 2.723250e-02 -9.996110e-01 -1.967296e+00 9.714535e-01 2.369110e-01 1.230280e-02 1.091981e+02
2.349308e-01 -9.716260e-01 -2.739339e-02 6.101104e+01 6.547909e-03 2.976348e-02 -9.995355e-01 -1.971991e+00 9.719900e-01 2.346423e-01 1.335448e-02 1.099238e+02
2.333206e-01 -9.719457e-01 -2.971553e-02 6.117315e+01 2.324043e-03 3.111625e-02 -9.995131e-01 -1.980188e+00 9.723971e-01 2.331379e-01 9.518906e-03 1.106551e+02
2.301102e-01 -9.726191e-01 -3.258027e-02 6.133905e+01 -2.117285e-03 3.297824e-02 -9.994538e-01 -1.972148e+00 9.731623e-01 2.300535e-01 5.529319e-03 1.114142e+02
2.265555e-01 -9.734331e-01 -3.317641e-02 6.151460e+01 -5.160760e-03 3.286190e-02 -9.994466e-01 -1.970158e+00 9.739846e-01 2.266014e-01 2.421390e-03 1.121602e+02
2.232821e-01 -9.741970e-01 -3.294488e-02 6.168445e+01 -4.488515e-03 3.277022e-02 -9.994528e-01 -1.977645e+00 9.747435e-01 2.233078e-01 2.944305e-03 1.129366e+02
