-0.007660018317651531 -0.9998537935351232 -0.015291187553746855 -0.07057638491288927 -0.007572712008033609 0.015349198851572814 -0.9998535319927124 -0.34545520223032683 0.9999419203524805 -0.007543100799677534 -0.007689180533921282 -0.28286734411355624
-0.009637859983823624 -0.999850605945549 -0.014355277312379892 -0.07341218927222952 -0.010668277736346696 0.014457939779069088 -0.9998386305472715 -0.8549430708039247 0.999896603219483 -0.00948315873793267 -0.010806027095245464 -0.285112006176789
-0.008899808192188394 -0.9998740891746345 -0.013142602827088847 -0.07977725300952283 -0.014848932595440269 0.01327381997578747 -0.9998016700236871 -1.537203741249875 0.999850093989409 -0.008702889329655045 -0.014965197783599078 -0.30034520392190567
-0.008875493093487268 -0.9998983194572071 -0.011169706099817898 -0.06978339685741869 -0.0193059029506108 0.011339409497275995 -0.9997493618585797 -2.4563355571655086 0.9997741640020228 -0.008657626510141955 -0.019404585403788727 -0.3200762909297916
-0.00781770129507772 -0.9999163052886392 -0.010308383168758197 -0.07469885106228735 -0.024240880011469904 0.010495171660592615 -0.9996511104072022 -3.1986112090230323 0.9996755114406557 -0.007565089849745791 -0.02432089355551489 -0.34518823995479236
-0.007411958635335305 -0.9999235888209856 -0.009896334351612678 -0.06489441110890216 -0.027804624852292535 0.010098862067862494 -0.9995623160246068 -3.947497513781793 0.9995858185397324 -0.007133551429284614 -0.027877355632527186 -0.36813230674891384
-0.0077398328152675075 -0.9999270393889693 -0.009281555185650516 -0.0632565620259757 -0.03226006088877406 0.009526685465085486 -0.9994341102130732 -4.7110738418473455 0.9994494495946387 -0.007436029373173959 -0.03233144314981798 -0.409983124267789
-0.005259953788544455 -0.9999461300759871 -0.00896180275649358 -0.062080400647922564 -0.03695631736323991 0.009150186922427844 -0.9992750039092937 -5.494955495231271 0.9993029621978771 -0.004924944441190636 -0.03700245313388339 -0.457829521095285
-0.002723023258599063 -0.9999490231159865 -0.009728572403447766 -0.06128871653122983 -0.04135512240580917 0.009832891633249623 -0.9990961129895534 -6.289387604377748 0.9991407476927827 -0.002318236721016936 -0.04137978837465057 -0.49504351980558725
-0.0024816868273435716 -0.9999222307641048 -0.01223059436242296 -0.05855013104583093 -0.04537286550225677 0.012330628240834068 -0.998894047481312 -7.096033527653574 0.9989669503407422 -0.0019240042094825814 -0.0453999364134905 -0.5380359190889672
-0.0028182562560305205 -0.9998925207196109 -0.014393880349514637 -0.0538088688376127 -0.04957323516545062 0.01451593477748847 -0.9986649599972042 -7.918518964756981 0.998766492617249 -0.0021009426425826145 -0.049608815521457954 -0.5794545565713326
-0.0023142866083128624 -0.9998929929845644 -0.014451058476532459 -0.05663649135208229 -0.05207235458756803 0.01455198890128545 -0.9985372747923569 -8.745748358774094 0.9986406209857859 -0.0015584019429563155 -0.052100454292972595 -0.6316354406814854
-0.0035631317959941644 -0.9998974255629762 -0.013876434119941914 -0.0659662048755321 -0.05358184193082145 0.01404748879024768 -0.9984646698856764 -9.563046951902372 0.9985570063218923 -0.0028141365712931543 -0.053626402994253516 -0.6873460228708108
-0.005322435227863475 -0.9998934054143046 -0.013602509524649059 -0.057218050388470186 -0.05448662916385528 0.013872472656809891 -0.9984181506287131 -10.382607004540167 0.9985002783072598 -0.00457286201507246 -0.054554653428946415 -0.7339105882496729
-0.005844988291834628 -0.9998788048452454 -0.014434957472762739 -0.06498543144122879 -0.05677075303326749 0.014743717404731922 -0.9982783279892747 -11.214653717827328 0.9983700814310374 -0.00501544155194156 -0.0568500467128973 -0.7832704389163669
-0.007555773413144903 -0.9998737990759483 -0.013979440871638674 -0.05946621956450028 -0.05927594934150194 0.014403100157166903 -0.9981377514651744 -12.078287338475178 0.9982130133614285 -0.006713058558874876 -0.05937729284402201 -0.8351736424544204
-0.005530592389153098 -0.9999145909589406 -0.011850977761771657 -0.05617641892718824 -0.06194154790093374 0.012170955047061413 -0.9980055834774805 -12.960221940801253 0.9980643488420792 -0.004785494467182759 -0.06200356765790831 -0.8819651604415788
-0.00562313375863759 -0.9999291419574591 -0.010499577038394 -0.06139516657839368 -0.06289469598776691 0.010832604953999281 -0.997961326967316 -13.83440863522475 0.9980042900136419 -0.004951303665604822 -0.06295114919536168 -0.9502408147064086
-0.0034418793312471765 -0.999950859186732 -0.009303101381725767 -0.06400889586302833 -0.06344302245017268 0.009502768978730085 -0.9979401928756957 -14.724847690240832 0.997979450717289 -0.0028445724741131984 -0.0634726176474829 -1.0156664637433572
-0.0013257680952217547 -0.9999586452294312 -0.009002312423461646 -0.05857973970947398 -0.0655623997374828 0.009069868793220477 -0.9978072981438464 -15.575638242389056 0.9978475276374407 -0.0007326482145343519 -0.06557171769799872 -1.0775334001789911
-0.0010559594140916494 -0.9999490832816195 -0.010044320211819315 -0.05084897016081467 -0.06715175509040594 0.01009255945004304 -0.9976917536052297 -16.48357287891135 0.9977421722909134 -0.0003790281482074472 -0.06715898503595139 -1.1395228677229736
-0.0006877470021149183 -0.9999371194339234 -0.011198373904092809 -0.047430488519846166 -0.06879486599128927 0.011219154913433841 -0.9975677501357664 -17.397716875600302 0.9976305422073509 8.431611837444661e-05 -0.06879824791131893 -1.2041515386145933
-0.00024671793231845207 -0.9999295691939858 -0.011864447295250732 -0.043306277540508725 -0.06951700472156062 0.011852893155789312 -0.9975103918715089 -18.298663470817356 0.9975806531173598 0.0005786755960478967 -0.06951503622347086 -1.2735372064544528
-0.0014454798954578333 -0.9999430964688447 -0.010572941948684973 -0.045732338626901695 -0.07037552465276573 0.010648457662158734 -0.997463725261383 -19.183185566962937 0.9975195038028437 -0.0006977386883046909 -0.0703869147667009 -1.337543156030474
-0.0022071015894841225 -0.9999473462125047 -0.01002912142268245 -0.04018306099387986 -0.07139517131170298 0.010161120221547307 -0.9973964312935235 -20.082859981778892 0.9974456379017509 -0.0014853245107537688 -0.07141383063206319 -1.4032221548308053
-0.0027872461728180855 -0.9999207023519889 -0.012284271698198337 -0.037801078513319764 -0.07164679846522805 0.012452431240122554 -0.997352297602165 -21.013129600101905 0.99742606030218 -0.0018997371733064034 -0.07167583106730448 -1.4748978978649876
-0.0009603925674446677 -0.9998800096279721 -0.015468281533134474 -0.03656933856787712 -0.07151598621099044 0.015497355808778474 -0.9973190599445796 -21.9675937203039 0.9974388706012077 0.00014841214119031172 -0.07152227724133381 -1.5556777690860843
-0.00022579818766455158 -0.9998321371500262 -0.01832213892035642 -0.03609208126218641 -0.07145113994996743 0.018291439678554896 -0.9972763872484894 -22.9007863981974 0.9974439594136529 0.0010839546205271564 -0.07144327649089034 -1.633071729318244
-0.0022756345784602575 -0.9997777031413505 -0.020961578371110713 -0.047487522390254056 -0.06986044921597094 0.02106935933316378 -0.9973342667097979 -23.836083874038273 0.9975541372953113 -0.0008051844852382589 -0.06989287175470352 -1.690909634050868
-0.003423500793315273 -0.9997459839464036 -0.02227718378674474 -0.06325964437624744 -0.06697961640349624 0.022456534247112213 -0.9975015918780059 -24.788068049220037 0.9977483860103733 -0.0019228316832064322 -0.06703948145379693 -1.753507865805635
-0.0006390802038552844 -0.9998010423994187 -0.019940573045385143 -0.06517255492351287 -0.06580346678694712 0.019939401871685133 -0.9976333331462219 -25.747229749935222 0.9978323186091473 0.0006745910953930507 -0.06580311966782984 -1.8215098956198519
-0.0007069644096156184 -0.9998804347948999 -0.015449782737927461 -0.0660060854433084 -0.06439006211812898 0.015463240457414557 -0.9978050159375216 -26.71023297499721 0.9979244786990432 0.00028939894296595246 -0.06439329454779895 -1.8975746089318506
-0.0014631676670612843 -0.9999182107168786 -0.012706166432992893 -0.0701183880088643 -0.06304868797149232 0.012773142917870748 -0.9979287182254735 -27.643406496631773 0.9980093191197924 -0.0006590300638644611 -0.06306222125080946 -1.9564809286258726
-0.0019171074713052582 -0.999898968539075 -0.01408916316457522 -0.0648114628440338 -0.0631330705485765 0.014182103136523436 -0.9979043962652148 -28.629069519735374 0.9980032314420947 -0.0010235982748208056 -0.06315388866521818 -2.029891683710184
-0.0032762673185128864 -0.9998082714653096 -0.01930779928895181 -0.06787369042928887 -0.06299068636761503 0.0194758944205432 -0.9978240389603781 -29.606626856103503 0.9980086663220581 -0.0020529269591673767 -0.06304242010203032 -2.0987908590317623
-0.008778575880642731 -0.9997270061462566 -0.021655819575003777 -0.08000160530123909 -0.06404705939247086 0.022174317550125104 -0.9977004737637137 -30.588113439395016 0.9979081860335357 -0.007371398081653704 -0.06422423446948236 -2.154883726098278
-0.01494510626615372 -0.9996381491140643 -0.022365614382236578 -0.07639462126572141 -0.06441168550337507 0.023284157082592495 -0.9976517726732851 -31.56813489059765 0.9978113969932596 -0.013469405130552812 -0.06473636181643878 -2.2146903417057526
-0.017902002596570106 -0.9996628565934336 -0.018810885158526636 -0.09286567095038686 -0.06541215832688735 0.019944581737683945 -0.9976590324465205 -32.548191450967515 0.9976977074043046 -0.016629633137317447 -0.06574715414111384 -2.2781804201591282
-0.015858882435304384 -0.9997524638003334 -0.015607076232275335 -0.08970583717204708 -0.06770645529425512 0.01664696397792976 -0.9975664334063955 -33.533186971546364 0.9975791833171185 -0.014763588943346038 -0.06795369234262538 -2.3479186348342154
-0.014989449784405353 -0.9997774188801359 -0.014852185137703113 -0.09622962736567581 -0.06922703059372078 0.015855886864139926 -0.9974749640735595 -34.529579240696094 0.9974882506182036 -0.013923427614603485 -0.06944929065973457 -2.4268168534500516
-0.014250579824579168 -0.9997705575233286 -0.015992959846429913 -0.08277576314783922 -0.0698905034935519 0.016951416679166463 -0.9974106074892916 -35.5493195242262 0.9974528474177649 -0.01309592450913466 -0.07011604085458731 -2.5006226642440734
-0.011955531416174782 -0.9997651971151784 -0.018073947535657477 -0.09106078113127351 -0.0717178236913129 0.01888603266538038 -0.997246169290821 -36.56408589676784 0.9973532470580171 -0.01062638438226388 -0.0719267772492056 -2.5815163408430615
-0.01135074530749924 -0.9997491640792574 -0.019306418115800132 -0.0931045438517483 -0.07245522275576496 0.020079226891764255 -0.997169524988361 -37.57608048490527 0.9973069502176227 -0.009919766281501197 -0.07266496558426501 -2.661204431422597
-0.011216790828039532 -0.9997127369584976 -0.021181294753296234 -0.10566844191651054 -0.07367134795939355 0.021951278253715924 -0.9970410470186323 -38.58866715580145 0.9972194078225215 -0.009623146287723688 -0.0738964164256764 -2.740832481027354
-0.013822918678235789 -0.999600279522049 -0.024662691275931098 -0.10410366902870452 -0.07383342668408471 0.025618093013112145 -0.9969415065202546 -39.584589469416024 0.9971747278664056 -0.011959710790571027 -0.07415803233487635 -2.8162216490038126
-0.008433403340155016 -0.9995970694847078 -0.027106374678343582 -0.12442006157747271 -0.07407339588439096 0.02765734569458725 -0.9968692126499521 -40.55064833900656 0.9972170528018444 -0.006399138643230521 -0.07427679385443224 -2.907578141891669
-0.007040397471864975 -0.9996231135006318 -0.026536530622341896 -0.13470859494622486 -0.07396711844659203 0.02698508333765992 -0.996895514393197 -41.54819417443594 0.9972357917009842 -0.005055710225988745 -0.07412921586579495 -2.9769411506807892
-0.0072190785153918155 -0.999642858398222 -0.025732360484074877 -0.14083807772792764 -0.0741691550677089 0.026197418885768143 -0.9969015615042632 -42.539262510637606 0.9972194795179906 -0.005288163857405037 -0.07433179277037633 -3.0609714527953633
-0.0031632541114993157 -0.9996993505312568 -0.024316926227189287 -0.13704979338744178 -0.07342910609728284 0.02448360739886055 -0.9969999062319497 -43.55300313744586 0.9972953747651873 -0.0013681937955160916 -0.07348448028736121 -3.143512606064151
-0.0011708338196549165 -0.9996827348036964 -0.025161486221899287 -0.13271445219570902 -0.07489349245818255 0.0251784974481095 -0.9968736328612344 -44.534917857915 0.9971907817161821 0.0007172582359110035 -0.07489922162845458 -3.2191290862197355
-0.0029578775153772698 -0.9996674417553637 -0.02562014716470544 -0.14368073536010267 -0.07694330059794047 0.025771816740443078 -0.9967023401817565 -45.535417812828506 0.9970310136789537 -0.0009768251414967108 -0.07699394322506581 -3.2925065352833993
-0.005935834026866538 -0.9996394047885602 -0.026191804691587665 -0.1673518200414501 -0.07691421725067778 0.026571078809448916 -0.9966836445788475 -46.51305113377024 0.9970199899378361 -0.003901626043178835 -0.07704420178258237 -3.3794353325432613
-0.003610551721105649 -0.9997213695885637 -0.02332842659115053 -0.1659517438692143 -0.07747879942051636 0.023538117311791035 -0.9967161366052829 -47.49791032224677 0.9969874119077627 -0.0017912376062957005 -0.07754220059068541 -3.4631447545219007
-0.0019752848873417694 -0.9998044456285915 -0.019682067079026644 -0.17942661873040916 -0.07785604339678691 0.019776119509153627 -0.9967684891082954 -48.47998615584439 0.9969625941490352 -0.00043653345588300346 -0.07787988262181185 -3.5488052920088298
-0.003585209150269831 -0.9998144383298649 -0.018930035376335974 -0.17779886318061583 -0.07871541833869085 0.01915357923792619 -0.9967131544134994 -49.41493760086411 0.9968905780850043 -0.0020833399829657635 -0.07876948508765635 -3.6189038999526604
-0.0012946234008684929 -0.9997754669321598 -0.021152637992982965 -0.1808447730176373 -0.08004233827908172 0.02118838609529982 -0.996566269784966 -50.39630716643839 0.9967905739516617 0.00040292737819589645 -0.08005180269443134 -3.6998147706246423
-0.0034668260591912926 -0.9997158570857231 -0.02358744299684167 -0.1788559204717821 -0.07921031916659312 0.02378800176642029 -0.9965741236843801 -51.38506264651593 0.9968518565404934 -0.0015865804608398478 -0.079270280707229 -3.7907643418483925
-0.004451012886591022 -0.9997061848733398 -0.023828089958908692 -0.19311263547007046 -0.07987541850910994 0.02410761705850037 -0.9965133637939088 -52.36634654227713 0.9967948831427498 -0.0025322157459840688 -0.07995926817190935 -3.8689942817961676
-0.007968276677852774 -0.9996755119109099 -0.02419834584007594 -0.20022664393442138 -0.08004821553028983 0.02475913201372147 -0.9964834872763257 -53.325606454352254 0.9967591256518501 -0.0060032219311792635 -0.0802195238358687 -3.938378316966214
-0.009986870979118347 -0.9996912637470333 -0.022753710127187722 -0.20332309067350096 -0.08045572622463333 0.023484401797991914 -0.9964814730869177 -54.299213678399916 0.996708091191703 -0.008121065749326051 -0.08066542381887357 -4.011439859839471
-0.011518090620378656 -0.999632389483496 -0.024546325724810282 -0.1966271420680515 -0.0805436986965881 0.025395679035691572 -0.9964275036438278 -55.24518306086175 0.9966844877426951 -0.00949989033990939 -0.0808065964153129 -4.090169928787639
-0.014824563193692707 -0.9994891822721688 -0.02831419000347331 -0.20684470013259337 -0.081439911060278 0.029430182165619673 -0.9962436800135082 -56.22467327042402 0.9965679527179607 -0.012462972019362474 -0.08183459997192695 -4.163170453198862
-0.016533330315035823 -0.9993264813642729 -0.032763845748794006 -0.21394836029241865 -0.08262341409206586 0.034021740275983765 -0.9959999891134694 -57.18145287604621 0.9964435619357246 -0.013760135111596681 -0.08313024896094795 -4.239176298491726
-0.0172851329342602 -0.9992676935551481 -0.03413587953733013 -0.24671651760824795 -0.08358608248538907 0.035465637292515166 -0.9958692266526309 -58.12152711637003 0.9963505113132763 -0.01436044869530569 -0.08413789835825497 -4.327551018446868
-0.01898985844359894 -0.9993433654618518 -0.03085806454399246 -0.2550958800221171 -0.0833393934352686 0.03233835424411366 -0.9959964148163222 -59.06991205660974 0.996340203752243 -0.01634213998098603 -0.0838987758005147 -4.410641525976106
-0.014763439842967347 -0.9995631674529852 -0.025604028527758525 -0.2558312507068626 -0.08536177145517786 0.026773296808611513 -0.995990254839222 -59.97271196585123 0.9962405456618697 -0.012518636656823862 -0.08571974996564416 -4.49387377593364
-0.01248339603480059 -0.9997091361133508 -0.020638058275387124 -0.2591764792739564 -0.0865380126710923 0.021642367591383223 -0.9960134513979345 -60.90100130796492 0.9961702875774225 -0.01064765406764253 -0.08678301355658265 -4.582092823004828
-0.0068657443544209214 -0.9997657829204369 -0.020526572412086976 -0.2653837956900129 -0.08679154233455093 0.021045369443665016 -0.9960041239011538 -61.81446155180337 0.9962028088650352 -0.005056778283978618 -0.0869157130892441 -4.67270113380158
-0.004920234598342633 -0.9997325872193943 -0.022598029617399443 -0.26347886228565454 -0.08847219503421488 0.022944881508188186 -0.9958143790004671 -62.72476572493758 0.9960663654090188 -0.002900342040262521 -0.08856143190984556 -4.757893239536461
-0.0033220909732759275 -0.9997040763498285 -0.024100451361367504 -0.26704466965961415 -0.09055422689767333 0.02430230877438028 -0.9955949974645582 -63.593180947187086 0.9958859304359405 -0.0011250603992201636 -0.09060816380110437 -4.849662174451374
-0.003340965619070585 -0.9997026974116501 -0.024153591444106653 -0.27520476120973186 -0.09035536475075713 0.024356713447067614 -0.9956116919483726 -64.45167919644925 0.9959039144513973 -0.001143897753799042 -0.09040987682799705 -4.933661057422254
-0.0017764823292198036 -0.9996899752548796 -0.02483819413860571 -0.280461372673127 -0.09250096922685071 0.024896015331235914 -0.9954012686576661 -65.31671450871487 0.9957109280679821 0.000529243757841572 -0.09251651500201612 -5.013202308583543
-0.002528331468683383 -0.9996660458876305 -0.025720238636442586 -0.28688806050612436 -0.09337925978200524 0.025843951262713986 -0.9952951840080206 -66.17644241227656 0.995627316634573 -0.00011469889359420893 -0.0934134187940306 -5.091340267684041
1.2861308713689457e-05 -0.9996515642162365 -0.026397284500591825 -0.2860598147545628 -0.09542410304136116 0.026275597800125762 -0.9950899278116633 -66.99363107765548 0.9954366736127733 0.0025317338159930626 -0.09539051810883946 -5.174820696279996
0.0003153463439159246 -0.9996279495004077 -0.027276624309539435 -0.2905765017476273 -0.09687716656371612 0.027117792809761593 -0.9949268960377938 -67.81400304044926 0.9952962386814947 0.0029562283216445183 -0.09683256915367752 -5.256520037850482
0.0012743186922381869 -0.9995482607879929 -0.030028479754644222 -0.288746266502773 -0.0978120241835049 0.029759923984773923 -0.9947598515115423 -68.60465175306376 0.995203981169274 0.004204790513151445 -0.09772992267701211 -5.352238856167163
0.0018803184506338121 -0.9994431755935167 -0.033313518000675335 -0.3009068406697226 -0.09999043785878856 0.032958709377206116 -0.9944423723786208 -69.4111090007809 0.9949865224527904 0.005200902482470249 -0.09987278782783995 -5.444373148830373
0.002960683235660195 -0.9993882736053719 -0.03484733312444635 -0.3220807836476938 -0.10183856678972542 0.034364983240067704 -0.9942072710153484 -70.16770200274507 0.9947965011374409 0.006492334199420897 -0.1016745164757279 -5.5282417914827775
0.005555122058274346 -0.9995068371603009 -0.030907928127434356 -0.3232318556065555 -0.10301400258967441 0.030171966470621148 -0.9942221704627546 -70.93225931257908 0.9946643049904974 0.00870697761531064 -0.10279558852889549 -5.617769771928054
0.006747544970028585 -0.9996814592661234 -0.024321066389447733 -0.33144577110253604 -0.10299136284283612 0.02349752731234224 -0.9944046257365455 -71.64068093446495 0.99465924866049 0.009214651410456728 -0.10280001228237083 -5.6915064539125275
0.006830167231437229 -0.9998012686413157 -0.01873000691017839 -0.32827763348618433 -0.10363798787736143 0.017921818481493934 -0.9944536786156972 -72.363522131424 0.9945915462714778 0.008733427947763942 -0.10349498671293117 -5.76624774505274
0.008616552995308285 -0.9998043873096069 -0.017804996127642754 -0.33136871145592145 -0.10433584987120326 0.01680956146046641 -0.9944000224015307 -73.05538641380342 0.9945047594630557 0.010425996772856244 -0.10417060405577468 -5.841520637443189
0.013368841542189248 -0.9996858198024866 -0.021206333122464116 -0.3222058474287784 -0.10571614599596262 0.019676250912004506 -0.9942016887539766 -73.72858618484113 0.9943063589080232 0.015533179276087727 -0.10541988845419374 -5.918617990770345
0.013225394413463609 -0.9996463034066733 -0.023074849327167433 -0.32120408279612495 -0.1067192520024526 0.021533904070819114 -0.9940560009318057 -74.40432131501242 0.9942012127989632 0.015609308009889262 -0.10639671548428273 -5.994669615514602
0.012888458520993596 -0.9997100097389301 -0.020347218513649235 -0.3160335049535421 -0.10860838795032601 0.01882889554027713 -0.9939063048795967 -75.03465236265116 0.9940009758277748 0.015019793457181602 -0.10833415406127073 -6.064146833368973
0.005036610193603502 -0.9998620065843608 -0.01583481625767555 -0.31081995753854214 -0.10802719863233236 0.015198317770874091 -0.9940317059382066 -75.65249953789956 0.9941351446067973 0.006717132205726879 -0.10793569896447759 -6.120981090316157
0.0009391658533035776 -0.9999373111277665 -0.011160009367151918 -0.3037230428777899 -0.10701960855612533 0.010995418015453774 -0.9941961008564986 -76.26184082705458 0.9942563845403637 0.0021280548638545277 -0.10700257386875735 -6.181210852595417
0.0008889491599248615 -0.999937604922217 -0.011136729575921241 -0.3010520759810488 -0.10383373473326024 0.010984238722408212 -0.9945340202138465 -76.8183498894415 0.9945942389770458 0.002040456892928859 -0.10381749988233309 -6.244977031245859
0.005241301693461639 -0.9998958649631875 -0.013445087144148684 -0.30661370274248256 -0.1005534686896746 0.012850132518399567 -0.9948486971070266 -77.41051868875711 0.9949178375604012 0.006566257968427415 -0.10047565021186118 -6.312820042381084
0.004852020030155687 -0.9998542696287727 -0.01637024608470945 -0.3068624721363895 -0.09618003104698832 0.01582793095529926 -0.9952381000200768 -77.98025641922952 0.9953521066968664 0.00640340934020346 -0.09608921918545493 -6.386614035860819
0.0036166459409148564 -0.9997896600074484 -0.020189163272043724 -0.30424471816766036 -0.09077040126977505 0.019777729729058578 -0.9956754269041665 -78.53324572876063 0.99586523295702 0.005433574333450962 -0.09067977766997344 -6.431270963297047
0.00024928282708389267 -0.9997244424452572 -0.023476759921282123 -0.2989642678259763 -0.08303395393019788 0.02337499447766357 -0.9962725344171796 -79.08483663718107 0.9965465683983193 0.0021977225044045815 -0.08300524230474746 -6.472146119321451
0.002130435813719774 -0.9997046760309871 -0.024209715422658477 -0.2983332603955505 -0.0724000841340117 0.023992035617455415 -0.9970870484365922 -79.56341907471048 0.9973733126741705 0.003877015874305969 -0.07232758943117518 -6.506315133289479
0.005051061973136737 -0.999673574104214 -0.02504740489763297 -0.29781693448645596 -0.056710080302359966 0.02472105242188892 -0.9980845761788 -80.04080561295633 0.9983778612991682 0.006461827453439151 -0.05656670339502566 -6.535045106091878
0.010135179631224893 -0.9996268337543468 -0.025368309654106577 -0.3049472142048412 -0.038314780777647085 0.02496275547094763 -0.9989539195858916 -80.5320994251352 0.9992142148824168 0.011096558809388458 -0.038047484102172534 -6.551308287935394
0.010707658902568374 -0.9996233642211357 -0.025268570520042947 -0.31484322782394747 -0.017133649298419613 0.025082893769931103 -0.9995385717765087 -81.00442460079421 0.9997958359195148 0.011135654161901138 -0.016858617672499483 -6.555197305266451
0.006777060324199172 -0.9996281016714932 -0.02641749533183124 -0.31074960577993316 0.008756304385066565 0.026476417634510436 -0.999611109771358 -81.4916521981634 0.9999386412421697 0.0065431028964720046 0.008932482041290386 -6.53025599483672
0.006732115113498898 -0.9995625781646056 -0.02879856055461577 -0.306883094124919 0.038154362499526896 0.02903499523116254 -0.9988499451584998 -81.93919044978993 0.9992491117056599 0.005625576998379704 0.03833314965533856 -6.491458392844479
0.0063903158808656865 -0.9995436995897465 -0.0295248673561095 -0.31131853648449614 0.07153545007729596 0.02990677178615878 -0.9969895914403816 -82.3815370702755 0.9974174513751143 0.004258999893973174 0.07169392233297553 -6.428314823495995
0.00698525724506816 -0.999536686099193 -0.029626415179225818 -0.315829937684503 0.10821375960715293 0.030208740230266665 -0.993668565183641 -82.84162319036393 0.9941030282161997 0.00373504439224457 0.10837470252466518 -6.361934273475465
0.00812708866376959 -0.9995161261486759 -0.030024941469491345 -0.3189638800686696 0.1502219273070295 0.03090554011806451 -0.9881690838422926 -83.26439201510773 0.9886188411972213 0.0035205304994853585 0.15040041121816589 -6.273906456676158
0.009274606313834042 -0.9995187846443109 -0.029603088030694148 -0.3227363150971363 0.19550558141630522 0.030845541528972342 -0.9802173549794339 -83.68882364344458 0.9806586292376879 0.003303565553991342 0.19569761215719364 -6.15794359300211
0.01198066153431566 -0.9995201022373357 -0.028567351937604537 -0.32261674523907746 0.244930634610752 0.030632502813104992 -0.9690565699266097 -84.1059003265068 0.96946648753907 0.004612912217267867 0.24518011565257936 -6.035912529256521
0.013494826664350295 -0.9995571856274851 -0.026524538026394446 -0.32071602948554545 0.29687841845528934 0.02933605205983947 -0.9544646349686517 -84.48704612020333 0.9548198926458629 0.005005774089740091 0.29714279127581017 -5.887818615341242
0.014015149048771778 -0.9996024503310366 -0.024466279487114478 -0.32699563447385516 0.35232843907553196 0.02783628316906261 -0.9354623747160884 -84.8660383271319 0.9357713617272972 0.0044904805289902126 0.35257849778216555 -5.689941943804386
0.01551584030722797 -0.9996197270694207 -0.022797126358826324 -0.32347313688973284 0.4106245515078389 0.027158813171079373 -0.9113998964788046 -85.17710135356388 0.9116724720715242 0.004780073385256418 0.4108898365216927 -5.4923827328366635
0.016586733142774784 -0.9996680752144028 -0.01971871807942345 -0.33269232606780563 0.4681869892020907 0.025191013502969595 -0.8832702077863388 -85.51126377022948 0.883473650022372 0.005418524185656189 0.46844939335425567 -5.2542573527354355
0.014501600257040564 -0.999753139009405 -0.01683492690606899 -0.33633824793941297 0.5256658746075719 0.021944972603808427 -0.8504080217636947 -85.83243586009056 0.8505674786574597 0.0034827283582902074 0.525854367139151 -5.009814720352013
0.015023572184374433 -0.9997703185159371 -0.015286226441187725 -0.3343762758785123 0.5795969739844763 0.02116507320946701 -0.8146283363329407 -86.10793859552983 0.8147647003508823 0.003378768180467444 0.5797818746061585 -4.754072643180463
0.015456805117015358 -0.999759216914494 -0.015578060654080818 -0.31641057091295527 0.6308665368120029 0.021838534788712317 -0.7755839734432562 -86.40784997919964 0.7757373862669115 0.002160369192981959 0.6310521300942723 -4.433435453495606
0.017014251834919253 -0.9997256951045338 -0.016098929238440758 -0.3228402034433914 0.6796224044632617 0.023373246416249136 -0.7331896161278437 -86.642159049574 0.7333646787595436 0.0015334856668136835 0.6798336517488316 -4.175480936732447
0.016791285216642603 -0.9997310412796089 -0.015998844466314898 -0.3223030129527511 0.7244260575974312 0.023192884172884377 -0.6889622506965394 -86.89253847632445 0.6891478803455096 -2.1421416400388762e-05 0.7246206906104731 -3.857727898257055
0.013630746584682666 -0.9998072081825784 -0.014134498933918663 -0.3326615799093191 0.7655810663913645 0.0195282971772731 -0.6430428572269893 -87.08550608347086 0.6431948475753247 -0.0020559480926984532 0.7656997362380441 -3.5513923714469926
0.009778335341509306 -0.9998677206664215 -0.013001270864532767 -0.32321707970277497 0.8024166252689747 0.015604404854443175 -0.5965601472675162 -87.26293057104307 0.5966840389171828 -0.0045990708576798 0.8024631028040475 -3.2165584666720473
0.012609281468731904 -0.9998529797740541 -0.011624643559695579 -0.30854520036362626 0.8351821576796895 0.0169237559186347 -0.549712826590242 -87.46215686763934 0.5498287509570986 -0.0027772095112621716 0.8352728226126335 -2.8409367977549915
0.01729429166376481 -0.9997929104294749 -0.010737607731918477 -0.29242320384209675 0.8637893661564767 0.02034860905204139 -0.5034419292503067 -87.59197053001223 0.5035560256550625 -0.0005683589812823086 0.8639622992841938 -2.529725211873531
0.017634426651174456 -0.9998094862773084 -0.008372032978393422 -0.29722450182574134 0.8888927567705938 0.019510707870212467 -0.45769967875548706 -87.73820223473827 0.4577757617906936 0.0006294381717804175 0.8890674554786132 -2.1790268291346435
0.010443722197835688 -0.9999220932548318 -0.006839761452217247 -0.3171885059855314 0.9099205173759354 0.01233967676645913 -0.4145989905617581 -87.834282682013 0.4146510588505163 -0.0018936823428707481 0.9099784550357053 -1.8257477669148223
-0.003080157656403174 -0.9999551284922936 -0.00896442591517664 -0.30352187758962407 0.9271059181711977 0.0005042472553790133 -0.37479887428385744 -87.93464081627745 0.37478657674254323 -0.009465412514254173 0.927062755401024 -1.4594071444340466
-0.007729903633653011 -0.9999133668769628 -0.01066342705236294 -0.2733132440283448 0.940548809843056 -0.0036489531006836775 -0.33963889876321646 -88.01760520571486 0.33957039563037555 -0.012654847155780734 0.9404955237343365 -1.092459473684666
-0.0040676005370569104 -0.9999530076944131 -0.008805831485393016 -0.2695629602810025 0.9519609388193961 -0.0011757560610233904 -0.30621702712636134 -88.12373050954085 0.3061922008852185 -0.009628376045126315 0.9519210145980803 -0.7190074620030713
0.005651541027254351 -0.9999777753616773 -0.0035404454001355507 -0.27137811647923243 0.9611582437962252 0.006409060033781727 -0.275923286965826 -88.23270246226741 0.2759397399380487 -0.0018435375500198336 0.9611731789389639 -0.3603520621833306
0.012556690343781157 -0.9999209826479732 0.0007041008494549873 -0.2706955005706912 0.969020052958702 0.011994947531470432 -0.24669013284456873 -88.30888025287987 0.2466621174327679 0.003779898487893646 0.9690941621247484 0.01460097613760819
0.010955176833310553 -0.9999381257024077 0.001942263479557233 -0.26592498155556915 0.9752461287867326 0.010255620614153773 -0.22088375743491517 -88.38534451048123 0.2208502192239334 0.004314006112333943 0.9752981315525355 0.41639991619307376
0.004185184438594884 -0.9999814878037631 0.004435196405771436 -0.2579470271324942 0.9801858760620871 0.003223913852232716 -0.1980534435971265 -88.4434989264801 0.19803546110581013 0.005176207699587218 0.9801811927091724 0.8257492730524819
-0.0020939832611940046 -0.9999353249502484 0.01118724474587586 -0.24772713363789767 0.9843058274589951 -0.004035088254061896 -0.17642474828044327 -88.48492467310017 0.1764584815621997 0.01064224510619049 0.9842505015152558 1.2241820872573408
-0.0024631739403865836 -0.9998128331722357 0.01919094773772105 -0.24558951022461023 0.9874758373617094 -0.005459285069724007 -0.15767531970714796 -88.54630072273173 0.15775060117310996 0.0185622109437558 0.9873045210101107 1.6517186590958737
-0.003144312038448423 -0.9997945631477012 0.02002756531862339 -0.2418390120055086 0.9901687508664105 -0.005913516019106059 -0.13975249881355553 -88.59762520945353 0.13984222187283737 0.019391243162837753 0.9899839030575545 2.098774966166934
-0.0005980704678560074 -0.9998821668049978 0.015339214121821806 -0.22735745009714242 0.9922425892753891 -0.0025002515412695893 -0.12429099633095475 -88.64964070468282 0.12431465371278282 0.015145883880061349 0.9921272621091255 2.550125568922335
-0.001542797881101953 -0.9999202552103599 0.012542228395388884 -0.2083019007207323 0.9938938235929928 -0.0029170327412399296 -0.1103013067157226 -88.69403644305746 0.11032910404636806 0.012295469394784991 0.9938190736223418 3.0341567825845037
-0.0037299130308519352 -0.9999402256772896 0.010287308543964722 -0.19999103341339197 0.9952386622047525 -0.004713932679373664 -0.09735275912208197 -88.74129517071015 0.09739541601762775 0.009875213655329286 0.9951967527102256 3.5206858970805612
-0.006149266192836445 -0.9999435910586238 0.008668181818369935 -0.18666570359233414 0.9964163904630337 -0.006858374853913068 -0.08430362111893204 -88.76527884286855 0.08435830658416997 0.008118711232705127 0.9964024240467496 4.0135632465679265
-0.00874804265088384 -0.999915077695964 0.009665035588274199 -0.17368923291235994 0.9971623859542598 -0.009445862903008969 -0.0746858065599916 -88.78676549289594 0.0747707433058649 0.008984252252202165 0.9971602645538927 4.5023915912471715
-0.011431511878096746 -0.9998826630211756 0.010203712854704635 -0.1647184190878359 0.9977293742848063 -0.012083035973687598 -0.0662567573924132 -88.81205825190449 0.06637226310474892 0.009423132163067541 0.9977504378517843 5.039035135323726
-0.012271414780274055 -0.9998681284415706 0.010644107026708077 -0.1528240751998891 0.9980878399082969 -0.012893100104502713 -0.06045155689704699 -88.84126661303742 0.06058080783373116 0.009881925304648098 0.9981143548847768 5.5994098539443
-0.012715494628216962 -0.9998574460313141 0.011107397375434737 -0.13838589330550524 0.9984042291817576 -0.013306675957499573 -0.05488046442780368 -88.87486783776647 0.0550204413803424 0.01039183874886759 0.9984311205857166 6.147933602675227
-0.012696461430071332 -0.9998487345759671 0.011892169938684263 -0.12773936834154895 0.9986858493511347 -0.013270468476107647 -0.049501831953478855 -88.90352526376718 0.049652148643052826 0.01124803968870155 0.998703249906179 6.745807154215319
-0.017023068692751255 -0.9997826500875228 0.01204071471596239 -0.1186302428375427 0.9988278885459835 -0.017550071876531903 -0.04510880192994039 -88.93556800028101 0.04531030858786151 0.011258710635260011 0.9989095305692832 7.350952182228499
-0.0192514300696931 -0.9997392939770072 0.012280636834815832 -0.10509147219530947 0.9989443305158607 -0.0197455868519769 -0.041474295183567426 -88.94968674549932 0.04170596104415862 0.011469236940451641 0.99906411692167 7.96752720023001
-0.01883024145742207 -0.9997603848520129 0.01116366971478129 -0.09106550830786617 0.9990922160438447 -0.019242036811113847 -0.03800523851604939 -88.9694641539026 0.03821093905025953 0.010437885736180444 0.9992152482685359 8.603364037191664
-0.02022388037382862 -0.999737428794572 0.01077641199283349 -0.07938622237098782 0.9991516006641411 -0.02059643247456802 -0.035661519362989454 -88.98890883097222 0.03587410411532054 0.010046047836590391 0.9993057628483967 9.279133229172889
-0.024086045378927366 -0.9996556163023265 0.01042023462347759 -0.06593638322292861 0.9990768842177634 -0.024440342775829765 -0.03532752429536207 -89.01150738198574 0.0355700297658283 0.009559708904101537 0.9993214481547572 9.936293036673131
-0.026891563416899134 -0.9995813964424779 0.010678832028800342 -0.052128467454136615 0.9989933894524575 -0.02725634206252603 -0.035624481855857204 -89.03295179821555 0.03590063119893028 0.009710087485978722 0.9993081854794252 10.630350540656577
-0.027426206523271535 -0.9995672184307371 0.010642177623381167 -0.03385252698393272 0.9989104775590874 -0.027807191283511827 -0.037476112506988124 -89.05389366656745 0.037755819701110284 0.009602758487525377 0.9992409078067833 11.324260682216815
-0.029542803602211662 -0.9995119515569311 0.010154921079884896 -0.020247775119694743 0.9986728972286903 -0.02994370554803566 -0.0419007705364562 -89.0821914624265 0.0421843993238288 0.008903584465064816 0.9990701791502473 12.037944915192943
-0.030400117260936943 -0.9994895607395073 0.009825033125924615 -0.004346219615296604 0.9984811853912381 -0.03081834451760105 -0.04566526442110061 -89.12108838414055 0.04594473769669042 0.00842188024954759 0.9989085317785381 12.775506896907395
-0.030216635567334796 -0.999508781242086 0.008327923988586013 0.008444544202015361 0.9982469671322881 -0.03060059883741957 -0.050660528405214525 -89.15393496273069 0.05089046755618301 0.006782526000487736 0.9986811944047543 13.539559009864423
-0.030822333699360414 -0.999499638946842 0.007111759404176845 0.02602820238221666 0.9979921999575786 -0.03116815740214659 -0.055135871077539624 -89.20360065707409 0.05532994066915149 0.005398062128052112 0.9984534811015068 14.345135718961838
-0.031195004867781213 -0.9994978507599988 0.00557110550933973 0.038328395913649546 0.9977907659727168 -0.03146785358853392 -0.05850923903630248 -89.2551283712177 0.058655163063440166 0.003733599377918874 0.998271298456315 15.138343288330201
-0.029920649961610007 -0.9995427362231692 0.0043824328352421475 0.0561655127185507 0.9975379988019896 -0.030138269248983034 -0.06332068644495267 -89.30918753069575 0.06342380090839929 0.002477050326884723 0.997983629210593 15.925281043202517
-0.02873635934865164 -0.9995761808156539 0.004669243338452552 0.06798527762037919 0.9973100147792647 -0.028985697321767867 -0.06732302463810559 -89.36540540868586 0.06742982492537634 0.0027220661399903314 0.9977203266704195 16.732814011006454
-0.028203261307734623 -0.9995776388275454 0.007014739303876358 0.0896324034256607 0.9971273151715674 -0.028626247602314095 -0.07012518496763583 -89.43007322170486 0.07029636089921049 0.00501682414758215 0.9975135089100488 17.527023143839436
-0.022976890013248204 -0.9996722049307193 0.01129897820819192 0.10680158435754378 0.9971658429478673 -0.023726240482787146 -0.07139512971937563 -89.49873977413345 0.07163979998921244 0.009626511892021284 0.9973841204960352 18.349860817415113
-0.01887128927705222 -0.9997109576948611 0.014900650798483999 0.12632066637984046 0.9972882832448973 -0.019881681785433935 -0.07085716127155021 -89.57534605871024 0.07113291568987813 0.013523080734736128 0.9973751710624862 19.167231078629307
-0.014620210600643961 -0.9997724122862074 0.015539610327716762 0.1403056892218297 0.9973084669261175 -0.015697373076838064 -0.07161930985736628 -89.64594552312461 0.07184692873427338 0.0144506906705878 0.9973109636774821 19.9897874482107
-0.013765363689521321 -0.9998036913066847 0.0142577773606903 0.17098361596763853 0.9972192048536641 -0.014771447470592015 -0.07304559027371606 -89.71310288823095 0.07324184651023265 0.013212626930132684 0.9972267511601136 20.80901911859277
-0.013173344163836405 -0.9998349775514572 0.012518310564364053 0.19334530905974215 0.9973599669956001 -0.01403277285806472 -0.07124666967159086 -89.78158807212644 0.07141056297536122 0.011546699579245352 0.997380107021901 21.640585921898797
-0.012106006871518547 -0.999852798461042 0.012164481145163986 0.2200943234073635 0.9972757813273485 -0.012958274698107806 -0.0726160759099529 -89.85032091464187 0.07276300581780516 0.01125225761801176 0.9972857215696264 22.463205450243972
-0.009529760245889078 -0.9998837389552674 0.011902499564671305 0.24362500322137257 0.9973607808891858 -0.010361143040170327 -0.07186102336194208 -89.90864784219158 0.07197598133530576 0.01118626256562947 0.9973436062860596 23.27837732576464
-0.008449389277989343 -0.999887851768249 0.012366725332386285 0.2673004424968325 0.9974456976209394 -0.009304651403910803 -0.07081906532270449 -89.97625544670976 0.07092618670750815 0.011736752838604248 0.9974124876819 24.100675862920443
-0.0067972246185250655 -0.9998879856158615 0.013336374372731823 0.29384261563727393 0.9975102954336873 -0.00771600197206186 -0.07009675105352076 -90.04371909561002 0.07019179444216828 0.012826701281098342 0.9974510735905868 24.909018461990033
-0.005548119430639884 -0.9999023933775532 0.012828318814367854 0.31172177504223053 0.9976369701687154 -0.006413147187619265 -0.06840431647532391 -90.1153360896663 0.06847990249723605 0.012418483999242464 0.9975752216182591 25.744815734913743
-0.0037897400653796685 -0.9999227695874391 0.011844806401028352 0.33668975578860777 0.9978420461081582 -0.004557748193356205 -0.06550010344702391 -90.18419064628291 0.06554902047438893 0.01157101068874209 0.9977822402587357 26.563142476361605
