0.00711431659728142 -0.9999679637800194 -0.0036740048375980047 -0.720861801816522 -0.010737746673526456 0.0035974924092348824 -0.9999358757280932 -0.7246704116445192 0.9999170216442929 0.007153310555061745 -0.010711809006516304 -0.0013147834590857
0.005165790945521238 -0.9999829505285458 -0.0027469005977614584 -0.7206160739843016 -0.01384096853826659 0.00267517348960091 -0.9999006799476112 -1.2355275378823523 0.9998908724389807 0.00520329655565845 -0.013826911735122148 -0.002126236942352866
0.005942808301551529 -0.9999811387808961 -0.0015714850200427499 -0.7217679240095332 -0.018007277865147622 0.0014642420670680923 -0.9998367996062133 -1.9196898709420465 0.9998201967122037 0.005970136254886645 -0.017998236368619625 -0.014400335086619864
0.0060136424632427484 -0.9999819112714264 0.00036722910311130953 -0.7050613247492903 -0.022449547120121222 -0.0005021490030737658 -0.9997478781070311 -2.8409409813926447 0.9997298745721795 0.0060038822993409005 -0.022452162460168987 -0.03050769750402388
0.007112759429360133 -0.9999739707736004 0.0011827438123409232 -0.7043111420647697 -0.027370094724123616 -0.0013770125589484873 -0.9996244597836564 -3.585304524451746 0.999600044288943 0.007077715364611594 -0.027379170060411646 -0.05238711127083079
0.0075466616755256065 -0.9999702969355482 0.0015642430075633947 -0.6890397845345348 -0.030927523395595066 -0.0017969450378045833 -0.9995199520590919 -4.335550891193501 0.9994931095313894 0.007494660703983259 -0.030940168837721025 -0.07227873725976675
0.00725464795822706 -0.9999714160219667 0.002146917284121311 -0.6822086525663991 -0.035380512266097584 -0.0024023093219329807 -0.9993710150446337 -5.100994519100908 0.9993475397430603 0.007174125837638478 -0.03539692913629408 -0.11125142544174077
0.009769509090506407 -0.9999494590130933 0.002411600608434315 -0.6747761840615691 -0.040055272821139784 -0.0028011189585839427 -0.999193537385307 -5.886784598767044 0.9991496762301496 0.009665033635441718 -0.04008061013192247 -0.15530160538109183
0.012330942302244198 -0.9999227268024503 0.0015914648874911833 -0.6676290610702167 -0.044439893366727296 -0.002138040010248094 -0.9990097432508303 -6.682654625774606 0.9989359515836721 0.012248006284352292 -0.0444628222919961 -0.18862717781328087
0.012581194504100954 -0.9999204827722492 -0.0009439742694532291 -0.6594181515937649 -0.0484732750975054 0.00033303874372715903 -0.9988244378942545 -7.490074853388776 0.9987452005542703 0.012612162721478934 -0.048465228247828125 -0.228335945318082
0.012257253424901474 -0.9999200106900475 -0.0031379860941799518 -0.6492537072888216 -0.0526910689400701 0.002487967505639859 -0.998607705369993 -8.313470997327865 0.9985356592461189 0.012405532265495674 -0.052656357930541346 -0.2666107036627241
0.01277784971086013 -0.999913240617425 -0.003218679316490699 -0.6462622670696696 -0.05518627199889678 0.002508819673440488 -0.9984728982084448 -9.141773314465514 0.9983943483157964 0.012935962795479232 -0.05514942138430064 -0.3152031278902182
0.0115438086127875 -0.9999298895689817 -0.002646705952304862 -0.6504427531259603 -0.05670081447234097 0.0019880381492742914 -0.9983892406441016 -9.960036567074637 0.9983244260029995 0.011675284286659015 -0.0566738927620618 -0.36777534904269693
0.009792923896267926 -0.9999493041941506 -0.002366879382870533 -0.6366619383951435 -0.05761687629018442 0.0017987965277318607 -0.998337152140801 -10.780082406529463 0.9982907482072295 0.009913010806508605 -0.057596336423999805 -0.41142698700066044
0.0092797036532869 -0.9999518245206012 -0.0032136662962210655 -0.6389686116443067 -0.059910577593359826 0.0026520572607097526 -0.9982001666488868 -11.612900669187281 0.9981606125250453 0.009455535258263757 -0.059883078513996664 -0.4574240136925232
0.007589496064133277 -0.9999674076825766 -0.002765380904212844 -0.6281012419855336 -0.062425129636310965 0.0022862785533589855 -0.9980470440952947 -12.477667693980122 0.9980208151836092 0.0077473024943312645 -0.062405740717492275 -0.50632775880902
0.009648634839048799 -0.9999533033185459 -0.0006730631828245633 -0.6178665214635692 -0.06505921095723949 4.3905764636159274e-05 -0.997881404338106 -13.361342744637739 0.9978346992594342 0.009671981858843048 -0.06505574560368496 -0.5489376043196693
0.009572710562672258 -0.9999539977869587 0.0006714684253567377 -0.6171549794186331 -0.0660030720318475 -0.001301893029652969 -0.9978185033032203 -14.23657334670581 0.99777351127225 0.009507508274967734 -0.06601249553301929 -0.6134787071115748
0.011766439347457523 -0.9999290919524478 0.0018473286384083026 -0.6129143485437762 -0.06652578972987117 -0.002626188660393951 -0.9977812077586758 -15.127873112706734 0.9977152973777325 0.011617437977236269 -0.06655197868706357 -0.6743932395625284
0.013898831345241138 -0.999901182597797 0.002115335216381823 -0.6009769567775813 -0.068626169157814 -0.0030644642906701813 -0.997637770364863 -15.979721383719736 0.9975456092578308 0.013720830931376412 -0.06866198405457095 -0.7321327909764801
0.014171479516023584 -0.9998990733207638 0.0010585663749419745 -0.5870676983461365 -0.07022060274150418 -0.0020512878413229637 -0.9975293881086268 -16.888078611675066 0.9974308240010391 0.014062134139662378 -0.07024257667470063 -0.7902446437216926
0.01454200541297502 -0.9998942807582331 -0.00011144229359232971 -0.5774179981468128 -0.07186880637114107 -0.0009340622435243952 -0.9974136499679244 -17.802674349993207 0.9973080802855784 0.014512403801082955 -0.07187478316945065 -0.8509089970318571
0.014982799888270592 -0.9998873946168305 -0.0007866210271879345 -0.5671351788962621 -0.07259216768817403 -0.0003031233846985676 -0.9973616897320113 -18.70392100596048 0.9972491284082659 0.015000371211390135 -0.07258853750357203 -0.9162960701843292
0.013799693652363854 -0.9999046553675829 0.0005069292832770181 -0.5639168589771144 -0.0734503671135652 -0.0015192978478987956 -0.9972976940328454 -19.58937797930825 0.9972034261442553 0.013725167559877417 -0.07346433280446507 -0.9768718425873628
0.013049095641372481 -0.9999143502015793 0.0010482239445984778 -0.5525252104197266 -0.07447169866280041 -0.0020172728865269097 -0.9972211513017115 -20.48977252760779 0.9971377670670771 0.012934770126771807 -0.07449163475484556 -1.0389834186749374
0.01245375131302738 -0.999921732695198 -0.0012046815446057385 -0.5442612098729509 -0.07474409790243812 0.00027048757250326905 -0.9972026609172404 -21.419703273061284 0.9971249163888246 0.012508957922111543 -0.07473488488553065 -1.1067496101318794
0.01425546868818181 -0.9998887782877323 -0.0044013675275505065 -0.5362596527893443 -0.07462217100342049 0.0033256672295975138 -0.9972063232143389 -22.373506423669156 0.9971099083945438 0.014544083919007767 -0.07456644991777933 -1.1827250304608248
0.01496793158857549 -0.999861609514784 -0.007260351910303976 -0.5294989772056843 -0.0745722159387393 0.006124655130513066 -0.9971968090014106 -23.30613174155775 0.9971032098539054 0.015467394295841291 -0.07447022171908857 -1.2557441227250405
0.012887727382463094 -0.9998681940882785 -0.009872110617690976 -0.535411623422384 -0.07301678358705696 0.008905519224247392 -0.9972909549339819 -24.24035109990019 0.9972474468684759 0.013573642184586482 -0.07289239360671049 -1.3098154550060355
0.011710656993707975 -0.9998691709643792 -0.01115629028222037 -0.5452074499426935 -0.07015499288767123 0.010307994777303483 -0.9974828223070622 -25.19128381911467 0.997467325559155 0.01246384750295843 -0.07002509977101147 -1.3681858024024989
0.01450452221980142 -0.9998558577977776 -0.008830479336070429 -0.5394997414575162 -0.06894091095760776 0.007810369607244075 -0.9975901263398058 -26.151075549614934 0.9975152666093776 0.015078350116064147 -0.0688176898270455 -1.431068799486231
0.014461102309506613 -0.9998860757171412 -0.004327496864200273 -0.5335930473073233 -0.06749605641682553 0.0033419169461079163 -0.9977139487435582 -27.115259956122003 0.9976147056264374 0.014720131533684056 -0.06744003775561455 -1.5028843664619242
0.01371664300400312 -0.9999046695808209 -0.0015674009771439255 -0.5314145076589137 -0.06614100086253888 0.0006567980364786704 -0.9978100627396704 -28.049047635153894 0.9977159904246206 0.013790273836825484 -0.0661256870404818 -1.5578266931750642
0.013252915980173365 -0.9999078626222393 -0.002947751788335864 -0.5197274062825804 -0.0662388572145184 0.0020636035886052117 -0.9978016957088748 -29.034565583260175 0.9977157814884573 0.013419036758335596 -0.06620541256877858 -1.62707472027257
0.01185351302791127 -0.9998965048464515 -0.008155623610290307 -0.5170196828541531 -0.06614457947732215 0.007354256530948619 -0.9977829057931079 -30.010764384335385 0.9977396174191399 0.012366683323008401 -0.0660505625588599 -1.6919675144211075
0.006340944640234741 -0.9999250927231328 -0.010471951099195125 -0.5244931492378945 -0.0672599928634327 0.010021968677225592 -0.9976851120682093 -30.992117587567762 0.9977152998497741 0.007030609396634425 -0.06719140611746034 -1.7453847431648917
0.0001714203915380804 -0.9999379081039012 -0.011139671079824649 -0.5163803124007676 -0.06767736771135205 0.011102529404057126 -0.9976455043306618 -31.972154668530653 0.9977071949585724 0.0009249193602742818 -0.06767126079559521 -1.8028241719131712
-0.0027519755381653997 -0.9999676033951419 -0.0075704957754915364 -0.5269563911122596 -0.0686751565373053 0.0077416377316008545 -0.99760906150776 -32.953948203037235 0.997635300986584 -0.00222549078940256 -0.06869423719343547 -1.8629522868896935
-0.0006690018590230816 -0.9999901034171191 -0.004399434934847977 -0.5162001633550101 -0.07093015597422725 0.004435806652944969 -0.9974714426850317 -33.94097850911528 0.9974810562455187 -0.00035525835842428266 -0.07093241559392188 -1.9280324731625083
0.00021639985498907193 -0.9999933146310412 -0.003663037657544243 -0.5156909816420069 -0.07243826681332101 0.0036377386233475374 -0.997366295364034 -34.93849248619888 0.9973728605751759 0.00048117373857884115 -0.0724369920583366 -2.002398773616656
0.0009511430558615253 -0.9999879351066964 -0.0048147804287702 -0.4951772013660538 -0.07310409126032778 0.004732367263234769 -0.9973130488290385 -35.958318625903026 0.9973238832944268 0.0013005666207963485 -0.07309871431909631 -2.0716470951660675
0.0032427574985620044 -0.9999707388050948 -0.006927726014487949 -0.49601268860184533 -0.07492815764441188 0.006665317702538581 -0.997166667760089 -36.97349985169504 0.9971836505619719 0.0037526503078671716 -0.07490435120110057 -2.147453180724655
0.003843142697018784 -0.9999591851873905 -0.008170808987729353 -0.49114730857850186 -0.0756695472442075 0.007856640110470074 -0.9971019792462513 -37.985715068537786 0.9971254677485172 0.004450286752544282 -0.07563626680748887 -2.222546231215896
0.003970999231495814 -0.99994152163547 -0.010056847580510554 -0.4970034460777993 -0.07689782135569877 0.009721798139381618 -0.9969916526130137 -38.99855842573452 0.997031034785409 0.004732401403701514 -0.07685472637087744 -2.2976707978727036
0.0013394204107356666 -0.9999076736707408 -0.013521315987232536 -0.4898840420765565 -0.07710512197972864 0.013377807479430966 -0.9969332131069379 -39.99371833872488 0.9970220603360351 0.0023778746197882336 -0.07708008589016663 -2.3694433579487533
0.006711888516564393 -0.9998494115442416 -0.016006861004170782 -0.5021270851582508 -0.07732040626197079 0.01544038660904449 -0.9968867243039523 -40.95973617260688 0.9969836722773785 0.007928649721103216 -0.0772051266256089 -2.4547360789581254
0.008108464534230269 -0.999847852096533 -0.015446193824415809 -0.5051358158325363 -0.07719924491853061 0.014774693564073592 -0.9969061885192368 -41.95779105229198 0.9969827242037763 0.00927581284929049 -0.07706768809830387 -2.5192271980404026
0.007937278720763889 -0.9998613183768839 -0.014642168401522184 -0.5046749841590262 -0.07739688868161766 0.013984430179011314 -0.9969023106705945 -42.94955071753886 0.9969687492550556 0.009045948504617795 -0.0772751612997752 -2.598955100981728
0.011998589084671144 -0.9998402433479502 -0.01325019986979526 -0.49259934250048654 -0.07661538811399322 0.012292936356986335 -0.9969849686449653 -43.96384465234315 0.9969885241455438 0.01297758177455593 -0.0764556524416575 -2.6758144521709246
0.013994079112795942 -0.9998023453726457 -0.014121369635366218 -0.4810257899975323 -0.07806992599391771 0.012987125095281372 -0.9968632910936891 -44.94631238085246 0.9968496427761261 0.015052638045700464 -0.07787276220807733 -2.7466702659169884
0.012217432983328709 -0.9998190457370055 -0.014583579603847058 -0.48589910898048067 -0.08013631294364011 0.01355872251388148 -0.996691684237399 -45.94771231116648 0.9967090173305384 0.013345687912363558 -0.07995615949721019 -2.816293268059823
0.009235221056451725 -0.9998428945874391 -0.015133304312702175 -0.5041716587051581 -0.08013452513403034 0.014345272729288495 -0.9966808643779463 -46.92562597168262 0.9967412686693241 0.010417268091337166 -0.07998945078574023 -2.8996431907250146
0.011585855573313646 -0.9998573414341053 -0.012291003136786847 -0.49520803075035436 -0.08066037388758932 0.011317259327205427 -0.9966774082260184 -47.91191857878594 0.996674304254101 0.012538756183243873 -0.08051774990051909 -2.9784559950116267
0.013251124959051072 -0.9998747800792653 -0.008659243337245864 -0.50133774519386 -0.08099863588144147 0.0075581659978697004 -0.9966855785352399 -48.895703670839595 0.9966261108318291 0.013908592115242145 -0.08088833895692078 -3.059332484181429
0.011652811066347633 -0.9999009020095537 -0.007902205247438948 -0.4939277348672068 -0.08186491932866673 0.006922219686903141 -0.9966194232721303 -49.83141108952363 0.9965752552067159 0.012260330245839736 -0.08177614575325078 -3.1259268405831158
0.01393504112075971 -0.9998513721172304 -0.010152751881987837 -0.4897709641240206 -0.08318951954265424 0.00895923198755832 -0.9964934810664023 -50.8129549160576 0.9964363077847977 0.01473077881465467 -0.08305231310831804 -3.201893153042061
0.011739094556677715 -0.9998522027246737 -0.012565160473210137 -0.4821827850893121 -0.08239213178084591 0.011556095581927574 -0.9965330346030358 -51.80099579377669 0.996530854764824 0.01273366493901358 -0.0822442951386053 -3.2890434215650277
0.010757592875992273 -0.9998601463896886 -0.012804020967111605 -0.4902285468816157 -0.08306644901908579 0.011866929625605373 -0.9964734081425425 -52.78282978268976 0.9964859602317018 0.011783238233258884 -0.08292718650159765 -3.3632168078602276
0.0072389177419720785 -0.9998873909158861 -0.01314996938702327 -0.49212078174009866 -0.08326936508032742 0.012501896814419617 -0.9964486716751847 -53.74228913072269 0.9965008140952297 0.008308198920231021 -0.08316948305639171 -3.429415213129698
0.00523408702107942 -0.9999179427667536 -0.01169356419488301 -0.4892691480059409 -0.08368227420738025 0.011214730020182532 -0.9964293462533055 -54.71674319762112 0.9964787296001454 0.0061939420602081475 -0.08361671004126196 -3.49886943514902
0.003689814740235292 -0.9999024042877324 -0.013476106122459265 -0.4769197397483541 -0.08379505160361403 0.013119638478270386 -0.9963966230125675 -55.66243371407724 0.9964761880114305 0.004805750007715743 -0.08373846121850569 -3.5739354832860637
0.00036042005390819325 -0.9998515290028487 -0.017228241097322832 -0.4819410039687578 -0.08474389410231288 0.01713573484148632 -0.9962554249310691 -56.64137879028841 0.9964027049593366 0.0018190582646717707 -0.08472513589539453 -3.6435711908270507
-0.0013747340279544726 -0.9997641739552124 -0.02167669585602411 -0.48352004024841166 -0.08597215337397467 0.021714614547602373 -0.9960609008655941 -57.59752615115517 0.9962965158715568 0.0004942735706420726 -0.08598171951964793 -3.7158571282896826
-0.002130786841225182 -0.9997319503656971 -0.0230516870347476 -0.510440749673327 -0.08695024580979552 0.0231496562777655 -0.9959436115966029 -58.53808926382271 0.9962102999894306 -0.00011779478804330377 -0.08697626343654033 -3.8001487838848735
-0.0038121468703525953 -0.9997974837816455 -0.019758328741375085 -0.5129020024647042 -0.08669389310342712 0.020014505728168812 -0.9960339545618848 -59.48774477957137 0.9962276868591192 -0.0020841036351996367 -0.08675263885781623 -3.8795970349784596
0.0004681436324526083 -0.9998940316288115 -0.014549682341672495 -0.5058597392402581 -0.08864511192888687 0.014450917259221478 -0.9959584390813824 -60.393259441423176 0.9960631193689637 0.0017560097363697761 -0.08862895389167409 -3.957878091250381
0.0027938008387887485 -0.9999499605778657 -0.00960875362447633 -0.5019635717388166 -0.08976758522208937 0.009319215615253462 -0.9959191313001163 -61.32388638066062 0.9959588227732268 0.0036449538502263575 -0.08973705845404223 -4.0415367017070665
0.008413833836626021 -0.999919106882915 -0.009540549587119956 -0.5002219541730499 -0.08997592367532578 0.008745150610999853 -0.9959054763653382 -62.23800746772609 0.9959084213567799 0.009237802313454144 -0.08989507244762587 -4.126411430347853
0.010354493975155612 -0.9998786661456754 -0.011640389050724608 -0.49177585996485335 -0.09165557641423391 0.010642973595612813 -0.9957339127585074 -63.14863421397154 0.995736852231002 0.011377228019361366 -0.09153425257076846 -4.207145054916143
0.011954685793642846 -0.9998418033135952 -0.013171856207145553 -0.4892349152700408 -0.09373508353245426 0.01199423477202272 -0.9955249418717338 -64.01774573671807 0.9955253924953085 0.013135851638713773 -0.09357686656566559 -4.2947558257281715
0.011934105822596795 -0.9998413374183497 -0.013223236897854018 -0.4917737080319343 -0.09353681414121227 0.012049933181080462 -0.9955428741482529 -64.8765601717189 0.9955442727830411 0.013117773909881026 -0.09337816800367726 -4.3749136813577625
0.013507207962181265 -0.9998116763161161 -0.013937047186551418 -0.49081159552478315 -0.09567424285445507 0.012582082244222541 -0.9953331227299964 -65.74252034619164 0.9953210179484554 0.014777588245915959 -0.09548627220640384 -4.4503381547148875
0.01275447036419982 -0.9998088443202331 -0.014820942534560514 -0.49187537853459284 -0.09656445825343693 0.01352127347983958 -0.9952349211264312 -66.60262575205586 0.9952449738088744 0.01412487050409632 -0.0963735428440394 -4.524945037085243
0.015303450535811279 -0.9997622291606334 -0.015533570835576853 -0.4848629771621949 -0.09859331536433824 0.013950868264829342 -0.9950300652312675 -67.42070829365778 0.9950101457237864 0.016758897435700883 -0.09835637780064065 -4.604261540903723
0.01560862254880097 -0.9997432686124785 -0.016427251677275954 -0.4839588781022937 -0.10004970557653892 0.014785187222323002 -0.9948726106722989 -68.241685690845 0.9948599960021038 0.017172132119534833 -0.09979323977112398 -4.682354452814321
0.01655244472295705 -0.9996787424605458 -0.01919435161010071 -0.4769238437950062 -0.10099616625074885 0.01742714075735874 -0.9947341579380187 -69.03222878224449 0.9947490475973175 0.018403841435153362 -0.1006752654803158 -4.774342112481885
0.017147251442610315 -0.9995996859650308 -0.022502499637648294 -0.4838909411964859 -0.10319218392217244 0.020616348890685112 -0.9944477381517588 -69.83892194186724 0.9945135719760642 0.01937412882033791 -0.10279736033329545 -4.862779866127002
0.01822755804163595 -0.9995443162345927 -0.02405982909168277 -0.49989012725686643 -0.10504182808593303 0.02201624208443284 -0.9942241252666963 -70.59621235745647 0.9943007620406898 0.020649564726174515 -0.10459265012606879 -4.942979247284625
0.020859247937649032 -0.9995793861358674 -0.02014832578693744 -0.49496227324670705 -0.10616833606206458 0.01782413150059756 -0.9941883673558025 -71.36281754037763 0.9941293158204428 0.02287713947497901 -0.1057518794382466 -5.028604029688914
0.02210155427481109 -0.9996636420351932 -0.013569205547781587 -0.49770093556611655 -0.10608941104420301 0.011150789620999465 -0.9942940106171188 -72.0736197979758 0.9941108720096925 0.023414994917642956 -0.10580728389581057 -5.099017895166677
0.022230803420232082 -0.9997209745775594 -0.00798379949587271 -0.48940761577889413 -0.10669508475158257 0.005567737049144189 -0.9942762547664814 -72.79865891807947 0.9940431955509649 0.022955394370123727 -0.10654154146937629 -5.170827669458218
0.024028188931142502 -0.9996862314728938 -0.007077866915048317 -0.4873194022072029 -0.10737181599336947 0.004458326574155794 -0.9942088917191099 -73.49142397445803 0.9939285522256299 0.024649000424150785 -0.1072310051052983 -5.242612803092217
0.028761999898581445 -0.9995309186404033 -0.010526082116549122 -0.47237237191224757 -0.1087381880074361 0.007339295872628666 -0.9940433421967777 -74.16445743371996 0.9936541728575633 0.029735264557633072 -0.10847609177121012 -5.315453256769995
0.028610849734025008 -0.9995137016659095 -0.012401888210406335 -0.46718952470757963 -0.10975530431662196 0.00919071368497102 -0.9939161500124568 -74.84027679701703 0.9935468032991392 0.02979795372025462 -0.10943898041899604 -5.388633405746006
0.028306884721073528 -0.9995524170546228 -0.009687454160291872 -0.45787248779185663 -0.11162665084221858 0.006469799910350579 -0.9937291646729497 -75.47232428357061 0.9933469398653142 0.029210750337134 -0.11139348463142411 -5.455769063528704
0.020487843142832814 -0.9997770730538261 -0.0051116859315210915 -0.4510467192688088 -0.11107584333970782 0.0028049558232635537 -0.9938079061098682 -76.09129767098464 0.9936007404195789 0.020928757919945928 -0.11099356996609637 -5.512348600451483
0.016420045006132714 -0.9998650976269962 -0.000397922511242453 -0.44107109613581785 -0.1100676951466908 -0.0014120026856587829 -0.9939230654553812 -76.70177931312126 0.9937884171714957 0.01636406031788791 -0.11007603232047396 -5.571225950018096
0.016349510173802685 -0.9998662605293013 -0.00034779647815595975 -0.4348409220082864 -0.106883314920149 -0.0014018734651494887 -0.9942705746202649 -77.25744682067716 0.9941371544957263 0.01629300914496942 -0.10689194870865322 -5.632251599205847
0.020662360440723483 -0.9997829271528431 -0.002661460815909144 -0.43522886262042043 -0.10358644370461449 0.0005069117187059665 -0.9946203377211377 -77.84823141405485 0.9944058461608697 0.02082690084696151 -0.10355348815942947 -5.6957454463877335
0.020222712667122708 -0.9997801203712613 -0.005547606862075393 -0.4322270409214466 -0.09923894201221563 0.003514078490833736 -0.995057410124128 -78.41587905692927 0.9948581444541899 0.020673302555582862 -0.09914605935795646 -5.766623222024366
0.018923395859181232 -0.9997775526154308 -0.009313048553987919 -0.4266222878323304 -0.09386857028971125 0.007497020672348424 -0.9955563441716339 -78.96597964055726 0.9954047425815941 0.019713500317302422 -0.09370581853152968 -5.808602163871653
0.015480829877134296 -0.999801924611619 -0.01251288532473127 -0.41905026767933923 -0.08618476982689766 0.011133542342256076 -0.9962169384691121 -79.51395942543995 0.9961588170677127 0.016500686183980658 -0.08599533721939039 -5.847285079537349
0.017285379435476332 -0.9997638198255147 -0.013173618109520304 -0.41459260072724163 -0.07554488142636147 0.011832020741516293 -0.9970721710146706 -79.98882223280685 0.9969925371478587 0.018229971289455704 -0.07532251817699263 -5.877803912495151
0.0200931361308932 -0.9997014198454669 -0.013907306034160235 -0.40986683418496683 -0.05984303746897519 0.012682613104477141 -0.9981272037057947 -80.46067530536259 0.9980055480341197 0.020887761852356208 -0.05957033823537035 -5.902190752530032
0.0250469271520342 -0.9995865494014645 -0.014120800744459953 -0.4117951872787105 -0.04141661953708904 0.013075519822492762 -0.9990564333992474 -80.94562033951014 0.998827914862602 0.025608129637909156 -0.04107199597452697 -5.913238612969047
0.025471195151863264 -0.9995794324581646 -0.013861351069449414 -0.41810801455959856 -0.020235220838548625 0.013347474561825173 -0.9997061659277964 -81.41062348093745 0.9994707501961829 0.02574419170349094 -0.01988673471368844 -5.91325264309229
0.0213465175831727 -0.9996628479022519 -0.014785355523714279 -0.41179675452507475 0.0056147234738483185 0.014908367866773457 -0.9998731054814338 -81.88825040334686 0.999756363194934 0.021260791026725845 0.005931074550053844 -5.885692699921142
0.021065537421829525 -0.99963438760433 -0.016949808899374873 -0.40461507187947354 0.034994643285965736 0.01768041622237477 -0.9992310766931858 -82.3244775503636 0.9991654413386504 0.020456182551602732 0.035354306355795714 -5.8433797282285695
0.02046296716920891 -0.9996386211476453 -0.017435342145067183 -0.4055959532680129 0.06837077802639047 0.018797322232122222 -0.9974828550855827 -82.75450703139182 0.9974500135710499 0.019219387722224035 0.06873072059866887 -5.776931086639292
0.02076668510795054 -0.9996348758820146 -0.017288740905039575 -0.40613827490526017 0.10505926627038524 0.019378614198681903 -0.9942771197831846 -83.20117409196388 0.9942490810371813 0.018831497644812543 0.10542340069336757 -5.707194234047264
0.02155998639213315 -0.9996157883201507 -0.01741871193587221 -0.405257682155559 0.14708505545453962 0.02040458738250466 -0.9889133061433291 -83.60828038813192 0.9888888410202756 0.01875892353893605 0.14746846622536222 -5.616267939453547
0.02232287183411459 -0.9996110149940287 -0.01672141262349912 -0.4047519503846483 0.19239912471138326 0.02070830370735159 -0.98109818902474 -84.01583930030199 0.9810627707376547 0.01868374932848548 0.1927865844585338 -5.49802620492223
0.024594282964654525 -0.9995786805662094 -0.015413722201913872 -0.399788081790142 0.24187645876650757 0.020910149630240023 -0.9700817074410795 -84.41435214587328 0.9699952668372513 0.02013024107590758 0.24228884740510548 -5.374149063930723
0.02563742019489674 -0.9995856044536587 -0.013096050398554958 -0.3934786997480533 0.29388607717651843 0.020057777130658733 -0.9556300402760032 -84.77601193405349 0.9554965843642731 0.020651143455194542 0.2942784726744445 -5.2256832432333775
0.02562849597862713 -0.9996136233535715 -0.010761120106452231 -0.3953627620151207 0.3494055226477828 0.01904287500908713 -0.9367780799330436 -85.13388302967512 0.9366209735564789 0.02024822051466495 0.34975855901228575 -5.028945311894356
0.026538035381136565 -0.9996087298543922 -0.008837681491077626 -0.38764243976585006 0.4077874515606951 0.01889702647281388 -0.9128812492449004 -85.42214885862278 0.9126911741433724 0.020622178494860123 0.40812942814604963 -4.834213920664021
0.027002902548855467 -0.9996200927255645 -0.005536898925477802 -0.392255008059366 0.4654543679287011 0.017474856772418414 -0.8848992900152415 -85.73378148482294 0.8846598393511182 0.021317680784122838 0.46574938067872623 -4.600098936836365
0.024276069917953915 -0.9997023026924432 -0.002442186384313061 -0.3924863685700962 0.5230387721939345 0.0147829124880764 -0.8521806729996216 -86.03244474479386 0.8519631137748085 0.019410237542332343 0.5232419575939699 -4.362190335244451
0.024149425990438952 -0.9997080800195761 -0.0007496650412531816 -0.3865292436770984 0.5770853971654134 0.014552672568581903 -0.8165541027320145 -86.28562445237505 0.8163266583295405 0.019286684030990115 0.5772684214409791 -4.113940534774158
0.02391514238486549 -0.9997135578162031 -0.0009405472849208748 -0.36407298593251775 0.6284694704637501 0.015765892707091545 -0.7776744669872604 -86.56306622474621 0.7774665695097283 0.01800708658747942 0.628666434908043 -3.80246618523227
0.02479604477567817 -0.9996915642960897 -0.0014119969950126775 -0.3665821902963021 0.6773520831431781 0.017839597059623943 -0.7354426223387764 -86.7757369695963 0.735240941958911 0.0172796555700245 0.677585508164698 -3.5549477081120804
0.02391630829430677 -0.9997131292442795 -0.0012924041996168604 -0.36214387251694047 0.7222878994628461 0.018173183772444063 -0.6913537075965158 -87.00593561096343 0.6911788053563837 0.015601137098517072 0.7225153679332492 -3.248819462903512
0.020126192826352703 -0.9997972684827631 0.0005733858950534733 -0.37001387109123246 0.7635844448537773 0.015000950379657424 -0.6455336014852364 -87.18106981190977 0.6453941342716926 0.013429965793128922 0.76373163679399 -2.9552836800075477
0.01566575405915246 -0.9998759005013645 0.0016766428656127552 -0.358265720662181 0.8005603770079738 0.011538269597068836 -0.5991409916367094 -87.34194089214876 0.5990472783824555 0.010728249268428131 0.8006418193437788 -2.634122979441807
0.01791611386471327 -0.999835191891453 0.0029402538583345244 -0.3384479983001522 0.8334778698741507 0.013310707560773204 -0.5523923808148122 -87.52417883510434 0.5522622698264531 0.012347364082089175 0.8335790385745137 -2.2712263183130843
0.022050913802495117 -0.9997501948371699 0.0036733270778065734 -0.31753742631147003 0.8622336113279185 0.017157818763920044 -0.5062200699558411 -87.63813294897186 0.5060304940663755 0.0143298824761433 0.8623964674335849 -1.973034242891721
0.021881834682203297 -0.9997431912673269 0.005894503434183478 -0.3185491394619794 0.887483623063061 0.016709427685790226 -0.4605362683162325 -87.77104535690854 0.46031948563612723 0.015308659899592233 0.8876213276320065 -1.6355021212927436
0.014226576605081781 -0.9998719432272235 0.0073269062592519205 -0.33776499600955384 0.9086418344980527 0.009869437821418635 -0.41745969533521954 -87.85746186543595 0.41733393162887844 0.012596556558417618 0.9086658395734998 -1.2959659979178262
0.00026329557846252124 -0.999986751101008 0.005145021588757763 -0.32565955917103556 0.9259356604479836 -0.0016993865854103261 -0.3776773090602241 -87.9508691146859 0.3776810847980996 0.004863400144625196 0.9259229360069481 -0.9442422717655066
-0.00476186972307533 -0.99998319340067 0.003327837947200133 -0.29396987148655684 0.9394813482347062 -0.005613745965454431 -0.34255407504296537 -88.02604505187871 0.34256686388018864 0.0014952453468128014 0.9394922826885299 -0.5894570329916338
-0.0014201075051570073 -0.9999865011161947 0.005002217326817504 -0.2853743114651896 0.9510035430366546 -0.0028970829809774074 -0.30916630136547835 -88.12334040236348 0.30917656691470646 0.0043180772116553304 0.9509948484861347 -0.22551940207654303
0.008042851042169064 -0.9999171855036247 0.010044712301133251 -0.2800528825267543 0.9603082095650266 0.004922578740071754 -0.27889760290441723 -88.22301461826481 0.2788249818954149 0.011889150369811833 0.9602683502177592 0.12602877148443103
0.014700918785532915 -0.9997927644592826 0.014084909201262602 -0.2733775302054022 0.9682680011238223 0.010719885157377084 -0.24968376645683724 -88.29096357450116 0.24948098234578214 0.017308547915183766 0.9682249960570901 0.4933126481310307
0.012869137856647696 -0.9998017175653288 0.01519506776872936 -0.2656032758214281 0.9745735407118681 0.009141850967981974 -0.2238810492320778 -88.36211492388462 0.22369781548915438 0.017689869283712016 0.9744979401753706 0.8869922021294006
0.00591063691048134 -0.9998275060127337 0.017610250126833916 -0.25639399405142616 0.9795849719614894 0.002250384128287832 -0.20101788688991334 -88.41717712610082 0.20094358433395218 0.018438881485937954 0.9794292699612309 1.2891889705382806
-0.0005108558403335104 -0.9997050713066646 0.024282467391475913 -0.244620245411737 0.9837784468570742 -0.004858382882708164 -0.17932194793418854 -88.45597466428215 0.17938705235092853 0.02379696685519546 0.9834906687230417 1.6821438907722137
-0.0009855180281561483 -0.9994817716268173 0.03217473717169465 -0.23838445980608497 0.9870135391187367 -0.006140571061767132 -0.16051937201534902 -88.51340356919454 0.1606337975702358 0.03159870363105623 0.9865081510899234 2.1059978128482975
-0.0018150663151261788 -0.9994568235268868 0.03290680205017228 -0.23114237859141934 0.9897594316010893 -0.006492435666543931 -0.14259756035991003 -88.56062946719082 0.14273376352205575 0.03231099439356861 0.9892335769816704 2.547423862593827
0.0005647452636455197 -0.999604792590263 0.028104662732139837 -0.21245389136705262 0.991873515042071 -0.003015718441544141 -0.1271918118996589 -88.60767276833442 0.12722626430660605 0.027948099523957912 0.9914799132778988 2.992312945322448
-0.000517829124462893 -0.9996816891296535 0.025226819400591315 -0.1900500725451162 0.9935634820584064 -0.003371901167942235 -0.11322597155362282 -88.64833680499534 0.11327501122102089 0.025005815128548537 0.9932489732924054 3.470755236960702
-0.002828677270409986 -0.9997337018100795 0.02290535982463725 -0.17873121665386088 0.9949450018364705 -0.005112926056086487 -0.10029028011802138 -88.69253230403642 0.1003806785681538 0.022505889970074675 0.9946945103264967 3.952268536075678
-0.005366724560233685 -0.9997604780652294 0.021219250438667982 -0.16254758973629335 0.9961605757835938 -0.007199168249535327 -0.08724737162191903 -88.71354474757577 0.08737923530074325 0.020669547957744144 0.995960675809769 4.440143344038096
-0.008035851387920675 -0.9997219072471545 0.022171438827303148 -0.14660431017906772 0.9969360366975372 -0.00973473977244008 -0.07761349972732838 -88.7326068298456 0.07780774015692644 0.02147981284001148 0.9967369501603609 4.9259271350372416
-0.010782836389216278 -0.9996848079450394 0.02267346152778622 -0.13433933799969844 0.9975286117079367 -0.012328414311663346 -0.0691708379702547 -88.75545553868444 0.06942855855730229 0.021871572860568466 0.9973471407008797 5.459845777486351
-0.011665795809465125 -0.9996655851382508 0.0230807649638324 -0.11830943484920314 0.9979046488494601 -0.01310813357594255 -0.06336017273670928 -88.78179612587232 0.06364152228244442 0.022293254065589428 0.9977237693854079 6.018383053062556
-0.012150710479266576 -0.9996497270374989 0.023509352830646986 -0.09965385530196419 0.9982378660053143 -0.01349251030187079 -0.057785092201990976 -88.81247386800435 0.05808205462305422 0.0227657953007889 0.9980521707811376 6.565161164522589
-0.012168436749509806 -0.9996317220272827 0.024256979081104 -0.08427129301383668 0.9985358149903042 -0.013426680470451102 -0.05240206950129645 -88.8379045211907 0.052708456222641226 0.02358380751870476 0.9983314372199611 7.161460797514765
-0.01652794089564223 -0.9995654824972409 0.024407378845188878 -0.07188131288423677 0.9986912840777242 -0.017685286821922677 -0.0479893094853966 -88.86813759140301 0.04840010860083436 0.02358227176257161 0.9985496177175651 7.765173255300627
-0.018782731754170577 -0.9995199697665249 0.02463863124171461 -0.05437686848209139 0.9988187821508099 -0.019862648475201562 -0.044343663993032634 -88.87979114895093 0.044811761172713356 0.02377663789105961 0.9987124802293722 8.380509512051404
-0.01839714181499728 -0.9995546551795509 0.02349478313900584 -0.03540248620491909 0.9989764877980825 -0.019347523788541245 -0.040885505770643746 -88.89619373777401 0.0413218634372917 0.022718558018598234 0.9988876356035387 9.014780237005441
-0.019811797877711885 -0.9995367957212123 0.02310163149084661 -0.01903527021745538 0.9990428020828532 -0.020692724244557842 -0.03853872097652297 -88.91278071687877 0.0389989011485779 0.022315991234909033 0.9989899721222699 9.689598557006041
-0.023678731281863184 -0.9994602396891127 0.02277175690553233 -0.0018432448029794823 0.9989692319491746 -0.0245372051228458 -0.0381896345160406 -88.93354184947812 0.03872777698897412 0.021843996441177002 0.9990109964047093 10.34649441848308
-0.026479606334573087 -0.9993835523233608 0.023053048261816048 0.01638724486207893 0.9988851623978344 -0.027353847295851285 -0.038471648646184874 -88.95271577214915 0.03907852219843475 0.022008638203042274 0.9989937336304245 11.040686723225363
-0.027000000468160718 -0.9993700429720987 0.02303323035936295 0.03983256667330881 0.9987967586974467 -0.027913816777269868 -0.040320700705504475 -88.9707756055599 0.040938247440645746 0.021916861253829013 0.9989213272454308 11.735137723430155
-0.029085371425175685 -0.9993215711925169 0.0225923700986598 0.058246718940374476 0.9985459202549622 -0.030074217923660312 -0.044738197922100244 -88.99686057914558 0.045387301037246856 0.021258299113505946 0.998743259348836 12.45014810381359
-0.02991549650643019 -0.9993037666759169 0.022294866624422306 0.07965009335656792 0.9983428673807312 -0.03096879738187445 -0.04850032081623827 -89.03297286536025 0.04915699567260624 0.020807010226568754 0.9985743638883047 13.188892558044923
-0.029704005701744057 -0.9993417215907205 0.020831093092238857 0.09836105552911911 0.9980929186865697 -0.030782223137263007 -0.053506426009968175 -89.06271201817732 0.05411242096636426 0.019202004123727894 0.9983501888390072 13.954178358945326
-0.030283436503455056 -0.9993482068831969 0.019650247670699374 0.12205273823640855 0.9978240733643956 -0.03137745123832814 -0.05798696124982752 -89.10925981046258 0.05856574242995795 0.017851444863864765 0.9981238777417833 14.760928090703937
-0.030641001088035365 -0.9993659407659912 0.018135611797574773 0.14043272347313085 0.9976115957531397 -0.031700889330128566 -0.0613693014028098 -89.1575841438443 0.0619053032400746 0.01621187788286932 0.9979503304181639 15.554885571967063
-0.029337425649458793 -0.999425529629931 0.01697039603391877 0.164909112102477 0.9973435051283238 -0.03040030368636113 -0.06619442477193997 -89.20805024383824 0.06667229934833056 0.014983344071356456 0.9976624393358202 16.34315636709471
-0.028118965718223213 -0.9994553218964981 0.017275425826431504 0.1836197128570785 0.9971035391834708 -0.029266185479541372 -0.07019909040537183 -89.26061163460099 0.07066643921994677 0.015251465079326138 0.9973834211977648 17.15226595134389
-0.02754552503741029 -0.999427695868145 0.019635352170497077 0.2120547377271858 0.9969138869942332 -0.02891015760234365 -0.07298530549699657 -89.32174644999085 0.07351119182897377 0.017564332414070995 0.9971396826397539 17.948243564159725
-0.022277110308992275 -0.9994664204991021 0.023888534543590273 0.23799678033146981 0.9969511532166374 -0.023995642164711325 -0.07424680762670736 -89.38520780738835 0.07478040962613051 0.022161693283289423 0.9969537424737037 18.7730549003659
-0.018149435614652282 -0.9994583026404389 0.027455213463567996 0.2658762119931662 0.9970772002841704 -0.02013076607969048 -0.07370082229260615 -89.45678070697717 0.07421358487122418 0.026037342091434063 0.9969024016943429 19.591567262204478
-0.013888180717909634 -0.999509566032265 0.028067559648936872 0.2880407188910304 0.997095194710906 -0.015946059463130574 -0.07447731869470628 -89.52239545574858 0.07488835357250449 0.02695167048764985 0.9968276201810404 20.414805300240108
-0.013031511561741534 -0.9995562209696421 0.026789311241101104 0.3255354602014163 0.9970008724058791 -0.015032848298975133 -0.07591662563174462 -89.58554656305294 0.07628564998805085 0.025719655192676594 0.9967542998607168 21.234173178834833
-0.012467048799350603 -0.9996089430756608 0.025033910688172775 0.3546801137727059 0.9971458439581838 -0.01429292327508069 -0.0741340173419669 -89.64977799481044 0.07446282436148136 0.024038223443069127 0.9969339620744314 22.064705939800277
-0.011391464913975477 -0.9996305050677837 0.02468140880872083 0.38843076722270764 0.9970573128921686 -0.01322653789277898 -0.07551048130575407 -89.71446483788289 0.07580902415602218 0.02374861061064539 0.9968394428067546 22.887766816011425
-0.008823644148017437 -0.9996634066885194 0.02439527759852675 0.41935096685385603 0.9971442202515344 -0.010626041912968145 -0.0747692603439817 -89.76812619696932 0.0750033147360646 0.023665868201662783 0.9969023890609857 23.702685734201307
-0.007748391502598597 -0.9996612928872225 0.02484435226168373 0.45008019362767876 0.9972324218177135 -0.009561936407200452 -0.07372900630059795 -89.83148366521218 0.07394159642933351 0.024204307395478304 0.9969687749097992 24.52487180826766
-0.006095128309225833 -0.999648621769128 0.02579657102244504 0.48380922842520674 0.9972995910551704 -0.007964799130090983 -0.07300706920073029 -89.89460470338341 0.07318687968800149 0.025281917061584235 0.9969977744393169 25.333349103738904
-0.0048635929648254295 -0.9996689222118615 0.025267980155468096 0.5088525706809253 0.997430888842783 -0.00665552993801734 -0.07132456088680723 -89.96181926657653 0.07146911890665927 0.02485616599427788 0.9971330779028428 26.168576802919038
-0.0031360618232920815 -0.9997010278177155 0.024252062532276547 0.5409683114556904 0.9976439050032136 -0.004789829812061536 -0.06843643646897167 -90.02601566646366 0.06853213575223922 0.023980296457478612 0.9973606436353539 26.985714622923044
0.0005452174910967321 -0.9997653013796141 0.021659475613690107 0.5692452954971696 0.997974754109112 -0.0008337549025874811 -0.06360600726687904 -90.06940112952181 0.0636091321582999 0.021650285537849024 0.9977400194314908 27.80567039357307
