0.000000e+00 -1.000000e+00 0.000000e+00 0.000000e+00 0.000000e+00 0.000000e+00 -1.000000e+00 0.000000e+00 1.000000e+00 0.000000e+00 0.000000e+00 0.000000e+00
-1.036169e-03 -9.999992e-01 7.109754e-04 6.710821e-02 8.774769e-04 -7.118847e-04 -9.999993e-01 -4.457399e-03 9.999991e-01 -1.035544e-03 8.782138e-04 2.981044e-01
-2.482186e-03 -9.999968e-01 5.120846e-04 7.087189e-02 1.197969e-03 -5.150593e-04 -9.999992e-01 -9.860719e-03 9.999962e-01 -2.481570e-03 1.199244e-03 8.766091e-01
-9.322715e-04 -9.999996e-01 1.148903e-04 8.288042e-02 1.137513e-03 -1.159507e-04 -9.999993e-01 -1.567787e-02 9.999989e-01 -9.321402e-04 1.137620e-03 1.671875e+00
-1.748030e-03 -9.999985e-01 7.706006e-05 3.896623e-02 1.716750e-03 -8.006100e-05 -9.999985e-01 -2.686239e-02 9.999970e-01 -1.747895e-03 1.716887e-03 2.779267e+00
-2.350292e-03 -9.999972e-01 1.626340e-04 5.211779e-02 1.990033e-03 -1.673113e-04 -9.999980e-01 -3.304596e-02 9.999952e-01 -2.349964e-03 1.990421e-03 3.894894e+00
-4.167080e-03 -9.999903e-01 1.404674e-03 2.166048e-02 1.946855e-03 -1.412796e-03 -9.999971e-01 -6.169171e-02 9.999894e-01 -4.164333e-03 1.952723e-03 5.913705e+00
-5.755792e-03 -9.999810e-01 2.189745e-03 1.231438e-02 1.912358e-03 -2.200785e-03 -9.999958e-01 -7.156992e-02 9.999816e-01 -5.751580e-03 1.924989e-03 7.376833e+00
-6.227387e-03 -9.999772e-01 2.620061e-03 -3.229637e-02 1.887192e-03 -2.631860e-03 -9.999948e-01 -9.882458e-02 9.999788e-01 -6.222410e-03 1.903538e-03 9.092733e+00
-6.456451e-03 -9.999760e-01 2.486979e-03 -5.784424e-02 2.026656e-03 -2.500111e-03 -9.999948e-01 -1.067556e-01 9.999771e-01 -6.451377e-03 2.042749e-03 1.064527e+01
-8.288911e-03 -9.999654e-01 7.714910e-04 -6.849642e-02 2.757644e-03 -7.943732e-04 -9.999959e-01 -1.254562e-01 9.999619e-01 -8.286749e-03 2.764133e-03 1.217973e+01
-8.968968e-03 -9.999597e-01 -4.246137e-04 -1.070520e-01 3.689871e-03 3.915322e-04 -9.999931e-01 -1.292331e-01 9.999530e-01 -8.970473e-03 3.686211e-03 1.367086e+01
-8.890631e-03 -9.999595e-01 -1.392108e-03 -1.319052e-01 4.566150e-03 1.351551e-03 -9.999887e-01 -1.377324e-01 9.999501e-01 -8.896887e-03 4.553949e-03 1.516713e+01
-9.683646e-03 -9.999521e-01 -1.386850e-03 -1.687690e-01 4.699355e-03 1.341391e-03 -9.999881e-01 -1.517675e-01 9.999421e-01 -9.690048e-03 4.686140e-03 1.666387e+01
-9.578407e-03 -9.999515e-01 -2.304147e-03 -1.805377e-01 4.986981e-03 2.256455e-03 -9.999850e-01 -1.665536e-01 9.999417e-01 -9.589754e-03 4.965126e-03 1.812453e+01
-1.014648e-02 -9.999447e-01 -2.777803e-03 -2.032252e-01 5.850201e-03 2.718536e-03 -9.999792e-01 -1.839678e-01 9.999314e-01 -1.016252e-02 5.822294e-03 1.955458e+01
-9.992800e-03 -9.999444e-01 -3.350556e-03 -2.368169e-01 6.793819e-03 3.282754e-03 -9.999715e-01 -1.970078e-01 9.999270e-01 -1.001528e-02 6.760638e-03 2.099768e+01
-9.471328e-03 -9.999471e-01 -4.003347e-03 -2.619308e-01 6.063773e-03 3.946019e-03 -9.999738e-01 -2.035150e-01 9.999368e-01 -9.495355e-03 6.026078e-03 2.245048e+01
-9.922544e-03 -9.999431e-01 -3.911189e-03 -2.851299e-01 4.452314e-03 3.867163e-03 -9.999826e-01 -2.091257e-01 9.999409e-01 -9.939785e-03 4.413689e-03 2.386939e+01
-9.593413e-03 -9.999514e-01 -2.287723e-03 -3.057449e-01 4.553590e-03 2.244118e-03 -9.999871e-01 -2.228186e-01 9.999436e-01 -9.603707e-03 4.531840e-03 2.528533e+01
-8.804741e-03 -9.999602e-01 -1.446244e-03 -3.179889e-01 6.756708e-03 1.386774e-03 -9.999762e-01 -2.324983e-01 9.999384e-01 -8.814304e-03 6.744229e-03 2.671828e+01
-8.828372e-03 -9.999610e-01 1.048755e-04 -3.411186e-01 8.085085e-03 -1.762571e-04 -9.999673e-01 -2.399098e-01 9.999284e-01 -8.827236e-03 8.086327e-03 2.812055e+01
-8.040026e-03 -9.999672e-01 1.025539e-03 -3.527491e-01 7.435310e-03 -1.085326e-03 -9.999717e-01 -2.480508e-01 9.999400e-01 -8.032174e-03 7.443792e-03 2.952952e+01
-7.476326e-03 -9.999712e-01 1.282416e-03 -3.745652e-01 6.140294e-03 -1.328336e-03 -9.999803e-01 -2.549066e-01 9.999532e-01 -7.468304e-03 6.150048e-03 3.091525e+01
-7.051028e-03 -9.999751e-01 3.195286e-04 -3.987949e-01 5.383683e-03 -3.574934e-04 -9.999855e-01 -2.661546e-01 9.999607e-01 -7.049205e-03 5.386069e-03 3.229354e+01
-6.472421e-03 -9.999789e-01 -5.504863e-04 -4.273303e-01 4.563211e-03 5.209564e-04 -9.999894e-01 -2.867792e-01 9.999686e-01 -6.474865e-03 4.559742e-03 3.366771e+01
-5.802570e-03 -9.999828e-01 -8.638932e-04 -4.512091e-01 5.715377e-03 8.307293e-04 -9.999833e-01 -2.913796e-01 9.999669e-01 -5.807411e-03 5.710458e-03 3.499297e+01
-4.539690e-03 -9.999890e-01 -1.198233e-03 -4.646814e-01 7.697884e-03 1.163264e-03 -9.999697e-01 -3.009827e-01 9.999601e-01 -4.548776e-03 7.692519e-03 3.631341e+01
-2.202042e-03 -9.999970e-01 -1.075055e-03 -4.718060e-01 8.934166e-03 1.055341e-03 -9.999595e-01 -3.171165e-01 9.999577e-01 -2.211557e-03 8.931816e-03 3.762358e+01
2.425879e-05 -9.999992e-01 -1.236356e-03 -4.837741e-01 9.300687e-03 1.236528e-03 -9.999560e-01 -3.249602e-01 9.999567e-01 1.275877e-05 9.300710e-03 3.890113e+01
3.657364e-03 -9.999932e-01 -4.862492e-04 -4.950409e-01 8.970142e-03 5.190402e-04 -9.999596e-01 -3.336970e-01 9.999531e-01 3.652854e-03 8.971980e-03 4.016273e+01
6.686306e-03 -9.999776e-01 3.878096e-04 -5.064853e-01 7.707906e-03 -3.362682e-04 -9.999703e-01 -3.433798e-01 9.999480e-01 6.689095e-03 7.705485e-03 4.143011e+01
1.114957e-02 -9.999377e-01 4.928028e-04 -4.978861e-01 6.313930e-03 -4.224216e-04 -9.999800e-01 -3.525688e-01 9.999179e-01 1.115246e-02 6.308827e-03 4.267533e+01
1.449096e-02 -9.998950e-01 2.145872e-04 -4.860261e-01 6.806093e-03 -1.159676e-04 -9.999768e-01 -3.611172e-01 9.998719e-01 1.449208e-02 6.803697e-03 4.394130e+01
2.074748e-02 -9.997847e-01 -2.196848e-04 -4.684145e-01 6.820627e-03 3.612683e-04 -9.999767e-01 -3.707657e-01 9.997615e-01 2.074550e-02 6.826654e-03 4.516876e+01
2.729665e-02 -9.996265e-01 -1.317114e-03 -4.505413e-01 5.907611e-03 1.478900e-03 -9.999815e-01 -3.764917e-01 9.996099e-01 2.728837e-02 5.945773e-03 4.635829e+01
3.462223e-02 -9.993965e-01 -2.805925e-03 -4.466019e-01 6.051727e-03 3.017205e-03 -9.999771e-01 -3.802876e-01 9.993821e-01 3.460446e-02 6.152537e-03 4.748965e+01
4.165580e-02 -9.991232e-01 -4.210901e-03 -4.182774e-01 7.245976e-03 4.516545e-03 -9.999635e-01 -3.909141e-01 9.991058e-01 4.162377e-02 7.427762e-03 4.864758e+01
5.188737e-02 -9.986310e-01 -6.619096e-03 -3.759763e-01 8.305684e-03 7.059327e-03 -9.999406e-01 -4.016726e-01 9.986184e-01 5.182931e-02 8.660603e-03 4.982554e+01
6.399783e-02 -9.979122e-01 -8.686068e-03 -3.388143e-01 8.542459e-03 9.251392e-03 -9.999207e-01 -4.085448e-01 9.979135e-01 6.391856e-02 9.116693e-03 5.098128e+01
7.799199e-02 -9.968993e-01 -1.044190e-02 -2.982396e-01 9.288967e-03 1.119999e-02 -9.998941e-01 -4.137704e-01 9.969107e-01 7.788675e-02 1.013367e-02 5.211361e+01
9.406868e-02 -9.954883e-01 -1.241213e-02 -2.071953e-01 1.019491e-02 1.342998e-02 -9.998578e-01 -4.171495e-01 9.955135e-01 9.392877e-02 1.141226e-02 5.323452e+01
1.121042e-01 -9.936152e-01 -1.271340e-02 -1.053234e-01 1.141267e-02 1.408062e-02 -9.998357e-01 -4.224200e-01 9.936309e-01 1.119407e-01 1.291830e-02 5.435556e+01
1.320952e-01 -9.911568e-01 -1.261071e-02 6.418677e-02 1.108371e-02 1.419832e-02 -9.998378e-01 -4.316163e-01 9.911751e-01 1.319340e-01 1.286122e-02 5.545399e+01
1.526219e-01 -9.882135e-01 -1.186045e-02 2.278014e-01 1.007234e-02 1.355580e-02 -9.998574e-01 -4.317707e-01 9.882333e-01 1.524806e-01 1.202253e-02 5.653374e+01
1.733122e-01 -9.848222e-01 -9.389330e-03 4.066163e-01 1.012555e-02 1.131486e-02 -9.998847e-01 -4.340174e-01 9.848149e-01 1.731972e-01 1.193287e-02 5.761972e+01
1.946142e-01 -9.808708e-01 -4.208953e-03 5.814323e-01 1.255168e-02 6.780974e-03 -9.998983e-01 -4.410117e-01 9.807996e-01 1.945415e-01 1.363125e-02 5.866751e+01
2.168819e-01 -9.761972e-01 1.086365e-03 7.976204e-01 1.403089e-02 2.004502e-03 -9.998996e-01 -4.383397e-01 9.760970e-01 2.168753e-01 1.413165e-02 5.970535e+01
2.399694e-01 -9.707580e-01 6.604391e-03 1.024165e+00 1.419640e-02 -3.293289e-03 -9.998938e-01 -4.383951e-01 9.706767e-01 2.400377e-01 1.299098e-02 6.071371e+01
2.670278e-01 -9.636180e-01 1.168038e-02 1.329387e+00 1.292271e-02 -8.538915e-03 -9.998800e-01 -4.450853e-01 9.636022e-01 2.671467e-01 1.017243e-02 6.174561e+01
2.933447e-01 -9.558951e-01 1.461108e-02 1.654008e+00 1.307771e-02 -1.126967e-02 -9.998510e-01 -4.418004e-01 9.559173e-01 2.934921e-01 9.195022e-03 6.271963e+01
3.193382e-01 -9.474813e-01 1.738982e-02 1.960363e+00 1.513506e-02 -1.324891e-02 -9.997977e-01 -4.361602e-01 9.475200e-01 3.195368e-01 1.010930e-02 6.368331e+01
3.455890e-01 -9.381186e-01 2.240101e-02 2.287082e+00 1.869751e-02 -1.698315e-02 -9.996809e-01 -4.443921e-01 9.381997e-01 3.458976e-01 1.167129e-02 6.459902e+01
3.754539e-01 -9.264784e-01 2.592501e-02 2.657786e+00 1.955989e-02 -2.004473e-02 -9.996077e-01 -4.423565e-01 9.266347e-01 3.758138e-01 1.059594e-02 6.551484e+01
4.054329e-01 -9.137715e-01 2.541442e-02 3.061996e+00 1.513151e-02 -2.108957e-02 -9.996631e-01 -4.271967e-01 9.139996e-01 4.056809e-01 5.276333e-03 6.642042e+01
4.334119e-01 -9.008093e-01 2.639564e-02 3.461425e+00 1.021827e-02 -2.437552e-02 -9.996507e-01 -4.297474e-01 9.011380e-01 4.335302e-01 -1.359925e-03 6.729365e+01
4.618147e-01 -8.865331e-01 2.803782e-02 3.898786e+00 8.318470e-03 -2.728022e-02 -9.995932e-01 -4.207945e-01 8.869374e-01 4.618601e-01 -5.223810e-03 6.815375e+01
4.908178e-01 -8.707884e-01 2.873105e-02 4.347669e+00 1.145600e-02 -2.652338e-02 -9.995825e-01 -4.210640e-01 8.711869e-01 4.909421e-01 -3.042399e-03 6.903378e+01
5.206637e-01 -8.533016e-01 2.802817e-02 4.846966e+00 1.756500e-02 -2.211590e-02 -9.996011e-01 -4.264707e-01 8.535811e-01 5.209484e-01 3.473300e-03 6.986832e+01
5.514336e-01 -8.337276e-01 2.862361e-02 5.365554e+00 2.085988e-02 -2.052052e-02 -9.995718e-01 -4.220838e-01 8.339580e-01 5.517945e-01 6.075755e-03 7.068111e+01
5.827243e-01 -8.123222e-01 2.377098e-02 5.921400e+00 1.730684e-02 -1.683929e-02 -9.997084e-01 -4.269379e-01 8.124856e-01 5.829657e-01 4.246068e-03 7.141722e+01
6.112888e-01 -7.912207e-01 1.719822e-02 6.466196e+00 1.060320e-02 -1.354117e-02 -9.998521e-01 -4.177700e-01 7.913365e-01 6.113808e-01 1.119079e-04 7.216764e+01
6.408352e-01 -7.675390e-01 1.463746e-02 7.068004e+00 8.114038e-03 -1.229399e-02 -9.998915e-01 -3.985087e-01 7.676356e-01 6.408844e-01 -1.650579e-03 7.288044e+01
6.689637e-01 -7.431035e-01 1.687429e-02 7.673657e+00 1.072340e-02 -1.305109e-02 -9.998573e-01 -4.048510e-01 7.432177e-01 6.690492e-01 -7.621071e-04 7.357217e+01
6.946919e-01 -7.191004e-01 1.725742e-02 8.304734e+00 1.124628e-02 -1.313049e-02 -9.998506e-01 -3.982458e-01 7.192195e-01 6.947821e-01 -1.034437e-03 7.424779e+01
7.214355e-01 -6.923014e-01 1.579478e-02 8.979507e+00 9.435197e-03 -1.297969e-02 -9.998713e-01 -4.162065e-01 6.924173e-01 7.214917e-01 -2.832012e-03 7.489289e+01
7.457880e-01 -6.660418e-01 1.373545e-02 9.641893e+00 7.604900e-03 -1.210495e-02 -9.998978e-01 -4.187605e-01 6.661400e-01 7.458162e-01 -3.962546e-03 7.546036e+01
7.695855e-01 -6.384363e-01 1.171838e-02 1.035321e+01 6.735702e-03 -1.023408e-02 -9.999250e-01 -4.145681e-01 6.385083e-01 7.696066e-01 -3.575682e-03 7.601868e+01
7.917035e-01 -6.108136e-01 1.059958e-02 1.105215e+01 5.650964e-03 -1.002759e-02 -9.999338e-01 -4.153530e-01 6.108794e-01 7.917109e-01 -4.487194e-03 7.657764e+01
8.128160e-01 -5.825040e-01 4.392350e-03 1.174157e+01 -4.707192e-04 -8.197042e-03 -9.999663e-01 -4.183553e-01 5.825203e-01 8.127865e-01 -6.936883e-03 7.712944e+01
8.333317e-01 -5.527564e-01 -4.312382e-03 1.249104e+01 -9.680961e-03 -6.793899e-03 -9.999301e-01 -4.155202e-01 5.526884e-01 8.333152e-01 -1.101279e-02 7.767310e+01
8.532538e-01 -5.213581e-01 -1.198484e-02 1.324872e+01 -1.742714e-02 -5.537343e-03 -9.998328e-01 -4.396119e-01 5.212046e-01 8.533200e-01 -1.381054e-02 7.815617e+01
8.713014e-01 -4.904734e-01 -1.642447e-02 1.403235e+01 -2.052279e-02 -2.977938e-03 -9.997849e-01 -4.516135e-01 4.903191e-01 8.714510e-01 -1.266057e-02 7.862061e+01
8.893628e-01 -4.569189e-01 -1.609326e-02 1.488511e+01 -1.845703e-02 -7.101504e-04 -9.998294e-01 -4.680972e-01 4.568295e-01 8.895081e-01 -9.064947e-03 7.905929e+01
9.061798e-01 -4.226287e-01 -1.493397e-02 1.572804e+01 -1.481506e-02 3.566078e-03 -9.998839e-01 -5.029292e-01 4.226329e-01 9.062959e-01 -3.029761e-03 7.943761e+01
9.214361e-01 -3.882173e-01 -1.558401e-02 1.659499e+01 -1.337359e-02 8.395204e-03 -9.998753e-01 -5.234136e-01 3.882998e-01 9.215296e-01 2.543787e-03 7.980694e+01
9.351784e-01 -3.537171e-01 -1.804353e-02 1.743667e+01 -1.358725e-02 1.507790e-02 -9.997940e-01 -5.432666e-01 3.539163e-01 9.352309e-01 9.294485e-03 8.015671e+01
9.483051e-01 -3.167222e-01 -2.011067e-02 1.831925e+01 -1.418540e-02 2.100302e-02 -9.996788e-01 -5.515237e-01 3.170428e-01 9.482858e-01 1.542444e-02 8.047313e+01
9.597425e-01 -2.802245e-01 -1.919851e-02 1.924895e+01 -1.318482e-02 2.332981e-02 -9.996409e-01 -5.686919e-01 2.805718e-01 9.596509e-01 1.869590e-02 8.077876e+01
9.697378e-01 -2.434707e-01 -1.817982e-02 2.016542e+01 -1.260568e-02 2.443311e-02 -9.996220e-01 -5.798475e-01 2.438229e-01 9.696004e-01 2.062459e-02 8.102840e+01
9.780428e-01 -2.076849e-01 -1.730089e-02 2.109972e+01 -1.267465e-02 2.358545e-02 -9.996415e-01 -5.987032e-01 2.080185e-01 9.779114e-01 2.043525e-02 8.125533e+01
9.848663e-01 -1.725713e-01 -1.604525e-02 2.207207e+01 -1.230175e-02 2.274019e-02 -9.996657e-01 -6.175372e-01 1.728785e-01 9.847345e-01 2.027312e-02 8.143546e+01
9.904251e-01 -1.373250e-01 -1.414190e-02 2.301654e+01 -1.188068e-02 1.727194e-02 -9.997802e-01 -6.505808e-01 1.375391e-01 9.903755e-01 1.547505e-02 8.156997e+01
9.944367e-01 -1.039235e-01 -1.719313e-02 2.398459e+01 -1.584347e-02 1.379872e-02 -9.997793e-01 -6.692705e-01 1.041378e-01 9.944896e-01 1.207545e-02 8.165846e+01
9.970971e-01 -7.269158e-02 -2.265638e-02 2.495385e+01 -2.170221e-02 1.388944e-02 -9.996680e-01 -6.807550e-01 7.298213e-02 9.972578e-01 1.227155e-02 8.173837e+01
9.987039e-01 -4.446588e-02 -2.476564e-02 2.592741e+01 -2.439213e-02 8.923028e-03 -9.996626e-01 -7.229025e-01 4.467186e-02 9.989710e-01 7.826845e-03 8.179796e+01
9.995535e-01 -1.882540e-02 -2.320399e-02 2.692295e+01 -2.306974e-02 7.317688e-03 -9.997071e-01 -7.532801e-01 1.898969e-02 9.997960e-01 6.880123e-03 8.181435e+01
9.997818e-01 4.207680e-03 -2.046262e-02 2.790118e+01 -2.048501e-02 5.347761e-03 -9.997759e-01 -7.667868e-01 -4.097307e-03 9.999769e-01 5.432789e-03 8.179483e+01
9.995425e-01 2.411825e-02 -1.825036e-02 2.889615e+01 -1.833113e-02 3.132093e-03 -9.998271e-01 -7.993314e-01 -2.405691e-02 9.997042e-01 3.572775e-03 8.177352e+01
9.989238e-01 4.175492e-02 -2.019291e-02 2.987747e+01 -2.028298e-02 1.734525e-03 -9.997928e-01 -8.258824e-01 -4.171124e-02 9.991264e-01 2.579573e-03 8.175597e+01
9.981616e-01 5.514399e-02 -2.515156e-02 3.086609e+01 -2.511802e-02 -1.301359e-03 -9.996836e-01 -8.433778e-01 -5.515928e-02 9.984776e-01 8.614099e-05 8.172729e+01
9.973090e-01 6.725925e-02 -2.917113e-02 3.184720e+01 -2.894677e-02 -4.308191e-03 -9.995717e-01 -8.782924e-01 -6.735612e-02 9.977262e-01 -2.349660e-03 8.166601e+01
9.964711e-01 7.713548e-02 -3.309701e-02 3.283007e+01 -3.236847e-02 -1.067646e-02 -9.994190e-01 -9.064404e-01 -7.744402e-02 9.969634e-01 -8.142029e-03 8.158994e+01
9.957125e-01 8.451852e-02 -3.759473e-02 3.381949e+01 -3.661310e-02 -1.313511e-02 -9.992432e-01 -9.494968e-01 -8.494837e-02 9.963353e-01 -9.984303e-03 8.144690e+01
9.952172e-01 8.800704e-02 -4.239665e-02 3.480856e+01 -4.124672e-02 -1.484476e-02 -9.990387e-01 -9.882858e-01 -8.855181e-02 9.960092e-01 -1.114376e-02 8.133500e+01
9.947505e-01 9.137146e-02 -4.607296e-02 3.576848e+01 -4.472651e-02 -1.673044e-02 -9.988592e-01 -1.038116e+00 -9.203804e-02 9.956763e-01 -1.255589e-02 8.121942e+01
9.944168e-01 9.354196e-02 -4.883837e-02 3.674991e+01 -4.737097e-02 -1.784515e-02 -9.987180e-01 -1.085202e+00 -9.429357e-02 9.954554e-01 -1.331434e-02 8.112317e+01
9.939428e-01 9.668832e-02 -5.224108e-02 3.774572e+01 -5.063343e-02 -1.900832e-02 -9.985364e-01 -1.137768e+00 -9.753982e-02 9.951332e-01 -1.399752e-02 8.104129e+01
9.936200e-01 9.820354e-02 -5.545633e-02 3.873085e+01 -5.370587e-02 -2.038150e-02 -9.983488e-01 -1.194781e+00 -9.917166e-02 9.949576e-01 -1.497736e-02 8.094057e+01
9.933208e-01 1.004646e-01 -5.675148e-02 3.976255e+01 -5.483075e-02 -2.177987e-02 -9.982581e-01 -1.256490e+00 -1.015257e-01 9.947022e-01 -1.612585e-02 8.082923e+01
9.930215e-01 1.035312e-01 -5.647533e-02 4.078838e+01 -5.444431e-02 -2.234174e-02 -9.982668e-01 -1.308914e+00 -1.046135e-01 9.943752e-01 -1.654914e-02 8.072340e+01
9.928520e-01 1.054873e-01 -5.583219e-02 4.180329e+01 -5.374491e-02 -2.252931e-02 -9.983005e-01 -1.370721e+00 -1.065659e-01 9.941654e-01 -1.669887e-02 8.061006e+01
9.924560e-01 1.085991e-01 -5.689776e-02 4.284430e+01 -5.485501e-02 -2.170805e-02 -9.982584e-01 -1.440126e+00 -1.096451e-01 9.938486e-01 -1.558707e-02 8.049385e+01
9.920231e-01 1.114926e-01 -5.881886e-02 4.389408e+01 -5.684130e-02 -2.083628e-02 -9.981658e-01 -1.497657e+00 -1.125136e-01 9.935468e-01 -1.433269e-02 8.038466e+01
9.916619e-01 1.135945e-01 -6.085219e-02 4.494079e+01 -5.905651e-02 -1.910970e-02 -9.980717e-01 -1.565852e+00 -1.145384e-01 9.933434e-01 -1.224186e-02 8.027271e+01
9.911658e-01 1.159469e-01 -6.439574e-02 4.597023e+01 -6.283805e-02 -1.704383e-02 -9.978782e-01 -1.637502e+00 -1.167985e-01 9.931092e-01 -9.607381e-03 8.016640e+01
9.906222e-01 1.184034e-01 -6.817921e-02 4.699321e+01 -6.701423e-02 -1.379742e-02 -9.976566e-01 -1.707653e+00 -1.190667e-01 9.928697e-01 -5.733316e-03 8.003136e+01
9.901668e-01 1.210874e-01 -7.005292e-02 4.802587e+01 -6.919888e-02 -1.124906e-02 -9.975395e-01 -1.782755e+00 -1.215775e-01 9.925781e-01 -2.759331e-03 7.989046e+01
9.898907e-01 1.241567e-01 -6.856775e-02 4.907311e+01 -6.798670e-02 -8.915843e-03 -9.976464e-01 -1.862551e+00 -1.244759e-01 9.922225e-01 -3.847032e-04 7.978278e+01
9.897161e-01 1.272387e-01 -6.536423e-02 5.013251e+01 -6.500160e-02 -7.004656e-03 -9.978606e-01 -1.931268e+00 -1.274243e-01 9.918474e-01 1.338098e-03 7.968365e+01
9.895097e-01 1.298319e-01 -6.335747e-02 5.119620e+01 -6.312379e-02 -5.918399e-03 -9.979882e-01 -2.009899e+00 -1.299457e-01 9.915184e-01 2.339168e-03 7.956409e+01
9.891406e-01 1.326029e-01 -6.338315e-02 5.224547e+01 -6.321369e-02 -5.491575e-03 -9.979849e-01 -2.078870e+00 -1.326838e-01 9.911540e-01 2.950380e-03 7.942934e+01
9.888190e-01 1.337612e-01 -6.591565e-02 5.330663e+01 -6.559366e-02 -6.817420e-03 -9.978231e-01 -2.142424e+00 -1.339194e-01 9.909902e-01 2.032692e-03 7.929141e+01
9.886498e-01 1.338225e-01 -6.828725e-02 5.435655e+01 -6.790417e-02 -7.429964e-03 -9.976642e-01 -2.218265e+00 -1.340173e-01 9.909775e-01 1.741473e-03 7.915738e+01
9.883990e-01 1.352555e-01 -6.908947e-02 5.542974e+01 -6.888599e-02 -6.189618e-03 -9.976053e-01 -2.298452e+00 -1.353592e-01 9.907914e-01 3.199395e-03 7.901723e+01
9.885703e-01 1.346091e-01 -6.788994e-02 5.650260e+01 -6.806281e-02 -3.322550e-03 -9.976755e-01 -2.372169e+00 -1.345217e-01 9.908932e-01 5.877297e-03 7.887926e+01
9.885473e-01 1.348996e-01 -6.764816e-02 5.759639e+01 -6.828715e-02 1.099335e-04 -9.976657e-01 -2.454172e+00 -1.345773e-01 9.908593e-01 9.320583e-03 7.875147e+01
9.885685e-01 1.343082e-01 -6.851000e-02 5.869204e+01 -6.963264e-02 3.673661e-03 -9.975659e-01 -2.538456e+00 -1.337296e-01 9.909328e-01 1.298390e-02 7.863303e+01
9.885131e-01 1.347517e-01 -6.843964e-02 5.975963e+01 -7.009027e-02 7.538084e-03 -9.975122e-01 -2.610269e+00 -1.339006e-01 9.908507e-01 1.689628e-02 7.849269e+01
9.884174e-01 1.359865e-01 -6.736923e-02 6.083517e+01 -6.944318e-02 1.056002e-02 -9.975300e-01 -2.688242e+00 -1.349392e-01 9.906544e-01 1.988104e-02 7.836357e+01
9.888679e-01 1.351055e-01 -6.234454e-02 6.191471e+01 -6.446020e-02 1.133747e-02 -9.978559e-01 -2.764688e+00 -1.341090e-01 9.907663e-01 1.992019e-02 7.820609e+01
9.893840e-01 1.347278e-01 -5.447683e-02 6.302384e+01 -5.615932e-02 8.716484e-03 -9.983838e-01 -2.836244e+00 -1.340352e-01 9.908443e-01 1.619017e-02 7.805697e+01
9.895400e-01 1.354517e-01 -4.963364e-02 6.414147e+01 -5.056461e-02 3.439238e-03 -9.987149e-01 -2.903831e+00 -1.351069e-01 9.907780e-01 1.025232e-02 7.791208e+01
9.895375e-01 1.348837e-01 -5.120565e-02 6.522446e+01 -5.125625e-02 -3.099872e-03 -9.986807e-01 -2.968266e+00 -1.348645e-01 9.908566e-01 3.846192e-03 7.773228e+01
9.892592e-01 1.349553e-01 -5.615507e-02 6.631072e+01 -5.548520e-02 -8.722764e-03 -9.984214e-01 -3.029320e+00 -1.352320e-01 9.908133e-01 -1.141053e-03 7.757201e+01
9.891270e-01 1.334467e-01 -6.180337e-02 6.741122e+01 -6.060844e-02 -1.300202e-02 -9.980769e-01 -3.076278e+00 -1.339937e-01 9.909707e-01 -4.772655e-03 7.741046e+01
9.889424e-01 1.334543e-01 -6.467538e-02 6.851003e+01 -6.344941e-02 -1.342341e-02 -9.978948e-01 -3.165143e+00 -1.340415e-01 9.909641e-01 -4.807387e-03 7.724989e+01
9.890470e-01 1.330486e-01 -6.390674e-02 6.965778e+01 -6.297527e-02 -1.120168e-02 -9.979522e-01 -3.237495e+00 -1.334920e-01 9.910462e-01 -2.700209e-03 7.710661e+01
9.894397e-01 1.323469e-01 -5.910543e-02 7.079569e+01 -5.817331e-02 -1.090196e-02 -9.982470e-01 -3.311720e+00 -1.327593e-01 9.911435e-01 -3.087773e-03 7.696876e+01
9.896455e-01 1.318913e-01 -5.662646e-02 7.192284e+01 -5.595251e-02 -8.813304e-03 -9.983945e-01 -3.381972e+00 -1.321786e-01 9.912250e-01 -1.342396e-03 7.682610e+01
9.897427e-01 1.309613e-01 -5.708360e-02 7.309000e+01 -5.660033e-02 -7.412544e-03 -9.983694e-01 -3.447469e+00 -1.311709e-01 9.913598e-01 7.594412e-05 7.672038e+01
9.896257e-01 1.299011e-01 -6.137347e-02 7.423705e+01 -6.090148e-02 -7.606554e-03 -9.981148e-01 -3.511968e+00 -1.301231e-01 9.914978e-01 3.835313e-04 7.658877e+01
9.893392e-01 1.305631e-01 -6.450736e-02 7.537365e+01 -6.396671e-02 -8.334925e-03 -9.979172e-01 -3.587327e+00 -1.308288e-01 9.914050e-01 1.056232e-04 7.642947e+01
9.895917e-01 1.294671e-01 -6.282243e-02 7.650883e+01 -6.244345e-02 -6.988511e-03 -9.980240e-01 -3.659770e+00 -1.296503e-01 9.915591e-01 1.168599e-03 7.628344e+01
9.898462e-01 1.302022e-01 -5.702465e-02 7.762943e+01 -5.629914e-02 -9.249230e-03 -9.983711e-01 -3.747322e+00 -1.305175e-01 9.914443e-01 -1.825046e-03 7.610716e+01
9.899014e-01 1.307525e-01 -5.476375e-02 7.876252e+01 -5.410911e-02 -8.556874e-03 -9.984984e-01 -3.823030e+00 -1.310248e-01 9.913781e-01 -1.395557e-03 7.593945e+01
9.898518e-01 1.301530e-01 -5.704084e-02 7.992073e+01 -5.681440e-02 -5.455256e-03 -9.983699e-01 -3.899713e+00 -1.302520e-01 9.914789e-01 1.994669e-03 7.579607e+01
9.897829e-01 1.291421e-01 -6.043379e-02 8.109814e+01 -6.012275e-02 -6.309250e-03 -9.981710e-01 -3.951015e+00 -1.292872e-01 9.916061e-01 1.519589e-03 7.566992e+01
9.899138e-01 1.282540e-01 -6.017904e-02 8.231258e+01 -5.997806e-02 -5.432182e-03 -9.981849e-01 -4.027919e+00 -1.283481e-01 9.917265e-01 2.315030e-03 7.553571e+01
9.901496e-01 1.279140e-01 -5.693614e-02 8.347695e+01 -5.677412e-02 -4.915389e-03 -9.983749e-01 -4.097141e+00 -1.279860e-01 9.917731e-01 2.395231e-03 7.538411e+01
9.903107e-01 1.273477e-01 -5.538404e-02 8.466563e+01 -5.509914e-02 -5.761482e-03 -9.984643e-01 -4.172133e+00 -1.274712e-01 9.918414e-01 1.311091e-03 7.525496e+01
9.901742e-01 1.280307e-01 -5.624147e-02 8.588168e+01 -5.570815e-02 -7.745520e-03 -9.984171e-01 -4.243890e+00 -1.282636e-01 9.917400e-01 -5.370621e-04 7.511567e+01
9.903139e-01 1.269559e-01 -5.621856e-02 8.706318e+01 -5.544788e-02 -9.599150e-03 -9.984154e-01 -4.315940e+00 -1.272943e-01 9.918619e-01 -2.466739e-03 7.495878e+01
9.905224e-01 1.252787e-01 -5.630701e-02 8.828622e+01 -5.552430e-02 -9.733479e-03 -9.984099e-01 -4.380159e+00 -1.256275e-01 9.920738e-01 -2.685217e-03 7.480793e+01
9.907305e-01 1.238343e-01 -5.583983e-02 8.947162e+01 -5.503917e-02 -9.879874e-03 -9.984353e-01 -4.455150e+00 -1.241922e-01 9.922537e-01 -2.972558e-03 7.465917e+01
9.909641e-01 1.227727e-01 -5.400869e-02 9.067371e+01 -5.304934e-02 -1.107191e-02 -9.985305e-01 -4.530099e+00 -1.231903e-01 9.923730e-01 -4.458857e-03 7.450056e+01
9.908583e-01 1.238674e-01 -5.344840e-02 9.190254e+01 -5.262827e-02 -9.886074e-03 -9.985653e-01 -4.593220e+00 -1.242181e-01 9.922495e-01 -3.276770e-03 7.436854e+01
9.910738e-01 1.226026e-01 -5.235768e-02 9.312701e+01 -5.147822e-02 -1.033216e-02 -9.986207e-01 -4.665582e+00 -1.229745e-01 9.924021e-01 -3.928570e-03 7.423283e+01
9.911325e-01 1.218189e-01 -5.307128e-02 9.433388e+01 -5.231409e-02 -9.407898e-03 -9.985864e-01 -4.727388e+00 -1.221460e-01 9.925078e-01 -2.951627e-03 7.411007e+01
9.911296e-01 1.207931e-01 -5.541845e-02 9.555428e+01 -5.463104e-02 -9.823131e-03 -9.984583e-01 -4.793556e+00 -1.211513e-01 9.926291e-01 -3.136942e-03 7.398702e+01
9.914240e-01 1.187644e-01 -5.453018e-02 9.677911e+01 -5.400136e-02 -7.668612e-03 -9.985114e-01 -4.864108e+00 -1.190058e-01 9.928929e-01 -1.189404e-03 7.383138e+01
9.915794e-01 1.179987e-01 -5.335324e-02 9.800927e+01 -5.306949e-02 -5.547677e-03 -9.985754e-01 -4.935896e+00 -1.181266e-01 9.929982e-01 7.611713e-04 7.369281e+01
9.919010e-01 1.153455e-01 -5.317613e-02 9.926961e+01 -5.337602e-02 -1.357173e-03 -9.985735e-01 -5.017674e+00 -1.152531e-01 9.933245e-01 4.810502e-03 7.354674e+01
9.918004e-01 1.164064e-01 -5.273962e-02 1.005180e+02 -5.332660e-02 1.931737e-03 -9.985753e-01 -5.085207e+00 -1.161387e-01 9.931998e-01 8.123454e-03 7.341034e+01
9.917611e-01 1.177294e-01 -5.049351e-02 1.017727e+02 -5.132396e-02 4.030901e-03 -9.986739e-01 -5.158574e+00 -1.173698e-01 9.930375e-01 1.004003e-02 7.326557e+01
9.917620e-01 1.184571e-01 -4.874437e-02 1.030174e+02 -4.990074e-02 6.813840e-03 -9.987310e-01 -5.228333e+00 -1.179747e-01 9.929358e-01 1.266881e-02 7.311539e+01
9.916286e-01 1.198615e-01 -4.802058e-02 1.042641e+02 -4.949990e-02 9.393574e-03 -9.987299e-01 -5.294572e+00 -1.192582e-01 9.927462e-01 1.524807e-02 7.296898e+01
9.913896e-01 1.217349e-01 -4.824283e-02 1.055074e+02 -4.963838e-02 8.455550e-03 -9.987314e-01 -5.358063e+00 -1.211726e-01 9.925267e-01 1.442547e-02 7.282460e+01
9.911675e-01 1.242353e-01 -4.639603e-02 1.067372e+02 -4.789927e-02 9.138835e-03 -9.988104e-01 -5.430993e+00 -1.236635e-01 9.922107e-01 1.500890e-02 7.268215e+01
9.909498e-01 1.272071e-01 -4.285758e-02 1.080181e+02 -4.437803e-02 9.141350e-03 -9.989730e-01 -5.490661e+00 -1.266847e-01 9.918340e-01 1.470382e-02 7.256137e+01
9.904863e-01 1.311003e-01 -4.182819e-02 1.092886e+02 -4.366326e-02 1.115302e-02 -9.989840e-01 -5.560607e+00 -1.305006e-01 9.913064e-01 1.677118e-02 7.241123e+01
9.897849e-01 1.348491e-01 -4.627760e-02 1.105463e+02 -4.886458e-02 1.593622e-02 -9.986783e-01 -5.625809e+00 -1.339334e-01 9.907380e-01 2.236278e-02 7.224514e+01
9.885177e-01 1.428008e-01 -4.940378e-02 1.117784e+02 -5.226183e-02 1.633099e-02 -9.984999e-01 -5.689042e+00 -1.417797e-01 9.896167e-01 2.360650e-02 7.207214e+01
9.874721e-01 1.509902e-01 -4.583587e-02 1.130053e+02 -4.851165e-02 1.408404e-02 -9.987233e-01 -5.766147e+00 -1.501519e-01 9.884349e-01 2.123238e-02 7.189471e+01
9.858870e-01 1.618422e-01 -4.282477e-02 1.142177e+02 -4.562022e-02 1.359447e-02 -9.988664e-01 -5.834895e+00 -1.610766e-01 9.867230e-01 2.078589e-02 7.169978e+01
9.835194e-01 1.755303e-01 -4.334372e-02 1.154574e+02 -4.628820e-02 1.271341e-02 -9.988472e-01 -5.904739e+00 -1.747769e-01 9.843919e-01 2.062887e-02 7.151678e+01
9.809632e-01 1.892587e-01 -4.350068e-02 1.166753e+02 -4.653914e-02 1.163796e-02 -9.988487e-01 -5.965480e+00 -1.885346e-01 9.818583e-01 2.022435e-02 7.130491e+01
9.780649e-01 2.037803e-01 -4.315892e-02 1.179253e+02 -4.585051e-02 8.503313e-03 -9.989121e-01 -6.026053e+00 -2.031916e-01 9.789797e-01 1.766022e-02 7.105799e+01
9.746248e-01 2.195575e-01 -4.360210e-02 1.191207e+02 -4.632725e-02 7.276239e-03 -9.988998e-01 -6.111945e+00 -2.189987e-01 9.755724e-01 1.726310e-02 7.079975e+01
9.708562e-01 2.349502e-01 -4.729308e-02 1.202793e+02 -4.994034e-02 5.326628e-03 -9.987380e-01 -6.163800e+00 -2.344018e-01 9.719928e-01 1.690488e-02 7.052081e+01
9.670741e-01 2.496170e-01 -4.958908e-02 1.214642e+02 -5.287430e-02 6.468701e-03 -9.985802e-01 -6.240068e+00 -2.489418e-01 9.683231e-01 1.945403e-02 7.022900e+01
9.630798e-01 2.650492e-01 -4.718394e-02 1.226285e+02 -5.200826e-02 1.120921e-02 -9.985837e-01 -6.313982e+00 -2.641450e-01 9.641697e-01 2.458011e-02 6.992381e+01
9.589669e-01 2.804033e-01 -4.191134e-02 1.238018e+02 -4.827538e-02 1.582456e-02 -9.987087e-01 -6.376168e+00 -2.793780e-01 9.597518e-01 2.871181e-02 6.961120e+01
9.546386e-01 2.952642e-01 -3.852521e-02 1.249741e+02 -4.602864e-02 1.850186e-02 -9.987687e-01 -6.437497e+00 -2.941879e-01 9.552365e-01 3.125320e-02 6.929356e+01
9.494973e-01 3.113671e-01 -3.879817e-02 1.261142e+02 -4.796551e-02 2.183556e-02 -9.986103e-01 -6.510507e+00 -3.100872e-01 9.500388e-01 3.566769e-02 6.895238e+01
9.443847e-01 3.263437e-01 -4.046461e-02 1.272612e+02 -5.020063e-02 2.146340e-02 -9.985085e-01 -6.573298e+00 -3.249885e-01 9.450074e-01 3.665237e-02 6.858730e+01
9.396665e-01 3.394542e-01 -4.240084e-02 1.283780e+02 -5.228004e-02 2.000694e-02 -9.984320e-01 -6.640835e+00 -3.380737e-01 9.404098e-01 3.654653e-02 6.820441e+01
9.344267e-01 3.536547e-01 -4.213176e-02 1.295142e+02 -5.220956e-02 1.899966e-02 -9.984554e-01 -6.714606e+00 -3.523080e-01 9.351830e-01 3.621795e-02 6.775255e+01
9.294389e-01 3.667777e-01 -4.021651e-02 1.306396e+02 -5.076320e-02 1.915063e-02 -9.985271e-01 -6.788279e+00 -3.654673e-01 9.301115e-01 3.641815e-02 6.732471e+01
9.234676e-01 3.817425e-01 -3.847480e-02 1.317588e+02 -5.008119e-02 2.051105e-02 -9.985345e-01 -6.863305e+00 -3.803939e-01 9.240411e-01 3.805941e-02 6.686993e+01
9.179338e-01 3.947245e-01 -3.987652e-02 1.328640e+02 -5.255165e-02 2.134809e-02 -9.983900e-01 -6.925648e+00 -3.932378e-01 9.185514e-01 4.033956e-02 6.644469e+01
9.107130e-01 4.109402e-01 -4.159394e-02 1.339643e+02 -5.499246e-02 2.083121e-02 -9.982694e-01 -6.994425e+00 -4.093626e-01 9.114243e-01 4.156986e-02 6.599235e+01
9.040709e-01 4.252159e-01 -4.298077e-02 1.350460e+02 -5.675246e-02 1.976682e-02 -9.981926e-01 -7.061225e+00 -4.235977e-01 9.048761e-01 4.200265e-02 6.549229e+01
8.966255e-01 4.405681e-01 -4.429908e-02 1.361039e+02 -5.831710e-02 1.832260e-02 -9.981300e-01 -7.139449e+00 -4.389326e-01 8.975322e-01 4.212116e-02 6.494640e+01
8.879913e-01 4.573519e-01 -4.796600e-02 1.371938e+02 -6.293581e-02 1.754214e-02 -9.978634e-01 -7.223690e+00 -4.555333e-01 8.891128e-01 4.436108e-02 6.440080e+01
8.798970e-01 4.725204e-01 -5.005748e-02 1.382556e+02 -6.610823e-02 1.741315e-02 -9.976605e-01 -7.300836e+00 -4.705433e-01 8.811477e-01 4.655927e-02 6.385428e+01
8.717723e-01 4.876184e-01 -4.734344e-02 1.393127e+02 -6.462207e-02 1.866112e-02 -9.977353e-01 -7.387258e+00 -4.856306e-01 8.728575e-01 4.777915e-02 6.328382e+01
8.635368e-01 5.025135e-01 -4.224182e-02 1.403766e+02 -6.186805e-02 2.243740e-02 -9.978321e-01 -7.465341e+00 -5.004764e-01 8.642781e-01 5.046505e-02 6.267833e+01
8.544983e-01 5.177340e-01 -4.223983e-02 1.414306e+02 -6.298511e-02 2.255111e-02 -9.977596e-01 -7.550260e+00 -5.156215e-01 8.552444e-01 5.187941e-02 6.207798e+01
8.443302e-01 5.341811e-01 -4.191738e-02 1.425097e+02 -6.429800e-02 2.334328e-02 -9.976577e-01 -7.621069e+00 -5.319514e-01 8.450477e-01 5.405621e-02 6.143659e+01
8.346940e-01 5.491868e-01 -4.098453e-02 1.435375e+02 -6.449951e-02 2.357958e-02 -9.976391e-01 -7.702883e+00 -5.469239e-01 8.353668e-01 5.510402e-02 6.079915e+01
8.238471e-01 5.654114e-01 -3.982451e-02 1.445640e+02 -6.575958e-02 2.555760e-02 -9.975082e-01 -7.791251e+00 -5.629846e-01 8.244130e-01 5.823677e-02 6.012592e+01
8.130923e-01 5.808632e-01 -3.845561e-02 1.455672e+02 -6.632071e-02 2.680106e-02 -9.974384e-01 -7.881712e+00 -5.783446e-01 8.135598e-01 6.031500e-02 5.942234e+01
8.023847e-01 5.957731e-01 -3.511707e-02 1.465812e+02 -6.499276e-02 2.873729e-02 -9.974719e-01 -7.967382e+00 -5.932577e-01 8.026385e-01 6.177931e-02 5.867096e+01
7.912073e-01 6.107180e-01 -3.185223e-02 1.475774e+02 -6.231094e-02 2.869356e-02 -9.976442e-01 -8.050349e+00 -6.083653e-01 7.913282e-01 6.075696e-02 5.792895e+01
7.800131e-01 6.250529e-01 -2.980798e-02 1.485678e+02 -6.076707e-02 2.825063e-02 -9.977521e-01 -8.135744e+00 -6.228057e-01 7.800710e-01 6.001849e-02 5.716741e+01
7.686611e-01 6.390017e-01 -2.892994e-02 1.495506e+02 -6.086844e-02 2.804736e-02 -9.977517e-01 -8.215013e+00 -6.367536e-01 7.686938e-01 6.045395e-02 5.638221e+01
7.543809e-01 6.558360e-01 -2.808147e-02 1.505030e+02 -6.400924e-02 3.091766e-02 -9.974703e-01 -8.304668e+00 -6.533087e-01 7.542700e-01 6.530326e-02 5.557534e+01
7.418330e-01 6.699950e-01 -2.811603e-02 1.514345e+02 -6.726132e-02 3.262607e-02 -9.972018e-01 -8.383098e+00 -6.672029e-01 7.416483e-01 6.926785e-02 5.475550e+01
7.297747e-01 6.832567e-01 -2.427031e-02 1.523774e+02 -6.648447e-02 3.559056e-02 -9.971525e-01 -8.473544e+00 -6.804474e-01 7.293103e-01 7.139906e-02 5.392479e+01
7.146019e-01 6.993147e-01 -1.740799e-02 1.533306e+02 -6.221381e-02 3.874785e-02 -9.973104e-01 -8.558841e+00 -6.967593e-01 7.137630e-01 7.119632e-02 5.304277e+01
6.996902e-01 7.143106e-01 -1.392661e-02 1.542547e+02 -6.128575e-02 4.058753e-02 -9.972947e-01 -8.647443e+00 -7.118130e-01 6.986508e-01 7.217576e-02 5.215728e+01
6.811432e-01 7.320586e-01 -1.158096e-02 1.551702e+02 -6.232550e-02 4.221587e-02 -9.971626e-01 -8.741275e+00 -7.294926e-01 6.799324e-01 7.438097e-02 5.121665e+01
6.617590e-01 7.496727e-01 -8.118848e-03 1.560562e+02 -6.316335e-02 4.495896e-02 -9.969900e-01 -8.809431e+00 -7.470512e-01 6.602799e-01 7.710383e-02 5.028772e+01
6.403021e-01 7.681009e-01 -5.854578e-03 1.568555e+02 -6.305791e-02 4.496691e-02 -9.969963e-01 -8.889486e+00 -7.655305e-01 6.387480e-01 7.722723e-02 4.932442e+01
6.203557e-01 7.843031e-01 -5.243575e-03 1.576509e+02 -6.563728e-02 4.525237e-02 -9.968169e-01 -8.991077e+00 -7.815692e-01 6.187252e-01 7.955208e-02 4.831623e+01
6.007595e-01 7.994015e-01 -6.737528e-03 1.584546e+02 -6.576055e-02 4.101695e-02 -9.969921e-01 -9.065275e+00 -7.967205e-01 5.993955e-01 7.721040e-02 4.729505e+01
5.815612e-01 8.134712e-01 -7.151056e-03 1.592294e+02 -6.461261e-02 3.742615e-02 -9.972084e-01 -9.163969e+00 -8.109326e-01 5.803998e-01 7.432610e-02 4.628084e+01
5.617090e-01 8.273005e-01 -7.538373e-03 1.599750e+02 -6.718007e-02 3.652766e-02 -9.970720e-01 -9.264666e+00 -8.246028e-01 5.605708e-01 7.609602e-02 4.524312e+01
5.422294e-01 8.401808e-01 -9.140327e-03 1.606689e+02 -7.190289e-02 3.556019e-02 -9.967775e-01 -9.347136e+00 -8.371483e-01 5.411393e-01 7.969321e-02 4.417149e+01
5.218164e-01 8.530054e-01 -9.450140e-03 1.613538e+02 -7.228877e-02 3.317830e-02 -9.968318e-01 -9.440351e+00 -8.499894e-01 5.208464e-01 7.897570e-02 4.307230e+01
5.009402e-01 8.654450e-01 -7.989215e-03 1.620251e+02 -6.983241e-02 3.121638e-02 -9.970702e-01 -9.550673e+00 -8.626601e-01 5.000305e-01 7.607365e-02 4.195742e+01
4.833998e-01 8.753526e-01 -9.082567e-03 1.626674e+02 -7.171010e-02 2.925606e-02 -9.969963e-01 -9.637703e+00 -8.724576e-01 4.825992e-01 7.691400e-02 4.086399e+01
4.647463e-01 8.853692e-01 -1.150102e-02 1.632519e+02 -7.509227e-02 2.646845e-02 -9.968252e-01 -9.752265e+00 -8.822539e-01 4.641345e-01 7.878550e-02 3.973344e+01
4.464877e-01 8.947404e-01 -9.396278e-03 1.638063e+02 -7.725448e-02 2.808490e-02 -9.966158e-01 -9.841910e+00 -8.914485e-01 4.457026e-01 8.166227e-02 3.861012e+01
4.310822e-01 9.022922e-01 -6.073349e-03 1.643793e+02 -7.719704e-02 3.017406e-02 -9.965591e-01 -9.946509e+00 -8.990043e-01 4.300678e-01 8.266179e-02 3.748626e+01
4.166633e-01 9.090529e-01 -3.812562e-03 1.649574e+02 -7.685597e-02 3.104728e-02 -9.965587e-01 -1.005524e+01 -9.058062e-01 4.155225e-01 8.280241e-02 3.633321e+01
4.031636e-01 9.151225e-01 -3.152044e-03 1.655166e+02 -7.704671e-02 3.051092e-02 -9.965605e-01 -1.016074e+01 -9.118788e-01 4.020198e-01 8.280807e-02 3.518245e+01
3.887713e-01 9.213341e-01 -5.414649e-04 1.660303e+02 -7.695435e-02 3.188644e-02 -9.965246e-01 -1.026540e+01 -9.181148e-01 3.874618e-01 8.329720e-02 3.400513e+01
3.749080e-01 9.270523e-01 4.239216e-03 1.665394e+02 -7.375100e-02 3.438318e-02 -9.966838e-01 -1.037120e+01 -9.241238e-01 3.733521e-01 8.126157e-02 3.279742e+01
3.632826e-01 9.316354e-01 9.008470e-03 1.670218e+02 -7.010030e-02 3.697407e-02 -9.968545e-01 -1.047751e+01 -9.290380e-01 3.615084e-01 7.873996e-02 3.159944e+01
3.529476e-01 9.356102e-01 7.841891e-03 1.674832e+02 -6.830848e-02 3.412566e-02 -9.970804e-01 -1.056300e+01 -9.331462e-01 3.513815e-01 7.595468e-02 3.039729e+01
3.445224e-01 9.387683e-01 4.300151e-03 1.679324e+02 -6.871279e-02 2.978496e-02 -9.971918e-01 -1.066446e+01 -9.362600e-01 3.432594e-01 7.476697e-02 2.919895e+01
3.381484e-01 9.410925e-01 -7.993818e-04 1.683236e+02 -7.091174e-02 2.463261e-02 -9.971784e-01 -1.075684e+01 -9.384174e-01 3.372509e-01 7.506397e-02 2.797629e+01
3.326481e-01 9.430463e-01 -2.969712e-03 1.687315e+02 -7.222728e-02 2.233724e-02 -9.971380e-01 -1.085475e+01 -9.402810e-01 3.319106e-01 7.554412e-02 2.676283e+01
3.265549e-01 9.451777e-01 -9.686436e-04 1.691456e+02 -7.172916e-02 2.376023e-02 -9.971411e-01 -1.096432e+01 -9.424525e-01 3.256908e-01 7.555582e-02 2.557024e+01
3.222422e-01 9.466368e-01 6.222568e-03 1.695725e+02 -6.836379e-02 2.982658e-02 -9.972145e-01 -1.105589e+01 -9.441856e-01 3.209192e-01 7.432706e-02 2.435695e+01
3.165758e-01 9.484841e-01 1.256158e-02 1.700172e+02 -6.578251e-02 3.516321e-02 -9.972142e-01 -1.116037e+01 -9.462835e-01 3.148675e-01 7.352548e-02 2.313313e+01
3.133326e-01 9.494502e-01 1.915840e-02 1.704623e+02 -6.778568e-02 4.248402e-02 -9.967950e-01 -1.125392e+01 -9.472211e-01 3.110297e-01 7.767075e-02 2.188511e+01
3.094102e-01 9.506955e-01 2.105866e-02 1.708766e+02 -7.071899e-02 4.508872e-02 -9.964767e-01 -1.134048e+01 -9.482954e-01 3.068308e-01 8.118314e-02 2.068585e+01
3.060302e-01 9.517772e-01 2.158164e-02 1.712809e+02 -7.256267e-02 4.592282e-02 -9.963061e-01 -1.143583e+01 -9.492524e-01 3.033338e-01 8.311727e-02 1.949078e+01
3.056279e-01 9.519133e-01 2.127735e-02 1.716665e+02 -7.374772e-02 4.594561e-02 -9.962180e-01 -1.153092e+01 -9.492908e-01 3.029028e-01 8.424369e-02 1.829401e+01
3.052257e-01 9.520854e-01 1.925260e-02 1.720617e+02 -7.530057e-02 4.428455e-02 -9.961770e-01 -1.164539e+01 -9.492982e-01 3.026091e-01 8.520935e-02 1.706221e+01
3.055637e-01 9.520101e-01 1.753739e-02 1.724951e+02 -7.743008e-02 4.320138e-02 -9.960614e-01 -1.174684e+01 -9.490181e-01 3.030023e-01 8.691499e-02 1.580040e+01
3.071674e-01 9.515074e-01 1.678378e-02 1.728911e+02 -7.863894e-02 4.295456e-02 -9.959773e-01 -1.185474e+01 -9.484008e-01 3.046120e-01 8.801978e-02 1.457581e+01
3.083853e-01 9.511386e-01 1.529567e-02 1.732890e+02 -7.845221e-02 4.145436e-02 -9.960556e-01 -1.196744e+01 -9.480210e-01 3.059689e-01 8.740284e-02 1.335530e+01
3.113798e-01 9.501585e-01 1.553657e-02 1.736908e+02 -7.815988e-02 4.190118e-02 -9.960599e-01 -1.207677e+01 -9.470658e-01 3.089386e-01 8.731145e-02 1.215835e+01
3.142735e-01 9.491813e-01 1.694372e-02 1.740960e+02 -7.823487e-02 4.368260e-02 -9.959775e-01 -1.217963e+01 -9.461033e-01 3.116837e-01 8.798735e-02 1.095429e+01
3.185404e-01 9.477491e-01 1.742505e-02 1.745134e+02 -7.551020e-02 4.369475e-02 -9.961872e-01 -1.228641e+01 -9.448969e-01 3.160101e-01 8.548327e-02 9.766313e+00
3.240879e-01 9.458264e-01 1.947890e-02 1.749226e+02 -7.200375e-02 4.519215e-02 -9.963800e-01 -1.239131e+01 -9.432828e-01 3.215121e-01 8.274928e-02 8.569989e+00
3.289704e-01 9.441085e-01 2.092081e-02 1.753336e+02 -6.932964e-02 4.623986e-02 -9.965216e-01 -1.248041e+01 -9.417918e-01 3.263756e-01 8.066624e-02 7.396656e+00
3.365598e-01 9.414770e-01 1.867008e-02 1.757599e+02 -6.805755e-02 4.409458e-02 -9.967065e-01 -1.258300e+01 -9.391994e-01 3.341807e-01 7.891509e-02 6.208436e+00
3.449767e-01 9.384361e-01 1.813246e-02 1.761780e+02 -6.848393e-02 4.443276e-02 -9.966623e-01 -1.267384e+01 -9.361095e-01 3.425835e-01 7.959606e-02 5.055132e+00
3.566233e-01 9.340897e-01 1.721042e-02 1.766246e+02 -6.907918e-02 4.473584e-02 -9.966077e-01 -1.277661e+01 -9.316909e-01 3.542246e-01 8.047999e-02 3.890583e+00
3.659691e-01 9.304972e-01 1.554053e-02 1.770477e+02 -6.866828e-02 4.365351e-02 -9.966840e-01 -1.286776e+01 -9.280901e-01 3.636884e-01 7.987148e-02 2.749694e+00
3.769045e-01 9.261385e-01 1.450909e-02 1.774871e+02 -6.883255e-02 4.362645e-02 -9.966739e-01 -1.295971e+01 -9.236910e-01 3.746522e-01 8.019149e-02 1.591690e+00
3.878337e-01 9.216411e-01 1.275479e-02 1.779852e+02 -6.993673e-02 4.322229e-02 -9.966146e-01 -1.305682e+01 -9.190723e-01 3.856288e-01 8.121963e-02 4.353902e-01
