-0.007660018317651531 -0.9998537935351232 -0.015291187553746855 -0.07057638491288927 -0.007572712008033609 0.015349198851572814 -0.9998535319927124 -0.34545520223032683 0.9999419203524805 -0.007543100799677534 -0.007689180533921282 -0.28286734411355624
-0.0083805431268814 -0.9998341477107736 -0.016168644707798115 -0.06876441735999105 -0.008595255313809943 0.01624064017406526 -0.9998312037973355 -0.6440195789600001 0.9999278639652974 -0.008240155334012516 -0.008729936947183858 -0.2182534156668656
-0.008195536494955144 -0.999830548338371 -0.016489782862096663 -0.0681280049332873 -0.010040131849220105 0.016571780750038928 -0.9998122811480311 -1.222555026384164 0.9999159556442968 -0.008028438403943662 -0.010174245555083786 -0.21907242879454092
-0.007783904247933594 -0.9998347435780698 -0.016428892508335954 -0.06871273068957562 -0.008494616599911003 0.016494910222041942 -0.9998278610792839 -2.0178980400325024 0.999933598079422 -0.007643008322634245 -0.008621608174108347 -0.21232375229255895
-0.007754815521062107 -0.999825302461512 -0.017008403570775286 -0.06666853214740973 -0.009305892994079325 0.017080334350076748 -0.9998108294450133 -3.124971899844471 0.9999265926362924 -0.007595070795382113 -0.009436722829014643 -0.264458797761802
-0.00784702327416961 -0.9998199112170906 -0.01728184948075355 -0.06957953097822621 -0.009904972702617922 0.017359248393774493 -0.9998002107730672 -4.240667237050925 0.9999200628071965 -0.007674279750477594 -0.010039407419604882 -0.25953129743985187
-0.009107078392776323 -0.9998099700406333 -0.017238791301044165 -0.0572707884701563 -0.011709285778394368 0.017344948817338786 -0.9997809908012446 -6.25938842246036 0.9998898726538509 -0.008903230367238668 -0.011865023424562462 -0.3051513821953325
-0.009907830916214687 -0.9998030029756092 -0.017204518233890232 -0.05922475100274734 -0.013290123250795451 0.01733550535932435 -0.9997614059156622 -7.722456730839447 0.999862489522711 -0.009676815801065287 -0.01345926244310966 -0.3255546689704786
-0.010342669703856094 -0.9997990264075163 -0.017179316809246715 -0.045859874747978126 -0.01375754512049295 0.017320884493357006 -0.9997553143153096 -9.438159226623597 0.999851824358932 -0.010103793617759756 -0.013933923789500912 -0.38270577112744836
-0.010212830994361571 -0.9997978876047624 -0.017318911430432612 -0.05053068478977193 -0.013986427636968586 0.017460946075236728 -0.9997497277175654 -10.99047853601202 0.9998498963667073 -0.009968045046611458 -0.01416192808087516 -0.41950516811862065
-0.008522315801242474 -0.9998008107205519 -0.018051299530831885 -0.04443448142244949 -0.015829592846049467 0.0181845797749677 -0.9997094009741678 -12.524894004014977 0.9998383681823154 -0.008234094503679039 -0.015981415173725224 -0.4416629928855491
-0.007342329682494332 -0.9997928605961138 -0.018984186606710952 -0.05298723805978841 -0.016515403116317863 0.019103351080578944 -0.9996811453853109 -14.015639323910742 0.999836597597643 -0.0070264572525872435 -0.016652246198084617 -0.49109665104492894
-0.006382058103195337 -0.9997824771869281 -0.019860738686382152 -0.056839484200042374 -0.01644261810405992 0.019963376066669418 -0.9996655584322046 -15.511659092486482 0.9998443671464866 -0.006053360689465933 -0.016566448963474083 -0.5266591016075258
-0.0063986763075922146 -0.9997797144697476 -0.019994190264241093 -0.054960035870160365 -0.017234495863199938 0.0201018861694565 -0.9996494264739477 -17.008156159370863 0.9998308825458548 -0.006051842842603041 -0.01735932486186429 -0.574547419863797
-0.005482938259904641 -0.9997792947125669 -0.0202821547440434 -0.05206129188103009 -0.017139398789894476 0.02037343559945306 -0.9996455435018906 -18.46874812358354 0.9998380377076094 -0.005133371823624318 -0.017247323339548423 -0.5967674310564477
-0.005025785511601336 -0.9997638346173137 -0.02114561276067356 -0.04646457802137688 -0.017708886901660854 0.021231545073309814 -0.9996177402995764 -19.898643668664306 0.9998305221687341 -0.004649398975824372 -0.01781140956170848 -0.6299078365195295
-0.004460692249657495 -0.9997460706934664 -0.022089236810303114 -0.045374093168579495 -0.017558661248241042 0.02216435542279456 -0.9996001607645887 -21.34146479805138 0.9998357599999931 -0.004071051643770381 -0.017653071173137067 -0.6738277388121716
-0.003793018444943048 -0.9997646882415431 -0.02135947164752399 -0.05040276571946863 -0.017050147497553646 0.021421175830228303 -0.9996251969020173 -22.794092424071206 0.9998473418718502 -0.0034274149359173186 -0.017127388385285255 -0.709225854187037
-0.003874951635454314 -0.9997975127693631 -0.01974845108733611 -0.05580535798155719 -0.017506905337265056 0.019813397485767693 -0.9996504640345861 -24.212896959663514 0.9998391452940277 -0.0035278633257211965 -0.01758013785031338 -0.7427908830888711
-0.005495247309070212 -0.9997879283911643 -0.019848845381731893 -0.05361711378115486 -0.017156753959094724 0.019940485925270007 -0.9996539521421147 -25.628705830205664 0.9998376786267681 -0.005152804502184004 -0.017262693616199795 -0.7736116569856575
-0.006346861867932222 -0.9997367451156931 -0.022050836155245435 -0.05617849480389852 -0.016342617741598012 0.022152035280546812 -0.9996210361059775 -27.061422789430814 0.9998462475805131 -0.0059840889905306074 -0.01647891141261459 -0.796003017543444
-0.007910308492923084 -0.9996954505289448 -0.023378167185766744 -0.060518117504166205 -0.016331975252774817 0.02350493955893722 -0.9995903798832332 -28.46342141748551 0.9998352425413879 -0.00752525614352555 -0.016512933166014133 -0.8293351389343114
-0.008812690456846625 -0.9997028308432454 -0.022727820375650347 -0.0635943487347434 -0.015534834503541983 0.022862832460881513 -0.9996178862665038 -29.872323843205827 0.9998404703517205 -0.008456251330048285 -0.015731702004034884 -0.8509456193266735
-0.009050725445315847 -0.9997294102068266 -0.021432768425603252 -0.06757690522695702 -0.014979536148166857 0.02156678967492805 -0.999655199149151 -31.257944904615478 0.9998467405985809 -0.00872655117958318 -0.0151706782296122 -0.8826019473740382
-0.008076321730435885 -0.9997537030120532 -0.02067663308554167 -0.06725110478782272 -0.014574587863906132 0.020792796976761722 -0.9996776344447141 -32.636113736496554 0.9998611103898396 -0.007772364139303484 -0.014738927646325839 -0.9165918322044883
-0.007193016348124698 -0.9997769641098252 -0.019856528431513004 -0.057499889194229555 -0.014014164996779342 0.019955876793627664 -0.9997026115505877 -34.01020981752499 0.9998758549643496 -0.006912605447686966 -0.014154583045502964 -0.9548226793907504
-0.006878233240056898 -0.9997556697006198 -0.021008367654943974 -0.06395554631746037 -0.01334001704249832 0.021098731174266028 -0.9996884780678903 -35.33518307337262 0.9998873017545388 -0.00659583864323277 -0.013481880634209131 -0.9880403350610959
-0.006536149541120473 -0.9997143840278587 -0.022990115042143607 -0.06560633843444093 -0.012068220566731819 0.023067791629925043 -0.9996611086377964 -36.65539639914079 0.9999057692548 -0.006256485361417271 -0.01221554908880457 -1.0106446950620853
-0.006625532685091282 -0.9996845930164124 -0.024225116621423758 -0.060428497269266204 -0.009720377821138675 0.024288888170847032 -0.9996577732127486 -37.96547342089908 0.9999307412201983 -0.006387787986552681 -0.009878240485755748 -1.0265430994195348
-0.006426478121533444 -0.9996770158612639 -0.024590705438445572 -0.06302254388100981 -0.007494778196410902 0.024638672667242165 -0.9996682943205675 -39.24288303774193 0.9999511606960603 -0.006240044472164322 -0.007650697755708721 -1.047062806643704
-0.007114405249980077 -0.9996804283747333 -0.024258310059051193 -0.0644015473748582 -0.0038517990073857287 0.024286139129296724 -0.9996976634817659 -40.50438233849346 0.9999672132583661 -0.007018816588698083 -0.004023349679316646 -1.0664078179702137
-0.007944750516684678 -0.9997041370338545 -0.022994561553074847 -0.06461205133082727 -0.0008190098074917304 0.023001783764669596 -0.9997351637810923 -41.77172770854534 0.9999680663196207 -0.007923813090593302 -0.0010015104479849189 -1.0861564715317913
-0.007994405468355633 -0.9997348335510751 -0.02159864263664179 -0.06508101610940323 0.0036336412464693262 0.02157014608251924 -0.9997607414578643 -43.01704237432802 0.9999613551238794 -0.008070974335839467 0.00346023478583639 -1.0852405046624432
-0.007661142105695712 -0.9997266730959202 -0.02208908509054754 -0.06690141846109052 0.006974782389317187 0.022035770543023674 -0.9997329311748606 -44.28301935147215 0.9999462835988269 -0.007813162825499188 0.006804060962672039 -1.0815179235638488
-0.007133431471243146 -0.9997303874169826 -0.022100303063867434 -0.06716624666998343 0.013224757395879607 0.022004613870795702 -0.9996704296467679 -45.51052079938092 0.9998870128713944 -0.007423351275534052 0.01306421990044744 -1.0709081415192998
-0.005962747032093157 -0.9997579093732438 -0.021183965587280907 -0.07076924174351308 0.01975199483832151 0.021062455583669072 -0.9995830232630862 -46.70010329134385 0.9997870533536373 -0.006378686156855555 0.019621614448424078 -1.0596397493220748
-0.004365501563238696 -0.9997631064551674 -0.021323826454118372 -0.07614025718186225 0.027058302796181422 0.021198122893483995 -0.9994090359925323 -47.831310246937754 0.9996242258859646 -0.00493990783974942 0.026959350669754703 -1.0616360699366796
-0.0028099413679745352 -0.9997425984175187 -0.02251334297177519 -0.07519108882221304 0.03407715199933342 0.02240462305922012 -0.9991681135943073 -48.989242693792 0.9994152410562834 -0.0035747956532244706 0.03400542530875442 -1.0395324920983433
-0.00018520823755899078 -0.9997223364853307 -0.023565703992350424 -0.07421300292262929 0.0442747643453561 0.023534396013124254 -0.9987421583298115 -50.1672177960763 0.9990193003818294 -0.0012283414746901717 0.04425811222443474 -1.002609345536638
0.002104239144327301 -0.9997147397784443 -0.023792523377407164 -0.07670713224164111 0.05635420757294107 0.02387331318219865 -0.9981254164892087 -51.3228701777142 0.9984085190661408 0.000759486442767382 0.056388362673474066 -0.9701364747631731
0.004165172610492875 -0.9996905446231744 -0.024525640892814102 -0.08080687053383424 0.07032118221547518 0.02475794488581414 -0.9972171202303505 -52.45498793141299 0.9975156382743399 0.0024289061750427405 0.07040253250369297 -0.9335515909433848
0.006524104508188201 -0.9996557316289658 -0.025414163954394615 -0.08668040243997256 0.08636465825242474 0.025883027079215144 -0.9959273193455831 -53.57588599638002 0.9962421300075481 0.00430264669672715 0.08650378841259666 -0.8457989058750469
0.007319280476306421 -0.9996191428600527 -0.02660905825353477 -0.09076718226636624 0.10439609818773428 0.027228216356992033 -0.9941630021834884 -54.69683304060405 0.994508873231069 0.004498677641553813 0.10455562316670156 -0.7467469798627506
0.007597683524549623 -0.9996265735972365 -0.026251868689601696 -0.09027163084515363 0.12440487637076848 0.026993556270872875 -0.9918643416529394 -55.79559639488951 0.9922023700878096 0.004270018017898999 0.12456350020457752 -0.5793557814890997
0.00712028084956428 -0.9996569398318322 -0.025207957492743824 -0.09847882594073484 0.14497046772074432 0.02597420288236796 -0.989094971031978 -56.875463456969094 0.9894103022484145 0.0033882168643577237 0.14510574626806777 -0.4176059236261239
0.005045272813194668 -0.9996691312074056 -0.02522388177493711 -0.1049655001880873 0.16572855348641802 0.025711267481460402 -0.985836220244138 -57.96150048618004 0.9861584660848561 0.0007934991721468016 0.16580338970534492 -0.24075477823743102
0.0006815096049195678 -0.9996187648457513 -0.027606193005996597 -0.10711319349013733 0.18715172268503955 0.027245921046512238 -0.9819531455706996 -59.009071750565575 0.9823306664565095 -0.004497336389779236 0.1870989933485682 -0.0676073810194236
-0.0039167049643856955 -0.9995708057903145 -0.029035537949978825 -0.1185532216191254 0.209562078117849 0.027570560500792294 -0.9774065565995873 -60.04677348347335 0.9777873741497313 -0.00991296045479297 0.20936419646359336 0.14725543671795926
-0.009029319371765229 -0.9995344644648619 -0.029144902341906684 -0.126644277506634 0.23279773671429482 0.026244040913285215 -0.9721710781403015 -61.0549717099924 0.9724832082158514 -0.015562910796093642 0.23245236945847997 0.37290430631013144
-0.014058015884683788 -0.999514658217243 -0.027800159342802274 -0.12783241306876028 0.2599785760967159 0.023192962433663922 -0.9653358405085419 -62.08690795445594 0.9655119378929244 -0.02079815550341214 0.25952636845101984 0.6782227211569595
-0.01657878702259282 -0.9994738545770719 -0.02788040033143059 -0.13890427966093793 0.28639479179650645 0.02196899699129608 -0.9578598280991725 -63.06075005812187 0.9579682122195143 -0.02386495763554624 0.28587984203129674 1.003261400101918
-0.01835130937220226 -0.9993857705021746 -0.029857336595718924 -0.15279827340052404 0.3125248379275249 0.022632378110526895 -0.9496400015313353 -64.02378612316764 0.9497322979115196 -0.02675830021077647 0.3119175212616753 1.3100190246909171
-0.021876659561664943 -0.9992049484057909 -0.03333037228987412 -0.1528772500795156 0.33899774036003466 0.023949524982868252 -0.9404823294720149 -64.9388004697456 0.9405327733012341 -0.03187353242963421 0.33820427457879676 1.6374202521472274
-0.02470098174447615 -0.9991136773147531 -0.034084607955479844 -0.1624074811995833 0.36901623884184187 0.02257461209778254 -0.9291488398194031 -65.85362621444106 0.9290946000820792 -0.035528651937679144 0.3681314796466936 2.0099253303016047
-0.025508585921550288 -0.9992380811362868 -0.0295418361107925 -0.18340408392792634 0.39894293755285526 0.01692095392433569 -0.9168196785291289 -66.75828949083737 0.9166208768395846 -0.03517227619729277 0.3982072949972145 2.41626350284759
-0.028572910074845963 -0.9992912330569839 -0.024511752707640968 -0.18631208266822352 0.42686151197227173 0.009975442781071004 -0.9042619777887745 -67.63074041329804 0.9038654240656825 -0.03630052282938418 0.426273922293775 2.817374654627434
-0.03125342641412861 -0.9992586188457027 -0.022483628401447405 -0.20146886097075925 0.4552900652585279 0.0057926373687866035 -0.8903243204854615 -68.48968402981413 0.8897943309642079 -0.038062260222984035 0.45477145904534194 3.2565929414620562
-0.030269319388161495 -0.9992169280633637 -0.025481515421102104 -0.2089839127214801 0.48450114594130417 0.007630593530715112 -0.874757353637206 -69.36790326719618 0.8742667518315508 -0.038824128921580416 0.4838907468574464 3.7074030624245813
-0.025629297400733612 -0.9991771393285338 -0.03143707009170851 -0.21179311745049073 0.5146552628032112 0.013771661274282646 -0.8572865851726056 -70.20024007908334 0.8570139685085975 -0.038150902001935105 0.513878736126451 4.2092619211045665
-0.023793956968852337 -0.9991193795464549 -0.03456048979897379 -0.2234166142254817 0.5456561647196457 0.01598749353948726 -0.8378566535281561 -71.01051763291571 0.8376712034761812 -0.038794059891800424 0.5447952984293651 4.730747926902132
-0.01986973520201441 -0.9993273603392119 -0.03082367063373656 -0.22314834620807014 0.5769431157138227 0.01371825732540163 -0.8166690416556276 -71.7441883740602 0.8165424888235243 -0.03401050771244943 0.5762825558766126 5.29047770599621
-0.016349605576938767 -0.9995797491662624 -0.023940199461906123 -0.2361098347262996 0.6054562535131803 0.009157110084474031 -0.7958258626358353 -72.49223302321649 0.7957105842623108 -0.02750618694214419 0.6050520333924646 5.838363877082972
-0.014873394373660817 -0.9996636430641568 -0.021248038758568084 -0.26007594906917414 0.6351134720379938 0.006967768685576946 -0.7723873747109009 -73.20208918101768 0.772275605160686 -0.02498293352641165 0.634796256688084 6.443575072440387
-0.015413903910952032 -0.9996015535513425 -0.023647262820135358 -0.2597712846330566 0.6634756785547244 0.007468175120388216 -0.7481605335083817 -73.89075102019504 0.7480389620792776 -0.02722146499619947 0.6630962316905639 7.052081636793983
-0.01529563432351288 -0.9995958842673532 -0.023965127013983158 -0.27165956855213413 0.6893879438027616 0.00681751645225046 -0.7243601845403466 -74.56359868105608 0.7242307282803031 -0.027600819126189766 0.6890050908712625 7.685540859628418
-0.014939786450096582 -0.999648062986551 -0.021926458606376265 -0.2580290378181333 0.7162838710370866 0.004600635683198865 -0.6977938248539355 -75.20570636033675 0.6976489615266668 -0.026130459433747835 0.7159629487668976 8.363276191009259
-0.013879092294106842 -0.999706190346267 -0.019874186990685737 -0.25917030042586375 0.7407903178464682 0.0030694757616096264 -0.6717292950126857 -75.7701129864133 0.671592860985763 -0.024045599363927802 0.7405301205324972 9.028532763669354
-0.01182753988460089 -0.9997539265003949 -0.018772644315634586 -0.2672282055957042 0.7647772217445751 0.0030502983926179892 -0.6442875153882578 -76.32519054475117 0.6441861203940745 -0.021977220965333777 0.764552979491983 9.742612155302282
-0.011453743913238277 -0.9997821334040207 -0.017455445627716983 -0.2702754791226336 0.7870813119429895 0.0017526859853914845 -0.6168466658095325 -76.88094856819494 0.6167427824698308 -0.020804060649800216 0.7868897739278466 10.4437663604431
-0.009462724461724805 -0.9998937088308266 -0.011097154486780229 -0.26956374386479454 0.8083361933902181 -0.00111606508854841 -0.5887199755939759 -77.42939336385427 0.5886450002602295 -0.014541128046497539 0.808260864550273 11.135436370133895
-0.007902334658233508 -0.9999675280375533 -0.0016382168465435788 -0.27369484885992856 0.8290453717987317 -0.005635568655480819 -0.5591528596878514 -77.96975932070553 0.5591254132848464 -0.00577676974531332 0.8290629143137143 11.887168176457237
-0.006493510131950932 -0.9999586751487851 0.006370429879905991 -0.2508278044622894 0.8492548870406157 -0.008878014953873041 -0.5279083631930428 -78.44926248418554 0.5279429997918048 0.001982141772065238 0.8492774420858239 12.647287416696983
-0.0037989943727670767 -0.9999455216467517 0.009722420721973265 -0.24123377106490493 0.8676084132999627 -0.0081302936912567 -0.49718148157091185 -78.91018401488185 0.49723331160363543 0.006546467188490756 0.8675921800640237 13.432774036921057
-0.0014006180908873681 -0.9999675947426588 0.007933967634321512 -0.22842743677562105 0.8859308394605702 -0.004920714494240364 -0.4637912074468235 -79.3449708479729 0.4638151789176701 0.006379351334569428 0.8859090351851278 14.287284795582847
0.002994895279470255 -0.999985116482011 0.0045736773017068496 -0.1972247326722562 0.9029932383673978 0.0007392839734043461 -0.42965403677518466 -79.71914305880732 0.42964418422003736 0.005416768660588985 0.9029819377471253 15.131976416650213
0.007932081944852462 -0.9999627376928828 0.0034143645202653564 -0.17963443950788247 0.9184942995000164 0.005935793243395916 -0.39538957413365194 -80.08438961523085 0.39535446055261697 0.006272331226934902 0.9185072158117515 16.000403790820698
0.014711669534407066 -0.9998841861685385 0.003909547804403701 -0.16201964592039103 0.9324581888841462 0.012307833356486601 -0.36106803777178154 -80.42982822462209 0.3609780468303466 0.008957402156051097 0.9325312821091062 16.843362277919024
0.02072784329127125 -0.9997736664451448 0.0048096431905499445 -0.15560237023583542 0.9457959150682406 0.018048824014510294 -0.32425953327664225 -80.74143491880413 0.3240993257445722 0.01127014148378084 0.9459558926942184 17.727240413355243
0.023130967336647358 -0.999724079208464 0.004108148459725616 -0.1406814757913355 0.9574463978903271 0.020969930875729813 -0.28784802649949026 -81.04295263178435 0.28768237091972 0.010591533425741229 0.957667311787623 18.657654042713954
0.02429906721707551 -0.9996974609586997 0.003830083489827521 -0.13121830960695802 0.9676824180351904 0.022558636991223343 -0.25116063862242916 -81.28834798776262 0.2509981685679203 0.009809269331724452 0.9679377957917011 19.574814614749563
0.023503328158770154 -0.9997150451977629 0.0041922864841827286 -0.11370291149430349 0.9762713452026314 0.02204879333384169 -0.215425197011319 -81.51163676872429 0.21527132970786164 0.009156012972192535 0.9765113785073881 20.50948726434192
0.02269801883900083 -0.9997339652979794 0.004106611761045922 -0.09594564057745489 0.9833676064500161 0.021585660939455888 -0.1803389047931164 -81.68860752920351 0.1802022478544914 0.008131646781356392 0.9835959302215432 21.482098952569025
0.017259354015143592 -0.9998431557999445 0.003975169268269323 -0.06369612456739997 0.9892828467001232 0.01650026845299205 -0.14507653541569307 -81.82008725625606 0.1449881549732139 0.0064364919595819945 0.9894124675318643 22.426744747583786
0.013806942880721474 -0.9998710526546898 0.008210963773485423 -0.04411361492844909 0.9936520728641558 0.012803251224175163 -0.11176580161676897 -81.90611747635369 0.11164624669749935 0.009701980262579086 0.9937006758951032 23.39515250152386
0.013910224124814538 -0.9998007153780266 0.014323150195426067 -0.031069988935516844 0.9966590358039618 0.012710695645449046 -0.08067962968606644 -81.98399024978829 0.08048148258096177 0.015397569065649692 0.9966371702297365 24.36459800854678
0.00894692536237156 -0.9998112766920273 0.01724466634160529 0.011804352164062365 0.9985917690188875 0.008031564691210403 -0.052438172800712154 -82.04291496401873 0.05228977240321862 0.017689541612026786 0.9984752829464181 25.33800570373085
0.007336490887757374 -0.9998430512207371 0.016130740822619175 0.042127722171069665 0.9996179697284931 0.006903101071263084 -0.026760854302059114 -82.0592738081572 0.026645291886456323 0.016320903835153944 0.9995117190409795 26.333308344868584
0.005356619164425643 -0.9998914405623316 0.01373327492684736 0.05548328378350908 0.9999791950324427 0.005306725340422038 -0.003667032390486425 -82.04025175155172 0.003593753350252571 0.013752626183218599 0.9998990054951524 27.311345005314234
0.0031289814346938047 -0.9999262595338865 0.011741375961178474 0.0880140218332651 0.9998616275333447 0.0033201420645834374 0.016296778277487208 -82.02065575929434 -0.01633456507416074 0.01168875927187954 0.9997982445007229 28.30604696011045
0.0017204061174547723 -0.9999028694686809 0.013836449545909684 0.1157222829667428 0.9994217418807768 0.0021891135450818784 0.033931253776539695 -82.00531093910291 -0.0339582451937981 0.013770070821937788 0.9993283783374634 29.28721885977024
-0.0013233988921627117 -0.9998227384816795 0.01878173459765467 0.1352846346959657 0.9988793580321564 -0.00043311795023248667 0.04732660174731516 -81.98013670208648 -0.04731007081242127 0.018823315215650727 0.9987028988323952 30.275941511900314
-0.004338850832957189 -0.9997327469598152 0.022710641039739538 0.17222984848915932 0.9982249532667488 -0.002981112770692282 0.059480157760120556 -81.92281117286527 -0.05939654576353277 0.022928398970611354 0.9979711126036495 31.257313705283355
-0.010714725301188383 -0.9995989193483821 0.02621720962633798 0.20236769602881274 0.9975421365195575 -0.008869750048495788 0.06950394935256171 -81.85145769883987 -0.06924352465009066 0.026897487760151127 0.9972370863496841 32.240574567224456
-0.01317829189738156 -0.9994472107341794 0.030524305125861552 0.2482394401924815 0.9969752270446203 -0.010795073292200728 0.07696558193645371 -81.71383895103688 -0.07659351076585072 0.03144624868906219 0.9965664521895822 33.23094043543492
-0.014888369978008575 -0.9992698187359705 0.035188825901728345 0.2897068800900587 0.9966799862161925 -0.012014086707787298 0.08052636617502615 -81.60841975734422 -0.08004479450131119 0.036270909975590224 0.9961311366857959 34.22086435598711
-0.016775184785892357 -0.9991101996279356 0.038698536367341295 0.34189193190685674 0.9963764520983512 -0.01347659554422703 0.08397731031883594 -81.49924516875136 -0.08338105127700962 0.03996704060143414 0.9957159503301194 35.18160646904841
-0.017890295616189433 -0.9989841294239556 0.041362457432615525 0.39094609835218763 0.9961748850749406 -0.014270577074670925 0.08620816314249982 -81.40985152766712 -0.0855302983692433 0.04274652828359017 0.9954181826908605 36.1637190434204
-0.019054498121921927 -0.9988208936316261 0.04465261307113574 0.4455544650732438 0.9958804459271174 -0.015000574985937853 0.08942622218003264 -81.33468421388656 -0.08865095518592797 0.0461726386833367 0.9949920331078597 37.16009080396496
-0.02042687248357357 -0.9986509911357837 0.047739899714164105 0.5046960180736286 0.9957194514028397 -0.016015361246986274 0.09102825849001199 -81.24112292071572 -0.09014088262727678 0.04939496659823815 0.9947033737305598 38.145965166723926
-0.021827030712050215 -0.9985659524512593 0.04888488805446322 0.56806673916272 0.995483315936393 -0.017188870121990073 0.09336692776585455 -81.13711023498539 -0.09239268832179193 0.05070200610582096 0.9944309808340402 39.17837468829419
-0.022393072508199795 -0.9985710119351511 0.04852349215729171 0.6216706752258153 0.9951809152166439 -0.017629923805485753 0.09645685741564902 -81.03823156207312 -0.09546356668427043 0.0504496275557244 0.9941536163136856 40.20478362544293
-0.02258373968111714 -0.9985997284538596 0.04783968334232441 0.6846223604939891 0.9949864215578089 -0.017787284416477138 0.09841501672308821 -80.9321544915107 -0.0974262464800428 0.049822416369078235 0.9939948440975942 41.220350090123645
-0.02176552338088593 -0.9985629764216146 0.048974416117236956 0.7557531629874186 0.9946956884419307 -0.016703363286539055 0.10149594110683682 -80.8230631939482 -0.10053202638954525 0.050923755101560726 0.993629766667425 42.26205229357265
-0.02089579125692848 -0.9984809256905544 0.050983918473969526 0.815216022256858 0.9944189781840501 -0.015481992367798415 0.10436034270491822 -80.72101443692624 -0.1034125277656946 0.052880069620869524 0.9932319136247268 43.312518770995744
-0.019170008949330315 -0.998399083692745 0.05321518128722337 0.8854385783316043 0.9942344369293641 -0.013419683762355607 0.10638472917900989 -80.61646878418092 -0.10550019798486723 0.05494776016004668 0.992900032711686 44.35996483499214
-0.01710380002372343 -0.9982268561091407 0.05701511452844865 0.9595303635600043 0.9940225588811701 -0.010826838001206601 0.10863655987580856 -80.51737139246612 -0.10782655724726371 0.05853240557858652 0.9924452270249301 45.39014222147269
-0.013856738031795823 -0.9980287926486338 0.061209411586388755 1.0324834826031453 0.9938065993136135 -0.0069964326011053785 0.11090256913434968 -80.38941602081616 -0.11025563091127565 0.062367059732546325 0.9919446346329013 46.4140664611411
-0.011309959857372612 -0.997923322240604 0.06341382272616171 1.109844119797473 0.9935387780241134 -0.00405288592255015 0.11342025607912301 -80.25568580975097 -0.1129276796187718 0.06428686325745231 0.9915212547799227 47.44762644558647
-0.00898230573995656 -0.9980218996301862 0.06222325902278628 1.1906306181890727 0.9932070214781994 -0.0016851004711533751 0.11634756432052373 -80.15522890352693 -0.11601247189320837 0.06284565263882777 0.9912575600111101 48.49538443782131
-0.007078491042418189 -0.9982175795226697 0.05925971577965441 1.2597461716093805 0.9928541336840967 4.3862285582388014e-05 0.11933386933501722 -80.06333718163728 -0.11912378412087035 0.059680953835263686 0.9910841707568357 49.5551788089097
-0.005997841423540486 -0.9983332875149383 0.05740091816484802 1.3392596608193235 0.9925443871920404 0.0010445935407371112 0.12187919949394388 -79.95129539720013 -0.12173597465649885 0.05770396980890818 0.9908837168828035 50.619467745339904
-0.005575061791917024 -0.9983292582293332 0.057512644669588 1.409804469934359 0.9922026625030016 0.0016385768336907892 0.12462357462096006 -79.82384666608263 -0.1245095511289359 0.05775898544849632 0.9905358899582262 51.669516039091334
-0.006900360606302144 -0.9981803113614125 0.05990409168374168 1.4756162587558546 0.99205088771559 0.0006938117511368757 0.1258354722754958 -79.69378874244259 -0.12564803394882312 0.06029620640900619 0.9902408208551654 52.7316487221341
-0.00751073116196223 -0.998034479767983 0.0622166181387048 1.5536636479559223 0.9920411123537733 0.000383722173217603 0.12591368516322535 -79.56794409574144 -0.12569004165894404 0.06266714623721034 0.9900883179887447 53.78255343346246
-0.006271585069525274 -0.9979806190090204 0.06320903164846153 1.6357477867883734 0.9918676452156026 0.0018270831581591335 0.12725989746786986 -79.43571942047639 -0.12711843435108486 0.06349311400627998 0.9898532789113661 54.85664530897681
-0.003404357110140102 -0.998046871102305 0.06237745539926205 1.7108244291361678 0.9919629733961718 0.004519288935069261 0.12644721419652918 -79.30618006615319 -0.1264822021865544 0.06230660538149344 0.9900101151750709 55.93042512061834
2.790269569414791e-05 -0.9980386950138089 0.06260082459575479 1.7944324968467187 0.9919313055555179 0.007963927292563205 0.1265260174459825 -79.18673836474301 -0.12677636107784074 0.06209218190775912 0.9899859865117426 57.025045495675634
0.003593865443547074 -0.9979473784924384 0.06393859469285319 1.8805784150609328 0.992000926682085 0.011625658945206311 0.12569369300561156 -79.07693124267892 -0.12617901138673776 0.0629754266283836 0.9900065366112464 58.12154038603147
0.0074580676595093175 -0.9978966164781352 0.0643962938045286 1.9541630201178866 0.9919225039138126 0.01553733419705393 0.12588962853055966 -78.94461010797332 -0.12662531910153568 0.06293723715886412 0.9899520621434367 59.190055677937444
0.010477464896307444 -0.9979105412156443 0.0637561721493102 2.033485715389168 0.9917353443023834 0.018523786243336816 0.12695572899922894 -78.82341246212137 -0.12787144658331567 0.06189907173711322 0.9898572088603557 60.26636148419724
0.011251362039306167 -0.9982085604230827 0.058764225922086945 2.1101985942401242 0.9918348906769004 0.018606711046750875 0.12616313243236282 -78.67456955860985 -0.1270304961565163 0.05686490265517123 0.9902674869139428 61.34682898375611
0.008623251105819124 -0.998688901493732 0.050460685293306023 2.1809484401026946 0.991901675312875 0.014937417978354222 0.12612620898829643 -78.53424236648146 -0.12671458047809692 0.04896442196808244 0.9907299849158266 62.45668190742376
0.0033400349596210497 -0.998987115142911 0.04487485262820807 2.248470981350844 0.9918360255045443 0.009029964261276975 0.1271993928841648 -78.39797230931929 -0.12747577842790475 0.0440836449862553 0.9908615587791018 63.575059632896924
-0.0031976099502724203 -0.9989561710807695 0.04556754647741916 2.3149463601628226 0.9919113777568147 0.0026137356564521087 0.12690513091012998 -78.22694442042011 -0.12689173465833853 0.04560475209068587 0.9908676942938204 64.659376815795
-0.008816916895957353 -0.998720166755768 0.04980342571223972 2.378941753098561 0.9918735571646466 -0.0024131452846779767 0.12720421810792804 -78.0751945430757 -0.12692130800686605 0.050520247402575415 0.9906254451806353 65.74692830586301
-0.013089220876180857 -0.9984049437228167 0.054920664229705825 2.429136000692329 0.9920243889881137 -0.006080073909553062 0.12589900262845877 -77.92254652726751 -0.12536419506285146 0.05613054868632756 0.9905216197857339 66.84883250855363
-0.013507944949617445 -0.9982389939434613 0.05776329864789667 2.5206007149078173 0.992020800714872 -0.0061371444431851906 0.1259247631562093 -77.77062279424146 -0.12534850140747847 0.05900337515592512 0.9903566923928028 67.94883506814519
-0.01128605697015871 -0.9982941929219734 0.05728341566513122 2.5944829864227468 0.9920988636382357 -0.004020762606551744 0.12539358596119837 -77.6362517936732 -0.12494936101848332 0.0582460117630151 0.9904519305767104 69.09754420537068
-0.010989751181336115 -0.9985619176571511 0.052473674487764424 2.6688903562505635 0.9921855413074856 -0.004366982795700696 0.12469435112783013 -77.50743673928133 -0.12428581667359784 0.05343397374385037 0.9908067009770368 70.23623344521475
-0.008902417014794797 -0.9986971938041224 0.0502464142268752 2.740142355852001 0.9922608930145571 -0.0025991721120608956 0.12414284836638702 -77.37354500119794 -0.12385052285068607 0.050962723840212935 0.9909913891268556 71.36427362514151
-0.007499690560175102 -0.9986763787743533 0.05088567471640018 2.807195800321021 0.9923886596844702 -0.001178132348256952 0.12313943718605642 -77.27699132391048 -0.12291647034729691 0.05142187029751586 0.991083923028432 72.53219625435783
-0.007688189820184643 -0.9984468773394195 0.05518001057905479 2.8745121930599384 0.9925223276183803 -0.0008968360707636899 0.12205972680776275 -77.15447991043108 -0.12182060074801894 0.05570580651581867 0.9909877031909484 73.68034995876407
-0.008414643017015618 -0.9982664492750393 0.05825241487115573 2.952541476779916 0.9924380451768104 -0.001203165084221306 0.12274052552206852 -77.00381248465905 -0.12245767929289458 0.05884472416100214 0.9907277063012369 74.8181177184186
-0.00706805798244655 -0.9983652098882726 0.05671845705170454 3.0262107601442434 0.9925815470206697 -0.00011997411446594552 0.12158030255353629 -76.86684059770472 -0.12137474201334733 0.0571570240263544 0.9909598200969126 75.95427487341345
-0.009335517664314416 -0.9986764280053408 0.050580033242787266 3.1138266643863464 0.992466877888195 -0.00307452026189172 0.12247403821839865 -76.69925858632067 -0.12215645861581795 0.05134236682066182 0.9911819619262062 77.07581479597283
-0.008645921267504112 -0.9987910386904063 0.04839302134009947 3.1907356681082817 0.9924028933972947 -0.002630985802258741 0.12300184780949343 -76.54016310228829 -0.1227257663101304 0.049088836902073066 0.9912258760697629 78.20993129509364
-0.0055410127214723295 -0.9986787035970609 0.051091506454054754 3.2699024251174698 0.9925012234002211 0.0007465359265599984 0.12223188069230427 -76.40580390937885 -0.12210850087638563 0.05138567220798585 0.9911856897949123 79.3692268669631
-0.006390489955871563 -0.9984991200886947 0.05439366323331953 3.3236905623946162 0.992623548688584 0.00025156140378342594 0.12123725130182601 -76.28888166762647 -0.12106896079923511 0.05476719302440744 0.9911321675520882 80.54766987572981
-0.005512252653654539 -0.9985126982567819 0.05424096430665146 3.402161628702964 0.9927364912032592 0.0010547638062743513 0.12030415071143095 -76.16428578384985 -0.12018243159370988 0.05451012787952349 0.9912541368473802 81.76304037900584
-0.004997884790832937 -0.9986844777431578 0.05103276022265501 3.4721644029371435 0.9927771645325225 0.0011619860857634556 0.11996701030337385 -76.02174214382421 -0.11986847762285381 0.05126373216707494 0.9914653407050694 82.92832892152298
-0.005844645032449702 -0.998764359970167 0.04935348433689463 3.548201289828542 0.9928393295107045 9.29350456821184e-05 0.11945686628022767 -75.90198296437416 -0.11931385039953385 0.04969827000385299 0.9916120189867675 84.11783709669737
-0.007829137917374102 -0.9987201332070119 0.049970005907862776 3.6217608614051544 0.992744239982394 -0.001766599880754463 0.12023193501203883 -75.77192465926882 -0.11998980902660479 0.050548748271988145 0.9914873556981285 85.33482573071447
-0.009681428396186138 -0.9987171425972613 0.04970277464924299 3.695482060278264 0.9928573457916743 -0.0036899614994125576 0.11924984518029598 -75.62453501790962 -0.11891353396185843 0.05050227548619102 0.9916194008955986 86.51743950549547
-0.009813260815803701 -0.9987127600867377 0.04976589571942694 3.7614586732690496 0.9930557332292999 -0.0038986861444235106 0.11757938847330728 -75.48352872551814 -0.11723405409963944 0.050574158061480676 0.9918156509602272 87.74158485572973
-0.00995801228026429 -0.9987359331599679 0.049269148769788815 3.838008703379576 0.9932234783405538 -0.004173467486833749 0.11614450201399831 -75.34436305720826 -0.11579208037092072 0.05009184843729257 0.9920095477670982 88.92803741007906
-0.011150279188893115 -0.9988198963886847 0.04727123625885413 3.9141490300777155 0.9933324210289873 -0.005639479885060226 0.11514641307189195 -75.19540542068012 -0.11474389636346963 0.048239969189452905 0.9922230920739534 90.13117754712766
-0.009966370030096419 -0.9988519711274166 0.04685769561994671 3.9787524437542237 0.9932172751497881 -0.004459639589655925 0.11618690221840049 -75.07239748950354 -0.11584450064372298 0.04769782839302091 0.9921214656197523 91.36082403453942
-0.010411642563018601 -0.9989011470901901 0.04569752710033216 4.052385910299315 0.9933586157998358 -0.005095328898847035 0.11494643850273899 -74.94650453922236 -0.11458722554063637 0.046590805824550066 0.9923200414618657 92.58621818912073
-0.009485553248989337 -0.9988721047726116 0.046526531837386254 4.115953393545204 0.9934586828516132 -0.004118645557599483 0.11411778707186196 -74.83314164884877 -0.11379741099661307 0.04730465616284664 0.9923771738065886 93.79397607158701
-0.009897320684524466 -0.9987578149071878 0.048836423645932575 4.1843121485921895 0.9935738541362148 -0.004315538221835862 0.11310294712320257 -74.71973922800895 -0.11275163640295778 0.049642012060744735 0.9923823859063604 95.01533920138262
-0.007740524381704399 -0.9988083163677135 0.0481882413942199 4.256477666206573 0.9938204746797029 -0.002347819644068436 0.11097456617226316 -74.5740229132776 -0.11072914969020528 0.0487494638334141 0.9926543280257729 96.24128005862195
-0.005619345171040234 -0.998867424100975 0.04724800252703909 4.329657190637083 0.9939185729396544 -0.00038284478380674024 0.11011593216627569 -74.44505492999231 -0.1099731034453066 0.04757944802971218 0.9927950842548471 97.47235864937613
-0.0014249426339036416 -0.9988688025133114 0.04752963280106078 4.413284921724089 0.9942233634449653 0.003685817209637168 0.10726693751570467 -74.3093511517995 -0.10732081181024669 0.04740792216366663 0.9930934544242666 98.73378838702415
0.001862472369264758 -0.998870267690225 0.04748591335094103 4.482478890802588 0.9941069336282162 0.006996309640787339 0.10817755462596826 -74.18206299523227 -0.1083875222780622 0.047004597332741746 0.9929968089899479 99.98303314882749
0.003958089097832454 -0.9989569054653271 0.045491701864259604 4.556988221069527 0.9939533891542386 0.008922028776303262 0.10943903376823536 -74.04647073156748 -0.10973069274245204 0.044783458654087956 0.9929519131258643 101.2385588061445
0.00673880990710146 -0.999005750052447 0.04407184060271918 4.62810720617262 0.9938560771154973 0.011560090299687156 0.1100744734065413 -73.90551128013479 -0.11047441970856185 0.04305929345246233 0.9929457497932115 102.48417082561456
0.00931624939854539 -0.9990021225172849 0.04368024672576273 4.695977539234206 0.9936772176662679 0.014136591692366978 0.11138078807633654 -73.76811585933172 -0.11188711097782672 0.042366415608032434 0.9928174029090876 103.73176934490431
0.008375711877168523 -0.99900368567804 0.043834491934840965 4.761199147086481 0.9934729819882346 0.013300293561587004 0.1132897869944825 -73.63271222497866 -0.11375987417126364 0.042599491741752774 0.9925946145612444 104.97597158750008
0.009053986048808811 -0.9990718489470011 0.0421146550328893 4.835306269877548 0.993175419389452 0.013881988956754462 0.11580058366342866 -73.49896605925693 -0.11627771887111278 0.04077878383490627 0.9923792599944367 106.20653914158139
0.009049342441475842 -0.9992131849724198 0.03861675356468612 4.895466806912191 0.9928192168539298 0.013584642648307685 0.11884971993942318 -73.38704081693326 -0.11928076575783363 0.03726395157646139 0.9921609849102164 107.48795741199919
0.011054700426175392 -0.9992191871085814 0.03793173952223797 4.966991239501576 0.9923218895203634 0.015635859889353752 0.1226896179482753 -73.2454090828102 -0.12318690383149321 0.036284193380643155 0.9917199396844709 108.75924363431126
0.015836476975930533 -0.9989427137628785 0.04316042676789257 5.035671804971389 0.9917882945851918 0.021172455008729614 0.12612548145882282 -73.08762779444297 -0.12690589912762773 0.040808616793264335 0.9910749680153399 110.01808754838639
0.016221769692353186 -0.998780977237752 0.0466215487909751 5.1018529826786185 0.9907344499334805 0.022344229126240303 0.13396210921201165 -72.92169262739074 -0.13484057705020758 0.04401647370473678 0.9898891911814066 111.25110319637932
0.01395836210425777 -0.9989802566853848 0.04293816423209574 5.179800441133807 0.9896145910082191 0.019946205905606217 0.14235507032676767 -72.75143347102757 -0.14306632150921592 0.040505194989588635 0.988883951990136 112.47863032906805
0.013447948242605982 -0.9991039188438704 0.040133724978244564 5.249808370870953 0.9879863132592641 0.019456784133136992 0.15331137870258563 -72.56265720359836 -0.1539547929434538 0.03758984615890605 0.987362627624257 113.69163751690625
