0.00711431659728142 -0.9999679637800194 -0.0036740048375980047 -0.720861801816522 -0.010737746673526456 0.0035974924092348824 -0.9999358757280932 -0.7246704116445192 0.9999170216442929 0.007153310555061745 -0.010711809006516304 -0.0013147834590857
0.006394534519759648 -0.9999691435688788 -0.004554008223598017 -0.7167001650374387 -0.011771883531308673 0.004478508956437461 -0.9999206998779444 -1.0230129995895632 0.9999102333175789 0.006447635698023765 -0.011742883376197112 0.06430191612608799
0.006587460973440324 -0.9999664284481384 -0.00488755023700966 -0.7118063672841882 -0.013217684272688011 0.004800157280462586 -0.9999011173207436 -1.6019289660056963 0.9998909363209508 0.006651411556498608 -0.013185619553902909 0.06596887839912746
0.0069884599764975805 -0.9999639477110113 -0.004817935109599238 -0.7063958853102794 -0.011668756603975991 0.004736176045160816 -0.9999206811254614 -2.3967005087196966 0.999907519097003 0.00704412390726858 -0.011635238221658399 0.07643974494446393
0.00701898296117125 -0.9999607620905631 -0.005403906700904007 -0.6966981144392659 -0.012483981271496773 0.005315992203749717 -0.9999079407642509 -3.504055783145027 0.9998974489975095 0.0070857982079358724 -0.012446179164920971 0.029095322921510625
0.006929002940330502 -0.9999598695613642 -0.005681268419984571 -0.6914863400445711 -0.013085691804271538 0.005590246541248396 -0.9998986922003184 -4.619834528835078 0.9998903273858853 0.007002644499807559 -0.0130464317815789 0.038863776353342594
0.005682228983124637 -0.9999679492012897 -0.005642649507028564 -0.6652316807524865 -0.014898892316146129 0.005557454417029784 -0.99987353666761 -6.639233687370927 0.9998728098685735 0.005765579280529019 -0.014866836400154423 0.0014882059006333659
0.004893043179861558 -0.9999723377028938 -0.0056145284096416805 -0.6569427633862799 -0.01648533114809512 0.0055331689079500855 -0.9998487891684614 -8.102910414275039 0.9998520787406617 0.004984861519956136 -0.01645780008781165 -0.012844754762773525
0.004461735677121185 -0.9999744881331437 -0.005589686913833746 -0.6316439890513095 -0.016955762848215178 0.0055132861051444175 -0.9998410097547656 -9.818876274281244 0.9998462899297849 0.004555804035096797 -0.016930730782265604 -0.0627423202296657
0.00459214822829165 -0.9999730269109002 -0.005732010150491532 -0.6252343473051154 -0.01718468978281169 0.0056523091715812305 -0.9998363506865325 -11.371373273937236 0.9998417039198635 0.004689899585688637 -0.017158270399872885 -0.09267971271214565
0.006290209938981903 -0.9999591867629212 -0.006491079975394869 -0.6075736921496323 -0.019020598770932495 0.0063703902885334516 -0.9997988516411161 -12.90620278504798 0.9997993375649832 0.006412407855639863 -0.018979751427515356 -0.10777344220793805
0.007467955917368496 -0.9999444553218508 -0.007438064481777201 -0.6052773019620918 -0.019704389992386964 0.007289676100727286 -0.9997793026882669 -14.397130710107254 0.9997779522711278 0.007612869460132884 -0.019648856818095785 -0.15029569720188152
0.008421008081289809 -0.999929977532564 -0.008321273527999905 -0.5982120314662973 -0.019630838145166942 0.008154652823709226 -0.9997740865160195 -15.892991814752694 0.9997718052894177 0.00858245885006186 -0.01956079190499904 -0.1789723797827163
0.008409007604285722 -0.9999289120132417 -0.00846069223714991 -0.5857919620956905 -0.020423747478335436 0.008287481906294985 -0.9997570930817198 -17.389867135708887 0.9997559805774582 0.008579763948117365 -0.02035260451058071 -0.22037688502409708
0.00932181704856342 -0.9999182270291983 -0.008754723853553973 -0.5721088806320622 -0.02032397291786576 0.0085638381555191 -0.9997567767993728 -18.850364656376463 0.9997499987771564 0.009497479305771831 -0.020242481204082525 -0.23593190345952686
0.00977642475918453 -0.9999059039473077 -0.009626052522327025 -0.5562321596564289 -0.020896255590334853 0.009420119168928136 -0.9997372580762088 -20.280250546988864 0.9997338651941496 0.00997500469772661 -0.020802193928112667 -0.26274610937025267
0.0103332315290697 -0.999890700549729 -0.010572840003189749 -0.5448167261555773 -0.020748654540745988 0.01035672772242481 -0.9997310866493075 -21.72286845824541 0.9997312468817274 0.010549824407757393 -0.020639367251494508 -0.30016445374441525
0.011002766852277086 -0.9998910023957976 -0.00984398031631221 -0.5392344357143909 -0.020230020040126587 0.00961997162568006 -0.9997491077768281 -23.175683388745842 0.9997347567959028 0.01119914934766471 -0.02012196947795715 -0.3289229153252078
0.010936308984536175 -0.9999062907819862 -0.008235627187036748 -0.5344582808143093 -0.020675755340154152 0.008008236527165832 -0.9997542005163714 -24.59527247199092 0.9997263779181849 0.011103897591164907 -0.020586237511702007 -0.35629338050260695
0.009312918011190528 -0.9999220148645978 -0.008321392100227691 -0.5227510577642547 -0.020338299236212706 0.008130620649795776 -0.9997600788383448 -26.010996778608007 0.9997497965184601 0.009479926125793807 -0.020260993660986305 -0.3813914571295692
0.008438869580834013 -0.9999091542512679 -0.010511229552227802 -0.515483419193259 -0.019546330074064092 0.010344649400976656 -0.9997554232347657 -27.442827789358155 0.9997733273267039 0.00864226085501815 -0.019457256981810674 -0.3976771636397393
0.006865347333521928 -0.9999065078249157 -0.011827246185655135 -0.5104854161278447 -0.0195567473932253 0.011691005737731137 -0.9997404486262135 -28.844546156695138 0.9997851350350198 0.007094867339570193 -0.019474655171253068 -0.4253022564847158
0.005962275472323639 -0.9999198560342833 -0.011164038842584127 -0.5037210756565225 -0.018761637889293192 0.011050414745087651 -0.9997628796079924 -30.253437028637805 0.9998062361815159 0.006170316372019913 -0.018694250217411293 -0.4409366035294661
0.005730133574287851 -0.9999349981819751 -0.009862730334432718 -0.49783139340776195 -0.018198819472967396 0.009756979447435348 -0.9997867782019235 -31.639378829021375 0.9998179195730206 0.005908402255005531 -0.018141727021723203 -0.46652812921520354
0.0067073561698325936 -0.9999360790494093 -0.009110523651868811 -0.4873191167217261 -0.017781269472133293 0.008990023954629485 -0.9998015329056308 -33.01773665156045 0.9998193939074637 0.0068680213769454655 -0.01771983252446208 -0.4941574134379638
0.007592841420679925 -0.9999367569871405 -0.008292502488016442 -0.4674705744669112 -0.017208467218754124 0.008160851688972114 -0.9998185745292917 -34.3919375225307 0.9998230723545571 0.007734164699736012 -0.017145415709652043 -0.5261334699076137
0.007894061335330538 -0.9999242643544253 -0.009441699285228223 -0.4644837048836831 -0.01654032420619214 0.009310132507297265 -0.9998199199158933 -35.716473869319515 0.9998320262936349 0.008048807261461448 -0.016465576542627803 -0.5533493307389536
0.008211989393141744 -0.9999011331547473 -0.011416614183775414 -0.45669556132759503 -0.01528031034228184 0.011290188503671115 -0.9998195378514798 -37.03570891529739 0.9998495301264175 0.008384955549576975 -0.01518608489681286 -0.5699582472960438
0.008096422136402093 -0.9998874048845143 -0.012633313714015632 -0.4422038135786378 -0.012942084770977299 0.01252789023178771 -0.9998377974582205 -38.344582443421324 0.9998834522113508 0.008258609586147362 -0.012839197368189805 -0.5800190156448427
0.008276722728228682 -0.9998814921113889 -0.012983516649858988 -0.4355960276101606 -0.010717732153194662 0.012894511698673882 -0.9998593719850851 -39.62117267637311 0.9999082548523903 0.00841471327410424 -0.010609737636902566 -0.5947105765136791
0.007565169287780123 -0.9998917539568011 -0.012618378522515962 -0.42814565673031335 -0.007077491231103178 0.01256488411790472 -0.9998960303439443 -40.88156127051805 0.9999463250643503 0.007653688295240131 -0.006981669205684845 -0.6084852556056767
0.006722593792525206 -0.999913350966399 -0.01132534616919869 -0.41947199820400644 -0.004041716525305608 0.011298339596211853 -0.9999280624022935 -42.14828498590209 0.9999692453879756 0.006767883541447568 -0.003965410588737062 -0.6227324674160859
0.006651284712366344 -0.9999289621472314 -0.009895252517988957 -0.41078355378676173 0.0004206185212417739 0.009898267541971982 -0.9999509135487274 -43.392433754891584 0.9999777527608952 0.006646796125772187 0.00048642314566167374 -0.6160823694838946
0.006956500995191125 -0.999922091541222 -0.010363167655509735 -0.40326849370838525 0.0037606971356693515 0.010389504591753716 -0.9999390177399695 -44.6570507265239 0.9999687355330902 0.006917102707953925 0.0038326838130551604 -0.6064880306920661
0.007438404257707846 -0.9999190071323001 -0.010331588754603774 -0.3943321814431153 0.010014562452912538 0.010405846224657692 -0.9998957243083558 -45.88228278757721 0.9999221440361686 0.007334162201578283 0.010091151817634461 -0.5899537124793526
0.008567934072314567 -0.9999194081330401 -0.009375259781325905 -0.3887176012488815 0.016557021522082088 0.009516175783118733 -0.9998176152010514 -47.06979285323987 0.9998261849303876 0.008411145297628653 0.016637213144566704 -0.5726974045826747
0.010109830990678893 -0.9999040055598047 -0.009473057609159789 -0.3853208581710883 0.023874041172135946 0.009712204386720982 -0.9996677468675567 -48.198395390786736 0.9996638038297225 0.009880312829401732 0.02396993662260012 -0.5687965635786599
0.011603792387657507 -0.9998762182998365 -0.010622861485361372 -0.3753146008174178 0.03089574780240813 0.010977015223050009 -0.9994623875350993 -49.3533417162093 0.9994552885402941 0.01126935069861807 0.031019299389292484 -0.5407872775261755
0.014143371913540483 -0.9998324787568814 -0.011620751296482369 -0.3646438008725166 0.041104887614588075 0.012193468906209145 -0.999080425433223 -50.52715964463605 0.999054704074318 0.013652696239674614 0.04127045918025038 -0.4974126238338089
0.016338717432435052 -0.9997971481920263 -0.011777831066747785 -0.35770506237431365 0.05319961553118513 0.01263198645428736 -0.9985040212158731 -51.67827009151901 0.9984501687116399 0.015687699362708987 0.0533952111132776 -0.4586074239623529
0.01828592275560985 -0.9997555507999027 -0.012427390083684863 -0.35263101383546547 0.0671770414688519 0.013629881383288831 -0.9976479583777075 -52.804996033226985 0.9975734723367222 0.017408075280855775 0.06740984586110134 -0.41584131551889947
0.02051195956411538 -0.999702160019653 -0.013221646709030185 -0.3489389367024634 0.08323241165873703 0.014885997852764838 -0.9964189638232996 -53.91946221432549 0.9963189858199827 0.01933803464426174 0.0835129625831198 -0.32186778780727815
0.021154353218561697 -0.9996739507373755 -0.014299154725320676 -0.34395250997607374 0.10126422503095288 0.016371242483781225 -0.9947248381925707 -55.03312567973503 0.9946346880639675 0.019594769833679537 0.1015775242976571 -0.21713360137698356
0.021273281280869614 -0.9996783706109986 -0.01380979093712419 -0.3341174183259389 0.12128258939285691 0.016291315022010568 -0.9924843540670543 -56.124020495773166 0.9923900031953188 0.019438518464605044 0.12159014369711982 -0.04438042056518571
0.020634097511547943 -0.999707385338975 -0.012627362804930726 -0.33338746778234807 0.14185939984376045 0.015429794269584813 -0.9897665171280671 -57.196119818432955 0.9896717250054847 0.018631621961615243 0.14213633821886726 0.12238786784460298
0.018384685112478028 -0.9997529115253672 -0.012495027321200562 -0.3314159392598119 0.1626132014116658 0.015320608106721525 -0.9865709665526833 -58.273984937620114 0.9865186129504433 0.016105943690299405 0.16285463678080048 0.3036065475293141
0.013819674409796855 -0.9997963577523572 -0.014711785128027441 -0.3263799791533528 0.18400439922050532 0.017004768248641507 -0.98277834559566 -59.312559833522414 0.9828281966687735 0.01087464291887703 0.18420198134156165 0.4799504424346
0.00901479570972766 -0.9998318768091671 -0.015971410299153922 -0.33041011989007973 0.20639169724104905 0.017488554485874653 -0.9783131227526468 -60.341122355284085 0.9784278466817552 0.005522927094841623 0.20651470180439768 0.6978182615608661
0.003693759703449222 -0.9998666851623069 -0.015906076906900102 -0.3313132052880592 0.2296144196173553 0.016329231232044918 -0.9731447417129687 -61.34027368737846 0.9732746652989951 -5.770347282411912e-05 0.2296441000645059 0.9260423703127416
-0.0015735874978802054 -0.999895505841227 -0.014368910460798552 -0.32442179714518143 0.25679993038412036 0.013483003919785975 -0.9663705482478013 -62.361786891323625 0.9664632451319766 -0.00521060769788356 0.2567518985780943 1.2338152722669573
-0.004342912472346982 -0.9998885709746176 -0.014285635233864976 -0.32691172599351453 0.2832278535240004 0.012470875318330498 -0.9589715844090647 -63.32485161196162 0.9590428271664456 -0.008210822644610353 0.28314208915401656 1.561524250589793
-0.006381679020519679 -0.9998498632606445 -0.01611242347234132 -0.33230806148069936 0.3093636787605713 0.01334824163363559 -0.9508501706382569 -64.27668622006186 0.9509224282313861 -0.011052624272369069 0.30923202738688416 1.8707112887348138
-0.010194555367254275 -0.9997592816265389 -0.019427206271355038 -0.3247889769381675 0.3358275797508535 0.014876625401223666 -0.9418060103707352 -65.17993221835899 0.9418683317928953 -0.01612548619549738 0.33559506996603067 2.199239597917878
-0.013328223790849457 -0.9997107897776327 -0.02001674203873601 -0.3259726967540717 0.36586806003190214 0.013754484853096808 -0.9305651626998492 -66.08227414841637 0.930571281877659 -0.01972625915660547 0.36557884893775267 2.572861835685964
-0.014411739257817496 -0.9997786599133967 -0.0153303422435997 -0.3374014426879859 0.3958656235774278 0.008374135818808297 -0.9182703164508501 -66.9756305520709 0.9181953975614074 -0.01930262541874821 0.39565726643900917 2.9812194773542937
-0.01773617841287855 -0.9997911824769002 -0.010156816066576625 -0.3317442128457553 0.423848749669093 0.0016822437867595812 -0.9057314042624973 -67.83775118882184 0.9055592872272427 -0.020369171291706296 0.42373038962611903 3.3833885432749042
-0.02071339156660125 -0.9997534950919277 -0.007994858033971165 -0.33822073175881195 0.4523288116085792 -0.0022396169278339263 -0.8918484240712592 -68.68517266133858 0.8916106002113818 -0.022089513223523805 0.4522636784944352 3.8230724092808495
-0.020080477297660892 -0.9997389967502901 -0.010892981975889388 -0.3359321002333924 0.481579479868013 -0.00012374563203458943 -0.8764024155288463 -69.54954103215444 0.8761723649384404 -0.02284441230426944 0.48145624392969555 4.274198074353889
-0.015833875742089314 -0.9997337930754079 -0.016783119884740773 -0.3278451604576573 0.5117746807095052 0.006316628203233542 -0.8590964771600942 -70.3659895597103 0.8589737446754789 -0.02219199931961016 0.5115383475388557 4.776014449464293
-0.014392590226011647 -0.9996998392121339 -0.019827626683809035 -0.3293544630229952 0.5428304776528493 0.00884107365458653 -0.8397957640756746 -71.16111648593775 0.8397189177472574 -0.022849868086140375 0.542540351571425 5.296375957147558
-0.010825406905716935 -0.9998128209352669 -0.016035820807420526 -0.31807849654072196 0.5742256330522679 0.00691307850095492 -0.8186678225226036 -71.88049991948758 0.8186254462624236 -0.018070597167823256 0.5740434064047623 5.855612636125301
-0.0076162896114194065 -0.999929500981346 -0.009112556559209733 -0.31992421096194656 0.6028597716238518 0.00267902286910616 -0.7978426243533776 -72.61608993170388 0.7978108114958076 -0.011570198966714094 0.6027968046423133 6.403601220519163
-0.006511052072528041 -0.9999584864204313 -0.006376795701042397 -0.3336168123271277 0.632613564308257 0.0008196744526079284 -0.7744671339779678 -73.31202729744516 0.7744402622096087 -0.009076639211944626 0.6325820086199203 7.0067872231165715
-0.00745777907397679 -0.999934040784146 -0.008733769758845107 -0.3242185279634717 0.6610403781269124 0.0016235872858157189 -0.7503485362668982 -73.9861757283295 0.7503132251592054 -0.011369315053448376 0.6609846946881612 7.611171866365051
-0.007709005678880447 -0.9999295943814714 -0.00902933181960998 -0.3265629454669717 0.6870293322492925 0.0012647490865565704 -0.72662851760542 -74.64571794567647 0.7265887359255413 -0.011805000279697817 0.686971229592324 8.241070782021755
-0.007732829420714685 -0.9999457999055427 -0.006982328435794833 -0.3030478257523692 0.7140235166024423 -0.0006329816527628451 -0.7001214223513776 -75.27406800892824 0.7000789632508063 -0.010399466939688767 0.7139896090734776 8.914584419115974
-0.00703048302173863 -0.9999630843662977 -0.0049413959523899225 -0.2947123046629284 0.7386270298468449 -0.0018619219916035533 -0.6741117316119752 -75.82554266558853 0.6740776347104974 -0.008389181418911058 0.7386129090133423 9.575586052143132
-0.005350928874031568 -0.9999782609470971 -0.003872622143161602 -0.2927227815409899 0.7627114648398078 -0.0015766810956574858 -0.646736936279302 -76.3671452196252 0.646716718982128 -0.006414330715271181 0.7627033479696893 10.284899927973175
-0.005335592479940407 -0.9999824810473585 -0.0025884013528124257 -0.2863744077036052 0.7851101971199219 -0.0025859475554597263 -0.6193506204715706 -76.91042944421196 0.6193330499243547 -0.005336784471185796 0.7851102560354002 10.980855761103749
-0.0036625606559818583 -0.9999864298953468 0.003712181153372415 -0.2754686787361391 0.8064853250787299 -0.005148631153162455 -0.5912315956760702 -77.44719504929262 0.5912427282427646 0.0008283971925367064 0.8064932668091443 11.668506155711038
-0.002404172902214074 -0.9999113450710707 0.013101347069211197 -0.268920842620582 0.8273282551311855 -0.009348128016314789 -0.5616409118133063 -77.97623406366692 0.561713588926618 0.00948883273046904 0.827277311918529 12.416438611087544
-0.001317603067338101 -0.9997781073690579 0.021024643467971334 -0.23590068791722735 0.8476662672232823 -0.012270825917401213 -0.5303878631546609 -78.44384937181708 0.5305281104474731 0.017123042165828772 0.8474943459847395 13.171360382375484
0.0010370027388553278 -0.9997048312857283 0.02427168302054322 -0.21599993713792465 0.8661267036753163 -0.011233658517109571 -0.49969817226188556 -78.89234828058102 0.49982325581066067 0.021540544437370343 0.8658595477782545 13.950722584013262
0.00303746389171472 -0.9997453402745499 0.022362114637012938 -0.19307542016827628 0.884543743586984 -0.007744735348087791 -0.4663929438415636 -79.31346863753853 0.46644736602341136 0.021196919893834605 0.8842949740563733 14.796589729281012
0.007026656716515683 -0.9997976382902356 0.01885113543178491 -0.15169484593721572 0.9016996501208275 -0.0018148931645881829 -0.43235913307438334 -79.67352809962443 0.43230581719260813 0.020036102217854942 0.9015043534480727 15.63163367595609
0.01158392999629537 -0.9997793305959687 0.01752401340981262 -0.1234433227077798 0.9173021058726707 0.0036491448755107733 -0.39817521996984345 -80.02532720733207 0.39802333256230654 0.02068724280584879 0.9171420161281939 16.490871822422065
0.018005815711747385 -0.9996789913633584 0.017825377053926224 -0.09471713780123525 0.9313723516566359 0.010286365520322003 -0.3639226145118946 -80.35760068000911 0.3636224128258177 0.023154786387090207 0.9312586037679307 17.324963840787845
0.02365281779556556 -0.9995488213976484 0.018514691027786037 -0.07736132234683757 0.9448230836814608 0.016297530504040734 -0.32717534057589764 -80.65617707491153 0.3267260047693605 0.02523172711879429 0.9447822117003938 18.198882867509642
0.025691317303779094 -0.9995146733477345 0.017619954514127626 -0.052619613931694176 0.9565800938644726 0.01946103394169659 -0.29081897636763465 -80.94588227412349 0.2903348754393782 0.024326419583190102 0.9566158587545244 19.118374522132296
0.026506417353209792 -0.9995016352731712 0.01714509358964826 -0.03424608295505438 0.9669243806226359 0.021282474552664715 -0.2541735172714252 -81.18044634905229 0.2536818976391093 0.02331523519788817 0.9670066080941258 20.024185606203723
0.025382025378130443 -0.9995278282927977 0.017319422440661838 -0.00849145890620423 0.9756198675871526 0.020989504266371695 -0.21846115997854174 -81.3940519135066 0.21799445790174624 0.022442154685792453 0.975691970355498 20.947610201780435
0.024260504263285146 -0.9995604462274453 0.017039472521167873 0.017418929048080734 0.9828204098692328 0.020727848015335434 -0.1833967557053087 -81.5617254988719 0.18296293181565115 0.021196041744791456 0.9828912577213795 21.908778567089485
0.018513685563152967 -0.9996884719037343 0.0167380333488581 0.05564272527980707 0.9888407682758182 0.015832568203276533 -0.14813283780074324 -81.68574081436904 0.14782166323209633 0.01929373222716972 0.9888258362335706 22.8413476075002
0.014810122839054949 -0.9996742068801071 0.020790615673237218 0.08210106142655182 0.993313261356972 0.012328554922850725 -0.11479021791949914 -81.76454007528213 0.11449649649035812 0.022351647012121542 0.9931721922380944 23.799610629161656
0.014701534887573671 -0.9995354543925097 0.026698189108527476 0.10338402981354078 0.99641611666305 0.01242077010414051 -0.08367023812497458 -81.83475536049369 0.0832997528604915 0.02783258755819152 0.9961357850082859 24.760308828995292
0.009533749757931958 -0.9995202886498649 0.02946609682441656 0.15237558452323874 0.9984333021294798 0.00789034271802225 -0.05539437589727394 -81.88777583934144 0.05513530853434116 0.029948049404500427 0.998029680524046 25.72461215005102
0.007714569011113379 -0.9995729544495982 0.028186554259924404 0.18953248514582083 0.9995344587221741 0.00687609027354648 -0.02972424834483468 -81.89764972477396 0.029517733959193826 0.028402737865228986 0.9991606517153403 26.710430271313616
0.005540910260319484 -0.9996559408931315 0.025640261088219676 0.2091151929724413 0.9999635383267221 0.005372239324031097 -0.00664261492440494 -81.872905917439 0.006502581657209557 0.025676126811343434 0.9996492004156495 27.679453892203394
0.0031494203813423618 -0.9997184553943729 0.02352023946998539 0.2479527311987622 0.9999053241323362 0.003463275469738034 0.013315227005244975 -81.84788427505815 -0.013392942541144677 0.02347607884523187 0.9996346721489197 28.6662049824697
0.0016266093210092027 -0.9996736881084404 0.025494364224614707 0.28251552491096216 0.9995173837977755 0.002416184425320993 0.03097040654904236 -81.82721911069908 -0.031021900989117307 0.02543168216457322 0.9991951042536699 29.641509259927425
-0.0014776146279964803 -0.9995379161648829 0.030359838657050314 0.3085964114406119 0.999013220352637 -0.0001278151698253584 0.04441396322633413 -81.79753983123234 -0.04438955740716833 0.03039550372335541 0.9985518117878219 30.62676737715864
-0.004550762040950532 -0.9994041165656136 0.03421698736505522 0.3517101342313132 0.998392997668566 -0.002608032599627728 0.0566084619978029 -81.73572409156975 -0.05648548363472987 0.03441960889372512 0.9978099436405784 31.60455133775736
-0.010970526243530253 -0.999229217167144 0.0376921961299008 0.3867526278024338 0.9977383006339767 -0.008438708624166763 0.06668523935679391 -81.66110449029941 -0.06631576463858897 0.038338522874615796 0.9970618458676972 32.58496784918906
-0.013454374219971478 -0.9990288343795397 0.04195749330967273 0.4385274634374733 0.9971909178452012 -0.010313867348552929 0.07418759385802245 -81.51900820626423 -0.07368279443584669 0.0428377784637278 0.9963613285685244 33.57311653387216
-0.015154869658523567 -0.998798468721079 0.04660442009410145 0.48643734732707405 0.9969036035270202 -0.01149650838797093 0.07778771251497282 -81.40911229841456 -0.07715845629907744 0.04763898427138869 0.9958800580464946 34.56245634893325
-0.017039621574689953 -0.9985989431215508 0.0500990241851165 0.5446652205500562 0.9966081525693773 -0.012928352452983839 0.08127086347526147 -81.29559987624036 -0.08050929683812096 0.05131391833984888 0.9954321440276741 35.522219840464246
-0.01815053916892082 -0.9984427492428714 0.05275202774748849 0.6002638927628223 0.9964115061390786 -0.01370064589681409 0.08352463616660877 -81.20164478309289 -0.08267181633317672 0.054078744182633434 0.9951084950657351 36.50360631899907
-0.019312814224910078 -0.9982426807226322 0.05602328478334163 0.6616653251294884 0.9961242621507018 -0.014402133015974733 0.08676995748251176 -81.12175313324374 -0.0858106196239096 0.057481929766796704 0.9946519072408851 37.49911887786985
-0.02067347765634741 -0.9980376677931196 0.05910595410024731 0.7273065290988316 0.9959661506142397 -0.015395406058216455 0.08839871823626456 -81.0236380317984 -0.08731529261056654 0.06069503810088442 0.9943300237145639 38.48453847896961
-0.022080944705731218 -0.9979395723087415 0.06024193244424101 0.7972652463131298 0.9957359576668888 -0.016553868616696256 0.0907513580132384 -80.91486019957313 -0.08956707186411386 0.06198892958911759 0.9940498933224275 39.5155707324179
-0.022670574311511836 -0.9979492768050086 0.059860390557476925 0.8575962816419034 0.9954421836233714 -0.01698468016918719 0.09384154977126871 -80.81106235923671 -0.09263241698245864 0.06171501129433039 0.9937858744806993 40.53993796587902
-0.022879497413328315 -0.9979861217416564 0.059162852353123616 0.9272429305320937 0.9952534049760161 -0.017137843739464097 0.09579613694531781 -80.70000388622631 -0.09458927703679484 0.06107380215870433 0.9936411611527926 41.55364225795315
-0.02207446704544676 -0.9979383232352369 0.06026612492167202 1.005744569955966 0.9949700355449738 -0.01603731901569492 0.09888092361809063 -80.58532744335437 -0.09771054089283383 0.06214573661609136 0.9932726660611418 42.59351032857385
-0.02121015230277035 -0.9978355591398738 0.062244798191091286 1.0727938461758362 0.9946994539666075 -0.014796054066772979 0.1017546718955317 -80.47770625147322 -0.10061351093548257 0.06407310233123219 0.9928603363695435 43.64259516456426
-0.019482866936282244 -0.9977310367726846 0.06444537846334557 1.1508769937216288 0.9945183531441449 -0.012716398048017958 0.10378591665657601 -80.36729453012036 -0.10273083998033893 0.06611415974129674 0.9925096049843004 44.6888797009626
-0.01740576815084767 -0.997519241086876 0.06820892851430285 1.2330020157590824 0.9943091918207039 -0.010097988819462157 0.10605326821218214 -80.26220813874912 -0.10510133171698927 0.06966670310393858 0.99201834597031 45.71825531401553
-0.014145871508081224 -0.9972784506474979 0.07235740438570556 1.3141774354386413 0.9940951575891952 -0.006240708915387923 0.10833199831428385 -80.12792307882691 -0.107585537047229 0.0734625935036987 0.9914780444234692 46.74129162291164
-0.01160179843727866 -0.9971520412982949 0.07452063791812154 1.399369241625699 0.9938314178609641 -0.0032787575189525474 0.11085264799069336 -79.98806281270149 -0.11029259075724777 0.0753470372932688 0.9910389649562313 47.77325027121165
-0.00930324054538349 -0.9972673053205141 0.07329007269806201 1.4879416912663295 0.993507532802192 -0.0009076948195873608 0.11376205442276484 -79.8815613749078 -0.11338457010666694 0.07387260445863927 0.990801089164971 48.81838007412615
-0.007441024625130121 -0.9974988497141479 0.07029058677084411 1.5646869351439254 0.9931643917449252 0.0008162707139457057 0.11672100261778783 -79.783857170761 -0.11648647161079596 0.07067863015007644 0.9906742959111845 49.875149777189876
-0.006390854340772544 -0.9976372627681749 0.06840450828815488 1.6515397646349719 0.9928626521333948 0.0018162715162442374 0.11924977680395599 -79.66614487350384 -0.11909222708777352 0.06867839041122231 0.9905050518245285 50.9367816086156
-0.005985728679410757 -0.9976338217569787 0.06849056639996785 1.7291612412047384 0.9925279324122469 0.0024201087994160774 0.12199325182351546 -79.53327214620388 -0.12187031138361169 0.06870902381560923 0.9901650248799948 51.98472231246777
-0.007301752563800837 -0.9974581167460913 0.07088000063824791 1.801735731080518 0.9923774941239205 0.0014919879769473836 0.12322644695131087 -79.39827980294119 -0.12301896576970375 0.0712394772756152 0.9898440365868535 53.04610232815621
-0.007896207789350596 -0.9972864668631172 0.07319446558928003 1.886735966988602 0.9923659857413052 0.0011938112522449924 0.12332217998474934 -79.26729950484231 -0.12307490254405852 0.07360947719232053 0.9896637055371057 54.0965214241661
-0.006659644141651618 -0.9972236744808264 0.0741657476120374 1.9764094794546176 0.992194763519865 0.0026458823424836985 0.12466939608358088 -79.129241164391 -0.12451955411663342 0.07441712206081387 0.9894225387991682 55.16910450114851
-0.003794142853833496 -0.9973012510760628 0.07332017416375416 2.059490195054765 0.9922880036179033 0.0053293834702615155 0.12383876702245533 -78.99360279230129 -0.123895375454491 0.07322460143099457 0.9895898063835722 56.241575388578646
-0.00036242746720101097 -0.9972939122131796 0.07351705586478557 2.151626272057989 0.9922554373252159 0.008773178470102129 0.12390405036357775 -78.86765664192191 -0.12421369778495432 0.0729926018067658 0.989567065497099 57.334819253602035
0.0032166536638040693 -0.997190816900639 0.07483377041832887 2.246542288696398 0.9923206934387245 0.012436289847966667 0.12306478713275933 -78.75127957450522 -0.12364973403871586 0.07386325228486683 0.9895731174882294 58.43060609862907
0.007080917086409451 -0.997138817821467 0.07526045974226964 2.3285458376413164 0.9922413120286699 0.01634838390895145 0.12324704234628632 -78.61250806329389 -0.12412474617698302 0.0738038358158873 0.9895181630046392 59.49776090951878
0.010087480259225987 -0.9971633094012546 0.07458946032429163 2.416029410011066 0.9920567599100936 0.01933338058383939 0.12429621584290675 -78.48504331255583 -0.12538568591921367 0.0727431421430022 0.9894375991569349 60.57213079610789
0.010832006881549729 -0.9975160455138254 0.0696024400911794 2.4995483265408964 0.992159027210263 0.0193889253903195 0.12346818742162478 -78.33086042790501 -0.12451099439161853 0.06771928427442955 0.9899046277281309 61.650128976066334
0.008147658967123309 -0.9980846208783734 0.06132539349615508 2.5759022425813116 0.992234455359957 0.015681297699909856 0.12338892110614805 -78.18621354015133 -0.12411424164346427 0.059843841598371715 0.9904616973329669 62.75656232439186
0.0028200537003191754 -0.9984394708476109 0.05577427976119194 2.64845844820405 0.9921780717662216 0.009754258991013266 0.12444885815091135 -78.04625452645769 -0.12479870672642336 0.05498706649199702 0.9906572453086678 63.8720843100266
-0.0037085009593290463 -0.9983946986390764 0.056517839403020124 2.7195997173447086 0.9922531236511071 0.0033444055785651376 0.1241875267431236 -77.87189099474685 -0.12417716817764089 0.056540545233308016 0.9906479153807638 64.95580119671719
-0.00929771191616066 -0.9981072723609263 0.060790227969811754 2.7890705025197655 0.9922133320150683 -0.0016577056257085485 0.12453877943547716 -77.71637566648424 -0.12420237395524499 0.06147479913024735 0.9903508005418693 66.04364416037235
-0.013523412171441524 -0.9977315290547728 0.06594609540574604 2.845403461315012 0.9923570892666859 -0.005301899991899761 0.12328534027762984 -77.55963101416077 -0.12265597426826702 0.067109307009398 0.9901776371633415 67.14670752428437
-0.01392204447942236 -0.9975341032840217 0.06878936826342932 2.9441102099273344 0.9923511878648704 -0.005344862490431395 0.12333123977033086 -77.40218085958001 -0.12265945482490456 0.06998023291751693 0.989978509969854 68.24617746435312
-0.011700982224694198 -0.9975963631290483 0.06829772551145918 3.0263277898718095 0.9924277373366232 -0.0032340676827608142 0.1227870628411226 -77.26154828953418 -0.12227105529779314 0.06921728994375655 0.990080160907455 69.39360752451884
-0.011434129078784576 -0.9979166873347464 0.0634952437071603 3.1079800939505167 0.9925167109952466 -0.003606136844723857 0.1220554693951598 -77.12727961283503 -0.12157216672643652 0.06441568380748716 0.9904902329235086 70.52993326845832
-0.009359733132325281 -0.9980780299835448 0.061258608813572896 3.1872143132784383 0.9925920904489264 -0.0018522425976743413 0.12148027094034666 -76.9873487104579 -0.12113334269846851 0.061941836000011484 0.9907017757299997 71.65621923269293
-0.007946353377077615 -0.9980510439058501 0.06189516603686985 3.262847926706364 0.9927163180434797 -0.0004325151910924187 0.12047468046764744 -76.88472301673868 -0.12021309541962302 0.06240167375380539 0.9907849686881701 72.82363626209337
-0.008097288794341594 -0.997773773848839 0.06619648313175698 3.3381940030960355 0.992843411214461 -0.00013422684683832306 0.11942344073056924 -76.7565712350173 -0.11914863883247057 0.06668974625272747 0.99063419294118 73.97237333706853
-0.008806369699237976 -0.9975593312526456 0.06926628235577222 3.4236710461817776 0.9927584154333442 -0.000422855865838233 0.12012730785607612 -76.60036435506522 -0.1198048575472412 0.06982256575629328 0.9903391237650762 75.10956030342592
-0.007463408716224809 -0.9976755513706498 0.06773300907482176 3.5051691818377226 0.9928998815160696 0.0006480086271184143 0.11895116696026634 -76.45752725119077 -0.11871857618262226 0.06813987334867405 0.9905871880891065 76.24440044459328
-0.009779202707862446 -0.9980524797039253 0.061608846499492914 3.5986125356844547 0.9927934104513777 -0.002331583119655271 0.11981534451492565 -76.28522762029175 -0.11943840060484744 0.06233655827374153 0.9908827098275179 77.36250155529994
-0.009108895822211409 -0.9981919261786668 0.05941395066552186 3.6828871236230483 0.9927325910132648 -0.001897084298600752 0.12032600115971795 -76.12040127707033 -0.11999568539864329 0.06007820300453418 0.9909549491208123 78.49442092866902
-0.005980943368897553 -0.9980524728214407 0.06209366449874979 3.771064302126952 0.9928258594996369 0.0014887652074442302 0.11955972419914274 -75.97931504816006 -0.11941931595154145 0.062363279421088255 0.9908833911614534 79.65338221622179
-0.006800182363242415 -0.9978354152390859 0.06540778965884672 3.8328316057867893 0.99294284018271 0.0010067006675624263 0.1185900901401345 -75.85695243538436 -0.11839923842463877 0.06575262837842687 0.9907867206956802 80.83224731517264
-0.0059171567789626225 -0.9978509998341859 0.06525626846116732 3.9197812653119515 0.9930532416154467 0.0018053587515892127 0.11765205070753375 -75.72618212214176 -0.11751703777783111 0.06549911303942484 0.9909084460273735 82.04667312099279
-0.0054233453284840685 -0.9980583173537656 0.062049380526172974 3.997352034566734 0.993095678297234 0.001895662492218883 0.11729183870653799 -75.57794847098695 -0.11718171911029214 0.062257079641816225 0.9911571248362653 83.20990936028414
-0.006278239490625058 -0.9981556653677409 0.06038178448046564 4.080975829084681 0.9931580959851826 0.0008172745390885518 0.1167744709197328 -75.452708338531 -0.11660846242011177 0.06070180499514711 0.9913212739515366 84.39801109414049
-0.008262784347298924 -0.9981032461707923 0.061006337294765324 4.162065182637332 0.9930649738210444 -0.0010353927559859193 0.11756238007445295 -75.31726586425718 -0.11727627238912687 0.061554651426405003 0.991189795003285 85.61385030224214
-0.010109700391201452 -0.9981011208007037 0.060761080951712565 4.2429046243890225 0.9931760616851537 -0.0029624042663793254 0.116586651855331 -75.16471785140446 -0.11618535126048823 0.061525110751909196 0.9913201156575809 86.79559799412903
-0.01022986282288033 -0.998095214064145 0.06083872576302806 4.316980585890424 0.9933699468458872 -0.0031766804270801437 0.11491702011597228 -75.01792071689763 -0.1145049146003719 0.061610962540632544 0.9915102472499605 88.0192060296385
-0.010368474757300948 -0.998123124456267 0.06035506461962807 4.401305000626942 0.993534279411678 -0.0034588708197267654 0.11347940685259532 -74.87306956823089 -0.11305768703193028 0.06114144110982289 0.9917054135770279 89.20480087065451
-0.011567814621851748 -0.9982276820234885 0.058375507420576275 4.484777966863538 0.9936423877464309 -0.0049373279246532386 0.11247350965516859 -74.7187110223322 -0.11198591601161911 0.05930545735737705 0.9919384755465052 90.40649743074016
-0.010394267951316481 -0.9982657478826619 0.057945006667568785 4.5580539182381 0.9935301440274987 -0.0037564192966065713 0.11350614897525725 -74.58939006017381 -0.11309159857037147 0.058749920979015234 0.9918461432479231 91.6345124434791
-0.010839331345026255 -0.9983268436002513 0.05679899416759351 4.639687889289121 0.9936691468764018 -0.004401823847145621 0.11225996455278818 -74.4577661249048 -0.11182206878652354 0.057656225378745 0.992054225192172 92.85887591208444
-0.009902103029036212 -0.9982891150020614 0.057627270585522736 4.711862613078216 0.9937661268819284 -0.0034246812262324383 0.1114325220393492 -74.33831281417469 -0.11104449337277122 0.0583714463927436 0.9920997592552687 94.06610514804537
-0.01029045697668658 -0.9981485578288513 0.05994684764807183 4.788604203679572 0.9938768194220653 -0.0036139406457554304 0.11043448276770089 -74.21908837481791 -0.11001332554781823 0.060716208278424146 0.9920739246224423 95.28748409130021
-0.008124752014152694 -0.9982071309155399 0.05930027730653963 4.869571842885809 0.994117766334556 -0.0016581789546276499 0.10829211844802614 -74.06688162283888 -0.1079996127042763 0.05983130891071221 0.9923489149687805 96.51264530527139
-0.006005244744793852 -0.9982780274702446 0.05835181394174324 4.951673333843307 0.9942138439339919 0.00029804590762163696 0.107417883719658 -73.93135485848218 -0.10725028940808627 0.0586592561068315 0.9925000931371725 97.74247439055229
-0.0017911483613234464 -0.9982784329999187 0.0586248975491718 5.045234078391111 0.9945098499703622 0.0043555377125043355 0.10455203505296357 -73.7883082126916 -0.10462742444357213 0.05849030972894043 0.9927899396488193 99.00351221924959
0.0014885962630173826 -0.9982834737220603 0.05854927895040405 5.123981955238936 0.9943952467420806 0.007667320759222682 0.10544807296002841 -73.65394591114327 -0.10571594899909831 0.058064156807475314 0.9926996739777602 100.2511171369467
0.0035609005311719307 -0.9983945181250782 0.05653054121091046 5.2074451953373995 0.9942463385734216 0.009586901930113093 0.10668747702146816 -73.51162701464807 -0.10705809184695637 0.055825379821853434 0.9926842285387151 101.50428945364017
0.006326383787691196 -0.9984616742021986 0.05508561439037756 5.287698756956005 0.9941514226814321 0.012218958558300536 0.10730161663907546 -73.36381647419229 -0.10780956525232752 0.054084611080535326 0.9926993076540084 102.74790993350416
0.00889140700623667 -0.9984651644667911 0.05466434899539804 5.364765386605773 0.9939760111953354 0.014796797982520702 0.10859439821371458 -73.21958216908286 -0.10923656920762481 0.05336949692128271 0.9925820390112428 103.99362660398921
0.00793943230401306 -0.9984651871559423 0.05481013032887445 5.437991446304563 0.9937770440423277 0.013968459819304637 0.11050869637734109 -73.07838009746409 -0.11110465814513633 0.05359166499327283 0.9923627278766824 105.23610199750117
0.00858855258134396 -0.9985541333361971 0.05306593399191926 5.520410598501724 0.9934877815227904 0.014550414738896313 0.11300564091278552 -72.93839142346137 -0.1136143729670572 0.05174980468880403 0.9921762676797599 106.46403227276792
0.008538861814007499 -0.9987354054842594 0.04954539738117651 5.589029971050566 0.9931431773995167 0.01424719858599629 0.11603234674674988 -72.82035163406951 -0.11659147130859857 0.04821490028571941 0.9920089095999963 107.74233337802202
0.010513224864898968 -0.9987525073699034 0.04881438231825746 5.669666250423579 0.9926568964639674 0.016307250954169794 0.11985982341836746 -72.67184037241705 -0.1205063278743702 0.047195816144280915 0.9915900241809315 109.01071305799731
0.01530748072166316 -0.9984249583924591 0.053975744966980314 5.748740266957046 0.9921270160275646 0.021877179979589528 0.12331004506629764 -72.50622448299715 -0.12429663216218656 0.05166322459437145 0.9908992392987473 110.2683028345153
0.01566513544331563 -0.9982302810448688 0.05736723980717928 5.823358357654095 0.9910910311735689 0.023091241634629632 0.13116892190430432 -72.33378973432515 -0.1322615315314516 0.05480138136487279 0.9896988129220549 111.49815710036266
0.013321979212876091 -0.9984718077565266 0.05363380106831716 5.9081051645988145 0.9899985709505877 0.020704949891668135 0.13954946494224188 -72.15805400245736 -0.14044666796665298 0.051238318198600585 0.9887615908954559 112.72030922640805
0.012721325899807632 -0.9986307739223964 0.050743321655273926 5.985357830144048 0.9884039327111956 0.02023801965368407 0.1504926954804344 -71.96333431291971 -0.15131351656518582 0.048240433085527695 0.9873080144465085 113.9271262245926
0.011734576934672291 -0.9986085859394163 0.0514119571062105 6.06512492847922 0.9862206433291979 0.02004345571938432 0.16421629295632606 -71.77973145035133 -0.16501827736765792 0.04877652614037803 0.9850836473459436 115.16117355678443
