0.000000e+00 -1.000000e+00 0.000000e+00 0.000000e+00 0.000000e+00 0.000000e+00 -1.000000e+00 0.000000e+00 1.000000e+00 0.000000e+00 0.000000e+00 0.000000e+00
-1.024001e-03 -9.999989e-01 1.070160e-03 1.056073e-02 -7.429710e-04 -1.069399e-03 -9.999992e-01 -1.071965e-02 9.999992e-01 -1.024795e-03 -7.418751e-04 4.990117e-01
-1.604981e-03 -9.999976e-01 1.505307e-03 6.858059e-03 -1.817847e-03 -1.502389e-03 -9.999972e-01 -2.289185e-02 9.999971e-01 -1.607712e-03 -1.815432e-03 1.058786e+00
-5.298059e-03 -9.999837e-01 2.119657e-03 -5.642771e-03 -3.136034e-03 -2.103061e-03 -9.999928e-01 -3.919566e-02 9.999810e-01 -5.304669e-03 -3.124841e-03 1.688340e+00
-7.070224e-03 -9.999707e-01 2.940385e-03 -1.237226e-02 -4.623177e-03 -2.907740e-03 -9.999851e-01 -4.969916e-02 9.999643e-01 -7.083712e-03 -4.602483e-03 2.245682e+00
-7.855720e-03 -9.999564e-01 5.052663e-03 -1.958760e-02 -6.083753e-03 -5.004933e-03 -9.999689e-01 -6.101152e-02 9.999506e-01 -7.886215e-03 -6.044170e-03 2.817294e+00
-9.390816e-03 -9.999323e-01 6.876300e-03 -1.557289e-02 -6.425665e-03 -6.816118e-03 -9.999561e-01 -7.241934e-02 9.999353e-01 -9.434588e-03 -6.361220e-03 3.369328e+00
-1.074828e-02 -9.999102e-01 7.999818e-03 -1.045846e-02 -6.366179e-03 -7.931691e-03 -9.999483e-01 -8.217342e-02 9.999220e-01 -1.079865e-02 -6.280356e-03 3.946577e+00
-1.253765e-02 -9.998855e-01 8.471460e-03 -1.842767e-02 -7.093166e-03 -8.382978e-03 -9.999397e-01 -9.426980e-02 9.998962e-01 -1.259699e-02 -6.987251e-03 4.537403e+00
-1.313229e-02 -9.998818e-01 7.996034e-03 -3.010236e-02 -9.043354e-03 -7.877630e-03 -9.999281e-01 -1.100192e-01 9.998729e-01 -1.320365e-02 -8.938833e-03 5.137643e+00
-1.415681e-02 -9.998732e-01 7.296091e-03 -4.365035e-02 -1.283644e-02 -7.114485e-03 -9.998923e-01 -1.190325e-01 9.998174e-01 -1.424894e-02 -1.273409e-02 5.729933e+00
-1.571924e-02 -9.998600e-01 5.738846e-03 -5.895871e-02 -1.641832e-02 -5.480670e-03 -9.998502e-01 -1.317649e-01 9.997416e-01 -1.581111e-02 -1.632987e-02 6.333993e+00
-1.615912e-02 -9.998642e-01 3.249689e-03 -8.432423e-02 -1.688510e-02 -2.976768e-03 -9.998530e-01 -1.491813e-01 9.997268e-01 -1.621162e-02 -1.683470e-02 6.963955e+00
-1.800252e-02 -9.998373e-01 1.140974e-03 -1.082761e-01 -1.109660e-02 -9.412894e-04 -9.999380e-01 -1.604192e-01 9.997764e-01 -1.801406e-02 -1.107785e-02 7.611526e+00
-1.809108e-02 -9.998363e-01 2.172321e-04 -1.233929e-01 -1.019997e-03 -1.988117e-04 -9.999995e-01 -1.726283e-01 9.998358e-01 -1.809129e-02 -1.016233e-03 8.277527e+00
-1.891021e-02 -9.998208e-01 -9.389808e-04 -1.397790e-01 5.373932e-03 8.374949e-04 -9.999852e-01 -1.891861e-01 9.998068e-01 -1.891498e-02 5.357132e-03 8.946174e+00
-2.089315e-02 -9.997774e-01 -2.933772e-03 -1.578401e-01 5.338599e-03 2.822807e-03 -9.999818e-01 -2.027313e-01 9.997675e-01 -2.090843e-02 5.278433e-03 9.629065e+00
-2.147182e-02 -9.997516e-01 -5.967685e-03 -1.748220e-01 -7.387892e-04 5.984926e-03 -9.999818e-01 -2.052638e-01 9.997692e-01 -2.146702e-02 -8.671130e-04 1.032286e+01
-2.252474e-02 -9.997298e-01 -5.744368e-03 -1.960854e-01 -6.267100e-03 5.886911e-03 -9.999630e-01 -2.025886e-01 9.997267e-01 -2.248790e-02 -6.398008e-03 1.102476e+01
-2.300371e-02 -9.997293e-01 -3.470337e-03 -2.082489e-01 -5.471267e-03 3.597096e-03 -9.999785e-01 -2.075333e-01 9.997204e-01 -2.298423e-02 -5.552533e-03 1.174279e+01
-2.470872e-02 -9.996915e-01 -2.506613e-03 -2.300672e-01 2.560484e-03 2.444085e-03 -9.999937e-01 -2.176196e-01 9.996914e-01 -2.471498e-02 2.499304e-03 1.251346e+01
-2.496657e-02 -9.996874e-01 -1.369735e-03 -2.431948e-01 9.287769e-03 1.138147e-03 -9.999562e-01 -2.204891e-01 9.996451e-01 -2.497820e-02 9.256450e-03 1.329600e+01
-2.568297e-02 -9.996701e-01 -1.619316e-04 -2.664204e-01 1.230348e-02 -1.541214e-04 -9.999243e-01 -2.201408e-01 9.995944e-01 -2.568302e-02 1.230338e-02 1.409361e+01
-2.607364e-02 -9.996594e-01 1.145873e-03 -2.887208e-01 1.285538e-02 -1.481469e-03 -9.999163e-01 -2.164023e-01 9.995773e-01 -2.605673e-02 1.288963e-02 1.489071e+01
-2.512138e-02 -9.996829e-01 1.725571e-03 -3.155182e-01 1.123433e-02 -2.008318e-03 -9.999349e-01 -2.115304e-01 9.996213e-01 -2.510036e-02 1.128122e-02 1.570350e+01
-2.510942e-02 -9.996847e-01 -1.484784e-04 -3.424890e-01 7.518767e-03 -4.033037e-05 -9.999717e-01 -2.031898e-01 9.996564e-01 -2.510983e-02 7.517410e-03 1.653783e+01
-2.362408e-02 -9.997196e-01 1.649643e-03 -3.612612e-01 2.266219e-03 -1.703652e-03 -9.999960e-01 -2.094778e-01 9.997184e-01 -2.362025e-02 2.305831e-03 1.738387e+01
-2.263222e-02 -9.997365e-01 3.818318e-03 -3.825016e-01 -3.831669e-03 -3.732527e-03 -9.999857e-01 -2.137125e-01 9.997365e-01 -2.264653e-02 -3.746184e-03 1.824363e+01
-2.154180e-02 -9.997635e-01 2.994692e-03 -4.058657e-01 -9.222385e-03 -2.796548e-03 -9.999536e-01 -2.254126e-01 9.997254e-01 -2.156842e-02 -9.159961e-03 1.915724e+01
-2.238234e-02 -9.997466e-01 2.399791e-03 -4.300345e-01 -1.051064e-02 -2.164948e-03 -9.999424e-01 -2.321450e-01 9.996942e-01 -2.240627e-02 -1.045952e-02 2.005947e+01
-2.268420e-02 -9.997377e-01 3.170413e-03 -4.495741e-01 -9.832564e-03 -2.947976e-03 -9.999473e-01 -2.517800e-01 9.996943e-01 -2.271418e-02 -9.763111e-03 2.098054e+01
-2.210700e-02 -9.997553e-01 7.652870e-04 -4.749950e-01 -1.076041e-02 -5.274912e-04 -9.999419e-01 -2.718777e-01 9.996977e-01 -2.211395e-02 -1.074612e-02 2.192051e+01
-2.222382e-02 -9.997518e-01 -1.544379e-03 -5.079170e-01 -1.211563e-02 1.813969e-03 -9.999250e-01 -2.892395e-01 9.996796e-01 -2.220344e-02 -1.215293e-02 2.284160e+01
-2.197422e-02 -9.997481e-01 -4.585166e-03 -5.336038e-01 -1.299080e-02 4.871414e-03 -9.999037e-01 -3.019382e-01 9.996741e-01 -2.191254e-02 -1.309457e-02 2.380748e+01
-2.373243e-02 -9.997012e-01 -5.851216e-03 -5.551235e-01 -1.340295e-02 6.170508e-03 -9.998912e-01 -3.272877e-01 9.996285e-01 -2.365142e-02 -1.354539e-02 2.477802e+01
-2.396563e-02 -9.996898e-01 -6.776629e-03 -5.918266e-01 -1.314799e-02 7.093173e-03 -9.998884e-01 -3.473368e-01 9.996263e-01 -2.387386e-02 -1.331390e-02 2.576904e+01
-2.558147e-02 -9.996461e-01 -7.296450e-03 -6.209895e-01 -1.288860e-02 7.628040e-03 -9.998878e-01 -3.677146e-01 9.995897e-01 -2.548456e-02 -1.307918e-02 2.674752e+01
-2.516193e-02 -9.996437e-01 -8.911737e-03 -6.576340e-01 -1.186649e-02 9.212598e-03 -9.998872e-01 -3.918482e-01 9.996129e-01 -2.505334e-02 -1.209407e-02 2.773838e+01
-2.518921e-02 -9.996341e-01 -9.855756e-03 -6.895555e-01 -1.048202e-02 1.012245e-02 -9.998938e-01 -4.162321e-01 9.996278e-01 -2.508323e-02 -1.073316e-02 2.876218e+01
-2.426120e-02 -9.996637e-01 -9.160531e-03 -7.303405e-01 -9.644537e-03 9.396849e-03 -9.999093e-01 -4.343098e-01 9.996591e-01 -2.417065e-02 -9.869273e-03 2.976095e+01
-2.464938e-02 -9.996628e-01 -8.161864e-03 -7.420818e-01 -9.951469e-03 8.409305e-03 -9.999151e-01 -4.540005e-01 9.996466e-01 -2.456606e-02 -1.015540e-02 3.078676e+01
-2.514332e-02 -9.996483e-01 -8.437231e-03 -7.788305e-01 -1.070184e-02 8.708570e-03 -9.999048e-01 -4.668431e-01 9.996266e-01 -2.505063e-02 -1.091704e-02 3.181674e+01
-2.526491e-02 -9.996464e-01 -8.292570e-03 -8.082080e-01 -1.004885e-02 8.548754e-03 -9.999130e-01 -4.870946e-01 9.996303e-01 -2.517938e-02 -1.026128e-02 3.286472e+01
-2.535122e-02 -9.996565e-01 -6.648213e-03 -8.276346e-01 -7.750785e-03 6.846701e-03 -9.999465e-01 -5.055576e-01 9.996486e-01 -2.529833e-02 -7.921695e-03 3.393158e+01
-2.551669e-02 -9.996385e-01 -8.472600e-03 -8.425517e-01 -4.630636e-03 8.593461e-03 -9.999524e-01 -5.259273e-01 9.996637e-01 -2.547624e-02 -4.848239e-03 3.496923e+01
-2.478147e-02 -9.996489e-01 -9.375994e-03 -8.657346e-01 -2.200591e-03 9.433400e-03 -9.999531e-01 -5.486897e-01 9.996905e-01 -2.475967e-02 -2.433592e-03 3.603739e+01
-2.581181e-02 -9.996287e-01 -8.733837e-03 -9.096914e-01 -1.049549e-03 8.763842e-03 -9.999610e-01 -5.660353e-01 9.996663e-01 -2.580164e-02 -1.275370e-03 3.706937e+01
-2.625623e-02 -9.996160e-01 -8.864225e-03 -9.500520e-01 -1.642649e-03 8.910413e-03 -9.999589e-01 -5.843477e-01 9.996539e-01 -2.624059e-02 -1.875972e-03 3.813809e+01
-2.669826e-02 -9.995998e-01 -9.349642e-03 -9.805439e-01 -1.496558e-03 9.392934e-03 -9.999548e-01 -5.975606e-01 9.996424e-01 -2.668306e-02 -1.746734e-03 3.920623e+01
-2.737102e-02 -9.995903e-01 -8.369250e-03 -1.017485e+00 -7.135691e-04 8.391923e-03 -9.999645e-01 -6.101121e-01 9.996251e-01 -2.736407e-02 -9.429721e-04 4.029123e+01
-2.787827e-02 -9.995738e-01 -8.661491e-03 -1.052580e+00 1.089753e-03 8.634463e-03 -9.999622e-01 -6.266257e-01 9.996107e-01 -2.788665e-02 8.485743e-04 4.140359e+01
-2.847550e-02 -9.995560e-01 -8.770893e-03 -1.097033e+00 2.967586e-03 8.689879e-03 -9.999579e-01 -6.406803e-01 9.995901e-01 -2.850032e-02 2.718820e-03 4.248264e+01
-2.908548e-02 -9.995235e-01 -1.033084e-02 -1.130693e+00 3.430465e-03 1.023534e-02 -9.999417e-01 -6.583759e-01 9.995710e-01 -2.911922e-02 3.131131e-03 4.356449e+01
-2.859095e-02 -9.995185e-01 -1.205828e-02 -1.165706e+00 8.297590e-05 1.206084e-02 -9.999273e-01 -6.723307e-01 9.995912e-01 -2.858987e-02 -2.618950e-04 4.460908e+01
-2.766949e-02 -9.995106e-01 -1.458977e-02 -1.204501e+00 -3.053721e-03 1.467981e-02 -9.998876e-01 -6.934736e-01 9.996125e-01 -2.762182e-02 -3.458409e-03 4.569624e+01
-2.754222e-02 -9.994888e-01 -1.623114e-02 -1.231439e+00 -3.196761e-03 1.632529e-02 -9.998616e-01 -7.103690e-01 9.996156e-01 -2.748652e-02 -3.644761e-03 4.676170e+01
-2.814494e-02 -9.994681e-01 -1.646965e-02 -1.257144e+00 1.649987e-05 1.647571e-02 -9.998643e-01 -7.310283e-01 9.996039e-01 -2.814139e-02 -4.472169e-04 4.784964e+01
-2.837052e-02 -9.994268e-01 -1.847206e-02 -1.313830e+00 1.533159e-03 1.843597e-02 -9.998289e-01 -7.464096e-01 9.995963e-01 -2.839399e-02 1.009242e-03 4.894226e+01
-2.858564e-02 -9.994824e-01 -1.475887e-02 -1.358094e+00 2.460275e-03 1.469451e-02 -9.998890e-01 -7.501125e-01 9.995883e-01 -2.861878e-02 2.038950e-03 5.001334e+01
-2.884705e-02 -9.994832e-01 -1.418461e-02 -1.385480e+00 1.606565e-03 1.414414e-02 -9.998987e-01 -7.553378e-01 9.995825e-01 -2.886692e-02 1.197718e-03 5.107874e+01
-2.828361e-02 -9.994964e-01 -1.438852e-02 -1.428167e+00 2.291672e-04 1.438780e-02 -9.998965e-01 -7.773706e-01 9.995999e-01 -2.828398e-02 -1.778872e-04 5.215113e+01
-2.810711e-02 -9.994785e-01 -1.590028e-02 -1.460422e+00 -1.642954e-03 1.595273e-02 -9.998714e-01 -7.924939e-01 9.996036e-01 -2.807738e-02 -2.090483e-03 5.324614e+01
-2.695483e-02 -9.995267e-01 -1.482918e-02 -1.494424e+00 -3.307207e-03 1.492365e-02 -9.998832e-01 -8.131245e-01 9.996312e-01 -2.690263e-02 -3.707906e-03 5.431989e+01
-2.719801e-02 -9.995388e-01 -1.350639e-02 -1.531611e+00 -6.328898e-03 1.368330e-02 -9.998863e-01 -8.304780e-01 9.996100e-01 -2.710944e-02 -6.698138e-03 5.538929e+01
-2.732850e-02 -9.995478e-01 -1.254141e-02 -1.562178e+00 -8.590366e-03 1.278046e-02 -9.998814e-01 -8.575608e-01 9.995896e-01 -2.721753e-02 -8.935752e-03 5.647959e+01
-2.667086e-02 -9.995887e-01 -1.054306e-02 -1.585514e+00 -6.900174e-03 1.073065e-02 -9.999186e-01 -8.789209e-01 9.996204e-01 -2.659594e-02 -7.183531e-03 5.755247e+01
-2.707797e-02 -9.995869e-01 -9.632830e-03 -1.622000e+00 -1.087853e-03 9.665824e-03 -9.999527e-01 -9.044337e-01 9.996327e-01 -2.706621e-02 -1.349134e-03 5.867313e+01
-2.816616e-02 -9.995711e-01 -8.022869e-03 -1.658633e+00 4.463918e-03 7.900196e-03 -9.999588e-01 -9.149942e-01 9.995933e-01 -2.820081e-02 4.239485e-03 5.976286e+01
-2.777531e-02 -9.995912e-01 -6.772445e-03 -1.686144e+00 4.989576e-03 6.636337e-03 -9.999655e-01 -9.302713e-01 9.996017e-01 -2.780815e-02 4.803210e-03 6.085058e+01
-2.655908e-02 -9.996402e-01 -3.743408e-03 -1.704811e+00 1.657113e-03 3.700698e-03 -9.999918e-01 -9.364129e-01 9.996459e-01 -2.656507e-02 1.558229e-03 6.191499e+01
-2.600442e-02 -9.996604e-01 -1.702269e-03 -1.731138e+00 5.874285e-04 1.687563e-03 -9.999984e-01 -9.462833e-01 9.996617e-01 -2.600538e-02 5.433448e-04 6.298514e+01
-2.628365e-02 -9.996474e-01 -3.758523e-03 -1.775233e+00 -2.857510e-03 3.834938e-03 -9.999886e-01 -9.656105e-01 9.996504e-01 -2.627261e-02 -2.957299e-03 6.407861e+01
-2.643107e-02 -9.996485e-01 -2.064823e-03 -1.807752e+00 -7.312433e-03 2.258832e-03 -9.999707e-01 -9.823954e-01 9.996239e-01 -2.641520e-02 -7.369566e-03 6.512885e+01
-2.565462e-02 -9.996603e-01 -4.600557e-03 -1.838656e+00 -7.979675e-03 4.806706e-03 -9.999566e-01 -1.000570e+00 9.996390e-01 -2.561680e-02 -8.100278e-03 6.620913e+01
-2.423752e-02 -9.996703e-01 -8.476712e-03 -1.886661e+00 -4.585025e-03 8.590272e-03 -9.999526e-01 -1.019437e+00 9.996957e-01 -2.419750e-02 -4.791720e-03 6.731824e+01
-2.452287e-02 -9.996562e-01 -9.282677e-03 -1.930315e+00 -2.740371e-03 9.352652e-03 -9.999525e-01 -1.045169e+00 9.996955e-01 -2.449627e-02 -2.968783e-03 6.840335e+01
-2.429413e-02 -9.996661e-01 -8.803313e-03 -1.952091e+00 -2.305184e-03 8.861905e-03 -9.999581e-01 -1.055517e+00 9.997022e-01 -2.427282e-02 -2.519707e-03 6.951162e+01
-2.423028e-02 -9.996741e-01 -8.029626e-03 -1.984979e+00 -1.226211e-03 8.061697e-03 -9.999667e-01 -1.079890e+00 9.997057e-01 -2.421963e-02 -1.421149e-03 7.058974e+01
-2.447677e-02 -9.996747e-01 -7.162550e-03 -2.025181e+00 1.768240e-04 7.160367e-03 -9.999744e-01 -1.099735e+00 9.997004e-01 -2.447741e-02 1.503839e-06 7.167940e+01
-2.489791e-02 -9.996688e-01 -6.509209e-03 -2.049278e+00 1.886369e-03 6.464236e-03 -9.999774e-01 -1.115748e+00 9.996882e-01 -2.490963e-02 1.724798e-03 7.277535e+01
-2.471643e-02 -9.996812e-01 -5.155799e-03 -2.076960e+00 3.333469e-03 5.074931e-03 -9.999816e-01 -1.127643e+00 9.996889e-01 -2.473316e-02 3.206972e-03 7.386909e+01
-2.519792e-02 -9.996715e-01 -4.693533e-03 -2.107555e+00 2.886108e-03 4.622258e-03 -9.999852e-01 -1.145938e+00 9.996783e-01 -2.521109e-02 2.768689e-03 7.496733e+01
-2.594183e-02 -9.996575e-01 -3.450490e-03 -2.141152e+00 -4.807285e-04 3.464126e-03 -9.999939e-01 -1.159571e+00 9.996634e-01 -2.594001e-02 -5.704297e-04 7.603553e+01
-2.729601e-02 -9.996209e-01 -3.613590e-03 -2.183620e+00 -2.161500e-03 3.673951e-03 -9.999909e-01 -1.179175e+00 9.996251e-01 -2.728795e-02 -2.260965e-03 7.709026e+01
-2.868284e-02 -9.995709e-01 -5.936362e-03 -2.219353e+00 -6.388005e-04 5.957134e-03 -9.999821e-01 -1.201929e+00 9.995884e-01 -2.867853e-02 -8.093939e-04 7.816405e+01
-2.892275e-02 -9.995412e-01 -8.998362e-03 -2.262342e+00 3.605631e-03 8.897745e-03 -9.999539e-01 -1.224317e+00 9.995751e-01 -2.895387e-02 3.346630e-03 7.926219e+01
-2.906563e-02 -9.995282e-01 -9.931614e-03 -2.308128e+00 7.040599e-03 9.730849e-03 -9.999279e-01 -1.227608e+00 9.995527e-01 -2.913346e-02 6.754444e-03 8.033867e+01
-3.029110e-02 -9.995014e-01 -8.909247e-03 -2.353845e+00 7.659890e-03 8.680952e-03 -9.999330e-01 -1.236119e+00 9.995118e-01 -3.035732e-02 7.393115e-03 8.138921e+01
-2.993246e-02 -9.995205e-01 -7.918402e-03 -2.385176e+00 6.441556e-03 7.728895e-03 -9.999494e-01 -1.239685e+00 9.995311e-01 -2.998195e-02 6.207123e-03 8.242889e+01
-3.089716e-02 -9.994890e-01 -8.188480e-03 -2.417105e+00 5.904808e-03 8.009725e-03 -9.999505e-01 -1.255453e+00 9.995051e-01 -3.094398e-02 5.654313e-03 8.347382e+01
-3.079273e-02 -9.994823e-01 -9.320313e-03 -2.458181e+00 5.975796e-03 9.140478e-03 -9.999404e-01 -1.273971e+00 9.995079e-01 -3.084659e-02 5.691243e-03 8.453580e+01
-3.230488e-02 -9.994451e-01 -8.121418e-03 -2.495845e+00 5.874828e-03 7.935640e-03 -9.999512e-01 -1.282236e+00 9.994608e-01 -3.235102e-02 5.615207e-03 8.555221e+01
-3.297257e-02 -9.994306e-01 -7.160006e-03 -2.538284e+00 7.478521e-03 6.916987e-03 -9.999481e-01 -1.291108e+00 9.994283e-01 -3.302440e-02 7.246192e-03 8.655177e+01
-3.271373e-02 -9.994411e-01 -6.872697e-03 -2.573009e+00 1.043051e-02 6.534607e-03 -9.999242e-01 -1.306132e+00 9.994103e-01 -3.278293e-02 1.021091e-02 8.755344e+01
-3.465664e-02 -9.993790e-01 -6.361028e-03 -2.608734e+00 1.153847e-02 5.964311e-03 -9.999157e-01 -1.317883e+00 9.993327e-01 -3.472712e-02 1.132460e-02 8.851627e+01
-3.666242e-02 -9.993156e-01 -4.913462e-03 -2.650489e+00 1.174257e-02 4.485632e-03 -9.999210e-01 -1.321073e+00 9.992587e-01 -3.671722e-02 1.157008e-02 8.946903e+01
-3.955237e-02 -9.992074e-01 -4.484073e-03 -2.678438e+00 1.154288e-02 4.030384e-03 -9.999253e-01 -1.335175e+00 9.991508e-01 -3.960117e-02 1.137432e-02 9.039846e+01
-4.285777e-02 -9.990723e-01 -4.212365e-03 -2.725065e+00 1.087554e-02 3.749463e-03 -9.999338e-01 -1.340586e+00 9.990220e-01 -4.290075e-02 1.070476e-02 9.131025e+01
-4.555781e-02 -9.989555e-01 -3.514637e-03 -2.777539e+00 1.085227e-02 3.023166e-03 -9.999365e-01 -1.351840e+00 9.989027e-01 -4.559306e-02 1.070321e-02 9.220996e+01
-4.890243e-02 -9.987933e-01 -4.527392e-03 -2.820707e+00 1.204047e-02 3.942978e-03 -9.999197e-01 -1.358930e+00 9.987310e-01 -4.895302e-02 1.183312e-02 9.305761e+01
-5.156866e-02 -9.986574e-01 -4.910741e-03 -2.876553e+00 1.265315e-02 4.263522e-03 -9.999108e-01 -1.362729e+00 9.985893e-01 -5.162620e-02 1.241630e-02 9.389669e+01
-5.530878e-02 -9.984593e-01 -4.463587e-03 -2.928971e+00 1.361618e-02 3.715773e-03 -9.999004e-01 -1.364113e+00 9.983764e-01 -5.536405e-02 1.338969e-02 9.470521e+01
-5.748142e-02 -9.983234e-01 -6.802916e-03 -2.979834e+00 1.465899e-02 5.969453e-03 -9.998747e-01 -1.373524e+00 9.982389e-01 -5.757394e-02 1.429128e-02 9.549367e+01
-6.054205e-02 -9.981265e-01 -8.842820e-03 -3.036075e+00 1.551436e-02 7.917040e-03 -9.998483e-01 -1.384015e+00 9.980451e-01 -6.067006e-02 1.500598e-02 9.626428e+01
-6.269949e-02 -9.979866e-01 -9.566827e-03 -3.085593e+00 1.430222e-02 8.686234e-03 -9.998600e-01 -1.387313e+00 9.979300e-01 -6.282753e-02 1.372880e-02 9.698207e+01
-6.552937e-02 -9.977892e-01 -1.107201e-02 -3.134602e+00 1.121505e-02 1.035870e-02 -9.998835e-01 -1.394890e+00 9.977876e-01 -6.564590e-02 1.051145e-02 9.768277e+01
-6.677540e-02 -9.976718e-01 -1.385935e-02 -3.181065e+00 8.040672e-03 1.335184e-02 -9.998785e-01 -1.403315e+00 9.977356e-01 -6.687874e-02 7.130377e-03 9.834580e+01
-6.878164e-02 -9.975170e-01 -1.512985e-02 -3.230432e+00 5.746905e-03 1.476934e-02 -9.998744e-01 -1.405438e+00 9.976152e-01 -6.885996e-02 4.716775e-03 9.899020e+01
-7.037945e-02 -9.973613e-01 -1.780810e-02 -3.288756e+00 5.250366e-03 1.748175e-02 -9.998334e-01 -1.421057e+00 9.975065e-01 -7.046122e-02 4.006156e-03 9.959168e+01
-7.072346e-02 -9.973021e-01 -1.966452e-02 -3.349715e+00 4.975482e-03 1.936094e-02 -9.998002e-01 -1.432329e+00 9.974836e-01 -7.080717e-02 3.592785e-03 1.001751e+02
-6.849769e-02 -9.973885e-01 -2.289557e-02 -3.399509e+00 6.158784e-03 2.252628e-02 -9.997273e-01 -1.443066e+00 9.976323e-01 -6.862002e-02 4.599702e-03 1.007532e+02
-6.387601e-02 -9.976407e-01 -2.515834e-02 -3.442905e+00 7.180837e-03 2.474969e-02 -9.996679e-01 -1.449621e+00 9.979320e-01 -6.403546e-02 5.582983e-03 1.012948e+02
-5.641989e-02 -9.980493e-01 -2.673046e-02 -3.483414e+00 9.098666e-03 2.625802e-02 -9.996138e-01 -1.455448e+00 9.983656e-01 -5.664131e-02 7.599442e-03 1.017983e+02
-4.760786e-02 -9.985185e-01 -2.634777e-02 -3.511855e+00 1.098223e-02 2.585283e-02 -9.996054e-01 -1.458354e+00 9.988057e-01 -4.787843e-02 9.735163e-03 1.022987e+02
-3.531916e-02 -9.990152e-01 -2.685544e-02 -3.519555e+00 1.214907e-02 2.644101e-02 -9.995766e-01 -1.465006e+00 9.993022e-01 -3.563048e-02 1.120323e-02 1.027780e+02
-2.165260e-02 -9.994158e-01 -2.644557e-02 -3.523717e+00 1.305173e-02 2.616694e-02 -9.995724e-01 -1.473409e+00 9.996803e-01 -2.198850e-02 1.247752e-02 1.032074e+02
-6.258206e-03 -9.996492e-01 -2.573665e-02 -3.521647e+00 1.294320e-02 2.565403e-02 -9.995871e-01 -1.482672e+00 9.998966e-01 -6.588737e-03 1.277811e-02 1.036482e+02
1.144526e-02 -9.996225e-01 -2.497560e-02 -3.511690e+00 1.078251e-02 2.509916e-02 -9.996268e-01 -1.490857e+00 9.998764e-01 1.117169e-02 1.106571e-02 1.040592e+02
3.213305e-02 -9.991937e-01 -2.407099e-02 -3.499279e+00 7.064526e-03 2.430988e-02 -9.996795e-01 -1.492180e+00 9.994586e-01 3.195271e-02 7.839981e-03 1.044612e+02
5.634240e-02 -9.981779e-01 -2.159679e-02 -3.475093e+00 2.551581e-03 2.177503e-02 -9.997596e-01 -1.497754e+00 9.984083e-01 5.627375e-02 3.773789e-03 1.048764e+02
8.248364e-02 -9.964022e-01 -1.947120e-02 -3.441025e+00 -3.595312e-05 1.953480e-02 -9.998092e-01 -1.502733e+00 9.965924e-01 8.246860e-02 1.575478e-03 1.052695e+02
1.126830e-01 -9.934731e-01 -1.771326e-02 -3.374610e+00 -1.406078e-03 1.766735e-02 -9.998429e-01 -1.510075e+00 9.936300e-01 1.126902e-01 5.939090e-04 1.056667e+02
1.453503e-01 -9.892535e-01 -1.583467e-02 -3.300499e+00 -3.009058e-03 1.556255e-02 -9.998744e-01 -1.521821e+00 9.893757e-01 1.453797e-01 -7.146990e-04 1.060306e+02
1.822095e-01 -9.831790e-01 -1.260325e-02 -3.205908e+00 -3.835302e-03 1.210706e-02 -9.999194e-01 -1.522775e+00 9.832522e-01 1.822431e-01 -1.564767e-03 1.064095e+02
2.201175e-01 -9.754238e-01 -9.837607e-03 -3.101215e+00 -4.746627e-03 9.013806e-03 -9.999481e-01 -1.535527e+00 9.754618e-01 2.201528e-01 -2.645876e-03 1.067656e+02
2.603401e-01 -9.654803e-01 -8.421738e-03 -2.970105e+00 -5.751258e-03 7.171663e-03 -9.999577e-01 -1.552398e+00 9.654999e-01 2.603775e-01 -3.685655e-03 1.071341e+02
3.017214e-01 -9.533596e-01 -8.345156e-03 -2.841166e+00 -6.717374e-03 6.627100e-03 -9.999555e-01 -1.563636e+00 9.533725e-01 3.017640e-01 -4.404535e-03 1.074570e+02
3.458034e-01 -9.382397e-01 -1.123853e-02 -2.709100e+00 -7.270347e-03 9.297873e-03 -9.999303e-01 -1.570651e+00 9.382788e-01 3.458610e-01 -3.606092e-03 1.078013e+02
3.900513e-01 -9.207309e-01 -1.070230e-02 -2.554992e+00 -6.317304e-03 8.946786e-03 -9.999400e-01 -1.578605e+00 9.207714e-01 3.900955e-01 -2.326831e-03 1.081477e+02
4.339362e-01 -9.008828e-01 -1.046536e-02 -2.391924e+00 -5.093931e-03 9.162505e-03 -9.999450e-01 -1.582523e+00 9.009292e-01 4.339657e-01 -6.130923e-04 1.084448e+02
4.785794e-01 -8.780010e-01 -8.713336e-03 -2.191220e+00 -5.366228e-03 6.998660e-03 -9.999611e-01 -1.586838e+00 8.780279e-01 4.786075e-01 -1.362139e-03 1.087536e+02
5.218899e-01 -8.529704e-01 -8.514181e-03 -1.998138e+00 -6.783947e-03 5.830644e-03 -9.999600e-01 -1.594264e+00 8.529859e-01 5.219268e-01 -2.743551e-03 1.090188e+02
5.642818e-01 -8.255183e-01 -1.027550e-02 -1.757652e+00 -9.349060e-03 6.056020e-03 -9.999380e-01 -1.610743e+00 8.255293e-01 5.643428e-01 -4.300519e-03 1.093086e+02
6.060806e-01 -7.952784e-01 -1.409209e-02 -1.542509e+00 -1.296664e-02 7.835792e-03 -9.998852e-01 -1.622308e+00 7.952976e-01 6.061937e-01 -5.562971e-03 1.095480e+02
6.476611e-01 -7.616808e-01 -1.942355e-02 -1.300860e+00 -1.668273e-02 1.131032e-02 -9.997969e-01 -1.627433e+00 7.617458e-01 6.478536e-01 -5.381661e-03 1.098160e+02
6.879997e-01 -7.253270e-01 -2.360698e-02 -1.052719e+00 -1.937818e-02 1.415637e-02 -9.997120e-01 -1.623316e+00 7.254522e-01 6.882589e-01 -4.315940e-03 1.100555e+02
7.272694e-01 -6.859101e-01 -2.462811e-02 -7.942652e-01 -2.127236e-02 1.333937e-02 -9.996848e-01 -1.633427e+00 6.860224e-01 7.275640e-01 -4.889610e-03 1.102610e+02
7.640775e-01 -6.447331e-01 -2.246599e-02 -4.747286e-01 -2.038166e-02 1.068174e-02 -9.997352e-01 -1.654902e+00 6.448024e-01 7.643331e-01 -4.979059e-03 1.104589e+02
7.986788e-01 -6.014140e-01 -2.033553e-02 -1.651112e-01 -1.807236e-02 9.805598e-03 -9.997886e-01 -1.655647e+00 6.014862e-01 7.988774e-01 -3.037445e-03 1.106588e+02
8.314828e-01 -5.552390e-01 -1.859986e-02 1.814434e-01 -1.576621e-02 9.882793e-03 -9.998268e-01 -1.676567e+00 5.553267e-01 8.316321e-01 -5.366410e-04 1.108724e+02
8.613796e-01 -5.077021e-01 -1.624157e-02 4.839288e-01 -1.330634e-02 9.410246e-03 -9.998672e-01 -1.673666e+00 5.077875e-01 8.614813e-01 1.350137e-03 1.110278e+02
8.893425e-01 -4.571083e-01 -1.104394e-02 8.668144e-01 -8.576187e-03 7.473196e-03 -9.999353e-01 -1.702107e+00 4.571612e-01 8.893796e-01 2.725984e-03 1.111937e+02
9.141648e-01 -4.051989e-01 -1.079802e-02 1.221907e+00 -7.517489e-03 9.686565e-03 -9.999248e-01 -1.707003e+00 4.052731e-01 9.141772e-01 5.809038e-03 1.113325e+02
9.351093e-01 -3.540719e-01 -1.427359e-02 1.573642e+00 -1.030717e-02 1.308570e-02 -9.998612e-01 -1.709332e+00 3.542096e-01 9.351266e-01 8.587080e-03 1.114397e+02
9.525509e-01 -3.038012e-01 -1.874852e-02 1.970246e+00 -1.444078e-02 1.642013e-02 -9.997609e-01 -1.716030e+00 3.040364e-01 9.525939e-01 1.125388e-02 1.115768e+02
9.661457e-01 -2.571701e-01 -2.063978e-02 2.367868e+00 -1.717448e-02 1.571389e-02 -9.997290e-01 -1.724321e+00 2.574248e-01 9.662384e-01 1.076515e-02 1.116751e+02
9.764642e-01 -2.147334e-01 -2.018178e-02 2.814963e+00 -1.854714e-02 9.624755e-03 -9.997817e-01 -1.739705e+00 2.148808e-01 9.766253e-01 5.415537e-03 1.117370e+02
9.835386e-01 -1.795954e-01 -1.993551e-02 3.221170e+00 -1.985929e-02 2.222540e-03 -9.998003e-01 -1.747213e+00 1.796038e-01 9.837381e-01 -1.380682e-03 1.117677e+02
9.887382e-01 -1.482191e-01 -2.068684e-02 3.676545e+00 -2.107187e-02 -1.027733e-03 -9.997774e-01 -1.764273e+00 1.481649e-01 9.889540e-01 -4.139413e-03 1.118467e+02
9.924805e-01 -1.208428e-01 -1.948200e-02 4.136327e+00 -1.951766e-02 8.886508e-04 -9.998091e-01 -1.780422e+00 1.208371e-01 9.926713e-01 -1.476600e-03 1.118896e+02
9.952702e-01 -9.577040e-02 -1.628642e-02 4.610898e+00 -1.583330e-02 5.489395e-03 -9.998596e-01 -1.791530e+00 9.584636e-02 9.953883e-01 3.947069e-03 1.119253e+02
9.973558e-01 -7.144794e-02 -1.329167e-02 5.123053e+00 -1.270002e-02 8.728780e-03 -9.998813e-01 -1.802162e+00 7.155547e-02 9.974061e-01 7.798309e-03 1.119589e+02
9.986899e-01 -5.010996e-02 -1.036602e-02 5.640903e+00 -1.007567e-02 6.043371e-03 -9.999310e-01 -1.813677e+00 5.016915e-02 9.987254e-01 5.530562e-03 1.119814e+02
9.994707e-01 -3.074739e-02 -1.062485e-02 6.185600e+00 -1.061769e-02 3.961768e-04 -9.999436e-01 -1.826334e+00 3.074986e-02 9.995271e-01 6.950085e-05 1.119785e+02
9.998612e-01 -1.188500e-02 -1.167281e-02 6.753928e+00 -1.172699e-02 -4.499707e-03 -9.999211e-01 -1.833625e+00 1.183154e-02 9.999192e-01 -4.638458e-03 1.119694e+02
9.998613e-01 4.072729e-03 -1.615053e-02 7.316103e+00 -1.611967e-02 -7.501387e-03 -9.998419e-01 -1.843136e+00 -4.193237e-03 9.999636e-01 -7.434695e-03 1.119519e+02
9.996630e-01 1.590603e-02 -2.051623e-02 7.911911e+00 -2.045017e-02 -4.305006e-03 -9.997816e-01 -1.851355e+00 -1.599088e-02 9.998642e-01 -3.978274e-03 1.119619e+02
9.995547e-01 2.178140e-02 -2.039619e-02 8.516350e+00 -2.030798e-02 -4.263571e-03 -9.997847e-01 -1.861350e+00 -2.186367e-02 9.997537e-01 -3.819336e-03 1.119434e+02
9.995608e-01 2.390590e-02 -1.751587e-02 9.147970e+00 -1.728470e-02 -9.842632e-03 -9.998022e-01 -1.875754e+00 -2.407357e-02 9.996657e-01 -9.425103e-03 1.119229e+02
9.995525e-01 2.503133e-02 -1.637870e-02 9.811429e+00 -1.608052e-02 -1.206728e-02 -9.997979e-01 -1.886597e+00 -2.522391e-02 9.996138e-01 -1.165937e-02 1.119139e+02
9.996095e-01 2.289110e-02 -1.602521e-02 1.047957e+01 -1.580088e-02 -9.947650e-03 -9.998257e-01 -1.906876e+00 -2.304653e-02 9.996884e-01 -9.582066e-03 1.119049e+02
9.996063e-01 2.240303e-02 -1.689381e-02 1.115746e+01 -1.672847e-02 -7.546949e-03 -9.998316e-01 -1.929626e+00 -2.252676e-02 9.997205e-01 -7.169209e-03 1.118971e+02
9.996496e-01 2.018051e-02 -1.712609e-02 1.185068e+01 -1.694981e-02 -8.874115e-03 -9.998170e-01 -1.942624e+00 -2.032880e-02 9.997570e-01 -8.528950e-03 1.118817e+02
9.996734e-01 1.827749e-02 -1.786397e-02 1.256734e+01 -1.772992e-02 -7.470093e-03 -9.998149e-01 -1.955062e+00 -1.840756e-02 9.998050e-01 -7.143594e-03 1.118644e+02
9.996862e-01 1.773352e-02 -1.769435e-02 1.329404e+01 -1.755931e-02 -7.742057e-03 -9.998158e-01 -1.977323e+00 -1.786724e-02 9.998128e-01 -7.428238e-03 1.118618e+02
9.997035e-01 1.762174e-02 -1.680420e-02 1.405130e+01 -1.671555e-02 -5.166132e-03 -9.998469e-01 -2.006546e+00 -1.770585e-02 9.998314e-01 -4.870043e-03 1.118578e+02
9.997219e-01 1.775531e-02 -1.551544e-02 1.482279e+01 -1.541972e-02 -5.515392e-03 -9.998659e-01 -2.024630e+00 -1.783850e-02 9.998271e-01 -5.240077e-03 1.118553e+02
9.997539e-01 1.801003e-02 -1.295215e-02 1.561390e+01 -1.284909e-02 -5.826180e-03 -9.999005e-01 -2.038819e+00 -1.808370e-02 9.998208e-01 -5.593334e-03 1.118329e+02
9.997547e-01 1.849267e-02 -1.219136e-02 1.639279e+01 -1.209923e-02 -5.085384e-03 -9.999139e-01 -2.056898e+00 -1.855308e-02 9.998161e-01 -4.860390e-03 1.118302e+02
9.997439e-01 1.961760e-02 -1.128595e-02 1.719693e+01 -1.122451e-02 -3.239304e-03 -9.999318e-01 -2.074339e+00 -1.965282e-02 9.998023e-01 -3.018276e-03 1.118252e+02
9.997520e-01 2.026410e-02 -9.232221e-03 1.801719e+01 -9.143536e-03 -4.464789e-03 -9.999482e-01 -2.087011e+00 -2.030427e-02 9.997847e-01 -4.278397e-03 1.118038e+02
9.997529e-01 2.127862e-02 -6.425102e-03 1.883822e+01 -6.339163e-03 -4.103746e-03 -9.999715e-01 -2.096995e+00 -2.130438e-02 9.997652e-01 -3.967843e-03 1.117780e+02
9.997319e-01 2.242865e-02 -5.755212e-03 1.966427e+01 -5.647133e-03 -4.879183e-03 -9.999722e-01 -2.108261e+00 -2.245611e-02 9.997365e-01 -4.751218e-03 1.117661e+02
9.996494e-01 2.470296e-02 -9.530606e-03 2.048723e+01 -9.454543e-03 -3.194063e-03 -9.999502e-01 -2.132589e+00 -2.473217e-02 9.996898e-01 -2.959388e-03 1.117590e+02
9.995391e-01 2.708200e-02 -1.371723e-02 2.129931e+01 -1.362129e-02 -3.723870e-03 -9.999003e-01 -2.144096e+00 -2.713038e-02 9.996263e-01 -3.353262e-03 1.117411e+02
9.995266e-01 2.705470e-02 -1.465388e-02 2.213808e+01 -1.461619e-02 -1.590280e-03 -9.998919e-01 -2.172019e+00 -2.707508e-02 9.996327e-01 -1.194090e-03 1.117276e+02
9.995376e-01 2.768637e-02 -1.256980e-02 2.299142e+01 -1.267211e-02 3.522838e-03 -9.999135e-01 -2.188984e+00 -2.763969e-02 9.996104e-01 3.872054e-03 1.117160e+02
9.995728e-01 2.787155e-02 -8.800479e-03 2.385480e+01 -8.976338e-03 6.190831e-03 -9.999406e-01 -2.205280e+00 -2.781541e-02 9.995924e-01 6.438371e-03 1.117039e+02
9.995795e-01 2.859922e-02 -4.782279e-03 2.474290e+01 -4.949323e-03 5.772904e-03 -9.999711e-01 -2.222237e+00 -2.857079e-02 9.995743e-01 5.912023e-03 1.116846e+02
9.996142e-01 2.776931e-02 -4.500375e-04 2.558547e+01 -6.400128e-04 6.832687e-03 -9.999765e-01 -2.222924e+00 -2.776558e-02 9.995910e-01 6.847824e-03 1.116645e+02
9.996476e-01 2.649228e-02 1.669462e-03 2.644073e+01 1.450066e-03 8.298578e-03 -9.999645e-01 -2.237180e+00 -2.650520e-02 9.996146e-01 8.257237e-03 1.116514e+02
9.996327e-01 2.692302e-02 -3.104218e-03 2.726606e+01 -3.317566e-03 7.883336e-03 -9.999634e-01 -2.263573e+00 -2.689756e-02 9.996064e-01 7.969759e-03 1.116326e+02
9.995397e-01 2.686046e-02 -1.410141e-02 2.807870e+01 -1.429579e-02 7.058236e-03 -9.998729e-01 -2.276074e+00 -2.675752e-02 9.996143e-01 7.438979e-03 1.116012e+02
9.994657e-01 2.730381e-02 -1.796619e-02 2.890907e+01 -1.809338e-02 4.418606e-03 -9.998266e-01 -2.298390e+00 -2.721969e-02 9.996174e-01 4.910264e-03 1.115885e+02
9.995781e-01 2.566932e-02 -1.359220e-02 2.974245e+01 -1.367579e-02 3.084054e-03 -9.999017e-01 -2.321033e+00 -2.562488e-02 9.996657e-01 3.433802e-03 1.115815e+02
9.996622e-01 2.454470e-02 -8.550715e-03 3.057615e+01 -8.569342e-03 6.538508e-04 -9.999630e-01 -2.341202e+00 -2.453820e-02 9.996985e-01 8.639618e-04 1.115628e+02
9.996882e-01 2.415911e-02 -6.314612e-03 3.141275e+01 -6.302821e-03 -5.641988e-04 -9.999800e-01 -2.361414e+00 -2.416219e-02 9.997079e-01 -4.117524e-04 1.115475e+02
9.996980e-01 2.387589e-02 -5.822542e-03 3.224182e+01 -5.836188e-03 5.019371e-04 -9.999828e-01 -2.375539e+00 -2.387256e-02 9.997148e-01 6.411297e-04 1.115331e+02
9.996620e-01 2.538706e-02 -5.605740e-03 3.306680e+01 -5.637192e-03 1.167528e-03 -9.999834e-01 -2.384883e+00 -2.538010e-02 9.996770e-01 1.310245e-03 1.115083e+02
9.996302e-01 2.680456e-02 -4.596184e-03 3.387525e+01 -4.685340e-03 3.264274e-03 -9.999837e-01 -2.407038e+00 -2.678912e-02 9.996353e-01 3.388656e-03 1.114908e+02
9.995821e-01 2.855687e-02 -4.479036e-03 3.469388e+01 -4.650103e-03 5.926810e-03 -9.999716e-01 -2.426541e+00 -2.852951e-02 9.995746e-01 6.057126e-03 1.114788e+02
9.994893e-01 3.154350e-02 -5.109191e-03 3.548131e+01 -5.361925e-03 7.932845e-03 -9.999542e-01 -2.444261e+00 -3.150152e-02 9.994709e-01 8.097928e-03 1.114511e+02
9.994341e-01 3.324267e-02 -5.136081e-03 3.628749e+01 -5.422432e-03 8.529556e-03 -9.999489e-01 -2.457658e+00 -3.319716e-02 9.994109e-01 8.704985e-03 1.114269e+02
9.993528e-01 3.572859e-02 -4.191235e-03 3.708905e+01 -4.495352e-03 8.435790e-03 -9.999543e-01 -2.476809e+00 -3.569160e-02 9.993259e-01 8.590943e-03 1.114038e+02
9.993572e-01 3.569226e-02 -3.372970e-03 3.788446e+01 -3.648161e-03 7.647812e-03 -9.999641e-01 -2.495955e+00 -3.566519e-02 9.993336e-01 7.773106e-03 1.113816e+02
9.992847e-01 3.763860e-02 -3.660474e-03 3.866801e+01 -3.924846e-03 6.952469e-03 -9.999681e-01 -2.511300e+00 -3.761195e-02 9.992672e-01 7.095222e-03 1.113511e+02
9.992331e-01 3.887782e-02 -4.649876e-03 3.945439e+01 -4.919829e-03 6.850849e-03 -9.999644e-01 -2.529906e+00 -3.884457e-02 9.992205e-01 7.036868e-03 1.113242e+02
9.991109e-01 4.191558e-02 -4.536407e-03 4.022784e+01 -4.860532e-03 7.634121e-03 -9.999591e-01 -2.541241e+00 -4.187924e-02 9.990920e-01 7.831065e-03 1.112873e+02
9.990970e-01 4.236272e-02 -3.250459e-03 4.100432e+01 -3.537741e-03 6.708294e-03 -9.999713e-01 -2.560775e+00 -4.233969e-02 9.990798e-01 6.852105e-03 1.112500e+02
9.990021e-01 4.459966e-02 -2.382434e-03 4.176862e+01 -2.676453e-03 6.533845e-03 -9.999751e-01 -2.577665e+00 -4.458299e-02 9.989836e-01 6.646694e-03 1.112165e+02
9.989136e-01 4.657547e-02 -1.484981e-03 4.252467e+01 -1.851474e-03 7.826660e-03 -9.999676e-01 -2.588260e+00 -4.656234e-02 9.988841e-01 7.904391e-03 1.111833e+02
9.988428e-01 4.808629e-02 -8.792300e-04 4.327478e+01 -1.313084e-03 8.991554e-03 -9.999587e-01 -2.602224e+00 -4.807640e-02 9.988027e-01 9.044291e-03 1.111588e+02
9.987994e-01 4.898364e-02 -5.962745e-04 4.401483e+01 -1.050259e-03 9.242875e-03 -9.999567e-01 -2.621367e+00 -4.897601e-02 9.987568e-01 9.283223e-03 1.111284e+02
9.988014e-01 4.894762e-02 1.159171e-04 4.471001e+01 -3.248092e-04 8.995988e-03 -9.999595e-01 -2.640549e+00 -4.894668e-02 9.987608e-01 9.001104e-03 1.110976e+02
9.987409e-01 5.011381e-02 -2.290510e-03 4.542125e+01 -2.758985e-03 9.281048e-03 -9.999532e-01 -2.659913e+00 -5.009020e-02 9.987004e-01 9.407626e-03 1.110697e+02
9.987255e-01 5.031924e-02 -3.919610e-03 4.611982e+01 -4.396949e-03 9.379033e-03 -9.999464e-01 -2.675567e+00 -5.027977e-02 9.986892e-01 9.588331e-03 1.110372e+02
9.987310e-01 5.006716e-02 -5.451476e-03 4.681420e+01 -6.048865e-03 1.178799e-02 -9.999122e-01 -2.675647e+00 -4.999851e-02 9.986763e-01 1.207588e-02 1.110101e+02
9.986922e-01 5.075110e-02 -6.184880e-03 4.749867e+01 -6.772625e-03 1.141714e-02 -9.999119e-01 -2.695566e+00 -5.067601e-02 9.986461e-01 1.174593e-02 1.109823e+02
9.987144e-01 5.032892e-02 -6.045141e-03 4.819575e+01 -6.536153e-03 9.597203e-03 -9.999326e-01 -2.712491e+00 -5.026751e-02 9.986866e-01 9.913822e-03 1.109499e+02
9.987050e-01 5.054664e-02 -5.779824e-03 4.887573e+01 -6.200103e-03 8.161830e-03 -9.999475e-01 -2.728256e+00 -5.049681e-02 9.986883e-01 8.464654e-03 1.109247e+02
9.987252e-01 5.003821e-02 -6.648381e-03 4.954884e+01 -7.228404e-03 1.141957e-02 -9.999087e-01 -2.740686e+00 -4.995771e-02 9.986820e-01 1.176671e-02 1.109012e+02
9.987366e-01 4.976315e-02 -6.995370e-03 5.022466e+01 -7.667530e-03 1.332913e-02 -9.998817e-01 -2.754608e+00 -4.966403e-02 9.986721e-01 1.369385e-02 1.108761e+02
9.987409e-01 4.990900e-02 -5.074155e-03 5.090168e+01 -5.705710e-03 1.251980e-02 -9.999053e-01 -2.765359e+00 -4.984074e-02 9.986753e-01 1.278880e-02 1.108356e+02
9.987008e-01 5.077717e-02 -4.293755e-03 5.156891e+01 -4.960166e-03 1.300549e-02 -9.999031e-01 -2.785544e+00 -5.071641e-02 9.986253e-01 1.324045e-02 1.108024e+02
9.985098e-01 5.443119e-02 -3.919798e-03 5.225377e+01 -4.858517e-03 1.712437e-02 -9.998416e-01 -2.804746e+00 -5.435544e-02 9.983706e-01 1.736331e-02 1.107755e+02
9.982106e-01 5.964665e-02 -4.229017e-03 5.292688e+01 -5.412035e-03 1.968619e-02 -9.997916e-01 -2.814942e+00 -5.955096e-02 9.980254e-01 1.997378e-02 1.107463e+02
9.978018e-01 6.594121e-02 -6.574031e-03 5.359137e+01 -7.910823e-03 2.003191e-02 -9.997680e-01 -2.834049e+00 -6.579422e-02 9.976224e-01 2.050952e-02 1.107038e+02
9.973373e-01 7.249276e-02 -7.937463e-03 5.425401e+01 -9.352737e-03 1.920443e-02 -9.997718e-01 -2.844249e+00 -7.232378e-02 9.971840e-01 1.983130e-02 1.106544e+02
9.967877e-01 7.963980e-02 -8.466868e-03 5.493587e+01 -1.007374e-02 1.979659e-02 -9.997533e-01 -2.854410e+00 -7.945254e-02 9.966271e-01 2.053527e-02 1.106088e+02
9.963402e-01 8.497427e-02 -9.252577e-03 5.560556e+01 -1.115275e-02 2.191435e-02 -9.996976e-01 -2.859707e+00 -8.474581e-02 9.961421e-01 2.278184e-02 1.105655e+02
9.958997e-01 9.002145e-02 -8.942655e-03 5.631449e+01 -1.085947e-02 2.082567e-02 -9.997241e-01 -2.873893e+00 -8.981038e-02 9.957221e-01 2.171786e-02 1.105029e+02
9.955135e-01 9.415352e-02 -9.379643e-03 5.700449e+01 -1.153042e-02 2.232528e-02 -9.996843e-01 -2.887828e+00 -9.391439e-02 9.953073e-01 2.331075e-02 1.104467e+02
9.950963e-01 9.846096e-02 -9.425307e-03 5.769417e+01 -1.183405e-02 2.390864e-02 -9.996441e-01 -2.899322e+00 -9.820058e-02 9.948537e-01 2.495659e-02 1.103768e+02
9.948790e-01 1.008711e-01 -6.386820e-03 5.837384e+01 -8.631366e-03 2.183088e-02 -9.997244e-01 -2.910239e+00 -1.007039e-01 9.946600e-01 2.258974e-02 1.103082e+02
9.946000e-01 1.037491e-01 -2.638786e-03 5.909265e+01 -4.861403e-03 2.117597e-02 -9.997640e-01 -2.929167e+00 -1.036687e-01 9.943780e-01 2.156599e-02 1.102331e+02
9.944278e-01 1.054198e-01 1.495609e-04 5.980870e+01 -2.083698e-03 2.107397e-02 -9.997758e-01 -2.941982e+00 -1.053993e-01 9.942045e-01 2.117620e-02 1.101617e+02
9.943495e-01 1.061533e-01 8.077532e-04 6.051720e+01 -1.506521e-03 2.171925e-02 -9.997630e-01 -2.954326e+00 -1.061457e-01 9.941126e-01 2.175645e-02 1.100927e+02
9.942090e-01 1.074586e-01 -1.044114e-03 6.123719e+01 -3.332663e-03 2.111964e-02 -9.997714e-01 -2.975654e+00 -1.074120e-01 9.939852e-01 2.135546e-02 1.100199e+02
9.941159e-01 1.082449e-01 -4.080539e-03 6.195571e+01 -6.070416e-03 1.805996e-02 -9.998185e-01 -2.983065e+00 -1.081515e-01 9.939602e-01 1.861079e-02 1.099364e+02
9.941002e-01 1.080630e-01 -9.342905e-03 6.270990e+01 -1.080117e-02 1.291715e-02 -9.998583e-01 -2.994582e+00 -1.079270e-01 9.940601e-01 1.400815e-02 1.098485e+02
9.940082e-01 1.087463e-01 -1.103718e-02 6.344526e+01 -1.223826e-02 1.038363e-02 -9.998712e-01 -3.004200e+00 -1.086177e-01 9.940153e-01 1.165228e-02 1.097695e+02
9.940280e-01 1.087301e-01 -9.275097e-03 6.420187e+01 -1.069588e-02 1.249109e-02 -9.998648e-01 -3.018847e+00 -1.085996e-01 9.939928e-01 1.357946e-02 1.096958e+02
9.940124e-01 1.091314e-01 -5.446424e-03 6.495530e+01 -6.570888e-03 9.946790e-03 -9.999290e-01 -3.033767e+00 -1.090694e-01 9.939775e-01 1.060432e-02 1.096144e+02
9.940879e-01 1.084906e-01 -4.367211e-03 6.569245e+01 -5.049226e-03 6.012490e-03 -9.999692e-01 -3.052249e+00 -1.084610e-01 9.940793e-01 6.524737e-03 1.095322e+02
9.940978e-01 1.084159e-01 -3.938788e-03 6.645479e+01 -4.457201e-03 4.539796e-03 -9.999797e-01 -3.066808e+00 -1.083959e-01 9.940953e-01 4.996233e-03 1.094516e+02
9.940167e-01 1.090915e-01 -5.457466e-03 6.719345e+01 -6.026776e-03 4.889605e-03 -9.999699e-01 -3.075165e+00 -1.090615e-01 9.940197e-01 5.517819e-03 1.093832e+02
9.938000e-01 1.110683e-01 -5.038493e-03 6.794145e+01 -5.450176e-03 3.403270e-03 -9.999794e-01 -3.090012e+00 -1.110488e-01 9.938070e-01 3.987511e-03 1.092949e+02
9.933985e-01 1.145248e-01 -6.593609e-03 6.867877e+01 -6.800853e-03 1.418971e-03 -9.999759e-01 -3.088479e+00 -1.145127e-01 9.934193e-01 2.188470e-03 1.092127e+02
9.930671e-01 1.174154e-01 -5.601505e-03 6.941018e+01 -5.967038e-03 2.761866e-03 -9.999784e-01 -3.114705e+00 -1.173974e-01 9.930791e-01 3.443340e-03 1.091257e+02
9.928520e-01 1.192486e-01 -4.976091e-03 7.015071e+01 -5.426166e-03 3.449862e-03 -9.999793e-01 -3.132725e+00 -1.192290e-01 9.928584e-01 4.072265e-03 1.090365e+02
9.925852e-01 1.214182e-01 -5.681138e-03 7.090826e+01 -6.492505e-03 6.287843e-03 -9.999592e-01 -3.146010e+00 -1.213775e-01 9.925815e-01 7.029528e-03 1.089500e+02
9.924257e-01 1.226793e-01 -6.404330e-03 7.167476e+01 -7.459220e-03 8.141407e-03 -9.999390e-01 -3.155186e+00 -1.226197e-01 9.924130e-01 8.994834e-03 1.088561e+02
9.923372e-01 1.233676e-01 -6.887740e-03 7.244066e+01 -7.964695e-03 8.238586e-03 -9.999343e-01 -3.168532e+00 -1.233027e-01 9.923269e-01 9.158040e-03 1.087715e+02
9.921954e-01 1.244979e-01 -6.973584e-03 7.320760e+01 -8.017921e-03 7.889292e-03 -9.999368e-01 -3.188346e+00 -1.244351e-01 9.921885e-01 8.825934e-03 1.086779e+02
9.920658e-01 1.255946e-01 -5.611279e-03 7.399068e+01 -6.593264e-03 7.404367e-03 -9.999508e-01 -3.220320e+00 -1.255469e-01 9.920540e-01 8.173698e-03 1.085826e+02
