0.007053559712666626 -0.9999724785802193 -0.0022784100352638936 -0.08267205354334872 -0.009282317956028971 0.002212893449939401 -0.9999544770477843 -0.40834444371011763 0.9999320825029826 0.0070743876272406124 -0.009266453162606027 -0.32905737369585336
0.00598940318026785 -0.9999808836604493 -0.00153517394829636 -0.07162573678473287 -0.010307086069839022 0.0014733852241885748 -0.9999458026264996 -0.9074380156872051 0.9999289817763581 0.006004901733988209 -0.010298063504456424 -0.3201217985891314
0.005563965479808974 -0.9999843463386471 -0.0004613962354114766 -0.05911035491188278 -0.010889950244739694 0.00040078286898078953 -0.9999406699342047 -1.467284765058698 0.9999252856743109 0.005568659714058317 -0.010887550348789764 -0.3254015825681037
0.004972402577948 -0.9999871686211359 0.0008349906168313454 -0.042450348851615194 -0.014586594469723073 -0.000907443927040908 -0.9998931577037246 -2.09691674584369 0.9998812693908823 0.004959691396823874 -0.014590919650907091 -0.3407177838842911
0.004178081356124818 -0.9999885568846261 0.0023152617323972894 -0.0314918185290847 -0.016365409215130643 -0.002383348733306858 -0.9998632259677239 -2.6543548865027047 0.9998574076093238 0.004139620385067961 -0.016375179622817964 -0.3494345713273183
0.0020911374939716638 -0.9999905325450036 0.003784982818075021 -0.019740281764163176 -0.01716779939631589 -0.0038203334968390473 -0.999845294559022 -3.226055984099286 0.9998504994232488 0.0020258344863698114 -0.017175626997132615 -0.3584435121881445
0.0002822397646766162 -0.9999913627281172 0.004128817612197889 -0.00818843832612301 -0.018716011660922082 -0.0041333764806955305 -0.9998163438259492 -3.7781219949682097 0.9998248799184456 0.00020491289842466018 -0.018717017283981088 -0.35640465158105505
-0.0008338830570726381 -0.999991351651101 0.004067635058160635 0.0015879706866582244 -0.020079920631264986 -0.004050073183894869 -0.99979021199678 -4.355375459425074 0.9997980375090362 -0.0009153850563438455 -0.020076370759032493 -0.3531981910734046
-0.0012802542950377867 -0.9999876777193194 0.004785193234915399 0.013879896530634997 -0.021877946700685193 -0.004756043342982446 -0.99974930191198 -4.946233517185898 0.9997598570857095 -0.0013846225963307728 -0.021871581361979767 -0.36321887268441566
-0.0007612665293594535 -0.9999770529065686 0.006727583169415568 0.03021501056710886 -0.02248433622033723 -0.006708768065267894 -0.999724720523646 -5.54658727584048 0.9997469510759619 -0.0009123220256401621 -0.022478718405372654 -0.3765248220103808
2.8411312849253962e-05 -0.9999447407556885 0.010508000348268104 0.040417599944258045 -0.0235290403974437 -0.010505756963625854 -0.9996679701536233 -6.139117508152379 0.9997232274327854 -0.00021884082261039865 -0.0235280393492234 -0.39176980863867994
0.0016871861510531995 -0.9998995880629747 0.014067351337465514 0.05426054170295047 -0.025090417733849946 -0.014105272798075507 -0.9995856388580817 -6.743393963100293 0.9996838283562042 0.0013335313251343897 -0.025111693352977693 -0.4089419103684742
0.004194262548875923 -0.9998858229657036 0.014513452697095664 0.07168238926559073 -0.025490697161807584 -0.014615765383007571 -0.9995681651224384 -7.3733316900191195 0.9996663506037092 0.0038224939868875974 -0.025549085165868353 -0.43580955768685636
0.006188731240306449 -0.9999429850609957 0.00869783905324482 0.08083820459949981 -0.027293412924647736 -0.008863675415577433 -0.9995882124766421 -8.020435739972779 0.9996083592042093 0.005948788692856397 -0.02734671522472902 -0.4617411297155232
0.00686035219009464 -0.9999755003184688 -0.0013842032720806279 0.08959674723818895 -0.027371288007373082 0.001195936162533416 -0.9996246052103492 -8.68566044970196 0.9996018172275226 0.006895664954895125 -0.02736241305262806 -0.4783796324430409
0.007851546480057354 -0.999938767815277 -0.007790788682754388 0.1039287452914857 -0.028194828019240267 0.007566558866902865 -0.9995738722517046 -9.353780397550178 0.9995717076298949 0.008067859760644891 -0.028133688446960226 -0.4965593215370601
0.009836657271350456 -0.9999213125787928 -0.007783303710002855 0.11738241046043724 -0.030187733117633925 0.007483180387663036 -0.999516280853236 -10.036629648135378 0.999495875405029 0.01006685903477738 -0.030111747659013494 -0.516765996979961
0.013041132307522678 -0.9999133935890651 -0.0017324693983882828 0.12185576233668671 -0.030745958499899046 0.0013308016351301106 -0.9995263716717188 -10.730852228697689 0.9994421507389194 0.013088222053889466 -0.030725940942652786 -0.5353090119736547
0.012981792580253622 -0.9999084722370194 0.0037888825851052597 0.12089149201516593 -0.03176630494227893 -0.004199705325795798 -0.9994865650614639 -11.433110471397145 0.9994110730803224 0.012854767541195342 -0.03181792425445782 -0.5585178822755281
0.010686484597351761 -0.9999382684209059 0.0030057450065979624 0.12548936329284494 -0.03226268661453346 -0.003349145055975915 -0.9994738118069135 -12.151046686359921 0.9994222776704023 0.010583887738224646 -0.032296486541375846 -0.5726645177386127
0.009476784084886036 -0.999942361325132 -0.00502951696566418 0.13275235478681396 -0.033993333491382186 0.0047046776716571 -0.9994109794506705 -12.921053891094457 0.9993771192847243 0.00964217230157598 -0.03394679275654314 -0.596912407471642
0.008123599906953724 -0.9998979094624995 -0.011749022023001064 0.13330169490740768 -0.034256439976987754 0.01146423825085662 -0.9993472872122685 -13.703037047605601 0.9993801532825407 0.008520777213066839 -0.034159811157810346 -0.6119794604638337
0.006810063528332473 -0.9998678203774292 -0.014760477509808344 0.1317990757757005 -0.03496096839567333 0.014513730311398748 -0.9992832691995183 -14.500348185474769 0.999365492520622 0.0073212235168830025 -0.034857505239731225 -0.6373232878997898
0.005478818326560497 -0.9998678314175868 -0.01530576923527928 0.12773324246232204 -0.035334588765890594 0.015102870412747311 -0.9992613567896985 -15.29734733817927 0.9993605941404897 0.006015595633807325 -0.03524716773930781 -0.6616220640226256
0.004963574990586986 -0.9998941551897429 -0.013674460155185463 0.1232328821839074 -0.03437860184533297 0.013495918851457072 -0.9993177792401821 -16.110207329711997 0.9993965781665579 0.005430298542537323 -0.03430797184204405 -0.6899475931093889
0.0069575902108643855 -0.9999259820163737 -0.00997288810074628 0.11597145444699969 -0.03438814111101926 0.009727979251352385 -0.9993611808819687 -16.94477126836732 0.999384378559217 0.007296094664045642 -0.03431790983221677 -0.7186043144448331
0.0053315432443572465 -0.999974718709636 -0.004698569215712101 0.12389380081202868 -0.03289907222222832 0.004520689379178995 -0.9994485186225368 -17.79117471559622 0.999444549133518 0.005483181647461542 -0.03287413362353624 -0.7389816103225939
0.0033457631939343294 -0.9999933521123676 0.0014202185819515262 0.13002733618125265 -0.03192548561435621 -0.0015263183948294396 -0.9994890779587705 -18.651343554846193 0.9994846269951287 0.0032987128406842736 -0.03193037579910489 -0.7620383171636134
0.0043197931622324225 -0.9999674571798938 0.006811824120580691 0.14339440934762748 -0.03084722354417305 -0.006941898537326567 -0.9995000002350758 -19.565299275910146 0.9995148549838071 0.004107507953296579 -0.03087620362490585 -0.7871318218296126
0.0049602761287156185 -0.9999549080015204 0.008089701573867222 0.15041210194100774 -0.03168471945614291 -0.008242901661673623 -0.9994638981471968 -20.46756352452293 0.9994856427521513 0.004701296442165458 -0.031724182467042 -0.8136205631309318
0.004172452522826344 -0.9999637406160404 0.0074150191934456485 0.16970186552357552 -0.03199264804868836 -0.00754477291585937 -0.9994596076063157 -21.38853486952598 0.9994794836446078 0.003932971991976703 -0.03202296660696697 -0.8355319172416409
0.006599474114562649 -0.99994341305062 0.008329913361528277 0.18996894079535062 -0.03139237984533621 -0.008533164211813398 -0.9994707176470321 -22.328517738691602 0.9994853746298477 0.00633448499625231 -0.03144692110274925 -0.8628411383562544
0.008950313420244986 -0.9999132015784687 0.009667862319728736 0.20758831903728298 -0.031481595393983264 -0.009945219530811358 -0.9994548541315073 -23.249631479208407 0.9994642713196342 0.008641074924611558 -0.03156787488943363 -0.8978292901370879
0.012013735227822318 -0.9998723577809302 0.01052335163795327 0.22044164023880072 -0.031190507419502633 -0.01089370934891181 -0.9994540646379415 -24.215519244725172 0.9994413738052166 0.011678948225091055 -0.0313174018789105 -0.925472047060966
0.01331528962669301 -0.9998517962891939 0.010914044599484167 0.24580569008736486 -0.03292881980595675 -0.011347565813677168 -0.9993932886626777 -25.186033325576474 0.999369017803792 0.012947824199687756 -0.033075035813015845 -0.9498499197569523
0.01423603126886634 -0.9998418818320663 0.010650996652028046 0.2655416771036687 -0.03315117633027425 -0.011118178951056951 -0.9993884935253939 -26.176950072683518 0.9993489827153846 0.01387423297745261 -0.03330420931780939 -0.9889350232181904
0.014768703877325989 -0.9998370020458655 0.010376516854249423 0.2856520584777123 -0.034761434960202536 -0.010884790337545561 -0.9993364171639186 -27.1553376718186 0.9992865389169775 0.014398200509151976 -0.03491652353978043 -1.020946039618455
0.016345993201656812 -0.9998227118977718 0.009346300756501188 0.30922191380082586 -0.034330350473206726 -0.009903254934106659 -0.9993614228162564 -28.14604337827464 0.999276932600626 0.016014694098740435 -0.03448614026755016 -1.0597291269786098
0.017246003037095718 -0.9998195527927146 0.007955318048470795 0.3329500798192997 -0.034360319952703985 -0.008544448394662946 -0.9993730450142945 -29.16967023733426 0.9992607236978641 0.01696183928356246 -0.03450147464243277 -1.094064221967355
0.016514783214735252 -0.9998381172662215 0.007129452553411767 0.3504845347884489 -0.033448119277752174 -0.007678885267472677 -0.9994109323574155 -30.168286382730248 0.9993040594147464 0.01626658801479348 -0.03356952194726258 -1.1369682388571982
0.015529430029218647 -0.9998516550721663 0.0074405512509839395 0.3702146493324568 -0.033843456353815304 -0.007962805964181389 -0.9993954057825701 -31.194085406024296 0.9993064907119024 0.015268226558214167 -0.033962099065037256 -1.1513665370057677
0.01583383937619325 -0.9998410719776311 0.008185336874274049 0.38307690344343465 -0.0343277995490737 -0.008725130518283296 -0.9993725752286945 -32.22403231360256 0.9992852807741045 0.015542920194145136 -0.03446049885790995 -1.1906730500218494
0.015669426689783633 -0.9998488378232602 0.0075326287737204345 0.4029291754922043 -0.0344565897744611 -0.008069045611588917 -0.999373643961107 -33.27189478805194 0.9992833950681175 0.015400063697457389 -0.03457781707819472 -1.2226051855226303
0.013951379351852701 -0.9998888417236326 0.005245935735218174 0.42050476098969847 -0.034575819359674145 -0.005725730104894093 -0.9993857241001899 -34.33853708365412 0.9993047364288804 0.013761426222021927 -0.03465186324695861 -1.2447140202555016
0.01567599639119316 -0.9998748895576279 0.002112527735979296 0.4397640494762867 -0.034753795050739326 -0.00265637760665913 -0.9993924100696523 -35.37592383348111 0.9992730045836 0.015593053648292266 -0.034791086784534034 -1.2620234623205013
0.016498907681999832 -0.9998638009613989 -0.0003181139110570244 0.4615864988471532 -0.03403749625889978 -0.00024368553714431386 -0.9994205638521668 -36.44385168377645 0.9992843800335275 0.016500174985297975 -0.03403688414485552 -1.287454890544603
0.015821128505680408 -0.9998736599820365 -0.0014716593569266017 0.4782591534292321 -0.035079264491375856 0.0009158749018741236 -0.9993841521333695 -37.4756377844446 0.9992593698861131 0.015863008576331987 -0.035060341407554534 -1.3342488970473971
0.015971760340576853 -0.9998719522574462 -0.0008827362189966282 0.49651293418789216 -0.035518057809656604 0.0003149334005493766 -0.9993689962212688 -38.54430638170053 0.9992414951557578 0.01599303432222516 -0.03550848274112623 -1.3772870456742197
0.0164531065040449 -0.9998640878495074 -0.001035299403039831 0.5094921160362642 -0.03596037461585284 0.0004430297053329567 -0.9993531079831924 -39.61236267552631 0.9992177958613164 0.01647969293500701 -0.03594819620937786 -1.4103901623117465
0.015446560725763238 -0.9998789639769591 -0.0018159784927463118 0.521543148797916 -0.03664127551010448 0.0012489268783620088 -0.9993277208992243 -40.697212229305364 0.9992091317238483 0.015502715102021157 -0.03661755670412524 -1.4501617053726912
0.01567628858169304 -0.999870572599754 -0.0036244658471197106 0.5372375236188333 -0.03716373180199209 0.003039748565844652 -0.9993045423939959 -41.809351618954885 0.9991862667043765 0.015800085570552586 -0.037111269847537695 -1.4880228856893953
0.015718366831487484 -0.9998613066288128 -0.005506776079637096 0.5503804257285009 -0.03777723759773836 0.004909663265731748 -0.9992741457382225 -42.88815241742847 0.9991625875247239 0.015914987567052785 -0.03769483109721923 -1.5351930498880588
0.017260255542678623 -0.9998330371903966 -0.005984715775757152 0.5677208298415994 -0.03839584969698745 0.005318383413664607 -0.9992484201212006 -43.96988832402619 0.9991135291911171 0.01747707011066957 -0.038297647956343224 -1.571500726820519
0.019109164306934323 -0.9998138890405059 -0.002646692834691276 0.5825846871437027 -0.03786648693375462 0.00192155008706059 -0.9992809754027588 -45.014657436422375 0.9991001596979594 0.019195643349846896 -0.03782271939399491 -1.6086795192735104
0.021750011063381553 -0.9997632944744006 0.00047804313293427035 0.6045478415793891 -0.03689841597732963 -0.001280561148356167 -0.9993182462669755 -46.10197148532589 0.9990822933529293 0.021717541714014982 -0.03691753891502539 -1.6495830976828363
0.023396263590407695 -0.9997260112482829 0.0006104926174053579 0.6213399436056738 -0.03676302047069878 -0.0014705988350258135 -0.9993230073799699 -47.16738221582944 0.9990500809043679 0.023357973807452116 -0.03678735575538188 -1.678875837961316
0.023523937168227677 -0.9997198571217984 -0.0026078957338570566 0.6407739854461748 -0.03741781198005837 0.0017263345471118256 -0.9992982720068991 -48.25501787663216 0.9990227651411127 0.02360501341013019 -0.0373667186153395 -1.7073537119485416
0.025473146122380656 -0.9996669186216608 -0.0041397233469583055 0.6552917523148999 -0.03767021117565593 0.0031782437215186346 -0.9992851789176305 -49.347395475704495 0.9989655599771712 0.025610881642340343 -0.03757669784389929 -1.7665305738689738
0.021725743886468262 -0.9997512010109298 -0.00504220793810464 0.6583771844516233 -0.037895244609967266 0.004216288123573729 -0.9992728102783323 -50.418292641320036 0.9990455732103835 0.021901020377506207 -0.03779421201004199 -1.8135843524866764
0.02118139993147533 -0.9997668583251669 -0.004186542872190956 0.663718015690945 -0.038143335707898886 0.0033763299839698114 -0.999266535458183 -51.48369053671767 0.999047817109542 0.02132555170332311 -0.03806292191544515 -1.8435415798340289
0.02143483273964298 -0.9997662941006454 -0.0028069612521380424 0.6859402885479161 -0.03756052615467662 0.0020003384497190137 -0.9992923473103159 -52.55608809403011 0.9990645046707822 0.021525090104024102 -0.037508868389361995 -1.8886006735748355
0.023012718189013445 -0.9997346796618792 -0.0009446125693771058 0.7014999752801186 -0.03735380437073413 8.436237676040097e-05 -0.9993021401732172 -53.65116715151854 0.9990371828777306 0.023031946176337442 -0.03734194356577386 -1.9232621552180003
0.021995749948515986 -0.9997577783201388 0.0007348381497368245 0.7224703600739257 -0.03617940779463248 -0.0015305206574863818 -0.9993441642478591 -54.724963409115524 0.999103303919619 0.021954744413145023 -0.03620431529102961 -1.959530179948528
0.020776774495956597 -0.999776957747724 0.0037633505481164224 0.7405901720379082 -0.03638605997102763 -0.004517812891410932 -0.999327572678851 -55.79449562721518 0.9991218300032176 0.02062586935994898 -0.036471809604545664 -1.9994382447081436
0.019889930939054053 -0.9997839159642133 0.006030123442334466 0.768235253588036 -0.03649400089487946 -0.006753290839411842 -0.9993110654979093 -56.88488538088327 0.9991359271785568 0.019656168282459693 -0.03662043209964221 -2.03277548942001
0.017828649627945732 -0.9998314891456234 0.004358928633544629 0.7888828843512337 -0.035872878817530755 -0.004996475412333516 -0.9993438235429727 -57.95758422531117 0.99919738769289 0.017660583522933277 -0.03595591521561222 -2.0586075668912187
0.01672301134730483 -0.9998590691562307 -0.0014485596885733833 0.8122202579183841 -0.03634340994953267 0.0008399494355579343 -0.9993389817493759 -59.0777231097026 0.9991994594316728 0.01676460333672331 -0.03632424078286277 -2.097988951158346
0.014918321302049746 -0.9998641669410661 -0.006995321707203626 0.8206875430501874 -0.03747787023504751 0.006432028620743811 -0.9992767770591479 -60.16693624999238 0.9991861785336288 0.0151697010829675 -0.03737682892279356 -2.1376232046647
0.01365098147132529 -0.9998785426409669 -0.007509359881545805 0.835617585757057 -0.037085399221427125 0.006998607371612693 -0.999287561198592 -61.25454926007038 0.9992188494132584 0.013919744335013666 -0.03698535184293799 -2.167656393373326
0.010739279279338397 -0.9999337003041606 -0.004148001716433886 0.8427520690002117 -0.035842831065829216 0.0037606292794971816 -0.9993503990858998 -62.31916863339817 0.9992997402125419 0.010880978459437238 -0.03580006155883558 -2.188597721753495
0.008733916126806365 -0.9999571228430487 -0.003060375753977156 0.8528118314067847 -0.03528337930919633 0.0027504141480490145 -0.9993736150352731 -63.389335525211536 0.9993392460294435 0.008836425890709432 -0.03525784247485538 -2.2173784411976443
0.010905295137501481 -0.9999404550152668 0.0003673863910442672 0.873017458471774 -0.03555030690855954 -0.0007548863441101095 -0.9993675691668252 -64.48296473353061 0.9993083683852232 0.010885338510817116 -0.035556419793391365 -2.2640204425471313
0.009360577413872188 -0.9999444518252524 0.004832130681041758 0.8910789755102511 -0.03569265698151001 -0.005163378038724752 -0.9993494899825934 -65.53345293707925 0.999319011288874 0.00918201655261835 -0.035739003375147446 -2.299213177085521
0.011913114232639428 -0.9999139234282333 0.005486961692865385 0.9093030067112091 -0.03489429776522096 -0.00589973204087423 -0.9993735843204624 -66.61371723141642 0.9993200637280711 0.01171418787950823 -0.034961574191765196 -2.3322313137915045
0.0156727404361065 -0.9998749796784691 0.0020759298147096507 0.9267527340588089 -0.0334754082856582 -0.002599736008469287 -0.9994361536235603 -67.72247924585719 0.999316699755631 0.015594411037017367 -0.03351197242763721 -2.3820947678797157
0.0164220141360365 -0.9998650674139745 0.00022402247616978477 0.9515937598231891 -0.03377414842805449 -0.0007786398173141657 -0.9994291815149059 -68.80735056356772 0.9992946340645615 0.016405075503514287 -0.033782375318722344 -2.4284051294453137
0.01592830844123139 -0.9998730905884965 -0.00020610636413751344 0.9616696537434657 -0.033550809898771204 -0.00032845979133156816 -0.9994369701322224 -69.91553557754781 0.9993101273232137 0.015926255793601345 -0.033551780649899825 -2.4527112734530467
0.015120615962123751 -0.9998847576704272 -0.0012789832994317474 0.9854743718617348 -0.033497727394497516 0.000771847336885634 -0.9994385513124141 -70.99349552177226 0.9993243921329421 0.015154969127317447 -0.033482195299009386 -2.4882352960858856
0.014209469916644731 -0.9998954581228238 -0.002677375039362516 1.0045908338985898 -0.03375553574741187 0.0021964238686368754 -0.9994277299936611 -72.08295295195565 0.9993291043787171 0.014291715032178336 -0.03372079294628161 -2.5311770925419563
0.013501308843232914 -0.9998992620233943 -0.004384916096667117 1.01988755554708 -0.03418771275125628 0.003921134738130254 -0.9994077253211294 -73.17871256362186 0.9993242639447258 0.013643223064359642 -0.03413131958136316 -2.558042941530497
0.012101995005403569 -0.9999098096886407 -0.005820934062415328 1.031126278687699 -0.03401138047038733 0.005406362753091037 -0.9994067852905286 -74.27227420640689 0.9993482061915379 0.012292794117732425 -0.03394288475849461 -2.5883122552699818
0.011652408793281797 -0.9999176668018838 -0.005373814148263336 1.0493797455149367 -0.034489200926258845 0.004969077774010393 -0.9993927086305131 -75.37047314321185 0.9993372165358331 0.011830671195871596 -0.03442845956729219 -2.6217082653810584
0.01051787830984131 -0.9999426434421707 -0.0020042807564805624 1.0639182917162322 -0.0352179137807496 0.0016327103471623955 -0.9993783918986672 -76.43884422024645 0.9993243508236757 0.010581926726646318 -0.035198722357003706 -2.65815954398719
0.010739215214110186 -0.9999422129259072 -0.00033457741221275586 1.083809459416662 -0.03656539076464199 -5.833379382953207e-05 -0.9993313104901927 -77.49359544979495 0.9992736357318411 0.010744266601646136 -0.03656390542028066 -2.7035863347696445
0.013011200493698288 -0.999913576684128 -0.0018829303263480832 1.1058414750977525 -0.03795548284614778 0.001387844995931906 -0.9992785159388304 -78.56718533670119 0.9991947274741999 0.013073280747253422 -0.03793414538963019 -2.742183190633561
0.015921624328850706 -0.9998542700785191 -0.006149378799603657 1.126557148112983 -0.038230637193135214 0.005536902323498723 -0.9992535628253835 -79.66490790050784 0.9991421876011144 0.016144834975171687 -0.03813690165234944 -2.787642927831305
0.01673045376097086 -0.9998140186947047 -0.00959095357911076 1.128414851778151 -0.038410088003849194 0.008942537330975425 -0.9992220433304554 -80.74101776463293 0.9991220702895838 0.017085828132282654 -0.038253328091946294 -2.8358469289653296
0.015676039889862138 -0.9998249480300557 -0.01021147397424436 1.1364163031766976 -0.03963360823148568 0.009583360530159664 -0.9991683613429714 -81.79139457030618 0.9990913357462485 0.016067719881810254 -0.03947643342002179 -2.884476011306773
0.01473273439445574 -0.9998510725421623 -0.008984045592256814 1.140189884451046 -0.03925844152245739 0.008399668993982081 -0.9991937252166189 -82.83109553152593 0.9991204572605757 0.015073557017100515 -0.03912884538843781 -2.918133990765714
0.015017078435014037 -0.9998514433767738 -0.008456075726916285 1.1559384260264498 -0.04022015004372023 0.00784614894745353 -0.9991600163022255 -83.87598730077609 0.9990780036380063 0.01534457014116605 -0.04009634938246757 -2.9528321418285444
0.01614723180399312 -0.9998331848959122 -0.008534231184043947 1.1741782699611947 -0.04012272251791426 0.00788053801879289 -0.9991636619729207 -84.93786919897539 0.999064285361443 0.016476144550323934 -0.03998877882278601 -2.996311541039151
0.014942866349375531 -0.9998526620220113 -0.008435471106663985 1.1822276984393414 -0.04162672125630295 0.0078070284106826395 -0.9991027428754159 -85.95418729698663 0.9990215620372841 0.015280599265142573 -0.041503927760058165 -3.036919945738671
0.013912876618118747 -0.9998527769319386 -0.010036623069470736 1.190285665038411 -0.042299896828838515 0.00944006836480226 -0.9990603903588078 -86.95351721385076 0.999008115202134 0.014324351643600988 -0.04216233598292101 -3.0819655369742818
0.013509850472812886 -0.9998243377390232 -0.012983904362841286 1.2041072444483536 -0.04205842863055024 0.012405391229217924 -0.9990381075714877 -87.9548747391017 0.9990238186123177 0.014042938969593714 -0.041883454702030816 -3.118981915498321
0.01293131462565244 -0.9998169575750402 -0.014101440983860238 1.2152555010432498 -0.044001902795974865 0.01351996355327192 -0.9989399994615904 -88.91751902664818 0.9989477609414835 0.01353809718458575 -0.04381900717892437 -3.157643859019096
0.011450781892928481 -0.9998320065341486 -0.014309268656227957 1.2180957230161142 -0.04599132231252292 0.013768445795351907 -0.9988469419066243 -89.87014692043805 0.9988762211670044 0.012095681688340723 -0.045825935688280396 -3.2023467041958678
0.010996131727078216 -0.9998397424087704 -0.014126713074707106 1.232082205602606 -0.048874159797589564 0.013573276138611859 -0.9987126945797871 -90.79950137793574 0.99874441687494 0.011672408381235911 -0.048717073865690075 -3.233487170089369
0.010718887633312338 -0.9998515983198407 -0.013480682599608176 1.237401771845011 -0.05217238211231874 0.012903886501142419 -0.9985547404694307 -91.71120466715749 0.9985806053213158 0.011406715275328497 -0.05202632113445476 -3.2833322046132793
0.009991906050348366 -0.9998592416132397 -0.013471299031410701 1.2483074886849406 -0.054863504769475345 0.012903514278994674 -0.9984104365456464 -92.61076471860633 0.9984438887960787 0.010715106354124643 -0.05472685432934303 -3.338866490033029
0.01090210435956044 -0.9998325836896624 -0.014689348137757633 1.2547180945529357 -0.05822173924357169 0.01403059102237002 -0.9982050979829432 -93.45818609336834 0.998244187786176 0.011737775442694573 -0.058059027381930466 -3.3850312785116077
0.011217309459382896 -0.9998195680020963 -0.01532295677326142 1.257938184143012 -0.06089350399574669 0.014612459193308582 -0.9980373195043831 -94.29705746793266 0.9980813001409268 0.012128360878411484 -0.06071860665269149 -3.443653903525646
0.010661340036397047 -0.9998101282546709 -0.016308350831937764 1.2586427765849533 -0.06462929880383154 0.015586197570925319 -0.9977875710538899 -95.10532767416976 0.997852410013184 0.011691750479938845 -0.06445085460732237 -3.4991829796827103
0.012906574516496601 -0.9997655326683375 -0.01738211415547906 1.2673777191531734 -0.06683775089172125 0.01648209582996906 -0.9976276716106842 -95.89356600021448 0.9976804213088964 0.014037737376534836 -0.06660935734646566 -3.552434600180498
0.014846598865183821 -0.9997227578491761 -0.01827253820865659 1.2772132299891839 -0.06993186953348442 0.01719161166488824 -0.9974036566400709 -96.66394107618326 0.997441347513982 0.016085884178339588 -0.06965724053007206 -3.611350902303651
0.0156232396026818 -0.9997320031129293 -0.01708103899221391 1.280584192261548 -0.0720880565911803 0.01591244428263402 -0.9972713695251592 -97.38168445943819 0.9972759463719132 0.01681194858579498 -0.07182013988531581 -3.6631778673166147
0.01731586433586399 -0.9997516872206518 -0.014025692376942763 1.2888647784347862 -0.07490470469450942 0.01269126205471422 -0.9971099244863093 -98.08247915455017 0.997040372459021 0.018316416471310066 -0.07466634639057822 -3.7146576065506656
0.0203303089245487 -0.9997340239006706 -0.01088120949753601 1.2980522246844077 -0.07613664705774517 0.009303746023792936 -0.9970539614274575 -98.74564597633139 0.9968901802520248 0.021098867401807896 -0.07592723794834164 -3.762887276724074
0.02176272231505412 -0.9997260136587744 -0.008611587813846685 1.3006130377782072 -0.07811646344192011 0.006886926926556998 -0.9969204746396593 -99.39008340013251 0.9967067165533022 0.02236841018020567 -0.07794517424161113 -3.81430058653693
0.024477354702328175 -0.9996671556161756 -0.008145224429827232 1.3160167874832356 -0.07971640735639794 0.006169954001997006 -0.996798520979644 -99.99145411269339 0.9965170320608664 0.025048292339121533 -0.07953885270432516 -3.874421675156924
0.026357958385214854 -0.9996214354545699 -0.007885871263866187 1.3269786559960568 -0.08006195852106981 0.005752332702607579 -0.9967733464518092 -100.57476004646327 0.9964413704421893 0.026904268394183296 -0.07988002608782244 -3.9367493769165898
0.02951548431831205 -0.9995230920209899 -0.009075498746198986 1.3370134871517934 -0.0778760369523849 0.006752400395264895 -0.9969402255751821 -101.15271111669004 0.9965260675533897 0.030131946805462224 -0.07763959271357694 -3.986931533636684
0.03173348162799922 -0.9994454931496798 -0.010080479060790383 1.3429637809549206 -0.07329428233760556 0.0077314678944716865 -0.9972803888742556 -101.69421916333698 0.9968054332428125 0.03238602415308632 -0.0730082865224709 -4.029877954314869
0.033231305611611583 -0.9993761295820187 -0.011956271783540905 1.347909102968393 -0.0659044097418024 0.00974569917943683 -0.9977782848891106 -102.19758896877104 0.9972725302334561 0.0339454416870314 -0.06553943279104842 -4.068950360386758
0.03281640368041785 -0.9993663841625002 -0.013774962541028463 1.3500191625654123 -0.05714613143365414 0.011883676521841207 -0.99829507484313 -102.6978733923551 0.9978263349608837 0.03354764407724801 -0.05671994720225906 -4.09562279493991
0.03340013305692198 -0.9993315944866239 -0.014859454541291044 1.3562742940831307 -0.04490333214363773 0.01335228710826668 -0.998902073419785 -103.1771597908174 0.9984328888808182 0.03403070470332903 -0.04442734016518868 -4.100308502555733
0.03312286877442693 -0.9993285007509071 -0.015664106335044406 1.364388795138134 -0.03126554485974211 0.014628987895213875 -0.9994040013102785 -103.60652356626784 0.9989622460581182 0.03359288173796623 -0.030759996669640816 -4.10096688421658
0.03261274748046429 -0.9993487001981193 -0.01544384309209008 1.373745906870196 -0.015868520091552533 0.014932384574928926 -0.9997625371579892 -104.04731376115036 0.9993421567190031 0.03285006730167298 -0.01537119805539322 -4.094874741846195
0.032073315033704544 -0.9993988785600814 -0.013155054903049902 1.3827673713771123 0.0018913675618449787 0.013222495071697296 -0.9999108333716963 -104.45838549854507 0.9994837296427537 0.03204557490244959 0.002314319894598155 -4.080061093505238
0.03130767130709122 -0.999466594652391 -0.009286455875854615 1.3854681661842956 0.022675449581064523 0.009998852358651687 -0.9996928505777326 -104.86043255940093 0.999252587338797 0.031087482679385842 0.02297638733425709 -4.061746074021032
0.028798087986628588 -0.9995746399428602 -0.004585996647939706 1.3927650186199325 0.04700511697897294 0.005937028760740411 -0.9988770671425065 -105.27554392512204 0.9984794838543875 0.028550189799195717 0.04715610225263099 -4.030664448984432
0.026564285114848523 -0.9996454618399552 -0.001799250364385689 1.398902034642729 0.07321556973481552 0.0037406540657697607 -0.997309112863822 -105.66817369502913 0.9969623490416296 0.026361072312926975 0.07328897881938172 -3.9889746941635127
0.0246866783011556 -0.9996951361199624 -0.00020388230237142928 1.4072360616710466 0.10346324007510481 0.002757791043827358 -0.9946294680503336 -106.06448577749643 0.994326921389221 0.024533002717806524 0.10349978965501705 -3.91358510604499
0.022564358192763232 -0.9997440242124217 0.0016433734879776768 1.4201095483449306 0.13619069151497068 0.0014453657181819444 -0.9906816169377664 -106.42709895741183 0.9904256490331049 0.022577912536970036 0.13618842708905482 -3.8296474388368553
0.019073020058493366 -0.9998143029309178 0.0027528752296758926 1.4220781049035152 0.17310911257481132 0.0005905093762940045 -0.9849024257640606 -106.80408358368209 0.9847180379870139 0.01926161113558899 0.17308826356521265 -3.723898069756491
0.015932710794948637 -0.9998651965222037 0.0039523623197662535 1.435948747805415 0.21108931359760155 -0.0005001456705236084 -0.977466648416184 -107.15774792611765 0.9773370084539315 0.01640799503208278 0.21105286487557498 -3.6077005531809534
0.014028781411109794 -0.9998877013538979 0.005252740662002021 1.4541688680326623 0.25140466082094914 -0.00155730117142631 -0.9678808679908213 -107.52313514620276 0.9677804811512999 0.014898751523830673 0.2513546277603165 -3.464278844816761
0.013406823344562824 -0.9998888806999362 0.006513729379007909 1.4667372895939461 0.2929019313581443 -0.0023014067971834713 -0.9561397487998667 -107.84216686917782 0.9560485122027427 0.014726680249315989 0.2928385484526206 -3.3224067258015255
0.015976123881373955 -0.9998452060658871 0.007358150568447815 1.474992501190401 0.3371372888774187 -0.0015414539575142432 -0.9414542145122328 -108.18149132666049 0.9413199848802298 0.01752149926545208 0.33706051107614027 -3.176312160385254
0.015496348310461577 -0.9998572785423546 0.00671895757601906 1.4838207288912313 0.3815323492602594 -0.0002983893716687854 -0.924355390693657 -108.52212299963267 0.9242255946963605 0.01688763671269505 0.38147329606120717 -3.0083973078292505
0.015565002820685214 -0.9998619207176025 0.005802984665587439 1.4885868693546531 0.42558482016438254 0.001373194631874228 -0.9049175280880033 -108.81266516963242 0.9047847128832966 0.01655470623923272 0.42554741524744055 -2.8314903817194117
0.013243419924118136 -0.9998917305792303 0.0064046763384957555 1.4945021911808973 0.47043716115305073 0.0005785600849036631 -0.8824333195807391 -109.11415462650065 0.882334093368679 0.014699433333090046 0.47039394099097814 -2.616855348138585
0.011910533165876891 -0.9998959320219875 0.008135480785139914 1.5038594205670024 0.513987006673999 -0.0008568262166710138 -0.8577975963869524 -109.37136630295284 0.8577153767532744 0.01439835814961839 0.5139232860507941 -2.4101042826708694
0.011961992735758457 -0.9998679670009187 0.010997507338215496 1.5229929004341358 0.55665608327382 -0.0024776741477662316 -0.8307393225661847 -109.65249635017497 0.8306569323469422 0.01605913113135155 0.5565529824120078 -2.1562403689715275
0.013555560407532861 -0.9997970662852844 0.014897022493722776 1.5373934518659877 0.5987859304478302 -0.0038149244526387307 -0.8009000697273415 -109.88222438822491 0.8007944056973163 0.01977678431895779 0.5986127850451058 -1.9276268177053222
0.016820889187434608 -0.9996802068054436 0.01888178234596927 1.545584990167339 0.640755722778797 -0.003719329446428743 -0.7677357827681025 -110.1393969793859 0.7675604872116363 0.02501260458007823 0.640488199258994 -1.6724992084591093
0.019431200789009492 -0.9995725439938231 0.021841683167290994 1.5442323490618408 0.6814964019743851 -0.002742980217100179 -0.7318162465279042 -110.3671082957737 0.7315634954609972 0.029105102170076537 0.6811519094280908 -1.411260094948552
0.018351464210578705 -0.9995430905291153 0.024018474863925512 1.556885485077369 0.7211657633313803 -0.0034060083239774368 -0.6927542237685815 -110.55992423594464 0.6925194830594772 0.030034356789129635 0.7207737041133987 -1.140337836586338
0.015399195853613608 -0.9996073770668232 0.02340598186247568 1.5803804299178577 0.7583156913725776 -0.003581798251201194 -0.6518777180532604 -110.74465360578772 0.6517056279773278 0.027787517285959077 0.7579627833975875 -0.8094590829438881
0.014203253655584976 -0.9996711861930957 0.021346980051686743 1.5826062007890132 0.7932604972878512 -0.0017314375715869969 -0.6088799780088466 -110.93051788908541 0.6087168423642559 0.025581790446264085 0.7929751369160022 -0.4890967640377721
0.013940510785164666 -0.9997169752737487 0.019271905709101592 1.6052690546919082 0.8264422265432185 0.000670725805319869 -0.5630211801582291 -111.12918133463025 0.5628489742925412 0.02377591419594205 0.8262177154095154 -0.13255200874978335
0.013117334096899058 -0.9997689544635107 0.017026568679249104 1.6037390167012688 0.8567313404187822 0.0024570229121740053 -0.5157571593691731 -111.26914445556989 0.5155962038567807 0.02135255581404897 0.856565625990927 0.17920154801214086
0.010792246469128885 -0.9998634855403542 0.012507730858968244 1.6333430765521717 0.885098176502582 0.003731740838746589 -0.46538934085577593 -111.41880400111903 0.4652792288864711 0.01609316565815476 0.8850176926921246 0.5702425873890387
0.01263385068005078 -0.9998527200257327 0.011609208055715605 1.6404521707984678 0.910376411042036 0.006699504030351685 -0.413726932259482 -111.5407653746397 0.41358820350882847 0.015795712069774093 0.9103270482895975 0.9330309240317878
0.015693611195809868 -0.9997712611253515 0.014523441629760693 1.6462559549487126 0.9317991114982495 0.00935554582600767 -0.3628538461392693 -111.63143355215345 0.36263497647848714 0.019227417417826447 0.9317329229781824 1.2915330305594475
0.01870404830488924 -0.9996490545576326 0.018757451730953976 1.6571877449950803 0.9497316753839836 0.011899938091878217 -0.31283885105545733 -111.75242219742343 0.31250588491633624 0.023665903826918338 0.9496209236032326 1.6937123265201017
0.017689666421381353 -0.9996102716861135 0.021592703883056074 1.669216999670832 0.9638082807773483 0.011302490355816208 -0.2663569142131617 -111.83605452710127 0.2660090262051287 0.025522984644868373 0.9636325832228025 2.0955253922366497
0.011312492731556531 -0.9996695731234219 0.02308146054194646 1.6881909550268754 0.9745892845811329 0.00585849649476654 -0.22392311488899952 -111.88513496792052 0.2237138714960381 0.02502807154702772 0.9743335027736769 2.545591780044634
0.0036730947121883235 -0.9996931153201453 0.024496048483120907 1.6989698723855677 0.982028785375949 -0.0010163403191940337 -0.18872892565140031 -111.9054699048717 0.18869596727218926 0.024749036487346766 0.9817237036070058 2.953860520330435
0.00021112498848618863 -0.9996678241117153 0.025768742544170935 1.7196334713190404 0.9875360820440027 -0.0038473923272091424 -0.15734601053674663 -111.97519796082538 0.15739285638142234 0.025480786076030243 0.987207321338723 3.410585927545559
0.0019241926519808334 -0.9997045406914109 0.024227996358950614 1.738509768189384 0.9915070068289099 -0.0012433197485778725 -0.1300480737949937 -112.00980323791269 0.1300397319296537 0.02427246224041443 0.991211677896597 3.8711955206628117
0.006322689388467882 -0.9997691875513591 0.02053152547967791 1.7517467912967581 0.9944560951413384 0.004131305748530283 -0.10507176737608903 -112.03781664447912 0.10496269389910944 0.02108203728279118 0.9942526688630019 4.346191895929313
0.009369019667117994 -0.9998048711691704 0.017390773927773603 1.7649498169657782 0.9966993885363208 0.007934603692139294 -0.0807923005468636 -112.06416992509314 0.0806385555368772 0.018090319607613 0.9965792656407428 4.858561227191305
0.006515380365359248 -0.9998692921653366 0.014795146495378948 1.7792131624460987 0.9982169828229692 0.005625304702489731 -0.059424442866091394 -112.08087000941299 0.05933344885350552 0.015155941754168187 0.9981231479321511 5.376408930334187
0.0007362203288941385 -0.9998814062733123 0.015382737427603552 1.7958515452830868 0.9991986826586268 0.00011993925023976767 -0.040025724317402395 -112.07313058940998 0.04001913746742601 0.015399878404724234 0.9990802180708661 5.921208409351886
-0.004284174556298245 -0.9998541366293943 0.0165296362698754 1.8074849337017713 0.9997661635046909 -0.004632995238650439 -0.021122476637542277 -112.05935665339553 0.02119597749816465 0.016435285428208553 0.9996402047949486 6.489620185351463
-0.007366985277888311 -0.9997534326386187 0.020943803649105773 1.822404199843276 0.9999591068588722 -0.007475441422216724 -0.005104885615914933 -112.0379912381202 0.005260191843592633 0.020905330853070815 0.9997676447001049 7.052015770232607
-0.0042234989098221334 -0.9996721742504341 0.025250705776999005 1.836275770077706 0.9999693480099244 -0.004055485537874323 0.006701316827306382 -112.04513941084595 -0.00659671536216685 0.025278231204267445 0.9996587044476963 7.6479334861320485
-0.004224357092387731 -0.9996757992093273 0.025107599499640015 1.8504697483294255 0.9999133692112001 -0.003909524560313613 0.012575212676771986 -112.0260317061305 -0.012472978722755136 0.0251585411983081 0.9996056746527014 8.252258932889905
-0.009839314810222278 -0.9997068117563609 0.02212368792737901 1.8682736756237723 0.9998456031762616 -0.009513755271959851 0.014772866272998775 -112.00664197537695 -0.014558058767100025 0.02226562842121768 0.9996461350821821 8.883588907478677
-0.01208022317596995 -0.9997078233494731 0.020935162935428703 1.8833660672702144 0.9998042909526592 -0.011748042422129115 0.015918455256256688 -111.99892280936902 -0.015667865060386862 0.02112337099141948 0.999654115598099 9.546883227961002
-0.009947620720666355 -0.9997374419416744 0.020640925247280086 1.9082545685342056 0.9998587952355483 -0.0096650402273751 0.013745195158887039 -111.99199734943598 -0.013542084247997464 0.020774738401579305 0.9996924449480415 10.21488571417751
-0.0075370908027187315 -0.9997392912850862 0.021551563827479074 1.9360885990082473 0.9998861792682905 -0.007252981101550015 0.013230704850280607 -111.98571591754813 -0.013070936902634653 0.021648839426480052 0.9996802139042686 10.892679678238581
-0.008847016152833011 -0.9997235787452784 0.0217825070753487 1.9540263952421881 0.9999021999416582 -0.00860828078468075 0.011029433531679983 -111.97271422377099 -0.010838870948313054 0.021877954036978963 0.9997018319375137 11.585864495896304
-0.007424208025121702 -0.9997180294975737 0.022552849610897208 1.971767587962262 0.9999324287849968 -0.007220261587684059 0.009111042453841355 -111.95756565901254 -0.00894562892595889 0.022618969059229766 0.9997041826128058 12.302526353108922
