-0.009882440641836904 -0.999845431207842 -0.01453912809269248 -0.0830502832682608 -0.0045588689821902265 0.014584737053537283 -0.9998832344149354 -0.406283766724134 0.9999408175459783 -0.009815004973140803 -0.004702296411700377 -0.331503780864711
-0.010961413111076991 -0.9998447587089947 -0.013796256865880898 -0.07611965491160366 -0.005580868217591606 0.01385804285853488 -0.999888388497519 -0.9054835171090936 0.9999243869748534 -0.010883195003519135 -0.005731904847457886 -0.3245879596484393
-0.011401103315720928 -0.9998540311133355 -0.012721173805344101 -0.06808527179121901 -0.006168842749511581 0.012792088050740093 -0.9998991792568065 -1.4653865705044946 0.9999160398011557 -0.011321478829559079 -0.006313786735019163 -0.332131522557627
-0.012033932864072524 -0.9998625306262839 -0.011397242149219184 -0.05638185435565282 -0.009871100036276817 0.011516300627319039 -0.9998849038927937 -2.0950637635499754 0.9998788891590135 -0.011920045904259654 -0.010008328763246515 -0.3499704052423268
-0.01285562624316481 -0.9998682530818821 -0.00990825309276222 -0.04985425950635217 -0.01165529170261899 0.010058239663419948 -0.9998814576822563 -2.652531330602389 0.9998494918511766 -0.012738618775821357 -0.011783060420255138 -0.3609543418007612
-0.014961749351518339 -0.9998522602098422 -0.008449933309954617 -0.04264645490192861 -0.012452240668174974 0.008636545208140793 -0.9998851228726081 -3.2242664833742496 0.9998105900138807 -0.014854810702300932 -0.012579618856622458 -0.37228390936070643
-0.016785745746411035 -0.9998261751145797 -0.008108269819561033 -0.03557751884262567 -0.013988235703056214 0.008343447363616769 -0.9998673798243892 -3.7764118126219084 0.9997613355177075 -0.0166700990821451 -0.014125855617205732 -0.3724846878119028
-0.017911978040994918 -0.999806199983322 -0.00816708916071692 -0.03049790762049886 -0.015342386858110582 0.008442284419299971 -0.9998466777862243 -4.353733991522579 0.9997218549991856 -0.017783928370071256 -0.015490633378305052 -0.371640436311593
-0.01837897311919418 -0.9998033927545029 -0.0074374281032155085 -0.02289568483771886 -0.01714249364913819 0.007752696690299854 -0.9998229481510373 -4.944625476598718 0.999684152288859 -0.018248223434986145 -0.017281602571105673 -0.38405817676353077
-0.017882195231000667 -0.9998250444272815 -0.005485187640969967 -0.011298217265063706 -0.017768882107147235 0.005802991347991047 -0.9998252985656596 -5.545031411499376 0.9996822424382025 -0.01778160546307457 -0.017869549116990378 -0.39976559072168916
-0.01713450868925856 -0.999851736078088 -0.0016885791292336333 -0.005752378843168829 -0.018850779130604 0.002011575503982988 -0.9998202862367567 -6.137556245242633 0.9996755501207273 -0.01709959822715753 -0.01888245181472443 -0.41743293241936597
-0.01551991751683105 -0.9998777326735916 0.0018996033405012961 0.0033556574132571626 -0.02045498014584429 -0.0015819390084705664 -0.9997894749738473 -6.741848347544892 0.9996703751636593 -0.015555507720513846 -0.020427923474698382 -0.4370449638696362
-0.013020374983923055 -0.9999123807659117 0.0023717332621976854 0.015920813566713793 -0.020879856672593407 -0.0020995278588063207 -0.999779726967259 -7.371789295927328 0.9996972952485037 -0.013067028960284745 -0.020850685157270624 -0.4664293057764992
-0.010989071300844672 -0.9999337835805139 -0.00341004015137013 0.020073426025623967 -0.022652192133750318 0.0036583093223176706 -0.9997367405295353 -8.018832608034533 0.9996830607103883 -0.010908933544596607 -0.022690897421473 -0.4950234393633806
-0.010228401411456697 -0.9998567655308221 -0.013484929394471669 0.02359987125081313 -0.022654581805315047 0.013713884880239077 -0.9996492555462914 -8.68403134693392 0.9996910499461977 -0.009919318490928104 -0.022791608168782375 -0.5144053170730069
-0.00918637453925439 -0.9997602372279187 -0.01987446932098183 0.032689625136469225 -0.023435424836295547 0.02008510246003256 -0.9995236178325254 -9.352164051179956 0.9996832427541019 -0.008716231880493312 -0.02361431102077817 -0.5352913585371321
-0.00721722435819448 -0.9997772872712439 -0.019831589135728227 0.0407999813332333 -0.025445237391812498 0.02000929641944525 -0.9994759760305557 -10.035009857046644 0.9996501969692316 -0.006708822798073373 -0.02558398206125077 -0.5582745211141081
-0.0040714979998105255 -0.9998971508045279 -0.013748141429666735 0.03982395490477689 -0.026078549805453332 0.013849748852901987 -0.9995639610126952 -10.7291625067449 0.9996516046249727 -0.0037111909130854515 -0.026132257853091465 -0.5797216633270939
-0.004188150516051561 -0.9999573937784827 -0.008218202808777195 0.03338709273569124 -0.027142874471373653 0.008328921643977178 -0.9995969130407075 -11.431286857123192 0.999622850206083 -0.003963396690666176 -0.02717660812792562 -0.6059165489087394
-0.006480358358548589 -0.9999382501969867 -0.009017220634631829 0.032304846846377036 -0.02761383382686177 0.009192914576397176 -0.999576375526448 -12.14917149566353 0.9995976454693041 -0.006228613760657587 -0.02767170321784859 -0.6230670036083426
-0.007631808600669203 -0.9998254967564 -0.017046888022272527 0.03355604981352486 -0.029270314171272294 0.017263439244714258 -0.9994224205606187 -12.919104482228228 0.9995423891307929 -0.007128433119153295 -0.029396961644045053 -0.6505155453865193
-0.008926515480402492 -0.9996774362304095 -0.023774690932078315 0.027915842808098418 -0.02946877825684949 0.024028302038038348 -0.9992768037921462 -13.700996666599943 0.9995259358784826 -0.008219449652169294 -0.02967375955763586 -0.668893786570371
-0.010218259845407422 -0.9995888149527161 -0.026790454496746125 0.020191004536903506 -0.03013861080756126 0.027087551629540494 -0.9991785948180175 -14.498156673086964 0.9994935146847378 -0.009402439754478374 -0.030403003184133068 -0.6976314465562601
-0.011547356308388945 -0.9995593903485456 -0.027343763413628906 0.00989639308497195 -0.030496795438427707 0.027684916864871317 -0.9991513127874498 -15.294988243507552 0.9994682348454247 -0.010703659344123493 -0.03080303955648237 -0.7253454222436894
-0.012069776450596712 -0.9995961549896553 -0.02572606352135847 -0.0009252601498064422 -0.029549201419699602 0.0260732622539965 -0.9992232220799431 -16.107659671054606 0.9994904760224098 -0.01130021538363463 -0.02985196380339979 -0.7571570690450984
-0.01010947119898827 -0.9997066166831005 -0.022007921305085956 -0.014680343222658168 -0.02960476135054999 0.022298630568606 -0.9993128853145007 -16.942010330963786 0.9995106031351378 -0.009450986413962435 -0.02982149973961773 -0.7894163367014022
-0.011771025490964248 -0.9997901984853448 -0.016762319444169366 -0.013421891498851077 -0.028143737232760292 0.017088096953573835 -0.9994578629496729 -17.788357869783052 0.9995346691152505 -0.011292888997912882 -0.028338972462609587 -0.8133126794272193
-0.013803565528353627 -0.9998477623579899 -0.010670638016613169 -0.014039670936768153 -0.0272022825646864 0.011043207791335913 -0.999568923316458 -18.648444523254252 0.9995346159083337 -0.013507349963305004 -0.02735057326298229 -0.8399624901487815
-0.01286914751940401 -0.9999032509777296 -0.005280543475952415 -0.007841293438955843 -0.026175474095231483 0.005616049700410593 -0.9996415667658757 -19.562366082199134 0.9995746032443893 -0.012726314144672506 -0.026245211181006582 -0.8688132450022741
-0.012246694568121257 -0.9999169975710562 -0.003989423434782394 -0.007884931007856755 -0.02702875508482304 0.0043192994143558365 -0.9996252829963979 -20.464539261119267 0.9995596738158326 -0.012134277834988154 -0.027079412846234576 -0.8990656626518604
-0.013030852483918078 -0.9999041512275793 -0.0046683052758508215 0.004150766759504501 -0.027324650167523692 0.005023048419619907 -0.9996139548364439 -21.385537531452407 0.9995417641126053 -0.012898262692894399 -0.02738748293570183 -0.9247118628880789
-0.010607517171317186 -0.9999366563099527 -0.0037372781208035357 0.017057840741382335 -0.026752076943076623 0.004019932899915341 -0.999634005065294 -22.32553196431482 0.9995858424191193 -0.01050365558557159 -0.026793026928598158 -0.9558276756613486
-0.00826943717479976 -0.9999629910201527 -0.0023775380110402583 0.02753807133821537 -0.026871835225724325 0.0025989885685795983 -0.9996354932243314 -23.246604528364177 0.9996046969765425 -0.008202534023537525 -0.026892332393779837 -0.9945654038796725
-0.005211414784297583 -0.999985217571115 -0.0014972603596273403 0.0328254158311197 -0.026613278276068932 0.0016354463562006805 -0.9996444230754177 -24.212441163138486 0.9996323387243395 -0.005169714940867803 -0.026621407571903098 -1.0261900950216765
-0.003927022138966768 -0.9999917376092181 -0.0010791381792810842 0.05055623081653085 -0.028365952919513417 0.0011901028148568887 -0.9995968897193348 -25.183019161294485 0.99958991082476 -0.0038948287661552446 -0.028370392675890123 -1.0544591774097787
-0.00300569069106794 -0.9999945610158937 -0.0013319510279305455 0.06262481856652916 -0.028593926540397063 0.0014173606489526645 -0.999590075853783 -26.173891931531422 0.9995866186492617 -0.0029663731027209112 -0.028598026957884725 -1.0975710331082054
-0.0024832405067382367 -0.9999955827699009 -0.0015870779584039292 0.07510635972650738 -0.030206740417089782 0.001661363927128615 -0.9995423298297643 -27.152268614718515 0.9995406174238443 -0.0024341632915492236 -0.03021073342039038 -1.1335526922917236
-0.0008933741452828133 -0.9999962189591308 -0.0026071927930078793 0.09100756830087682 -0.029780432287390628 0.002632640289935188 -0.9995529309150523 -28.14296275573468 0.999556141987146 -0.0008153315681910522 -0.02978266814465238 -1.1763277878110072
1.8786260740371805e-05 -0.9999919813549284 -0.003989994123975238 0.10676143678068639 -0.02980668423349651 0.003987662041738031 -0.9995477718713396 -29.16659650954878 0.9995557072763375 0.00013770318409717444 -0.0298063683024784 -1.2147933404614761
-0.000697982394670664 -0.9999880189202145 -0.004830749224614662 0.11660025530489591 -0.02888149434923486 0.004848892441324775 -0.9995710415001837 -30.165134549599347 0.9995826583085693 -0.0005581643032547233 -0.028884534046654108 -1.2617760285977502
-0.0016892583728862678 -0.9999882813268716 -0.004524842330396303 0.12816202055211628 -0.029271183865467627 0.004572353431209369 -0.9995610136578895 -31.190991031535532 0.999570082641865 -0.0015560702884631315 -0.0292785700583231 -1.2803502681921686
-0.001395249098862266 -0.999991865733507 -0.0037728784456308386 0.13304373620701626 -0.029764197208552747 0.003812736104925753 -0.9995496942200554 -32.220835574721995 0.9995560651147873 -0.001282323659493225 -0.029769277006063483 -1.3239097820419699
-0.0015548944952720276 -0.9999889982800511 -0.004425942889963046 0.1447047144050008 -0.029886361141665978 0.004470440584584859 -0.9995433120717451 -33.26868246835976 0.9995521395210458 -0.0014219085096282115 -0.02989298208931283 -1.360109520003087
-0.0032536311852285746 -0.9999720252110054 -0.006727014445409254 0.1538502154072185 -0.029972766338461566 0.006821545559961625 -0.9995274695336772 -34.33533086674857 0.9995454629372954 -0.003050466468997976 -0.029994128374733045 -1.3865861922085603
-0.001502467164735303 -0.9999504362568553 -0.009843548792299404 0.16487330283571044 -0.030140014422987912 0.009884369436836139 -0.9994968316557977 -35.372758628650566 0.9995446081478156 -0.0012050258498338962 -0.030153370272100837 -1.4081247437305693
-0.0006521895320877966 -0.9999244508206276 -0.012273399486801492 0.17828442772313652 -0.029410949401773325 0.012287272428899812 -0.9994919002873763 -36.44071317188654 0.9995672107298746 -0.0002908857584501016 -0.029416744896812008 -1.4378917912721987
-0.0013278862513800196 -0.9999089409810428 -0.013423474462089177 0.1870277878973522 -0.03043803539805794 0.013457680873148388 -0.9994460764927708 -37.47239656315675 0.9995358495896743 -0.0009185671902842869 -0.030453132621768367 -1.4889125839380593
-0.0011859580602359976 -0.9999169138723454 -0.012829243871350825 0.19702062666354603 -0.03088289984737479 0.012859756006522121 -0.9994402739601803 -38.540989417815055 0.9995224039401615 -0.0007890907010144844 -0.03089558694628612 -1.536320169639533
-0.0007066933896540499 -0.9999155926742948 -0.012973520622404023 0.2016561054550873 -0.031328126639928275 0.012989293369708842 -0.9994247204379891 -39.608968574527665 0.9995089327277998 -0.00029985101878311424 -0.031334659980054795 -1.5738371921701462
-0.0017116531242945768 -0.9999038393183903 -0.013756902507744102 0.20528683952196514 -0.03199449415073012 0.013804637993581264 -0.9993927089561037 -40.69370494569823 0.9994866140380956 -0.0012704692897792871 -0.03201505396928668 -1.6181017473382036
-0.001469822419573323 -0.9998779175140835 -0.01555852870261027 0.2123230493253298 -0.03250454634204082 0.015598094045405944 -0.9993498242509214 -41.80576757610258 0.9994705495546753 -0.0009631439542906496 -0.03252350432583261 -1.6605396000831267
-0.0014156709831063723 -0.9998470294897991 -0.017434764416930947 0.2171600863420072 -0.03310353710866569 0.01747208324112537 -0.9992991997993854 -42.88443346327883 0.9994509570622826 -0.0008375271147869163 -0.033123213258018994 -1.7121671214321807
0.00012576047024573205 -0.9998398260754471 -0.01789344104997661 0.22607427443220177 -0.03373143306233931 0.017879017512539463 -0.9992709485131126 -43.96611372721075 0.9994309267208062 0.0007292383405549871 -0.03372378698278519 -1.752908050785903
0.001949055373419696 -0.9998923360871176 -0.014544024179066396 0.23281873097066702 -0.033244070894868395 0.014471224802007332 -0.999342489951373 -45.010804988625054 0.9994454431139567 0.002431274700290989 -0.03321228517542702 -1.7943851346615014
0.004569895822717747 -0.9999245078226919 -0.011404585610444634 0.24635098269584133 -0.03232287662096067 0.011251041442747259 -0.9994141792665576 -46.098081550042586 0.999467024682798 0.004935846340785616 -0.032269026265464996 -1.839704573033487
0.006216299281063282 -0.9999172405502623 -0.011258702837946513 0.25478671328671343 -0.03220227185439166 0.011052911188073737 -0.9994203159967681 -47.16346211520203 0.9994620257324992 0.006575245896218456 -0.03213090146913701 -1.8733665025851371
0.006367630897355078 -0.9998750275503666 -0.014470158668025694 0.2656772577651236 -0.032832544064088635 0.014253602053577001 -0.9993592617129262 -48.25109154268848 0.999440559305948 0.00683864591556156 -0.03273767985093207 -1.9062845359989469
0.00832896872456688 -0.9998375818783949 -0.015982433941581664 0.2718857396959454 -0.033089074397249514 0.015698663304252555 -0.9993290978693992 -49.343294767691354 0.9994177595472266 0.008852225041788557 -0.032952940028819426 -1.9699636206526725
0.00458721321328223 -0.999846354534172 -0.01691608366876033 0.2667289075669317 -0.03327563596029906 0.01675427175139242 -0.9993057431579947 -50.413976137999455 0.9994357433518734 0.005146921351104759 -0.03319366496467464 -2.0215300736559514
0.004033173540689258 -0.9998628391659712 -0.0160629872219175 0.2637201875187597 -0.03352606181924596 0.015918887799673986 -0.9993110029590772 -51.47924807682314 0.9994297593966547 0.004568921627372831 -0.03345725334036324 -2.055957549706733
0.004278848258963049 -0.9998829963414047 -0.014686465955639796 0.2776689996468253 -0.032956230488201656 0.014537621603390916 -0.9993510395015996 -52.55159354607928 0.9994477018042873 0.004760076803144671 -0.03289016706235397 -2.1053667472713284
0.005841944408924372 -0.9999008284136052 -0.012811935357012656 0.2846801095703676 -0.03277755250859145 0.0126137963560799 -0.9993830953386846 -53.646608803583 0.9994456909080186 0.006258287926236771 -0.03270060376500428 -2.144533883582738
0.004819018905461417 -0.9999262017290013 -0.01115212868580826 0.29728786527736184 -0.03160778861845187 0.010994374617266937 -0.9994398870597463 -54.720379402014515 0.9994888194535438 0.005168820445575725 -0.031552479522728355 -2.1851694242289206
0.0035712552606467583 -0.9999604722937497 -0.008132389982538705 0.30711200785119996 -0.03182864025805745 0.008014655631403174 -0.9994611659765347 -55.78984780491478 0.9994869861059656 0.0038281727484313164 -0.03179875889204993 -2.229451922642805
0.0026632983439203242 -0.9999791528722137 -0.00587234909470265 0.3262338183445429 -0.03194745491405568 0.005784287940799113 -0.9994728073661016 -56.88027764801868 0.9994860129394688 0.002849504589029151 -0.03193137828471943 -2.26716824921224
0.0006215359336989371 -0.9999711216758788 -0.00756773237797141 0.33843518349979107 -0.03129544666883994 0.007544576377936662 -0.9994816386928451 -57.95299177253718 0.999510056596468 0.0008580484358459047 -0.03128985331163559 -2.297366539664933
-0.00043608227814587956 -0.9999103511429729 -0.013380900862370839 0.353062637298816 -0.03171020380309754 0.013388000382997627 -0.9994073942437766 -59.07310931087972 0.9994970414271758 -1.1512700855899338e-05 -0.03171319810485175 -2.3412909446643497
-0.0022000372426444047 -0.9998182733734188 -0.018932950630278986 0.3530733805519919 -0.03278554118248674 0.018994934800978792 -0.9992818948926155 -60.16218054754591 0.9994600719211935 -0.0015777308143197794 -0.03282137655833438 -2.38546837912665
-0.003459711426871852 -0.9998045548436213 -0.01946164759195186 0.35947422399803397 -0.03237825958387077 0.01956355872632682 -0.9992841531119718 -61.249744253070325 0.9994696916180652 -0.0028271005462607406 -0.03243961029945496 -2.4199813390569176
-0.006391809304356828 -0.9998493386040133 -0.016137574777430757 0.35818537978261505 -0.03113775132667059 0.016329082861960397 -0.9993817280489945 -62.314289866536186 0.9994946709412077 -0.005885370109341718 -0.031237426557603566 -2.445374204010428
-0.008402418164573421 -0.999851057917849 -0.015072806315241492 0.35984625724842123 -0.030570032639394295 0.015323134858713137 -0.9994152012689923 -63.384373841497535 0.999497373659732 -0.007936727584452453 -0.030694228894139714 -2.4786037752637657
-0.006263892603262461 -0.9999128262509418 -0.011623724788382762 0.37162092529187285 -0.030882668987171596 0.011811844284285744 -0.9994531701838896 -64.47792709444427 0.9995033716846515 -0.005901495717347743 -0.03095396268102328 -2.5297036704663642
-0.007849432418390296 -0.9999434313550432 -0.007171509409377369 0.3814989568775794 -0.031047933379287566 0.0074119821286017995 -0.9994904119374541 -65.52837146513549 0.9994871111660719 -0.007622772149714081 -0.031104353710211502 -2.5691908051473966
-0.0052965432944331765 -0.9999647980217404 -0.006501234649436451 0.39127944018373656 -0.03027615435652691 0.006658703122915931 -0.999519365449455 -66.60860107261743 0.9995276013415278 -0.005097165772988417 -0.03031035182848275 -2.6066283055403185
-0.0014953427266629444 -0.9999499334342759 -0.009891776482920427 0.4002046072587496 -0.028861038306345517 0.009930821877303285 -0.9995340773514079 -67.71725068125693 0.9995823674967808 -0.001209159095128946 -0.028874447150640338 -2.661038026366769
-0.0007318580840449092 -0.9999308420810687 -0.011734335673554898 0.4166822158423373 -0.029151246987846154 0.011750684415711105 -0.9995059180960859 -68.80208544594808 0.9995748152258968 -0.0003894246497536547 -0.0291578273316662 -2.7117282081755207
-0.001219993095586301 -0.9999251801070325 -0.012170866697875088 0.41801213454275415 -0.02892028499768135 0.012201064268334146 -0.9995072480853588 -69.91020474662098 0.9995810261617549 -0.0008674065543550248 -0.02893300317274785 -2.740644529277818
-0.002017715756396637 -0.9999100765561292 -0.013251358301071114 0.43341375507902863 -0.0288518446429081 0.01330407783585859 -0.9994951974378602 -70.98816498422761 0.9995816484968643 -0.0016343707166727945 -0.02887609407946195 -2.780528728872346
-0.0029184095107394805 -0.9998883636828129 -0.014655409384749914 0.4441002604840083 -0.029090899492790086 0.014734159462499744 -0.9994681775260502 -72.07755321442038 0.9995725122341889 -0.002490517717352799 -0.02913064911276026 -2.8279205225702757
-0.003614685889914514 -0.9998595881220433 -0.016365161507797474 0.4507737990142162 -0.029503603068022893 0.016464776609414315 -0.9994290324272319 -73.17327936744275 0.9995581732081485 -0.0031297908480892554 -0.029558966719499796 -2.8592976096669087
-0.0049997294215507505 -0.9998288014991106 -0.017814961410206474 0.453437581786892 -0.029304074112935376 0.017954024057704743 -0.9994092331709615 -74.26676048768832 0.9995580744507273 -0.004474725529823584 -0.029388821636153997 -2.894104518641778
-0.005457079234158122 -0.9998342963321745 -0.017367511034177125 0.4631058298767632 -0.029781772792147616 0.017522565456875305 -0.9994027988419746 -75.36492265323744 0.9995416064578049 -0.004936585165479275 -0.029872459222717182 -2.9319956836790197
-0.006627491168792201 -0.9998799906880628 -0.014001681499380081 0.4693277028871883 -0.030527979452774346 0.01419777079368895 -0.9994331237954891 -76.43321528607035 0.999511983384118 -0.006196290482934798 -0.030618413324896742 -2.9728482691975295
-0.006431664669168511 -0.999903399570253 -0.012317893306634284 0.4810915259349139 -0.03189091594629497 0.012516982028165403 -0.999413007605376 -77.48789469416462 0.9994707406919366 -0.0060350612226944605 -0.03196834135899689 -3.0225708896391286
-0.004156770866538206 -0.9998956888369535 -0.013833427776039797 0.49478315407498463 -0.033287992833903005 0.013964239014323693 -0.9993482738994205 -78.56145784371277 0.999437164077174 -0.0036935741091344357 -0.03334256804778549 -3.0655248972394524
-0.001210185193635388 -0.9998359204404692 -0.01807139692212538 0.5070242496380628 -0.033553632780723305 0.018101834832004882 -0.9992729181662691 -79.65911335440794 0.9994362814098285 -0.000602944578100912 -0.03357002463836949 -3.115455441823664
-0.00037176201594122955 -0.9997686954825723 -0.0215038870326203 0.5006078264215427 -0.033712578384407256 0.021504195727221797 -0.9992001767515719 -80.73499243662566 0.9994315778718875 0.00035348723286257773 -0.033712770711280565 -3.1682050158441974
-0.0014302160556345402 -0.9997542321681884 -0.022122438131037595 0.5005465548219856 -0.03492261610874357 0.022158901114565407 -0.9991443528663373 -81.78518766790003 0.9993890254650393 -0.0006564191643700038 -0.03494571805893087 -3.2212162385445025
-0.0023816813053187703 -0.9997785743786421 -0.020906864810945246 0.4962112964928669 -0.034549160898016004 0.020976710397514725 -0.9991827556214081 -82.8247355818041 0.9994001454034757 -0.001657419847699129 -0.03459147109219596 -3.259249139181489
-0.0021095957780735645 -0.9997903114165975 -0.020367692261242017 0.503817386462247 -0.03551767398007016 0.020429799166460507 -0.9991601696782182 -83.86956702508375 0.999366837377764 -0.0013844103547180995 -0.035553325388386944 -3.298238406823426
-0.0009779253829828019 -0.9997906672046524 -0.020436795885188208 0.5138550790341013 -0.035429110763288585 0.020458616017042082 -0.9991627235578889 -84.9313715105745 0.9993717199890101 -0.00025304888980973335 -0.035441699634059284 -3.346058559400639
-0.0021949747301371917 -0.9997907278068466 -0.020334902500887375 0.5140460615386149 -0.03692411957688147 0.020402114521688 -0.9991097804522879 -85.9475432883832 0.9993157392674457 -0.0014421727306951522 -0.0369611727915508 -3.3909046064586708
-0.0032158241425604382 -0.9997541004007364 -0.021938734668208507 0.5144222913595069 -0.037576075074102114 0.022044163825624075 -0.9990506088001851 -86.94670916085032 0.999288627710908 -0.00238839959519637 -0.037637730683063635 -3.440115496673476
-0.0035903837195085395 -0.9996836357574663 -0.024891265408009164 0.5204741304009645 -0.03730784154312538 0.025008006458409338 -0.9989908087116495 -87.94798285597105 0.9992973794512287 -0.0026581206379167324 -0.037385835738900794 -3.481255251306984
-0.004173957896551121 -0.9996533622020145 -0.025995867336287948 0.5241804646567743 -0.03923807172644513 0.026139796139266612 -0.9988879466856523 -88.91051635018545 0.9992211805949477 -0.003149288651307771 -0.03933356724271549 -3.5238999033306246
-0.005668052240283265 -0.9996406707236279 -0.026198337184889144 0.5197139183273954 -0.04121379644525653 0.02641002389324273 -0.9988012237993805 -89.86294119140881 0.9991342873677448 -0.004581523956941003 -0.041348679652959464 -3.5726160652120345
-0.00614667769392587 -0.9996432306309754 -0.0259933187982086 0.5264607638736954 -0.0440949109651734 0.026239476816286238 -0.9986826613889145 -90.79224066193323 0.9990084416755864 -0.004992407189176391 -0.044240465122360365 -3.607573333360904
-0.006455216824293019 -0.9996585063723605 -0.02531948230468837 0.524849893788815 -0.04739670232116742 0.02559742003935131 -0.9985481100409018 -91.7037413037222 0.998855325200506 -0.005245784640022045 -0.0475457502150583 -3.6612359576639526
-0.00720295847547563 -0.9996540916288488 -0.025291597819711253 0.5289734075698754 -0.05008240177355153 0.025621152355962535 -0.9984163360798202 -92.60312086880383 0.998719135952226 -0.005924888113238413 -0.0502496278804869 -3.7204867136612476
-0.006307534706588049 -0.999629629533849 -0.026470368199328347 0.5289406491572308 -0.05343976958607062 0.026770030914386678 -0.9982121860518357 -93.45036648513339 0.9985511964038979 -0.00488168758144808 -0.05358882820779862 -3.7701869814713738
-0.0060070212767908415 -0.9996152323612278 -0.027076297071647736 0.5258972004648071 -0.05611005248990586 0.027371066674701742 -0.9980493407271415 -94.28898459451861 0.9984065839411372 -0.0044760521715443815 -0.05625288339791089 -3.8323364041198427
-0.006582490049733891 -0.9995853422409903 -0.028031531416469253 0.5205584464583952 -0.059834488178304515 0.02837562897993938 -0.9978048588986941 -95.09699527707164 0.998186629863547 -0.0048907886175684635 -0.05999645593020549 -3.89128485090938
-0.0043443202958616195 -0.9995680210368612 -0.029064917459520105 0.523391248138803 -0.06205462223304031 0.02927864920809088 -0.997643155654524 -95.88504964336272 0.9980633442376114 -0.0025304697030197705 -0.06215501591222926 -3.9478000568365155
-0.0024195884947287045 -0.9995496536578754 -0.029909338797690536 0.5275192084002932 -0.06515964833638922 0.03000345435931986 -0.9974237068636261 -96.65522682431086 0.9978719837391908 -0.00046447299665159335 -0.06520289586459115 -4.009894184918511
-0.0016699807612100461 -0.9995869093336398 -0.028691127961181288 0.5255458049104218 -0.06733274278138826 0.0287384525784792 -0.9973166232963631 -97.37275155519691 0.9977292219471997 0.00026635349618834084 -0.06735292781726916 -4.064733179553588
-2.6087032654975237e-05 -0.9996724061015453 -0.025595090971793483 0.5286156398861022 -0.07018924833257863 0.0255337896223919 -0.9972068216548319 -98.07336963442646 0.9975337226088548 0.0017704917542659022 -0.07016692258973693 -4.119109712316618
0.002951033551800703 -0.9997443798086908 -0.02241295175503392 0.5328677103609782 -0.07147271114605595 0.02214486287428665 -0.9971966572997583 -98.73638232799331 0.9974382613643031 0.0045446684022570774 -0.07138907942608735 -4.170068724230056
0.004348384353277997 -0.9997882286400065 -0.02011220385734139 0.5306732991151493 -0.07348385198512018 0.01973854205062875 -0.9971010599358486 -99.380599300115 0.9972869658189468 0.005813701245715407 -0.07338245140390676 -4.224190313793052
0.007047339390042309 -0.9997829014719499 -0.019606779552859104 0.5417463466772059 -0.07511187106230843 0.0190226252607473 -0.9969936698398836 -99.98181937342447 0.997150231384552 0.008498848760430073 -0.07496150865078961 -4.286723159777132
0.008923430366133819 -0.9997733721284431 -0.019327528327460833 0.5485434699835999 -0.07547600235842156 0.01859975505067876 -0.9969741715384691 -100.56493013790764 0.9971077222642559 0.010355195043611713 -0.07529292041681258 -4.35142512549257
0.012108789376967365 -0.9997163079659867 -0.0205098598835269 0.5543492299435657 -0.0733068821847884 0.019568632230969094 -0.9971174559159117 -101.1427293755174 0.9972359415449473 0.013577409529626426 -0.07304912960793647 -4.403967604877104
0.014370864358497519 -0.9996647109956731 -0.021538360108594737 0.5563012665770033 -0.06873387911497374 0.020501992889101386 -0.9974243277173913 -101.68408410089755 0.9975315885361518 0.015814268973350712 -0.0684161942475989 -4.449156200826734
0.015941916090163183 -0.9995973994666119 -0.023470150420741666 0.5575224389240391 -0.061338175757572284 0.022451220747612098 -0.9978644259055125 -102.18731016551 0.9979898269420386 0.01734748217733603 -0.060955564837775277 -4.4903180822752295
0.015610080339069344 -0.9995560800371461 -0.02537395098764978 0.5558235533146115 -0.05255775541652021 0.024521694917528085 -0.9983167299077531 -102.6874796502963 0.9984958687523343 0.016917406506255662 -0.05215164225659742 -4.519092543881
0.016298303737306948 -0.9995142078633693 -0.02656604942413822 0.5582442790524224 -0.04030600422905297 0.025891206673101394 -0.9988518320925098 -103.16677733600206 0.9990545048658993 0.017350365315311582 -0.03986443041040833 -4.525755659049387
0.016135037584011806 -0.9994916379537211 -0.027497285660957205 0.5628922045520495 -0.026654487475615996 0.02706112633632881 -0.9992782890763011 -103.59618637745167 0.9995145959925389 0.016856325784826542 -0.02620430392034061 -4.528163472643391
0.015745305006799798 -0.9994999736186192 -0.027419873467329173 0.5686304018784067 -0.011250410642425839 0.027244440216038522 -0.9995654312470872 -104.03705960383053 0.9998128133494284 0.016046940367497948 -0.010815811222838312 -4.523858575505536
0.015328939355768114 -0.9995624977219649 -0.025293113544609683 0.574195947324713 0.0064995873819346925 0.025395166612898607 -0.99965638750625 -104.44824925194952 0.9998613806304971 0.015159279259076742 0.006886024031333281 -4.510709505550423
0.01470012252276356 -0.9996583126570902 -0.02161203523230497 0.573483205611478 0.027261570258583088 0.022007034266176905 -0.999386017280433 -104.85037785560533 0.9995202818124057 0.014101920914732799 0.027575754211059542 -4.494076783208687
0.01235368046406637 -0.9997766926385867 -0.01714079906953174 0.5771473539375599 0.05157332867494947 0.017756366114179585 -0.9985113888383303 -105.26566078761668 0.998592844874685 0.011451289345621007 0.051781172421754056 -4.46469288441146
0.010322247631714255 -0.9998402483712032 -0.014591444833531739 0.5797394750722044 0.07777485521977219 0.015350785764383687 -0.9968527322529321 -105.65849787295677 0.9969175643191298 0.009154915061518101 0.07792088460390205 -4.4246162543484155
0.00870054535130019 -0.9998742063602108 -0.013256854038017043 0.584199864322666 0.10801491641779386 0.014119525832830621 -0.9940489971938391 -106.05517548395531 0.9941112510419117 0.007216830037298805 0.10812418781586917 -4.3508376214605216
0.006863302744242784 -0.9999081844826656 -0.011684009138498028 0.5933960811161243 0.14072794714084993 0.012533816085396103 -0.98996897615961 -106.41822811596026 0.9900245257821492 0.005150196201322406 0.14080103217036108 -4.268328290935566
0.0037138356048147785 -0.9999338973684171 -0.010883034642462796 0.591378545716871 0.1776377345576873 0.011369704710411353 -0.9840301991811911 -106.7956539613918 0.984089020764208 0.0017212873284628751 0.17766825268477385 -4.164165581755425
0.0009380437608769963 -0.9999496695057458 -0.009984767776204046 0.6013581655731344 0.2155967415559903 0.009952183707999135 -0.9764317496543186 -107.1499007446948 0.9764821260168649 -0.001236747716841272 0.21559520253112385 -4.049351186454705
-0.0005641069211496791 -0.9999594644890266 -0.008977631899987678 0.6153507671974676 0.25587091172500137 0.008534442662749879 -0.9666733208015467 -107.51601876657301 0.9667108804548933 -0.002842422552922364 0.25585577225839984 -3.9073252107662446
-0.0007552420899060771 -0.9999677731606672 -0.007991307022281253 0.6240806468266316 0.2973089436863283 0.007405419398247209 -0.9547526249972981 -107.83573085305835 0.9547810541882622 -0.0030969566989509385 0.2972937876916588 -3.7667020540926104
0.0022970740905205404 -0.999969955630658 -0.007393222911089767 0.6282961007201645 0.3414573470054569 0.007733218680773243 -0.9398654206745513 -108.1757173973014 0.9398945165408724 -0.00036552723248150197 0.3414648882287062 -3.6219808221991516
0.0023358432283061663 -0.9999628753112654 -0.008287577845176121 0.6328804832795238 0.3857825943373355 0.008547150497385164 -0.9225500597918274 -108.51710674239266 0.9225867707885169 -0.0010422681775767249 0.38578826127430865 -3.4554408337785265
0.00294332403058321 -0.9999511074329699 -0.00943172624893265 0.6337283631506372 0.42975330288282587 0.00978122234316162 -0.9028933765293015 -108.80841317077511 0.9029415906816026 -0.001395807440437883 0.42976106632625516 -3.2797326291914217
0.0011801945767978047 -0.999958203927655 -0.00906156109865433 0.6353022945759659 0.47450899417607345 0.008536439168573013 -0.8802092540465285 -109.1108330813361 0.8802498383879538 -0.0032609737633823325 0.4744992872546292 -3.0663344103610894
0.00040409540048066094 -0.9999715864205986 -0.007524506584791092 0.6407458207569025 0.5179390684725074 0.006645885539618285 -0.8553917305706841 -109.36897214300915 0.8554175130458794 -0.0035515757671553995 0.5179270120599011 -2.8606015766513866
0.0010164861240796394 -0.9999878941774296 -0.004816390230646396 0.6553537498802011 0.560464402809297 0.0045585291270465195 -0.8281659224934359 -109.6513044413418 0.8281778994173209 -0.0018575929235459358 0.5604622857488738 -2.607773254551108
0.003182039923830241 -0.9999943483302018 -0.0010294554345702412 0.6658686170520727 0.602427351763078 0.0027386382121848693 -0.7981690410644143 -109.88209313971934 0.7981673840437353 0.001919641505122473 0.602432742863985 -2.380017867015965
0.007047059026708994 -0.9999710099261718 0.0028864382627236257 0.6697179071278463 0.6442127912669458 0.002332201637039098 -0.764842708150809 -110.14038536667681 0.7648137985592246 0.007249367549456497 0.644210498336252 -2.125920942034968
0.010280574202980312 -0.9999302709133276 0.005804994823973413 0.6642077389359073 0.6847687111299682 0.0028095908332061515 -0.7287549472272029 -110.36916550151527 0.7286879785182787 0.011467102320081909 0.6847499649638137 -1.8656721478009248
0.009849049110772442 -0.9999199967003749 0.007942485506516248 0.6728986444579806 0.724255011035638 0.0016567720318035285 -0.6895302560332889 -110.56320586336606 0.6894619116987231 0.012543603555690654 0.724213338857424 -1.5954689565889058
0.007564493498486691 -0.9999446250517572 0.0073104256762097945 0.6919643440086707 0.7612324272857083 0.001017734301778607 -0.6484783715190349 -110.74949806593081 0.6484350398671656 0.010470345291744777 0.7611979531997345 -1.2651820864423
0.007050100251955738 -0.9999611564630037 0.005284076546338742 0.6898464711693529 0.7959971633240753 0.0024135255980367518 -0.6052955468141069 -110.93670850986024 0.6052593933253003 0.008473501980021027 0.7959833271500075 -0.9456038244193565
0.007479994508917632 -0.9999665199137735 0.003288903617944299 0.7077398937394908 0.8289824604054375 0.004361584584572007 -0.5592576115897043 -111.13703446864089 0.5592246127893943 0.0069096821233764275 0.8289873729065104 -0.5897186352756734
0.007339561657551544 -0.9999723796475171 0.0011554436237086662 0.7023139707132798 0.8590682604398906 0.005713950725698306 -0.5118291853028091 -111.27827925869943 0.5118084896248517 0.004749208821889556 0.8590864706167503 -0.278587207426171
0.0057286709513270275 -0.9999783678946066 -0.003222592671053913 0.7272384727166332 0.8872251852780337 0.006569311050242853 -0.4612897434179889 -111.42980358666648 0.46130103093491065 -0.00021658991496806973 0.8872436979984301 0.11206176856565775
0.008239250149447434 -0.9999583719202172 -0.0039054108389305533 0.7301441067362975 0.9122679256714505 0.009116017796049317 -0.4094925696545233 -111.55333035969453 0.40951110600195023 -0.00018887023436901622 0.9123051350545033 0.4743781875825291
0.011896324282249102 -0.9999288784208015 -0.0007371280318586998 0.7320355660880771 0.9334470774659448 0.011369681666756599 -0.35853490058209164 -111.64553676583239 0.3585177853666621 0.003577177995005759 0.9335160740509943 0.8325297821676323
0.015456889612620265 -0.9998733858289865 0.003774407204267644 0.7384222144998522 0.9511400877980227 0.013539112466392583 -0.30846264356285924 -111.76828615416676 0.30837252259752396 0.008357867373174743 0.9512289079209871 1.2342731603081079
0.014941489909295572 -0.9998648085905331 0.0068566826904329 0.746211558420321 0.9650008959872676 0.012624201680287531 -0.2619427824929372 -111.85368817250894 0.2618207810909927 0.01053051460845295 0.965059048410417 1.635818465324822
0.0090111983065113 -0.9999229309388193 0.00854082413363592 0.7607966366461052 0.9755890898479905 0.006917086412347097 -0.219495342694259 -111.9047973603234 0.21941931902034614 0.010310251013067427 0.9755762072811416 2.0858226678495035
0.0017284219411163263 -0.9999473543285664 0.010109761070077848 0.7677903138860251 0.9828685538954711 -0.00016451128214571998 -0.184308221312296 -111.92692138724287 0.18430024530534367 0.0102551222119904 0.9828165473410294 2.4940807681303268
-0.0014241181097480815 -0.9999321028449442 0.011559683411256946 0.7838389135553357 0.9882329842171564 -0.0031753225650909458 -0.15292330107449303 -111.99871882095356 0.15294959357549479 0.011205884126574795 0.9881704946748391 2.950671018177932
0.0005753047056144631 -0.9999475399813638 0.01022187294239128 0.7983499018224332 0.992082691034466 -0.0007130028071598033 -0.1255849699587819 -112.03539661788082 0.1255856295446438 0.010213191246136948 0.9920302489015456 3.411278453422886
0.00525062892202518 -0.9999634791684345 0.006741884047346369 0.8071477594436254 0.9949222388774777 0.00454627526043179 -0.1005440484999608 -112.06549699947627 0.1005097271770204 0.0072355705966137135 0.994909759817543 3.8862501294433516
0.008556783327125199 -0.999956161669523 0.00380625717482563 0.8155936674137262 0.9970573943010753 0.008241874274932628 -0.07621427293978454 -112.09409288406164 0.0761795699061068 0.004447206982334372 0.9970842313979423 4.398599708653915
0.005925860917355381 -0.999981526295161 0.0013463558190820813 0.8251292988411796 0.9984786701871909 0.005843133061946149 -0.05482903258299841 -112.11306743152747 0.054820153805750234 0.0016692191447497144 0.9984948390206985 4.9164777060920395
0.0003197136332007879 -0.9999978986311248 0.0020325321433237228 0.8369984381625012 0.9993712888741659 0.0002474502271929673 -0.035454374771912406 -112.10773516888057 0.03545380319771406 0.0020425891545684796 0.9993692137896063 5.461430823333798
-0.004540125241821603 -0.999984255874373 0.0032842602625415985 0.8437023729870258 0.9998519979580233 -0.004593975087474475 -0.01657858600201612 -112.09642644264119 0.016593413410779363 0.003208511820980459 0.9998571353292961 6.029976491758798
-0.007519610004871115 -0.9999412396570188 0.007800475497334075 0.8538066778839668 0.9999715668264971 -0.007524585777892286 -0.0006084446472622197 -112.07752815955104 0.0006671054792001445 0.007795670947895935 0.9999694137827634 6.5925674801355285
-0.00430984190442467 -0.99991585749036 0.01223227718117426 0.8623355679323184 0.9999288373768542 -0.0041731684699315204 0.011176895277314896 -112.08727354370255 -0.011124906705788789 0.012279574303600053 0.9998627303743561 7.188548796745407
-0.004258220382290991 -0.9999172565598314 0.012137594984666978 0.8713245977729817 0.9998464644224176 -0.00405093297536647 0.01705199109972652 -112.07080182240512 -0.01700141241655169 0.012208338366192775 0.9997809463576576 7.793051652079743
-0.009828539102350948 -0.9999100985084604 0.009121803897635113 0.8836861535318971 0.9997680948765061 -0.009651536646586531 0.019249680754416576 -112.05419001331609 -0.019159914416346305 0.00930888612332824 0.9997731407489376 8.424590820871233
-0.012049235301604212 -0.9998960059121774 0.007922867684472071 0.8929585794957244 0.9997213470076152 -0.011885533197102314 0.020395168594451025 -112.04935953928151 -0.020298887902970443 0.008166413103457844 0.9997606184987066 9.08801935062498
-0.009932657470442197 -0.9999215588750489 0.007629385003651482 0.9119782455119849 0.9997857648363438 -0.009792188160789866 0.018233425592891733 -112.04542194590493 -0.018157280371820975 0.007808852052541901 0.9998046296312321 9.756238979840079
-0.007534388388085939 -0.9999349827509364 0.008557159831226784 0.933851202012702 0.9998157020508703 -0.007381831322054061 0.017721901914553806 -112.04219310886998 -0.01765757674872394 0.008689114243542111 0.9998063617101399 10.43427290228691
-0.008865651475797813 -0.9999223500467435 0.00875835361457468 0.9457465091645184 0.9998416220544811 -0.00872905535062745 0.015513262473151216 -112.03222807705296 -0.01543559987176576 0.008894501918186436 0.9998412418264253 11.12763803282863
