0.000000e+00 -1.000000e+00 0.000000e+00 0.000000e+00 0.000000e+00 0.000000e+00 -1.000000e+00 0.000000e+00 1.000000e+00 0.000000e+00 0.000000e+00 0.000000e+00
3.184571e-03 -9.999943e-01 -1.149889e-03 7.973568e-03 4.883354e-04 1.151450e-03 -9.999992e-01 2.334502e-03 9.999948e-01 3.184007e-03 4.919994e-04 3.934461e-01
4.348161e-03 -9.999903e-01 -6.398679e-04 -6.526362e-03 6.035515e-04 6.424982e-04 -9.999996e-01 -2.214964e-02 9.999903e-01 4.347773e-03 6.063393e-04 1.698506e+00
6.044703e-03 -9.999816e-01 -5.149673e-04 -1.292056e-02 5.819842e-04 5.184946e-04 -9.999997e-01 -3.926655e-02 9.999816e-01 6.044401e-03 5.851076e-04 2.819741e+00
5.915979e-03 -9.999825e-01 2.396467e-04 -2.215822e-02 5.879676e-04 -2.361723e-04 -9.999998e-01 -6.053502e-02 9.999824e-01 5.916119e-03 5.865601e-04 4.526713e+00
5.440297e-03 -9.999852e-01 1.938686e-04 -2.902908e-02 3.641544e-04 -1.918903e-04 -9.999999e-01 -8.293366e-02 9.999852e-01 5.440367e-03 3.631051e-04 5.851996e+00
6.467861e-03 -9.999791e-01 7.104166e-05 -1.925509e-02 1.706786e-04 -6.993919e-05 -1.000000e+00 -9.950206e-02 9.999791e-01 6.467873e-03 1.702227e-04 7.051946e+00
6.229368e-03 -9.999806e-01 -8.860530e-05 -2.397588e-02 1.431069e-03 9.752176e-05 -9.999990e-01 -1.210787e-01 9.999796e-01 6.229234e-03 1.431648e-03 8.268446e+00
5.446739e-03 -9.999851e-01 -3.437087e-04 -1.533410e-02 1.897123e-03 3.540465e-04 -9.999982e-01 -1.338510e-01 9.999834e-01 5.446076e-03 1.899023e-03 9.461832e+00
2.917799e-03 -9.999944e-01 1.632771e-03 -2.105190e-02 1.878771e-03 -1.627293e-03 -9.999969e-01 -1.519243e-01 9.999940e-01 2.920858e-03 1.874012e-03 1.066962e+01
1.462527e-03 -9.999981e-01 1.295366e-03 -2.098409e-02 1.623064e-03 -1.292991e-03 -9.999979e-01 -1.664624e-01 9.999976e-01 1.464627e-03 1.621170e-03 1.185069e+01
-2.498936e-04 -9.999997e-01 7.050288e-04 -3.074927e-02 1.246544e-03 -7.053397e-04 -9.999990e-01 -1.853373e-01 9.999992e-01 -2.490145e-04 1.246720e-03 1.304770e+01
-1.888980e-03 -9.999982e-01 3.778505e-04 -3.914498e-02 1.507561e-03 -3.806985e-04 -9.999988e-01 -1.991605e-01 9.999971e-01 -1.888408e-03 1.508277e-03 1.424874e+01
-2.278585e-03 -9.999973e-01 4.909344e-04 -4.448492e-02 1.267584e-03 -4.938236e-04 -9.999990e-01 -2.149121e-01 9.999966e-01 -2.277961e-03 1.268706e-03 1.544811e+01
-1.568026e-03 -9.999987e-01 -3.604562e-04 -3.765600e-02 1.356620e-03 3.583291e-04 -9.999990e-01 -2.318806e-01 9.999979e-01 -1.568514e-03 1.356056e-03 1.663308e+01
-2.260291e-03 -9.999974e-01 -3.591616e-05 -3.886966e-02 1.873122e-03 3.168238e-05 -9.999983e-01 -2.432577e-01 9.999957e-01 -2.260355e-03 1.873046e-03 1.781513e+01
-2.698413e-03 -9.999952e-01 1.484748e-03 -4.979880e-02 1.957464e-03 -1.490033e-03 -9.999970e-01 -2.609288e-01 9.999945e-01 -2.695499e-03 1.961476e-03 1.903403e+01
-3.911720e-03 -9.999917e-01 1.188793e-03 -5.712520e-02 1.125911e-03 -1.193206e-03 -9.999986e-01 -2.744395e-01 9.999917e-01 -3.910376e-03 1.130569e-03 2.023900e+01
-4.889995e-03 -9.999879e-01 4.865737e-04 -6.638436e-02 1.240924e-03 -4.926473e-04 -9.999991e-01 -2.924069e-01 9.999872e-01 -4.889387e-03 1.243318e-03 2.144763e+01
-4.810393e-03 -9.999883e-01 6.030226e-04 -8.668996e-02 1.049296e-03 -6.080769e-04 -9.999993e-01 -3.081567e-01 9.999879e-01 -4.809757e-03 1.052208e-03 2.264096e+01
-6.123151e-03 -9.999812e-01 3.012071e-04 -9.613892e-02 1.103820e-03 -3.079715e-04 -9.999993e-01 -3.223542e-01 9.999806e-01 -6.122814e-03 1.105685e-03 2.383276e+01
-6.729177e-03 -9.999774e-01 -2.410314e-04 -1.100034e-01 1.576699e-03 2.304265e-04 -9.999987e-01 -3.356894e-01 9.999761e-01 -6.729548e-03 1.575112e-03 2.503886e+01
-7.290066e-03 -9.999732e-01 5.940658e-04 -1.134426e-01 3.297038e-03 -6.181145e-04 -9.999944e-01 -3.511908e-01 9.999680e-01 -7.288066e-03 3.301455e-03 2.624160e+01
-8.293054e-03 -9.999650e-01 1.132462e-03 -1.310360e-01 3.670297e-03 -1.162932e-03 -9.999926e-01 -3.664162e-01 9.999589e-01 -8.288836e-03 3.679812e-03 2.745736e+01
-7.910093e-03 -9.999645e-01 2.887517e-03 -1.560200e-01 2.851135e-03 -2.910149e-03 -9.999917e-01 -3.766512e-01 9.999647e-01 -7.901794e-03 2.874054e-03 2.864998e+01
-8.951865e-03 -9.999549e-01 3.160304e-03 -1.634472e-01 2.387543e-03 -3.181795e-03 -9.999921e-01 -3.910811e-01 9.999571e-01 -8.944249e-03 2.415919e-03 2.982978e+01
-9.845721e-03 -9.999500e-01 1.745158e-03 -1.776008e-01 2.176838e-03 -1.766672e-03 -9.999961e-01 -4.063501e-01 9.999492e-01 -9.841883e-03 2.194123e-03 3.102708e+01
-1.146261e-02 -9.999318e-01 2.228754e-03 -2.005619e-01 2.577085e-03 -2.258435e-03 -9.999942e-01 -4.212250e-01 9.999310e-01 -1.145680e-02 2.602796e-03 3.222615e+01
-1.201771e-02 -9.999239e-01 2.777516e-03 -2.168935e-01 2.985775e-03 -2.813589e-03 -9.999916e-01 -4.313372e-01 9.999233e-01 -1.200931e-02 3.019361e-03 3.343384e+01
-1.204739e-02 -9.999205e-01 3.717561e-03 -2.376844e-01 3.138162e-03 -3.755622e-03 -9.999880e-01 -4.466398e-01 9.999225e-01 -1.203558e-02 3.183158e-03 3.465336e+01
-1.333996e-02 -9.999039e-01 3.786755e-03 -2.583748e-01 3.136468e-03 -3.828917e-03 -9.999877e-01 -4.583303e-01 9.999061e-01 -1.332792e-02 3.187244e-03 3.584840e+01
-1.319288e-02 -9.999032e-01 4.424271e-03 -2.814671e-01 3.505789e-03 -4.470884e-03 -9.999838e-01 -4.720799e-01 9.999068e-01 -1.317716e-02 3.564433e-03 3.708031e+01
-1.336735e-02 -9.999037e-01 3.719762e-03 -3.058768e-01 4.645138e-03 -3.782152e-03 -9.999821e-01 -4.868871e-01 9.998999e-01 -1.334983e-02 4.695248e-03 3.827148e+01
-1.357856e-02 -9.999033e-01 2.994062e-03 -3.291416e-01 5.432567e-03 -3.068066e-03 -9.999805e-01 -4.968342e-01 9.998931e-01 -1.356203e-02 5.473702e-03 3.947559e+01
-1.299358e-02 -9.999131e-01 2.234316e-03 -3.409267e-01 5.363611e-03 -2.304171e-03 -9.999830e-01 -5.074700e-01 9.999012e-01 -1.298138e-02 5.393084e-03 4.065549e+01
-1.300876e-02 -9.999143e-01 1.482217e-03 -3.582516e-01 5.698033e-03 -1.556449e-03 -9.999825e-01 -5.202904e-01 9.998991e-01 -1.300009e-02 5.717793e-03 4.184680e+01
-1.176761e-02 -9.999306e-01 -6.356264e-04 -3.706918e-01 7.605896e-03 5.461426e-04 -9.999709e-01 -5.260916e-01 9.999018e-01 -1.177210e-02 7.598941e-03 4.303801e+01
-1.042066e-02 -9.999443e-01 -1.684541e-03 -3.930051e-01 1.053079e-02 1.574795e-03 -9.999433e-01 -5.365795e-01 9.998903e-01 -1.043781e-02 1.051380e-02 4.424628e+01
-9.018128e-03 -9.999570e-01 -2.136680e-03 -4.099699e-01 1.255539e-02 2.023368e-03 -9.999191e-01 -5.361798e-01 9.998805e-01 -9.044225e-03 1.253660e-02 4.546324e+01
-7.143215e-03 -9.999725e-01 -1.970301e-03 -4.279766e-01 1.508944e-02 1.862337e-03 -9.998844e-01 -5.343233e-01 9.998606e-01 -7.172120e-03 1.507572e-02 4.669006e+01
-6.210214e-03 -9.999806e-01 -4.970848e-04 -4.328116e-01 1.645598e-02 3.948299e-04 -9.998645e-01 -5.348658e-01 9.998453e-01 -6.217552e-03 1.645321e-02 4.788773e+01
-4.993496e-03 -9.999875e-01 2.733070e-04 -4.434956e-01 1.481749e-02 -3.472723e-04 -9.998901e-01 -5.291107e-01 9.998778e-01 -4.988897e-03 1.481904e-02 4.911420e+01
-2.977950e-03 -9.999951e-01 -9.904403e-04 -4.449050e-01 1.523354e-02 9.449649e-04 -9.998835e-01 -5.318270e-01 9.998795e-01 -2.992691e-03 1.523065e-02 5.031824e+01
-2.684071e-03 -9.999948e-01 -1.827014e-03 -4.555722e-01 1.486312e-02 1.786925e-03 -9.998879e-01 -5.201735e-01 9.998859e-01 -2.710925e-03 1.485825e-02 5.149981e+01
-2.327847e-03 -9.999949e-01 -2.210999e-03 -4.674494e-01 1.438836e-02 2.177282e-03 -9.998941e-01 -5.234031e-01 9.998938e-01 -2.359414e-03 1.438322e-02 5.272109e+01
-3.060837e-03 -9.999948e-01 -1.073748e-03 -4.745913e-01 1.306101e-02 1.033683e-03 -9.999142e-01 -5.255545e-01 9.999100e-01 -3.074598e-03 1.305777e-02 5.387754e+01
-4.039723e-03 -9.999899e-01 -1.976646e-03 -4.872514e-01 1.361179e-02 1.921491e-03 -9.999055e-01 -5.192261e-01 9.998992e-01 -4.066247e-03 1.360389e-02 5.507123e+01
-4.614385e-03 -9.999875e-01 -1.896143e-03 -5.030904e-01 1.460704e-02 1.828558e-03 -9.998916e-01 -5.196236e-01 9.998826e-01 -4.641582e-03 1.459842e-02 5.627277e+01
-6.097873e-03 -9.999801e-01 -1.633212e-03 -5.078972e-01 1.587054e-02 1.536258e-03 -9.998729e-01 -5.226880e-01 9.998555e-01 -6.123018e-03 1.586086e-02 5.747977e+01
-6.181913e-03 -9.999791e-01 -1.916821e-03 -5.191423e-01 1.527485e-02 1.822205e-03 -9.998817e-01 -5.199363e-01 9.998642e-01 -6.210461e-03 1.526326e-02 5.869780e+01
-7.237521e-03 -9.999703e-01 -2.647084e-03 -5.358045e-01 1.493741e-02 2.538746e-03 -9.998852e-01 -5.204322e-01 9.998623e-01 -7.276231e-03 1.491859e-02 5.989879e+01
-7.867267e-03 -9.999679e-01 -1.509593e-03 -5.440905e-01 1.520648e-02 1.389828e-03 -9.998834e-01 -5.175788e-01 9.998534e-01 -7.889306e-03 1.519506e-02 6.111658e+01
-7.757591e-03 -9.999698e-01 -4.909912e-04 -5.543681e-01 1.486484e-02 3.756328e-04 -9.998894e-01 -5.224739e-01 9.998594e-01 -7.764032e-03 1.486148e-02 6.232178e+01
-8.582166e-03 -9.999625e-01 -1.177244e-03 -5.654513e-01 1.589386e-02 1.040730e-03 -9.998732e-01 -5.254692e-01 9.998369e-01 -8.599789e-03 1.588433e-02 6.352181e+01
-8.687621e-03 -9.999623e-01 -8.475666e-05 -5.843774e-01 1.710808e-02 -6.388671e-05 -9.998537e-01 -5.186267e-01 9.998159e-01 -8.687800e-03 1.710799e-02 6.472529e+01
-8.827384e-03 -9.999610e-01 -1.288258e-04 -5.990031e-01 1.597562e-02 -1.221404e-05 -9.998724e-01 -5.208472e-01 9.998334e-01 -8.828315e-03 1.597510e-02 6.593102e+01
-8.486433e-03 -9.999637e-01 -7.585760e-04 -6.137890e-01 1.553230e-02 6.266933e-04 -9.998792e-01 -5.191867e-01 9.998434e-01 -8.497190e-03 1.552642e-02 6.713676e+01
-8.035002e-03 -9.999605e-01 -3.792576e-03 -6.349160e-01 1.565818e-02 3.666417e-03 -9.998707e-01 -5.166826e-01 9.998451e-01 -8.093349e-03 1.562810e-02 6.832530e+01
-8.549079e-03 -9.999483e-01 -5.509348e-03 -6.512586e-01 1.588278e-02 5.373068e-03 -9.998595e-01 -5.177922e-01 9.998373e-01 -8.635381e-03 1.583602e-02 6.952596e+01
-8.478554e-03 -9.999430e-01 -6.482487e-03 -6.789361e-01 1.617065e-02 6.344766e-03 -9.998491e-01 -5.112017e-01 9.998333e-01 -8.582100e-03 1.611593e-02 7.072327e+01
-7.801367e-03 -9.999403e-01 -7.647940e-03 -7.056940e-01 1.647314e-02 7.518622e-03 -9.998360e-01 -5.153229e-01 9.998339e-01 -7.926074e-03 1.641350e-02 7.190023e+01
-5.916499e-03 -9.999335e-01 -9.901546e-03 -7.202291e-01 1.684099e-02 9.800678e-03 -9.998102e-01 -5.084338e-01 9.998407e-01 -6.082128e-03 1.678188e-02 7.308614e+01
-2.753314e-03 -9.999587e-01 -8.660413e-03 -7.276784e-01 1.575289e-02 8.616000e-03 -9.998388e-01 -5.092874e-01 9.998721e-01 -2.889297e-03 1.572852e-02 7.426658e+01
-1.749979e-04 -9.999836e-01 -5.721724e-03 -7.290858e-01 1.155656e-02 5.719320e-03 -9.999169e-01 -5.191612e-01 9.999332e-01 -2.411068e-04 1.155537e-02 7.543549e+01
3.110834e-03 -9.999788e-01 -5.727581e-03 -7.368196e-01 1.154084e-02 5.763129e-03 -9.999168e-01 -5.157490e-01 9.999285e-01 3.044474e-03 1.155852e-02 7.660286e+01
4.621412e-03 -9.999749e-01 -5.374783e-03 -7.374578e-01 1.445666e-02 5.441089e-03 -9.998807e-01 -5.185066e-01 9.998848e-01 4.543159e-03 1.448144e-02 7.777632e+01
7.368641e-03 -9.999617e-01 -4.720811e-03 -7.392853e-01 1.553800e-02 4.834865e-03 -9.998676e-01 -5.146494e-01 9.998521e-01 7.294314e-03 1.557303e-02 7.895917e+01
1.167073e-02 -9.999182e-01 -5.233856e-03 -7.471673e-01 1.432884e-02 5.400913e-03 -9.998828e-01 -5.091763e-01 9.998292e-01 1.159437e-02 1.439070e-02 8.014545e+01
1.516095e-02 -9.998766e-01 -4.121557e-03 -7.359796e-01 1.215741e-02 4.306063e-03 -9.999169e-01 -5.178457e-01 9.998112e-01 1.510958e-02 1.222119e-02 8.128839e+01
1.948414e-02 -9.997982e-01 -4.882846e-03 -7.169192e-01 9.208952e-03 5.063026e-03 -9.999448e-01 -5.240704e-01 9.997678e-01 1.943810e-02 9.305743e-03 8.243708e+01
2.284537e-02 -9.997318e-01 -3.790687e-03 -7.066304e-01 8.257286e-03 3.980236e-03 -9.999580e-01 -5.294244e-01 9.997049e-01 2.281311e-02 8.346001e-03 8.359868e+01
2.662873e-02 -9.996383e-01 -3.778316e-03 -6.985835e-01 9.540303e-03 4.033619e-03 -9.999464e-01 -5.349923e-01 9.995999e-01 2.659126e-02 9.644262e-03 8.476472e+01
2.986036e-02 -9.995439e-01 -4.516074e-03 -6.807492e-01 9.160961e-03 4.791568e-03 -9.999465e-01 -5.442566e-01 9.995121e-01 2.981739e-02 9.299860e-03 8.596339e+01
3.319725e-02 -9.994407e-01 -4.017961e-03 -6.468152e-01 7.749400e-03 4.277455e-03 -9.999608e-01 -5.587828e-01 9.994188e-01 3.316482e-02 7.887065e-03 8.711929e+01
3.714288e-02 -9.993029e-01 -3.772440e-03 -5.863422e-01 6.321867e-03 4.009942e-03 -9.999720e-01 -5.674085e-01 9.992900e-01 3.711800e-02 6.466400e-03 8.825399e+01
3.985363e-02 -9.991976e-01 -3.980650e-03 -5.404629e-01 5.937958e-03 4.220580e-03 -9.999735e-01 -5.730166e-01 9.991879e-01 3.982894e-02 6.101399e-03 8.941698e+01
4.222431e-02 -9.991049e-01 -2.554232e-03 -4.829375e-01 7.077765e-03 2.855568e-03 -9.999709e-01 -5.826105e-01 9.990831e-01 4.220501e-02 7.192004e-03 9.056862e+01
4.518824e-02 -9.989756e-01 -2.411593e-03 -4.255191e-01 7.925794e-03 2.772500e-03 -9.999648e-01 -5.908952e-01 9.989470e-01 4.516753e-02 8.042959e-03 9.174131e+01
4.846823e-02 -9.988238e-01 -1.377295e-03 -3.816852e-01 9.910464e-03 1.859755e-03 -9.999492e-01 -5.926573e-01 9.987755e-01 4.845212e-02 9.988946e-03 9.285204e+01
5.096905e-02 -9.987001e-01 5.175195e-04 -3.285553e-01 1.121782e-02 5.434534e-05 -9.999371e-01 -5.995082e-01 9.986373e-01 5.097165e-02 1.120601e-02 9.401563e+01
5.223400e-02 -9.986337e-01 1.486813e-03 -2.725194e-01 9.394349e-03 -9.974053e-04 -9.999554e-01 -6.063556e-01 9.985907e-01 5.224564e-02 9.329415e-03 9.518462e+01
5.489121e-02 -9.984896e-01 2.331802e-03 -2.113799e-01 6.254608e-03 -1.991437e-03 -9.999785e-01 -6.141704e-01 9.984728e-01 5.490461e-02 6.135849e-03 9.635177e+01
5.696775e-02 -9.983738e-01 2.115102e-03 -1.577567e-01 3.935066e-03 -1.893990e-03 -9.999905e-01 -6.139769e-01 9.983683e-01 5.697553e-02 3.820770e-03 9.752904e+01
5.842309e-02 -9.982901e-01 1.904309e-03 -9.048843e-02 3.224929e-03 -1.718825e-03 -9.999933e-01 -6.260171e-01 9.982867e-01 5.842884e-02 3.118996e-03 9.870020e+01
5.960678e-02 -9.982195e-01 2.220352e-03 -3.163717e-02 3.221762e-03 -2.031915e-03 -9.999927e-01 -6.337579e-01 9.982167e-01 5.961350e-02 3.094909e-03 9.982070e+01
5.914132e-02 -9.982482e-01 1.699809e-03 4.199296e-02 5.012934e-03 -1.405777e-03 -9.999865e-01 -6.461006e-01 9.982370e-01 5.914904e-02 4.921013e-03 1.009867e+02
5.770062e-02 -9.983313e-01 2.276874e-03 1.149333e-01 6.802119e-03 -1.887480e-03 -9.999751e-01 -6.606085e-01 9.983107e-01 5.771466e-02 6.681860e-03 1.021592e+02
5.685725e-02 -9.983808e-01 1.735552e-03 1.770652e-01 7.737857e-03 -1.297646e-03 -9.999692e-01 -6.620049e-01 9.983523e-01 5.686893e-02 7.651547e-03 1.033353e+02
5.377662e-02 -9.985515e-01 1.703743e-03 2.330515e-01 8.047346e-03 -1.272771e-03 -9.999668e-01 -6.732492e-01 9.985206e-01 5.378854e-02 7.967245e-03 1.045384e+02
5.100783e-02 -9.986976e-01 1.177858e-03 2.821366e-01 8.081417e-03 -7.666016e-04 -9.999670e-01 -6.776283e-01 9.986656e-01 5.101567e-02 8.031788e-03 1.057541e+02
4.683685e-02 -9.989026e-01 -6.819451e-05 3.366945e-01 7.462779e-03 4.181846e-04 -9.999720e-01 -6.791607e-01 9.988747e-01 4.683503e-02 7.474175e-03 1.069662e+02
4.281793e-02 -9.990829e-01 -8.807362e-05 3.680633e-01 7.622619e-03 4.148363e-04 -9.999709e-01 -6.815383e-01 9.990538e-01 4.281601e-02 7.633390e-03 1.081853e+02
3.913312e-02 -9.992337e-01 -8.539316e-04 4.207641e-01 8.762619e-03 1.197725e-03 -9.999609e-01 -6.830142e-01 9.991956e-01 3.912410e-02 8.802773e-03 1.094022e+02
3.456245e-02 -9.994020e-01 -1.057572e-03 4.586807e-01 9.631069e-03 1.391227e-03 -9.999527e-01 -6.904619e-01 9.993562e-01 3.455063e-02 9.673394e-03 1.106226e+02
3.113966e-02 -9.995145e-01 -1.027190e-03 4.794886e-01 1.006571e-02 1.341231e-03 -9.999484e-01 -6.911733e-01 9.994643e-01 3.112772e-02 1.010259e-02 1.118100e+02
2.555579e-02 -9.996724e-01 -1.441760e-03 5.048313e-01 1.061619e-02 1.713544e-03 -9.999422e-01 -6.950948e-01 9.996170e-01 2.553901e-02 1.065650e-02 1.130408e+02
2.064317e-02 -9.997841e-01 -2.351989e-03 5.346316e-01 1.133320e-02 2.586342e-03 -9.999324e-01 -7.014528e-01 9.997227e-01 2.061512e-02 1.138414e-02 1.142543e+02
1.587813e-02 -9.998694e-01 -3.015472e-03 5.428815e-01 1.117257e-02 3.193085e-03 -9.999325e-01 -7.022619e-01 9.998115e-01 1.584337e-02 1.122182e-02 1.154872e+02
1.098502e-02 -9.999326e-01 -3.756290e-03 5.472446e-01 1.091022e-02 3.876149e-03 -9.999329e-01 -7.067838e-01 9.998801e-01 1.094330e-02 1.095207e-02 1.167048e+02
7.928137e-03 -9.999534e-01 -5.506535e-03 5.570530e-01 1.043416e-02 5.589133e-03 -9.999300e-01 -7.102851e-01 9.999141e-01 7.870126e-03 1.047799e-02 1.179344e+02
5.244893e-03 -9.999565e-01 -7.714546e-03 5.592881e-01 1.022349e-02 7.767870e-03 -9.999176e-01 -7.134187e-01 9.999340e-01 5.165591e-03 1.026379e-02 1.191885e+02
4.602894e-03 -9.999534e-01 -8.490233e-03 5.532177e-01 1.009111e-02 8.536338e-03 -9.999126e-01 -7.216431e-01 9.999385e-01 4.516816e-03 1.012993e-02 1.204239e+02
3.961475e-03 -9.999345e-01 -1.073973e-02 5.436332e-01 9.892364e-03 1.077847e-02 -9.998930e-01 -7.227823e-01 9.999432e-01 3.854809e-03 9.934414e-03 1.216541e+02
2.506399e-03 -9.999131e-01 -1.294259e-02 5.334732e-01 1.093884e-02 1.296927e-02 -9.998561e-01 -7.218245e-01 9.999371e-01 2.364461e-03 1.097040e-02 1.228895e+02
1.606124e-03 -9.999107e-01 -1.326720e-02 5.365006e-01 1.223061e-02 1.328587e-02 -9.998369e-01 -7.309474e-01 9.999239e-01 1.443596e-03 1.225086e-02 1.241443e+02
-1.123229e-04 -9.998763e-01 -1.573200e-02 5.194151e-01 1.429266e-02 1.572879e-02 -9.997742e-01 -7.247955e-01 9.998978e-01 -3.371497e-04 1.428912e-02 1.254028e+02
-1.030162e-03 -9.998550e-01 -1.699837e-02 5.037141e-01 1.696322e-02 1.697847e-02 -9.997119e-01 -7.124020e-01 9.998556e-01 -1.318213e-03 1.694327e-02 1.266661e+02
-1.240591e-03 -9.998747e-01 -1.578431e-02 5.004148e-01 1.762185e-02 1.576001e-02 -9.997205e-01 -7.152291e-01 9.998440e-01 -1.518393e-03 1.760009e-02 1.279217e+02
-1.491583e-03 -9.998644e-01 -1.640074e-02 5.003859e-01 1.694068e-02 1.637314e-02 -9.997224e-01 -7.078521e-01 9.998554e-01 -1.769009e-03 1.691396e-02 1.291791e+02
-1.493984e-03 -9.999060e-01 -1.362802e-02 5.052769e-01 1.741731e-02 1.359995e-02 -9.997558e-01 -6.987865e-01 9.998472e-01 -1.730983e-03 1.739535e-02 1.304359e+02
-3.056045e-03 -9.999342e-01 -1.105556e-02 5.017781e-01 1.860614e-02 1.099684e-02 -9.997664e-01 -7.015338e-01 9.998222e-01 -3.261032e-03 1.857131e-02 1.316970e+02
-3.427162e-03 -9.999565e-01 -8.679305e-03 4.959314e-01 2.072817e-02 8.606455e-03 -9.997481e-01 -6.935712e-01 9.997793e-01 -3.606205e-03 2.069777e-02 1.329841e+02
-2.541800e-03 -9.999739e-01 -6.766389e-03 4.771867e-01 2.195885e-02 6.708966e-03 -9.997364e-01 -6.842952e-01 9.997556e-01 -2.689712e-03 2.194122e-02 1.342302e+02
-3.016985e-03 -9.999889e-01 -3.620426e-03 4.762406e-01 2.111913e-02 3.555919e-03 -9.997706e-01 -6.812277e-01 9.997724e-01 -3.092753e-03 2.110817e-02 1.354921e+02
-2.224189e-03 -9.999954e-01 -2.070941e-03 4.814249e-01 2.037233e-02 2.025205e-03 -9.997904e-01 -6.665949e-01 9.997900e-01 -2.265913e-03 2.036773e-02 1.367558e+02
-3.160826e-03 -9.999949e-01 4.772540e-04 4.760647e-01 2.057216e-02 -5.421808e-04 -9.997882e-01 -6.605515e-01 9.997834e-01 -3.150338e-03 2.057377e-02 1.380518e+02
-2.687802e-03 -9.999952e-01 1.568541e-03 4.630412e-01 2.015042e-02 -1.622389e-03 -9.997956e-01 -6.508245e-01 9.997934e-01 -2.655646e-03 2.015469e-02 1.393063e+02
-9.409465e-04 -9.999962e-01 2.570198e-03 4.421879e-01 2.145209e-02 -2.589793e-03 -9.997665e-01 -6.431345e-01 9.997694e-01 -8.855906e-04 2.145444e-02 1.405704e+02
-8.178769e-04 -9.999995e-01 5.596951e-04 4.352211e-01 2.264122e-02 -5.780695e-04 -9.997435e-01 -6.296287e-01 9.997433e-01 -8.049949e-04 2.264168e-02 1.418466e+02
1.644676e-04 -1.000000e+00 9.460391e-05 4.187848e-01 2.142823e-02 -9.105794e-05 -9.997704e-01 -6.262203e-01 9.997704e-01 1.664570e-04 2.142822e-02 1.431281e+02
8.424163e-04 -9.999984e-01 -1.602000e-03 4.119836e-01 2.008558e-02 1.618598e-03 -9.997969e-01 -6.120327e-01 9.997979e-01 8.100682e-04 2.008691e-02 1.444234e+02
7.246779e-04 -9.999978e-01 -1.966766e-03 3.976877e-01 1.855103e-02 1.979871e-03 -9.998260e-01 -6.009830e-01 9.998276e-01 6.880662e-04 1.855243e-02 1.456932e+02
1.672788e-03 -9.999981e-01 -1.035055e-03 4.079654e-01 1.466072e-02 1.059469e-03 -9.998919e-01 -6.059402e-01 9.998911e-01 1.657433e-03 1.466247e-02 1.469655e+02
1.433525e-03 -9.999968e-01 -2.055019e-03 4.128822e-01 1.186651e-02 2.071887e-03 -9.999275e-01 -6.057051e-01 9.999285e-01 1.409035e-03 1.186944e-02 1.482368e+02
1.456537e-03 -9.999975e-01 -1.703261e-03 4.168803e-01 1.153073e-02 1.719945e-03 -9.999321e-01 -6.106232e-01 9.999325e-01 1.436798e-03 1.153320e-02 1.495117e+02
2.170993e-03 -9.999970e-01 -1.122530e-03 4.095572e-01 1.076892e-02 1.145847e-03 -9.999413e-01 -6.220410e-01 9.999397e-01 2.158777e-03 1.077138e-02 1.507840e+02
1.677743e-03 -9.999984e-01 -6.695391e-04 3.986734e-01 1.102354e-02 6.879941e-04 -9.999390e-01 -6.269105e-01 9.999378e-01 1.670260e-03 1.102467e-02 1.520441e+02
2.145281e-03 -9.999967e-01 -1.391511e-03 3.943735e-01 1.239921e-02 1.418007e-03 -9.999221e-01 -6.289542e-01 9.999208e-01 2.127860e-03 1.240221e-02 1.533151e+02
1.199111e-03 -9.999973e-01 -2.002006e-03 3.895881e-01 1.274652e-02 2.017130e-03 -9.999167e-01 -6.303334e-01 9.999180e-01 1.173493e-03 1.274890e-02 1.545776e+02
5.180772e-04 -9.999974e-01 -2.234775e-03 3.772592e-01 1.264415e-02 2.241147e-03 -9.999176e-01 -6.327730e-01 9.999200e-01 4.897777e-04 1.264528e-02 1.558485e+02
6.518448e-05 -9.999979e-01 -2.081581e-03 3.691671e-01 1.290207e-02 2.082249e-03 -9.999146e-01 -6.339897e-01 9.999168e-01 3.832223e-05 1.290217e-02 1.571240e+02
-1.447743e-03 -9.999960e-01 -2.422804e-03 3.571615e-01 1.390749e-02 2.402437e-03 -9.999004e-01 -6.348321e-01 9.999022e-01 -1.481294e-03 1.390396e-02 1.583948e+02
-1.304010e-03 -9.999939e-01 -3.261095e-03 3.478759e-01 1.429288e-02 3.242127e-03 -9.998926e-01 -6.323833e-01 9.998970e-01 -1.350481e-03 1.428856e-02 1.596635e+02
-2.591918e-03 -9.999898e-01 -3.700549e-03 3.395247e-01 1.381637e-02 3.664397e-03 -9.998978e-01 -6.322725e-01 9.999012e-01 -2.642782e-03 1.380674e-02 1.609199e+02
-2.893224e-03 -9.999884e-01 -3.835599e-03 3.413749e-01 1.325067e-02 3.796941e-03 -9.999050e-01 -6.336249e-01 9.999080e-01 -2.943773e-03 1.323953e-02 1.621785e+02
-3.096780e-03 -9.999880e-01 -3.811220e-03 3.356414e-01 1.304892e-02 3.770504e-03 -9.999077e-01 -6.376081e-01 9.999101e-01 -3.146226e-03 1.303709e-02 1.634470e+02
-4.612052e-03 -9.999827e-01 -3.668527e-03 3.220862e-01 1.236170e-02 3.611272e-03 -9.999171e-01 -6.388466e-01 9.999130e-01 -4.657019e-03 1.234483e-02 1.647143e+02
-4.277111e-03 -9.999819e-01 -4.237616e-03 3.028658e-01 1.106652e-02 4.190062e-03 -9.999300e-01 -6.453187e-01 9.999296e-01 -4.323706e-03 1.104840e-02 1.659821e+02
-5.195702e-03 -9.999735e-01 -5.105032e-03 2.837978e-01 1.158657e-02 5.044557e-03 -9.999201e-01 -6.421825e-01 9.999194e-01 -5.254437e-03 1.156005e-02 1.672454e+02
-6.022172e-03 -9.999693e-01 -5.010161e-03 2.660073e-01 1.258082e-02 4.934091e-03 -9.999087e-01 -6.446512e-01 9.999027e-01 -6.084654e-03 1.255072e-02 1.685118e+02
-6.051100e-03 -9.999645e-01 -5.866246e-03 2.639684e-01 1.297577e-02 5.787342e-03 -9.998991e-01 -6.537894e-01 9.998975e-01 -6.126609e-03 1.294029e-02 1.697776e+02
-7.153003e-03 -9.999567e-01 -5.955287e-03 2.504877e-01 1.330700e-02 5.859727e-03 -9.998943e-01 -6.584811e-01 9.998859e-01 -7.231493e-03 1.326451e-02 1.710324e+02
-7.344799e-03 -9.999566e-01 -5.730354e-03 2.471630e-01 1.453905e-02 5.623115e-03 -9.998785e-01 -6.582550e-01 9.998673e-01 -7.427221e-03 1.449712e-02 1.722939e+02
-8.483165e-03 -9.999456e-01 -6.064513e-03 2.249931e-01 1.400091e-02 5.945362e-03 -9.998843e-01 -6.574933e-01 9.998660e-01 -8.567092e-03 1.394971e-02 1.735512e+02
-8.898644e-03 -9.999345e-01 -7.199852e-03 1.987941e-01 1.371968e-02 7.077371e-03 -9.998809e-01 -6.584266e-01 9.998663e-01 -8.996363e-03 1.365580e-02 1.748130e+02
-9.173225e-03 -9.999304e-01 -7.415921e-03 1.776896e-01 1.390294e-02 7.287980e-03 -9.998768e-01 -6.560777e-01 9.998613e-01 -9.275197e-03 1.383512e-02 1.761002e+02
-9.667809e-03 -9.999282e-01 -7.075465e-03 1.684896e-01 1.284305e-02 6.951045e-03 -9.998934e-01 -6.578747e-01 9.998708e-01 -9.757649e-03 1.277492e-02 1.773672e+02
-9.103996e-03 -9.999398e-01 -6.121241e-03 1.511802e-01 1.183268e-02 6.013338e-03 -9.999119e-01 -6.582916e-01 9.998885e-01 -9.175624e-03 1.177722e-02 1.786240e+02
-9.377603e-03 -9.999484e-01 -3.904018e-03 1.337588e-01 1.200646e-02 3.791313e-03 -9.999207e-01 -6.629009e-01 9.998839e-01 -9.423734e-03 1.197029e-02 1.798714e+02
-9.958966e-03 -9.999416e-01 -4.199845e-03 1.238471e-01 1.524693e-02 4.047715e-03 -9.998755e-01 -6.639146e-01 9.998342e-01 -1.002176e-02 1.520573e-02 1.811498e+02
-9.689935e-03 -9.999492e-01 -2.768910e-03 1.190114e-01 1.941541e-02 2.580376e-03 -9.998082e-01 -6.614326e-01 9.997646e-01 -9.741836e-03 1.938942e-02 1.824288e+02
-1.021667e-02 -9.999420e-01 -3.409151e-03 9.718028e-02 1.888028e-02 3.215819e-03 -9.998166e-01 -6.636648e-01 9.997696e-01 -1.027916e-02 1.884633e-02 1.836886e+02
-9.021237e-03 -9.999514e-01 -3.974957e-03 7.817567e-02 1.635926e-02 3.827001e-03 -9.998589e-01 -6.563794e-01 9.998255e-01 -9.084990e-03 1.632394e-02 1.849453e+02
-9.740856e-03 -9.999421e-01 -4.575596e-03 5.592810e-02 1.517462e-02 4.427467e-03 -9.998751e-01 -6.556052e-01 9.998374e-01 -9.809071e-03 1.513062e-02 1.861789e+02
-1.018931e-02 -9.999375e-01 -4.595175e-03 4.273045e-02 1.482292e-02 4.443868e-03 -9.998803e-01 -6.604242e-01 9.998382e-01 -1.025620e-02 1.477672e-02 1.874340e+02
-9.840342e-03 -9.999354e-01 -5.689309e-03 1.470101e-02 1.541637e-02 5.537201e-03 -9.998658e-01 -6.626083e-01 9.998327e-01 -9.926730e-03 1.536088e-02 1.886979e+02
-1.060551e-02 -9.999300e-01 -5.243716e-03 -1.340334e-02 1.720582e-02 5.060751e-03 -9.998392e-01 -6.614468e-01 9.997957e-01 -1.069403e-02 1.715095e-02 1.899392e+02
-9.575588e-03 -9.999460e-01 -4.044905e-03 -4.154940e-02 1.807615e-02 3.871333e-03 -9.998291e-01 -6.579772e-01 9.997908e-01 -9.647068e-03 1.803810e-02 1.912014e+02
-9.046692e-03 -9.999543e-01 -3.076600e-03 -5.410367e-02 1.827348e-02 2.910892e-03 -9.998288e-01 -6.453795e-01 9.997921e-01 -9.101363e-03 1.824631e-02 1.924490e+02
-7.676579e-03 -9.999660e-01 -3.007185e-03 -5.793320e-02 1.774820e-02 2.870551e-03 -9.998384e-01 -6.453306e-01 9.998130e-01 -7.728710e-03 1.772556e-02 1.936903e+02
-6.037733e-03 -9.999750e-01 -3.666454e-03 -6.907307e-02 1.686062e-02 3.564199e-03 -9.998515e-01 -6.434200e-01 9.998396e-01 -6.098656e-03 1.683868e-02 1.949104e+02
-5.039992e-03 -9.999844e-01 -2.411463e-03 -6.610042e-02 1.622058e-02 2.329424e-03 -9.998657e-01 -6.500347e-01 9.998558e-01 -5.078430e-03 1.620859e-02 1.961259e+02
-3.460974e-03 -9.999916e-01 -2.187649e-03 -6.943703e-02 1.616505e-02 2.131429e-03 -9.998671e-01 -6.476889e-01 9.998633e-01 -3.495878e-03 1.615754e-02 1.973479e+02
-2.896907e-03 -9.999921e-01 -2.722288e-03 -6.575794e-02 1.768543e-02 2.670641e-03 -9.998400e-01 -6.505260e-01 9.998394e-01 -2.944588e-03 1.767756e-02 1.985507e+02
-1.236320e-03 -9.999933e-01 -3.444039e-03 -7.914540e-02 1.838682e-02 3.420728e-03 -9.998251e-01 -6.531442e-01 9.998302e-01 -1.299428e-03 1.838247e-02 1.997395e+02
9.066228e-05 -9.999924e-01 -3.899446e-03 -9.212358e-02 1.874411e-02 3.900460e-03 -9.998167e-01 -6.526764e-01 9.998243e-01 1.755401e-05 1.874433e-02 2.009540e+02
8.070073e-04 -9.999953e-01 -2.970676e-03 -1.057033e-01 1.943409e-02 2.985799e-03 -9.998067e-01 -6.447225e-01 9.998108e-01 7.491189e-04 1.943641e-02 2.021597e+02
2.203395e-03 -9.999933e-01 -2.927280e-03 -1.126609e-01 1.957090e-02 2.969848e-03 -9.998041e-01 -6.402401e-01 9.998060e-01 2.145674e-03 1.957732e-02 2.033658e+02
3.578987e-03 -9.999876e-01 -3.464843e-03 -1.103764e-01 1.975009e-02 3.534875e-03 -9.997987e-01 -6.356207e-01 9.997985e-01 3.509836e-03 1.976250e-02 2.045284e+02
4.037266e-03 -9.999858e-01 -3.473986e-03 -1.195675e-01 1.990939e-02 3.553705e-03 -9.997955e-01 -6.308241e-01 9.997936e-01 3.967276e-03 1.992346e-02 2.057025e+02
4.782822e-03 -9.999865e-01 -2.005298e-03 -1.062410e-01 2.104173e-02 2.105517e-03 -9.997764e-01 -6.348295e-01 9.997672e-01 4.739557e-03 2.105152e-02 2.068783e+02
4.660409e-03 -9.999869e-01 -2.120080e-03 -9.751076e-02 2.153762e-02 2.219986e-03 -9.997656e-01 -6.314200e-01 9.997572e-01 4.613656e-03 2.154769e-02 2.080082e+02
4.974689e-03 -9.999856e-01 -2.027083e-03 -8.650325e-02 2.157849e-02 2.133983e-03 -9.997649e-01 -6.277612e-01 9.997548e-01 4.929778e-03 2.158879e-02 2.091363e+02
4.082523e-03 -9.999886e-01 -2.461653e-03 -8.922080e-02 2.139265e-02 2.548446e-03 -9.997679e-01 -6.204544e-01 9.997628e-01 4.028914e-03 2.140281e-02 2.102500e+02
3.593053e-03 -9.999894e-01 -2.885596e-03 -9.340516e-02 2.090595e-02 2.960100e-03 -9.997771e-01 -6.204199e-01 9.997750e-01 3.531925e-03 2.091636e-02 2.113535e+02
3.489836e-03 -9.999892e-01 -3.061598e-03 -1.000558e-01 2.064930e-02 3.133027e-03 -9.997818e-01 -6.146316e-01 9.997807e-01 3.425854e-03 2.066001e-02 2.124393e+02
2.670442e-03 -9.999918e-01 -3.060539e-03 -1.055426e-01 2.084394e-02 3.115547e-03 -9.997779e-01 -6.148331e-01 9.997792e-01 2.606056e-03 2.085209e-02 2.135062e+02
1.462026e-03 -9.999967e-01 -2.114127e-03 -1.073132e-01 2.102543e-02 2.144401e-03 -9.997767e-01 -6.140864e-01 9.997779e-01 1.417249e-03 2.102849e-02 2.145685e+02
-3.129740e-04 -9.999985e-01 -1.723409e-03 -1.107554e-01 2.171080e-02 1.716208e-03 -9.997628e-01 -6.064711e-01 9.997643e-01 -3.503163e-04 2.171023e-02 2.156141e+02
-2.193765e-03 -9.999971e-01 -9.932783e-04 -1.011299e-01 2.265074e-02 9.433354e-04 -9.997430e-01 -6.113815e-01 9.997410e-01 -2.215700e-03 2.264860e-02 2.166580e+02
-3.591884e-03 -9.999924e-01 -1.512767e-03 -1.050522e-01 2.439668e-02 1.424696e-03 -9.997013e-01 -6.047370e-01 9.996959e-01 -3.627717e-03 2.439138e-02 2.176820e+02
-6.782907e-03 -9.999745e-01 -2.207057e-03 -1.118615e-01 2.438388e-02 2.041055e-03 -9.997006e-01 -6.006367e-01 9.996797e-01 -6.834692e-03 2.436942e-02 2.186880e+02
-8.530947e-03 -9.999616e-01 -2.023685e-03 -1.250343e-01 2.433704e-02 1.815534e-03 -9.997022e-01 -5.937387e-01 9.996674e-01 -8.577657e-03 2.432062e-02 2.196676e+02
-1.201149e-02 -9.999272e-01 -1.178569e-03 -1.378263e-01 2.512028e-02 8.765281e-04 -9.996840e-01 -5.879621e-01 9.996123e-01 -1.203730e-02 2.510792e-02 2.206495e+02
-1.473523e-02 -9.998893e-01 -2.081838e-03 -1.470576e-01 2.529970e-02 1.708561e-03 -9.996784e-01 -5.833333e-01 9.995713e-01 -1.478316e-02 2.527172e-02 2.215977e+02
-1.679013e-02 -9.998552e-01 -2.791403e-03 -1.730726e-01 2.503022e-02 2.370603e-03 -9.996839e-01 -5.855610e-01 9.995457e-01 -1.685470e-02 2.498679e-02 2.225139e+02
-1.996153e-02 -9.997962e-01 -3.009779e-03 -1.792008e-01 2.463843e-02 2.517548e-03 -9.996933e-01 -5.793901e-01 9.994971e-01 -2.002956e-02 2.458315e-02 2.234060e+02
-2.307102e-02 -9.997326e-01 -1.564067e-03 -2.235834e-01 2.470963e-02 9.937776e-04 -9.996942e-01 -5.729969e-01 9.994284e-01 -2.310261e-02 2.468010e-02 2.242905e+02
-2.652670e-02 -9.996439e-01 -2.890985e-03 -2.483015e-01 2.423946e-02 2.247936e-03 -9.997036e-01 -5.648771e-01 9.993542e-01 -2.658892e-02 2.417120e-02 2.251464e+02
-2.888810e-02 -9.995770e-01 -3.344867e-03 -2.766728e-01 2.322627e-02 2.674121e-03 -9.997267e-01 -5.648296e-01 9.993128e-01 -2.895789e-02 2.313919e-02 2.259747e+02
-3.153912e-02 -9.994893e-01 -5.138810e-03 -3.072207e-01 2.288324e-02 4.417953e-03 -9.997284e-01 -5.631918e-01 9.992405e-01 -3.164814e-02 2.273221e-02 2.267884e+02
-3.288661e-02 -9.994444e-01 -5.424277e-03 -3.414539e-01 2.411475e-02 4.632162e-03 -9.996985e-01 -5.581517e-01 9.991682e-01 -3.300750e-02 2.394902e-02 2.275700e+02
-3.242121e-02 -9.994593e-01 -5.478335e-03 -3.774320e-01 2.501341e-02 4.668120e-03 -9.996762e-01 -5.558309e-01 9.991612e-01 -3.254775e-02 2.484854e-02 2.283561e+02
-3.202898e-02 -9.994695e-01 -5.915888e-03 -4.042127e-01 2.508119e-02 5.113337e-03 -9.996724e-01 -5.499156e-01 9.991722e-01 -3.216686e-02 2.490411e-02 2.291207e+02
-3.160233e-02 -9.994847e-01 -5.631892e-03 -4.337374e-01 2.489869e-02 4.845721e-03 -9.996783e-01 -5.494186e-01 9.991903e-01 -3.173238e-02 2.473272e-02 2.298627e+02
-3.090474e-02 -9.995033e-01 -6.178809e-03 -4.658106e-01 2.334560e-02 5.458254e-03 -9.997125e-01 -5.466416e-01 9.992496e-01 -3.104011e-02 2.316532e-02 2.305993e+02
-3.015034e-02 -9.995278e-01 -5.934491e-03 -4.996743e-01 2.222701e-02 5.265277e-03 -9.997391e-01 -5.391020e-01 9.992982e-01 -3.027438e-02 2.205777e-02 2.313201e+02
-2.868837e-02 -9.995719e-01 -5.735610e-03 -5.227603e-01 2.087967e-02 5.137479e-03 -9.997688e-01 -5.377134e-01 9.993703e-01 -2.880149e-02 2.072335e-02 2.320486e+02
-2.738448e-02 -9.996000e-01 -7.064521e-03 -5.327381e-01 2.023704e-02 6.511348e-03 -9.997740e-01 -5.302258e-01 9.994201e-01 -2.752125e-02 2.005064e-02 2.327678e+02
-2.551908e-02 -9.996516e-01 -6.743069e-03 -5.540680e-01 2.017932e-02 6.228778e-03 -9.997770e-01 -5.268129e-01 9.994707e-01 -2.564946e-02 2.001334e-02 2.334777e+02
-2.319555e-02 -9.997116e-01 -6.215726e-03 -5.778021e-01 2.012613e-02 5.749185e-03 -9.997809e-01 -5.273349e-01 9.995283e-01 -2.331556e-02 1.998697e-02 2.341972e+02
-2.191646e-02 -9.997412e-01 -6.095559e-03 -5.925262e-01 1.996351e-02 5.658181e-03 -9.997847e-01 -5.250733e-01 9.995605e-01 -2.203343e-02 1.983434e-02 2.349046e+02
-1.987927e-02 -9.997831e-01 -6.213363e-03 -6.159936e-01 1.996641e-02 5.816363e-03 -9.997838e-01 -5.249622e-01 9.996030e-01 -1.999903e-02 1.984646e-02 2.356193e+02
-1.771192e-02 -9.998236e-01 -6.258106e-03 -6.291229e-01 2.018966e-02 5.900165e-03 -9.997787e-01 -5.210847e-01 9.996393e-01 -1.783435e-02 2.008160e-02 2.363232e+02
-1.425407e-02 -9.998818e-01 -5.766016e-03 -6.386768e-01 2.067814e-02 5.470597e-03 -9.997712e-01 -5.121217e-01 9.996846e-01 -1.437004e-02 2.059772e-02 2.370201e+02
-1.045683e-02 -9.999346e-01 -4.632351e-03 -6.462888e-01 2.068311e-02 4.415324e-03 -9.997763e-01 -5.120406e-01 9.997314e-01 -1.055030e-02 2.063558e-02 2.377236e+02
-8.172535e-03 -9.999542e-01 -4.984304e-03 -6.567293e-01 2.063944e-02 4.814728e-03 -9.997754e-01 -5.136368e-01 9.997536e-01 -8.273573e-03 2.059914e-02 2.384261e+02
-5.208842e-03 -9.999775e-01 -4.231720e-03 -6.642152e-01 2.076196e-02 4.122719e-03 -9.997759e-01 -5.129286e-01 9.997709e-01 -5.295533e-03 2.074002e-02 2.391308e+02
-3.037747e-03 -9.999887e-01 -3.644154e-03 -6.681518e-01 2.086333e-02 3.580000e-03 -9.997759e-01 -5.058740e-01 9.997777e-01 -3.113096e-03 2.085222e-02 2.398130e+02
4.735350e-04 -9.999914e-01 -4.130969e-03 -6.716316e-01 2.014970e-02 4.139672e-03 -9.997884e-01 -4.992369e-01 9.997969e-01 3.901970e-04 2.015148e-02 2.404834e+02
3.698407e-03 -9.999850e-01 -4.023157e-03 -6.790699e-01 1.961207e-02 4.094944e-03 -9.997993e-01 -4.905947e-01 9.998008e-01 3.618762e-03 1.962692e-02 2.411765e+02
6.084120e-03 -9.999729e-01 -4.153169e-03 -6.766856e-01 2.029932e-02 4.275895e-03 -9.997848e-01 -4.883206e-01 9.997754e-01 5.998504e-03 2.032479e-02 2.418718e+02
8.588780e-03 -9.999521e-01 -4.685494e-03 -6.761159e-01 2.050182e-02 4.860772e-03 -9.997780e-01 -4.822166e-01 9.997529e-01 8.490812e-03 2.054259e-02 2.425859e+02
1.089158e-02 -9.999312e-01 -4.354466e-03 -6.755792e-01 2.052038e-02 4.577318e-03 -9.997790e-01 -4.799468e-01 9.997301e-01 1.079982e-02 2.056882e-02 2.432883e+02
1.365620e-02 -9.998990e-01 -3.937909e-03 -6.646027e-01 2.021314e-02 4.213530e-03 -9.997868e-01 -4.682536e-01 9.997025e-01 1.357369e-02 2.026864e-02 2.440226e+02
1.495346e-02 -9.998748e-01 -5.174013e-03 -6.540548e-01 1.829513e-02 5.447328e-03 -9.998178e-01 -4.700397e-01 9.997208e-01 1.485608e-02 1.837429e-02 2.447354e+02
1.555734e-02 -9.998685e-01 -4.576880e-03 -6.492043e-01 1.692118e-02 4.840055e-03 -9.998451e-01 -4.616886e-01 9.997358e-01 1.547748e-02 1.699426e-02 2.454647e+02
1.606846e-02 -9.998644e-01 -3.603088e-03 -6.429544e-01 1.585722e-02 3.857932e-03 -9.998668e-01 -4.487574e-01 9.997451e-01 1.600919e-02 1.591706e-02 2.461662e+02
1.579253e-02 -9.998714e-01 -2.768408e-03 -6.304646e-01 1.488023e-02 3.003472e-03 -9.998848e-01 -4.457770e-01 9.997646e-01 1.574951e-02 1.492575e-02 2.468977e+02
1.596401e-02 -9.998655e-01 -3.766919e-03 -6.231452e-01 1.437751e-02 3.996560e-03 -9.998887e-01 -4.438882e-01 9.997692e-01 1.590807e-02 1.443937e-02 2.476497e+02
1.701177e-02 -9.998456e-01 -4.390319e-03 -6.085322e-01 1.368977e-02 4.623462e-03 -9.998956e-01 -4.408620e-01 9.997616e-01 1.694989e-02 1.376631e-02 2.483758e+02
1.693617e-02 -9.998490e-01 -3.897566e-03 -6.043952e-01 1.223895e-02 4.105142e-03 -9.999167e-01 -4.357725e-01 9.997817e-01 1.688706e-02 1.230663e-02 2.491259e+02
1.845381e-02 -9.998296e-01 5.480351e-04 -5.804088e-01 1.101715e-02 -3.447522e-04 -9.999393e-01 -4.387907e-01 9.997690e-01 1.845873e-02 1.100891e-02 2.498792e+02
1.900226e-02 -9.998162e-01 2.531487e-03 -5.650683e-01 1.134294e-02 -2.316202e-03 -9.999330e-01 -4.400168e-01 9.997551e-01 1.902970e-02 1.129684e-02 2.506333e+02
1.995131e-02 -9.997991e-01 1.908369e-03 -5.615086e-01 1.433359e-02 -1.622523e-03 -9.998959e-01 -4.326379e-01 9.996982e-01 1.997658e-02 1.429834e-02 2.514154e+02
2.009301e-02 -9.997942e-01 -2.789404e-03 -5.556790e-01 1.957771e-02 3.182885e-03 -9.998032e-01 -4.208272e-01 9.996064e-01 2.003445e-02 1.963764e-02 2.521942e+02
2.043414e-02 -9.997899e-01 -1.612617e-03 -5.490764e-01 2.147414e-02 2.051479e-03 -9.997673e-01 -4.297151e-01 9.995605e-01 2.039476e-02 2.151155e-02 2.529635e+02
2.250150e-02 -9.997468e-01 -2.539256e-04 -5.299795e-01 2.012247e-02 7.068389e-04 -9.997973e-01 -4.288354e-01 9.995443e-01 2.249183e-02 2.013328e-02 2.537691e+02
2.615285e-02 -9.996538e-01 -2.892894e-03 -5.032362e-01 1.551711e-02 3.299489e-03 -9.998742e-01 -4.192401e-01 9.995375e-01 2.610467e-02 1.559803e-02 2.545439e+02
2.996728e-02 -9.995359e-01 -5.464296e-03 -4.859634e-01 1.266407e-02 5.845985e-03 -9.999027e-01 -4.155660e-01 9.994707e-01 2.989516e-02 1.283338e-02 2.553688e+02
3.283862e-02 -9.994439e-01 -5.776302e-03 -4.505789e-01 1.102086e-02 6.141167e-03 -9.999204e-01 -4.107139e-01 9.993999e-01 3.277235e-02 1.121640e-02 2.561942e+02
3.660384e-02 -9.993169e-01 -5.092900e-03 -4.291183e-01 1.410300e-02 5.612371e-03 -9.998848e-01 -4.102415e-01 9.992303e-01 3.652780e-02 1.429880e-02 2.570374e+02
3.994819e-02 -9.992002e-01 -1.762348e-03 -3.996311e-01 1.705025e-02 2.445169e-03 -9.998516e-01 -4.089878e-01 9.990563e-01 3.991222e-02 1.713429e-02 2.578890e+02
4.228781e-02 -9.991055e-01 1.315943e-05 -3.621842e-01 1.888518e-02 7.861590e-04 -9.998214e-01 -4.092280e-01 9.989270e-01 4.228051e-02 1.890153e-02 2.587270e+02
4.591280e-02 -9.989447e-01 1.227464e-03 -3.258410e-01 1.966314e-02 -3.247801e-04 -9.998066e-01 -4.008651e-01 9.987519e-01 4.592806e-02 1.962747e-02 2.595438e+02
4.878684e-02 -9.988090e-01 -6.474041e-04 -2.916497e-01 1.754357e-02 1.504992e-03 -9.998450e-01 -3.930547e-01 9.986551e-01 4.876792e-02 1.759610e-02 2.603565e+02
5.125053e-02 -9.986855e-01 -7.808948e-04 -2.593075e-01 1.581620e-02 1.593479e-03 -9.998736e-01 -3.850272e-01 9.985606e-01 5.123170e-02 1.587708e-02 2.611976e+02
5.345261e-02 -9.985693e-01 -1.495430e-03 -2.157065e-01 1.570484e-02 2.338052e-03 -9.998739e-01 -3.806080e-01 9.984469e-01 5.342238e-02 1.580735e-02 2.620326e+02
5.595376e-02 -9.984310e-01 -2.151840e-03 -1.733691e-01 1.709431e-02 3.112891e-03 -9.998490e-01 -3.775660e-01 9.982870e-01 5.590853e-02 1.724167e-02 2.628736e+02
5.856484e-02 -9.982783e-01 -3.256837e-03 -1.276152e-01 1.828201e-02 4.334408e-03 -9.998235e-01 -3.776878e-01 9.981162e-01 5.849496e-02 1.850438e-02 2.637271e+02
6.089815e-02 -9.981357e-01 -4.070496e-03 -8.127489e-02 1.823336e-02 5.189818e-03 -9.998203e-01 -3.719002e-01 9.979774e-01 6.081299e-02 1.851542e-02 2.645905e+02
6.358470e-02 -9.979664e-01 -4.479298e-03 -3.248995e-02 1.770371e-02 5.615631e-03 -9.998275e-01 -3.741969e-01 9.978194e-01 6.349444e-02 1.802478e-02 2.654314e+02
6.716488e-02 -9.977383e-01 -2.666561e-03 2.276185e-02 1.832527e-02 3.905741e-03 -9.998245e-01 -3.668724e-01 9.975736e-01 6.710422e-02 1.854615e-02 2.662697e+02
6.913389e-02 -9.976068e-01 -1.053127e-03 8.718596e-02 1.922834e-02 2.387973e-03 -9.998122e-01 -3.668400e-01 9.974220e-01 6.910066e-02 1.934741e-02 2.671071e+02
7.031266e-02 -9.975247e-01 7.093566e-04 1.407743e-01 1.952632e-02 6.653732e-04 -9.998091e-01 -3.603525e-01 9.973339e-01 7.031310e-02 1.952477e-02 2.679641e+02
7.099067e-02 -9.974747e-01 2.117056e-03 1.974032e-01 1.934034e-02 -7.455591e-04 -9.998127e-01 -3.523319e-01 9.972895e-01 7.101832e-02 1.923857e-02 2.688018e+02
7.123526e-02 -9.974568e-01 2.343943e-03 2.589329e-01 1.945985e-02 -9.597109e-04 -9.998102e-01 -3.464518e-01 9.972697e-01 7.126735e-02 1.934200e-02 2.696522e+02
