-0.009882440641836904 -0.999845431207842 -0.01453912809269248 -0.0830502832682608 -0.0045588689821902265 0.014584737053537283 -0.9998832344149354 -0.406283766724134 0.9999408175459783 -0.009815004973140803 -0.004702296411700377 -0.331503780864711
-0.008704520850467747 -0.9998490860175072 -0.015031167745631461 -0.08872178811971859 -0.0013804575725895204 0.015043738015866684 -0.9998858637728831 -0.7996937369551689 0.9999612362135735 -0.008682778238392915 -0.0015111967653989354 -0.3249415236301695
-0.009203844457155228 -0.9998428363150764 -0.015149395178259861 -0.07474560971345831 -0.00021171976004889976 0.015151984945085333 -0.9998851052517937 -2.104773332352858 0.999957621585819 -0.009199580196303984 -0.0003511419879301046 -0.3475253352228668
-0.009314217719787186 -0.9998421063262948 -0.015131110296177745 -0.06662647274043236 0.0014856551188522564 0.015117913048842396 -0.9998846429973598 -3.226039072080277 0.9999555623379319 -0.009335622724764087 0.0013446098709447927 -0.36061587000892537
-0.010069845009727373 -0.9998346709835613 -0.01513821651668521 -0.059071021128465566 0.0013635056216510233 0.0151252403809072 -0.9998847398892173 -4.933031389993115 0.9999484387376141 -0.010089325172717564 0.0012109714288201727 -0.3810037283937686
-0.010029829249017146 -0.9998384343618456 -0.01491349471034338 -0.047240650296611716 0.0008856251452832968 0.014905356707430734 -0.9998885717685233 -6.25839914803017 0.9999493673874204 -0.010041919223580208 0.000735984341586413 -0.39659846056749226
-0.009899985336321252 -0.9998426036258373 -0.014721666854382512 -0.040274155049464945 0.0019105457954563048 0.014703448088853169 -0.9998900947181563 -7.458492257046432 0.9999492303759842 -0.00992702364616415 0.0017646817574680845 -0.39423788567549045
-0.009732029386167584 -0.9998249257959146 -0.015981177283813867 -0.028888681400234893 0.001680681718232508 0.015965555638472084 -0.9998711467106588 -8.674972605194371 0.9999512791488716 -0.009757634508922326 0.0015250115076955032 -0.40688985340862893
-0.009480930863669587 -0.9998198455537745 -0.016445303174558577 -0.025881106847583955 0.0008992323980864578 0.01643751074288957 -0.9998645139408213 -9.868420634095887 0.9999546855567855 -0.00949443400363757 0.000743228620780016 -0.40621947163176536
-0.011482459030497312 -0.9997991074592071 -0.016425922376416963 -0.017509966211656756 -0.001609980810256975 0.016445468815144075 -0.9998634797651837 -11.07626368687339 0.9999328103103058 -0.011454446225433974 -0.0017984917846467655 -0.42074339237424296
-0.011160403742355128 -0.9998070388527127 -0.016166996747891037 -0.012380821607713269 -0.0030708573894571126 0.016202197269833823 -0.9998639968901405 -12.25741313712289 0.9999330561059114 -0.01110924038725487 -0.003251087527478694 -0.42878163799593205
-0.010587319799204117 -0.9998193272178975 -0.015786327569213856 -0.0029833715421248574 -0.004792144066521955 0.015837763617214767 -0.9998630892412229 -13.454482583549089 0.9999324917444316 -0.010510219882880575 -0.004958957118010647 -0.4468150108268213
-0.0102753853274561 -0.999818468115983 -0.016043694581136723 0.0011142185978195163 -0.006431940185580009 0.01611029492272271 -0.999849543602615 -14.655498667641352 0.9999266183717791 -0.01017064758114667 -0.00659631109526661 -0.4635097556581322
-0.01039209549890863 -0.9998210080967217 -0.015803225771090605 0.007311868533308341 -0.006822464621852744 0.015874606033512463 -0.9998507038074939 -15.854916399424065 0.9999227849200676 -0.010282727858643585 -0.006986213134603828 -0.4767509543510025
-0.009534138881103838 -0.9998282088195024 -0.0158920440516836 0.014713886127035766 -0.006119282380334088 0.015950805622728475 -0.9998540921590438 -17.03999619767934 0.9999358618065115 -0.009435499704045721 -0.006270307641624633 -0.4772880210152383
-0.009865322174012184 -0.9998167357194179 -0.01640777732140441 0.016416204900468703 -0.006804271356561077 0.01647531690269449 -0.9998411192173987 -18.22202728483911 0.9999281834453227 -0.009752111331073201 -0.0069655573486823025 -0.48641542825738343
-0.011390234246922048 -0.9997990783865831 -0.016494013285734396 0.024272278773343967 -0.007226329499027965 0.01657695676989315 -0.9998365256931899 -19.44092668108778 0.999909002455316 -0.011269179787538969 -0.007413692522971099 -0.5054917183940039
-0.011104808184618748 -0.9998156237261614 -0.015659770140555432 0.028386986402350545 -0.008450170325450193 0.015754008146857332 -0.999840164956551 -20.645961099667037 0.9999027338745666 -0.010970706271718604 -0.008623556962238576 -0.5210035091403733
-0.010411958091059825 -0.9998213655764833 -0.01577167828454737 0.03661913685996812 -0.009433863674855282 0.0158700493548087 -0.9998294735584065 -21.85460384745509 0.9999013085358183 -0.010261395652740866 -0.009597415563748877 -0.5383547521886108
-0.01052710829247945 -0.9998232024270111 -0.015580431802107941 0.04287496955738791 -0.00935483906947566 0.01567908538620692 -0.9998333234272009 -23.047880258160273 0.9999009226638026 -0.010379601316987466 -0.009518238993727467 -0.566365799683797
-0.010237471127062227 -0.9998253273922626 -0.015631933362679786 0.047491525766327924 -0.010669767550262797 0.015741086337812175 -0.9998191168162515 -24.23966669537747 0.9998907034295286 -0.010068831200079493 -0.010829052710749947 -0.5839461406132798
-0.00970307732282305 -0.9998231991728712 -0.01610263836551012 0.051000512961906705 -0.011277035875286013 0.016211784521718196 -0.9998049585749682 -25.445683449747534 0.999889445727152 -0.009519595876295596 -0.011432345698895143 -0.6057825042192357
-0.010552690647980933 -0.9997854582686336 -0.017823184464147164 0.056261822254505156 -0.011814771001227855 0.017947596615766774 -0.9997691192472695 -26.648324995646316 0.999874509683907 -0.010339677192516657 -0.01200163146778584 -0.6172572657741512
-0.011104764942050396 -0.9997727585205014 -0.018195446044952792 0.06161866406372042 -0.012807978514558784 0.01833728939655391 -0.9997498323740727 -27.86399836212209 0.9998563810981693 -0.010868940435010882 -0.013008698454503512 -0.6430958792946501
-0.012850289303274486 -0.9997663377376578 -0.017380252626291958 0.06257548658657572 -0.012413258136946213 0.017539851844413885 -0.9997691457057731 -29.05653823746805 0.9998403743504349 -0.012631576517557131 -0.012635750541139397 -0.6758131804231684
-0.013131173667760003 -0.9997706772301012 -0.016915219350820746 0.06768678778619072 -0.013457061272247939 0.017091843292812298 -0.9997633694151326 -30.236379230823662 0.9998232292426927 -0.01290043736499729 -0.013678410625052297 -0.691246433869097
-0.0117238168908426 -0.9997918016045939 -0.01670031499632247 0.07343225950388449 -0.014367857924980992 0.016868172438522063 -0.9997545144438948 -31.433664324009744 0.9998280790123681 -0.011480990694052472 -0.01456262554767946 -0.7133411994593536
-0.012227709453846733 -0.9997790804522609 -0.017098260961335494 0.07857442579206558 -0.015975304936266855 0.01729268351197225 -0.9997228469170238 -32.63260721752752 0.9997976398835109 -0.01195117011030098 -0.016183223058125515 -0.7446402432820958
-0.012786439782442857 -0.9997649650295376 -0.017506799663571604 0.07886873579192973 -0.01651989523532998 0.017717057202641984 -0.9997065195245382 -33.84017431998925 0.9997817912716973 -0.012493476868828592 -0.01674255542019912 -0.7690252973160554
-0.013728276981193476 -0.9997497284576569 -0.017660774331765265 0.084349713419523 -0.01653719455852886 0.017887036135826893 -0.9997032305488932 -35.05960417864984 0.9997690264844014 -0.013432143230645427 -0.01677861315463342 -0.7977913246384614
-0.013811930323991643 -0.9997486209396796 -0.01765669541087143 0.08647120418618466 -0.017828733400934542 0.01790180680394649 -0.9996807704134575 -36.25453799279614 0.9997457449881347 -0.013492725709751333 -0.018071509479954846 -0.8266597505309098
-0.014451888389741978 -0.9997329500277524 -0.01802737841596617 0.0902329909756635 -0.017669750249294184 0.018281791872052332 -0.9996766916469904 -37.48631325276754 0.9997394875899438 -0.014128677798984478 -0.017929234482310357 -0.8577286124411561
-0.013762400353806672 -0.9997216199221923 -0.019164980514667015 0.09513223080903446 -0.017838931322967603 0.019409229768838836 -0.9996524936103272 -38.677290671237365 0.9997461604261298 -0.013415734929087802 -0.018101083415032162 -0.8898541599150028
-0.013048553957714381 -0.999715744906588 -0.019950589265125655 0.09518265283922023 -0.01805066615961819 0.02018454511674894 -0.9996333524887056 -39.8812034159173 0.9997519413417815 -0.012683648784566421 -0.018308915159034555 -0.9209382870770237
-0.012280223541905787 -0.9997269316188242 -0.019881431056576172 0.09637957112446993 -0.017476945450393466 0.020094487498039253 -0.9996453169614758 -41.06105753147011 0.9997719089693632 -0.011928401120738067 -0.01771893095613346 -0.9401162228520391
-0.011532070168408381 -0.9997290702194732 -0.02021442812856656 0.09954581920644416 -0.01749911973837425 0.020414450817138316 -0.9996383931713997 -42.25226917905435 0.9997804303312808 -0.011174166563305051 -0.017729796648729933 -0.9651048212940415
-0.009416047604413232 -0.99971090988806 -0.022120548135744822 0.09516745109088294 -0.016273268066355952 0.022271798601650343 -0.9996194595737575 -43.443233188045674 0.999823328759827 -0.009052491699113856 -0.016478277397237107 -0.9846987223482019
-0.008370930775391517 -0.9996512225504927 -0.02504549032071083 0.09501444348541757 -0.014924137007904684 0.0251684796820038 -0.9995718574072775 -44.651143605335044 0.9998536458495858 -0.007993563952336928 -0.01512961390661228 -1.014313455285327
-0.007907123597569708 -0.9996021656321562 -0.027071414507960245 0.08419111122238211 -0.013518162229445572 0.027176637487902368 -0.9995392181161794 -45.86776047971596 0.9998773500146367 -0.007537524516956429 -0.01372767389033266 -1.0386823934146479
-0.008047962051061244 -0.9995291252956281 -0.029608547131869407 0.07166181512299434 -0.011624657323837507 0.029701019929674742 -0.999491187119998 -47.09417299390687 0.999900040268101 -0.007699677916109511 -0.011858215878613491 -1.0640491055603882
-0.009504897214404093 -0.9994747945352046 -0.030979036423616636 0.062123319131671864 -0.010647297278313952 0.031079838982245443 -0.9994601788096155 -48.29163587609795 0.9998981901783364 -0.00916992358071987 -0.010937115867841353 -1.0764635670707203
-0.010240422723718624 -0.9995168066153742 -0.02934472548790533 0.047066728034148894 -0.009425815974464916 0.029441449774425817 -0.9995221074577625 -49.51805986140832 0.9999031863575844 -0.009958931051653222 -0.009722755350707189 -1.0947773908278873
-0.008931398072532222 -0.9995170584173678 -0.02976209862477295 0.03997194474273345 -0.007436974250446314 0.029828857999250176 -0.9995273154784996 -50.72201211078709 0.9999325253399072 -0.008705837149202717 -0.007699795026717958 -1.10323579586905
-0.00808798838433751 -0.9995352002820912 -0.0293908309698615 0.01896557086543192 -0.007165026324461172 0.02944897038699902 -0.9995405597942442 -51.903387049704506 0.999941735096471 -0.00787368749998628 -0.007399878002661509 -1.1214382399869824
-0.0076957989974201476 -0.9995521701529235 -0.02891618305608183 0.012557226707153923 -0.006820502267246222 0.02896883849524052 -0.9995570632242602 -53.12458995917952 0.9999472222826725 -0.007495167548463242 -0.007040384497820371 -1.1410951532427724
-0.008847768170728168 -0.9995801685853305 -0.027589938230426797 0.005859388034836946 -0.007536969629429827 0.027656890181985222 -0.9995890342294709 -54.28105961609433 0.9999325563708855 -0.00863618744812489 -0.007778506011257054 -1.1560758632776404
-0.007966872690816687 -0.9995722827988583 -0.02813711896024548 -0.010220479099275245 -0.008531345574493438 0.0282049316299524 -0.9995657500375302 -55.47450963953601 0.9999319257746797 -0.007723366093412951 -0.008752400939135716 -1.1767598585137014
-0.008062396563964094 -0.9995430107584532 -0.029131144324846196 -0.019784230177759432 -0.0090979202364633 0.029204207658938254 -0.9995319876664621 -56.67580414061484 0.9999260963608656 -0.007793591260095027 -0.00932921809497416 -1.2006010655213735
-0.008363995693494816 -0.9995030554703033 -0.030391957418776865 -0.026834873521634016 -0.010566750437342813 0.030479670747227097 -0.9994795610550309 -57.88262914609742 0.9999092577391847 -0.008038497925895085 -0.01081643005373228 -1.2137579157155043
-0.008079989695961883 -0.9995233440285174 -0.029795791887954372 -0.03915953294525989 -0.010661276218967317 0.029881173815468526 -0.9994965674282625 -59.10054911879952 0.9999106090807799 -0.007758261778204405 -0.01089763211950664 -1.232926852264624
-0.007372741463685181 -0.9995388715477693 -0.029455166086151986 -0.048172613519859096 -0.011735485300509396 0.029540423818680814 -0.9994947467808861 -60.301400526440524 0.9999039930025736 -0.0070233457403579575 -0.01194786735499563 -1.257686537239957
-0.008525958841695295 -0.999521709836162 -0.029725022732344886 -0.06089591359700403 -0.012336986817638281 0.02982898534147042 -0.9994788458354993 -61.519025219547274 0.9998875762275811 -0.008154798517460688 -0.012585405499775121 -1.2741845466209818
-0.00953977012202131 -0.9995225537676331 -0.029385527517854455 -0.06556318699149305 -0.012206180991534355 0.029501078005290345 -0.9994901897883511 -62.72416089550469 0.9998800471267663 -0.009176222176665578 -0.012481786083269032 -1.2923226733848157
-0.008879329371157832 -0.9994980496098527 -0.030411437264630116 -0.07253330376055438 -0.013039053370427506 0.030525778213563625 -0.9994489657749104 -63.923994135212894 0.9998756252670928 -0.00847789984304518 -0.013303554842405791 -1.3114191033215157
-0.009982070936226824 -0.999449917293323 -0.03162701539484182 -0.08942410346758911 -0.013108326567413862 0.031756664101308014 -0.9994096565183226 -65.12712900235385 0.9998643397570415 -0.009561600988346786 -0.013418110875081189 -1.3382930103928001
-0.009933857264421324 -0.999485552933669 -0.030494590717749414 -0.0964947054956759 -0.013258298143598322 0.030625061363628713 -0.9994429819331403 -66.33281258801561 0.9998627712562689 -0.009524017657486103 -0.013555702139207388 -1.3607902417426476
-0.00929325159655092 -0.9995051636232982 -0.030050926570869226 -0.10767199214795872 -0.012935974058931085 0.030169880368082172 -0.9994611126694292 -67.53841691912457 0.9998731803893589 -0.008899505172333996 -0.013209948471531245 -1.3832501831984785
-0.006250217151595634 -0.9995251623917484 -0.03017213380053959 -0.11971998281212995 -0.01255595670848576 0.030248786171886855 -0.999463507600978 -68.72672955644371 0.9999016520201922 -0.005868024214456536 -0.01273905402029122 -1.4117223765692877
-0.004547524287325864 -0.9995277381836922 -0.030392566957295107 -0.12829900416385978 -0.013110046136485419 0.03044985744955525 -0.9994502934144432 -69.92721194517964 0.9999037821545022 -0.0041465761254477936 -0.013242324162229382 -1.4359041044662948
-0.0035748321192596204 -0.9995228573286945 -0.030678693861503115 -0.14455475885119304 -0.013062371077199198 0.03072294252617364 -0.9994425741098267 -71.12420271833494 0.9999082914453366 -0.003172102324490749 -0.013165968406914016 -1.4712738197725508
-0.002395105358753355 -0.9995170563549719 -0.030980214040938238 -0.1499413564712189 -0.01241350084950194 0.031007632385350307 -0.9994420769843618 -72.30093547203663 0.9999201012360065 -0.002009196580819909 -0.012481772026596945 -1.5053555401074568
-9.747981276975355e-05 -0.9995085698615078 -0.03134729271618502 -0.1664488949795039 -0.010585173847291804 0.031346564660254914 -0.9994525383564015 -73.48660235369407 0.9999440379811951 0.0002343906353010055 -0.010583025847485163 -1.5268077502027366
-0.0012587439894352686 -0.9995410106142887 -0.030267701686821514 -0.1747195493995087 -0.007391536116620957 0.030276202233892095 -0.9995142059545494 -74.66702177394637 0.999971924837202 -0.0010344076791823286 -0.007426252244456826 -1.5409623299475503
-0.004142621718280146 -0.9996512063897743 -0.026082772414670347 -0.17286560750504887 -0.004753600693414497 0.026102388000269455 -0.999647957094932 -75.83627804732032 0.9999801475513114 -0.0040171764242791915 -0.0048600741819893045 -1.5493070717976822
-0.004072408708363528 -0.9996517200215521 -0.026072992051060374 -0.1856453849699159 -0.0014685727084211243 0.026079156257657755 -0.9996587290225785 -77.00349770512128 0.999990713061579 -0.004032729978609706 -0.001574264549294224 -1.5635339710246636
-0.004376464903666529 -0.9995700589512211 -0.0289912694746046 -0.1932914406869172 5.600785300591729e-05 0.02899130025957521 -0.9995796353107862 -78.17666573209321 0.9999904871025884 -0.004376249633941554 -7.089435590868127e-05 -1.5713132983694778
-0.00495830121707091 -0.9995352267946186 -0.03007829318631962 -0.20701848919196197 0.0028206542004788767 0.03006456294762277 -0.9995439432114219 -79.35930577797177 0.9999837639074374 -0.0050408805728138825 0.002670274269448141 -1.5799650129644456
-0.004360077800160437 -0.9995735067744523 -0.028876091890350973 -0.22161283737841359 0.007106554776737641 0.02884466478556695 -0.9995586092388704 -80.54550118846862 0.9999652879389187 -0.004563363550566597 0.006977756014593489 -1.594089398058303
-0.005430934546291049 -0.9996284248021431 -0.02671337127378403 -0.2214405364538664 0.010613201688739173 0.02665463773846275 -0.9995883968175371 -81.68867634705332 0.9999290005959175 -0.005712212646540025 0.0104644998078283 -1.5892309782288125
-0.004644964581467529 -0.9997066114552648 -0.02377167597939541 -0.2235063567229111 0.01491229540605854 0.023700041273930023 -0.9996079242778404 -82.83768142269435 0.999878016045485 -0.004997632774342196 0.014797832307537506 -1.5761223887797908
-0.005702332505059799 -0.9997231294405919 -0.022827830916038093 -0.22720191736412865 0.01828843858444269 0.02272012238861284 -0.9995745545745575 -83.9993738028313 0.9998165097305874 -0.0061173919425384984 0.01815381711644697 -1.5723317130402608
-0.005615831964818484 -0.999693390217431 -0.024116664325158438 -0.23145195900113652 0.022076703053628858 0.023987221991553002 -0.9994684985484806 -85.16530201540638 0.9997405974295196 -0.006145263874228442 0.021935220973265487 -1.5705892072322194
-0.004832551027113248 -0.9997063667581515 -0.02374125331476502 -0.23173020182458126 0.025294134326281685 0.023611731860618934 -0.9994011583941209 -86.36408787112441 0.9996684358327924 -0.005430172462281042 0.025172607166494314 -1.559391988474848
-0.005322335921775549 -0.9997362905973756 -0.022336261282321218 -0.22609622022345896 0.028634636563001987 0.02217505011291781 -0.9993439617291218 -87.52033339145325 0.9995757748087108 -0.005958435244991369 0.028509055808857736 -1.5318663336513454
-0.005560610741810586 -0.9997657704957437 -0.020915672783410652 -0.22623494781397158 0.03257893955378934 0.020723770522245548 -0.9992543132659915 -88.65549188901814 0.9994537950021124 -0.006237874587152798 0.03245606221956505 -1.4774531736817114
-0.005328740434480422 -0.9997749255174053 -0.020535611800272628 -0.22993530462206158 0.03528553255064588 0.020335124568581477 -0.9991703684786986 -89.81874984652475 0.9993631081036688 -0.006048929188776385 0.03516922486589895 -1.4382001913105373
-0.006672147673249605 -0.9997426622468998 -0.021681254089660984 -0.2300944559986322 0.03768164506872171 0.021414973685852667 -0.9990603091339901 -90.97065100031095 0.9992675712372312 -0.007482863726292993 0.03752905598739695 -1.387457557279116
-0.006729462304711727 -0.9997234565266226 -0.022533667520125318 -0.23162867337944476 0.040652031403043 0.022242046633168644 -0.9989257168980635 -92.14359740120997 0.9991507659392587 -0.0076382718211051 0.04049111467154309 -1.3366661783925784
-0.007611493745772459 -0.9996702638574142 -0.024524323442055004 -0.23954349640865222 0.0439600560732941 0.024166813483615324 -0.9987408799603064 -93.25434760437311 0.9990043609438142 -0.00868000099763211 0.04376161126215714 -1.2990304207556216
-0.009393654943686658 -0.9996219927316481 -0.02583819741100718 -0.24259057969063144 0.046504340348172905 0.02537466236039706 -0.9985958111307843 -94.41812575078532 0.998873961956894 -0.010582052183269242 0.04624839792328961 -1.2527578809523243
-0.010438605820407532 -0.9996569982680945 -0.024018890635527194 -0.24464608847778208 0.04777203823856976 0.023494214495104956 -0.9985819273737737 -95.58759894005748 0.9988036948705431 -0.01157123357166164 0.04751040102530257 -1.2039562978521654
-0.011417129560273544 -0.9997166957157507 -0.02088537869919692 -0.2452914714433795 0.05041394388584056 0.02028468304623952 -0.9985224301861488 -96.7553488073286 0.998663172063939 -0.012453173198591393 0.05016806851403403 -1.1495638507394863
-0.011307377211053831 -0.9997636437607117 -0.018568981010629364 -0.25427905468533374 0.05246589161901804 0.017951400967064667 -0.998461381135164 -97.93304294580062 0.9985587617423295 -0.012264217400535129 0.052250506243989164 -1.1028811098181226
-0.011121770895657003 -0.9997785720283302 -0.0178606516470746 -0.25154395657258727 0.05391243048864423 0.0172362334181329 -0.9983968827305422 -99.10469737080172 0.9984837745131551 -0.012066853035742777 0.0537087984775241 -1.0426995332755136
-0.011425178968278714 -0.9997751454323552 -0.0178596623654899 -0.252922412328899 0.055099672402150766 0.017204226495611322 -0.9983325844212668 -100.22555650878883 0.9984155668139094 -0.01239019117563379 0.054890726472667385 -0.9907439192867119
-0.010799384812885799 -0.9997486383399826 -0.01964877811470551 -0.25068414945159223 0.05464468442747401 0.01903051196599814 -0.9983244522655744 -101.3919363249431 0.998447529993191 -0.011854991789120216 0.054425428846887655 -0.9247837333226966
-0.011289207423929377 -0.9997064557362214 -0.021436495417677132 -0.24633545857284028 0.05322804826399097 0.020806664754339135 -0.9983655248145162 -102.56485347030575 0.9985185737971868 -0.012411779446907686 0.05297754266959025 -0.8599597559541454
-0.010704466920017279 -0.9996924028403678 -0.022369813056674202 -0.2548182424076435 0.0523851426671174 0.021779727786254123 -0.9983893814535171 -103.74124522830037 0.9985696152817586 -0.011859073108951516 0.05213589013376316 -0.8057072401137052
-0.010704070095917681 -0.9996855448362442 -0.02267488337411908 -0.2534526147960981 0.0493065225421747 0.02212092384795141 -0.9985387247193283 -104.94477397678364 0.998726338554985 -0.011806447875558845 0.04905424024796627 -0.7585421411334721
-0.010220449003284851 -0.9996899015621061 -0.0227041057792996 -0.2589468152821595 0.04652959962585973 0.022205240919044876 -0.9986701121068813 -106.160813452788 0.9988647084334191 -0.011263270772411267 0.04628822448423998 -0.7182310061605008
-0.009070990754247617 -0.9997150133677816 -0.02207743455625392 -0.26704811309467896 0.042334256996342676 0.021674611848451673 -0.9988683856712663 -107.3733399183098 0.9990624162016389 -0.009995358469584357 0.042125588505795945 -0.6728419547151337
-0.009106680911894812 -0.9997113836376965 -0.02223128923553591 -0.27458169426122797 0.03831600761965376 0.021867023789428564 -0.9990263619400425 -108.59265515715019 0.9992242292307388 -0.009949628785557016 0.03810581342246625 -0.6507275579234171
-0.008351555813321239 -0.9996921164912917 -0.023364043069287056 -0.28336090460053576 0.03462670229709203 0.023061726234591733 -0.9991342050701296 -109.80980965537414 0.9993655209264406 -0.009153345646446298 0.034423447578729505 -0.6071013147916415
-0.008193429885205614 -0.9996729735400284 -0.024224865307134868 -0.2860812338840893 0.030058201952136758 0.023968516215110196 -0.9992607918430755 -111.03044781932414 0.999514630145121 -0.008915528313936006 0.02985198467009543 -0.5786087858760259
-0.008270290652019022 -0.9996617596841738 -0.024654081821771645 -0.29509808216008815 0.026638869582430995 0.024425924735904297 -0.9993465912039774 -112.21793646853284 0.9996109378147685 -0.008921644458259654 0.026427846916114724 -0.5666573047402564
-0.007942142808517936 -0.9996510021989898 -0.025194730337625797 -0.30129761298126867 0.021051266504176578 0.025022794611136195 -0.9994651734097475 -113.4488891295225 0.9997469357953974 -0.008468277446559919 0.02084518219738174 -0.5511343027866434
-0.007107769522178207 -0.9996391575472167 -0.025901828607483527 -0.3049830083686329 0.016125983963257044 0.025784526694310174 -0.9995374679146075 -114.66256049917637 0.9998447057993143 -0.007522174828588142 0.015936894827868035 -0.5307758073603075
-0.0065399244656605135 -0.9996474639203273 -0.025732060901324846 -0.31404293852612114 0.011347983525850942 0.025656771661465023 -0.999606377982846 -115.89550990637768 0.999914277527406 -0.006829357369822152 0.011176187804195494 -0.5320726961551931
-0.005896954423720456 -0.9996583460117627 -0.02546005114230891 -0.31922564388957236 0.006440297794770039 0.025422005268791344 -0.9996560121580621 -117.11316686747352 0.9999619082121098 -0.006058897624892558 0.0062881881549291105 -0.5371871246261842
-0.0042097609850647345 -0.9996792224557468 -0.024975591770511136 -0.3254602903942639 0.0033495961407385964 0.024961581398806554 -0.9996827569751989 -118.34285048364471 0.9999855609455023 -0.0042920833499280235 0.003243439586258177 -0.5362475417429017
-0.0020532692060577194 -0.999691411136378 -0.024756171993120406 -0.33233117433646975 0.0006259051063712338 0.02475493810138958 -0.9996933603439614 -119.5969549770097 0.9999977509241242 -0.002068135335250407 0.000574884104668145 -0.5428817735824173
-0.001290291839095457 -0.9996959396108268 -0.02462124889016081 -0.333979980794358 -3.0094771958233868e-05 0.024621307156474835 -0.9996968497947557 -120.83233000224521 0.9999992458056279 -0.001289160541917073 -6.185331737937273e-05 -0.5571181006908463
0.0009461402520476361 -0.9997013976870482 -0.02441723189491413 -0.3426353518759756 -0.0007116604837140883 0.02441656334688756 -0.9997015858024154 -122.06243123606961 0.9999993611005271 0.000963239840913328 -0.0006883445989351872 -0.5747359331952326
0.0031271185063313778 -0.9996710428065272 -0.025456695220256474 -0.3538413462979412 -0.002211211722128125 0.025449849640382625 -0.9996737169575807 -123.29761376118715 0.9999927081644638 0.003182389559408961 -0.002130899146714002 -0.5932418537415802
0.003438926596409937 -0.999636281983373 -0.026745867325514372 -0.3552394790432519 -0.0031243083097343793 0.02673515830587986 -0.9996376462021692 -124.55233785558018 0.9999892515531009 0.0035212396101077063 -0.0030312309022897926 -0.5986253485580086
0.005871850821431294 -0.9995679915139255 -0.02879952908209625 -0.3721470044892742 -0.004908190575183322 0.028770866220235263 -0.9995739243738203 -125.81044827127496 0.9999708192246065 0.006010700821545334 -0.004737129941666555 -0.6242842310185283
0.007119208601802887 -0.9994794146769501 -0.0314651228696989 -0.3955456479697766 -0.005877953208283706 0.03142355098608331 -0.9994888810594829 -127.07326086146607 0.9999574381142975 0.0073005107850782885 -0.005651181587886194 -0.6484246209564948
0.005900399656848108 -0.9994663887101107 -0.03212544104303741 -0.4030329270642166 -0.0060631224284558435 0.032089653894552955 -0.9994666407620837 -128.32873978464292 0.9999643031143037 0.006092034950470143 -0.005870544551401053 -0.6600372795936637
0.006510157240116332 -0.9994842876790037 -0.0314428873675667 -0.420289512498782 -0.006324106256736324 0.03140177326330496 -0.9994868418160313 -129.58607153227652 0.9999588669126801 0.006705663977385156 -0.006116413503421291 -0.6682849455036519
0.0037380738101175526 -0.9994832484451773 -0.031924584753334935 -0.4396426017328158 -0.006260030207025384 0.03190078917202862 -0.9994714351930021 -130.84272106809493 0.9999734431911241 0.003935946007812495 -0.006137546982146166 -0.671785068169255
0.001125019451591493 -0.9994508710049939 -0.03311494290381345 -0.447435809225288 -0.007759663143995561 0.03310524339304839 -0.9994217179601098 -132.1036553721029 0.9999692873337226 0.0013813295015108005 -0.007718157844639873 -0.6841865727777893
-0.0012637590985352908 -0.9993780468459836 -0.03523988023384439 -0.4664513353988814 -0.008068601593185159 0.035248950600365675 -0.9993460064238813 -133.39040354011533 0.9999667308251925 -0.00097859674044669 -0.008108128501830379 -0.6987121994967125
-0.0031512909676733297 -0.9993295930976795 -0.03647519307573869 -0.48612887519168857 -0.007126979780132775 0.03649688955697117 -0.9993082982523303 -134.63613216058158 0.9999697022820139 -0.002889154052689932 -0.007237212589297833 -0.7254174299323466
-0.0063092345982756325 -0.9993446773125968 -0.03564069943804274 -0.4990776541307568 -0.007511188872734532 0.035687767445645086 -0.9993347374256015 -135.89800399167618 0.9999519338023737 -0.0060373337811999534 -0.0077314288473694474 -0.7349627532903049
-0.007834777115034185 -0.9993601084800174 -0.034898456412871225 -0.5236402273397414 -0.006677955982917484 0.03495103857208276 -0.9993667159743067 -137.16161305251768 0.9999470693537666 -0.007596766033355211 -0.006947515457048571 -0.7378668642151978
-0.010408660725269157 -0.999329506274399 -0.03510107437289083 -0.5401710134526503 -0.0075398662985066076 0.0351804158600448 -0.9993525507250465 -138.4574430160107 0.9999174532555386 -0.010137264316306583 -0.007900991934775638 -0.7521619409583125
-0.011485670710719365 -0.9993323094352932 -0.03468231735842649 -0.5598251315088925 -0.00703980339214417 0.03476456667439416 -0.9993707786108426 -139.71174751253585 0.9999093407234984 -0.01123428678808135 -0.007434396963674795 -0.773276885996332
-0.01243602329434422 -0.9992747710750899 -0.03598841749132419 -0.5780760202858193 -0.005251663409734922 0.03605597112964986 -0.9993359283289948 -140.9754679908883 0.9999088664419621 -0.01223876627042396 -0.005696247335305636 -0.8018486170540436
-0.010421354261452548 -0.9992544585775607 -0.037173678299945986 -0.6022137789619223 -0.005177919887679485 0.037229124431780176 -0.9992933109691893 -142.251345284206 0.9999323233190645 -0.010221507657276781 -0.005562036570327623 -0.8169371459243762
-0.009929117809538505 -0.9993038084041064 -0.03596215034640621 -0.6154913764407162 -0.004220175229387771 0.0360054865841378 -0.9993426962279021 -143.53274458351217 0.9999418599367805 -0.009770824768750862 -0.004574739114599291 -0.8413412434175116
-0.00821721742397542 -0.9993667408663088 -0.03461822374905261 -0.6396275990484285 -0.0036011662616936644 0.03464874291042308 -0.9993930445638188 -144.82793051170407 0.9999598339498292 -0.008087565035224875 -0.0038836011864476594 -0.8562280058107621
-0.007860138021561639 -0.9994216990416156 -0.0330834040821521 -0.6603492246509374 -0.003738339463616689 0.03311357037125834 -0.9994445420115559 -146.09761158416728 0.9999621597365225 -0.00773209475590277 -0.0039964534496966945 -0.8788040100220894
-0.008780674551030581 -0.999534987381299 -0.02919785464953787 -0.664355502402083 -0.002792681790895503 0.029223385063016506 -0.9995689681373309 -147.37027265647106 0.9999576264810343 -0.00869535000791967 -0.003047983511985922 -0.876536626549083
-0.007775993114505212 -0.9996211800848692 -0.026402224780855285 -0.6738887354625542 -0.003071598363308048 0.02642677329331832 -0.9996459599985459 -148.6417670033228 0.9999650303138421 -0.007692142707874549 -0.0032759281788131028 -0.87988147388998
-0.008128366338804711 -0.9996271733416489 -0.026067216985232015 -0.6791186287143974 -0.00304368049449858 0.026092684142224206 -0.9996549263168104 -149.91669182220764 0.9999623856855402 -0.008046221277092458 -0.0032546358034194916 -0.8841754760572954
-0.008698146981329627 -0.999641771279673 -0.02530795397687428 -0.6776670790573901 -0.0023231994359303528 0.025329049621658814 -0.9996765021366879 -151.18902815249461 0.9999595005715899 -0.008636537963342664 -0.002542682640329182 -0.8995484522792976
-0.009159385935774323 -0.9996312313459269 -0.025562428023113613 -0.6829951250880231 -0.0028059498383431326 0.025589087256205567 -0.9996685663098108 -152.44901011788764 0.9999541889058031 -0.009084624137365582 -0.003039294220431239 -0.9188078494781694
-0.008422969577452376 -0.9996015858062972 -0.02693725404640004 -0.6916158043074632 -0.002343267041590464 0.02695786539592486 -0.9996337888246896 -153.71981658062506 0.9999617921407181 -0.008356764136094834 -0.0025693978184724805 -0.9311502501623711
-0.00783086272518872 -0.9995970557652056 -0.027281650444646074 -0.7004900921887997 -0.0032996450980380013 0.02730816505926786 -0.999621565882662 -154.98220405209474 0.9999639595187758 -0.0077378810683594815 -0.0035121613340791335 -0.9444039678861991
-0.007612567932986609 -0.9996016521554351 -0.027177656723721532 -0.7082102352156259 -0.003985953040600951 0.027208563882780326 -0.9996218964979199 -156.25298663230953 0.9999631533900317 -0.007501359933315775 -0.004191491749793714 -0.9651937519222458
-0.007774565075566771 -0.9995933279229013 -0.027434953690685725 -0.7173196325828324 -0.0044340350854318155 0.02746996651158411 -0.9996128224658817 -157.52835581177507 0.9999600578063136 -0.0076499080082581584 -0.004645797956017342 -0.9817320303763846
-0.007464576480629186 -0.9995676913780291 -0.02843669213809414 -0.7270033718636149 -0.005948109297345373 0.028481368732945885 -0.9995765783203859 -158.7989378574704 0.9999544742498822 -0.007292270823482445 -0.006158138252316697 -1.0024701146086223
-0.006623096660838929 -0.9995626273640177 -0.02882070686759243 -0.7397590172627398 -0.005821020834348739 0.028859385097798076 -0.9995665206665638 -160.06745851366748 0.9999612342642126 -0.006452460693222785 -0.006009611436959149 -1.0198903984235193
-0.006212206610613032 -0.9995789368821133 -0.02834118576513276 -0.7497947964562635 -0.007120478967275093 0.028385240309045223 -0.9995716970277603 -161.323779147592 0.9999554009995845 -0.0060077429646846255 -0.0072938146984321845 -1.036799755953759
-0.006083237306256511 -0.9995956646760208 -0.027774855929409065 -0.7583764505260341 -0.0074270509818560515 0.027819766470760933 -0.9995853336371223 -162.58238234246548 0.9999538991147102 -0.005874429145809139 -0.007593282164504419 -1.0432135244637204
-0.006111709310889244 -0.9996010306506886 -0.027572834617721274 -0.7645144988093627 -0.007630892440563355 0.0276191717313028 -0.9995894175714475 -163.85082658332567 0.9999523071544602 -0.005898794952039703 -0.007796648420413551 -1.0572498558934285
-0.006284466955704484 -0.9996188225520655 -0.02688326696196157 -0.7732117380774605 -0.009145796913360456 0.0269401306365173 -0.9995952452438444 -165.11804005246555 0.9999385350129194 -0.006036053826283347 -0.009311613680812817 -1.0795512816360238
-0.005705635778769992 -0.9996562725416053 -0.025588024781852264 -0.7764646044831899 -0.008827565333725014 0.025637797765265084 -0.9996322945497308 -166.38580630806746 0.999944826335625 -0.005477657595433907 -0.008970810986495095 -1.1068406177641672
-0.004857603685983576 -0.9996473322553535 -0.026104646917891862 -0.789890012146692 -0.009761010749859366 0.02615110840332527 -0.9996103605035488 -167.64884949326708 0.9999406323582493 -0.004600902931390649 -0.00988459971734169 -1.1343613928609981
-0.004972728059014813 -0.9996204162149432 -0.02709725536970866 -0.7979002745549603 -0.01058232561641396 0.027148677853872788 -0.999575358378644 -168.91500548961434 0.9999316677069657 -0.004683864479829946 -0.01071331079485797 -1.1606567410267612
-0.004119040459602428 -0.999613583618536 -0.02749047508154512 -0.7990623472915286 -0.010628045044896013 0.027532917885651285 -0.999564385325439 -170.18076663111015 0.9999350941901005 -0.0038250764081817845 -0.010737345426048853 -1.1708469880467707
-0.00405485927586041 -0.9996047213570239 -0.027819384281945067 -0.8045432216125339 -0.011730802840325722 0.027865248938369905 -0.9995428711365755 -171.43542374266622 0.9999230288612968 -0.0037266627199045747 -0.011839155662509489 -1.1928311851520792
-0.004290530699816426 -0.9995686955605926 -0.029051118746168954 -0.8153154456776379 -0.011914742945309031 0.029100425490014934 -0.9995054438250814 -172.69673076859118 0.9999198466261578 -0.003942272001155447 -0.012034458790198503 -1.2044322447287028
-0.003978540074637863 -0.9995855392920904 -0.02851038913533851 -0.8259637360323385 -0.013061463623997295 0.028560124697296546 -0.9995067309206829 -173.95385937252277 0.999906795286279 -0.003604189546242971 -0.01316967762265868 -1.2351251090080115
-0.002850571231123385 -0.9995975260958015 -0.02822637504671496 -0.8350272610970126 -0.013502162141748451 0.02826238868112872 -0.9995093509446118 -175.21545453916352 0.9999048346664887 -0.002468055108150083 -0.01357729045000533 -1.269571526769494
-0.0026418299553832196 -0.999592879742584 -0.028408664741260917 -0.8477454751709989 -0.013781226134656679 0.028442461090798243 -0.9995004470332814 -176.50241526058613 0.9999015610635812 -0.002249004204941489 -0.013850756135415023 -1.2991169817237846
-0.002984784098919553 -0.999621500177484 -0.027348766973200427 -0.8557678319755623 -0.014269385994884769 0.02738867313072878 -0.9995230124592838 -177.76938964595374 0.9998937414002355 -0.002593109758559366 -0.014345733031809221 -1.316734824933993
-0.003919843193783355 -0.9996452752286795 -0.02634148943810112 -0.8650932210015889 -0.013687852386844163 0.02639285792590259 -0.9995578760022725 -179.0260956391232 0.9998986538580558 -0.0035575509595740865 -0.013786452732119233 -1.3420914519175777
-0.00614343093554903 -0.9996293736682101 -0.026518750049918285 -0.8705494540136174 -0.013916451739716385 0.026602151890967485 -0.9995491715700318 -180.27333606497044 0.9998843226093643 -0.005771615658053531 -0.014074720955418457 -1.367866303353548
-0.00588525660166704 -0.9995397488373166 -0.029756643056022818 -0.8808693141259197 -0.014490600494130578 0.02983928058143324 -0.9994496973506096 -181.55134372932903 0.999877739448067 -0.005450826491889065 -0.014659544979766192 -1.386252517963314
-0.007341682845175784 -0.9993973486471999 -0.033926798652093984 -0.8950147121578491 -0.01416541905095358 0.03402824993625501 -0.9993205230688301 -182.82987205189974 0.9998727365983443 -0.0068561067104472165 -0.014406706091079212 -1.399419921882456
-0.006711697706528847 -0.9994198594838642 -0.033389711904492525 -0.902690044983073 -0.01471215379491001 0.03348554136817755 -0.9993309510532091 -184.0895271839528 0.999869289527538 -0.006215972734709819 -0.014928364661648711 -1.429557712852996
-0.006096163871979084 -0.9995048059070235 -0.030870797900699198 -0.9192057070707892 -0.013543219783614995 0.030951063803017154 -0.999429152910412 -185.34619142009237 0.999889737843299 -0.005674593433329792 -0.013725195931038063 -1.4562971489539092
-0.005503962212230614 -0.9995441879658414 -0.02968408521764402 -0.9294603622097177 -0.014281604741604793 0.02976008597025452 -0.9994550182405317 -186.5796746838769 0.9998829183301045 -0.005077026307332934 -0.014438892758023908 -1.4867538876945436
-0.005491868422966278 -0.9995546570657936 -0.029331607904110085 -0.9345909653838603 -0.014731641418783234 0.02940974430661808 -0.9994588502630875 -187.83469007254158 0.9998764144334904 -0.005056794391757493 -0.0148865978836518 -1.5082440011478444
-0.00439471557511906 -0.999542468676101 -0.029923537977979926 -0.9427081526438061 -0.01440636614636778 0.02998400004702073 -0.9994465074287996 -189.09831069062355 0.9998866097388626 -0.003961194182065689 -0.01453154547190167 -1.5442803893104147
-0.004873634716434856 -0.9994851794108839 -0.03171176705157295 -0.9543927741635426 -0.015155419746851827 0.03178233392423904 -0.9993798757878295 -190.33920228299414 0.9998733038738874 -0.004390007970832821 -0.015302508207804183 -1.5807389628454254
-0.006052807462051246 -0.9994505589208077 -0.03258592738777289 -0.968253092391367 -0.014091891906672016 0.0326685377257739 -0.9993669237271555 -191.60105008890105 0.9998824544261276 -0.0055897782293119775 -0.014281885263722646 -1.6168372604879722
-0.007008412423293659 -0.9994378030203706 -0.03278594079822966 -0.990928153487739 -0.013536825156306283 0.032878563570418365 -0.9993676703777754 -192.84838285569745 0.9998838088581817 -0.006560163446421277 -0.013759641147124699 -1.637415421653181
-0.007038817256087011 -0.9994546105844285 -0.032263545600339026 -1.0007768591484034 -0.012168162370735454 0.03234756299005862 -0.999402578919008 -194.0896354391351 0.9999012199060503 -0.006642024032935714 -0.012389213733971609 -1.6488568952886162
-0.006333943338003911 -0.9994874860952849 -0.03137813775274504 -1.0121795895529615 -0.010550975387922198 0.031443819158193616 -0.9994498006374409 -195.30965705600033 0.9999242672959789 -0.005999388888477169 -0.010744729820189702 -1.6673294645652101
