0.007053559712666626 -0.9999724785802193 -0.0022784100352638936 -0.08267205354334872 -0.009282317956028971 0.002212893449939401 -0.9999544770477843 -0.40834444371011763 0.9999320825029826 0.0070743876272406124 -0.009266453162606027 -0.32905737369585336
0.008201555343956274 -0.999962511703998 -0.0027524117823105295 -0.08508943755560462 -0.006098363276454728 0.002702435318746465 -0.9999777503953252 -0.8017560446164945 0.9999478446239081 0.008218157714777906 -0.006075970262702741 -0.3208047220228979
0.007691818218428089 -0.9999662788065043 -0.0028558770635057013 -0.060712312448065006 -0.004934631043603958 0.0028179691070617683 -0.999983796780234 -2.106764028341739 0.999958241689524 0.0077057870713710674 -0.004912788825489858 -0.3380695170790564
0.0075679508714640254 -0.9999673367007789 -0.0028215189464146665 -0.04360111332084319 -0.003237999935932605 0.002797079139899086 -0.9999908917900935 -3.227972911279337 0.9999661640202765 0.007577017824809814 -0.00321672481136311 -0.34655601580463247
0.006813282637494079 -0.9999727558589456 -0.0028231155830434613 -0.02236003691689776 -0.0033663157203969694 0.0028002289363431173 -0.9999904929274603 -4.934919471616437 0.9999711932788782 0.006822720680350378 -0.0033471447738371955 -0.35989215603751296
0.006859143114978251 -0.9999730235980233 -0.0026029676225690634 9.797255800568505e-05 -0.0038420652828246625 0.00257665581360572 -0.9999893717042798 -6.260202479422396 0.9999691540605088 0.006869070384807877 -0.0038242871285839703 -0.37006458419901556
0.006982428979608749 -0.9999727028384036 -0.0024031357369783462 0.01683341903937091 -0.0028145366980600077 0.0023835318828576415 -0.9999932371949951 -7.460179231240371 0.99997172286162 0.006989145320765681 -0.0027978163524663914 -0.36276180434243627
0.007141029326806717 -0.999967761042169 -0.0036663088030373546 0.037988041178913315 -0.003053198473267723 0.0036445808806434333 -0.9999887313783224 -8.676570482807158 0.9999698898856739 0.0071521428690796965 -0.0030270724474501516 -0.3704416978576145
0.007394279522508117 -0.9999641064787841 -0.004139635524781387 0.050695943705073646 -0.0038363611690739392 0.004111350185487214 -0.9999842298390896 -9.869941612131795 0.9999653374166146 0.007410044337230284 -0.0038058212079953315 -0.3648216353506862
0.005413173274472763 -0.9999767798526372 -0.004125161817046707 0.06874975294639842 -0.006361648265521122 0.004090701369670868 -0.999971426314699 -11.077728241983744 0.9999651445212774 0.005439261240525991 -0.006339356644143633 -0.37438267989135493
0.005749247665719748 -0.9999759416390329 -0.003882041321799451 0.08340224808779724 -0.007817829599699247 0.0038370395838735255 -0.9999620725221108 -12.258821087655747 0.9999529630899543 0.005779378342240293 -0.007795581249593276 -0.37754092022381064
0.006339487034102366 -0.9999736805026297 -0.0035216977499845244 0.10236377866533306 -0.009531377758224423 0.003461183494320714 -0.999948600607863 -13.455841146682962 0.9999345013594113 0.006372728108237371 -0.009509183828423083 -0.3906652716943768
0.006662228996732872 -0.9999705599558163 -0.003796495652354036 0.11606971401340954 -0.011170675847215445 0.0037219198000183664 -0.9999307070001603 -14.656844855728147 0.9999155091667683 0.0067041763981537964 -0.011145550296751239 -0.4023876101550182
0.0065507804799979415 -0.9999720880787673 -0.003558476324311215 0.13189307836531222 -0.011560204980935998 0.0034825855641156074 -0.9999271205889833 -15.856218649888156 0.9999117789424548 0.0065914392533816596 -0.01153706864411355 -0.41068185381361977
0.007402291737291559 -0.9999658820181753 -0.0036484890957598484 0.14891646559793797 -0.010850767412399126 0.0035680516169128824 -0.9999348196149286 -17.041191485276855 0.9999137659451014 0.007441397794128807 -0.010823984254204442 -0.4063430398475265
0.00707200619440137 -0.999966314292766 -0.004167537318716116 0.16013992313716024 -0.011542587519577386 0.004085733419039618 -0.9999250509301049 -18.223198260032415 0.9999083704950099 0.007119581032545984 -0.01151330223344099 -0.4105563283354139
0.005549747722330917 -0.9999755697071031 -0.004244281394868695 0.17772830588946828 -0.011977765437468651 0.0041775687290534075 -0.9999196011098983 -19.442064246172592 0.9999128477768121 0.005600139285443731 -0.011954286451384327 -0.4246188545288042
0.0058523507541581804 -0.999976911551786 -0.0034233828453412536 0.19149444794094034 -0.013192528330726743 0.003345935165526883 -0.9999073685649703 -20.647080966356782 0.999895947475433 0.00589697150978148 -0.01317264291968506 -0.4351416920224222
0.006552016931472767 -0.9999721754533093 -0.003550177715103593 0.20939080017897552 -0.014171430630642374 0.0034570441122939153 -0.9998935373395311 -21.855680373785876 0.999878129739359 0.006601631151410568 -0.014148385343766685 -0.44752535620498907
0.006437944373986516 -0.9999736269989951 -0.003357191395284066 0.22509199808942942 -0.014091809690342998 0.003266202945267707 -0.9998953987158937 -23.048975278311207 0.9998800734005721 0.006484579772823494 -0.014070409219254223 -0.4706148632482484
0.00673757114184772 -0.9999713510712324 -0.0034230420202414112 0.23923406560673693 -0.015404731710844187 0.003318921059663355 -0.9998757949245995 -24.240749285010327 0.9998586735986915 0.0067894654410406916 -0.015381929701511076 -0.48326584218143054
0.007272578474273369 -0.9999658543207975 -0.0039039288174579096 0.25234664743428614 -0.01601138920277872 0.0037870844713652598 -0.9998646289779474 -25.44678002342057 0.999845472648132 0.007334100725558194 -0.01598330144563863 -0.5001034820015842
0.0064119472466086245 -0.9999636156223927 -0.005622160768671847 0.26727552869966487 -0.01656989767468181 0.005515257549535913 -0.9998475141061507 -26.649377576278667 0.9998421414801107 0.0065041286028102285 -0.016533930296144538 -0.5066096284845973
0.005864452527226499 -0.999964774392976 -0.005998624642477429 0.28227892400574356 -0.017570574906278207 0.005894759234415341 -0.999828279620868 -27.865066558079985 0.9998284979390003 0.005968844285429829 -0.01753538576164184 -0.5274254449635808
0.004123084017258004 -0.999978113391827 -0.0051645612732761845 0.29263394131008424 -0.017183641152448786 0.0050929938627136085 -0.9998394361966272 -29.05768776712225 0.9998438453099769 0.004211168244938333 -0.017162265879971616 -0.5551770656172743
0.0038546175163574102 -0.9999814586497715 -0.004706410449805113 0.30719264750304875 -0.018225975583522208 0.004635410168552189 -0.9998231740632118 -30.237503720464492 0.9998264674236629 0.003939714903797387 -0.0182077686849096 -0.5657352564703659
0.005271095931546763 -0.9999759095020282 -0.004511929059441945 0.3224683413413026 -0.01912343932641311 0.00441036427950139 -0.9998074498051094 -31.43478617340872 0.9998032704868784 0.005356364733859339 -0.019099730211048153 -0.5828875251718512
0.004776378795534367 -0.9999765111549521 -0.004920065228897866 0.33707294111812414 -0.020738149207365088 0.004820008914791786 -0.9997733487051228 -32.633770275645155 0.999773555665966 0.004877329888941423 -0.020714636710326157 -0.6092313682151569
0.004218311655959183 -0.9999768714277371 -0.005328736410901297 0.34696115918417136 -0.021290597675147977 0.0052377660057458045 -0.9997595894548295 -33.841388101578424 0.9997644450490404 0.004330750236888392 -0.021268015661704987 -0.6285826076476055
0.0032752297008528967 -0.9999795773328655 -0.005474710757139927 0.36209333912735964 -0.02131689697695584 0.005403678925135668 -0.9997581699446249 -35.06084483180949 0.9997674293340334 0.003391141946977474 -0.021298762625988565 -0.6523111344377649
0.0032018033318881815 -0.9999797501175349 -0.005481585400830325 0.37366638326740986 -0.022609031854684325 0.00540782331255462 -0.9997297647136204 -36.25583413748053 0.9997393496247725 0.003324870717118226 -0.0225912596444428 -0.6762144093864401
0.0025572711181961927 -0.9999795366509482 -0.0058453435749238995 0.3871594401252376 -0.02245831843772267 0.0057864567165097055 -0.999731017231126 -37.48765942329781 0.9997445692900682 0.0026878595790918933 -0.022443058834705897 -0.7021789392480388
0.0032379616758085464 -0.9999703145655989 -0.006990684659207784 0.40144912548384204 -0.022630934488470224 0.006915653925655906 -0.9997200119971011 -38.67868385234316 0.9997386518927642 0.0033952608176822546 -0.022607869601464454 -0.7293803063263243
0.0039464709444318345 -0.9999618262566036 -0.007784560217892189 0.41100461706875785 -0.022843067230154196 0.007692442492170516 -0.9997095261271386 -39.88267785882643 0.999731291133847 0.004123146897959463 -0.02281183743660235 -0.7554433725245182
0.004710895389714419 -0.9999591177351581 -0.0077168588174926995 0.4216162531143479 -0.022262487182697004 0.007610157227014795 -0.9997232082263315 -41.0625544684427 0.9997411194667546 0.004881388413389465 -0.022225719616729214 -0.769711303172107
0.005456238369754517 -0.9999525552109755 -0.008056611672787553 0.4342380128091738 -0.0222811615905506 0.007933163177727751 -0.9997202283541661 -42.25379685858379 0.9997369130457082 0.0056342224851059185 -0.02223681754748227 -0.7897597210946569
0.007545462080581585 -0.9999217510818735 -0.009970369958964045 0.4393613377649174 -0.021053241733951313 0.009809590679558128 -0.9997302052768401 -43.44482974462233 0.9997499668170611 0.007753334850957645 -0.02097757916013971 -0.80434783663468
0.008553636533267111 -0.9998802396287796 -0.01289279713770558 0.4487588670119992 -0.01971899296049428 0.012722107908910608 -0.9997246739495531 -44.65281666963972 0.9997690290075931 0.008805514380265396 -0.01960780944217772 -0.8289231060859302
0.008988081317366952 -0.9998483538738933 -0.014910527083768055 0.44760389888068214 -0.018325462223843535 0.014743922672292914 -0.9997233553859766 -45.86957371907522 0.9997916630277669 0.009258837407689138 -0.018190163989659867 -0.8481219172186981
0.008809402513598557 -0.999809212779328 -0.017430063555311886 0.4448138486999227 -0.016453406433160532 0.017283449600049405 -0.9997152186259222 -47.09614402652027 0.9998258208114099 0.009093678511882659 -0.016298010113647964 -0.8682624826567462
0.0073324426264379 -0.9997966971503153 -0.018779642554678167 0.44489362294613133 -0.015498887613585529 0.01866426559289392 -0.9997056737685373 -48.29368678820927 0.9998530480691142 0.007621348103160307 -0.015358882319331826 -0.8755986508457932
0.0066019688213842295 -0.9998314126946315 -0.017127541523746164 0.4396388490591282 -0.014270517383416965 0.017031970658836947 -0.9997531629185886 -49.52025908730388 0.9998764223354668 0.006844757312504324 -0.01415566778022118 -0.8886642096552215
0.007891319113902723 -0.9998149823112082 -0.01753845195176978 0.44224981720124384 -0.012274383355877157 0.017440826953629338 -0.9997725316150579 -50.7242544063911 0.999893594099802 0.0081047977377375 -0.012134481167532065 -0.8920391201651022
0.00873584575783533 -0.999814298101818 -0.017171899128354266 0.4306807301043705 -0.01199262890479355 0.017066570012681 -0.9997824029505719 -51.90582717395218 0.9998900378659684 0.008939880690191441 -0.011841311770516326 -0.9051283924478067
0.00912952904876848 -0.9998188469068914 -0.01669741124752752 0.43401930541842726 -0.011641160004940105 0.016590710636396916 -0.999794629577355 -53.1271143818882 0.9998906571559012 0.009322030878259623 -0.011487584685165395 -0.9196354291094027
0.00799529674437183 -0.9998499330942505 -0.01536730777504325 0.4365838691199722 -0.0123564396367431 0.015267833594493546 -0.9998070777671554 -54.28365354186509 0.9998917936674139 0.008183640130462858 -0.012232514338865378 -0.9297338416714491
0.008879132964483427 -0.9998336078321166 -0.01593114335991015 0.4300171035826616 -0.013347936377069462 0.015811844529679996 -0.9997858985822035 -55.47727158050287 0.9998715437178944 0.009089879461891942 -0.013205319494163427 -0.945297878181399
0.008779179913410592 -0.999818050514068 -0.016929697333470703 0.4300018204490264 -0.013923154600111313 0.016806487242031102 -0.9997617587074349 -56.67869447188276 0.9998645126117696 0.009012803663226716 -0.013773074155441694 -0.9640440424523921
0.008477928054082162 -0.9997983714067104 -0.018201465277926886 0.43263876134059154 -0.015404365120123307 0.018069383951950815 -0.9997181085184259 -57.88558199878188 0.999845470993061 0.00875592038026099 -0.01524806700603298 -0.9721055852504671
0.008768038346397021 -0.9998064924133789 -0.017608421307811137 0.430039089601837 -0.015491835604158798 0.017471162607994764 -0.9997273285134132 -59.103632176255665 0.9998416369469456 0.009038433985567123 -0.015335648954391788 -0.986085898892877
0.009486828966580494 -0.9998055655534973 -0.017283448446687326 0.4305627253300242 -0.016557487623031483 0.017124793318805287 -0.9997163259534907 -60.30461143565309 0.9998179449786425 0.009770307391921357 -0.01639180728538578 -1.0057572273088191
0.00833604498093065 -0.9998111979494755 -0.017548870328532945 0.42758563455360027 -0.017170523425454914 0.01740377793904064 -0.9997010796375253 -61.52235824056452 0.9998178539335844 0.008634876889037116 -0.01702220191997129 -1.0170644385886811
0.0073243165587937665 -0.9998251618728311 -0.017199379860040477 0.4325480528263041 -0.017045334742115895 0.017072515453932856 -0.9997089395557998 -62.727558364415856 0.9998279436531492 0.0076153538867813194 -0.016917310212726626 -1.0301351957496099
0.007982078748419191 -0.9998018051283156 -0.018238767839990035 0.4351562563560195 -0.01788088039747943 0.018093723747613505 -0.9996764480021744 -63.92747895837438 0.9998083242330389 0.008305621229946608 -0.0177329084960327 -1.044165901067071
0.006868979168969087 -0.9997873217130526 -0.01944587729260935 0.4278026149118249 -0.01796881775532806 0.01931979025686502 -0.999651877844535 -65.13081424865021 0.9998150358151128 0.007216007571563623 -0.017832287135834107 -1.0658719784834034
0.006928595610930359 -0.99980823112808 -0.018314862343148827 0.43032782568387384 -0.01810941482263385 0.018186838630593113 -0.999670582348727 -66.33660018169095 0.9998120164457938 0.007257985152152424 -0.01797993228152348 -1.0832780364790824
0.007570614043731902 -0.9998115719449359 -0.017873664333545546 0.42874633311747873 -0.017778342026746205 0.017736778743789892 -0.9996846743900357 -67.54233991190755 0.9998133307908739 0.007885990840858373 -0.01764071248752179 -1.1006107237034124
0.010609291547531798 -0.9997813494081044 -0.018017658966979832 0.42610063077787125 -0.017374399205242207 0.01783164046838172 -0.9996900225344574 -68.73082121029127 0.9997927802442483 0.010919049181187789 -0.017181417015913518 -1.1240197558915836
0.012314182272674046 -0.9997575044632607 -0.018257800305242048 0.42706040178441 -0.017916259960115907 0.018035645992202715 -0.99967680447709 -69.93142550497474 0.9997637193976927 0.012637314677813493 -0.017689819264876762 -1.143118542408269
0.013283773714972752 -0.9997395846307608 -0.018551949132256336 0.42021680887826285 -0.017862908112066433 0.01831335433763313 -0.9996727241898586 -71.12864785712752 0.9997521959769672 0.0136108187203836 -0.01761498605260588 -1.1733512703365816
0.01445544289191779 -0.99971758202702 -0.018857865354486872 0.4240884068062137 -0.017206867446973896 0.018608327749437662 -0.9996788092021932 -72.30551968323931 0.999747469881003 0.014775283896632291 -0.016933015641355447 -1.2024769106254256
0.01673479745085078 -0.99967505997321 -0.01922839256584755 0.4170239912130722 -0.015362947968624387 0.018971727565995754 -0.9997020141166624 -73.49136162096504 0.9997419967752648 0.017025215655324572 -0.015040466016846539 -1.2188377867969444
0.015558075737505861 -0.9997149070354727 -0.018109879117579764 0.41821769823532773 -0.012170553322420986 0.0179213906468648 -0.9997653057642778 -74.67185875992479 0.9998049273961823 0.015774832044118375 -0.01188826038437066 -1.2279962983559956
0.012691264059357074 -0.9998231720263523 -0.013875514188803595 0.42949590860045184 -0.009522973159105072 0.013755146135253868 -0.9998600465009665 -75.84108670760585 0.9998741408603631 0.012821624104118183 -0.009346718094610946 -1.2314815712241314
0.0127352244957002 -0.9998231166347391 -0.013837011097072614 0.4260729541164141 -0.0062374881454204814 0.013758426502916903 -0.9998858371017317 -77.00842140165688 0.9998995321813454 0.012820078839877094 -0.006061167998617106 -1.2407274570297877
0.012392717176583147 -0.9997830357820208 -0.01673972613141025 0.4278886210699834 -0.004738642268325364 0.016682100775797595 -0.9998496051525562 -78.1816353585586 0.9999120441020729 0.012470176677235188 -0.004530876952380742 -1.2435467969501137
0.0117788952980382 -0.9997721910474211 -0.01779742461876994 0.42369297072740086 -0.001987400134101363 0.017775215822068858 -0.999840014482841 -79.36437381064646 0.9999286854544377 0.011812381908612859 -0.0017775751201070578 -1.2471450673535813
0.012353207859758315 -0.9997865253471268 -0.0165620966469748 0.4186106255971646 0.002312784606006395 0.016591884425304824 -0.9998596529928738 -80.55069770435877 0.9999210663516492 0.012313169428176333 0.0025172507149368627 -1.2561932303637946
0.011273461134765536 -0.999833381970432 -0.014358650777038883 0.42811207354506325 0.00582807518525963 0.014425016121555381 -0.9998790224152225 -81.69380322100365 0.999919538351605 0.01118841436874456 0.00598972574367908 -1.246569816396817
0.012050657305090829 -0.9998625404163162 -0.011385331938787371 0.43549579043750664 0.01015699914209137 0.011507971173574624 -0.9998822465395835 -82.84272151625578 0.9998757999869042 0.011933597808768187 0.010294280521334551 -1.2286524746286167
0.010974220678048327 -0.9998856346800753 -0.010402530475403437 0.4412706434543044 0.013532435729914248 0.010550712532445874 -0.999852764628493 -84.00437928702928 0.9998482262711187 0.010831833618554712 0.013646673789505797 -1.2199852457532587
0.011018016045721672 -0.9998713205047932 -0.011659240424729178 0.4465073730462064 0.017311339878844808 0.011848936006924502 -0.9997799766311278 -85.17028588450233 0.9997895281082223 0.010813754075083561 0.017439658947353824 -1.2133435096436247
0.01177800559457276 -0.9998671017808111 -0.011262520184403286 0.45606603557163417 0.020538201650467106 0.011502825656472477 -0.9997229035952845 -86.36897653792646 0.9997197549924933 0.011543429249938623 0.02067095674895476 -1.197145723459537
0.011273190561326052 -0.9998881223478905 -0.009824006952379297 0.4713351572700223 0.023886391729217443 0.010091106936563798 -0.9996637800848278 -87.52501156599345 0.9996511160329242 0.011034739734292084 0.023997472502110147 -1.1648500902020842
0.01101484662668359 -0.9999043030453248 -0.008366965756020257 0.48089818080290936 0.027840643728266414 0.008670897231188959 -0.9995748060716109 -88.65989308541403 0.9995517829592937 0.010777221200109738 0.027933478142127453 -1.1057049848281986
0.011227495499974975 -0.9999052301118836 -0.007965504520355356 0.48699418380149956 0.030552440436677205 0.008305325518414524 -0.9994986820968775 -89.82296599454956 0.9994701481217712 0.010978501657508735 0.030642787981610506 -1.0615705812449738
0.00985394510407273 -0.9999102074288405 -0.009079014816998653 0.4966403683574781 0.03292926788987059 0.009399016694879315 -0.9994135104225897 -90.97460520603727 0.9994091579716857 0.009549200065574883 0.03301892020104795 -1.0060258317981925
0.009764082351841726 -0.9999032704735483 -0.00990557255290178 0.5050829713359238 0.0358928825153205 0.01025012148881184 -0.9993030342832964 -92.1472996995896 0.9993080052769497 0.009401739177522466 0.03598949515934643 -0.9503323939764089
0.008836444995737434 -0.9998906052628203 -0.011860653277439638 0.5065239958481111 0.03917878931505593 0.012198199021601217 -0.9991577089402538 -93.25790798017435 0.9991932112979849 0.008364316958110537 0.03928228698266135 -0.9079967129017118
0.007021125940686094 -0.9998890205104916 -0.013137679835582923 0.5133394526532435 0.04169935363234508 0.013419336478506941 -0.9990401596721848 -94.42146600088812 0.9991055765859307 0.006466553815455269 0.04178894292080697 -0.8568467122756555
0.005981804848793546 -0.9999182585700983 -0.01129807758478188 0.5212150128612801 0.04297377140787156 0.011544890346621657 -0.999009517523069 -95.59070008238646 0.9990582691290908 0.005490360068638673 0.0430393145045848 -0.8031528349523757
0.0050089365942626255 -0.9999543762752721 -0.00813290197350518 0.530535980936327 0.045633822772640664 0.008353103570583414 -0.9989233662895582 -96.75817579792822 0.9989457001395172 0.00463240911461759 0.04567358183515396 -0.7438880511517938
0.0051219142880210445 -0.9999700518138805 -0.0057995928204637465 0.531528031194685 0.0477057140006966 0.006037408594817983 -0.9988432314177607 -97.93569552568724 0.9988483655290418 0.0048393157406573005 0.04773520711716097 -0.6922171696790141
0.005301506962580466 -0.9999729690952086 -0.00508049711622939 0.5443120881544311 0.04915974939326078 0.005335046901521632 -0.9987766836766204 -99.10702374726041 0.9987769041635929 0.0050452655467745225 0.0491867071358979 -0.6271772273884566
0.00498798623963314 -0.9999746285051432 -0.005066813652992106 0.5524976093672502 0.05034499705170883 0.005311570428359788 -0.998717733472395 -100.22762695107623 0.9987195068278837 0.004726501415389056 0.05037021733200707 -0.5705381823536406
0.005601696588038921 -0.9999607457282867 -0.006865542434323382 0.564793060923335 0.049880327914919254 0.0071365158030812555 -0.9987296787160812 -101.39366029118754 0.9987395614519593 0.005252125532267146 0.049918343608879825 -0.49973749653360183
0.005107994027487362 -0.9999494102445904 -0.00866135968868874 0.5792418567771254 0.0484452379493915 0.008898754505948457 -0.9987861476545102 -102.56621844237712 0.998812785428792 0.0046821924009702925 0.048488251466564186 -0.4300644184659466
0.005691551054580243 -0.9999375835123792 -0.009607100359476633 0.5807949522212437 0.04759913957805674 0.009867270441023913 -0.9988177560541699 -103.74239965511185 0.9988503355364922 0.005227532338024606 0.04765232950439584 -0.37083403204852666
0.005715377400225882 -0.9999342205158948 -0.009938395505877808 0.5923535881827331 0.04451730726157457 0.010183130157435544 -0.9989567560874187 -104.94566715440712 0.9989922685996895 0.005266984369467922 0.04457258644233857 -0.318664891617448
0.006222244349366732 -0.9999305845985949 -0.009995475108416458 0.597093978137556 0.04174322762951294 0.010246683877141897 -0.9990758789200921 -106.16152939923322 0.9991090795512736 0.005799249558730228 0.04180408817349136 -0.2732363948245319
0.0074126626824830896 -0.9999280924597737 -0.009414503052834151 0.5992437733612348 0.037560900021382064 0.00968653913839542 -0.9992474237953765 -107.37387832306726 0.9992669384148566 0.007053465957971587 0.0376300077791215 -0.22272175712005945
0.0074093643246308126 -0.9999264329328765 -0.009602555823896002 0.6018108126569608 0.03354038347930226 0.009845923787635375 -0.9993888580857953 -108.59310986565258 0.9994099517367471 0.0070827630910531 0.03361086818773382 -0.19545738300906088
0.008185176493894244 -0.9999084198727167 -0.010773862490296025 0.603304768252718 0.029847297785607508 0.011013720992542816 -0.9994938130861238 -109.81009958781614 0.9995210565613548 0.007859461830056744 0.02993472051356294 -0.1466801603328294
0.008373641655789653 -0.9998967729060956 -0.011675730217491288 0.6107517954250773 0.025272501672870887 0.011884026318796058 -0.9996100340407136 -111.03058802779785 0.9996455900062963 0.00807530129168624 0.025369403025414294 -0.1130751221672572
0.008321304171565198 -0.9998916654952887 -0.01213404466187722 0.6114873744057385 0.021848712252934076 0.012313371972304962 -0.9996854072008914 -112.21804940656956 0.9997266841037475 0.008053573528318963 0.02194880485612984 -0.09609273290690915
0.008690709279331526 -0.9998812213424639 -0.012726336624136698 0.6154246812682429 0.016258814585668125 0.012866426741073373 -0.9997850114838427 -113.44893505645044 0.999830130974554 0.008481925109853374 0.0163686979795951 -0.07538274079371042
0.009559095410405807 -0.9998633127604942 -0.013483932730417895 0.6217782735648536 0.011334159077103398 0.013592018424313639 -0.9998434212745148 -114.66249929629997 0.9998900755563541 0.009404768988885278 0.011462538165280551 -0.04993183835728185
0.01016742530184687 -0.9998590071530761 -0.013361052991195515 0.6227230418133082 0.006561827632066718 0.013428179519165579 -0.9998883027718498 -115.89547607949703 0.9999268347241175 0.010078616917230795 0.006697430178987549 -0.0460072409689294
0.01085262894486135 -0.9998546794087998 -0.013137893765548612 0.6273868127611986 0.0016613795127233268 0.013156685195088792 -0.9999120331095634 -117.11314589472555 0.9999397626414623 0.01082984670714933 0.001803924860049858 -0.04599814422934418
0.012568948500888502 -0.999840420541826 -0.012695344395086084 0.6311498866349161 -0.0014118640893326093 0.012678593708089837 -0.9999186011404174 -118.34282469185108 0.999920042483995 0.012585850488357503 -0.0012522822089783402 -0.039875851284603386
0.014749017209979632 -0.9998128397636302 -0.012518789286398718 0.6344082473678989 -0.00411633295562891 0.012459334670858553 -0.9999139304603696 -119.59696061719421 0.999882808658352 0.01479927832934561 -0.003931798880838188 -0.04121953909760567
0.015518340645580945 -0.9998026414122033 -0.012396304258028014 0.6426690191297589 -0.004765069059347562 0.012323706242746294 -0.9999127240653629 -120.83235787342821 0.9998683072342786 0.015576054490912112 -0.004572884888327239 -0.05028935751874887
0.01776161037144689 -0.9997675725957332 -0.012217751422449113 0.6438510228506134 -0.005426939222588633 0.012123099444459485 -0.9999117704228836 -122.06255255558833 0.9998275833935371 0.01782635376332295 -0.005210350815906376 -0.06270038359974991
0.019944763320822637 -0.9997127455600263 -0.01328967511740861 0.6425160190446464 -0.006917067968532282 0.013154031233462522 -0.9998896361198373 -123.29785270838522 0.9997771974301801 0.020034487631391058 -0.006652725554285164 -0.07595565150997052
0.020252231975200402 -0.9996883579899922 -0.014589881414411988 0.6512628174349723 -0.007837815892156924 0.014433680833503937 -0.9998651035559188 -124.55255865137904 0.9997642250757683 0.02036384966217414 -0.0075430588087043405 -0.07609460453952994
0.022680258111521318 -0.9996036123035034 -0.016680886515224782 0.6443497610800066 -0.00961817619584621 0.01646623348467847 -0.9998181191532697 -125.81086218084744 0.9996966060158338 0.022836571619183062 -0.009240904496199796 -0.09635633305484903
0.02391093798319057 -0.9995263951812947 -0.019366379418055454 0.6309976632393959 -0.01059887110937799 0.019117376526942887 -0.999761090091712 -127.07391373528097 0.9996579624245773 0.024110477017845945 -0.010136736510133457 -0.11502247962843687
0.0226880434096406 -0.9995421064482555 -0.020017931442507304 0.6336068649773111 -0.010799073554725107 0.019776894782906045 -0.9997461487504851 -128.3294501331993 0.9996843579529889 0.022898459928749296 -0.010345429192546643 -0.12133315874866192
0.023305851646088532 -0.9995411628357671 -0.01934286302294236 0.6264922367282199 -0.011049691925727287 0.019089392127716452 -0.9997567435338751 -129.58690400028368 0.9996673710740754 0.02351391379661275 -0.010599726773804989 -0.12418465841963833
0.02052974175087024 -0.9995931011197524 -0.019800118621251462 0.6173176475752802 -0.011011831947582236 0.019577013422761518 -0.9997477243954179 -130.84367249968852 0.9997286215581818 0.020742597048825157 -0.01060543917363176 -0.12227309815126688
0.017918567492559444 -0.9996192130629834 -0.020981638221439322 0.6196582904743276 -0.012541842483253091 0.02075863923158925 -0.9997058342631396 -132.104669870689 0.9997608113918304 0.018176444966469522 -0.012165101724148692 -0.12934712518922148
0.015513535539587153 -0.9996129774776042 -0.023089366743323417 0.6109683523523519 -0.012886905079969375 0.022890334367634452 -0.9996549533990008 -133.3915797828146 0.9997966889832821 0.01580573200273724 -0.0125268069072216 -0.13833802896613398
0.013607634011678226 -0.999612071714562 -0.024300432102304273 0.6011756591623593 -0.011970435901121191 0.02413808135750261 -0.9996369278819244 -134.6375288694207 0.9998358215962431 0.013893580283916162 -0.011637329369180834 -0.15967312306341486
0.010460737651354125 -0.9996703752770727 -0.023442064925566757 0.5983939454071634 -0.012373720509383115 0.02331214629339436 -0.9996516498833152 -135.89949330188335 0.9998687701658858 0.010747159086827806 -0.012125779944748482 -0.1638414833138725
0.008935411435486916 -0.9997028050323422 -0.022679044552283544 0.5840720454553142 -0.011547098563611883 0.02257528129742951 -0.9996784775879859 -137.163260632112 0.9998934655888674 0.009194414786616251 -0.01134194673291643 -0.16125872899879656
0.006366721777230724 -0.9997181599915939 -0.022867440195530154 0.5779424781414867 -0.012431550156146547 0.022787009454453555 -0.9996630806387428 -138.45923089179124 0.9999025071376618 0.006648854217468895 -0.012282968031684278 -0.17000325673349104
0.005289543656385755 -0.9997342215807768 -0.022434840671439717 0.568292245976581 -0.011936984296724554 0.022370437555204407 -0.9996785448699794 -139.71373159660394 0.9999148451322285 0.0055556472191261325 -0.011815482211590162 -0.18571278223099202
0.004313086809855432 -0.9997093285232816 -0.023717319670442823 0.5600557663653254 -0.010166913003226731 0.023672469680725883 -0.9996680413877909 -140.97766817212536 0.9999390012548793 0.004552787560455822 -0.010061855990581313 -0.2088519156085088
0.0063163806901028 -0.9996694676769045 -0.024919577178666337 0.5461506862868168 -0.010086092387386012 0.024855116522569908 -0.9996401692491815 -142.2537514684312 0.9999292174984384 0.006565449336798174 -0.009925763612672707 -0.21840560555082802
0.006811919735014753 -0.9996957971698738 -0.023703221666758482 0.5430675600472227 -0.009114821732088737 0.02364071950185585 -0.9996789984343095 -143.53530823726248 0.999935316670564 0.007025783638126926 -0.008951009576870603 -0.23734768634159795
0.008530932443685801 -0.9997133052228862 -0.022367923407591618 0.5293226460749904 -0.008471321524152062 0.022295681921423567 -0.9997155269158887 -144.8306984955464 0.9999278072529363 0.008717990778424669 -0.00827869006510937 -0.2466191209243366
0.008902965304612345 -0.9997432442253772 -0.020836878296507787 0.5187169852021859 -0.008593470226951396 0.020760447143305265 -0.9997475013175362 -146.1005899643763 0.9999234803472745 0.009079779852066613 -0.00840643354791761 -0.26371605359344
0.008009973079175758 -0.9998244142729109 -0.016933801150084082 0.5250691101425808 -0.007624528029029976 0.016872793216101536 -0.9998285537349433 -147.37322077615698 0.9999389282366165 0.008137712152422196 -0.007488039295277296 -0.2561065770317345
0.009041963308213719 -0.9998590270392924 -0.014148595285347476 0.5258356289992819 -0.007873059531947961 0.014077548544066574 -0.9998698545996019 -148.64475340613183 0.9999281072582251 0.009152181048997485 -0.007744659852280291 -0.254064920407863
0.008692403862154776 -0.9998668623661231 -0.013810213672205194 0.5309246606061597 -0.007845333246844327 0.013742113482268415 -0.9998748437629154 -149.9196855942521 0.9999314972624227 0.008799661197875893 -0.007724835344423189 -0.25299622567081315
0.008123701093551016 -0.9998818764778329 -0.013039417721644499 0.5425757698043631 -0.00712343869510721 0.012981656426540622 -0.999890411134037 -151.19202236681238 0.9999416578719644 0.00821569557788097 -0.007017137520091638 -0.26307600944574483
0.007664079694169939 -0.9998822037635273 -0.013294275478870514 0.5473130868292314 -0.007611950245263084 0.013235939442601598 -0.9998834029953705 -152.45207659321923 0.9999417317749425 0.0077643814645851125 -0.007509612036771535 -0.2770334289328906
0.008384387857276417 -0.9998571413803078 -0.014671669251501448 0.5489070332054213 -0.007154252421332514 0.014611828542349832 -0.9998676284840913 -153.72295215176277 0.9999392686586829 0.008488243223123878 -0.007030718399626251 -0.2839998534217337
0.008981022633782205 -0.9998466370933102 -0.015029798946827587 0.5501709505880654 -0.008108544167375723 0.014957089417914975 -0.9998552243823811 -154.9854149859059 0.9999268585172366 0.009101591542379172 -0.00797297105169718 -0.2919104075947578
0.0092057327868143 -0.999846109238578 -0.014933792787226195 0.5525905610142917 -0.008792232256787403 0.01485291748158342 -0.9998511145969895 -156.2562952105789 0.9999190454800714 0.009335663347743307 -0.00865414606839772 -0.3073318943390901
0.009045022964353455 -0.9998436104932618 -0.015193761268051708 0.5536958273441864 -0.009243660327048906 0.015110123342823929 -0.9998431515884262 -157.53175504418425 0.9999164781522374 0.009184049226169696 -0.009105542827177383 -0.31847063640225715
0.009358080680536337 -0.9998247345913732 -0.016211974158425638 0.5541508105782929 -0.010763117303080372 0.01611103533919066 -0.9998122464884845 -158.8024504010213 0.9998983104943189 0.009530816366563192 -0.010610462019726999 -0.3338238511941904
0.01019500951177883 -0.9998101518551428 -0.0166022039788604 0.5515466689786724 -0.010632243786859535 0.016493738022098938 -0.9998074433799105 -160.0710952212822 0.999891612197494 0.010369564341366783 -0.010462070533877769 -0.34584078236532506
0.010620548506492428 -0.999813287257444 -0.016137741418907947 0.5515676073108676 -0.011924479154989936 0.01601087816509327 -0.9998007267405907 -161.32751636782766 0.9998725452317295 0.010810866354465237 -0.011752207671585701 -0.35742179933123
0.01075704461932084 -0.9998207884564404 -0.015575133504396845 0.5531538122705415 -0.01222548136235684 0.015443367387271157 -0.9998059881348628 -162.5861637053672 0.9998673862255193 0.010945372081675495 -0.012057165006592 -0.35851110688466425
0.010732019173110037 -0.9998241072271103 -0.015374645096318047 0.5571960599991073 -0.012427935274114477 0.015240978484362963 -0.9998066543182701 -163.8546642507305 0.9998652756778016 0.010921018418278434 -0.012262183657473003 -0.3672032436552683
0.010577551859570364 -0.9998360239370115 -0.014697013563702255 0.5585963000275649 -0.013938660090391089 0.014548978914711064 -0.9997970522475415 -165.12198982544973 0.9998470094524308 0.010780261816888603 -0.013782480774281432 -0.3841425181218566
0.011165417487534737 -0.9998477920272036 -0.013403633920044752 0.5654009545058488 -0.013605417979070826 0.013251324727851732 -0.9998196217388584 -166.38984529658202 0.999845168592503 0.011345766199683294 -0.013455391215386471 -0.40611543267622824
0.012016135078026515 -0.9998305868926513 -0.013936080941187232 0.5619933895314532 -0.014535996146687772 0.013760950100305737 -0.9997996828981612 -167.65306113080416 0.9998222134088748 0.012216302830215308 -0.014368180178332251 -0.42824927125378887
0.01189863852841338 -0.9998176293761899 -0.014935287128584992 0.5640366897215843 -0.015366081322370407 0.01475175295436302 -0.9997730926958825 -168.919340662045 0.9998111616210221 0.01212543601513952 -0.015187752482776406 -0.4491927770805684
0.012749037448243324 -0.9998010969117822 -0.015336380658523673 0.5730667306690939 -0.015407961848631267 0.015139377459034436 -0.9997666754845729 -170.18510167112183 0.9998000652297098 0.012982365045172913 -0.015211882907277761 -0.4540943229092889
0.0128190105400542 -0.9997949123922045 -0.015675833490419972 0.5775839081586125 -0.016512704733738292 0.015463317280475753 -0.9997441100749546 -171.43984405854738 0.9997815361636947 0.013074579583676997 -0.016311093820529955 -0.47079725970167335
0.012573746681009862 -0.9997779544485478 -0.016907473057190796 0.5769558467953865 -0.0167083357543353 0.016696377869422088 -0.99972097341784 -172.7012348291459 0.999781376641587 0.012852734756808652 -0.01649468855043195 -0.477042911643573
0.012899655680830097 -0.9997825736127051 -0.01637963271434509 0.5762491356502981 -0.0178480958950239 0.01614816047488808 -0.9997103101976073 -173.95852732720363 0.9997575073291352 0.013188264732827241 -0.017635909155718176 -0.5023979735777646
0.01403349742480021 -0.9997717675938529 -0.016109265869878833 0.5771302044320891 -0.01827727056524577 0.01585167269276693 -0.9997073139934196 -175.22028930804757 0.9997345218060008 0.014323823666635607 -0.018050643117567145 -0.5315018361293461
0.014242772914159358 -0.999765727560653 -0.016295913258947355 0.5746061857668172 -0.018556044141602328 0.016030480433768247 -0.9996993400428493 -176.5074245510045 0.9997263871513646 0.01454087772650888 -0.018323378347927605 -0.5555667977454732
0.013913275956331645 -0.9997870881948675 -0.015237228718064348 0.5767206862648254 -0.019038523234006902 0.014971051420853015 -0.9997066788546866 -177.7744857295202 0.9997219478654025 0.014199289679164425 -0.018826171377184658 -0.5678296955003149
0.012982810412864093 -0.9998145939289502 -0.01421641634427213 0.5773804816749508 -0.01845668659314021 0.013975574367822796 -0.9997319420544624 -179.03132230394232 0.9997453860959132 0.013241719871809448 -0.01827182278068689 -0.5878622684064052
0.010759727939923382 -0.999838677123891 -0.014376550784717036 0.5818285696857532 -0.018704870750745964 0.014173620347878009 -0.9997245415077567 -180.27866419347194 0.9997671845493283 0.01102567527681805 -0.01854934828780139 -0.6083868217612622
0.010993283069734879 -0.9997841570392622 -0.017622634278661908 0.5817285711027729 -0.019302580994347368 0.017408239006377352 -0.999662170668649 -181.5567800277729 0.999753302027193 0.011329730790952118 -0.019107043076112235 -0.621351676510949
0.009496780957313345 -0.9997176902287017 -0.021778568915085166 0.577853635729935 -0.019022368353471267 0.021594993595314735 -0.9995858785713543 -182.83542529636605 0.9997739788174912 0.009907127739573517 -0.01881191355262808 -0.6290618798376618
0.010135890596524921 -0.999722748231834 -0.021251642112702463 0.5801450943447288 -0.019559647400086012 0.021050448434779302 -0.9995871206020872 -184.09521782363197 0.9997573573841166 0.010547379629676853 -0.019340860031304228 -0.6538777207311067
0.010764853639122636 -0.9997666830017281 -0.018726732418130682 0.5736025812995392 -0.018365850924060116 0.01852697554975188 -0.9996596919459187 -185.3520766483565 0.999773415595946 0.011105122999821582 -0.018162125188874518 -0.6752294557910447
0.011373533142731098 -0.9997812651036428 -0.017551456972945727 0.5730994867032877 -0.019089906963093355 0.01733229936779625 -0.9996675253930781 -186.5857206072378 0.9997531323389695 0.01170480771201762 -0.01888860151052735 -0.7004504889743137
0.011392362144189537 -0.999787103384451 -0.017203053183920635 0.5779741845736578 -0.01953700195965468 0.01697833758467492 -0.999664955555728 -187.84081632890926 0.9997442397178209 0.01172464110313046 -0.019339421728864457 -0.7166609776923057
0.012481464082499713 -0.999763551582428 -0.017801653177088553 0.5798039324249411 -0.01920747260938237 0.017560031349696362 -0.999661271328034 -189.1046027685327 0.9997376528493721 0.012819161282000436 -0.018983756432196075 -0.747354679669969
0.011992406058735349 -0.9997361032562595 -0.01959298715035816 0.5778781413202254 -0.019974534451495055 0.019350978838631926 -0.9996131907958498 -190.3456917665863 0.9997285943422328 0.01237912793571589 -0.01973719389736727 -0.7785336894009746
0.010797066701873343 -0.999732554963399 -0.02044767288064345 0.5739502240118182 -0.01892769203411744 0.020240865939887828 -0.9996159998003629 -191.60775216937466 0.9997626246454056 0.011179947310239722 -0.01870408764176117 -0.8092457668937859
0.009835356853340896 -0.9997386688133493 -0.02063454152677582 0.5612273748055123 -0.018382083816265316 0.020451286728203844 -0.99962186061488 -192.85530358554917 0.9997826557312843 0.010210943591277446 -0.01817613358154474 -0.8244208185733178
0.00979882365709978 -0.9997499506196639 -0.02009939955713518 0.5613612685702175 -0.017009651102980194 0.01993080697138277 -0.9996566473543518 -194.0966326049936 0.9998073378152872 0.010137343559225144 -0.016810098628482553 -0.8305987029067234
0.010498776796825114 -0.9997603924140716 -0.019205241891104494 0.5597066823613994 -0.015379822236411475 0.01904258082750848 -0.9997003631855781 -195.31677393071482 0.999826594098793 0.01079100430317265 -0.015176211624333594 -0.8438820939344832
0.009268649996289742 -0.9997849057671161 -0.018549598255562263 0.5665818371468381 -0.014359809996342026 0.018415407457775566 -0.9997273692075318 -196.5323259767457 0.9998539836635317 0.009532490973135913 -0.01418603545406531 -0.8434606729896851
0.009071142523942689 -0.9997880357765832 -0.018481590009553114 0.5642654599732585 -0.012777401938655038 0.018364953473507428 -0.9997496621249792 -197.7543154144973 0.9998772426407199 0.009305019453189104 -0.012608100997450114 -0.8490268136584693
