0.000000e+00 -1.000000e+00 0.000000e+00 0.000000e+00 0.000000e+00 0.000000e+00 -1.000000e+00 0.000000e+00 1.000000e+00 0.000000e+00 0.000000e+00 0.000000e+00
-6.819472e-03 -9.999762e-01 -1.052323e-03 -3.538379e-03 -4.455410e-05 1.052652e-03 -9.999995e-01 -3.092494e-03 9.999768e-01 -6.819421e-03 -5.173157e-05 9.090646e-02
-1.420566e-02 -9.998981e-01 -1.418166e-03 -7.346484e-03 -5.646394e-04 1.426331e-03 -9.999988e-01 -6.503700e-03 9.998989e-01 -1.420484e-02 -5.848438e-04 1.797922e-01
-2.310994e-02 -9.997325e-01 -9.329793e-04 -1.548676e-02 -1.419534e-03 9.660418e-04 -9.999985e-01 -2.277580e-03 9.997319e-01 -2.310858e-02 -1.441480e-03 2.948474e-01
-3.373231e-02 -9.994305e-01 -8.679829e-04 -2.407504e-02 -2.784732e-03 9.624626e-04 -9.999956e-01 -3.567669e-03 9.994270e-01 -3.372975e-02 -2.815612e-03 4.082068e-01
-4.737379e-02 -9.988770e-01 -7.193468e-04 -3.505087e-02 -4.086056e-03 9.139388e-04 -9.999912e-01 -6.784619e-03 9.988689e-01 -4.737044e-02 -4.124764e-03 5.349156e-01
-6.415579e-02 -9.979399e-01 -4.728741e-05 -5.587347e-02 -4.659595e-03 3.469416e-04 -9.999891e-01 -4.317078e-03 9.979290e-01 -6.415486e-02 -4.672254e-03 6.866698e-01
-8.301717e-02 -9.965469e-01 1.527595e-03 -7.752050e-02 -5.157538e-03 -1.103219e-03 -9.999861e-01 1.166125e-03 9.965348e-01 -8.302389e-02 -5.048143e-03 8.345701e-01
-1.025218e-01 -9.947277e-01 2.453796e-03 -1.004835e-01 -4.881086e-03 -1.963698e-03 -9.999862e-01 -2.593678e-03 9.947188e-01 -1.025323e-01 -4.654030e-03 9.773219e-01
-1.246457e-01 -9.921993e-01 2.008446e-03 -1.355214e-01 -5.317708e-03 -1.356166e-03 -9.999849e-01 -9.549807e-03 9.921871e-01 -1.246545e-01 -5.107186e-03 1.149893e+00
-1.492118e-01 -9.888052e-01 1.826428e-04 -1.950040e-01 -6.858055e-03 8.501818e-04 -9.999761e-01 -1.667128e-02 9.887815e-01 -1.492095e-01 -6.908137e-03 1.348203e+00
-1.747689e-01 -9.846028e-01 -3.629472e-03 -2.532127e-01 -8.741002e-03 5.237583e-03 -9.999481e-01 -2.614130e-02 9.845707e-01 -1.747281e-01 -9.521781e-03 1.526668e+00
-2.015266e-01 -9.794623e-01 -6.375962e-03 -3.173877e-01 -1.050407e-02 8.670287e-03 -9.999073e-01 -2.562301e-02 9.794267e-01 -2.014409e-01 -1.203563e-02 1.711563e+00
-2.314939e-01 -9.728063e-01 -7.649259e-03 -3.886760e-01 -1.038592e-02 1.033373e-02 -9.998927e-01 -3.291937e-02 9.727809e-01 -2.313896e-01 -1.249569e-02 1.914810e+00
-2.617183e-01 -9.651039e-01 -8.831950e-03 -4.645538e-01 -1.006687e-02 1.188013e-02 -9.998788e-01 -3.989622e-02 9.650918e-01 -2.615977e-01 -1.282483e-02 2.098969e+00
-2.929864e-01 -9.560639e-01 -1.004324e-02 -5.519088e-01 -1.009466e-02 1.359679e-02 -9.998566e-01 -4.620803e-02 9.560633e-01 -2.928430e-01 -1.363482e-02 2.298585e+00
-3.272730e-01 -9.448533e-01 -1.202329e-02 -6.426818e-01 -9.108633e-03 1.587790e-02 -9.998325e-01 -5.081579e-02 9.448859e-01 -3.271087e-01 -1.380273e-02 2.491272e+00
-3.605823e-01 -9.326308e-01 -1.342426e-02 -7.537633e-01 -9.529858e-03 1.807548e-02 -9.997912e-01 -4.887945e-02 9.326787e-01 -3.603791e-01 -1.540554e-02 2.688819e+00
-3.946799e-01 -9.186735e-01 -1.633309e-02 -8.531321e-01 -8.768629e-03 2.154136e-02 -9.997295e-01 -5.234574e-02 9.187769e-01 -3.944299e-01 -1.655745e-02 2.893833e+00
-4.288897e-01 -9.032002e-01 -1.682391e-02 -9.672884e-01 -8.397682e-03 2.260927e-02 -9.997091e-01 -5.248892e-02 9.033178e-01 -4.286237e-01 -1.728167e-02 3.096657e+00
-4.647823e-01 -8.853274e-01 -1.314795e-02 -1.110915e+00 -9.559828e-03 1.986609e-02 -9.997569e-01 -4.036712e-02 8.853734e-01 -4.645436e-01 -1.769698e-02 3.294070e+00
-5.025424e-01 -8.644940e-01 -1.006378e-02 -1.232789e+00 -1.020870e-02 1.757330e-02 -9.997935e-01 -4.545273e-02 8.644923e-01 -5.023359e-01 -1.765669e-02 3.486600e+00
-5.419765e-01 -8.403249e-01 -1.075058e-02 -1.386419e+00 -8.236893e-03 1.810331e-02 -9.998022e-01 -5.458209e-02 8.403533e-01 -5.417808e-01 -1.673323e-02 3.677103e+00
-5.840234e-01 -8.116077e-01 -1.447527e-02 -1.598355e+00 -4.784978e-03 2.127428e-02 -9.997622e-01 -6.450184e-02 8.117227e-01 -5.838153e-01 -1.630821e-02 3.881951e+00
-6.262486e-01 -7.794257e-01 -1.755917e-02 -1.778000e+00 -2.176068e-03 2.427008e-02 -9.997030e-01 -7.924619e-02 7.796204e-01 -6.260244e-01 -1.689518e-02 4.050402e+00
-6.676726e-01 -7.442681e-01 -1.668362e-02 -1.976956e+00 -2.256884e-03 2.443401e-02 -9.996989e-01 -7.239731e-02 7.444516e-01 -6.674339e-01 -1.799365e-02 4.221774e+00
-7.085960e-01 -7.054990e-01 -1.276137e-02 -2.200814e+00 -2.806834e-03 2.090356e-02 -9.997776e-01 -7.008246e-02 7.056088e-01 -7.084026e-01 -1.679240e-02 4.404852e+00
-7.478428e-01 -6.638028e-01 -9.842061e-03 -2.399790e+00 -2.436361e-03 1.756927e-02 -9.998427e-01 -6.820361e-02 6.638713e-01 -7.477012e-01 -1.475631e-02 4.573640e+00
-7.844834e-01 -6.200831e-01 -9.097862e-03 -2.664264e+00 -4.099922e-04 1.518900e-02 -9.998845e-01 -7.739167e-02 6.201497e-01 -7.843891e-01 -1.216975e-02 4.736851e+00
-8.201236e-01 -5.721278e-01 -8.190395e-03 -2.953444e+00 1.209292e-03 1.258106e-02 -9.999201e-01 -7.750530e-02 5.721851e-01 -8.200680e-01 -9.626152e-03 4.889291e+00
-8.530263e-01 -5.217999e-01 -8.422107e-03 -3.238448e+00 2.614511e-03 1.186516e-02 -9.999262e-01 -8.280189e-02 5.218614e-01 -8.529854e-01 -8.757040e-03 5.028472e+00
-8.828060e-01 -4.696606e-01 -8.513864e-03 -3.513845e+00 3.927572e-03 1.074398e-02 -9.999346e-01 -8.010562e-02 4.697214e-01 -8.827817e-01 -7.640220e-03 5.137167e+00
-9.094815e-01 -4.156354e-01 -9.522032e-03 -3.868148e+00 5.800982e-03 1.021446e-02 -9.999310e-01 -8.096147e-02 4.157040e-01 -9.094740e-01 -6.878764e-03 5.278185e+00
-9.323635e-01 -3.613614e-01 -1.078607e-02 -4.198664e+00 7.659649e-03 1.008305e-02 -9.999198e-01 -8.296954e-02 3.614412e-01 -9.323713e-01 -6.633169e-03 5.369214e+00
-9.521729e-01 -3.052577e-01 -1.357945e-02 -4.566180e+00 1.129688e-02 9.242763e-03 -9.998935e-01 -7.891563e-02 3.053507e-01 -9.522249e-01 -5.352249e-03 5.450171e+00
-9.677802e-01 -2.513584e-01 -1.484966e-02 -4.970505e+00 1.378780e-02 5.985143e-03 -9.998870e-01 -8.458649e-02 2.514189e-01 -9.678756e-01 -2.326622e-03 5.537900e+00
-9.795391e-01 -2.006140e-01 -1.603837e-02 -5.356295e+00 1.569922e-02 3.281479e-03 -9.998714e-01 -8.348402e-02 2.006408e-01 -9.796649e-01 -6.485380e-05 5.591644e+00
-9.881609e-01 -1.525111e-01 -1.668544e-02 -5.784128e+00 1.603865e-02 5.470296e-03 -9.998564e-01 -8.327424e-02 1.525805e-01 -9.882866e-01 -2.959460e-03 5.622761e+00
-9.937506e-01 -1.104107e-01 -1.640625e-02 -6.200614e+00 1.576509e-02 6.677603e-03 -9.998534e-01 -7.586866e-02 1.105040e-01 -9.938636e-01 -4.895238e-03 5.639851e+00
-9.972830e-01 -7.206210e-02 -1.528741e-02 -6.659286e+00 1.477647e-02 7.618113e-03 -9.998618e-01 -6.889294e-02 7.216860e-02 -9.973711e-01 -6.532591e-03 5.648162e+00
-9.991795e-01 -3.823460e-02 -1.335432e-02 -7.101620e+00 1.307883e-02 7.446412e-03 -9.998868e-01 -7.027118e-02 3.832971e-02 -9.992411e-01 -6.940239e-03 5.636600e+00
-9.999130e-01 -6.944832e-03 -1.121180e-02 -7.572506e+00 1.116312e-02 7.008538e-03 -9.999132e-01 -7.189441e-02 7.022807e-03 -9.999513e-01 -6.930402e-03 5.634854e+00
-9.997597e-01 1.995221e-02 -9.075426e-03 -8.051513e+00 9.232257e-03 7.782360e-03 -9.999271e-01 -5.757891e-02 -1.988012e-02 -9.997706e-01 -7.964694e-03 5.626117e+00
-9.991381e-01 4.106310e-02 -6.082381e-03 -8.571307e+00 6.451429e-03 8.860828e-03 -9.999399e-01 -5.381480e-02 -4.100674e-02 -9.991173e-01 -9.118106e-03 5.605700e+00
-9.983264e-01 5.760216e-02 -5.138196e-03 -9.079229e+00 5.766361e-03 1.074433e-02 -9.999257e-01 -4.552067e-02 -5.754267e-02 -9.982818e-01 -1.105850e-02 5.573382e+00
-9.974702e-01 7.091156e-02 -4.970150e-03 -9.612867e+00 5.688073e-03 9.925868e-03 -9.999346e-01 -4.856293e-02 -7.085758e-02 -9.974332e-01 -1.030411e-02 5.526116e+00
-9.967628e-01 8.020703e-02 -5.551869e-03 -1.020476e+01 6.338491e-03 9.556127e-03 -9.999343e-01 -5.094242e-02 -8.014870e-02 -9.967324e-01 -1.003358e-02 5.454548e+00
-9.960849e-01 8.816592e-02 -6.447067e-03 -1.076052e+01 7.530591e-03 1.196250e-02 -9.999001e-01 -5.394806e-02 -8.808000e-02 -9.960340e-01 -1.257961e-02 5.402193e+00
-9.957757e-01 9.150047e-02 -7.642449e-03 -1.137192e+01 8.662411e-03 1.075511e-02 -9.999046e-01 -5.704771e-02 -9.140955e-02 -9.957470e-01 -1.150229e-02 5.338562e+00
-9.956344e-01 9.297548e-02 -8.225420e-03 -1.198812e+01 9.194398e-03 9.998307e-03 -9.999077e-01 -5.271484e-02 -9.288466e-02 -9.956182e-01 -1.080951e-02 5.281300e+00
-9.956481e-01 9.262939e-02 -1.022800e-02 -1.261282e+01 1.098546e-02 7.671148e-03 -9.999102e-01 -5.098702e-02 -9.254262e-02 -9.956711e-01 -8.655340e-03 5.225454e+00
-9.956998e-01 9.182327e-02 -1.226230e-02 -1.324953e+01 1.287289e-02 6.060246e-03 -9.998988e-01 -5.577220e-02 -9.173966e-02 -9.957569e-01 -7.216217e-03 5.171120e+00
-9.958523e-01 9.013784e-02 -1.238627e-02 -1.389845e+01 1.293410e-02 5.496058e-03 -9.999012e-01 -6.234824e-02 -9.006086e-02 -9.959142e-01 -6.639114e-03 5.104378e+00
-9.961106e-01 8.744627e-02 -1.081019e-02 -1.457957e+01 1.140034e-02 6.252164e-03 -9.999155e-01 -5.662430e-02 -8.737130e-02 -9.961496e-01 -7.224765e-03 5.037716e+00
-9.961962e-01 8.654423e-02 -1.015752e-02 -1.527239e+01 1.064421e-02 5.163997e-03 -9.999300e-01 -5.834617e-02 -8.648572e-02 -9.962347e-01 -6.065550e-03 4.983517e+00
-9.963279e-01 8.456383e-02 -1.340445e-02 -1.596333e+01 1.417127e-02 8.474157e-03 -9.998637e-01 -4.686907e-02 -8.443871e-02 -9.963821e-01 -9.641416e-03 4.903983e+00
-9.963759e-01 8.340251e-02 -1.670458e-02 -1.667846e+01 1.756641e-02 9.610176e-03 -9.997995e-01 -3.628584e-02 -8.322526e-02 -9.964696e-01 -1.104043e-02 4.852165e+00
-9.965039e-01 8.149073e-02 -1.841454e-02 -1.741575e+01 1.925302e-02 9.515404e-03 -9.997694e-01 -2.400209e-02 -8.129672e-02 -9.966287e-01 -1.105108e-02 4.785680e+00
-9.966098e-01 8.028453e-02 -1.798039e-02 -1.813720e+01 1.891998e-02 1.095786e-02 -9.997609e-01 -2.028541e-02 -8.006831e-02 -9.967117e-01 -1.243970e-02 4.719869e+00
-9.968408e-01 7.790615e-02 -1.545776e-02 -1.889225e+01 1.658773e-02 1.387803e-02 -9.997661e-01 -1.600478e-02 -7.767341e-02 -9.968641e-01 -1.512648e-02 4.646438e+00
-9.969733e-01 7.638857e-02 -1.445857e-02 -1.965298e+01 1.551089e-02 1.320061e-02 -9.997926e-01 -1.585402e-02 -7.618186e-02 -9.969907e-01 -1.434551e-02 4.584046e+00
-9.970453e-01 7.497717e-02 -1.670876e-02 -2.044146e+01 1.786672e-02 1.480011e-02 -9.997308e-01 4.252457e-04 -7.470970e-02 -9.970754e-01 -1.609598e-02 4.526333e+00
-9.971254e-01 7.327387e-02 -1.928267e-02 -2.125022e+01 2.023807e-02 1.231862e-02 -9.997193e-01 8.152930e-03 -7.301577e-02 -9.972358e-01 -1.376613e-02 4.469266e+00
-9.971907e-01 7.211397e-02 -2.025760e-02 -2.203128e+01 2.115263e-02 1.166920e-02 -9.997082e-01 1.707931e-02 -7.185654e-02 -9.973282e-01 -1.316182e-02 4.406101e+00
-9.973433e-01 7.097105e-02 -1.641589e-02 -2.284088e+01 1.711890e-02 9.308754e-03 -9.998101e-01 2.730522e-02 -7.080476e-02 -9.974349e-01 -1.049897e-02 4.339567e+00
-9.974501e-01 7.068796e-02 -9.829185e-03 -2.364406e+01 1.058661e-02 1.034843e-02 -9.998904e-01 3.632901e-02 -7.057850e-02 -9.974448e-01 -1.107039e-02 4.279611e+00
-9.974467e-01 7.114291e-02 -6.237271e-03 -2.445556e+01 6.862645e-03 8.549349e-03 -9.999399e-01 4.001464e-02 -7.108532e-02 -9.974295e-01 -9.015748e-03 4.224668e+00
-9.974632e-01 7.088639e-02 -6.511531e-03 -2.527827e+01 6.981309e-03 6.381454e-03 -9.999553e-01 3.467124e-02 -7.084167e-02 -9.974640e-01 -6.860145e-03 4.170680e+00
-9.973765e-01 7.116544e-02 -1.325132e-02 -2.615147e+01 1.376581e-02 6.743840e-03 -9.998825e-01 3.277216e-02 -7.106771e-02 -9.974417e-01 -7.705798e-03 4.095593e+00
-9.971870e-01 7.248578e-02 -1.907687e-02 -2.700643e+01 1.962215e-02 6.817882e-03 -9.997842e-01 5.339489e-02 -7.234008e-02 -9.973462e-01 -8.221030e-03 4.030261e+00
-9.971027e-01 7.198001e-02 -2.459805e-02 -2.784114e+01 2.510937e-02 6.207302e-03 -9.996654e-01 6.137519e-02 -7.180323e-02 -9.973868e-01 -7.996690e-03 3.955746e+00
-9.969644e-01 7.350179e-02 -2.567967e-02 -2.868312e+01 2.623057e-02 6.539382e-03 -9.996345e-01 6.209027e-02 -7.330700e-02 -9.972736e-01 -8.447525e-03 3.883491e+00
-9.969528e-01 7.435893e-02 -2.357519e-02 -2.950765e+01 2.450290e-02 1.158852e-02 -9.996326e-01 7.556626e-02 -7.405841e-02 -9.971642e-01 -1.337522e-02 3.815230e+00
-9.969325e-01 7.527965e-02 -2.141516e-02 -3.033565e+01 2.230635e-02 1.101738e-02 -9.996905e-01 7.627297e-02 -7.502041e-02 -9.971016e-01 -1.266280e-02 3.750309e+00
-9.969499e-01 7.478760e-02 -2.231291e-02 -3.119049e+01 2.330218e-02 1.238111e-02 -9.996518e-01 8.343134e-02 -7.448530e-02 -9.971226e-01 -1.408606e-02 3.678324e+00
-9.969068e-01 7.491700e-02 -2.375667e-02 -3.204110e+01 2.472686e-02 1.204925e-02 -9.996216e-01 9.732378e-02 -7.460240e-02 -9.971170e-01 -1.386444e-02 3.608505e+00
-9.968912e-01 7.548846e-02 -2.256968e-02 -3.286306e+01 2.359674e-02 1.274126e-02 -9.996403e-01 1.083381e-01 -7.517375e-02 -9.970652e-01 -1.448293e-02 3.545267e+00
-9.971521e-01 7.328085e-02 -1.781744e-02 -3.369001e+01 1.891439e-02 1.430248e-02 -9.997188e-01 1.080033e-01 -7.300541e-02 -9.972088e-01 -1.564781e-02 3.473915e+00
-9.971304e-01 7.432352e-02 -1.438723e-02 -3.452963e+01 1.564559e-02 1.637648e-02 -9.997435e-01 1.124252e-01 -7.406884e-02 -9.970997e-01 -1.749232e-02 3.411434e+00
-9.972018e-01 7.326001e-02 -1.488618e-02 -3.535246e+01 1.616786e-02 1.693312e-02 -9.997259e-01 1.130612e-01 -7.298785e-02 -9.971691e-01 -1.807019e-02 3.336797e+00
-9.972343e-01 7.234811e-02 -1.701110e-02 -3.620724e+01 1.816071e-02 1.526187e-02 -9.997186e-01 1.160505e-01 -7.206813e-02 -9.972627e-01 -1.653355e-02 3.273991e+00
-9.971043e-01 7.286223e-02 -2.177517e-02 -3.703673e+01 2.309311e-02 1.729479e-02 -9.995837e-01 1.181105e-01 -7.245530e-02 -9.971920e-01 -1.892732e-02 3.209877e+00
-9.970521e-01 7.169361e-02 -2.733236e-02 -3.786969e+01 2.839762e-02 1.388137e-02 -9.995003e-01 1.264553e-01 -7.127837e-02 -9.973301e-01 -1.587638e-02 3.156186e+00
-9.969672e-01 7.203907e-02 -2.944028e-02 -3.870959e+01 3.048258e-02 1.341197e-02 -9.994453e-01 1.494554e-01 -7.160425e-02 -9.973117e-01 -1.556723e-02 3.094041e+00
-9.970059e-01 7.124367e-02 -3.005971e-02 -3.955985e+01 3.109168e-02 1.342037e-02 -9.994264e-01 1.573952e-01 -7.079940e-02 -9.973686e-01 -1.559528e-02 3.024273e+00
-9.971635e-01 7.068830e-02 -2.584790e-02 -4.038654e+01 2.678818e-02 1.238617e-02 -9.995644e-01 1.652319e-01 -7.033735e-02 -9.974216e-01 -1.424465e-02 2.962521e+00
-9.972631e-01 7.052808e-02 -2.218240e-02 -4.118988e+01 2.310270e-02 1.225977e-02 -9.996579e-01 1.677696e-01 -7.023200e-02 -9.974344e-01 -1.385561e-02 2.904653e+00
-9.973093e-01 7.052637e-02 -2.000492e-02 -4.202621e+01 2.115405e-02 1.558450e-02 -9.996548e-01 1.721419e-01 -7.019026e-02 -9.973882e-01 -1.703448e-02 2.837632e+00
-9.973095e-01 7.102403e-02 -1.814920e-02 -4.286271e+01 1.946671e-02 1.790213e-02 -9.996502e-01 1.826405e-01 -7.067428e-02 -9.973139e-01 -1.923657e-02 2.770154e+00
-9.973175e-01 7.127036e-02 -1.668512e-02 -4.368517e+01 1.801047e-02 1.799419e-02 -9.996759e-01 1.942983e-01 -7.094703e-02 -9.972947e-01 -1.922954e-02 2.715732e+00
-9.973291e-01 7.184676e-02 -1.314388e-02 -4.449976e+01 1.425203e-02 1.493301e-02 -9.997869e-01 1.974220e-01 -7.163518e-02 -9.973039e-01 -1.591709e-02 2.658594e+00
-9.972623e-01 7.308482e-02 -1.124910e-02 -4.532880e+01 1.203483e-02 1.031945e-02 -9.998744e-01 1.958500e-01 -7.295955e-02 -9.972723e-01 -1.117077e-02 2.596364e+00
-9.971643e-01 7.387147e-02 -1.436374e-02 -4.616214e+01 1.517908e-02 1.048766e-02 -9.998298e-01 1.912911e-01 -7.370825e-02 -9.972126e-01 -1.157922e-02 2.529913e+00
-9.968675e-01 7.653344e-02 -1.994521e-02 -4.696434e+01 2.072303e-02 9.382362e-03 -9.997413e-01 2.052980e-01 -7.632650e-02 -9.970229e-01 -1.093898e-02 2.472842e+00
-9.967251e-01 7.759791e-02 -2.275106e-02 -4.779318e+01 2.340179e-02 7.486816e-03 -9.996981e-01 2.164933e-01 -7.740415e-02 -9.969566e-01 -9.278228e-03 2.413872e+00
-9.965989e-01 7.925598e-02 -2.256318e-02 -4.861864e+01 2.328649e-02 8.213776e-03 -9.996951e-01 2.191067e-01 -7.904648e-02 -9.968204e-01 -1.003143e-02 2.344443e+00
-9.964982e-01 8.131508e-02 -1.947316e-02 -4.941284e+01 2.052781e-02 1.215402e-02 -9.997154e-01 2.235907e-01 -8.105526e-02 -9.966143e-01 -1.378068e-02 2.274103e+00
-9.965262e-01 8.176295e-02 -1.582374e-02 -5.021131e+01 1.721678e-02 1.636064e-02 -9.997179e-01 2.314140e-01 -8.148099e-02 -9.965175e-01 -1.771150e-02 2.198060e+00
-9.964664e-01 8.265528e-02 -1.492592e-02 -5.100832e+01 1.656684e-02 1.920233e-02 -9.996784e-01 2.349129e-01 -8.234208e-02 -9.963932e-01 -2.050382e-02 2.116617e+00
-9.963401e-01 8.394971e-02 -1.608896e-02 -5.183506e+01 1.778292e-02 1.946972e-02 -9.996523e-01 2.307315e-01 -8.360727e-02 -9.962798e-01 -2.089133e-02 2.042049e+00
-9.962193e-01 8.527409e-02 -1.659296e-02 -5.261570e+01 1.851445e-02 2.179181e-02 -9.995911e-01 2.416528e-01 -8.487763e-02 -9.961192e-01 -2.328822e-02 1.965415e+00
-9.960790e-01 8.703218e-02 -1.587799e-02 -5.340290e+01 1.805920e-02 2.433228e-02 -9.995408e-01 2.412774e-01 -8.660587e-02 -9.959083e-01 -2.580860e-02 1.888080e+00
-9.959893e-01 8.800668e-02 -1.612784e-02 -5.415729e+01 1.824070e-02 2.325683e-02 -9.995631e-01 2.418932e-01 -8.759315e-02 -9.958484e-01 -2.476885e-02 1.813733e+00
-9.959734e-01 8.788561e-02 -1.769309e-02 -5.493522e+01 1.969297e-02 2.194075e-02 -9.995653e-01 2.498665e-01 -8.745921e-02 -9.958889e-01 -2.358313e-02 1.738460e+00
-9.958878e-01 8.822557e-02 -2.058556e-02 -5.572808e+01 2.243017e-02 1.996773e-02 -9.995490e-01 2.478555e-01 -8.777472e-02 -9.959004e-01 -2.186454e-02 1.672965e+00
-9.957951e-01 8.834949e-02 -2.421743e-02 -5.649715e+01 2.607501e-02 1.993202e-02 -9.994612e-01 2.573001e-01 -8.781920e-02 -9.958901e-01 -2.215192e-02 1.598970e+00
-9.956750e-01 8.895202e-02 -2.681086e-02 -5.725563e+01 2.873180e-02 2.038526e-02 -9.993793e-01 2.610941e-01 -8.835025e-02 -9.958273e-01 -2.285285e-02 1.526785e+00
-9.956478e-01 8.911403e-02 -2.727829e-02 -5.800365e+01 2.904865e-02 1.862992e-02 -9.994044e-01 2.767286e-01 -8.855277e-02 -9.958472e-01 -2.113748e-02 1.464742e+00
-9.957138e-01 8.882479e-02 -2.577367e-02 -5.875136e+01 2.749815e-02 1.824558e-02 -9.994553e-01 2.818521e-01 -8.830616e-02 -9.958801e-01 -2.060989e-02 1.393192e+00
-9.957447e-01 8.945283e-02 -2.215168e-02 -5.949978e+01 2.380036e-02 1.740611e-02 -9.995652e-01 2.869311e-01 -8.902836e-02 -9.958389e-01 -1.946105e-02 1.317300e+00
-9.957864e-01 8.949400e-02 -2.000460e-02 -6.021498e+01 2.175639e-02 1.864186e-02 -9.995895e-01 2.942959e-01 -8.908433e-02 -9.958129e-01 -2.051038e-02 1.249732e+00
-9.959335e-01 8.825589e-02 -1.809580e-02 -6.093228e+01 2.000059e-02 2.074615e-02 -9.995847e-01 2.929924e-01 -8.784382e-02 -9.958818e-01 -2.242695e-02 1.174631e+00
-9.961230e-01 8.631077e-02 -1.701346e-02 -6.162619e+01 1.863608e-02 1.802898e-02 -9.996638e-01 2.802597e-01 -8.597502e-02 -9.961051e-01 -1.956758e-02 1.108470e+00
-9.964578e-01 8.225912e-02 -1.747046e-02 -6.229079e+01 1.904004e-02 1.833526e-02 -9.996506e-01 2.779191e-01 -8.191004e-02 -9.964423e-01 -1.983653e-02 1.043382e+00
-9.968434e-01 7.711273e-02 -1.889075e-02 -6.295474e+01 2.033108e-02 1.793610e-02 -9.996324e-01 2.793031e-01 -7.674555e-02 -9.968610e-01 -1.944727e-02 9.911593e-01
-9.973295e-01 7.003039e-02 -2.072912e-02 -6.360681e+01 2.185602e-02 1.536366e-02 -9.996431e-01 2.768848e-01 -6.968692e-02 -9.974265e-01 -1.685322e-02 9.436457e-01
-9.978856e-01 6.118646e-02 -2.191966e-02 -6.424194e+01 2.304024e-02 1.766907e-02 -9.995784e-01 2.805717e-01 -6.077337e-02 -9.979699e-01 -1.904146e-02 9.048353e-01
-9.984264e-01 5.096620e-02 -2.339111e-02 -6.485801e+01 2.437777e-02 1.882424e-02 -9.995255e-01 2.722287e-01 -5.050170e-02 -9.985229e-01 -2.003706e-02 8.651562e-01
-9.989958e-01 3.749652e-02 -2.452218e-02 -6.542828e+01 2.542711e-02 2.385035e-02 -9.993922e-01 2.824553e-01 -3.688887e-02 -9.990121e-01 -2.477983e-02 8.402234e-01
-9.994776e-01 1.791506e-02 -2.689771e-02 -6.601601e+01 2.737384e-02 2.688435e-02 -9.992637e-01 3.023817e-01 -1.717874e-02 -9.994780e-01 -2.736071e-02 8.326238e-01
-9.996012e-01 -4.884356e-03 -2.781265e-02 -6.658910e+01 2.766230e-02 2.854109e-02 -9.992098e-01 3.144475e-01 5.674299e-03 -9.995807e-01 -2.839459e-02 8.309163e-01
-9.991561e-01 -3.032849e-02 -2.769929e-02 -6.712939e+01 2.687652e-02 2.720826e-02 -9.992684e-01 3.231732e-01 3.105995e-02 -9.991696e-01 -2.637018e-02 8.496385e-01
-9.978324e-01 -5.920743e-02 -2.872257e-02 -6.764568e+01 2.721935e-02 2.604115e-02 -9.992902e-01 3.232542e-01 5.991337e-02 -9.979060e-01 -2.437312e-02 9.025108e-01
-9.952537e-01 -9.289765e-02 -2.898577e-02 -6.814303e+01 2.683525e-02 2.431578e-02 -9.993441e-01 3.282262e-01 9.354153e-02 -9.953787e-01 -2.170743e-02 9.585279e-01
-9.911101e-01 -1.299067e-01 -2.872357e-02 -6.861596e+01 2.588237e-02 2.350707e-02 -9.993886e-01 3.365557e-01 1.305025e-01 -9.912475e-01 -1.993580e-02 1.036303e+00
-9.848495e-01 -1.709836e-01 -2.891503e-02 -6.908611e+01 2.548537e-02 2.221989e-02 -9.994282e-01 3.355949e-01 1.715283e-01 -9.850233e-01 -1.752566e-02 1.122885e+00
-9.759934e-01 -2.157248e-01 -2.999537e-02 -6.953284e+01 2.566372e-02 2.285334e-02 -9.994094e-01 3.454521e-01 2.162828e-01 -9.761868e-01 -1.676840e-02 1.246188e+00
-9.641536e-01 -2.636496e-01 -2.994608e-02 -6.997713e+01 2.530455e-02 2.098399e-02 -9.994595e-01 3.521777e-01 2.641355e-01 -9.643902e-01 -1.356025e-02 1.404208e+00
-9.489354e-01 -3.144189e-01 -2.573523e-02 -7.040656e+01 2.217850e-02 1.488486e-02 -9.996432e-01 3.643900e-01 3.146897e-01 -9.491677e-01 -7.151433e-03 1.562145e+00
-9.311603e-01 -3.639728e-01 -2.154536e-02 -7.079184e+01 2.015042e-02 7.629925e-03 -9.997678e-01 3.624543e-01 3.640527e-01 -9.313783e-01 2.295233e-04 1.770483e+00
-9.087722e-01 -4.169271e-01 -1.746328e-02 -7.118075e+01 1.916502e-02 1.041734e-04 -9.998164e-01 3.527423e-01 4.168523e-01 -9.089400e-01 7.895745e-03 1.974570e+00
-8.843765e-01 -4.664795e-01 -1.658562e-02 -7.155325e+01 1.973820e-02 -1.872852e-03 -9.998034e-01 3.519976e-01 4.663567e-01 -8.845300e-01 1.086377e-02 2.233546e+00
-8.569514e-01 -5.151565e-01 -1.575348e-02 -7.192085e+01 2.004553e-02 -2.771573e-03 -9.997952e-01 3.631392e-01 5.150074e-01 -8.570917e-01 1.270169e-02 2.453259e+00
-8.287127e-01 -5.595098e-01 -1.356721e-02 -7.226263e+01 2.005046e-02 -5.454395e-03 -9.997841e-01 3.881502e-01 5.593150e-01 -8.288058e-01 1.573856e-02 2.740834e+00
-7.971791e-01 -6.036839e-01 -8.439418e-03 -7.259439e+01 2.131483e-02 -1.417146e-02 -9.996724e-01 3.929859e-01 6.033666e-01 -7.970978e-01 2.416461e-02 3.036539e+00
-7.642813e-01 -6.448784e-01 -2.412489e-03 -7.289955e+01 2.013519e-02 -2.012385e-02 -9.995947e-01 3.813952e-01 6.445686e-01 -7.640201e-01 2.836503e-02 3.321013e+00
-7.288537e-01 -6.846615e-01 3.294516e-03 -7.316337e+01 1.553293e-02 -2.134574e-02 -9.996515e-01 3.596097e-01 6.844932e-01 -7.285485e-01 2.619272e-02 3.643119e+00
-6.885504e-01 -7.251544e-01 7.034918e-03 -7.342590e+01 7.060913e-03 -1.640422e-02 -9.998405e-01 3.544303e-01 7.251542e-01 -6.883909e-01 1.641538e-02 3.945126e+00
-6.447263e-01 -7.643404e-01 1.057134e-02 -7.371838e+01 -9.346553e-04 -1.304110e-02 -9.999145e-01 3.711945e-01 7.644129e-01 -6.446811e-01 7.693543e-03 4.310234e+00
-5.976356e-01 -8.016925e-01 1.098498e-02 -7.400456e+01 -5.748287e-03 -9.416244e-03 -9.999391e-01 3.897901e-01 8.017472e-01 -5.976624e-01 1.019124e-03 4.689621e+00
-5.489165e-01 -8.358004e-01 1.132904e-02 -7.424543e+01 -6.372719e-03 -9.368537e-03 -9.999358e-01 3.911809e-01 8.358529e-01 -5.489535e-01 -1.837769e-04 5.088498e+00
-4.987306e-01 -8.666934e-01 1.050028e-02 -7.449368e+01 -7.264502e-03 -7.934339e-03 -9.999421e-01 3.811372e-01 8.667266e-01 -4.987780e-01 -2.338998e-03 5.543659e+00
-4.512472e-01 -8.923589e-01 8.458784e-03 -7.472433e+01 -6.622978e-03 -6.129640e-03 -9.999593e-01 3.763332e-01 8.923744e-01 -4.512849e-01 -3.144091e-03 6.015950e+00
-4.066858e-01 -9.135534e-01 5.186889e-03 -7.493124e+01 -5.968518e-03 -3.020581e-03 -9.999776e-01 3.628770e-01 9.135486e-01 -4.067076e-01 -4.224132e-03 6.513554e+00
-3.655871e-01 -9.307771e-01 -3.113534e-04 -7.514345e+01 -5.897630e-03 2.650951e-03 -9.999791e-01 3.689721e-01 9.307584e-01 -3.655776e-01 -6.458533e-03 7.025555e+00
-3.290011e-01 -9.443217e-01 -3.844636e-03 -7.532569e+01 -5.060445e-03 5.834254e-03 -9.999702e-01 3.658654e-01 9.443160e-01 -3.289718e-01 -6.698164e-03 7.570705e+00
-2.973980e-01 -9.547343e-01 -6.068468e-03 -7.549203e+01 -3.369535e-03 7.405579e-03 -9.999669e-01 3.614689e-01 9.547476e-01 -2.973677e-01 -5.419415e-03 8.131262e+00
-2.729776e-01 -9.620020e-01 -5.939086e-03 -7.564656e+01 -1.603577e-03 6.628560e-03 -9.999768e-01 3.604076e-01 9.620190e-01 -2.729617e-01 -3.352093e-03 8.691926e+00
-2.516268e-01 -9.678092e-01 -5.409273e-03 -7.579751e+01 -2.888814e-04 5.664211e-03 -9.999839e-01 3.536325e-01 9.678243e-01 -2.516212e-01 -1.704849e-03 9.304105e+00
-2.344554e-01 -9.720989e-01 -7.371404e-03 -7.594764e+01 2.787713e-03 6.910413e-03 -9.999722e-01 3.430943e-01 9.721229e-01 -2.344694e-01 1.089750e-03 9.895468e+00
-2.179960e-01 -9.758871e-01 -1.105362e-02 -7.609586e+01 4.699036e-03 1.027634e-02 -9.999362e-01 3.428895e-01 9.759384e-01 -2.180340e-01 2.345529e-03 1.052350e+01
-2.036256e-01 -9.789687e-01 -1.252904e-02 -7.625047e+01 5.560650e-03 1.164053e-02 -9.999168e-01 3.451889e-01 9.790331e-01 -2.036783e-01 3.073394e-03 1.118061e+01
-1.928570e-01 -9.811220e-01 -1.434524e-02 -7.637539e+01 6.111397e-03 1.341836e-02 -9.998913e-01 3.435704e-01 9.812078e-01 -1.929237e-01 3.408202e-03 1.180054e+01
-1.797979e-01 -9.835704e-01 -1.618702e-02 -7.649809e+01 5.769130e-03 1.540058e-02 -9.998648e-01 3.339296e-01 9.836866e-01 -1.798670e-01 2.905353e-03 1.247112e+01
-1.627981e-01 -9.865589e-01 -1.408204e-02 -7.661671e+01 6.886847e-03 1.313589e-02 -9.998900e-01 3.460904e-01 9.866354e-01 -1.628772e-01 4.655783e-03 1.318463e+01
-1.495980e-01 -9.886461e-01 -1.411615e-02 -7.672977e+01 7.251663e-03 1.317935e-02 -9.998869e-01 3.434961e-01 9.887203e-01 -1.496834e-01 5.197725e-03 1.388779e+01
-1.363487e-01 -9.905445e-01 -1.518827e-02 -7.682466e+01 5.017232e-03 1.464079e-02 -9.998803e-01 3.389553e-01 9.906482e-01 -1.364086e-01 2.973538e-03 1.462383e+01
-1.256410e-01 -9.919367e-01 -1.660957e-02 -7.692522e+01 5.632906e-04 1.667091e-02 -9.998609e-01 3.363826e-01 9.920756e-01 -1.256328e-01 -1.535801e-03 1.535067e+01
-1.176024e-01 -9.929054e-01 -1.756768e-02 -7.700681e+01 -4.564952e-03 1.823077e-02 -9.998234e-01 3.295613e-01 9.930503e-01 -1.175014e-01 -6.676547e-03 1.609256e+01
-1.078999e-01 -9.940019e-01 -1.782981e-02 -7.708971e+01 -5.865297e-03 1.857068e-02 -9.998103e-01 3.260342e-01 9.941444e-01 -1.077748e-01 -7.833891e-03 1.685786e+01
-1.022542e-01 -9.945996e-01 -1.776744e-02 -7.717603e+01 -6.773312e-04 1.793067e-02 -9.998390e-01 3.151538e-01 9.947581e-01 -1.022257e-01 -2.507159e-03 1.762116e+01
-9.692518e-02 -9.950927e-01 -1.989745e-02 -7.725273e+01 6.429984e-03 1.936511e-02 -9.997918e-01 3.257788e-01 9.952709e-01 -9.703294e-02 4.521464e-03 1.838134e+01
-9.406247e-02 -9.953070e-01 -2.271911e-02 -7.733199e+01 8.994991e-03 2.196972e-02 -9.997182e-01 3.120813e-01 9.955257e-01 -9.424032e-02 6.886252e-03 1.915240e+01
-8.961846e-02 -9.956794e-01 -2.431335e-02 -7.741193e+01 1.144878e-02 2.338010e-02 -9.996611e-01 3.030223e-01 9.959103e-01 -8.986644e-02 9.304028e-03 1.993542e+01
-8.579263e-02 -9.960501e-01 -2.288512e-02 -7.747512e+01 1.042247e-02 2.207131e-02 -9.997021e-01 3.079740e-01 9.962585e-01 -8.600558e-02 8.487744e-03 2.070075e+01
-8.544613e-02 -9.961039e-01 -2.181684e-02 -7.754281e+01 1.156130e-02 2.090419e-02 -9.997146e-01 3.098495e-01 9.962757e-01 -8.567398e-02 9.730068e-03 2.147679e+01
-8.478931e-02 -9.962389e-01 -1.785413e-02 -7.761492e+01 1.300284e-02 1.681082e-02 -9.997742e-01 3.135075e-01 9.963140e-01 -8.500230e-02 1.152855e-02 2.228090e+01
-8.129236e-02 -9.965714e-01 -1.539357e-02 -7.767497e+01 1.458609e-02 1.425350e-02 -9.997920e-01 3.218466e-01 9.965836e-01 -8.149999e-02 1.337738e-02 2.307051e+01
-7.667097e-02 -9.969708e-01 -1.307020e-02 -7.772534e+01 1.313815e-02 1.209745e-02 -9.998405e-01 3.080378e-01 9.969699e-01 -7.683046e-02 1.217082e-02 2.382905e+01
-7.373208e-02 -9.971232e-01 -1.757531e-02 -7.778552e+01 5.806341e-03 1.719376e-02 -9.998353e-01 3.031946e-01 9.972612e-01 -7.382198e-02 4.521906e-03 2.457182e+01
-7.317414e-02 -9.971479e-01 -1.848596e-02 -7.784845e+01 -2.313474e-03 1.870531e-02 -9.998224e-01 2.967717e-01 9.973165e-01 -7.311837e-02 -3.675621e-03 2.532421e+01
-7.208478e-02 -9.971858e-01 -2.059751e-02 -7.790969e+01 -6.314455e-03 2.110709e-02 -9.997573e-01 2.862639e-01 9.973785e-01 -7.193723e-02 -7.818185e-03 2.607471e+01
-6.902066e-02 -9.973620e-01 -2.247650e-02 -7.796513e+01 -4.433526e-03 2.283667e-02 -9.997294e-01 2.730428e-01 9.976054e-01 -6.890233e-02 -5.998032e-03 2.684416e+01
-6.615227e-02 -9.974970e-01 -2.497280e-02 -7.801879e+01 -1.161162e-03 2.510456e-02 -9.996842e-01 2.616794e-01 9.978089e-01 -6.610239e-02 -2.818979e-03 2.761023e+01
-6.386290e-02 -9.976625e-01 -2.431256e-02 -7.807563e+01 2.988753e-03 2.417098e-02 -9.997033e-01 2.635949e-01 9.979542e-01 -6.391662e-02 1.438138e-03 2.836484e+01
-6.224629e-02 -9.977215e-01 -2.602416e-02 -7.812225e+01 6.385637e-03 2.567607e-02 -9.996499e-01 2.460376e-01 9.980404e-01 -6.239067e-02 4.772848e-03 2.912193e+01
-6.174867e-02 -9.977243e-01 -2.707944e-02 -7.817016e+01 6.705300e-03 2.671592e-02 -9.996206e-01 2.416458e-01 9.980692e-01 -6.190682e-02 5.040368e-03 2.987268e+01
-5.873625e-02 -9.980265e-01 -2.220814e-02 -7.821776e+01 5.982410e-03 2.189424e-02 -9.997424e-01 2.476072e-01 9.982556e-01 -5.885398e-02 4.684618e-03 3.060846e+01
-5.737744e-02 -9.981440e-01 -2.040537e-02 -7.826561e+01 4.865297e-03 2.015924e-02 -9.997849e-01 2.429571e-01 9.983407e-01 -5.746438e-02 3.699582e-03 3.137615e+01
-5.703328e-02 -9.981956e-01 -1.877936e-02 -7.830204e+01 4.937499e-03 1.852774e-02 -9.998162e-01 2.348542e-01 9.983601e-01 -5.711552e-02 3.871893e-03 3.214065e+01
-5.480432e-02 -9.982774e-01 -2.094737e-02 -7.834002e+01 5.016137e-03 2.070338e-02 -9.997731e-01 2.219284e-01 9.984845e-01 -5.489696e-02 3.872862e-03 3.289240e+01
-5.420577e-02 -9.983008e-01 -2.138512e-02 -7.838213e+01 5.478815e-03 2.111893e-02 -9.997619e-01 2.233222e-01 9.985148e-01 -5.431003e-02 4.324737e-03 3.364216e+01
-5.384893e-02 -9.982503e-01 -2.442564e-02 -7.843776e+01 5.348705e-03 2.417242e-02 -9.996935e-01 2.185610e-01 9.985347e-01 -5.396307e-02 4.037688e-03 3.443343e+01
-5.490341e-02 -9.981815e-01 -2.488459e-02 -7.848044e+01 5.001889e-03 2.464691e-02 -9.996837e-01 2.174956e-01 9.984791e-01 -5.501051e-02 3.639593e-03 3.520349e+01
-5.727763e-02 -9.981263e-01 -2.152051e-02 -7.852441e+01 5.118670e-03 2.126201e-02 -9.997608e-01 2.015232e-01 9.983452e-01 -5.737409e-02 3.891242e-03 3.599494e+01
-5.957345e-02 -9.979523e-01 -2.328379e-02 -7.857629e+01 5.648741e-03 2.298783e-02 -9.997198e-01 2.021376e-01 9.982079e-01 -5.968827e-02 4.267710e-03 3.678704e+01
-6.272998e-02 -9.976078e-01 -2.904436e-02 -7.863451e+01 4.830353e-03 2.879786e-02 -9.995736e-01 2.048691e-01 9.980189e-01 -6.284353e-02 3.012309e-03 3.758929e+01
-6.527074e-02 -9.974583e-01 -2.857576e-02 -7.869386e+01 1.769945e-03 2.852106e-02 -9.995916e-01 1.935104e-01 9.978660e-01 -6.529466e-02 -9.614408e-05 3.839326e+01
-6.606911e-02 -9.973535e-01 -3.034670e-02 -7.874850e+01 -1.427808e-03 3.050762e-02 -9.995335e-01 1.889393e-01 9.978140e-01 -6.599496e-02 -3.439641e-03 3.919311e+01
-6.791385e-02 -9.972521e-01 -2.959706e-02 -7.880302e+01 -3.038418e-03 2.987215e-02 -9.995491e-01 1.828690e-01 9.976866e-01 -6.779329e-02 -5.058801e-03 4.002028e+01
-7.032766e-02 -9.970690e-01 -3.012391e-02 -7.886871e+01 -2.730280e-03 3.039098e-02 -9.995344e-01 1.792548e-01 9.975202e-01 -7.021267e-02 -4.859603e-03 4.085070e+01
-7.313676e-02 -9.969490e-01 -2.726954e-02 -7.892995e+01 -1.996635e-03 2.748908e-02 -9.996201e-01 1.632776e-01 9.973199e-01 -7.305453e-02 -4.001006e-03 4.171077e+01
-7.522617e-02 -9.969077e-01 -2.271817e-02 -7.899960e+01 -7.664066e-04 2.284052e-02 -9.997388e-01 1.432923e-01 9.971662e-01 -7.518911e-02 -2.482241e-03 4.253291e+01
-7.618855e-02 -9.968463e-01 -2.219772e-02 -7.907398e+01 2.202467e-03 2.209412e-02 -9.997535e-01 1.368489e-01 9.970910e-01 -7.621866e-02 5.122017e-04 4.336307e+01
-7.782204e-02 -9.966832e-01 -2.379687e-02 -7.915002e+01 5.862579e-03 2.341135e-02 -9.997087e-01 1.303072e-01 9.969500e-01 -7.793888e-02 4.021215e-03 4.421420e+01
-7.708652e-02 -9.967778e-01 -2.217401e-02 -7.922184e+01 8.720702e-03 2.156525e-02 -9.997294e-01 1.275856e-01 9.969863e-01 -7.725904e-02 7.030212e-03 4.504644e+01
-7.490353e-02 -9.969307e-01 -2.277252e-02 -7.929414e+01 1.100140e-02 2.200913e-02 -9.996972e-01 1.244071e-01 9.971301e-01 -7.513139e-02 9.319074e-03 4.591702e+01
-7.330728e-02 -9.970351e-01 -2.338684e-02 -7.937315e+01 1.059609e-02 2.266996e-02 -9.996868e-01 1.139994e-01 9.972531e-01 -7.353213e-02 8.902807e-03 4.677222e+01
-7.024243e-02 -9.972880e-01 -2.196950e-02 -7.944522e+01 7.865848e-03 2.146946e-02 -9.997386e-01 1.177556e-01 9.974989e-01 -7.039689e-02 6.336449e-03 4.764041e+01
-6.878927e-02 -9.974129e-01 -2.086981e-02 -7.950154e+01 6.512989e-03 2.046993e-02 -9.997693e-01 1.126472e-01 9.976100e-01 -6.890932e-02 5.088028e-03 4.850002e+01
-6.848933e-02 -9.974625e-01 -1.944031e-02 -7.956019e+01 6.034516e-03 1.907152e-02 -9.997999e-01 1.148383e-01 9.976336e-01 -6.859294e-02 4.713008e-03 4.936974e+01
-6.686377e-02 -9.975962e-01 -1.819401e-02 -7.962617e+01 7.442553e-03 1.773564e-02 -9.998150e-01 1.154742e-01 9.977344e-01 -6.698681e-02 6.238791e-03 5.026797e+01
-6.641800e-02 -9.976704e-01 -1.556898e-02 -7.967381e+01 1.033174e-02 1.491495e-02 -9.998354e-01 1.101716e-01 9.977384e-01 -6.656793e-02 9.317050e-03 5.113374e+01
-6.521496e-02 -9.977618e-01 -1.477798e-02 -7.973269e+01 9.965251e-03 1.415757e-02 -9.998501e-01 1.072897e-01 9.978215e-01 -6.535245e-02 9.019662e-03 5.202459e+01
-6.466224e-02 -9.978216e-01 -1.306934e-02 -7.979269e+01 7.558952e-03 1.260662e-02 -9.998919e-01 1.078063e-01 9.978786e-01 -6.475405e-02 6.727313e-03 5.287624e+01
-6.344744e-02 -9.978896e-01 -1.380818e-02 -7.985557e+01 3.630711e-03 1.360516e-02 -9.999009e-01 1.068484e-01 9.979786e-01 -6.349128e-02 2.759836e-03 5.371013e+01
-6.284566e-02 -9.979093e-01 -1.508100e-02 -7.992892e+01 -1.571259e-03 1.520978e-02 -9.998831e-01 9.236916e-02 9.980220e-01 -6.281462e-02 -2.523843e-03 5.458687e+01
-6.265517e-02 -9.978082e-01 -2.128937e-02 -7.999869e+01 -6.894385e-03 2.176349e-02 -9.997393e-01 6.767069e-02 9.980114e-01 -6.249207e-02 -8.242869e-03 5.544935e+01
-6.153105e-02 -9.978158e-01 -2.403012e-02 -8.006140e+01 -8.101686e-03 2.457425e-02 -9.996652e-01 5.244488e-02 9.980723e-01 -6.131576e-02 -9.596070e-03 5.632412e+01
-6.156321e-02 -9.978371e-01 -2.304777e-02 -8.012060e+01 -3.922961e-03 2.333330e-02 -9.997200e-01 3.222831e-02 9.980955e-01 -6.145556e-02 -5.350949e-03 5.720641e+01
-6.260479e-02 -9.978060e-01 -2.153859e-02 -8.017825e+01 5.117565e-03 2.125970e-02 -9.997609e-01 1.005760e-02 9.980253e-01 -6.270005e-02 3.775378e-03 5.807309e+01
-6.321703e-02 -9.978465e-01 -1.749244e-02 -8.023482e+01 1.193704e-02 1.677022e-02 -9.997881e-01 1.659919e-02 9.979284e-01 -6.341244e-02 1.085117e-02 5.891418e+01
-6.599447e-02 -9.977010e-01 -1.540649e-02 -8.028628e+01 9.965020e-03 1.478038e-02 -9.998411e-01 2.416849e-02 9.977702e-01 -6.613752e-02 8.966688e-03 5.975966e+01
-6.801996e-02 -9.976146e-01 -1.176960e-02 -8.033577e+01 7.132459e-03 1.131038e-02 -9.999106e-01 2.452754e-02 9.976585e-01 -6.809782e-02 6.346113e-03 6.059572e+01
-6.976493e-02 -9.974736e-01 -1.338741e-02 -8.039780e+01 7.977635e-03 1.286181e-02 -9.998854e-01 7.332742e-03 9.975315e-01 -6.986374e-02 7.060176e-03 6.142136e+01
-7.204023e-02 -9.973118e-01 -1.339161e-02 -8.046532e+01 5.238631e-03 1.304797e-02 -9.999012e-01 4.564808e-03 9.973879e-01 -7.210326e-02 4.284570e-03 6.226140e+01
-7.456526e-02 -9.971417e-01 -1.218310e-02 -8.052149e+01 2.377529e-03 1.203932e-02 -9.999247e-01 -7.833218e-03 9.972133e-01 -7.458861e-02 1.473018e-03 6.307402e+01
-7.852916e-02 -9.968660e-01 -9.557765e-03 -8.058851e+01 -8.840936e-04 9.657008e-03 -9.999530e-01 -8.072799e-03 9.969114e-01 -7.851702e-02 -1.639680e-03 6.385321e+01
-8.135998e-02 -9.965854e-01 -1.407603e-02 -8.066350e+01 -3.949921e-03 1.444515e-02 -9.998879e-01 -3.808134e-02 9.966770e-01 -8.129525e-02 -5.111690e-03 6.466036e+01
-8.526916e-02 -9.961734e-01 -1.917750e-02 -8.074635e+01 -4.279919e-03 1.961364e-02 -9.997985e-01 -5.297339e-02 9.963487e-01 -8.516990e-02 -5.935979e-03 6.547769e+01
-8.953590e-02 -9.956552e-01 -2.557352e-02 -8.083680e+01 -3.230880e-03 2.596686e-02 -9.996576e-01 -8.160456e-02 9.959784e-01 -8.942261e-02 -5.541809e-03 6.629852e+01
-9.313911e-02 -9.952586e-01 -2.802679e-02 -8.092395e+01 3.021587e-04 2.812089e-02 -9.996045e-01 -8.214136e-02 9.956530e-01 -9.311074e-02 -2.318429e-03 6.711000e+01
-9.774480e-02 -9.948078e-01 -2.834294e-02 -8.100346e+01 6.122507e-03 2.787770e-02 -9.995926e-01 -9.509585e-02 9.951927e-01 -9.787851e-02 3.365818e-03 6.791031e+01
-1.024039e-01 -9.943760e-01 -2.701484e-02 -8.108344e+01 9.713893e-03 2.615669e-02 -9.996107e-01 -1.046236e-01 9.946955e-01 -1.026265e-01 6.980714e-03 6.870609e+01
-1.084086e-01 -9.936970e-01 -2.852558e-02 -8.117300e+01 1.073400e-02 2.752295e-02 -9.995635e-01 -1.093386e-01 9.940485e-01 -1.086675e-01 7.682625e-03 6.950036e+01
-1.140201e-01 -9.931666e-01 -2.489292e-02 -8.125929e+01 1.374824e-02 2.347655e-02 -9.996299e-01 -1.127849e-01 9.933833e-01 -1.143201e-01 1.097750e-02 7.029939e+01
-1.195280e-01 -9.924807e-01 -2.636481e-02 -8.137335e+01 1.470851e-02 2.478212e-02 -9.995847e-01 -1.200502e-01 9.927219e-01 -1.198662e-01 1.163575e-02 7.107090e+01
-1.250539e-01 -9.917021e-01 -2.980762e-02 -8.147684e+01 1.400484e-02 2.827605e-02 -9.995021e-01 -1.148029e-01 9.920511e-01 -1.254091e-01 1.035260e-02 7.185102e+01
-1.305080e-01 -9.908545e-01 -3.427776e-02 -8.158567e+01 1.124470e-02 3.309193e-02 -9.993891e-01 -1.365408e-01 9.913835e-01 -1.308137e-01 6.823095e-03 7.260129e+01
-1.365878e-01 -9.899378e-01 -3.697168e-02 -8.169298e+01 9.829410e-03 3.596529e-02 -9.993047e-01 -1.401357e-01 9.905792e-01 -1.368562e-01 4.818086e-03 7.335677e+01
-1.417218e-01 -9.891695e-01 -3.819309e-02 -8.181539e+01 9.177647e-03 3.726791e-02 -9.992632e-01 -1.474191e-01 9.898640e-01 -1.419679e-01 3.796571e-03 7.413258e+01
-1.472651e-01 -9.883500e-01 -3.843561e-02 -8.193083e+01 1.286797e-02 3.694156e-02 -9.992346e-01 -1.413579e-01 9.890134e-01 -1.476469e-01 7.277853e-03 7.492529e+01
-1.526206e-01 -9.874365e-01 -4.093876e-02 -8.206043e+01 1.684550e-02 3.881882e-02 -9.991043e-01 -1.499263e-01 9.881412e-01 -1.531736e-01 1.070931e-02 7.570094e+01
-1.586899e-01 -9.865511e-01 -3.917152e-02 -8.218706e+01 1.843888e-02 3.670605e-02 -9.991560e-01 -1.617713e-01 9.871563e-01 -1.592782e-01 1.236602e-02 7.647219e+01
-1.655413e-01 -9.855272e-01 -3.650044e-02 -8.231038e+01 1.444868e-02 3.458346e-02 -9.992974e-01 -1.538475e-01 9.860970e-01 -1.659523e-01 8.514575e-03 7.721114e+01
-1.731757e-01 -9.841918e-01 -3.710319e-02 -8.244649e+01 8.306575e-03 3.621151e-02 -9.993096e-01 -1.713609e-01 9.848559e-01 -1.733643e-01 1.904309e-03 7.796742e+01
-1.819644e-01 -9.828438e-01 -3.011537e-02 -8.259821e+01 6.335788e-03 2.945413e-02 -9.995461e-01 -1.630448e-01 9.832847e-01 -1.820726e-01 8.674869e-04 7.871305e+01
-1.936386e-01 -9.805965e-01 -3.056875e-02 -8.276128e+01 9.074078e-03 2.936703e-02 -9.995275e-01 -1.631944e-01 9.810309e-01 -1.938245e-01 3.211418e-03 7.945181e+01
-2.065217e-01 -9.780408e-01 -2.801961e-02 -8.292268e+01 1.385972e-02 2.570989e-02 -9.995733e-01 -1.459452e-01 9.783438e-01 -2.068220e-01 8.245718e-03 8.016248e+01
-2.175366e-01 -9.756012e-01 -2.966739e-02 -8.310398e+01 2.099631e-02 2.571089e-02 -9.994489e-01 -1.322624e-01 9.758263e-01 -2.180396e-01 1.489096e-02 8.092259e+01
-2.282775e-01 -9.730818e-01 -3.164235e-02 -8.328816e+01 2.500821e-02 2.662923e-02 -9.993325e-01 -1.326865e-01 9.732749e-01 -2.289164e-01 1.825618e-02 8.166543e+01
-2.385488e-01 -9.705946e-01 -3.225671e-02 -8.347010e+01 2.199826e-02 2.780643e-02 -9.993712e-01 -1.381422e-01 9.708813e-01 -2.391084e-01 1.471821e-02 8.237104e+01
-2.490384e-01 -9.678898e-01 -3.419471e-02 -8.367256e+01 1.276692e-02 3.202321e-02 -9.994056e-01 -1.396677e-01 9.684095e-01 -2.493269e-01 4.381959e-03 8.309619e+01
-2.609233e-01 -9.648361e-01 -3.178732e-02 -8.385903e+01 8.747687e-03 3.056352e-02 -9.994946e-01 -1.402062e-01 9.653199e-01 -2.610695e-01 4.653507e-04 8.378970e+01
-2.735532e-01 -9.612833e-01 -3.321186e-02 -8.407892e+01 1.223629e-02 3.104816e-02 -9.994430e-01 -1.370761e-01 9.617791e-01 -2.738072e-01 3.269220e-03 8.449207e+01
