-0.009882440641836904 -0.999845431207842 -0.01453912809269248 -0.0830502832682608 -0.0045588689821902265 0.014584737053537283 -0.9998832344149354 -0.406283766724134 0.9999408175459783 -0.009815004973140803 -0.004702296411700377 -0.331503780864711
-0.008884763906589212 -0.9998557084819243 -0.014479932025820742 -0.08065841673706037 -0.011386610302497008 0.01458072533389165 -0.9998289031552897 -0.49720215151674757 0.9998957464292718 -0.00871836653891576 -0.011514512997302436 -0.3378220519931133
-0.008571368932740733 -0.9998659696924147 -0.013944988671142466 -0.07777547580911917 -0.018778417038672054 0.014103988667023015 -0.9997241412693597 -0.5861212829010587 0.9997869820522184 -0.00830714057220834 -0.01889679253428228 -0.34463733612136493
-0.009104569627699047 -0.9998730321006665 -0.013073255214543802 -0.08262328321590458 -0.027683865543413934 0.01332082369428026 -0.9995279364985494 -0.7011180871875821 0.9995753129016037 -0.008738354161891311 -0.02780163226658121 -0.3565393204518195
-0.009195620450206096 -0.9998893391038562 -0.01168616208274002 -0.08176703754932291 -0.03831383880099926 0.012030384943489387 -0.9991933006946492 -0.814459929547205 0.9992234592352057 -0.00874046117750611 -0.0384202238932833 -0.36940989559622806
-0.00935529968122926 -0.9999025504330628 -0.010355405042303553 -0.07910580714113902 -0.051961057130054576 0.010827973484489658 -0.9985904244694529 -0.9410688833553016 0.9986053606611845 -0.008804035224988519 -0.0520572890032604 -0.3857651523109226
-0.01005660504587469 -0.9999019342601991 -0.009744437201402468 -0.08255392971254553 -0.06873967695531376 0.010413167021594017 -0.997580256684667 -1.0924334643907399 0.9975839896487856 -0.009362441463589943 -0.06883766437571932 -0.41322801194766323
-0.011656768117445197 -0.9998896812093598 -0.009203143279951548 -0.08901181194910887 -0.08759210235848458 0.010189454653338582 -0.9961043304892743 -1.2397550639208463 0.9960882164834411 -0.010805234141033654 -0.08770121853589338 -0.442258627870717
-0.01267019320819433 -0.9998752659759736 -0.009430545160467612 -0.08643694067830218 -0.10708048344095088 0.010733845533403596 -0.9941924154037132 -1.3817953968157333 0.9941696266534312 -0.011586781668111532 -0.10720318032520929 -0.4727217801986973
-0.012236812274806882 -0.9998851620293953 -0.008931730495159525 -0.08063547490674344 -0.12919788290987536 0.010438549034000384 -0.9915639135703904 -1.55343576200819 0.9915433859036598 -0.010979620367559603 -0.1293107887591935 -0.5162192672795451
-0.010224794492135989 -0.9999209157024127 -0.00731487483562486 -0.07445112191815227 -0.1537676762245329 0.008800531419634671 -0.988067855424341 -1.7504770392949456 0.9880541283410913 -0.00897799920968336 -0.15384549212749868 -0.5850402594525095
-0.006038697044745781 -0.9999674796065242 -0.005343139173827458 -0.06563297870452023 -0.1793214484479472 0.0063394947538212305 -0.9837701198600722 -1.9274988811830158 0.9837720524036501 -0.004982550225602473 -0.17935389570907548 -0.6526369329204464
-0.0028147602255461403 -0.9999899987945885 -0.0034831792584446766 -0.06688359009583784 -0.20605644216408145 0.003988445101183219 -0.9785319474101873 -2.110514762779649 0.9785361059987469 -0.002036600335267812 -0.20606562787563706 -0.726743053285321
-0.001379758987650281 -0.9999929595997146 -0.0034895752120683104 -0.06108463267125757 -0.23598925185961817 0.003716617377761462 -0.971748534168211 -2.3112451139022325 0.9717547442535138 -0.0005172789384262329 -0.23599271839011118 -0.8092534115933857
-6.157348115773224e-05 -0.9999932113515994 -0.0036882024107004613 -0.05550774592317736 -0.266174601389737 0.0035715318373703746 -0.9639182165499846 -2.4924984106521637 0.9639248895710539 0.0009223578464515013 -0.26617295835621263 -0.8963251570482718
0.0014203737771400424 -0.9999927368173396 -0.003526976654200578 -0.05057780231201643 -0.2973961251259904 0.002944981111415703 -0.9547496136219137 -2.6887214394730674 0.9547532070285677 0.0024050087054705745 -0.2973897848885557 -0.995324934470133
0.0034483678851639187 -0.9999845876829203 -0.004355606994156986 -0.047617225291146065 -0.33162718284506715 0.0029655789261446366 -0.9434058451140126 -2.877220379098714 0.9434042454216768 0.004697647316513786 -0.3316117768113085 -1.0986553983848428
0.005400147330964505 -0.9999782699356883 -0.003770690634814844 -0.050730250738331734 -0.3648691837271425 0.0015404130775130637 -0.9310575073859519 -3.0701605655136524 0.9310431928130556 0.006403662794939107 -0.3648529204084776 -1.222057573328986
0.00861942814791454 -0.9999533512845015 -0.004350650199465454 -0.04890426002274741 -0.3988901145380473 0.0005513594812420908 -0.9169986114312082 -3.2700871759479506 0.9169582537010006 0.00963943141674611 -0.3988667776291566 -1.3339401530339847
0.009441551866082427 -0.9999451167673622 -0.004532164350950879 -0.050235800054829416 -0.4330242211201069 -3.2064959961386474e-06 -0.9013822726949571 -3.46714978171589 0.9013329119881349 0.010472983550096475 -0.4330004453700863 -1.4608253170960148
0.006440068234484602 -0.9999741773637899 -0.0031648395975198314 -0.06323737154414391 -0.4688399487900217 -0.00022391391516133133 -0.8832831076782829 -3.6576662019814394 0.8832597189919477 0.007172206324793293 -0.4688293443193232 -1.6180483721907197
0.003880404078072148 -0.9999898737481431 -0.002282794650275334 -0.059192258023694724 -0.5065142049668849 2.8161993189876333e-06 -0.8622316481319303 -3.842569427249336 0.8622229614059997 0.004502069179954627 -0.5065090102773911 -1.7540425867029523
0.004141296955993225 -0.9999834529896677 -0.003986711646024788 -0.0518768273578086 -0.5458412345664599 0.0010799500024781857 -0.8378879950755962 -4.024118422051068 0.8378784978846969 0.005646048831168384 -0.5458276669584714 -1.9220549954564656
0.007033586685303879 -0.9999498239155094 -0.007124687731711201 -0.04424243577981669 -0.5877619903740983 0.0016301022745672418 -0.8090322611376654 -4.218184161467034 0.8090033417929001 0.009878016787785455 -0.5877210189598712 -2.1491188782236765
0.009754231104846202 -0.9999082190135208 -0.009391691318410594 -0.03126029966027413 -0.6298480067950136 0.0011511207231473322 -0.7767175434950595 -4.375023997271823 0.7766572139190919 0.013491613168676721 -0.6297790518279935 -2.343764321099753
0.009649698012763675 -0.9999133444356898 -0.008951384218666744 -0.03897097969727237 -0.6711019553915923 0.00016032198825336776 -0.7413650424590843 -4.533504611499899 0.7413023411179409 0.013161243413507976 -0.6710422600010171 -2.557816599160145
0.0058598932066095104 -0.9999506771754416 -0.008020394099091685 -0.04205174571260542 -0.7118501489873483 0.00146166704920625 -0.7023298800349349 -4.702165105512703 0.7023070147613637 0.009824899355006822 -0.7118064002558158 -2.7969094606190064
0.0022869204752757714 -0.9999654589454985 -0.00798910844360936 -0.04492566602401639 -0.7509097090542127 0.0035588280003910414 -0.6603952669888808 -4.85566626678754 0.6604009183493421 0.007509367654053132 -0.7508755884756667 -3.0104001839528247
-0.0003041030645092391 -0.9999537781940059 -0.009600593285822159 -0.03710857674973198 -0.7873527324193911 0.00615821565017088 -0.6164720577023144 -5.0025417590786745 0.6165027748540642 0.007371584546332508 -0.7873182625856617 -3.288303702096681
-0.003107567314859362 -0.9999370831341918 -0.010773104455423036 -0.03808714521776645 -0.822765760057209 0.008679858311172874 -0.5683143311598692 -5.137000091030331 0.5683721892528848 0.007097664881750676 -0.8227409829963134 -3.59054864896655
-0.003992822777192834 -0.9999233945121005 -0.011714126871306168 -0.03369781336987215 -0.8554352552394247 0.009482174587720382 -0.5178230912489141 -5.257602573181471 0.5178944500317965 0.007953100533795287 -0.8554075318105276 -3.887530010137024
-0.005255060875097124 -0.9999073745851986 -0.012554876088181968 -0.03704195150414373 -0.8849702561870724 0.010496212201339478 -0.4655293957385993 -5.347086048255562 0.46561802035046507 0.008664305501382877 -0.8849433913262421 -4.173694524954284
-0.005896137199567971 -0.9998853366858945 -0.013945447284663376 -0.03712760548231638 -0.9114004333873352 0.011111769602186404 -0.411370780847707 -5.467799479694731 0.4114785913451526 0.010284386862670173 -0.9113614364026185 -4.537867697127519
-0.006108151802148884 -0.9998638395324851 -0.015325556490148958 -0.03569785117950192 -0.934042106366724 0.011177828916137444 -0.3569880036216407 -5.538637357493148 0.3571107276092565 0.012134183083861352 -0.9339832961139886 -4.876643913831251
-0.0069976729247300095 -0.9998048088864417 -0.018476238098374217 -0.04077200823284319 -0.9536179210990297 0.012232612320445977 -0.3007710726188262 -5.5984153330094575 0.3009383854829467 0.015514570057018773 -0.953517325395716 -5.251229807474232
-0.01027677382976398 -0.9997367625315059 -0.020510165480207326 -0.035745569538835016 -0.9689678420676056 0.015022293689405664 -0.2467301461452567 -5.665383938016409 0.2469733166884051 0.017338109139857776 -0.9688671988596417 -5.661356478128114
-0.012977763869387635 -0.9996738148613178 -0.021996064220048656 -0.03706799346081835 -0.9804818325376011 0.017038394999671552 -0.19587032056921086 -5.699535840833856 0.19618124458854616 0.01902477997158245 -0.980383105930284 -6.0514543556777625
-0.010769245417653622 -0.9997014827055872 -0.021929136943047368 -0.036702255005901366 -0.9889213290677608 0.013894967638063192 -0.14778893307847074 -5.712088497049262 0.14804950826377167 0.020094614067722713 -0.9887757862204096 -6.482435062954149
-0.009529901913284742 -0.9997275495122321 -0.021304760441528067 -0.043258707406368106 -0.9943284737640368 0.011731042375349075 -0.105703768390538 -5.71254684993905 0.10592497802826598 0.020176583019859962 -0.9941693754620645 -6.901032956094818
-0.008548993901555783 -0.9997634008212172 -0.01999977664592526 -0.04901099453834057 -0.9976790388267371 0.009878930211587766 -0.06737283943054387 -5.705177890550318 0.0675544824001384 0.01937738632844806 -0.997527414310032 -7.361124913895972
-0.008676741015312635 -0.9997998764585266 -0.018027036383608093 -0.04606250055160192 -0.9993942813866755 0.009278030334424271 -0.03354344680144747 -5.679514019831677 0.03370398984746569 0.01772506596825483 -0.9992746163191116 -7.804238019200655
-0.009066377255217372 -0.9998331679624965 -0.015859212667298804 -0.04283076512933426 -0.999956041723981 0.009103186945896211 -0.0022503530079779903 -5.664292874655534 0.0023943461272920904 0.01583811743735872 -0.999871673690679 -8.275586716597239
-0.008245324094195797 -0.999871972378845 -0.01371107880119267 -0.055467111725660684 -0.9996654099135154 0.007905901162104805 0.02462798657355673 -5.643445587260885 -0.024516445110977884 0.01390955908333762 -0.999602611067909 -8.754732320139457
-0.007128072038762842 -0.9999166422875092 -0.010759789752561574 -0.05711351114186087 -0.9989323382295475 0.006629069013932204 0.04572062357524406 -5.6126756484503115 -0.045645489355443616 0.011074203839795373 -0.9988963749751695 -9.274461932713281
-0.005208770882445247 -0.9999370481426197 -0.009939852632065435 -0.06392239500689395 -0.9980511321339662 0.004580317892196824 0.06223362643801438 -5.571631331438434 -0.06218418496930489 0.010244642798809711 -0.9980121170097516 -9.782022089591111
-0.0059959917372009825 -0.9999344252910152 -0.009757547662610085 -0.05945154515417293 -0.9971284034654023 0.005241952511815928 0.07554795039149108 -5.5164336914325744 -0.07549185837821698 0.010182513602170023 -0.997094402774615 -10.315097148177465
-0.006341722221299492 -0.9999264985454506 -0.01033516131353402 -0.05559114176953455 -0.9963795576757386 0.005442308392832991 0.08484212705408409 -5.437929828851273 -0.08477964922371603 0.010835790547673767 -0.9963408391715335 -10.906252312987766
-0.0039129176898149085 -0.9999266516528392 -0.01146022706478696 -0.0514963740938848 -0.995684271293682 0.0028331532683501847 0.09276276865616084 -5.379542335371679 -0.092723492586169 0.011773740707759106 -0.9956222455785354 -11.461383341379424
-0.005109654070777828 -0.9999078919192623 -0.012567940209358353 -0.04712373750338997 -0.9953635620956001 0.0038784586326485724 0.09610669685194925 -5.3107818283245285 -0.09604911291910509 0.01300074197465653 -0.9952916845618708 -12.072165985364933
-0.005861652067821689 -0.9998970691288475 -0.013089650453116233 -0.05002838892716251 -0.9952163270123688 0.004556666010846598 0.0975897987011356 -5.248948300095518 -0.0975201243419926 0.013599072064991571 -0.995140616943025 -12.68790052040715
-0.008186299318120111 -0.9998555985420037 -0.014887466603282907 -0.05075516300729217 -0.9952349053766925 0.0067000628857011935 0.09727613786292112 -5.188989978312615 -0.09716235083675433 0.015612862399295612 -0.995146055567581 -13.312079022941731
-0.009795606602735544 -0.9998111465966089 -0.016783936663196455 -0.04498831296679845 -0.9953000263177975 0.008131487650242446 0.09649789224303759 -5.130725808107741 -0.0963431996145558 0.017650304690884328 -0.9951916520475068 -13.94827478572419
-0.010363997399408041 -0.9998040766654754 -0.016859370594256715 -0.03669776374445419 -0.9954559444470366 0.008719933624332939 0.09482414951484044 -5.060350961970089 -0.09465857511311332 0.017765515390438167 -0.9953512922249249 -14.596771425285215
-0.009617774727739874 -0.9998359919741853 -0.015345593181207056 -0.0401133795650425 -0.9957144656885929 0.008164260440889085 0.09211991445555028 -4.990176991582837 -0.0919795168415141 0.01616582435957083 -0.9956296867131491 -15.27765079774968
-0.01070965111517409 -0.9998360337912748 -0.014598461685425428 -0.036424417679244966 -0.9957856332408556 0.009334135484414863 0.09123627854323947 -4.931713893753412 -0.09108506530252744 0.015514048545387613 -0.9957222373692408 -15.970174337055582
-0.007397744866064503 -0.9998081676055544 -0.018135361819624118 -0.04714151349049109 -0.9959976814152256 0.005751656039313251 0.0891949708737866 -4.848559090806363 -0.08907355874959544 0.0187226178054451 -0.9958490701732489 -16.6604000248272
-0.006257962600535943 -0.9997484074432599 -0.021537625602208475 -0.05710575017011858 -0.9961110680945686 0.004339410145034025 0.08799984278086406 -4.7925268860776935 -0.08788424656692506 0.022004564056437158 -0.995887601544498 -17.374962655613754
-0.006354181428477185 -0.9997097399380583 -0.023239412539786047 -0.06805086601742433 -0.9962784027488109 0.00433121679031161 0.08608540831663258 -4.721808625569816 -0.08595976532905023 0.023699926230069796 -0.9960166113618344 -18.111735691035353
-0.004915347310935833 -0.9997252844795969 -0.022913483907917483 -0.06978343260418471 -0.9963896833783267 0.002954289633339397 0.08484590933824239 -4.651810711760422 -0.08475492106280313 0.023247809991067757 -0.9961305823224036 -18.832813985768656
-0.002005495057197079 -0.9997858587988642 -0.02059507337480954 -0.07128702937653392 -0.996597984647659 0.00030136215375014055 0.08241621851571582 -4.574462496746691 -0.08239236533254432 0.020690296041367125 -0.996385117096553 -19.587638926679833
-0.0026888321719465286 -0.9998056396324714 -0.019531389450202524 -0.06917236950378801 -0.9967198373789918 0.001099710083005855 0.08092185056816344 -4.5075830874260685 -0.08088464922399718 0.019684913726156245 -0.9965290779110594 -20.348061265368077
-0.001087995773436888 -0.999759605423747 -0.02189562294892066 -0.08430088973902258 -0.9968380517206901 -0.0006553796338699723 0.07945757625861342 -4.445249991237138 -0.07945283171048113 0.02191284641485601 -0.996597794592693 -21.13603048021246
-0.003569135711395309 -0.9996986844928231 -0.024284631219388342 -0.0908723493014791 -0.9969677909341189 0.0016695179332215492 0.07779813971418956 -4.383266145077048 -0.07773415779762842 0.024488663835693238 -0.9966732922218263 -21.944243358011047
-0.0042195792908548205 -0.9996732988530482 -0.025209423752130138 -0.09814970125285755 -0.9970555257709762 0.0022755803763809153 0.07665049790089287 -4.315309488932418 -0.07656808801568353 0.025458623029184696 -0.9967393210855261 -22.72483672460954
-0.006590913486985657 -0.9997537066004799 -0.021188839142522817 -0.10501068753336286 -0.9971269914300993 0.004971651407916944 0.07558460164149872 -4.243607834504201 -0.07546065398953185 0.02162614266454303 -0.9969142539209314 -23.53433893396854
-0.005564629771992244 -0.9998770508357516 -0.014657136954722075 -0.10988259926576653 -0.9971508251657082 0.004445592936123076 0.07530298856021024 -4.178509364707479 -0.07522857478654876 0.0150344136912213 -0.9970530231641308 -24.337656417682865
-0.007369757088549964 -0.9999130402718284 -0.010932732459815398 -0.1103861451813482 -0.997102269380216 0.006520339742579448 0.07579332334809429 -4.117963676890203 -0.07571544433939283 0.01145963198606592 -0.9970636816540296 -25.149055924394577
-0.009538022917772974 -0.9998933756796291 -0.011057224148909287 -0.10313099416518592 -0.9971032065267739 0.008675781764589607 0.07556471226273782 -4.058607422785492 -0.07546072572159093 0.01174593228110354 -0.9970796498468166 -25.971369999927308
-0.009161933640688832 -0.9997988629407094 -0.01783868047128135 -0.1012623539037802 -0.9970896926025534 0.00778396556045903 0.07583905715824214 -3.977853848399528 -0.07568495839648387 0.018481594629907706 -0.99696048991977 -26.843526026818413
-0.009073145312636149 -0.9996782652853643 -0.023684129328258904 -0.12171390891937582 -0.9969931407531633 0.007220864000304405 0.07715384489440585 -3.9064196116014203 -0.07695800645960381 0.024312943294071493 -0.9967378666876683 -27.69758331634575
-0.009673860769950915 -0.9995274091157643 -0.02917589817678224 -0.1293702029390433 -0.9970296746880992 0.00741195035675115 0.07666181898330227 -3.826584678529695 -0.07640936041241755 0.029830853813020027 -0.9966301775868002 -28.531361255339444
-0.00933580234214485 -0.9994976593765628 -0.030284430959705583 -0.12830659703717287 -0.9969157867683514 0.006943136500362478 0.07817084726635422 -3.748400357450957 -0.0779213175755443 0.030920814256691173 -0.9964798771582177 -29.372731116886097
-0.004288028775081335 -0.9995833765474037 -0.028541938604243606 -0.1391017034511752 -0.9968823713177598 0.0020242145347467433 0.0788764272672827 -3.6748154333278777 -0.07878579556942338 0.028791183577117338 -0.9964756857596654 -30.196982298018984
-0.004861398159672915 -0.9996412368962444 -0.026339156859032948 -0.13701948435771413 -0.996805120902499 0.0027443155592906604 0.0798253903706343 -3.604155398425384 -0.07972447437080121 0.02664306187797007 -0.9964608373996178 -31.02470019478948
-0.0034967803350402105 -0.999620139918914 -0.027336573686775657 -0.14233584076075356 -0.9968508010672514 0.0013187761914457419 0.07928910338755117 -3.5268599220154306 -0.0792229404616798 0.027527734503465746 -0.9964768458564056 -31.879004128944267
-0.0038254517791286146 -0.9995789450058379 -0.028760719662398772 -0.15456046294870363 -0.9968402246723306 0.0015298673431788246 0.07941877987896508 -3.451360739352637 -0.0793413530627898 0.028973657524332955 -0.9964264055640502 -32.72904397923218
-0.003134291324872413 -0.9996133485975776 -0.027624986702090633 -0.16315887513429142 -0.9967962507896614 0.0009152416330386647 0.07997700937728698 -3.382568364815952 -0.07992081014156562 0.027787156571742272 -0.9964138203081663 -33.55068003594496
-0.0015877353930408046 -0.9997351444665551 -0.02295755525848913 -0.15915679135827793 -0.9969717340809959 -0.0002024227513978778 0.07776515424286062 -3.3066846219315935 -0.0777492133464055 0.023011507125274014 -0.9967072718555614 -34.377585183507684
0.0004825827023169516 -0.9998062619289837 -0.019676897314071802 -0.16041598441895988 -0.9968891597937349 -0.0020318242865986066 0.07879038635678973 -3.238520796806324 -0.07881510992159917 0.019577667753121267 -0.9966969984157183 -35.21704185048664
0.0010377339866072168 -0.9997952571533579 -0.02020661738764459 -0.15909674092128914 -0.9969726019639771 -0.0026053818759631878 0.07771022507771196 -3.1589527702941522 -0.07774697712009424 0.020064804668144674 -0.9967712221106441 -36.039353408676284
-0.0006320067697482643 -0.999753111643371 -0.022209607909941097 -0.16066691011543785 -0.9970447268243606 -0.0010761883889706218 0.07681656812928482 -3.090772446957484 -0.07682151182964896 0.022192517401284292 -0.996797784841281 -36.893559735271815
0.0014123144054990974 -0.9996307492137885 -0.027134489479842303 -0.16229652512844975 -0.997007362350125 -0.00350489079132796 0.07722692703497178 -3.021309939209787 -0.07729352358874068 0.026944223747394233 -0.9966442536141712 -37.72222046187436
-0.0019934978260250013 -0.9994711999457087 -0.03245379202473511 -0.17044316084681566 -0.9970992001682676 -0.00048266028467673205 0.07611182528474934 -2.962306938679727 -0.07608725556748369 0.03251138045484336 -0.9965709518892982 -38.5543891014198
-0.0024577768926138145 -0.9994003648568451 -0.034536669344761226 -0.19207521617902762 -0.9970730468648339 -0.0001900617423071741 0.07645587827541053 -2.894399773048644 -0.07641661440267836 0.0346234952550102 -0.9964746213650791 -39.39372229135651
-0.0024500282360802924 -0.9993789055482137 -0.035152008164641535 -0.19807816092908342 -0.9971339381732407 -0.0002165924203790092 0.07565592323958258 -2.8193300571997577 -0.07561655143790093 0.03523662039713082 -0.9965141893435405 -40.24348850764793
-0.003494563029318081 -0.9995177421628033 -0.030854819618071922 -0.2024622718517854 -0.9971701984151374 0.0011659028471547647 0.07516915039692046 -2.7522214056853227 -0.07509693407045587 0.031030192136651598 -0.9966933198178367 -41.07013873258362
-0.0036288719785631633 -0.9996241583588629 -0.027170982741304986 -0.20182029280269084 -0.9971794435994739 0.0015803847972605768 0.07503744289318166 -2.689142863195279 -0.07496631147948771 0.027366648887742134 -0.9968104528186973 -41.87339647129282
-0.00030776764456142986 -0.999681970700534 -0.025216809473077185 -0.2034355796205376 -0.9971853653408562 -0.0015838440774948188 0.07495979270392829 -2.6169277284130046 -0.07497589144961363 0.02516890467016172 -0.9968676682779437 -42.70946042062078
0.0020080069776069916 -0.9997212617865796 -0.023521549136739327 -0.21126289439737328 -0.9971449882722072 -0.003777231572494999 0.07541607092881379 -2.543955401389232 -0.07548390183796405 0.023302960401686234 -0.9968747154051119 -43.54566374139245
0.002097779051903616 -0.9997543820002863 -0.02206316575803832 -0.22046973490865537 -0.997125285163378 -0.0037623600623852924 0.07567727169621029 -2.4840232680514966 -0.07574169114756692 0.021840995497666705 -0.9968882689895182 -44.36788562250622
-0.0009698133789945917 -0.9998319193869802 -0.018305415548331688 -0.22038593265691725 -0.9970805011556578 -0.00043083785927271884 0.0763568894713315 -2.4211117774044344 -0.07635194386831332 0.018326030127488374 -0.9969125287617324 -45.182360529430056
-0.005585012015131235 -0.9998550461701446 -0.01608644061883613 -0.21605616388347482 -0.9969678968481811 0.004318876802240098 0.07769392785490792 -2.352728750857711 -0.07761319250999846 0.016471587054196206 -0.9968474847871088 -46.01109499915708
-0.0054087563594196475 -0.9998005488754811 -0.01922413662582907 -0.21045816470931605 -0.9969093435668633 0.0038844017870044312 0.0784645799860818 -2.280690945517961 -0.07837426654337469 0.019589115576085003 -0.9967315054275847 -46.84371233789289
-0.006496578576915268 -0.999672631608029 -0.024748715726217944 -0.2243564699446211 -0.9966936003354423 0.004468702670188188 0.08112965399586039 -2.217376748161688 -0.08099250459440685 0.025193949732673044 -0.9963962420932729 -47.645037978957355
-0.008384111610588848 -0.9995887467619503 -0.027422008286028796 -0.2344332489103678 -0.9965939824508028 0.006102913911694582 0.08223869481103574 -2.1524568537897353 -0.08203752860367876 0.028018109983800915 -0.9962353143011057 -48.47324033403881
-0.007653285993734369 -0.9995981715640491 -0.027292442829208948 -0.2349087837341153 -0.9964619946000906 0.005339217080201514 0.08387452322492188 -2.077169370034927 -0.08369511173890797 0.02783780112459456 -0.9961024850864671 -49.298212093292136
-0.003713341967620431 -0.9996926244131255 -0.024511122986597574 -0.2364108122409019 -0.9963079613404808 0.0015961755421804065 0.08583640105650914 -2.0012680861183823 -0.0857709019133562 0.024739366779859294 -0.99600769357456 -50.09215084180599
0.000488224876035474 -0.9997753119397305 -0.021189385996740695 -0.24101563003835866 -0.9962742903432634 -0.0023136696405440986 0.08621035936571436 -1.9201527182255056 -0.0862400329246053 0.02106835078873135 -0.9960516152354915 -50.890409131011694
0.0033313088203549158 -0.9997837546322078 -0.020527414068633426 -0.24214489590598964 -0.996191091819847 -0.005106597980661102 0.0870478538673833 -1.8334449115180012 -0.08713386148603648 0.020159237450469963 -0.9959926008396939 -51.68692956481044
0.003604404983361285 -0.9997572951442996 -0.021732863713102006 -0.23622761433175365 -0.9960770097676175 -0.005511035778295073 0.08831956885393037 -1.7531604546524506 -0.08841791371672639 0.021329273691292318 -0.9958550792050662 -52.51303320796897
0.005931758263752288 -0.99973035689113 -0.022449897611913038 -0.24530855767235865 -0.9959482061754238 -0.007920907008441811 0.08957961661946173 -1.6711382724905168 -0.08973329239834897 0.02182756940664583 -0.9957265612553104 -53.29310418990099
0.00847639793165403 -0.9997225295667962 -0.021976239989408716 -0.2426780384381516 -0.99576981547099 -0.010449585277548662 0.091287169992919 -1.5883225835015504 -0.09149148805277346 0.021109492818517747 -0.9955821326541053 -54.07979612743415
0.007403519970150749 -0.9997271660275726 -0.02215198990858435 -0.2413587822085051 -0.9956884337610333 -0.009418393372430382 0.09228213470239381 -1.5086766743367301 -0.09246560056309727 0.021373275641894028 -0.9954864465977202 -54.83364049526344
0.006089714550218514 -0.9997027202032571 -0.023607632165158404 -0.24777209792901395 -0.9957094398672347 -0.00824188688104564 0.09216737613218515 -1.428253470848672 -0.09233455352634551 0.022945070772149544 -0.9954636076691727 -55.61095466676998
0.004122647325192706 -0.9996443714626982 -0.026345699537218083 -0.24468129594440327 -0.9956898106764902 -0.006544595356686442 0.09251539932430068 -1.3573983949322765 -0.09265493995637117 0.02585074415639508 -0.9953626619685063 -56.403122192333626
0.004094656416855769 -0.9995417293566651 -0.029989699441176493 -0.253311611722077 -0.9956810622791747 -0.006856756465344485 0.0925866184661624 -1.2783456739216263 -0.09274982526596286 0.029481067063774034 -0.9952528999515112 -57.17140852930695
0.004554992096095485 -0.9994567586411941 -0.032641006706839865 -0.2559931499961764 -0.9956248123266229 -0.007579162413443889 0.0931336884513191 -1.2010879343507113 -0.09333050021343851 0.0320739661478425 -0.9951184196826516 -57.92917685083371
0.002800400372343307 -0.9994527584737375 -0.03295950906733297 -0.26985314654681947 -0.9956161398489641 -0.005868093049354441 0.09334968382421018 -1.1338763623030377 -0.09349200414310987 0.03255360793861877 -0.9950876673229889 -58.67676037078472
0.0024120552090743878 -0.9995035535044744 -0.031411937542946744 -0.2725008625144272 -0.9956430132648907 -0.005328466455753104 0.09309447221547465 -1.0574884456745244 -0.09321563781563438 0.031050536202400544 -0.9951616987533214 -59.42413154332466
0.0015665049122421254 -0.9996147366681818 -0.02771061703182902 -0.27435512436607645 -0.9955828419573679 -0.004160297700986216 0.09379475896334331 -0.9763888486784015 -0.09387391553971261 0.02744127968601255 -0.995205847211256 -60.17233344326306
0.002798427141719028 -0.9996666851117731 -0.025664190838957282 -0.27916219166640005 -0.9955749237219281 -0.005195793655802425 0.09382784242057787 -0.9041945026938203 -0.09392993050291307 0.025288059157054323 -0.9952575534859165 -60.88726710587462
0.004896419438501743 -0.9997019848090912 -0.02391444258652717 -0.27533051231436156 -0.9956817653439602 -0.00709094524263055 0.09256170404820643 -0.8250213053531092 -0.09270370313070031 0.02335795263495638 -0.9954197741958714 -61.60425054042188
0.002171083289640623 -0.9997429067949143 -0.022569949802280734 -0.2603441935241404 -0.9958692358492897 -0.0042103306988114705 0.09070152534653268 -0.7548796333278638 -0.09077323338379373 0.022279806923049955 -0.9956223525908291 -62.29782954420199
0.0024679966927264197 -0.999732276770353 -0.023005345808595284 -0.2563889341794019 -0.9962297778544961 -0.004453063393566743 0.08663984979054576 -0.6868824943391714 -0.08671911801967372 0.022704785330621428 -0.9959740032991596 -62.9620542861122
0.002058561734790104 -0.9997016372903573 -0.024337740144624757 -0.2565642978300759 -0.9966659583014493 -0.004036194652250031 0.0814903048256797 -0.6320395004179644 -0.08156423811892136 0.02408885100788076 -0.9963769370825399 -63.62566083319136
-0.0005284154525980111 -0.9996637961428291 -0.025923073020320368 -0.2530917916090901 -0.9972227554151757 -0.0014038466119403303 0.07446334859005435 -0.5824780376428709 -0.07447470909544313 0.02589042016395316 -0.9968867979354615 -64.27740719979785
0.0017587316825107904 -0.9996291675774628 -0.02717343933519144 -0.2556907611352326 -0.9978431147191378 -0.0035374189983125486 0.06554823058973257 -0.5426605881350605 -0.06562004547342373 0.026999551689705123 -0.9974793026841983 -64.91235147711134
0.0028933663512889594 -0.9995869244635606 -0.02859015359342939 -0.24634917907309373 -0.9984606370627501 -0.004471335084599822 0.05528395055509276 -0.5025574631237044 -0.055388959959449535 0.028386193012375688 -0.9980612512666891 -65.52817835066395
0.007893077697807121 -0.9995265984204098 -0.02973819377103531 -0.25567065534242794 -0.999090494851548 -0.00912888695073028 0.041652319875559764 -0.4787451446166402 -0.041904074144285944 0.02938238410840321 -0.9986894707470769 -66.09836412340164
0.010891489310090577 -0.9994337385499232 -0.03183630685627366 -0.2751230321631182 -0.999691996687619 -0.011593330258425951 0.021944501990777254 -0.47394220650465463 -0.022301168506024753 0.03158749223324648 -0.9992521190516647 -66.68599974044416
0.012506166508606252 -0.9993997875354472 -0.032305056219157316 -0.2862563862116943 -0.999921711886629 -0.012483246430224818 -0.0009109064004229471 -0.47612321163511484 0.0005070871232469921 0.03231391837224734 -0.9994776200783814 -67.25900033005716
0.0111280478282884 -0.9994345757132672 -0.03172700240589121 -0.29394467451592615 -0.9996013665700939 -0.010295327544621341 -0.026290213726589056 -0.4995868207856663 0.0259487120417523 0.032006916217237884 -0.9991507402836671 -67.79920708427579
0.0099185394864717 -0.9994287304938145 -0.032306482818185656 -0.2936905335139364 -0.9984460378540303 -0.008126639539590592 -0.0551323641434883 -0.5585778626957932 0.05483833603421201 0.03280311807422468 -0.9979562699468811 -68.31523340618882
0.008150552875599175 -0.9994481574745385 -0.032200964000829176 -0.2981634342293864 -0.9960394949385583 -0.005263131728955947 -0.08875626762470107 -0.6223370365076368 0.08853781546132268 0.03279684479356593 -0.9955327711466432 -68.81197479692892
0.0073049176122185425 -0.9994753257483375 -0.031554711852957947 -0.3060295726528783 -0.9920590255329214 -0.003281244192568797 -0.12573039200753638 -0.7091604135318349 0.1255608710403705 0.03222259248950002 -0.9915625034196496 -69.28395330731306
0.005991289832729486 -0.999485685954775 -0.03150170867294853 -0.3048808480423831 -0.9859955738831195 -0.0006541603521409093 -0.16677041555682146 -0.8061837344751022 0.16666407699063004 0.03205972332307526 -0.9854923994805888 -69.75244127519095
0.006613839163983049 -0.9994642147707956 -0.03205504685261307 -0.3150794170224973 -0.9773656532621353 0.00031751710237089975 -0.21155717667437798 -0.9413513703181415 0.21145409834536125 0.03272870818454979 -0.9768398162663539 -70.1968266394036
0.004750322539826778 -0.9994731139891209 -0.03210613963362 -0.3222765227937977 -0.9657508069674822 0.003744102752313282 -0.2594442528879632 -1.1121162707496746 0.2594277869108225 0.03223897937390047 -0.9652242852921401 -70.63807210743522
-0.001326320021475068 -0.9995660130935059 -0.029426752180222032 -0.3341014279136082 -0.9506636817828976 0.010389146566815692 -0.31004961114092994 -1.2835054459907713 0.3102208863851134 0.02756372147777606 -0.9502647995453405 -71.06364403173552
-0.00853322557452531 -0.9995758341483957 -0.02784205628307511 -0.33263099164018195 -0.932987085484139 0.01797713822649813 -0.35946061540650953 -1.5052125180068052 0.35980870225338907 0.022908922719400197 -0.9327447643519728 -71.44451787794225
-0.01597723830259872 -0.9994986457786242 -0.027336105826298713 -0.32369864621537114 -0.9106731472058301 0.025834196294873074 -0.4123192589840201 -1.7238174757305855 0.41281879345326555 0.01830653643154384 -0.9106292395922744 -71.82742488925587
-0.017847734415478857 -0.9994384874034561 -0.028355709426355426 -0.3246892030459456 -0.886454371592436 0.02893524903902197 -0.4619105542788076 -1.9965912320847996 0.4624717581589 0.01689199336070243 -0.886473096623543 -72.19339562862854
-0.018614635195739956 -0.9994029209456291 -0.029106339283203785 -0.33716577295102157 -0.859221202141835 0.03087631143440889 -0.5106718703410676 -2.2298336192301047 0.5112656591333299 0.01550281795863909 -0.8592829592386689 -72.55322178380443
-0.02115117178721423 -0.9993402313995562 -0.029524276652741648 -0.36400020387464904 -0.8310964632028998 0.033989684766563145 -0.5550886733176847 -2.5294487237987826 0.5557260011578672 0.012796744141014714 -0.8312670479793489 -72.88753596433409
-0.029690146664289745 -0.9990716097249919 -0.031215519087364463 -0.37118288683112544 -0.7994571582018789 0.042480376845448 -0.5992193163611037 -2.836913840011062 0.5999890025422236 0.007164561512704092 -0.7999761801811583 -73.2109685795006
-0.03545319878484551 -0.9989076525018612 -0.030437923771631 -0.36106866364942775 -0.766490385093395 0.046722703517481486 -0.6405540384977592 -3.132824767447712 0.6412764351224111 0.0006206884210549202 -0.7673096247326361 -73.50732083560084
-0.03647207137553121 -0.9989904947240753 -0.026224962660224328 -0.33998735811442 -0.7312123947998269 0.044564955140390564 -0.6806925451931546 -3.4667747284678003 0.6811741501019911 -0.0056502443263535184 -0.7320996037648594 -73.76169720012533
-0.0313003429313581 -0.999345221330771 -0.018147528726912245 -0.3340519999105597 -0.6913627901869259 0.034759195013172574 -0.7216712695194248 -3.7813213404402464 0.7218295431102745 -0.01004202871067318 -0.6919980920818145 -74.01290776129667
-0.027674054544743865 -0.9995613347408715 -0.01054377689885767 -0.35066661683368283 -0.6479342192089845 0.025968840921440292 -0.7612534905704348 -4.158036722418037 0.7611934763952605 -0.014235297618922841 -0.6483686433766965 -74.29333047238472
-0.02374966221776783 -0.9996991802370947 -0.006111460563527545 -0.37029115829949716 -0.601174547702898 0.01916582800249738 -0.7988878528186292 -4.548244094611643 0.7987647141046079 -0.015299259955332267 -0.6014488857847298 -74.56622940534244
-0.023374243413841582 -0.9997096225412667 -0.0058511305420165345 -0.3743534192347313 -0.5526370533464288 0.017797988094644057 -0.8332320057414112 -4.9568664055081415 0.8330942525580227 -0.016242611269065663 -0.5528925585808026 -74.79337496325287
-0.02159536087073944 -0.9997526889165153 -0.0052977958893276455 -0.36731819829181145 -0.5026371130648577 0.01543764831837308 -0.8643596339405896 -5.420805465683818 0.8642277182582063 -0.016003292890915784 -0.5028462244476337 -75.02767619570938
-0.019455114716816265 -0.9997913075423701 -0.006230012942571782 -0.366187034333464 -0.45528741204863726 0.014406805399062254 -0.8902279660562563 -5.900104035557855 0.8901320076446891 -0.01448304155706821 -0.45547262168224606 -75.24532228063212
-0.016025831737511393 -0.999846086918503 -0.007131478960928861 -0.35663633184186544 -0.4108454008247793 0.013087288581199796 -0.911611065012721 -6.403474828394657 0.911564216703636 -0.011679390109378112 -0.4109919698436884 -75.44027118318289
-0.010055717101730689 -0.9999219828033263 -0.007406488825746579 -0.366522328799204 -0.3698620794542569 0.01060087645000787 -0.9290261296052221 -6.919826932237444 0.9290323060711856 -0.006602645228431531 -0.36993984134827723 -75.64164608543659
-0.006601605364506613 -0.9999427984238436 -0.008414356286712641 -0.36778179990672427 -0.3333493946759433 0.010133845646276186 -0.94274890311612 -7.468234610880523 0.9427802708205645 -0.0034187348319881937 -0.33339725028176953 -75.8149132499343
-0.004792161054864347 -0.9999360077530101 -0.010244424877530151 -0.3681853799817818 -0.3017982984009768 0.01121305342702343 -0.9533057965709545 -8.031014795904914 0.9533597852995368 -0.0014766452203255958 -0.30183272837215913 -75.97414746832798
-0.005382881787524897 -0.9999121426623444 -0.012115136534800631 -0.3719706509691522 -0.2774048768691685 0.013132959031629353 -0.960663275598838 -8.592855629481875 0.9607380066475091 -0.0018103382523227286 -0.27745121024410446 -76.12416007093698
-0.006183721786364701 -0.9998894643909413 -0.013517498644715312 -0.37030781157908577 -0.25607182338974216 0.01465039013939696 -0.9665467314438322 -9.205829776083728 0.9666380011003053 -0.00251540491730956 -0.25613410635303213 -76.27197491600111
-0.004801593980567444 -0.9998496522069614 -0.016657694491337815 -0.36528489388642565 -0.23892884926956662 0.01732250822936749 -0.9708825574285258 -9.797443066537282 0.9710252096963158 -0.000681779746167367 -0.2389761512488001 -76.42003786521568
-0.0013068176962931976 -0.9998257232914058 -0.01862360334321641 -0.37049224083278653 -0.22252938050407195 0.018447406176901826 -0.9747514759049392 -10.425613713195817 0.974925182164698 0.0028704726667559705 -0.2225147194806086 -76.56655658876582
0.00016884774080100015 -0.9998091625933444 -0.019533937691992676 -0.3780832595699908 -0.20819420964864777 0.01907075603001706 -0.9779016145792628 -11.082605833533972 0.9780875694703984 0.004231961924699804 -0.2081512797708181 -76.72052358231505
0.00203031260669447 -0.9997955128115129 -0.020118622405628776 -0.38140234368296067 -0.19746206374932196 0.01932170779057213 -0.9801200465143528 -11.702377294433893 0.980308461839272 0.0059626217647228245 -0.19738245839726662 -76.84573065436078
0.004112420579166337 -0.999795179713002 -0.01981667993022259 -0.3768145407593629 -0.18443770734632356 0.01871852539834587 -0.9826658835747737 -12.37303609208382 0.9828356684293018 0.0076960776203866404 -0.18432291297751222 -76.96826555990759
0.0019810471009777918 -0.9997776128117158 -0.02099352073025715 -0.3948931330269122 -0.1674306779376104 0.020365598189858832 -0.9856735082238925 -13.086443570035925 0.9858819018208063 0.0054676208715990085 -0.16735307229083662 -77.08602099683274
0.002127514865099508 -0.9997687602562437 -0.02139928892920833 -0.39787644933568433 -0.15424352764796573 0.020815167012019506 -0.9878135518614459 -13.789472814682378 0.9880305757559815 0.005402296035478956 -0.15416360687711905 -77.19923089239438
0.003687871117510181 -0.9998088536770894 -0.019202359303361227 -0.39833897595976836 -0.14100812268334037 0.018490696818212516 -0.9898357390632653 -14.525677693616696 0.9900016456439993 0.006358079502481396 -0.1409129399357227 -77.29438676639398
0.005793528389682889 -0.9998740348976801 -0.01477634821112846 -0.3999397603907391 -0.130292114947524 0.013895848875254375 -0.9913782357564858 -15.252648892117872 0.9914587337290023 0.00766881955035781 -0.13019526826493727 -77.39597872667527
0.007407327238271661 -0.9999258083329507 -0.00966827205546231 -0.3972218941493386 -0.12221966111757711 0.00869074532540433 -0.9924650423640936 -15.994731674493817 0.9924755128123536 0.0085331633921826 -0.12214624956367598 -77.47961739631086
0.0078210369123208 -0.9999341050368626 -0.0083940488814146 -0.3992669437658846 -0.1125109053683309 0.007461053276403365 -0.9936224006960794 -16.75991223472802 0.9936197798775174 0.008715582630754443 -0.11244520118872417 -77.5642217133148
0.007234353992103686 -0.9998813349190656 -0.013598126367880346 -0.3961005472380201 -0.10691705127791228 0.012747106854484033 -0.9941862470611319 -17.522473309346992 0.9942416504700768 0.008646168784198858 -0.10681214984658773 -77.65359935897048
0.008723559671218828 -0.9997473120727489 -0.020715748682551823 -0.41505483009771243 -0.10168218739505147 0.019722280083761038 -0.9946214079489286 -18.281638542694825 0.9947786673551129 0.010783061680452032 -0.10148444575497986 -77.73331628811408
0.011355527123969212 -0.9996644249570297 -0.02328266660652824 -0.40824852453133875 -0.09889284229553513 0.02204726857373595 -0.9948538498885295 -19.05214763993418 0.9950333023164846 0.013599578234793278 -0.09860929369770516 -77.81639055145939
