0.007053559712666626 -0.9999724785802193 -0.0022784100352638936 -0.08267205354334872 -0.009282317956028971 0.002212893449939401 -0.9999544770477843 -0.40834444371011763 0.9999320825029826 0.0070743876272406124 -0.009266453162606027 -0.32905737369585336
0.008106145846907883 -0.999964530361941 -0.0022891613308612356 -0.0795976180102515 -0.016101183322553423 0.002158417023822324 -0.9998680989782924 -0.49926649768004855 0.9998375564064539 0.008141934125727779 -0.016083114440730205 -0.3350174427074139
0.008482739501334751 -0.9999622855587947 -0.0018236265528873328 -0.07605277375969431 -0.023485531275783917 0.0016239603463116157 -0.9997228300110544 -0.5881875188094392 0.9996882408778796 0.008523217067916256 -0.023470872647646367 -0.34148719150247603
0.008027108725606892 -0.9999671787566511 -0.0010281201528314456 -0.08007121622780264 -0.032387337882667205 0.000767628076056737 -0.9994750831725389 -0.7032692118879489 0.9994432054292195 0.008056193150033043 -0.03238011500166363 -0.3528661119258063
0.00803075258126665 -0.9999676099876891 0.00026239543341560463 -0.07840801524029112 -0.043005191184765895 -0.0006075362849384928 -0.999074647429309 -0.8166539973782694 0.9990425872267121 0.008012037044109487 -0.043008675696328165 -0.3652710541212905
0.007987167123878081 -0.9999669408037137 0.0014681471358206004 -0.07486296720071252 -0.05664009169553768 -0.001918244909571041 -0.9983928519354704 -0.9433055265259309 0.9983627817898059 0.007891174042207667 -0.056653537414307044 -0.3811211944796422
0.00741725045558636 -0.9999706007544179 0.001927720476140943 -0.0773238474193021 -0.07341508066161186 -0.0024671235740220698 -0.997298410317551 -1.0948081639837433 0.9972739365328603 0.0072556886024838655 -0.0734312292815643 -0.40792100931150127
0.005960430534905576 -0.9999795434689769 0.002303293481116418 -0.08284096008125431 -0.09227041092629694 -0.002843488479658628 -0.9957299627393298 -1.2422989749004136 0.9957161421864003 0.005722453695236408 -0.09228547405524694 -0.4362786764586659
0.005084810790918264 -0.9999852666260236 0.0018958607193271786 -0.07938152366260524 -0.11176116394475447 -0.0024522990957110084 -0.9937320903362937 -1.3844417766397425 0.9937220919355926 0.00484105697089434 -0.11177203969520726 -0.4661709243923624
0.005677094942062895 -0.9999814342301523 0.0021727830604888984 -0.0725704064570888 -0.13385888195513065 -0.0029132034260536885 -0.9909961645258757 -1.55621257172624 0.99098420213249 0.005335133077137516 -0.1338729435160092 -0.509002066121245
0.007869730647243832 -0.9999627490775527 0.003525033907693356 -0.06539376797965896 -0.15838109945398718 -0.004727093005363467 -0.9873667761095027 -1.7534875333577153 0.9873466971769056 0.00721201192362378 -0.15841239284188038 -0.5770529766991027
0.012240014482374537 -0.9999115501582235 0.005197669539271278 -0.05573533686138544 -0.18385928133440405 -0.007360010345670815 -0.9829250474133846 -1.9307174041936153 0.9828764144356321 0.011075376863185903 -0.18393310213670372 -0.6439864566839955
0.015648184887148822 -0.9998547937407749 0.006748738119387646 -0.056153740559829475 -0.21052298105247835 -0.00989289003701846 -0.9775388363587554 -2.114050090400981 0.9774637077283974 0.01387594519090621 -0.21064723785013037 -0.7173147997984916
0.01726323792229746 -0.9998304247072114 0.006408517243619305 -0.04945341700228554 -0.24040859891673114 -0.010372208174667556 -0.9706163562097513 -2.315075151554968 0.9705183156257293 0.01521531623863592 -0.24054688974762992 -0.7990356195541852
0.01875248237508123 -0.9998069438790854 0.0058664440574874525 -0.04317365365328594 -0.27054392278631334 -0.010722767214993439 -0.9626479337535938 -2.4966451127198597 0.9625250374304134 0.01646491157878858 -0.2706927151600878 -0.885396852868907
0.02040499092258861 -0.9997757084960412 0.005662712166732783 -0.037524541506368976 -0.3017039535108602 -0.011557306680970391 -0.9533316002096986 -2.6932400057328585 0.9531833621879019 0.01774425826753376 -0.3018721142416182 -0.9836173891344755
0.022599472341795584 -0.999734830492295 0.004420104520295294 -0.033945650201552345 -0.33586425190910163 -0.011756489591142416 -0.9418370318142858 -2.8821454242261275 0.9416392739518833 0.019800464414627402 -0.3360408127506532 -1.0861831495305638
0.02471322803760511 -0.9996839774264497 0.004592183649469823 -0.03658113447293801 -0.36901974009546384 -0.013391534203018045 -0.9293250820821067 -3.075626149170337 0.9290929994370857 0.02127202238867255 -0.3692340538345871 -1.2087472850375007
0.028074700679025788 -0.9995994087729194 0.0035675291830999903 -0.034119456823573605 -0.4029397330257081 -0.0145829376453774 -0.9151103893237159 -3.2760042100706803 0.9147958487482181 0.02425394595161238 -0.40318775303364834 -1.3198070399613717
0.029030410307046887 -0.9995741216778905 0.0029491021123010546 -0.034970860938846486 -0.4369884695384722 -0.015344720686803972 -0.8993362152407718 -3.473607550518652 0.8989985852797798 0.02481937475270911 -0.43724778962024285 -1.4458526039803448
0.026169093425429724 -0.9996499130972293 0.0038784781446978174 -0.04781259799526017 -0.47274052385730625 -0.015793887404635575 -0.8810601456720047 -3.6648880194299966 0.8808130819307114 0.021223030100981408 -0.4729883960207941 -1.6021584226927508
0.023733687571511834 -0.9997091527784016 0.004278422360830774 -0.04346696647333842 -0.5103375775166058 -0.015795499632417852 -0.8598291386428131 -3.850327646405125 0.859646677749769 0.018223470064373165 -0.5105639779390939 -1.7374109751221394
0.024079042837617515 -0.9997079626428113 0.0020264256626564125 -0.03616130784730384 -0.5495566488267695 -0.014929871192542708 -0.8353231314340166 -4.032522543388333 0.8351095024984979 0.019000139091656768 -0.5497555916450748 -1.9047231681671524
0.02702280079537827 -0.9996332238413089 -0.0017422566683303763 -0.028956619781259435 -0.5913232652661948 -0.01457977697446167 -0.80630284259211 -4.227481549682535 0.8059817690521197 0.022818795039889716 -0.5915003538209166 -2.13103463667124
0.029772967766990455 -0.9995456685419714 -0.004667885784002186 -0.016420623208242266 -0.633232245075647 -0.015248057994095905 -0.7738116265125891 -4.3850354599196635 0.7733890297581831 0.025994515832457526 -0.6333986097728947 -2.325131861762413
0.029689416029226624 -0.9995472202485256 -0.004878517535825714 -0.024734039316544512 -0.6743135046839649 -0.016425787711965734 -0.7382624945258947 -4.544479715637366 0.7378481974225556 0.025208235211964834 -0.6744958683172608 -2.5384446696922645
0.025889599445408484 -0.9996542614304418 -0.004590712439607561 -0.028556357773618195 -0.7149202362976721 -0.01530520576557628 -0.6990385333636217 -4.714172198526806 0.6987266400313468 0.021379823269205636 -0.7150692336798322 -2.776795463791708
0.022258933482957457 -0.9997386201816526 -0.005212762779491456 -0.032068851511536545 -0.7538300110079043 -0.013358497247845066 -0.6569336827282012 -4.868595717022618 0.6566923694411104 0.01855217746575218 -0.7539302762351126 -2.9896103935981166
0.019556443365318286 -0.9997806763922775 -0.00747887652387913 -0.025513866760631727 -0.7901106668587664 -0.010870576031484572 -0.6128678854902871 -5.016580600679451 0.6126522582002982 0.017894657058458125 -0.7901500173338338 -3.2669574482061243
0.01659941232371267 -0.9998186232900308 -0.00932918628289927 -0.028069774331432353 -0.8253430060992982 -0.00843476777580951 -0.5645687070260172 -5.152323206638452 0.5643877235141376 0.017071285196653765 -0.8253333365479031 -3.5686185500748664
0.015519220993953609 -0.9998194692842414 -0.010959359475154935 -0.025324230301768454 -0.8577919126121235 -0.0076811941222680955 -0.5139398886438297 -5.2741448101031025 0.5137628779419652 0.017376794390935583 -0.8577562068716854 -3.865121690463827
0.014021760763657992 -0.9998238798644913 -0.012472549581745858 -0.03046884338485302 -0.8871030284183361 -0.006683547063176058 -0.46152326482488065 -5.364865356696748 0.46135858683959374 0.017535802698932318 -0.8870404537004819 -4.1508696911927405
0.013098812380835058 -0.999808602838621 -0.014528316496028981 -0.03279054751215572 -0.9132927981297573 -0.00604741537083735 -0.4072589689440975 -5.487119081987819 0.40709318336564226 0.018603212521579905 -0.9131972010099978 -4.5145212753364365
0.012572397933964434 -0.999783991233045 -0.016545452689362326 -0.033777777876608746 -0.9356854154956783 -0.005928093911686826 -0.35278567111901504 -5.5593793580417135 0.35261140780588385 0.019916703339090482 -0.9355579230222776 -4.852998528728929
0.011311856465873354 -0.9997296279582666 -0.02031438504552599 -0.04167458963521193 -0.9550175515059511 -0.004780878329945928 -0.29651082146115937 -5.620784669171157 0.2963335415476919 0.022754677657515238 -0.9548133641359274 -5.22727218803663
0.007657747566948708 -0.9997085655275969 -0.022890669829990346 -0.03972704341868545 -0.9701672554097193 -0.0018804665495805947 -0.24242959225836436 -5.689449382230909 0.2423159042220532 0.02406424861791376 -0.9698989600173682 -5.637144494872965
0.004583900397283454 -0.9996802999419568 -0.024864387290798134 -0.044217570916822366 -0.9814849584316665 0.00026356631284380643 -0.1915394303430996 -5.725265145887772 0.1914847855864666 0.025282015652367318 -0.9811699415101273 -6.027069513554086
0.0064319755983103 -0.9996596955670762 -0.025278600721042398 -0.04755661892234203 -0.9896599135431703 -0.0027412514355184287 -0.14340784019132974 -5.739642316201784 0.14328973115282118 0.025939609715456 -0.9893407881627918 -6.4579804312712525
0.007345151016902607 -0.9996590949789045 -0.025051833097755154 -0.057806230019507424 -0.9948459510532136 -0.004771523156514086 -0.10128581712253211 -5.741929138534889 0.10113183508310934 0.025666673090184278 -0.9945418628603885 -6.876498181906931
0.008022981879932894 -0.999677457693978 -0.024093837066251178 -0.0676818216898308 -0.9979973463983763 -0.006492946423681763 -0.06292319806939037 -5.736558468429037 0.06274647057181278 0.024550413417930197 -0.9977275134562511 -7.336547773415017
0.007625450346994534 -0.9997198441757149 -0.022407702474249794 -0.06885590279720133 -0.9995531840154004 -0.006972620434293007 -0.02906927235919367 -5.712751279643477 0.02890489079599279 0.022619352890258324 -0.9993261569127017 -7.779772760843642
0.0069811528560834646 -0.9997656339188689 -0.02049353171004735 -0.06991133128002763 -0.9999728091969025 -0.007028576013161913 0.0022429609168496526 -5.699503851516921 -0.0023864754567951324 0.020477320294834424 -0.9997874408429216 -8.251190952680362
0.007579488484611311 -0.9997988501550304 -0.018566565771239406 -0.0869482692703821 -0.9995423485482351 -0.008118697023003408 0.029140804276620337 -5.680791895108318 -0.029285688367692776 0.018337197717053257 -0.9994028254616079 -8.73028843688495
0.008529101618890112 -0.9998388934075882 -0.015788675531419598 -0.09343512199607627 -0.9986929318485711 -0.009312959607100033 0.050257998409554104 -5.652240972388065 -0.05039694494986518 0.015339382289762834 -0.9986115200117902 -9.250106802326926
0.010301113696855364 -0.9998327612729437 -0.01511077070325088 -0.10506005902867425 -0.9977038391923119 -0.011288459304832901 0.06678112958023269 -5.613406226961173 -0.0669405416651566 0.014388153970840752 -0.9976532243920224 -9.757753363209991
0.009389730101691151 -0.9998430890606411 -0.01502042981276872 -0.10574641067323454 -0.9967317488565369 -0.010563676359990145 0.08008924380714082 -5.56043576148216 -0.08023535759082251 0.01421932314953415 -0.9966744957417011 -10.291072631786514
0.00895012871975183 -0.9998372703695716 -0.015663017023761786 -0.10774549083609267 -0.9959447488313764 -0.010315375447194566 0.08937400002962134 -5.484411326187508 -0.08952103129128632 0.014799591434070261 -0.9958750062725572 -10.882560986634228
0.011292088198184601 -0.9997939380854144 -0.01686692307075042 -0.1090286234126451 -0.9951725289184523 -0.012881259789519215 0.09729270468608937 -5.428347731046658 -0.09748991843974358 0.015686859568309945 -0.9951128384086654 -11.437945132374976
0.01005337804230463 -0.999787569576731 -0.017987939778260874 -0.11060972382456447 -0.9948547031902132 -0.011814134413333415 0.10062176501417107 -5.362145352815384 -0.10081291314635653 0.01688379583408082 -0.9947621236289712 -12.049023938604781
0.009282511820148158 -0.9997854253901542 -0.018513551148920258 -0.1194550575755797 -0.9947122665129177 -0.011125992395388922 0.10209712125412142 -5.302949512091492 -0.10228121045938617 0.01746793750885974 -0.9946021224247592 -12.664960988145566
0.00694531384382478 -0.9997699667394235 -0.02028824492307431 -0.12618202124413783 -0.9947685026963458 -0.008975579844553905 0.10176027292724855 -5.245647004271648 -0.10191896947703137 0.019475352640259642 -0.9946020259992709 -13.289353091444061
0.005326891780316563 -0.9997401189972378 -0.02216458093875184 -0.1265082114305836 -0.9948618652512629 -0.007539243904866144 0.10096122561358539 -5.190037041007506 -0.10110210027644692 0.021512882197664854 -0.9946434188754503 -13.925812391509414
0.00477414256204161 -0.9997415455082173 -0.022222937814973066 -0.12451791175528917 -0.9950347952844839 -0.006958645573403606 0.09928524995539216 -5.122348673810733 -0.09941424623379724 0.021638588870651402 -0.9948108529886379 -14.574644853423065
0.005559898739701756 -0.999770327782023 -0.020696506323223923 -0.13451732973851355 -0.9952951074572525 -0.007534687456499063 0.09659680063273114 -5.055093180470818 -0.09673055264611952 0.020062068389001163 -0.9951084122832027 -15.255753859778732
0.004483436718039559 -0.9997911930525913 -0.019933434932843174 -0.1374204013413966 -0.9953885366190973 -0.0063720146197150055 0.09571470172278107 -4.99954001259096 -0.09582174049372487 0.019412381385950715 -0.9952091750983244 -15.948520637381304
0.007782559650320387 -0.9996938901825421 -0.023484342079476354 -0.15490877281366888 -0.9955545507179658 -0.009950571961814432 0.09366088796511891 -4.919402909502449 -0.09386590508695664 0.022651018277163187 -0.9953271466885061 -16.63896489642586
0.008902822492484674 -0.9995987599195059 -0.026887454767283967 -0.17163897811336443 -0.9956531105693984 -0.01135428496415081 0.0924449015836016 -4.86648441126441 -0.09271310037738571 0.02594755279349098 -0.9953546915283339 -17.353638511070667
0.00880963460004617 -0.9995528422091924 -0.028574159958812153 -0.18966546787391605 -0.9958300718333287 -0.01136444811962514 0.09051775272137007 -4.798982605574539 -0.09080200357157817 0.02765757801490601 -0.995484762480421 -18.090574003977803
0.010262833197371635 -0.9995480459635014 -0.028252033325503703 -0.19833559312623356 -0.9959243237869563 -0.01274931606381145 0.08928710475074855 -4.732060055152881 -0.08960695864736799 0.027220550120949757 -0.9956051571335601 -18.811894191827815
0.013215955958092844 -0.9995760361579024 -0.025942155556353493 -0.20713454742150098 -0.9960987163902667 -0.015425002407942309 0.08688795625416529 -4.657928794014542 -0.0872512773680931 0.024692641558161983 -0.9958802035501505 -19.566992084856548
0.012556799285065978 -0.9996120315057304 -0.024861654044994227 -0.21227990555513382 -0.9962392629723588 -0.014638427508135593 0.08539947461761067 -4.594260386344712 -0.08573028317951278 0.023695815780269084 -0.9960365717769304 -20.327675536975846
0.01414958031600266 -0.9995289941172437 -0.02722896408080122 -0.23487358509709366 -0.996337375716042 -0.016390644164363675 0.08392408047003044 -4.535394369863924 -0.0843308589246265 0.025941748105031328 -0.9961001061516389 -21.115732693976913
0.011663517982871447 -0.9994942220360705 -0.029583289072421477 -0.24908678953651636 -0.9965136797560286 -0.014062796800000927 0.08223667809797722 -4.4768942596162065 -0.08261111049041482 0.028520978224550134 -0.9961736311828705 -21.924106959485144
0.011015853076085609 -0.9994742504249962 -0.030493683475848587 -0.26381039874237744 -0.9966168811571291 -0.013458078066701112 0.08107961729250733 -4.412310148625565 -0.08144737283401217 0.029497351295442054 -0.9962410950093845 -22.704881685906827
0.008691900729240575 -0.9996124058768492 -0.02644496786165647 -0.27840343709505266 -0.9967337113250224 -0.010784217613521994 0.08003517453500218 -4.344100444877859 -0.08028935373378515 0.02566293858431353 -0.9964411991157186 -23.514583174736515
0.009779417973760788 -0.9997536607602698 -0.019921367522259963 -0.2908992772132075 -0.9967457778284939 -0.01134027757995202 0.0798082540498312 -4.282451334577906 -0.08001451233671517 0.019076062497559634 -0.9966112003938087 -24.318090337933594
0.008003400063583445 -0.9998369272900557 -0.0161850888480098 -0.2990614690627798 -0.9967260185943297 -0.009278691388974877 0.08031974453290816 -4.225353773691471 -0.08045682027987829 0.015489266965755944 -0.9966378076746086 -25.129698885565094
0.005836581374707616 -0.9998502783601445 -0.016288665021949773 -0.29955226588740025 -0.9967629548162771 -0.007123170561585358 0.0800812408137176 -4.169429154129838 -0.08018527813881024 0.01576853598331567 -0.9966553018131222 -25.95228531316743
0.006149311744985082 -0.9997147829649052 -0.023074471815720154 -0.3060432399559876 -0.9967384035484215 -0.007984520941671864 0.08030469220734598 -4.092363064735899 -0.08046603719687663 0.022505389702180502 -0.9965032488033132 -26.824752759643534
0.006172919842574638 -0.9995623284417366 -0.02892934991897276 -0.33461723825560086 -0.9966309753301483 -0.00851574518208349 0.08157446844340069 -4.024719639937596 -0.08178512396847575 0.02832833169275008 -0.9962473226604911 -27.678885569707113
0.0055273646667547425 -0.9993923915079059 -0.034411057253563575 -0.35028601586822994 -0.9966765213664602 -0.008302640976260756 0.08103798610056527 -3.948486392286561 -0.08127446965924126 0.03384876531978391 -0.996116811690494 -28.512888484622884
0.005840857648838291 -0.9993513401025764 -0.03553343779500939 -0.3572891704616007 -0.9965493022055509 -0.008759296318034111 0.08253951070113495 -3.8738653798218508 -0.08279722605569255 0.03492871828064552 -0.9959541043308041 -29.354553392552564
0.010895861756215363 -0.9993677860068659 -0.033841263857687195 -0.37596161724573585 -0.9964323523863524 -0.013683910668093258 0.0832790589993837 -3.803866853519351 -0.08368949361835507 0.032813135380740474 -0.9959514510881222 -30.178976114789346
0.010333716807513119 -0.9994458598099596 -0.031640816148388894 -0.3817645268194695 -0.9963609597949061 -0.01296879275726082 0.08424223968917433 -3.736703672676045 -0.08460590558459596 0.030655128957397998 -0.9959428440502524 -31.00696737080368
0.011693837815590765 -0.9993985120668583 -0.03264620883046858 -0.3952542069612276 -0.9963867350988376 -0.014392862508597004 0.0837040840468456 -3.6630779156828397 -0.08412361664164443 0.031549417064204534 -0.9959558253069939 -31.861505454295173
0.011351074004820586 -0.9993549748344038 -0.034068085511553325 -0.41559940035238724 -0.9963800412219884 -0.01417476124834334 0.08382147489179932 -3.5912861516972217 -0.08425032766200664 0.03299329593181984 -0.9958983027564773 -32.71171091434743
0.01204697576758152 -0.9993845194612613 -0.032942825147713635 -0.43201328158721547 -0.9963228938802727 -0.014791858525392736 0.08439105800851476 -3.5260511208260885 -0.0848264104077363 0.03180503368161515 -0.9958879872421886 -33.533518131620305
0.013656531193857336 -0.9995068712701306 -0.02827382804829282 -0.43593171919810375 -0.9964866049054052 -0.015941139129205507 0.0822220076901067 -3.4536454784454134 -0.08263218539936483 0.027051625392669584 -0.9962128220646519 -34.36073548205567
0.015746071939019196 -0.9995629128083088 -0.02501970614973529 -0.4451592082536826 -0.9963675484374565 -0.01778029962278425 0.08328056798819308 -3.389055211677227 -0.08368903271998959 0.023617484879357897 -0.9962120123162349 -35.20042490851392
0.01630648587430025 -0.999540589600516 -0.025546339244482533 -0.4517496473015535 -0.9964469019107132 -0.018356856862744894 0.08219894803086125 -3.3129676490154982 -0.08263015210564632 0.024115195738438715 -0.9962884990115555 -36.023040464453786
0.01462772258345756 -0.9995139725522038 -0.027527540777654718 -0.46141850359312353 -0.9965491286897117 -0.016822945878240566 0.08128337244520056 -3.248425959607973 -0.08170696597988605 0.02624355139141792 -0.9963107567052172 -36.87747615384022
0.016622267541220412 -0.9993343299733961 -0.032472661647102816 -0.4709315799743548 -0.9964744064729086 -0.01922830909848798 0.08166410350086943 -3.182494268837781 -0.08223414621832568 0.03100073801728928 -0.9961307884427325 -37.70637228895279
0.013179954844344893 -0.9992001410740864 -0.03775229318175232 -0.48690722743728415 -0.9966236328192647 -0.01618726300205636 0.08049471073558476 -3.127089224646911 -0.081041445607648 0.036563910600452554 -0.9960398018422886 -38.53867476996084
0.01269350037816269 -0.9991256570668986 -0.03983308357813682 -0.5165029362118803 -0.9966021937610563 -0.015883598650967803 0.08082085416454694 -3.0629198176087247 -0.08138289762208546 0.0386718380179796 -0.9959323617271949 -39.37805901306282
0.012703208274792592 -0.9991010292478316 -0.040442448842530974 -0.5306209946013468 -0.9966665402297882 -0.015911232222155843 0.08001643596119364 -2.991506033536849 -0.08058799696332675 0.03929116846785328 -0.9959727860526367 -40.228044227837515
0.01170320252165479 -0.9992784033317922 -0.03613340581836985 -0.5428514895084253 -0.9967241129686787 -0.014550079580012802 0.07955838386440893 -2.9279418462195284 -0.08002672564067811 0.0350839489057432 -0.996175102941642 -41.054895719256415
0.011603832499549247 -0.9994059839493088 -0.03244820316319734 -0.5498168998972986 -0.9967380271879642 -0.014152544245978128 0.07945440425360692 -2.8682677404010035 -0.07986644292654574 0.031420382716540116 -0.9963102282535711 -41.85838360827463
0.01494210106463363 -0.9994223576513916 -0.03052336931330809 -0.5594033997943657 -0.9966919026998355 -0.01732639246193604 0.07940536808247137 -2.7996148220504193 -0.0798883574970438 0.02923591157711774 -0.9963749886026975 -42.694694215502786
0.01726797512710053 -0.9994344493939873 -0.028852412001545234 -0.5752088621876744 -0.9966129265258294 -0.01952537511772301 0.07988395758773226 -2.7302555645194477 -0.08040213951665123 0.0273752518894712 -0.9963865400093775 -43.53109226399478
0.017368533071480355 -0.9994737173312495 -0.027397026914374165 -0.592164328796174 -0.9965912507282177 -0.019515659332010885 0.08015666287541537 -2.673887810099326 -0.08064914613267576 0.025911441351835034 -0.9964057237394695 -44.35344293773836
0.01432986873962987 -0.999618289097421 -0.02361764796267909 -0.5997855967948537 -0.9965945279374357 -0.016196798336847517 0.08085252002465775 -2.6144328399275985 -0.0812041895085186 0.022378615676520462 -0.9964462504027825 -45.168141810638915
0.009723422240815077 -0.9997244194177073 -0.021367873771969546 -0.6033316010198487 -0.9965511471261448 -0.011449218397950527 0.08218726532812845 -2.5495327106632963 -0.08240926323601754 0.020495037634013814 -0.9963878238428646 -45.997160024815244
0.009864001421304808 -0.9996508268770188 -0.02451228438863738 -0.6056734509444055 -0.9964843981466378 -0.011866372266079069 0.08293422153823009 -2.4809841691250933 -0.0831961449630335 0.02360804279667257 -0.9962534891552258 -46.83008740624408
0.008701097805770221 -0.9995106731383897 -0.03004574185628401 -0.627162947207875 -0.9962703701912363 -0.011244610583629883 0.08555153284970467 -2.4211837958337483 -0.08584752590300855 0.029189286984167 -0.9958806052221404 -47.631515347247564
0.00677934379348283 -0.9994418410794826 -0.032709875009172565 -0.64508163003111 -0.9961942239871003 -0.009592618011074019 0.08663196621924112 -2.359860888594065 -0.0868973935427611 0.03199808195085172 -0.9957032377824088 -48.4598592919921
0.007495428605399109 -0.9994403738645593 -0.03259875966864766 -0.6534554432205069 -0.9960426995478207 -0.010349089105848643 0.08827128640166261 -2.288079486029023 -0.08855926683164984 0.03180812728765633 -0.9955628934995504 -49.28510115855115
0.011440394562095283 -0.9994883485083674 -0.02986724969698595 -0.6625865565938278 -0.9958175841854731 -0.014095873795330666 0.09026997371436077 -2.2155609833058354 -0.09064480073727386 0.02870960631367886 -0.9954693807667647 -50.07930496192338
0.015666924079232245 -0.9995236819837858 -0.026586201913680954 -0.6749007441585143 -0.9957165057315748 -0.018019401385518358 0.09068635840538601 -2.1378720242415428 -0.09112224885617853 0.025051541780195252 -0.9955245826937139 -50.877822328235716
0.0185067690692948 -0.9994917676649133 -0.025955748161373422 -0.6837697086164277 -0.9955839550770241 -0.020811617177641503 0.09154013433313586 -2.0545553850940608 -0.09203379638575152 0.024147006987258135 -0.9954630418916534 -51.67465605866224
0.018756505719141604 -0.9994547341229115 -0.027172648067201596 -0.6858017547856824 -0.9954587293619733 -0.021204593738408203 0.09280325372782464 -1.9777303263093278 -0.09332884507604906 0.02530859035581483 -0.9953136219807334 -52.501107274722415
0.021064033247860443 -0.9993881872329833 -0.027919430630966587 -0.7024384685886697 -0.9952860626671753 -0.023605462336508235 0.09406671493222073 -1.899093643612837 -0.09466822002234232 0.02580639359992395 -0.9951742809113523 -53.2814022992116
0.02359522217959488 -0.9993437703929219 -0.02748092682667393 -0.707429489945365 -0.9950588893334688 -0.02612810249982631 0.09578741549465021 -1.8195968710772357 -0.09644258628762518 0.025085015575466045 -0.9950224396797686 -54.068425113322874
0.022511704867244114 -0.9993639783902991 -0.02765425344014735 -0.713415798030557 -0.9949899290187743 -0.02509114517042392 0.09677636361978346 -1.743141026919661 -0.09740869472802559 0.025337108951379295 -0.9949218796968201 -54.8225770908223
0.021186336648788825 -0.9993519900435758 -0.029097070463833016 -0.727347737364127 -0.9950317286513166 -0.023908660146053574 0.09664528383004857 -1.6660699929159588 -0.09727833326709379 0.026904948936625053 -0.9948934565027354 -55.60013242320907
0.01919179323073886 -0.9993093204327761 -0.031819570573749005 -0.731829714885398 -0.9950403737684497 -0.022197311417115163 0.09696441374104192 -1.5985528377333287 -0.0976037701129736 0.029800842141551 -0.9947790918136237 -56.39258477093404
0.01912960183547446 -0.9991877769394187 -0.03546305823680945 -0.7478876216718934 -0.9950294784024385 -0.022492974572410285 0.09700779003480374 -1.5228318643722316 -0.09772667174494255 0.033431066717046896 -0.9946516272630642 -57.16108732994721
0.019559916564101967 -0.9990816281336241 -0.03812180944020238 -0.7578896957262145 -0.9949615549089963 -0.023200939208538093 0.0975363974300512 -1.4488130840033784 -0.09833129767289289 0.036021922338341825 -0.9945015673555639 -57.91911764045383
0.017801300515351427 -0.9991028466466774 -0.03842616308095457 -0.7788978566270571 -0.9949797843906656 -0.021487090259582814 0.09774284050815155 -1.3848872427310244 -0.09848081108556693 0.03649330943780481 -0.9944695702557687 -58.666822631215965
0.01742990729118264 -0.9991678437482353 -0.03687365312931089 -0.788767210050477 -0.9950150971134574 -0.02095555823128534 0.09749788483906759 -1.311693876303859 -0.09818946462310486 0.03499046855442618 -0.9945524590598974 -59.414452964845616
0.016612051845739613 -0.99931159676661 -0.03317066628485777 -0.797888778014693 -0.9949674704787174 -0.019800188860015732 0.0982225976181011 -1.2337861335212474 -0.09881177416852144 0.0313720480376305 -0.994611502985724 -60.16294066791918
0.017861813533277242 -0.9993555138547928 -0.031135867723315894 -0.8095967509017162 -0.9949409049041362 -0.02084479875073746 0.09827620637305048 -1.1646660405137708 -0.09886190462079879 0.029222960490412536 -0.9946719347825398 -60.878098416246466
0.01998703393197818 -0.9993679465985287 -0.029396028409840208 -0.812741394883304 -0.9950211718224469 -0.02275426154990707 0.09703232934835662 -1.0885062282784628 -0.09763989208535866 0.02731027860313152 -0.9948470723820712 -61.59541153618391
0.0172932552017023 -0.999457911854309 -0.028014069842815476 -0.8044521131539227 -0.9952621693179814 -0.019888265704806403 0.09517212378636063 -1.0211880993778695 -0.09567768290965632 0.026235515360724465 -0.9950665894968959 -62.28938259570018
0.017625146331447517 -0.9994405637231465 -0.02842257139374946 -0.8069163983544216 -0.9956370375150324 -0.020149094555585414 0.09110982775116842 -0.9559791057057707 -0.09163156494758185 0.02669274105970357 -0.995435121775862 -62.95389405028805
0.017253091111927393 -0.9994094915669901 -0.02971350548560282 -0.8133986949546856 -0.9961036447709719 -0.019751413081437758 0.08595020157962376 -0.9039544869982856 -0.08648634591438507 0.028114829320638805 -0.9958562480304897 -63.6176958648255
0.014719824054498554 -0.9994039993560074 -0.031223866440997138 -0.8160857238557258 -0.996734871022171 -0.017145632582701853 0.07890274139078007 -0.8571313780302635 -0.07939107178554838 0.029960474335333293 -0.9963932514717968 -64.26964839054322
0.017078934290533695 -0.9993281001617553 -0.03242817388981261 -0.8246162306923183 -0.9973606758030739 -0.019316470949023726 0.06998967859359077 -0.8200297044403208 -0.07056904837050036 0.031147239322337022 -0.9970204533415099 -64.90470516897571
0.018296457471327274 -0.9992617599094612 -0.03377764766093674 -0.8210405078639804 -0.9980088072891535 -0.020292247390018094 0.05972127298439729 -0.7824647301115265 -0.06036261873703262 0.03261770625600454 -0.9976434300813091 -65.52075252710245
0.023409585121385145 -0.9991178030964664 -0.03486624714728949 -0.8355910312633761 -0.9986236874713729 -0.02500686796145414 0.04610303700037531 -0.7611472069143597 -0.04693425519649297 0.03373900906514107 -0.998327997159931 -66.09092756545823
0.026567349397230548 -0.9989680167493797 -0.0368377097934764 -0.8602714380332895 -0.9992720391539834 -0.027548666471622973 0.026392250051286516 -0.7589942033114643 -0.027379846261527712 0.03610971933257666 -0.9989726429256075 -66.67838251735331
0.028382199822834266 -0.9989069345098317 -0.03713906161051242 -0.8764474221025267 -0.9995866465271636 -0.028533079303384182 0.003538904430812039 -0.7636955102759592 -0.004594727484183333 0.03702326562792108 -0.99930382051945 -67.25124778622146
0.027233780738552812 -0.9989682107687577 -0.036341559022730445 -0.8887160470786991 -0.9994114425058565 -0.026451169108349572 -0.021844881180248462 -0.7895115832724688 0.02086106912181618 0.036915088994298725 -0.9991006316302031 -67.79126259765238
0.026267300687767933 -0.9989821609556416 -0.036667576433510894 -0.8925406392789247 -0.9984158828184926 -0.024391311012378687 -0.05070436480367593 -0.8506868253207494 0.04975839682891599 0.03794136067265976 -0.9980403596753892 -68.3070204210412
0.02478153829817274 -0.9990352503183267 -0.03625415694761399 -0.9008828620769008 -0.9962011209960497 -0.021650288843016754 -0.08434853813333384 -0.916586426762446 0.08348225511083392 0.038206716030740086 -0.995776599455156 -68.80343244347146
0.02423974640668669 -0.9990838771010898 -0.035267495599526445 -0.9122119996257756 -0.9924133705278476 -0.019794547418917795 -0.12134215945884597 -1.005471676706732 0.12053287629101736 0.037941241023259874 -0.9919840289877688 -69.27495651526992
0.02324423877385702 -0.9991232317269466 -0.034818522722894145 -0.9144132360967828 -0.9865704851237624 -0.017292058451390625 -0.16241849268523312 -1.1044687463863465 0.16167404664725124 0.03812622699945522 -0.9861074503224665 -69.74302761388083
0.024191032790663636 -0.9990965609618498 -0.034940064957418526 -0.9274382036332774 -0.9781497544311727 -0.016435913105617185 -0.2072513234565356 -1.2415980647161187 0.20648990665400654 0.039190239314416904 -0.9776635796850465 -70.18673759954903
0.02266137311412954 -0.9991481537871928 -0.03448580920692987 -0.9371450264113929 -0.9667981708799551 -0.013119221392383171 -0.2552041852114952 -1.4142855765353803 0.25453438560591696 0.039124097317146174 -0.9662720117217464 -70.62718602143501
0.01694165816156677 -0.9993691402384098 -0.0312117890914581 -0.9513358043068522 -0.9520464922418392 -0.006586249517570067 -0.3058827584862048 -1.5875682784942573 0.3054843361508245 0.034897236504646496 -0.9515573816439966 -71.05191801523613
0.010049996148614902 -0.9995285196229563 -0.029009428380192055 -0.9514286503891248 -0.9347169861992523 0.0009162465480844997 -0.35539184396890977 -1.810869688446467 0.3552509011411683 0.03068729302323535 -0.9342670943966995 -71.43186215088434
0.0029042051104340694 -0.9996088836196976 -0.02781527781590567 -0.9441032821106599 -0.9127706166896089 0.00871173340111445 -0.40837984529416516 -2.031017400124451 0.4084624876223498 0.02657498800991578 -0.9123882201115484 -71.8139184523057
0.0012720521515790558 -0.9996012941782468 -0.02820423803262081 -0.9461104840960466 -0.8888214508810814 0.011794487669116581 -0.45810185925412344 -2.305340054584123 0.4582519585616422 0.025651267972917165 -0.8884521218206956 -72.17872544014925
0.000713937647003297 -0.9995987578634987 -0.028313639387921308 -0.9598697201559379 -0.8618360675868855 0.013745257069979004 -0.5070008622683826 -2.5401998009237263 0.5071866142023619 0.024763684443092945 -0.8614804777169823 -72.53745113059027
-0.0016564314285438652 -0.9996036394005767 -0.02810231578133261 -0.9872212842501383 -0.8339629557412322 0.01688827085210911 -0.5515620302777801 -2.8414373876067396 0.5518180494532832 0.02252266249817784 -0.8336603744235653 -72.87026200528541
-0.010070783718527073 -0.9995262004109882 -0.02908462505360976 -0.994762634493736 -0.8026660791651197 0.025426656901218807 -0.5958865696621433 -3.1503196011414 0.5963437122595034 0.017344196262569007 -0.8025418231826917 -73.1923333525049
-0.015724329051165366 -0.9994943867168595 -0.027632910175945033 -0.9848629881900536 -0.7699725912315993 0.02973509935936942 -0.6373837656468422 -3.447393384189863 0.6378831249575442 0.011254152571708647 -0.7700508903082041 -73.48752718700588
-0.01663340849143994 -0.9996022151626727 -0.022774478938433207 -0.9633172894705114 -0.7348727844695644 0.027667349754843744 -0.6776403799664601 -3.7822378961198924 0.6780009875836998 0.005464880986012119 -0.735040661263404 -73.74068577477676
-0.01134707784477143 -0.9998367665887419 -0.01405582221709858 -0.9570461022071887 -0.6950935010478484 0.017992049842341366 -0.7186942851829555 -4.097788909858015 0.7188298780720976 0.0016150327708980888 -0.6951842119975699 -73.990625322264
-0.007651523260501425 -0.9999539629673883 -0.00577746435960707 -0.9730762790763254 -0.6517494621139648 0.00936879718474096 -0.7583764946816344 -4.475812344126201 0.7583958209037546 -0.002037276622044805 -0.6517911309242395 -74.26931644290437
-0.003729420696003004 -0.9999927351249054 -0.0006595595330069827 -0.9919401101869164 -0.6050790490930655 0.0027817291747050253 -0.7961605411663435 -4.867319632606845 0.796156643164754 -0.0025701292702065928 -0.6050850284787022 -74.54040120000244
-0.003436492643207756 -0.9999939918244442 0.0003060846794251279 -0.9946890667284349 -0.556688796899961 0.0016587954632053179 -0.8307195205986698 -5.276921194112054 0.8307140821994613 -0.003025150411600138 -0.5566911167199976 -74.76579598052136
-0.0017778218572701457 -0.9999971502743098 0.001539702454943325 -0.9859551952011177 -0.5068019630072725 -0.0004263170256038376 -0.8620624037078013 -5.741777816125086 0.8620606672817059 -0.002312920859859761 -0.5067997981171262 -74.99821383412736
0.0002037562315596403 -0.9999992066084136 0.0012186142306816054 -0.982853076966504 -0.4595489212589175 -0.0011759521140252381 -0.8881517070426612 -6.221970405425813 0.8881525066003215 -0.0003790466295877435 -0.4595487351175344 -75.21386094440216
0.0034580500494100163 -0.9999935800930095 0.0008550116012041659 -0.9709360052224301 -0.4151699726214368 -0.0022135318400058382 -0.9097411624940382 -6.726069864649428 0.9097373421929164 0.002790955421780023 -0.4151750312094042 -75.40678624115584
0.009250804005707729 -0.9999566329581339 0.0010327753634423783 -0.9784055424644948 -0.3742012246033182 -0.004419585607382506 -0.9273369563323547 -7.243334514468701 0.9273014453584905 0.008192146810020992 -0.37422590039832526 -75.60591075900753
0.012524106512954937 -0.999921452426233 0.00043013323577851533 -0.9767405135093488 -0.3377226768443719 -0.004634895360502617 -0.9412342714313339 -7.79246443090168 0.9411623571110262 0.0116428529594635 -0.33775422115245235 -75.77687171444008
0.01415738516935217 -0.9998991776849375 -0.0010498392787110429 -0.9739789553803515 -0.3062166913316872 -0.003336163329023687 -0.9519559491910957 -8.35589981360698 0.9518565893046699 0.013798685766650689 -0.30623305784032845 -75.93374805672633
0.013419640586811476 -0.9999064763388703 -0.002638824063979959 -0.974525023333119 -0.28187931573475544 -0.001251019886034515 -0.9594490033253128 -8.91838411504646 0.9593559948182968 0.013619292253221692 -0.28186975370077694 -76.08137715804436
0.012487410783026395 -0.999914755227819 -0.0037967912222300767 -0.9691885946664328 -0.2605937087803995 0.0004115011259128952 -0.9654484866424835 -9.531946223453634 0.9653678199622989 0.013045372294262053 -0.2605663499089393 -76.22664370146389
0.013742478482392847 -0.9998826211653407 -0.006761353161625757 -0.9606680397014309 -0.24348254940094194 0.003212159618623108 -0.9698999790042053 -10.124122248711997 0.9698079199104912 0.014975100845577047 -0.24340987510101594 -76.37227719969484
0.017121813494297214 -0.9998165873757734 -0.008580509473111467 -0.9620664101048704 -0.2270831043450411 0.0044690054893216456 -0.9738651845784098 -10.7529302786155 0.9737249364339922 0.01862282198306827 -0.22696494998361885 -76.51612340166476
0.018501873121505825 -0.999785065431204 -0.009350681281317061 -0.9656799463238059 -0.21275668082063445 0.005201192342911812 -0.9770914323251039 -11.410609447060333 0.9769301034876791 0.02006743304580332 -0.2126147414644176 -76.66727620216096
0.02029112872588857 -0.9997456653615538 -0.009838179726635728 -0.9650701785209077 -0.20202261623121578 0.005537312670664437 -0.9793651695494217 -12.030912979905395 0.9791706706161307 0.021859966913422957 -0.20185887939655298 -76.78986354113417
0.022293166866431194 -0.9997071050064531 -0.009418054256265273 -0.956117122290756 -0.18898932239415245 0.005036516176698869 -0.9819661873241877 -12.702026459868867 0.9817261240419098 0.0236710476562986 -0.1888216500431301 -76.90963676316424
0.02004213490082311 -0.9997449858913768 -0.010400492848295317 -0.969439357113505 -0.17202785562031025 0.0067991287948781344 -0.9850686661228961 -13.416049846707928 0.9848882228384545 0.021532048658711 -0.17184769069570127 -77.02425151637473
0.02009800582577114 -0.9997410446479309 -0.01067287236704997 -0.9677115580314304 -0.15885399376695836 0.0073463113716989515 -0.9872747464861721 -14.119554092773285 0.987097507374258 0.02153768810255549 -0.15866524219747014 -77.1344980678417
0.021588725864829326 -0.9997320391648413 -0.008355729039906416 -0.963034192346857 -0.14559747380434296 0.0051246880323618715 -0.9893306494249331 -14.856135631753988 0.9891084128315097 0.022574965364777884 -0.1454477858971912 -77.22657548172029
0.023660076857096302 -0.9997126613078919 -0.003841001633194881 -0.9596268576745877 -0.13483510309952115 0.0006158913176588903 -0.9908678451732141 -15.583520377560168 0.9905855416021979 0.023961910877015907 -0.1347818591747552 -77.32511708233137
0.025262890005965072 -0.9996799204941064 0.001332582030408636 -0.9516198525889015 -0.1267128850300794 -0.004524409019597442 -0.9919291526286614 -16.325905008459184 0.9916177630514273 0.024890137894217044 -0.12678665798636762 -77.40568153528547
0.025619852898715913 -0.9996680199052128 0.002698663621618967 -0.9481963216853495 -0.11699681971028089 -0.005679414538685791 -0.9931159898534826 -17.091429063252715 0.9928018458755064 0.025127754046246738 -0.11710354936003012 -77.48707304546961
0.024947752400020912 -0.9996857142856513 -0.002444939195239098 -0.9396251599559465 -0.11145378730502188 -0.000350925080683731 -0.9937695924010591 -17.854311847884986 0.9934564479167504 0.025064816591109457 -0.11142751631933717 -77.57329478657864
0.026335767617729662 -0.999607728443384 -0.009524386601466825 -0.9531153395397015 -0.106266093144056 0.006674262612291322 -0.9943153355798832 -18.61393682454473 0.9939888879224185 0.027198176426618134 -0.10604863623002099 -77.64967429521393
0.028923796071025618 -0.9995085154140255 -0.01208723928267886 -0.9407842915043907 -0.10347582132972316 0.009033385461321866 -0.9945909940642705 -19.384711132665224 0.9942113372923763 0.030018082268179844 -0.1031636795323475 -77.72959208969691
