0.000000e+00 -1.000000e+00 0.000000e+00 0.000000e+00 0.000000e+00 0.000000e+00 -1.000000e+00 0.000000e+00 1.000000e+00 0.000000e+00 0.000000e+00 0.000000e+00
-1.256392e-03 -9.999966e-01 -2.272921e-03 -4.275211e-03 6.124348e-04 2.272153e-03 -9.999973e-01 -4.122793e-04 9.999990e-01 -1.257780e-03 6.095780e-04 4.962400e-01
-6.647659e-04 -9.999955e-01 -2.925435e-03 -1.968365e-02 4.462255e-04 2.925139e-03 -9.999956e-01 -1.323285e-02 9.999997e-01 -6.660683e-04 4.442790e-04 1.215282e+00
1.192715e-03 -9.999884e-01 -4.652635e-03 -3.326900e-02 3.425259e-04 4.653047e-03 -9.999891e-01 -3.792631e-02 9.999992e-01 1.191108e-03 3.480717e-04 2.195606e+00
1.179525e-03 -9.999853e-01 -5.296605e-03 -3.589755e-02 2.728742e-04 5.296930e-03 -9.999859e-01 -5.854882e-02 9.999993e-01 1.178063e-03 2.791181e-04 2.937714e+00
2.290607e-03 -9.999810e-01 -5.714654e-03 -4.957522e-02 1.322670e-03 5.717693e-03 -9.999828e-01 -7.048727e-02 9.999965e-01 2.283009e-03 1.335742e-03 3.647623e+00
2.819427e-03 -9.999709e-01 -7.089423e-03 -4.099805e-02 3.744663e-03 7.099960e-03 -9.999678e-01 -8.368172e-02 9.999890e-01 2.792789e-03 3.764571e-03 4.339265e+00
3.903950e-03 -9.999688e-01 -6.866247e-03 -2.992691e-02 7.646266e-03 6.895949e-03 -9.999470e-01 -9.432071e-02 9.999632e-01 3.851241e-03 7.672949e-03 5.017989e+00
4.493680e-03 -9.999731e-01 -5.789082e-03 -3.836891e-02 1.084504e-02 5.837534e-03 -9.999241e-01 -1.043612e-01 9.999311e-01 4.430556e-03 1.087099e-02 5.647693e+00
4.791214e-03 -9.999769e-01 -4.817755e-03 -2.464557e-02 1.248341e-02 4.877246e-03 -9.999102e-01 -1.100294e-01 9.999106e-01 4.730641e-03 1.250649e-02 6.239439e+00
6.044920e-03 -9.999686e-01 -5.116682e-03 -3.661632e-02 1.275877e-02 5.193485e-03 -9.999051e-01 -1.215197e-01 9.999003e-01 5.979063e-03 1.278976e-02 6.834448e+00
6.745952e-03 -9.999583e-01 -6.147250e-03 -3.766588e-02 1.046306e-02 6.217636e-03 -9.999259e-01 -1.282747e-01 9.999225e-01 6.681133e-03 1.050457e-02 7.378504e+00
8.388161e-03 -9.999470e-01 -5.978304e-03 -4.101038e-02 8.163645e-03 6.046794e-03 -9.999484e-01 -1.305981e-01 9.999315e-01 8.338924e-03 8.213934e-03 7.910722e+00
9.610560e-03 -9.999424e-01 -4.769542e-03 -2.463592e-02 6.891289e-03 4.835880e-03 -9.999645e-01 -1.351136e-01 9.999301e-01 9.577351e-03 6.937368e-03 8.416639e+00
1.156276e-02 -9.999325e-01 -1.183843e-03 -1.548635e-02 5.153511e-03 1.243499e-03 -9.999859e-01 -1.474946e-01 9.999199e-01 1.155650e-02 5.167541e-03 8.899392e+00
1.287829e-02 -9.999169e-01 6.093500e-04 -6.008752e-03 3.997817e-03 -5.579063e-04 -9.999918e-01 -1.597162e-01 9.999091e-01 1.288062e-02 3.990300e-03 9.340418e+00
1.476209e-02 -9.998823e-01 -4.185347e-03 -1.647483e-02 1.894850e-03 4.213770e-03 -9.999893e-01 -1.652921e-01 9.998893e-01 1.475400e-02 1.956830e-03 9.759144e+00
1.843034e-02 -9.998008e-01 -7.659217e-03 -1.845434e-02 1.407125e-03 7.686448e-03 -9.999695e-01 -1.727650e-01 9.998292e-01 1.841900e-02 1.548508e-03 1.012390e+01
2.145093e-02 -9.997325e-01 -8.651590e-03 -5.661814e-03 1.941939e-03 8.695229e-03 -9.999603e-01 -1.732050e-01 9.997680e-01 2.143328e-02 2.127940e-03 1.047561e+01
2.569319e-02 -9.996592e-01 -4.620728e-03 1.084044e-02 2.863519e-03 4.695831e-03 -9.999849e-01 -1.821325e-01 9.996658e-01 2.567957e-02 2.983194e-03 1.078582e+01
2.786115e-02 -9.996118e-01 -2.030626e-04 3.237963e-02 2.373511e-03 2.692953e-04 -9.999971e-01 -1.889693e-01 9.996090e-01 2.786059e-02 2.380092e-03 1.106762e+01
3.059665e-02 -9.995267e-01 3.189048e-03 4.998908e-02 4.053726e-03 -3.066428e-03 -9.999871e-01 -1.979935e-01 9.995236e-01 3.060919e-02 3.957985e-03 1.133517e+01
3.250540e-02 -9.994625e-01 4.248598e-03 7.874879e-02 4.957382e-03 -4.089566e-03 -9.999794e-01 -2.017611e-01 9.994593e-01 3.252579e-02 4.821784e-03 1.157207e+01
3.507204e-02 -9.993796e-01 3.206878e-03 7.594042e-02 3.983995e-03 -3.069015e-03 -9.999874e-01 -2.083396e-01 9.993768e-01 3.508437e-02 3.873887e-03 1.177530e+01
3.668478e-02 -9.993219e-01 3.172281e-03 8.018583e-02 3.142649e-03 -3.059038e-03 -9.999904e-01 -2.136975e-01 9.993219e-01 3.669440e-02 3.028298e-03 1.193274e+01
3.893809e-02 -9.992412e-01 9.560154e-04 8.123406e-02 2.271112e-03 -8.682386e-04 -9.999970e-01 -2.161377e-01 9.992390e-01 3.894015e-02 2.235581e-03 1.208308e+01
4.090183e-02 -9.991620e-01 -1.572493e-03 6.242441e-02 2.022510e-03 1.656601e-03 -9.999966e-01 -2.207424e-01 9.991611e-01 4.089851e-02 2.088573e-03 1.222889e+01
4.256669e-02 -9.990902e-01 -2.620069e-03 6.585873e-02 9.746076e-04 2.663968e-03 -9.999960e-01 -2.251839e-01 9.990932e-01 4.256397e-02 1.087117e-03 1.238864e+01
4.462498e-02 -9.990011e-01 -2.339858e-03 7.866143e-02 -2.078402e-04 2.332908e-03 -9.999973e-01 -2.295919e-01 9.990038e-01 4.462535e-02 -1.035266e-04 1.253087e+01
4.620900e-02 -9.989308e-01 -1.418390e-03 9.815827e-02 -1.689205e-03 1.341765e-03 -9.999977e-01 -2.303443e-01 9.989304e-01 4.621129e-02 -1.625397e-03 1.270250e+01
4.781832e-02 -9.988554e-01 -1.140577e-03 9.757831e-02 -2.693133e-03 1.012951e-03 -9.999959e-01 -2.331005e-01 9.988524e-01 4.782119e-02 -2.641613e-03 1.282972e+01
4.905963e-02 -9.987952e-01 -1.132477e-03 9.869756e-02 -4.305046e-03 9.223730e-04 -9.999903e-01 -2.362593e-01 9.987866e-01 4.906403e-02 -4.254607e-03 1.297785e+01
5.078646e-02 -9.987079e-01 -1.826600e-03 9.502431e-02 -5.908486e-03 1.528470e-03 -9.999814e-01 -2.353579e-01 9.986920e-01 5.079630e-02 -5.823226e-03 1.309226e+01
5.139154e-02 -9.986767e-01 -1.954823e-03 1.008804e-01 -8.280705e-03 1.531222e-03 -9.999645e-01 -2.396639e-01 9.986442e-01 5.140590e-02 -8.191055e-03 1.322770e+01
5.223347e-02 -9.986337e-01 -1.574323e-03 1.118732e-01 -1.115718e-02 9.928023e-04 -9.999372e-01 -2.419553e-01 9.985726e-01 5.224776e-02 -1.109008e-02 1.338196e+01
5.156520e-02 -9.986694e-01 -6.810537e-04 1.244872e-01 -1.255353e-02 3.371965e-05 -9.999212e-01 -2.433347e-01 9.985907e-01 5.156968e-02 -1.253509e-02 1.350687e+01
4.970999e-02 -9.987637e-01 -8.399766e-05 1.292997e-01 -1.422504e-02 -6.239091e-04 -9.998986e-01 -2.499248e-01 9.986624e-01 4.970615e-02 -1.423847e-02 1.363192e+01
4.670996e-02 -9.989085e-01 1.247646e-04 1.301090e-01 -1.516979e-02 -8.342412e-04 -9.998846e-01 -2.514819e-01 9.987933e-01 4.670268e-02 -1.519220e-02 1.375730e+01
4.285436e-02 -9.990813e-01 -3.255054e-04 1.303313e-01 -1.627606e-02 -3.723802e-04 -9.998674e-01 -2.518468e-01 9.989488e-01 4.285398e-02 -1.627707e-02 1.388879e+01
3.764144e-02 -9.992912e-01 -5.414208e-04 1.283429e-01 -1.695641e-02 -9.698925e-05 -9.998562e-01 -2.493210e-01 9.991474e-01 3.764521e-02 -1.694804e-02 1.400230e+01
3.101446e-02 -9.995189e-01 -3.370088e-04 1.244364e-01 -1.751257e-02 -2.062851e-04 -9.998466e-01 -2.541165e-01 9.993655e-01 3.101561e-02 -1.751054e-02 1.411347e+01
2.372284e-02 -9.997185e-01 -3.852698e-04 1.230437e-01 -1.844821e-02 -5.245443e-05 -9.998298e-01 -2.597778e-01 9.995483e-01 2.372591e-02 -1.844426e-02 1.423834e+01
1.589150e-02 -9.998736e-01 -3.450571e-04 1.187896e-01 -1.932676e-02 3.786614e-05 -9.998132e-01 -2.599111e-01 9.996869e-01 1.589520e-02 -1.932372e-02 1.434124e+01
6.001719e-03 -9.999819e-01 2.390479e-04 1.252476e-01 -2.077442e-02 -3.636850e-04 -9.997841e-01 -2.632207e-01 9.997662e-01 5.995458e-03 -2.077622e-02 1.448424e+01
-6.270400e-03 -9.999796e-01 1.220256e-03 1.252676e-01 -2.240912e-02 -1.079457e-03 -9.997483e-01 -2.643544e-01 9.997292e-01 -6.296167e-03 -2.240190e-02 1.463470e+01
-2.194197e-02 -9.997553e-01 2.804725e-03 1.081185e-01 -2.463672e-02 -2.263842e-03 -9.996939e-01 -2.705870e-01 9.994556e-01 -2.200435e-02 -2.458102e-02 1.482547e+01
-4.191816e-02 -9.991166e-01 2.975972e-03 8.868054e-02 -2.595494e-02 -1.888650e-03 -9.996613e-01 -2.798124e-01 9.987839e-01 -4.198120e-02 -2.585284e-02 1.500944e+01
-6.326274e-02 -9.979945e-01 2.179510e-03 6.218672e-02 -2.560420e-02 -5.601272e-04 -9.996720e-01 -2.858335e-01 9.976684e-01 -6.329779e-02 -2.551741e-02 1.519181e+01
-8.636191e-02 -9.962624e-01 1.719974e-03 1.794345e-02 -2.480795e-02 4.246040e-04 -9.996921e-01 -2.941341e-01 9.959549e-01 -8.637800e-02 -2.475189e-02 1.541134e+01
-1.124313e-01 -9.936590e-01 9.547731e-04 -3.326808e-02 -2.406140e-02 1.761932e-03 -9.997090e-01 -2.982930e-01 9.933681e-01 -1.124216e-01 -2.410692e-02 1.566243e+01
-1.432736e-01 -9.896830e-01 5.701450e-04 -9.355073e-02 -2.284771e-02 2.731661e-03 -9.997352e-01 -3.036822e-01 9.894193e-01 -1.432486e-01 -2.300336e-02 1.590291e+01
-1.763832e-01 -9.843215e-01 1.676131e-04 -1.385739e-01 -2.008874e-02 3.429509e-03 -9.997923e-01 -3.168382e-01 9.841166e-01 -1.763500e-01 -2.037869e-02 1.616927e+01
-2.127683e-01 -9.771025e-01 -5.580687e-04 -2.072795e-01 -1.672910e-02 4.213895e-03 -9.998512e-01 -3.237343e-01 9.769595e-01 -2.127272e-01 -1.724263e-02 1.644719e+01
-2.520711e-01 -9.677061e-01 -2.259370e-03 -2.844838e-01 -1.218301e-02 5.508028e-03 -9.999106e-01 -3.304699e-01 9.676321e-01 -2.520210e-01 -1.317798e-02 1.670844e+01
-2.935539e-01 -9.559238e-01 -5.986426e-03 -4.061469e-01 -8.007267e-03 8.720957e-03 -9.999299e-01 -3.295064e-01 9.559090e-01 -2.934854e-01 -1.021441e-02 1.700741e+01
-3.352596e-01 -9.420787e-01 -9.421884e-03 -5.349205e-01 -3.832481e-03 1.136432e-02 -9.999281e-01 -3.382325e-01 9.421180e-01 -3.351994e-01 -7.420495e-03 1.731238e+01
-3.781092e-01 -9.256973e-01 -1.085894e-02 -6.958462e-01 1.467992e-03 1.113020e-02 -9.999370e-01 -3.416406e-01 9.257599e-01 -3.781013e-01 -2.849513e-03 1.756224e+01
-4.213730e-01 -9.067792e-01 -1.401189e-02 -8.464832e-01 7.785525e-03 1.183295e-02 -9.998997e-01 -3.521740e-01 9.068540e-01 -4.214398e-01 2.073665e-03 1.789517e+01
-4.645163e-01 -8.853914e-01 -1.751731e-02 -1.021541e+00 1.342371e-02 1.273875e-02 -9.998288e-01 -3.563647e-01 8.854629e-01 -4.646719e-01 5.967876e-03 1.822846e+01
-5.076314e-01 -8.613029e-01 -2.162814e-02 -1.240417e+00 1.721034e-02 1.496106e-02 -9.997399e-01 -3.514670e-01 8.614025e-01 -5.078716e-01 7.228607e-03 1.852514e+01
-5.513688e-01 -8.338994e-01 -2.457950e-02 -1.465287e+00 1.964250e-02 1.647819e-02 -9.996713e-01 -3.530634e-01 8.340303e-01 -5.516704e-01 7.294306e-03 1.883320e+01
-5.952061e-01 -8.031064e-01 -2.738113e-02 -1.720634e+00 2.130937e-02 1.828757e-02 -9.996057e-01 -3.374977e-01 8.032904e-01 -5.955549e-01 6.228816e-03 1.906993e+01
-6.379278e-01 -7.694790e-01 -3.082394e-02 -2.019500e+00 2.426735e-02 1.991988e-02 -9.995070e-01 -3.292522e-01 7.697137e-01 -6.383614e-01 5.965775e-03 1.931829e+01
-6.788846e-01 -7.334670e-01 -3.379120e-02 -2.326663e+00 2.680848e-02 2.123008e-02 -9.994151e-01 -3.140028e-01 7.337554e-01 -6.793934e-01 5.250358e-03 1.961268e+01
-7.183211e-01 -6.948088e-01 -3.543140e-02 -2.658263e+00 2.998307e-02 1.996366e-02 -9.993510e-01 -3.031341e-01 6.950653e-01 -7.189173e-01 6.492184e-03 1.985284e+01
-7.558779e-01 -6.537533e-01 -3.542954e-02 -3.029632e+00 3.113863e-02 1.815596e-02 -9.993502e-01 -3.042131e-01 6.539717e-01 -7.564899e-01 6.633300e-03 2.014823e+01
-7.901875e-01 -6.119223e-01 -3.398254e-02 -3.400586e+00 3.258293e-02 1.342459e-02 -9.993789e-01 -2.945450e-01 6.119984e-01 -7.908040e-01 9.330280e-03 2.042990e+01
-8.230327e-01 -5.669622e-01 -3.422021e-02 -3.794786e+00 3.544851e-02 8.857859e-03 -9.993322e-01 -2.896796e-01 5.668867e-01 -8.236962e-01 1.280766e-02 2.063542e+01
-8.532230e-01 -5.203702e-01 -3.500345e-02 -4.223677e+00 3.631901e-02 7.669752e-03 -9.993108e-01 -2.677740e-01 5.202801e-01 -8.539063e-01 1.235532e-02 2.089585e+01
-8.816258e-01 -4.707097e-01 -3.418116e-02 -4.674391e+00 3.527631e-02 6.497978e-03 -9.993564e-01 -2.422668e-01 4.706289e-01 -8.822642e-01 1.087612e-02 2.107012e+01
-9.074842e-01 -4.187433e-01 -3.356377e-02 -5.151737e+00 3.564456e-02 2.854812e-03 -9.993604e-01 -2.300604e-01 4.185713e-01 -9.081002e-01 1.233522e-02 2.126787e+01
-9.300492e-01 -3.660330e-01 -3.206897e-02 -5.666312e+00 3.532954e-02 -2.211123e-03 -9.993733e-01 -2.179207e-01 3.657327e-01 -9.305993e-01 1.498823e-02 2.144204e+01
-9.494300e-01 -3.123870e-01 -3.157642e-02 -6.166632e+00 3.441180e-02 -3.566335e-03 -9.994014e-01 -2.122732e-01 3.120874e-01 -9.499482e-01 1.413579e-02 2.159338e+01
-9.652255e-01 -2.589811e-01 -3.561546e-02 -6.734927e+00 3.803043e-02 -4.319126e-03 -9.992672e-01 -1.762503e-01 2.586375e-01 -9.658727e-01 1.401809e-02 2.172834e+01
-9.773707e-01 -2.077923e-01 -3.960790e-02 -7.319033e+00 4.195328e-02 -6.890619e-03 -9.990958e-01 -1.536181e-01 2.073315e-01 -9.781487e-01 1.545226e-02 2.185397e+01
-9.862268e-01 -1.603129e-01 -4.070029e-02 -7.902143e+00 4.314467e-02 -1.179491e-02 -9.989992e-01 -1.575637e-01 1.596724e-01 -9.869958e-01 1.854911e-02 2.194678e+01
-9.924814e-01 -1.149161e-01 -4.213198e-02 -8.559202e+00 4.396820e-02 -1.349003e-02 -9.989418e-01 -1.235343e-01 1.142262e-01 -9.932836e-01 1.844126e-02 2.202907e+01
-9.963972e-01 -7.418253e-02 -4.110440e-02 -9.177367e+00 4.227921e-02 -1.433586e-02 -9.990030e-01 -1.080348e-01 7.351930e-02 -9.971417e-01 1.742059e-02 2.204445e+01
-9.985817e-01 -3.808051e-02 -3.720795e-02 -9.857532e+00 3.764466e-02 -1.081581e-02 -9.992326e-01 -7.998914e-02 3.764886e-02 -9.992161e-01 1.223400e-02 2.207618e+01
-9.992850e-01 -9.904908e-03 -3.648922e-02 -1.051784e+01 3.657515e-02 -8.636738e-03 -9.992936e-01 -4.174774e-02 9.582763e-03 -9.999136e-01 8.992836e-03 2.204942e+01
-9.990814e-01 1.314970e-02 -4.078382e-02 -1.121935e+01 4.068768e-02 -7.497357e-03 -9.991438e-01 -1.899472e-02 -1.344421e-02 -9.998854e-01 6.955440e-03 2.202406e+01
-9.985654e-01 2.702327e-02 -4.622513e-02 -1.195413e+01 4.600524e-02 -8.703453e-03 -9.989033e-01 1.181905e-02 -2.739595e-02 -9.995969e-01 7.447756e-03 2.201239e+01
-9.981980e-01 3.495815e-02 -4.877070e-02 -1.271262e+01 4.846358e-02 -9.580132e-03 -9.987790e-01 3.655538e-02 -3.538270e-02 -9.993429e-01 7.868672e-03 2.198407e+01
-9.981655e-01 3.967246e-02 -4.573611e-02 -1.346229e+01 4.537221e-02 -1.002561e-02 -9.989198e-01 6.819506e-02 -4.008814e-02 -9.991624e-01 8.207185e-03 2.192851e+01
-9.983777e-01 3.930001e-02 -4.120127e-02 -1.424069e+01 4.057726e-02 -1.654613e-02 -9.990394e-01 1.155044e-01 -3.994397e-02 -9.990904e-01 1.492460e-02 2.191714e+01
-9.986081e-01 3.345773e-02 -4.077311e-02 -1.506595e+01 3.989416e-02 -2.653069e-02 -9.988517e-01 1.309254e-01 -3.450104e-02 -9.990879e-01 2.515899e-02 2.187731e+01
-9.988146e-01 2.741343e-02 -4.022295e-02 -1.590565e+01 3.944651e-02 -2.829908e-02 -9.988209e-01 1.690910e-01 -2.851937e-02 -9.992235e-01 2.718417e-02 2.184956e+01
-9.990216e-01 2.196270e-02 -3.838647e-02 -1.675557e+01 3.781513e-02 -2.586363e-02 -9.989500e-01 2.092480e-01 -2.293245e-02 -9.994242e-01 2.500780e-02 2.179208e+01
-9.992468e-01 1.924741e-02 -3.369536e-02 -1.762946e+01 3.311253e-02 -2.983721e-02 -9.990062e-01 2.184725e-01 -2.023366e-02 -9.993694e-01 2.917741e-02 2.177691e+01
-9.995583e-01 1.763522e-02 -2.392056e-02 -1.851583e+01 2.343166e-02 -2.742690e-02 -9.993492e-01 2.343467e-01 -1.827981e-02 -9.994683e-01 2.700157e-02 2.176310e+01
-9.997429e-01 1.659781e-02 -1.544835e-02 -1.943316e+01 1.510245e-02 -2.076741e-02 -9.996703e-01 2.667067e-01 -1.691316e-02 -9.996465e-01 2.051140e-02 2.174534e+01
-9.997683e-01 1.717123e-02 -1.298034e-02 -2.034036e+01 1.270125e-02 -1.626416e-02 -9.997870e-01 2.613015e-01 -1.737869e-02 -9.997203e-01 1.604229e-02 2.173811e+01
-9.996247e-01 2.086355e-02 -1.775616e-02 -2.128979e+01 1.760170e-02 -7.563925e-03 -9.998165e-01 2.787564e-01 -2.099403e-02 -9.997537e-01 7.193853e-03 2.172057e+01
-9.993484e-01 2.532578e-02 -2.571765e-02 -2.224846e+01 2.565551e-02 -2.775755e-03 -9.996670e-01 2.978311e-01 -2.538873e-02 -9.996754e-01 2.124200e-03 2.170405e+01
-9.989042e-01 3.012844e-02 -3.581302e-02 -2.323534e+01 3.580208e-02 -9.029274e-04 -9.993585e-01 3.411646e-01 -3.014144e-02 -9.995456e-01 -1.767226e-04 2.168425e+01
-9.985135e-01 3.155502e-02 -4.444084e-02 -2.421040e+01 4.450399e-02 1.301631e-03 -9.990084e-01 3.649302e-01 -3.146588e-02 -9.995012e-01 -2.704020e-03 2.162836e+01
-9.981041e-01 3.261295e-02 -5.219835e-02 -2.522092e+01 5.219155e-02 -1.060321e-03 -9.986365e-01 3.986447e-01 -3.262383e-02 -9.994675e-01 -6.438093e-04 2.161218e+01
-9.979162e-01 3.418187e-02 -5.472453e-02 -2.626380e+01 5.469878e-02 -1.688627e-03 -9.985015e-01 4.355630e-01 -3.422306e-02 -9.994142e-01 -1.845982e-04 2.154793e+01
-9.980299e-01 3.486632e-02 -5.215871e-02 -2.726038e+01 5.219066e-02 6.147424e-06 -9.986371e-01 4.981779e-01 -3.481849e-02 -9.993920e-01 -1.825832e-03 2.150583e+01
-9.981236e-01 3.871047e-02 -4.744235e-02 -2.829647e+01 4.764635e-02 4.363890e-03 -9.988548e-01 5.227426e-01 -3.845910e-02 -9.992409e-01 -6.200114e-03 2.142767e+01
-9.981846e-01 4.229029e-02 -4.288508e-02 -2.931718e+01 4.317118e-02 5.874758e-03 -9.990504e-01 5.507529e-01 -4.199820e-02 -9.990881e-01 -7.689815e-03 2.140694e+01
-9.981948e-01 4.692642e-02 -3.748410e-02 -3.036236e+01 3.763012e-02 2.231918e-03 -9.992892e-01 5.831264e-01 -4.680941e-02 -9.988959e-01 -3.993736e-03 2.133187e+01
-9.979790e-01 5.289710e-02 -3.520941e-02 -3.141205e+01 3.550351e-02 4.630200e-03 -9.993588e-01 6.138151e-01 -5.270016e-02 -9.985892e-01 -6.498876e-03 2.129501e+01
-9.974939e-01 5.985956e-02 -3.771937e-02 -3.245649e+01 3.801289e-02 3.771902e-03 -9.992701e-01 6.425582e-01 -5.967359e-02 -9.981997e-01 -6.037884e-03 2.121337e+01
-9.968898e-01 6.677775e-02 -4.185024e-02 -3.352291e+01 4.233061e-02 5.794215e-03 -9.990869e-01 6.712202e-01 -6.647428e-02 -9.977511e-01 -8.602937e-03 2.113678e+01
-9.962416e-01 7.435433e-02 -4.443203e-02 -3.458090e+01 4.505098e-02 6.667227e-03 -9.989625e-01 7.086934e-01 -7.398094e-02 -9.972096e-01 -9.991904e-03 2.102215e+01
-9.958242e-01 7.842545e-02 -4.672821e-02 -3.564114e+01 4.762316e-02 9.579164e-03 -9.988194e-01 7.490123e-01 -7.788525e-02 -9.968740e-01 -1.327403e-02 2.092850e+01
-9.954703e-01 8.166474e-02 -4.868013e-02 -3.672202e+01 4.996314e-02 1.374014e-02 -9.986566e-01 7.887456e-01 -8.088616e-02 -9.965652e-01 -1.775813e-02 2.082869e+01
-9.953898e-01 8.231710e-02 -4.922561e-02 -3.779283e+01 5.082636e-02 1.746372e-02 -9.985548e-01 8.341710e-01 -8.133847e-02 -9.964532e-01 -2.156709e-02 2.072990e+01
-9.951783e-01 8.485024e-02 -4.919875e-02 -3.887066e+01 5.102272e-02 1.946212e-02 -9.985079e-01 8.726406e-01 -8.376612e-02 -9.962036e-01 -2.369757e-02 2.063908e+01
-9.950343e-01 8.625783e-02 -4.966180e-02 -3.994771e+01 5.165013e-02 2.097280e-02 -9.984450e-01 9.205942e-01 -8.508215e-02 -9.960521e-01 -2.532388e-02 2.053083e+01
-9.950352e-01 8.665001e-02 -4.895707e-02 -4.101765e+01 5.105972e-02 2.221704e-02 -9.984484e-01 9.579375e-01 -8.542789e-02 -9.959911e-01 -2.653106e-02 2.042799e+01
-9.948779e-01 8.865917e-02 -4.855457e-02 -4.210293e+01 5.082681e-02 2.355246e-02 -9.984297e-01 9.922010e-01 -8.737638e-02 -9.957835e-01 -2.793808e-02 2.032550e+01
-9.949261e-01 8.924059e-02 -4.645647e-02 -4.316788e+01 4.909971e-02 2.765481e-02 -9.984109e-01 1.025727e+00 -8.781404e-02 -9.956261e-01 -3.189619e-02 2.021690e+01
-9.951507e-01 8.903443e-02 -4.180901e-02 -4.423960e+01 4.484893e-02 3.242015e-02 -9.984676e-01 1.067821e+00 -8.754254e-02 -9.955008e-01 -3.625604e-02 2.009872e+01
-9.952232e-01 8.884142e-02 -4.047349e-02 -4.535960e+01 4.368481e-02 3.450420e-02 -9.984493e-01 1.117386e+00 -8.730715e-02 -9.954480e-01 -3.822041e-02 1.998639e+01
-9.952157e-01 8.682198e-02 -4.480802e-02 -4.647707e+01 4.799153e-02 3.493255e-02 -9.982367e-01 1.150924e+00 -8.510363e-02 -9.956112e-01 -3.893214e-02 1.987674e+01
-9.951226e-01 8.602807e-02 -4.827225e-02 -4.758694e+01 5.142894e-02 3.486203e-02 -9.980680e-01 1.193583e+00 -8.417899e-02 -9.956826e-01 -3.911633e-02 1.977158e+01
-9.953062e-01 8.392440e-02 -4.819036e-02 -4.868185e+01 5.121097e-02 3.421803e-02 -9.981015e-01 1.222715e+00 -8.211609e-02 -9.958844e-01 -3.835526e-02 1.967649e+01
-9.955232e-01 8.195157e-02 -4.709144e-02 -4.979371e+01 5.001275e-02 3.396571e-02 -9.981709e-01 1.273523e+00 -8.020218e-02 -9.960574e-01 -3.791227e-02 1.958829e+01
-9.957783e-01 7.861717e-02 -4.738189e-02 -5.089138e+01 5.045176e-02 3.753181e-02 -9.980210e-01 1.319272e+00 -7.668326e-02 -9.961981e-01 -4.133973e-02 1.949088e+01
-9.961898e-01 7.272858e-02 -4.813030e-02 -5.201168e+01 5.125744e-02 4.176003e-02 -9.978120e-01 1.374452e+00 -7.055952e-02 -9.964771e-01 -4.532880e-02 1.940578e+01
-9.965838e-01 6.684886e-02 -4.849805e-02 -5.316577e+01 5.156739e-02 4.497975e-02 -9.976560e-01 1.413633e+00 -6.451073e-02 -9.967487e-01 -4.827331e-02 1.929945e+01
-9.970442e-01 5.972732e-02 -4.832698e-02 -5.428301e+01 5.115372e-02 4.674064e-02 -9.975964e-01 1.453941e+00 -5.732493e-02 -9.971198e-01 -4.965776e-02 1.922318e+01
-9.973771e-01 5.460423e-02 -4.751140e-02 -5.541123e+01 5.007858e-02 4.664907e-02 -9.976553e-01 1.499510e+00 -5.225984e-02 -9.974178e-01 -4.926122e-02 1.914950e+01
-9.976782e-01 4.858944e-02 -4.772189e-02 -5.655288e+01 4.995575e-02 4.584726e-02 -9.976986e-01 1.539197e+00 -4.628970e-02 -9.977661e-01 -4.816813e-02 1.908380e+01
-9.978886e-01 4.352975e-02 -4.820316e-02 -5.767975e+01 5.016887e-02 4.525474e-02 -9.977149e-01 1.582313e+00 -4.124885e-02 -9.980266e-01 -4.734303e-02 1.903683e+01
-9.979650e-01 3.909065e-02 -5.037720e-02 -5.881731e+01 5.202534e-02 4.235688e-02 -9.977471e-01 1.617580e+00 -3.686876e-02 -9.983375e-01 -4.430439e-02 1.899001e+01
-9.981277e-01 3.369440e-02 -5.104744e-02 -5.995130e+01 5.250717e-02 4.396117e-02 -9.976525e-01 1.672565e+00 -3.137119e-02 -9.984649e-01 -4.564806e-02 1.893013e+01
-9.983485e-01 2.768135e-02 -5.033858e-02 -6.111428e+01 5.150609e-02 4.321922e-02 -9.977371e-01 1.716179e+00 -2.544312e-02 -9.986821e-01 -4.457360e-02 1.888943e+01
-9.986576e-01 2.272283e-02 -4.654738e-02 -6.226903e+01 4.751248e-02 4.396152e-02 -9.979028e-01 1.765721e+00 -2.062888e-02 -9.987748e-01 -4.498213e-02 1.887014e+01
-9.989383e-01 1.846922e-02 -4.220385e-02 -6.341860e+01 4.297569e-02 4.360630e-02 -9.981240e-01 1.801613e+00 -1.659422e-02 -9.988781e-01 -4.435372e-02 1.884286e+01
-9.990258e-01 1.531564e-02 -4.138717e-02 -6.455109e+01 4.203861e-02 4.498712e-02 -9.981027e-01 1.842493e+00 -1.342469e-02 -9.988701e-01 -4.558714e-02 1.881157e+01
-9.989946e-01 1.207116e-02 -4.317498e-02 -6.571696e+01 4.366679e-02 4.398185e-02 -9.980776e-01 1.878527e+00 -1.014904e-02 -9.989594e-01 -4.446474e-02 1.879230e+01
-9.990103e-01 9.146268e-03 -4.353003e-02 -6.688409e+01 4.388560e-02 4.314885e-02 -9.981043e-01 1.907184e+00 -7.250659e-03 -9.990268e-01 -4.350753e-02 1.876626e+01
-9.990215e-01 8.045173e-03 -4.349056e-02 -6.805065e+01 4.380617e-02 4.443446e-02 -9.980514e-01 1.948095e+00 -6.097016e-03 -9.989799e-01 -4.474341e-02 1.873688e+01
-9.989968e-01 6.983451e-03 -4.423367e-02 -6.921761e+01 4.450773e-02 4.577336e-02 -9.979599e-01 1.989207e+00 -4.944480e-03 -9.989274e-01 -4.603826e-02 1.871544e+01
-9.990101e-01 6.490456e-03 -4.400869e-02 -7.038413e+01 4.426271e-02 4.631689e-02 -9.979457e-01 2.023922e+00 -4.438777e-03 -9.989057e-01 -4.655832e-02 1.870121e+01
-9.990656e-01 5.211426e-03 -4.290533e-02 -7.155870e+01 4.310345e-02 4.707613e-02 -9.979609e-01 2.062418e+00 -3.180982e-03 -9.988777e-01 -4.725677e-02 1.868088e+01
-9.991331e-01 2.985527e-03 -4.152334e-02 -7.274312e+01 4.161706e-02 4.625133e-02 -9.980626e-01 2.089008e+00 -1.059233e-03 -9.989254e-01 -4.633548e-02 1.868126e+01
-9.991037e-01 2.701876e-03 -4.224319e-02 -7.392941e+01 4.232038e-02 4.303270e-02 -9.981769e-01 2.132804e+00 -8.791116e-04 -9.990700e-01 -4.310847e-02 1.871853e+01
-9.991129e-01 2.753995e-03 -4.202117e-02 -7.513521e+01 4.209804e-02 4.025548e-02 -9.983022e-01 2.156616e+00 -1.057737e-03 -9.991856e-01 -4.033571e-02 1.872488e+01
-9.989843e-01 2.639140e-03 -4.498140e-02 -7.632635e+01 4.505103e-02 4.001648e-02 -9.981829e-01 2.189017e+00 -8.343466e-04 -9.991955e-01 -4.009474e-02 1.872238e+01
-9.988455e-01 2.817847e-03 -4.795655e-02 -7.752009e+01 4.803159e-02 4.073443e-02 -9.980149e-01 2.230945e+00 -8.587706e-04 -9.991660e-01 -4.082275e-02 1.870733e+01
-9.988387e-01 2.351556e-03 -4.812091e-02 -7.871217e+01 4.817746e-02 4.273647e-02 -9.979241e-01 2.268184e+00 -2.901571e-04 -9.990836e-01 -4.280014e-02 1.869646e+01
-9.988909e-01 1.922450e-03 -4.704441e-02 -7.986830e+01 4.708348e-02 4.359911e-02 -9.979390e-01 2.310543e+00 1.326062e-04 -9.990473e-01 -4.364127e-02 1.869412e+01
-9.989854e-01 1.005827e-03 -4.502334e-02 -8.103806e+01 4.502460e-02 4.335188e-02 -9.980448e-01 2.355007e+00 9.479857e-04 -9.990594e-01 -4.335319e-02 1.869674e+01
-9.990060e-01 6.215590e-04 -4.457088e-02 -8.221724e+01 4.455772e-02 4.193600e-02 -9.981262e-01 2.390596e+00 1.248730e-03 -9.991201e-01 -4.192201e-02 1.869743e+01
-9.989536e-01 8.335196e-04 -4.572605e-02 -8.337676e+01 4.572262e-02 4.015588e-02 -9.981468e-01 2.418180e+00 1.004195e-03 -9.991931e-01 -4.015197e-02 1.868933e+01
-9.988549e-01 8.499154e-04 -4.783490e-02 -8.455262e+01 4.782962e-02 4.089558e-02 -9.980180e-01 2.452633e+00 1.108006e-03 -9.991631e-01 -4.088941e-02 1.867387e+01
-9.987592e-01 -4.194208e-06 -4.980169e-02 -8.574372e+01 4.975976e-02 4.094241e-02 -9.979217e-01 2.487799e+00 2.043187e-03 -9.991615e-01 -4.089140e-02 1.867360e+01
-9.987703e-01 4.408142e-04 -4.957462e-02 -8.691313e+01 4.954872e-02 4.239668e-02 -9.978715e-01 2.531343e+00 1.661923e-03 -9.991007e-01 -4.236638e-02 1.866931e+01
-9.988386e-01 -2.336854e-04 -4.818025e-02 -8.807722e+01 4.812830e-02 4.184049e-02 -9.979644e-01 2.569307e+00 2.249095e-03 -9.991243e-01 -4.178065e-02 1.867148e+01
-9.988341e-01 3.143104e-04 -4.827284e-02 -8.924001e+01 4.824557e-02 4.073191e-02 -9.980047e-01 2.613852e+00 1.652562e-03 -9.991701e-01 -4.069959e-02 1.866597e+01
-9.988055e-01 4.078409e-04 -4.886197e-02 -9.040538e+01 4.884006e-02 3.941296e-02 -9.980287e-01 2.639765e+00 1.518758e-03 -9.992229e-01 -3.938580e-02 1.866548e+01
-9.986760e-01 -4.287417e-04 -5.144041e-02 -9.157819e+01 5.138741e-02 3.782354e-02 -9.979623e-01 2.678500e+00 2.373526e-03 -9.992843e-01 -3.775143e-02 1.867237e+01
-9.985735e-01 -6.659303e-04 -5.338904e-02 -9.274232e+01 5.333205e-02 3.539833e-02 -9.979492e-01 2.720907e+00 2.554448e-03 -9.993731e-01 -3.531233e-02 1.867633e+01
-9.984878e-01 -1.573426e-03 -5.495227e-02 -9.389587e+01 5.486353e-02 3.504247e-02 -9.978787e-01 2.775003e+00 3.495752e-03 -9.993846e-01 -3.490315e-02 1.867142e+01
-9.983563e-01 -2.012678e-03 -5.727754e-02 -9.503867e+01 5.716341e-02 3.716337e-02 -9.976729e-01 2.824523e+00 4.136621e-03 -9.993072e-01 -3.698723e-02 1.865715e+01
-9.983794e-01 -1.248805e-03 -5.689479e-02 -9.622111e+01 5.680406e-02 3.867069e-02 -9.976361e-01 2.873894e+00 3.446013e-03 -9.992512e-01 -3.853708e-02 1.864853e+01
-9.985729e-01 -2.638752e-03 -5.334024e-02 -9.735690e+01 5.318839e-02 4.082411e-02 -9.977497e-01 2.922818e+00 4.810382e-03 -9.991629e-01 -4.062550e-02 1.864756e+01
-9.986300e-01 -2.086782e-03 -5.228592e-02 -9.851470e+01 5.214227e-02 4.432647e-02 -9.976555e-01 2.963553e+00 4.399539e-03 -9.990149e-01 -4.415694e-02 1.863974e+01
-9.986910e-01 -1.793709e-03 -5.111947e-02 -9.967208e+01 5.098657e-02 4.514299e-02 -9.976785e-01 3.004017e+00 4.097230e-03 -9.989789e-01 -4.499244e-02 1.863838e+01
-9.986720e-01 -2.463383e-03 -5.146001e-02 -1.008254e+02 5.130259e-02 4.389232e-02 -9.977182e-01 3.042694e+00 4.716461e-03 -9.990332e-01 -4.370765e-02 1.863298e+01
-9.986135e-01 -2.273459e-03 -5.259262e-02 -1.019813e+02 5.244846e-02 4.256421e-02 -9.977161e-01 3.086789e+00 4.506830e-03 -9.990911e-01 -4.238595e-02 1.863126e+01
-9.985027e-01 -2.770900e-03 -5.463126e-02 -1.031469e+02 5.447512e-02 4.039263e-02 -9.976978e-01 3.132148e+00 4.971221e-03 -9.991800e-01 -4.018120e-02 1.864784e+01
-9.985430e-01 -2.388532e-03 -5.390985e-02 -1.043141e+02 5.375366e-02 4.382959e-02 -9.975919e-01 3.182177e+00 4.745627e-03 -9.990362e-01 -4.363734e-02 1.864070e+01
-9.984784e-01 -2.014993e-03 -5.510670e-02 -1.054512e+02 5.495183e-02 4.689708e-02 -9.973871e-01 3.245039e+00 4.594072e-03 -9.988977e-01 -4.671500e-02 1.863822e+01
-9.985188e-01 -2.286962e-03 -5.436008e-02 -1.066226e+02 5.418164e-02 4.927897e-02 -9.973143e-01 3.298171e+00 4.959628e-03 -9.987825e-01 -4.908207e-02 1.861766e+01
-9.987024e-01 -2.025116e-03 -5.088657e-02 -1.078080e+02 5.072035e-02 5.033926e-02 -9.974434e-01 3.344659e+00 4.581531e-03 -9.987301e-01 -5.017123e-02 1.860256e+01
-9.988865e-01 -1.764190e-03 -4.714451e-02 -1.090045e+02 4.698902e-02 5.203597e-02 -9.975391e-01 3.388994e+00 4.213058e-03 -9.986436e-01 -5.189513e-02 1.859330e+01
-9.989226e-01 -7.868439e-04 -4.640121e-02 -1.101892e+02 4.630442e-02 4.982551e-02 -9.976840e-01 3.426058e+00 3.096985e-03 -9.987576e-01 -4.973539e-02 1.859504e+01
-9.989163e-01 -1.957668e-04 -4.654345e-02 -1.113927e+02 4.648520e-02 4.599163e-02 -9.978597e-01 3.467939e+00 2.335957e-03 -9.989418e-01 -4.593269e-02 1.862326e+01
-9.988906e-01 2.383799e-04 -4.709087e-02 -1.125630e+02 4.705450e-02 4.467524e-02 -9.978928e-01 3.524359e+00 1.865919e-03 -9.990016e-01 -4.463689e-02 1.861479e+01
-9.986902e-01 1.786663e-03 -5.113454e-02 -1.137607e+02 5.116365e-02 4.390935e-02 -9.977245e-01 3.560609e+00 4.626868e-04 -9.990339e-01 -4.394325e-02 1.861826e+01
-9.986730e-01 2.655232e-03 -5.143167e-02 -1.149742e+02 5.149787e-02 4.204435e-02 -9.977877e-01 3.608099e+00 -4.869470e-04 -9.991122e-01 -4.212529e-02 1.859663e+01
-9.988479e-01 2.910759e-03 -4.790042e-02 -1.161675e+02 4.798104e-02 4.264522e-02 -9.979375e-01 3.650525e+00 -8.620312e-04 -9.990860e-01 -4.273575e-02 1.858479e+01
-9.989817e-01 3.912142e-03 -4.494828e-02 -1.174028e+02 4.507465e-02 4.277219e-02 -9.980676e-01 3.707987e+00 -1.982046e-03 -9.990772e-01 -4.290497e-02 1.858943e+01
-9.990222e-01 4.507962e-03 -4.397972e-02 -1.186638e+02 4.412903e-02 4.144297e-02 -9.981658e-01 3.748778e+00 -2.677043e-03 -9.991307e-01 -4.160138e-02 1.859737e+01
-9.989685e-01 5.759839e-03 -4.504018e-02 -1.198981e+02 4.524774e-02 4.327517e-02 -9.980381e-01 3.790666e+00 -3.799417e-03 -9.990466e-01 -4.349115e-02 1.858915e+01
-9.988053e-01 6.061705e-03 -4.848842e-02 -1.211628e+02 4.872133e-02 4.727481e-02 -9.976930e-01 3.841134e+00 -3.755440e-03 -9.988635e-01 -4.751367e-02 1.856896e+01
-9.986426e-01 6.172712e-03 -5.171961e-02 -1.224286e+02 5.197281e-02 5.247381e-02 -9.972689e-01 3.887303e+00 -3.441929e-03 -9.986032e-01 -5.272340e-02 1.854794e+01
-9.986359e-01 6.124159e-03 -5.185431e-02 -1.237090e+02 5.212726e-02 5.948222e-02 -9.968674e-01 3.945059e+00 -3.020565e-03 -9.982106e-01 -5.972031e-02 1.852869e+01
-9.987298e-01 6.531079e-03 -4.996106e-02 -1.249697e+02 5.027238e-02 6.257336e-02 -9.967734e-01 3.997571e+00 -3.383775e-03 -9.980190e-01 -6.282221e-02 1.850884e+01
-9.987522e-01 6.409523e-03 -4.952645e-02 -1.262275e+02 4.983705e-02 6.443959e-02 -9.966764e-01 4.046216e+00 -3.196755e-03 -9.979010e-01 -6.467862e-02 1.848073e+01
-9.987612e-01 7.473495e-03 -4.919575e-02 -1.275040e+02 4.957581e-02 6.442264e-02 -9.966905e-01 4.091253e+00 -4.279442e-03 -9.978947e-01 -6.471334e-02 1.846597e+01
-9.988132e-01 6.373486e-03 -4.828726e-02 -1.287617e+02 4.859681e-02 6.403984e-02 -9.967634e-01 4.129864e+00 -3.260549e-03 -9.979270e-01 -6.427357e-02 1.846085e+01
-9.987779e-01 7.247599e-03 -4.888938e-02 -1.300303e+02 4.925542e-02 6.441313e-02 -9.967070e-01 4.170935e+00 -4.074615e-03 -9.978970e-01 -6.469139e-02 1.844961e+01
-9.985326e-01 8.177259e-03 -5.353269e-02 -1.312890e+02 5.394500e-02 6.350764e-02 -9.965223e-01 4.216232e+00 -4.749086e-03 -9.979479e-01 -6.385557e-02 1.843204e+01
-9.983304e-01 8.475671e-03 -5.713608e-02 -1.325268e+02 5.755521e-02 6.248267e-02 -9.963851e-01 4.266385e+00 -4.875018e-03 -9.980100e-01 -6.286617e-02 1.842413e+01
-9.983984e-01 8.579435e-03 -5.591987e-02 -1.337894e+02 5.634960e-02 6.281918e-02 -9.964329e-01 4.323923e+00 -5.035990e-03 -9.979880e-01 -6.320202e-02 1.840142e+01
-9.984485e-01 7.366596e-03 -5.519317e-02 -1.350684e+02 5.554659e-02 6.252746e-02 -9.964963e-01 4.384890e+00 -3.889696e-03 -9.980161e-01 -6.283963e-02 1.837419e+01
-9.984623e-01 6.000808e-03 -5.510955e-02 -1.363183e+02 5.537621e-02 6.208258e-02 -9.965336e-01 4.433694e+00 -2.558663e-03 -9.980530e-01 -6.231942e-02 1.836301e+01
-9.985111e-01 5.394898e-03 -5.428158e-02 -1.375513e+02 5.451278e-02 6.242757e-02 -9.965597e-01 4.475583e+00 -1.987671e-03 -9.980349e-01 -6.262872e-02 1.836528e+01
-9.984094e-01 4.672364e-03 -5.618548e-02 -1.387919e+02 5.636762e-02 6.233754e-02 -9.964621e-01 4.527363e+00 -1.153368e-03 -9.980442e-01 -6.250176e-02 1.835249e+01
-9.982039e-01 4.472828e-03 -5.974178e-02 -1.400315e+02 5.990520e-02 6.331593e-02 -9.961940e-01 4.584055e+00 -6.731986e-04 -9.979835e-01 -6.347015e-02 1.834032e+01
-9.981428e-01 3.383288e-03 -6.082248e-02 -1.412748e+02 6.091391e-02 6.466069e-02 -9.960464e-01 4.642293e+00 5.629115e-04 -9.979016e-01 -6.474669e-02 1.831994e+01
-9.982552e-01 1.242396e-03 -5.903439e-02 -1.425010e+02 5.898874e-02 6.555751e-02 -9.961037e-01 4.701180e+00 2.632593e-03 -9.978480e-01 -6.551641e-02 1.831666e+01
-9.984136e-01 1.856102e-03 -5.627507e-02 -1.437283e+02 5.627611e-02 6.528122e-02 -9.962788e-01 4.757656e+00 1.824510e-03 -9.978652e-01 -6.528211e-02 1.831138e+01
-9.984540e-01 1.367066e-03 -5.556716e-02 -1.449846e+02 5.554174e-02 6.349949e-02 -9.964351e-01 4.803696e+00 2.166294e-03 -9.979810e-01 -6.347725e-02 1.831075e+01
-9.984876e-01 6.368530e-04 -5.497362e-02 -1.462159e+02 5.490879e-02 6.146140e-02 -9.965979e-01 4.852867e+00 2.744069e-03 -9.981093e-01 -6.140341e-02 1.830344e+01
-9.985084e-01 1.296734e-03 -5.458298e-02 -1.474525e+02 5.456435e-02 5.898680e-02 -9.967664e-01 4.903119e+00 1.927133e-03 -9.982579e-01 -5.896957e-02 1.831100e+01
-9.985643e-01 1.578141e-03 -5.354283e-02 -1.486973e+02 5.354721e-02 5.593751e-02 -9.969974e-01 4.944935e+00 1.421650e-03 -9.984331e-01 -5.594170e-02 1.830729e+01
-9.985710e-01 2.597391e-03 -5.337729e-02 -1.499257e+02 5.343904e-02 5.578640e-02 -9.970116e-01 5.000953e+00 3.880976e-04 -9.984394e-01 -5.584548e-02 1.830123e+01
-9.983960e-01 2.335637e-03 -5.656870e-02 -1.511457e+02 5.661242e-02 5.374975e-02 -9.969484e-01 5.046322e+00 7.120435e-04 -9.985517e-01 -5.379576e-02 1.829697e+01
-9.983152e-01 1.903051e-03 -5.799275e-02 -1.523794e+02 5.801475e-02 5.055305e-02 -9.970350e-01 5.093071e+00 1.034302e-03 -9.987196e-01 -5.057828e-02 1.828808e+01
-9.984308e-01 3.009564e-03 -5.591730e-02 -1.536060e+02 5.599737e-02 4.812313e-02 -9.972705e-01 5.144477e+00 -3.104346e-04 -9.988369e-01 -4.821615e-02 1.828118e+01
-9.983882e-01 3.383922e-03 -5.665254e-02 -1.548309e+02 5.675063e-02 4.946214e-02 -9.971624e-01 5.205072e+00 -5.721644e-04 -9.987702e-01 -4.957446e-02 1.828536e+01
-9.981098e-01 2.273198e-03 -6.141497e-02 -1.560664e+02 6.145162e-02 5.017040e-02 -9.968483e-01 5.249356e+00 8.151805e-04 -9.987381e-01 -5.021526e-02 1.827366e+01
-9.977267e-01 2.856903e-03 -6.732939e-02 -1.572840e+02 6.738555e-02 5.373888e-02 -9.962788e-01 5.318634e+00 7.719348e-04 -9.985510e-01 -5.380924e-02 1.825325e+01
-9.977174e-01 1.470820e-03 -6.751157e-02 -1.585149e+02 6.748301e-02 5.803905e-02 -9.960309e-01 5.381418e+00 2.453325e-03 -9.983132e-01 -5.800582e-02 1.823608e+01
-9.978843e-01 -8.615092e-05 -6.501504e-02 -1.597548e+02 6.488784e-02 6.121604e-02 -9.960131e-01 5.450453e+00 4.065771e-03 -9.981245e-01 -6.108094e-02 1.822330e+01
-9.981561e-01 -1.846109e-03 -6.067203e-02 -1.609691e+02 6.042982e-02 6.400049e-02 -9.961185e-01 5.507578e+00 5.721983e-03 -9.979482e-01 -6.377092e-02 1.821559e+01
-9.983018e-01 -2.271477e-03 -5.820924e-02 -1.621510e+02 5.792928e-02 6.657425e-02 -9.960984e-01 5.571878e+00 6.137851e-03 -9.977789e-01 -6.632961e-02 1.821322e+01
-9.984668e-01 -3.237288e-03 -5.525776e-02 -1.633693e+02 5.494016e-02 6.366525e-02 -9.964579e-01 5.611921e+00 6.743819e-03 -9.979661e-01 -6.338979e-02 1.823248e+01
-9.986932e-01 -3.134958e-03 -5.100960e-02 -1.645921e+02 5.072710e-02 6.048343e-02 -9.968794e-01 5.665794e+00 6.210411e-03 -9.981643e-01 -6.024537e-02 1.823376e+01
-9.988214e-01 -3.779820e-03 -4.838939e-02 -1.658548e+02 4.809853e-02 5.659232e-02 -9.972381e-01 5.706099e+00 6.507849e-03 -9.983902e-01 -5.634382e-02 1.824397e+01
-9.987453e-01 -3.252102e-03 -4.997285e-02 -1.670863e+02 4.972906e-02 5.328300e-02 -9.973404e-01 5.747217e+00 5.906156e-03 -9.985741e-01 -5.305442e-02 1.824756e+01
-9.984099e-01 -3.700978e-03 -5.624991e-02 -1.683021e+02 5.598363e-02 5.176082e-02 -9.970891e-01 5.793560e+00 6.601747e-03 -9.986526e-01 -5.147132e-02 1.825498e+01
-9.982780e-01 -3.859136e-03 -5.853295e-02 -1.695252e+02 5.824627e-02 5.309492e-02 -9.968893e-01 5.854369e+00 6.954934e-03 -9.985820e-01 -5.277871e-02 1.824452e+01
-9.984192e-01 -5.181709e-03 -5.596566e-02 -1.707276e+02 5.560884e-02 5.357717e-02 -9.970141e-01 5.900628e+00 8.164718e-03 -9.985503e-01 -5.320432e-02 1.822593e+01
-9.983827e-01 -7.104418e-03 -5.640363e-02 -1.719454e+02 5.592082e-02 5.585251e-02 -9.968718e-01 5.960481e+00 1.023248e-02 -9.984137e-01 -5.536490e-02 1.823831e+01
-9.982889e-01 -8.042483e-03 -5.791931e-02 -1.731767e+02 5.739329e-02 5.487620e-02 -9.968423e-01 6.005894e+00 1.119548e-02 -9.984608e-01 -5.432071e-02 1.826139e+01
-9.983513e-01 -8.334078e-03 -5.679075e-02 -1.743730e+02 5.625068e-02 5.486221e-02 -9.969082e-01 6.052732e+00 1.142398e-02 -9.984592e-01 -5.430297e-02 1.826453e+01
-9.984016e-01 -9.477074e-03 -5.571746e-02 -1.755178e+02 5.510822e-02 5.555331e-02 -9.969338e-01 6.101272e+00 1.254330e-02 -9.984108e-01 -5.494225e-02 1.825423e+01
-9.982766e-01 -1.261450e-02 -5.731292e-02 -1.766635e+02 5.652859e-02 5.559617e-02 -9.968519e-01 6.145786e+00 1.576116e-02 -9.983736e-01 -5.478728e-02 1.826307e+01
-9.981676e-01 -1.428116e-02 -5.880128e-02 -1.778193e+02 5.792605e-02 5.545762e-02 -9.967793e-01 6.183550e+00 1.749615e-02 -9.983589e-01 -5.452874e-02 1.828596e+01
-9.981033e-01 -1.408868e-02 -5.992696e-02 -1.789117e+02 5.904970e-02 5.608648e-02 -9.966782e-01 6.223405e+00 1.740297e-02 -9.983265e-01 -5.514817e-02 1.829025e+01
-9.980441e-01 -1.452933e-02 -6.080276e-02 -1.799980e+02 5.988408e-02 5.697124e-02 -9.965782e-01 6.270909e+00 1.794362e-02 -9.982701e-01 -5.598973e-02 1.829405e+01
-9.979632e-01 -1.497976e-02 -6.200863e-02 -1.810391e+02 6.108459e-02 5.579982e-02 -9.965717e-01 6.305960e+00 1.838848e-02 -9.983296e-01 -5.477113e-02 1.831365e+01
-9.979147e-01 -1.565392e-02 -6.261981e-02 -1.820551e+02 6.164221e-02 5.662411e-02 -9.964908e-01 6.343688e+00 1.914478e-02 -9.982728e-01 -5.554109e-02 1.832875e+01
-9.978556e-01 -1.703851e-02 -6.319699e-02 -1.830418e+02 6.211537e-02 5.790120e-02 -9.963880e-01 6.380855e+00 2.063615e-02 -9.981769e-01 -5.671868e-02 1.835108e+01
-9.978335e-01 -1.772461e-02 -6.335696e-02 -1.839916e+02 6.220844e-02 5.919778e-02 -9.963061e-01 6.420098e+00 2.140973e-02 -9.980889e-01 -5.796690e-02 1.836233e+01
-9.979355e-01 -1.654161e-02 -6.205772e-02 -1.849531e+02 6.100784e-02 5.780907e-02 -9.964618e-01 6.456838e+00 2.007058e-02 -9.981906e-01 -5.668055e-02 1.838160e+01
-9.981433e-01 -1.385305e-02 -5.931311e-02 -1.858736e+02 5.845359e-02 5.586209e-02 -9.967259e-01 6.489323e+00 1.712104e-02 -9.983424e-01 -5.494861e-02 1.839421e+01
-9.983658e-01 -9.699241e-03 -5.631818e-02 -1.867970e+02 5.570523e-02 5.481962e-02 -9.969412e-01 6.525782e+00 1.275691e-02 -9.984491e-01 -5.418973e-02 1.840597e+01
-9.985291e-01 -5.090354e-03 -5.397903e-02 -1.877168e+02 5.360585e-02 5.655690e-02 -9.969593e-01 6.563405e+00 8.127762e-03 -9.983864e-01 -5.620084e-02 1.840456e+01
-9.985777e-01 -1.585769e-03 -5.329176e-02 -1.886222e+02 5.310993e-02 5.807485e-02 -9.968985e-01 6.602886e+00 4.675762e-03 -9.983110e-01 -5.790804e-02 1.840851e+01
-9.985976e-01 2.163305e-03 -5.289806e-02 -1.895533e+02 5.293395e-02 5.851081e-02 -9.968824e-01 6.643008e+00 9.385478e-04 -9.982845e-01 -5.854327e-02 1.840275e+01
-9.985135e-01 3.478356e-03 -5.439392e-02 -1.904620e+02 5.450416e-02 5.810735e-02 -9.968213e-01 6.678301e+00 -3.066130e-04 -9.983043e-01 -5.821056e-02 1.839315e+01
-9.984145e-01 5.723130e-03 -5.599840e-02 -1.913905e+02 5.623089e-02 5.578628e-02 -9.968581e-01 6.710639e+00 -2.581206e-03 -9.984263e-01 -5.601965e-02 1.839634e+01
-9.983723e-01 6.361090e-03 -5.667678e-02 -1.922997e+02 5.694018e-02 5.461209e-02 -9.968828e-01 6.748897e+00 -3.246024e-03 -9.984874e-01 -5.488539e-02 1.839293e+01
-9.984052e-01 7.082122e-03 -5.600720e-02 -1.931996e+02 5.631214e-02 5.484990e-02 -9.969054e-01 6.785820e+00 -3.988217e-03 -9.984695e-01 -5.516124e-02 1.838460e+01
-9.984366e-01 8.461106e-03 -5.525251e-02 -1.941058e+02 5.563711e-02 5.529723e-02 -9.969186e-01 6.822081e+00 -5.379723e-03 -9.984341e-01 -5.568153e-02 1.836374e+01
-9.984660e-01 8.667609e-03 -5.468664e-02 -1.950052e+02 5.510169e-02 5.856254e-02 -9.967619e-01 6.855360e+00 -5.436953e-03 -9.982461e-01 -5.895030e-02 1.835869e+01
