-0.009882440641836904 -0.999845431207842 -0.01453912809269248 -0.0830502832682608 -0.0045588689821902265 0.014584737053537283 -0.9998832344149354 -0.406283766724134 0.9999408175459783 -0.009815004973140803 -0.004702296411700377 -0.331503780864711
-0.0076193877014526035 -0.9998563118857793 -0.015145080060555961 -0.08681219094502506 -0.005830055442779976 0.015189679951020095 -0.9998676002288486 -0.9024293539145909 0.999953991246028 -0.007530082096701718 -0.005944953249567493 -0.3392491523077446
-0.00696200041030199 -0.9998635190775986 -0.01497880282089433 -0.07968635955036689 -0.005244998054245085 0.01501547211966879 -0.9998735154620325 -1.6214482822369893 0.9999620518592794 -0.006882556488925584 -0.005348819609366801 -0.3590584799342474
-0.005219431730928617 -0.9998756841223063 -0.014875392709624517 -0.06280830039618852 -0.0034026914208432784 0.014893267505860593 -0.9998832594229089 -2.6018341237360922 0.9999805665364309 -0.005168206470004561 -0.003480002074931971 -0.37821726428024327
-0.004575809476496301 -0.9998798700871512 -0.014804549522918608 -0.04812170595908503 -0.003421486519490784 0.0148202722045985 -0.9998843428103111 -3.3440573216898803 0.9999837425823311 -0.004524626678800629 -0.0034888896281021963 -0.3855851357264636
-0.0041441427502633705 -0.9998656943556052 -0.01585548120967275 -0.042213806244781917 -0.002311531806584308 0.015865153228888252 -0.9998714569312321 -4.053849612426645 0.9999887359028757 -0.004106958635568194 -0.0023769684786248803 -0.40345060542147715
-0.002753094576671971 -0.9998291819014397 -0.018275547906536044 -0.03539548483160484 -0.0017934500848257263 0.018280523753641274 -0.999831264797207 -4.745423388228751 0.9999946492123645 -0.0027198547687600294 -0.0018434711769692998 -0.3990628618356044
-0.0029409036751108517 -0.9997496745398476 -0.02217874753233611 -0.03153306939603694 -0.0007020957726187985 0.02218090247792845 -0.9997537709301086 -5.423951279479171 0.9999954648879404 -0.002924608017259844 -0.0007671508028175938 -0.39203742544480713
-0.003988246310893272 -0.9996698428161818 -0.025379750994238996 -0.027608320627065523 -8.867230781796183e-05 0.02538031573389745 -0.9996778606868958 -6.053384743415893 0.9999920389144428 -0.0039847113237743955 -0.0001898654230041796 -0.40443678010282974
-0.004942787127263909 -0.9996226573164909 -0.02701995780453164 -0.0272723593636646 0.00023223305370762804 0.02701914032561751 -0.9996348791923929 -6.645097597430213 0.9999877831532105 -0.004947257731683188 9.859680164640808e-05 -0.39452192090971033
-0.004615946750826792 -0.9996166636334861 -0.02729691492827778 -0.020634569064076548 0.0014803067644591525 0.027290341644455703 -0.999626411864819 -7.2400610610092775 0.9999882542845737 -0.004654630151841609 0.001353770106371094 -0.4098962553241052
-0.0035907941893007743 -0.9996809092313859 -0.02500122376604014 -0.017485102101918462 0.0021557958710026067 0.02499359036568446 -0.9996852718980902 -7.7843205505040896 0.9999912207337716 -0.0036435606619252764 0.0020653618236163153 -0.4141560236112971
-0.003752867623661396 -0.9997351238628428 -0.02270561060675686 -0.01867261338501868 0.003796556185873663 0.02269136328269305 -0.9997353047434431 -8.316684950497178 0.9999858453207627 -0.003838077517571155 0.003710393340968356 -0.42041851219232323
-0.004956287371157464 -0.9997578022866135 -0.021437911436940446 -0.017839260481475064 0.005034486668206553 0.021412956256812152 -0.999758059303652 -8.82281290721185 0.9999750438823761 -0.005063016778767054 0.004927139114345313 -0.40700635219761155
-0.008535948138209546 -0.9997692119765745 -0.019710422108293924 -0.00879798816691324 0.007028441337867987 0.019650668186189702 -0.9997822238213439 -9.30582696323252 0.999938961466529 -0.0086726231160047 0.006859079952019846 -0.4005904601669266
-0.010328795541429904 -0.9997743016763757 -0.018560462077432466 0.00023488318186851154 0.00835769325003241 0.018474489283943102 -0.9997944106834312 -9.747073263881772 0.9999117851005906 -0.01048179523279816 0.008164989957486808 -0.39365271239647354
-0.005546401850203398 -0.9998492064418073 -0.01645246031920301 0.0031849388024717817 0.010176133306811034 0.016395426136711765 -0.9998138519522504 -10.165904311819883 0.9999329069867018 -0.005712791648355594 0.010083665713491638 -0.4058377598971765
-0.0020451567738259072 -0.9998704631717762 -0.015964705682227298 0.00790673143246877 0.013809855302853617 0.015934976213027988 -0.9997776909530858 -10.530692501147506 0.9999025804890013 -0.002265172120115652 0.013775476560797924 -0.4086873870626967
-0.0010109840539565054 -0.999863268080581 -0.016502665243324333 0.005321010264904599 0.016820712875506835 0.01648333545345074 -0.9997226170139796 -10.882397145823655 0.9998580849799763 -0.0012882902904971351 0.01680174760050577 -0.39709690663035024
-0.004974191829189494 -0.9998355579327534 -0.017438477431327534 0.01139398352658047 0.02110624311559112 0.017329836563322557 -0.9996270479657539 -11.192654891640258 0.9997649102283892 -0.005340396914061486 0.021016570265866938 -0.38148412441759105
-0.009383778040881748 -0.9998120530833462 -0.016960085610831486 0.01606528192890727 0.023318330514379912 0.016737427375701244 -0.9995879773444516 -11.474654335757627 0.9996841102919084 -0.00977539307972054 0.023156887965180506 -0.36137465125221674
-0.012693655673501579 -0.9997454700672659 -0.018650394321875898 0.022329858749653167 0.026106810430509584 0.018314178826029807 -0.9994913809762818 -11.742215551345373 0.9995785810085097 -0.013174101234974743 0.025867683847471776 -0.34483185211952033
-0.013699377956033033 -0.9997148686299635 -0.0195587391814811 0.02383328196732762 0.028038786118628405 0.019168805844918882 -0.9994230499019469 -11.979224871443947 0.9995129706513224 -0.014239877350509671 0.027768190111114144 -0.3170486942202639
-0.012660113988442294 -0.999747089814484 -0.01858774630116207 0.029109727221202683 0.030581680432251224 0.018193408558603387 -0.999366624161166 -12.182519345220244 0.9994520917058426 -0.013220539773939012 0.03034361742983891 -0.3202306598437627
-0.012638723816895342 -0.9997625738053256 -0.01774902519470191 0.03347284060574901 0.032184993556438925 0.01733450026555365 -0.9993315420626967 -12.340065230936643 0.9994021061976694 -0.01320152826632745 0.031958263551341695 -0.31645799214381803
-0.010431618420737511 -0.999803075168996 -0.016877179917413044 0.03500106094706852 0.03440682884805165 0.016509216400604876 -0.9992714888303003 -12.490453513933572 0.9993535414706775 -0.011004710364231878 0.03422783442013264 -0.3154630322659047
-0.007891559246582623 -0.9998306027313106 -0.016627062160818225 0.03856190924146349 0.0363437709580897 0.016329815870897213 -0.9992058855679702 -12.636152876887198 0.9993082971534922 -0.008489583971574753 0.03620874737568541 -0.3343652052158224
-0.006872755147387787 -0.9998549950507896 -0.015579984069258696 0.042065296862513826 0.037993243497907635 0.015308009359306674 -0.9991607749803636 -12.796004385722249 0.9992544116514972 -0.0074589212256428415 0.03788252078808112 -0.3313263110640284
-0.007189328272773612 -0.9998704594696245 -0.014401343121525294 0.045696850149112275 0.040048005149540655 0.014102265111211137 -0.9990982377537201 -12.938403018024244 0.999171965910057 -0.007759591127530091 0.03994142456156248 -0.3187746863979738
-0.008170358057320472 -0.9998830921116086 -0.012924252182416131 0.04552082700861049 0.0416299601671069 0.01257336380131094 -0.9990540058441999 -13.11024612132627 0.9990997462745631 -0.008700665015961338 0.04152236225600953 -0.2999332417103056
-0.00848797413514258 -0.9998928953706797 -0.011923351820674877 0.047587223665140746 0.04323458951060701 0.011545669643589551 -0.9989982029644591 -13.237526854120398 0.9990289342258284 -0.008994972685606716 0.04313196249155303 -0.30081899121307254
-0.008571492305200141 -0.9999100362988953 -0.010313500429773196 0.050088903276897426 0.04446538945717654 0.00992254954514839 -0.9989616637468695 -13.385782636912973 0.9989741861078008 -0.009021185675746177 0.04437633876005175 -0.3002429135116215
-0.00795436180291855 -0.9999304074061217 -0.008711511660783032 0.04881102113426379 0.04618041508062497 0.008335158383962841 -0.9988982729745778 -13.50024255902111 0.9989015225042595 -0.008347900374161344 0.04611090741895572 -0.3040325437131389
-0.007951075570808477 -0.9999482155713834 -0.006340168713641626 0.05280779122123934 0.04677105176793846 0.005961545090102652 -0.9988877851141255 -13.635915788655481 0.9988740640666316 -0.008238769905725203 0.04672123748070582 -0.2988369334888245
-0.008487914375275367 -0.9999578747133391 -0.003465774769523334 0.054795206281852776 0.04759408336214216 0.003057982198578927 -0.9988620966345023 -13.790457781524127 0.9988307783934604 -0.008643206773413318 0.04756612447669644 -0.28859004287790324
-0.009454997029785549 -0.9999531245861273 -0.0020701104972940523 0.05560872188257003 0.046912028159749056 0.0016243484528290532 -0.9988976674499153 -13.915574311673394 0.9988543200187251 -0.009541688090489497 0.04689447822695649 -0.2770754198407608
-0.01013076835230904 -0.9999485469127243 -0.00039697515272858145 0.06174018306372313 0.04503981597722386 -5.972156517418219e-05 -0.9989851932168217 -14.040863647138973 0.9989338747146533 -0.010138367351502168 0.04503810081748323 -0.27372690512938436
-0.01036721153768827 -0.9999460902380395 0.0005518617232503267 0.06260363207889431 0.04202992719892921 -0.000987161569596981 -0.9991158543551345 -14.166380825930553 0.9990626198050615 -0.010334850851663645 0.042037891907285255 -0.27474516721583303
-0.009938650036579757 -0.9999491253491176 0.001664808276639648 0.062284478485850225 0.0381682375841627 -0.0020430423193126815 -0.9992692847936461 -14.298015378613176 0.9992219671541611 -0.009867845001945425 0.038186602155892445 -0.2766276891558045
-0.009706780167247436 -0.9999500606452136 0.0023536629412909656 0.059080956733218115 0.03295125533093924 -0.0026723596579180985 -0.9994533397787172 -14.411618700663784 0.9994099015478293 -0.00962391894937177 0.032975550575165526 -0.2810796661066521
-0.009870800477409633 -0.9999469644541916 0.0029200899011443196 0.06317837396680587 0.026317460676989472 -0.003179005311654004 -0.9996485658099076 -14.522930173853448 0.9996049645489854 -0.009790482736599507 0.026347440689063636 -0.2879246578499879
-0.009777644646661015 -0.9999446683273406 0.003867983715451674 0.06815532442082392 0.01901862130178459 -0.004053433436144013 -0.9998108599063287 -14.647983348196526 0.9997713613675377 -0.00970223238476859 0.019057203652805024 -0.2925459300793997
-0.009752154730890479 -0.9999410646780514 0.004760029001415477 0.06776753607916813 0.011179970390957852 -0.0048689949925942305 -0.9999256187141546 -14.750987025355675 0.9998899254688695 -0.009698212466755922 0.011226795863484712 -0.30008262124198837
-0.010236044126281804 -0.9999281815744175 0.006224592568395887 0.07040309955814203 0.0012720261773670203 -0.00623792770410534 -0.9999797508555188 -14.894213820402149 0.9999467825767766 -0.010227918805438238 0.001335785830387143 -0.2978899098896617
-0.011053466367902758 -0.9999078175040792 0.007880983802292785 0.07087784214243802 -0.011025959060055738 -0.007759114322068212 -0.9999090782539346 -15.04482189059094 0.9998781630700921 -0.011139357063653087 -0.010939176310029029 -0.3030122847708875
-0.012367519310834484 -0.9998720888832903 0.01013766299592154 0.07635836115735638 -0.0267398824113909 -0.009804100847242774 -0.9995942941822945 -15.235640826197079 0.9995659477686197 -0.01263358275676828 -0.026615211841922743 -0.3267359004746421
-0.0121541196305111 -0.9998599549234305 0.011498855091105292 0.08459698851435053 -0.0467255536865541 -0.01091922811554065 -0.99884810807271 -15.419477508805945 0.9988338465626735 -0.012677409008757901 -0.04658630225394826 -0.3540288677978324
-0.010994496817503509 -0.9998768122611225 0.011198786500702374 0.0891049406627391 -0.06804338254047704 -0.010425397818773174 -0.9976278738947733 -15.601372730364908 0.9976217968535942 -0.011730419439165928 -0.06792038256372332 -0.38875775650103056
-0.010190918104368937 -0.9998932768764188 0.010460621723225354 0.09547852633372503 -0.09111561833048959 -0.009489091260920793 -0.9957950895830368 -15.820100616608315 0.9957882718886159 -0.01110119252203253 -0.09100918663471026 -0.4420853365861063
-0.009057075030105263 -0.9999111423010181 0.009785300350294618 0.09749222332515692 -0.11715081947123425 -0.008657273866313462 -0.9930763622545742 -16.07003424447235 0.9930728411226953 -0.010140722381617768 -0.11706193910358127 -0.5035633803267772
-0.00832592164890254 -0.999927765000497 0.008661921947654347 0.10068684942792408 -0.1479560337372382 -0.007335008475460956 -0.988966661904675 -16.30883180393484 0.9889589674989308 -0.009515643770077407 -0.1478843688756365 -0.5756655484769313
-0.007879650227619961 -0.9999508561512562 0.00600780764050506 0.11089848998091822 -0.18101461567592028 -0.004482391289966596 -0.9834702318179237 -16.573104750993537 0.9834488308859876 -0.00883690290853905 -0.18097033948241342 -0.6334214391790727
-0.007368641912997699 -0.9999689915709158 0.0027741773760952323 0.1146086141921255 -0.217336767662088 -0.001106422612392046 -0.9760960623603929 -16.848083233659157 0.9760688656210508 -0.00779543349847183 -0.21732197047461024 -0.7160186715685366
-0.006365122010884455 -0.9999783804409311 -0.0016220477377442092 0.11792275361961933 -0.25656192652466353 0.003200869526270804 -0.9665225514624076 -17.105547209861157 0.9665068882977167 -0.0057358778727475005 -0.2565767995153863 -0.807911805524803
-0.003456465841570123 -0.9999781840490082 -0.00562101683390877 0.11345987997181044 -0.2979709127474619 0.006395624535722259 -0.9545535343609974 -17.399671009554694 0.9545687598246339 -0.0016244816425392316 -0.29798651169415213 -0.9451022077532124
-0.001115381991533459 -0.9999532572024962 -0.00960288273160421 0.11865605772134753 -0.33961671592608195 0.00941091610446223 -0.940516846869983 -17.699150127374494 0.9405633348326211 0.0022122627734090933 -0.3396113091129288 -1.0895263111886757
-0.0016543163782410508 -0.9998906747264737 -0.014692764213444 0.11865614099331481 -0.3824011162733592 0.014208623732862009 -0.9238872221318958 -17.94227960588974 0.923994965694913 0.004090126108756325 -0.38238282035462096 -1.2662923725852506
-0.0012530238701828197 -0.9997833512213176 -0.020776403205828735 0.12477015627499057 -0.425615194767697 0.019333857376739087 -0.9046976768737688 -18.267721725247107 0.9049034524354912 0.007709147115591118 -0.4255472185065563 -1.4333122796826836
-0.0006443522171074101 -0.9996575676261028 -0.02616043946135855 0.1248201722919149 -0.4687214086705205 0.023410640270650117 -0.8830358543537329 -18.5925651528661 0.8833459614732924 0.011692971048673121 -0.4685759620535427 -1.6247059451761705
0.0012825033848222357 -0.9995588638521472 -0.029669259167984484 0.11678847965192926 -0.5118144567573506 0.02483263717392797 -0.8587370882050634 -18.879757349781165 0.8590951503944332 0.016286492175446702 -0.51155687355875 -1.8596475728549757
0.0025027777003628696 -0.9994912036485805 -0.03179735465423839 0.11562580564286035 -0.5554950744582184 0.025050593127970304 -0.8311423921825335 -19.177332705329892 0.831516089393119 0.01974344311120588 -0.5551496748283331 -2.1009489527516276
0.00401932239693613 -0.9994428942409546 -0.03313248142069304 0.09819657227003194 -0.599257101537529 0.02411721685294014 -0.8001932279217101 -19.402210632830435 0.8005465710866722 0.02307111011718809 -0.5988262532498764 -2.3723479410515695
0.0053754096971154255 -0.9993466803707519 -0.03573795534027682 0.08765308713393358 -0.6419202865977611 0.023954536778824247 -0.766397148808754 -19.637482147047606 0.7667525915577871 0.02706061362611056 -0.6413720914759397 -2.686914562820178
0.006427224533195008 -0.9992603810136862 -0.037911343887761254 0.06989340609164385 -0.6827990864812019 0.023312893752378265 -0.7302341281637801 -19.917907088598174 0.7305779370416862 0.03057922035939769 -0.6821442802855733 -3.009543210017072
0.004920699317197418 -0.9991590884552082 -0.04070370117937201 0.0567778086819405 -0.7221212812484551 0.024606987449821024 -0.69132870621214 -20.142916377350314 0.6917489546804099 0.032794835682958476 -0.7213929427670186 -3.3558475556680976
0.002888736582419839 -0.9991358816700572 -0.041462701227565214 0.05591022870465302 -0.7594856225187364 0.02478037679593869 -0.650051925565127 -20.422271995297887 0.6505177187560307 0.03336815202755197 -0.7587577533783585 -3.741760006833902
-0.002038574997196705 -0.9990937574805192 -0.04251465396791564 0.044295143502105436 -0.7935441564936473 0.027486915007367156 -0.6078916337153947 -20.687327728431484 0.6085093878753489 0.03249802401406239 -0.7928809700101704 -4.1262146910204045
-0.006780784349547975 -0.9989654940462404 -0.04496445566813951 0.03767835274808454 -0.8261616121855307 0.030930290257792994 -0.5625836325872844 -20.875013245960545 0.5633925011418378 0.03333315420701199 -0.8255166869082451 -4.532804419584546
-0.00812418988687352 -0.998935512892109 -0.04540643581521788 0.014324568560663817 -0.8561481640530033 0.030410099325087703 -0.5158348525169723 -21.117040799891583 0.5166665537864377 0.03468389686676551 -0.8554838374382141 -4.973550406557157
-0.00943484658912818 -0.9989906332287672 -0.043914570169126206 -0.011257616558302833 -0.8842766947855021 0.028839473763504913 -0.4660719136877383 -21.271803976125785 0.46686801534276245 0.03443531399074417 -0.8836563291743765 -5.435098326701905
-0.013189052817593045 -0.9989521644156675 -0.04382295057299441 -0.024151258538760934 -0.9098295537586769 0.030169022966965456 -0.4138841966810215 -21.448945391967918 0.4147726783148869 0.034412671898218034 -0.9092741381493724 -5.922547312269322
-0.018338972426406544 -0.9989045675015366 -0.04305044155828439 -0.03649805087039618 -0.9320212836965103 0.03266622724258331 -0.3609285393844239 -21.60190906014407 0.3619394693518608 0.033504875344217915 -0.9315993478161768 -6.446039912127935
-0.01975284129956223 -0.9989362185116024 -0.04166822183080417 -0.04198009364540221 -0.9511165864453307 0.03162174775526429 -0.30720890207233903 -21.73217850310012 0.3081997242467506 0.033563090534432 -0.9507294514557022 -6.95398410651143
-0.020527518019117612 -0.9987837086711151 -0.044828171188123725 -0.07907902693236674 -0.9667881965772309 0.03125491379568367 -0.2536606175331604 -21.84537479497081 0.25475322895997915 0.03813231922698695 -0.966253931776566 -7.5283135323475
-0.023094548852632832 -0.9985648713846799 -0.04831925573735196 -0.10279763651095633 -0.9787948535039586 0.032424441031045775 -0.20226061062935446 -21.949834181780123 0.2035370775554673 0.042623518651422956 -0.9781389511784131 -8.117148299544958
-0.027979001292045648 -0.9984009304923267 -0.04911900447290943 -0.0987935463812367 -0.987357790799295 0.035272219950747884 -0.15453342880658735 -22.02278287363466 0.15601887264092842 0.04417434592469498 -0.9867658186587022 -8.703835741272822
-0.02963896275356897 -0.9983307917949318 -0.04956814006010533 -0.13241555768236116 -0.9934226205010619 0.034907939111861644 -0.1090550813728063 -22.085401894967767 0.11060332141977303 0.04600983809192194 -0.9927991463582926 -9.36357354972586
-0.030444385123724677 -0.9984049477354618 -0.04754658159994094 -0.14622389553157913 -0.9970933574824026 0.03365951073101264 -0.06835256154718745 -22.08316431050365 0.06984393485729405 0.045327429216928575 -0.996527595607288 -9.983342775387811
-0.02688546228815694 -0.9987296681841988 -0.04261511493779255 -0.17161984574390488 -0.9990700032863543 0.0282832923474074 -0.032544900108238344 -22.09870261844269 0.03370885197574065 0.0417005030744592 -0.9985613400592505 -10.664867362719065
-0.024662902843681674 -0.9988417092525427 -0.04131525184110915 -0.2079815517821646 -0.9996805195425934 0.02487003721796873 -0.00450697562960739 -22.05824515774677 0.005529267406962063 0.04119089328072652 -0.999136036374287 -11.325419738717539
-0.023472239696059403 -0.9987003436149069 -0.045239844610111456 -0.23052141322480207 -0.9995715213734075 0.022653015992264353 0.018536917621087494 -22.020622058701132 -0.017488011178848045 0.045655571321211175 -0.998804093296205 -12.026461813658505
-0.024638605721287905 -0.9984227862876321 -0.05044649646983421 -0.2615994972515131 -0.9992057493584878 0.023014273451491034 0.03253072303415595 -21.999239978963885 -0.03131843045055744 0.05120793762052125 -0.9981967647302031 -12.76066088419811
-0.025493005208323857 -0.9982773970908039 -0.05284192129723064 -0.28549170005402486 -0.9989049105836554 0.023363253597358868 0.04053746198356461 -21.96310491990329 -0.03923307412247231 0.05381747222812327 -0.997779708389035 -13.518701459241532
-0.025935121761144986 -0.9984266022412467 -0.04971460275582967 -0.31425945877422773 -0.9986960905999418 0.023690469595575227 0.04522016384871791 -21.900845151876016 -0.04397125779711716 0.05082256821268893 -0.9977392728344302 -14.268279557615616
-0.032464676429124664 -0.9984623335598467 -0.044932834231375146 -0.35846647302740303 -0.9985194243044526 0.03043771338469033 0.04508282576018291 -21.8835996088049 -0.04364586400249657 0.046329910410843 -0.9979722669555657 -15.047079360315857
-0.042458400988044036 -0.9981152424746704 -0.04430939241980261 -0.37184771288381496 -0.9983819897818622 0.04070721332017811 0.03970287413057649 -21.839341385036395 -0.03782433966420897 0.04592342236136997 -0.9982286123321341 -15.872177328260559
-0.04423934531722218 -0.9980553962144548 -0.04391237814758988 -0.4081004877374953 -0.9985150899744796 0.0427755697834562 0.03373228075281264 -21.80768610741105 -0.03178831885862042 0.04533946619390472 -0.998465734466234 -16.711840083663226
-0.0418198994321413 -0.9982283698613327 -0.04232217818105198 -0.4456850482206211 -0.9987777017528074 0.040650718414878995 0.02811947769722957 -21.746408934498792 -0.026349238686680963 0.043446400907450694 -0.9987082489827375 -17.5616337823494
-0.045806621022542224 -0.9982406388672852 -0.03764839790198553 -0.4516227529808048 -0.9986696605097521 0.04486790906852646 0.025411899593268634 -21.7260957540759 -0.023677984364266127 0.0387623422733136 -0.9989678880459842 -18.435839690082908
-0.043420973273509564 -0.998664965882611 -0.02798108673858491 -0.4625296065994187 -0.9988115982588243 0.04277260678801098 0.02336833319576007 -21.707250662726192 -0.022140312747989874 0.028962510542651518 -0.9993352635145014 -19.32296292865481
-0.036783624311325445 -0.9991299845454368 -0.01965329980943433 -0.49026246765757975 -0.9990991804665074 0.036351829935004756 0.021893703250047494 -21.68425042719133 -0.021160222656766817 0.020440922833361852 -0.9995671156236793 -20.240913183182826
-0.0322858669997307 -0.9993298687087693 -0.01724127668306585 -0.4823015224397042 -0.9992421384648061 0.03189809580993659 0.022310916059585875 -21.67137247510062 -0.02174600294409453 0.017948531671995033 -0.9996023988102061 -21.148233336169902
-0.023571464346487117 -0.9994779047082639 -0.02209763994974206 -0.4994421953517292 -0.9993998273461178 0.02299684817030921 0.025906685540973917 -21.64699207071205 -0.025384982375677958 0.022695035638362747 -0.999420155823822 -22.09716763438209
-0.018759049506980097 -0.9993706162285055 -0.030106901875077637 -0.5192466394298291 -0.9993806289224988 0.017845489613708847 0.030330955921405583 -21.62300597236152 -0.029774598889546033 0.030657230766063075 -0.9990863951067287 -23.055068309221177
-0.016855423786230596 -0.9990490345481916 -0.040210348423143305 -0.5639279226792022 -0.9992628119555184 0.015444411639851247 0.03514699750628539 -21.59502875649716 -0.0344925614411436 0.04077311767956613 -0.9985728378536206 -24.040984330113528
-0.014629339058295499 -0.9986967503983759 -0.04889581776071707 -0.5882963726780926 -0.9992502963961493 0.012849336942573716 0.03652213561048975 -21.532361625375636 -0.0358462654620683 0.0493934616703256 -0.9981358868842782 -25.014930066762716
-0.016971621618035043 -0.9982539614433394 -0.056576222377680015 -0.6225463019790133 -0.9991768514646411 0.01484768736445339 0.037752386027445475 -21.508803495343972 -0.03684644791420618 0.05717037371485164 -0.9976842960464185 -26.024666231381705
-0.017590830080251394 -0.9980987733025882 -0.05907105939916639 -0.6578342203929243 -0.9991077832763519 0.015278350475862682 0.03937345706085125 -21.436926911124857 -0.03839609109819687 0.05971097101969509 -0.9974769455956113 -27.066923588841714
-0.015900547599458283 -0.9982727352762989 -0.05655595668599926 -0.7174217612688676 -0.9991089169853903 0.013651175666536293 0.03993886142600685 -21.38779624826481 -0.03909781892251596 0.0571406080258658 -0.9976002126430782 -28.06355366555503
-0.011545204878110102 -0.9985816198201871 -0.05197616394592962 -0.7379046271593623 -0.999009605522522 0.0092851844386445 0.043515261832961685 -21.301852618016216 -0.04297093681481005 0.05242708082198347 -0.9976998035605343 -29.099554409389647
-0.010036528421660054 -0.9988221316127186 -0.047471232644701766 -0.7623568887547973 -0.9988640166135547 0.007802728200290528 0.04700927605696921 -21.27322358091371 -0.04658349785778257 0.047889115371029814 -0.9977658567786305 -30.12052947058163
-0.013680928391780629 -0.9990280778011893 -0.04189963911039426 -0.7903557051185603 -0.9985912979127667 0.011502420493869563 0.051800274226449075 -21.189249678596102 -0.05126798420921257 0.04254929489287145 -0.997778110102089 -31.165674845404084
-0.011273977645060744 -0.9991470929364703 -0.039722391438023995 -0.8180669802266446 -0.9982961628872288 0.008972166974857107 0.057656469252243416 -21.14356930883111 -0.057250902131232476 0.04030473090292851 -0.9975458653297964 -32.2152727337669
-0.01211088717941021 -0.9990366694787112 -0.04217741574096848 -0.8450282924974221 -0.9978640770584143 0.009367266962639528 0.06465011016270074 -21.052565819126798 -0.06419275855212409 0.04287029772110971 -0.9970162617832294 -33.25887865917643
-0.010063086720618905 -0.9988705593064852 -0.04643664933559456 -0.8724929899223646 -0.9974205001471022 0.006726122489556072 0.07146514748259185 -20.966752630531644 -0.07107210053640009 0.04703602072142503 -0.9963615577689372 -34.32433725269667
-0.009165890363018458 -0.9987520623996101 -0.04909540307398763 -0.9079528503773535 -0.9968622577619073 0.005266104446858023 0.07898085398546809 -20.842563931016926 -0.07862375622628852 0.049665293947123754 -0.9956664910838394 -35.381237302070474
-0.006238265272489 -0.9986466830352524 -0.05163081611133368 -0.9463728661649665 -0.9965575488590137 0.001940148402618076 0.08288205851533842 -20.740661971777534 -0.08266973022521881 0.05197011711714973 -0.995220949130129 -36.44061910420625
-0.0020637792177886664 -0.9985421304084345 -0.05393886625877198 -0.9840375890654884 -0.9963030514117083 -0.002579375981751099 0.08587060314991857 -20.632863922084987 -0.0858845425946307 0.05391666671672557 -0.9948451348004601 -37.520644964657855
0.0016638207379133605 -0.9984964005237144 -0.05479136789160584 -1.0269414318061196 -0.9962483233174139 -0.006395951521597176 0.08630469228514312 -20.526907811606357 -0.08652537925560295 0.0544422084315475 -0.9947610392163162 -38.5908073415808
0.0036693661149451474 -0.998481578464734 -0.0549647779572874 -1.0627244404397937 -0.9960200573448549 -0.008544154953629101 0.08871897823383933 -20.428147157584828 -0.08905389418006235 0.05442047906146849 -0.9945389611613159 -39.66803187569911
0.005185316129242765 -0.9984408136227043 -0.055578786736713855 -1.1080000356936794 -0.9958871663801748 -0.01018355006410495 0.09002870736647102 -20.31221816715871 -0.09045433518526752 0.054883365285294236 -0.9943871460651377 -40.7443628348589
0.0064294935713667505 -0.998466481909393 -0.05498345692893526 -1.1423246564328293 -0.9958439496779256 -0.011388647217620153 0.09036195789221355 -20.202125107190962 -0.09084958370887988 0.054173961932737276 -0.9943900663537466 -41.81373283078094
0.007769828221527263 -0.998470752579137 -0.05473271326863954 -1.1736569589229693 -0.9956490044705902 -0.012807358185639234 0.09229865974028902 -20.091786801237536 -0.09285849584195222 0.05377742909958815 -0.9942259900358881 -42.89836817846773
0.011870955954353423 -0.9985241445715273 -0.052994751552686695 -1.2037341005622466 -0.9955533813790853 -0.01675537871492208 0.09269730013967095 -19.976176297032175 -0.09344845000756861 0.051658698775755546 -0.9942830572394312 -43.96282640198362
0.016628034316126465 -0.9986731699906954 -0.04873791379395725 -1.2414519330083922 -0.9955020371816032 -0.021082902750177816 0.0923650828336066 -19.851145598232254 -0.09327007098201673 0.046982850940055484 -0.9945317215659488 -45.03425565181856
0.018709889157775772 -0.9986924973111214 -0.04757182254115136 -1.287633434579437 -0.9954825430721318 -0.023037251180600286 0.09210816531924962 -19.731392378868644 -0.0930836722766036 0.04563358447301779 -0.9946120479771756 -46.153714949813086
0.019142778363293877 -0.998469070196369 -0.051893971822133955 -1.3196378606388746 -0.9956641987948347 -0.023763205490767977 0.08993429942292215 -19.615015546078496 -0.0910297918824494 0.04994738197036412 -0.9945948628725259 -47.27017575188515
0.019077906675484042 -0.9982853887578883 -0.05533787995376576 -1.3605251623232995 -0.9957401751771743 -0.02396475722100925 0.08903531501819102 -19.502639502093594 -0.09020882380462425 0.05340354450187253 -0.9944900494544748 -48.37912192165605
0.01842782652797667 -0.9983086927231652 -0.05513751613630685 -1.3867954907851938 -0.9959404484456242 -0.02318790169700241 0.08697657648721245 -19.40085495956634 -0.08810800064211766 0.05331090017887236 -0.9946833548309744 -49.47350326331606
0.018167756989116147 -0.9983780803633923 -0.05395522764229179 -1.4344385437837996 -0.9961169942765422 -0.02272334083341475 0.08505716676005212 -19.305651921715175 -0.08614525268966064 0.05220041728980315 -0.9949141761557013 -50.585005989808224
0.02172813521819906 -0.9982819163948117 -0.05441481370457181 -1.4774930386748033 -0.9963290586122218 -0.02612921302396229 0.08152107367162438 -19.202196209259863 -0.08280284121497086 0.052443766208412415 -0.9951851421942368 -51.68215754547093
0.025945883136515028 -0.9981347970342861 -0.055260166685929646 -1.5301571051323826 -0.9967010076345363 -0.03008193296301815 0.07538036523785896 -19.111738049554763 -0.07690211097111918 0.053122058558495805 -0.9956225201734968 -52.802047012177205
0.02915400083597961 -0.9980266653488229 -0.05561135357491428 -1.5664318955443437 -0.9970490903399816 -0.032987895256796566 0.06931732845177759 -18.999857974975022 -0.07101506468431808 0.053426372829129806 -0.9960434655791831 -53.95558092854418
0.030898287388261166 -0.997994242716409 -0.0552511572615032 -1.6039187453268524 -0.9974782683193016 -0.03432152049760226 0.06212196095723454 -18.918529276686854 -0.06389366634485397 0.05319236545181951 -0.996538086890659 -55.0725211930645
0.030792452269546793 -0.9980543096073593 -0.054216721089170375 -1.6464572849677643 -0.9977960534827615 -0.03388373243384101 0.057052774320318814 -18.838836266058188 -0.05877882941902479 0.052340442841483995 -0.9968979698357059 -56.20047746885982
0.02997630245612546 -0.9980831291334364 -0.05414303699812592 -1.683475227985234 -0.9981569821555865 -0.032750021624929994 0.05109045794682635 -18.76733059035718 -0.05276571110806188 0.052511741378563286 -0.9972253508311953 -57.341814428428776
0.029372714767252138 -0.9980871835983559 -0.05439744054227876 -1.7242068465735465 -0.9984295139794116 -0.031893024282762326 0.046057890915915875 -18.714331448314855 -0.04770470556793809 0.05295916669057734 -0.9974565804844898 -58.46845176849562
0.026467725083935474 -0.99806331161583 -0.05629420624193599 -1.757628583779168 -0.9987133993067795 -0.028837705120158534 0.04171265496534639 -18.661085398061125 -0.043255270926108536 0.05511773909836048 -0.9975425299637769 -59.6055945172889
0.02806249742445662 -0.9979901881854419 -0.05681649314093913 -1.8101850673513362 -0.9988893198757993 -0.030149327322434805 0.036211359778514474 -18.595350442187886 -0.03785156817991995 0.05573719667025877 -0.9977277601020218 -60.739259633722874
0.02730530940529136 -0.9980649299127508 -0.055864568067928645 -1.851001008209668 -0.9991197939438545 -0.029029228787757124 0.030283674059886977 -18.548662370534608 -0.031846775653582515 0.0549884934095686 -0.9979789606175341 -61.90213770498656
0.028028952304090457 -0.9982583900569881 -0.051909046001864745 -1.896930607029277 -0.9992446768830316 -0.029379359433415 0.025436927199518018 -18.52313510855053 -0.0269176842350042 0.051156858161924654 -0.9983278028706756 -63.0571997160564
0.027654982686618076 -0.9984927166345413 -0.04740643892521419 -1.9289815792113494 -0.9993598242345259 -0.02869367990476948 0.02137191042494687 -18.48942461128274 -0.022699964471573315 0.04678503954953049 -0.9986470227818486 -64.20703843955822
0.02902832461277186 -0.9984967980058248 -0.0464921656188009 -1.9671931101965723 -0.9993873559995511 -0.029901069598817727 0.018187622489156098 -18.45161919171788 -0.019550450787543798 0.04593572556907177 -0.9987530750139542 -65.33945595852167
0.028019699235535322 -0.9984471256871723 -0.048148273678747036 -2.001459385773917 -0.9994745926501366 -0.028768609259569568 0.014932159111011702 -18.42550817152297 -0.016294130294496445 0.047704586242894996 -0.9987285799759658 -66.50508583480521
0.027181072205121344 -0.9984584632776442 -0.048391986937991766 -2.0278240690734113 -0.9995411772836715 -0.02779417369841256 0.012041922941328354 -18.392568256151602 -0.013368377006419341 0.04804247060330524 -0.9987558785067088 -67.67204226102403
0.028465141887096007 -0.9984262230871745 -0.04831921801525602 -2.0662974839637664 -0.9995195622253489 -0.0290228479917603 0.010879824746090613 -18.355777583167235 -0.012265065337670333 0.04798630444704864 -0.9987727438953357 -68.83846327496178
0.029804361870088503 -0.9983526819767119 -0.04902711786157756 -2.1052924329269143 -0.999493052217701 -0.030315958876767548 0.009724480832613578 -18.32692472390492 -0.0111947666685494 0.048712437697384925 -0.9987501029933211 -70.00526578488389
0.03034674974284495 -0.9983481784846467 -0.04878510503996896 -2.137640995183418 -0.9994821529375141 -0.030831443520079656 0.0092135857293649 -18.305063612342583 -0.010702483110072086 0.048480248382965024 -0.9987668362227654 -71.17174982476844
0.031101501326751567 -0.9983804870677658 -0.04763467521906647 -2.173404706780236 -0.9994717617163666 -0.03151444488621667 0.007942447019098917 -18.27728641937604 -0.009430766096512949 0.04736249618801608 -0.9988332964405349 -72.34632873923344
0.03026877178127263 -0.9984750507484417 -0.04616739585349798 -2.197317368658606 -0.9995157949761356 -0.030569204857087626 0.005815277070453062 -18.27041684467772 -0.007217710644466409 0.045969014065250544 -0.9989168169241851 -73.53089189612382
0.02704925971316787 -0.9985342374653848 -0.04687857546337046 -2.2394649864281897 -0.9996100676541553 -0.02734418250523314 0.0056613620123848315 -18.299458541803457 -0.006934921940918077 0.04670716083977393 -0.998884547207935 -74.7174098755874
0.02427015569232746 -0.9986159050669411 -0.046660477026830745 -2.261033610791293 -0.9996809759210763 -0.024569669473959645 0.005856102855167665 -18.297532838849495 -0.00699443090389115 0.04650345854671327 -0.9988936162183677 -75.92328502014423
0.024037298985536144 -0.9984790983296126 -0.049615014357913295 -2.2921784618803303 -0.9996875474680281 -0.024347502038907325 0.005657091175197986 -18.287101950129493 -0.006856490584932092 0.04946353352639235 -0.9987523569466289 -77.11417521992786
0.024762565449557496 -0.9983089597386627 -0.052593151830655785 -2.3327451097576035 -0.9996687795058932 -0.02509657750953543 0.005699794023844934 -18.264018580751593 -0.007010063722661998 0.05243459241247457 -0.9985998079400221 -78.30759785257118
0.02676514460415043 -0.9982495131474326 -0.05273949888447077 -2.3677158105217653 -0.9996203860345584 -0.027072383929081692 0.0051196119502686325 -18.24546141296497 -0.0065384351112404765 0.052582452724931956 -0.9985951306750686 -79.49963275879689
0.027625036356339075 -0.9982831848988735 -0.051647454174314926 -2.4075403839251974 -0.9995997201332745 -0.02790374623660516 0.0046830410205240475 -18.235493767125213 -0.006116160763597737 0.051497417791133045 -0.998654350119734 -80.6558951778853
0.02737140845217042 -0.9983942028535077 -0.04959616854059112 -2.4491750618746133 -0.9996117967986599 -0.02759622909746489 0.003853691648266253 -18.230428343827946 -0.00521617171999823 0.04947142858685088 -0.9987618893547056 -81.82590620462419
0.02595300495641953 -0.9984548499685985 -0.04913470177999023 -2.482434895771354 -0.999651481652847 -0.02615922453294802 0.003558571146806604 -18.223182254426167 -0.004838399936527216 0.04902522328651347 -0.9987857904234715 -83.00516710377511
0.024174905105288857 -0.9984414915040195 -0.050300936532685143 -2.5081957917999413 -0.9996950683107211 -0.024397876752279675 0.003823474227211429 -18.207127689220915 -0.005044753577646962 0.05019316611428687 -0.9987267183530093 -84.16455353885861
0.02491969874593838 -0.9983148443054928 -0.052406726077681154 -2.5410293504909136 -0.999676804826123 -0.025149570139569373 0.0037311540775646196 -18.183855709748713 -0.005042875029354819 0.05229680679073126 -0.998618858606369 -85.34015824601616
0.024969296351709226 -0.998210027106503 -0.05434376942005904 -2.574618267086889 -0.999679532929548 -0.02515908324225147 0.0028108563409868278 -18.17589058607859 -0.004173065080048687 0.0542561718931857 -0.9985184031094577 -86.53111147895372
0.026424696685660738 -0.9981843754299144 -0.05412677569306068 -2.6158725139003725 -0.9996401180302097 -0.026635717103877278 0.0031809835332599528 -18.163655251085284 -0.004616914241017557 0.05402324071923401 -0.9985289795817834 -87.70056844312205
0.02586378347499064 -0.998274654545844 -0.05271259310468616 -2.6512270673063902 -0.9996577104953236 -0.026036198681529656 0.002586688135650066 -18.158129032539243 -0.00395466239487639 0.05262764322366152 -0.9986063447934609 -88.86483974405398
0.024755882194578693 -0.9982967821681229 -0.052827275574535724 -2.693611316976239 -0.9996834497969952 -0.02495913364602454 0.0031910512171170603 -18.14444331188111 -0.004504141008541851 0.052731553712251494 -0.998598528548554 -90.02764038710333
0.023437756900578498 -0.9982968441194403 -0.05342318533956186 -2.7175598837930846 -0.999714743327024 -0.023649671301104916 0.003337881885325075 -18.136046412220335 -0.004595638509181788 0.053329720686917645 -0.9985664255994735 -91.19297337354642
0.021851743725736932 -0.9981927302091225 -0.055979891096992127 -2.755024064826914 -0.9997542104691803 -0.02202687438831391 0.0025132571512699467 -18.13517916687317 -0.003741777135670762 0.055911217767451296 -0.998428759337423 -92.36563197776289
0.019429393766177486 -0.9981314915189698 -0.05793025734389976 -2.7959573204235886 -0.9998051981000297 -0.01959912425409854 0.002362975677989062 -18.131124534400907 -0.003493945017850861 0.057873063265101554 -0.998317769512079 -93.52965565055926
0.019075208955880357 -0.9980477564478364 -0.059469562652330894 -2.848378680467823 -0.9998147832362243 -0.019194545818047595 0.0014360811603150124 -18.11858246823145 -0.002574770270489501 0.05943116051398498 -0.9982291431378327 -94.68309692925752
0.02120153840238723 -0.9978651830106061 -0.06176967988872373 -2.8964039025539736 -0.9997730453774928 -0.021291554194753436 0.0007993837800081569 -18.096873804599138 -0.0021128512009195473 0.061738717144582886 -0.9980901442076338 -95.82564975750942
0.022710148460539654 -0.997854651978536 -0.061401867532558066 -2.943376413498381 -0.9997379560718166 -0.022843905401482775 0.0014772302490448754 -18.080080128248454 -0.002876719942102618 0.06135223717695173 -0.9981120330590567 -97.00813539409496
0.024853857416266542 -0.9980191175575314 -0.05779393232239987 -2.988977720250329 -0.9996900219284125 -0.024899625753306613 7.180846831413132e-05 -18.071974680860855 -0.0015107150417530452 0.057774228592965646 -0.9983285216629599 -98.14430996054075
0.028356789315495425 -0.9979863780734068 -0.056737694996314314 -3.027125629751512 -0.9995957475343569 -0.028428217596417872 0.0004518897263335617 -18.056454375727995 -0.0020639309080854656 0.05670194538474391 -0.9983890417190777 -99.30220797588815
0.029171714440855236 -0.9980280141151943 -0.055578220102767986 -3.0650391027085604 -0.9995716252798005 -0.029258037004638034 0.0007399453229008263 -18.047231681316852 -0.002364595417530854 0.05553283047057189 -0.9984541274362171 -100.45973489860306
