0.007053559712666626 -0.9999724785802193 -0.0022784100352638936 -0.08267205354334872 -0.009282317956028971 0.002212893449939401 -0.9999544770477843 -0.40834444371011763 0.9999320825029826 0.0070743876272406124 -0.009266453162606027 -0.32905737369585336
0.009321242953776291 -0.9999523255775007 -0.0029155672556417335 -0.08247181053387415 -0.010539949979127574 0.002817282199554291 -0.9999404684599382 -0.9045326245657573 0.9999010212645233 0.009351418835208616 -0.010513186153330583 -0.33470021392707944
0.009975370663819861 -0.9999463925797402 -0.0027497833890522583 -0.06968072400976982 -0.0099482344738127 0.0026505421334419668 -0.999947029987295 -1.623547989197226 0.999900799310937 0.010002197163349127 -0.00992126069726183 -0.3515736443171531
0.011703915141142 -0.9999279432527732 -0.0026451358089893385 -0.04500922883514748 -0.008091043645156943 0.0025505270706499615 -0.9999639914558002 -2.603837758904397 0.9998987482991278 0.011724895893419822 -0.008060608511791962 -0.3667931988770347
0.012348233512600866 -0.9999203459244774 -0.0025800876029819543 -0.0243595388793397 -0.00810405300225724 0.002480121519047995 -0.9999641261325393 -3.3459425197677075 0.9998909814126978 0.012368699253537466 -0.008072781931648862 -0.37119605412913415
0.012761594190843654 -0.9999119685659431 -0.003624963801906246 -0.012844076669976681 -0.006999135423478951 0.0035358432148056926 -0.999969259903427 -4.055733234683075 0.9998940654188796 0.012786574687851843 -0.006953395405649348 -0.3861533935340386
0.01412671390247332 -0.9998818603581529 -0.006052772463164965 -0.0003696948591659921 -0.006489308117870022 0.005961567957397544 -0.9999611666742165 -4.7472044457810805 0.9998792019588985 0.014165442936768859 -0.006404323859870864 -0.37894262720278643
0.013895305710800237 -0.9998539593683027 -0.00994507494388932 0.009066317404307314 -0.0054308273338353205 0.00987042216993252 -0.9999365994511387 -5.4256430297136875 0.9998887425528943 0.013948433837076014 -0.005292879880732757 -0.36912248336473824
0.012814507857746061 -0.9998315540410001 -0.013132067208110474 0.017994280843791094 -0.0048514499672168985 0.013070831846105416 -0.999902817408382 -6.055071118114006 0.9999061170507575 0.012876971783168401 -0.004683135703851478 -0.3789314622145211
0.01184278724316449 -0.999820873701179 -0.014761497754765247 0.02322439794188158 -0.004551325580011715 0.014708482285616251 -0.9998814728300778 -6.646714542264626 0.9999195390621305 0.011908567730891826 -0.004376319528780743 -0.36655276298092626
0.01215704651184786 -0.999813066244628 -0.015030238912777386 0.03455892352767698 -0.0033028604849630982 0.01499111244287184 -0.9998821476709662 -7.241664747539237 0.9999206486247821 0.012205257217203936 -0.003119993954719702 -0.3795043660492721
0.013197224106110794 -0.9998317085002503 -0.012736948061752917 0.04209166992558572 -0.0026008504741785446 0.012703692222636094 -0.9999159243611234 -7.785894156176246 0.9999095213381451 0.013229242585295741 -0.002432758328746891 -0.38152242925600965
0.013042508624728527 -0.9998605534661141 -0.010424963792438386 0.045173434675038024 -0.0009431152715533078 0.010413545669864148 -0.9999453455702917 -8.318272534271532 0.9999145920552337 0.013051627596496947 -0.0008071652945926745 -0.3855542610563755
0.011840592248435339 -0.9998880533842688 -0.009135629184313576 0.05023657455893693 0.00029526172068757543 0.009139765799136135 -0.9999582239236383 -8.824315772253644 0.999929853356069 0.011837400198151342 0.0004034499524285274 -0.3700397068595032
0.008260577296033297 -0.9999387049836167 -0.0073590823167667 0.06325748784449475 0.002274315977459278 0.007378101621482363 -0.9999702336327472 -9.307209378208247 0.9999633881194979 0.008243593848578309 0.0023351210824843387 -0.3616902418954041
0.0064673038646038995 -0.9999598780112066 -0.006181585569882965 0.07593532212163481 0.003598445667571678 0.006204947340376253 -0.9999743023841973 -9.748334823954481 0.9999726683577027 0.006444892998320743 0.0036384324950198468 -0.35299303287294664
0.011253323098190831 -0.999928202241786 -0.0040989384614796825 0.08217978886742093 0.005472215463187617 0.004160719688245667 -0.9999764395795115 -10.167176245590564 0.9999217727185186 0.011230627002542003 0.005518647213563499 -0.36345723196880403
0.014728769018432728 -0.9998849919782609 -0.003609761391664399 0.08983932087909989 0.009137820078598398 0.0037446040606170213 -0.999951288454497 -10.531923138647489 0.9998498027407808 0.01469506585039788 0.009191922920950248 -0.3648275137827832
0.015733332272731743 -0.9998676331406535 -0.0041303710531201835 0.09021313027123572 0.012152581397149123 0.004321799412107311 -0.9999168059054951 -10.88358487337771 0.9998024428705982 0.015681828891258444 0.012218967315160945 -0.3517481421312893
0.011727240874128098 -0.9999187383590914 -0.004994103931260434 0.0989438567567335 0.01639938213339635 0.005186105835768186 -0.9998521043233508 -11.193714361977094 0.9997967908995199 0.011643606531425784 0.016458868290103717 -0.3348962599191347
0.0073040856484324354 -0.9999632920967079 -0.004457875962295318 0.10608317930198803 0.018580644871616786 0.004592941641395201 -0.9998168378314961 -11.475578987854728 0.9998007448372191 0.007219917151812677 0.01861351001017236 -0.31365330433689737
0.003956185538969269 -0.999973565997644 -0.00609536795795487 0.11466687744278276 0.021329737544651582 0.006178412187238901 -0.99975341915437 -11.743008231655345 0.999764684321493 0.0038251982559088897 0.02135360927379183 -0.29605118264064106
0.002926341001139481 -0.9999713702170765 -0.006978371241029492 0.1183408683445519 0.023246786224729043 0.007044541227330087 -0.9997049789146863 -11.979877676115034 0.9997254861484832 0.0027632529780084545 0.02326673577153043 -0.26729441941592386
0.003953159638813079 -0.9999742173970734 -0.005994168898680759 0.12524023099811935 0.025806090375865107 0.006094233813354524 -0.9996483526449926 -12.183134508566866 0.9996591512973547 0.0037970848769882546 0.0258295185478324 -0.26967533021960716
0.003968680980782216 -0.9999788744057809 -0.005141607876285539 0.13091613064522659 0.027416589608906243 0.005248522682135218 -0.9996102778205768 -12.340622546805136 0.9996163066087946 0.0038261694885232352 0.02743683633708257 -0.26528460345406296
0.0061649823515261635 -0.9999717879145128 -0.00426965423103167 0.13367466401979392 0.029663120051167193 0.00445073056217 -0.9995500072748338 -12.490987985102278 0.9995410151234061 0.006035556696882331 0.02968971948630383 -0.2636761601508203
0.008690933296342998 -0.9999541009546132 -0.004024964828174879 0.13825184430228804 0.031622231401724835 0.00429793823205783 -0.9994906356505692 -12.636732656191324 0.999462215705374 0.00855922733817816 0.03165813247159918 -0.2820014689558936
0.009705148696561363 -0.9999484600982509 -0.0029724762888930986 0.14308032793364023 0.033288327357188056 0.0032940502027351505 -0.9994404167796224 -12.796536285474257 0.9993987177280957 0.009600768797467529 0.03331857610070348 -0.2783272436236477
0.009381836552038602 -0.9999544109554391 -0.0017733039800778808 0.14797921790089372 0.03535046529125931 0.0021039394661674935 -0.9993727820880743 -12.938846381203502 0.9993310119902488 0.009313264160782818 0.0353685853817939 -0.26521465503473923
0.00840069575901238 -0.9999646537749253 -0.00027393318235241265 0.14936554526003581 0.036937009877924434 0.0005840633191571664 -0.9993174670913006 -13.110603830715082 0.9992823405609212 0.008384843486505238 0.03694060892183045 -0.24565601128940437
0.008078460736479103 -0.9999670826638921 0.0007435643012647291 0.1524578970622327 0.03854757170384747 -0.0004316214352768428 -0.9992566608945503 -13.237866307116215 0.9992241537208117 0.008101118425100588 0.038542818698797734 -0.24602931169375142
0.007998820527942724 -0.9999651557935606 0.00236476726820827 0.15616879700807507 0.039790995008930755 -0.0020446789321579904 -0.9992059665918045 -13.386093239382955 0.9991760408722757 0.008086565857164513 0.03977325440421526 -0.2448572539163087
0.00861558196338672 -0.9999549547141251 0.003976033100096702 0.1557873156128326 0.04152411884705177 -0.0036149868977617653 -0.9991309118256557 -13.500574797935569 0.9991004319000159 0.008773195939192053 0.04149110893437505 -0.24815810214609993
0.008634798624409384 -0.9999424508428225 0.0063524022819415014 0.16093179070788788 0.04213416132530173 -0.005983171686842116 -0.9990940030147172 -13.63618801850406 0.9990747213688197 0.008894628516288933 0.04208008006243273 -0.24243245639661387
0.008116336466033937 -0.9999242719018132 0.009238484094372605 0.16426494680161735 0.042976638881334066 -0.008881445044307313 -0.9990366353789081 -13.790664038677678 0.9990431913422567 0.008505555790037644 0.042901300878273374 -0.23155927819101485
0.007167349117499042 -0.9999176902502226 0.01063682570710778 0.16619645640762828 0.042298378004905 -0.010324423948920925 -0.999051657641312 -13.915719937514455 0.9990793580581357 0.007610472788765715 0.04222090448142188 -0.21953071653042605
0.006522118221372241 -0.9999030094009148 0.012299871427799945 0.1733748035174213 0.040434228788573716 -0.012026373983753107 -0.9991098431161273 -14.040940269995517 0.999160966930203 0.007013648367927121 0.040351866662380866 -0.21571430373656336
0.00631938280594401 -0.9998925435023749 0.013224992116005996 0.17524879814422842 0.037429657845685596 -0.012979473696645483 -0.9992149758354992 -14.166449554955756 0.9992793390522169 0.0068094290806376585 0.037343609690701475 -0.21621679765022872
0.006790118641529111 -0.999874565409713 0.01430090507300778 0.1759823342463871 0.033579689049966714 -0.014065182879935599 -0.9993371309598207 -14.298089187110183 0.9994130421129541 0.007265836902393922 0.03347997403840648 -0.21754751610501308
0.007071629779128466 -0.9998632707768385 0.014942673937856197 0.17366254324811525 0.02836930349926215 -0.014736432580200184 -0.9994888491248256 -14.411732561325174 0.9995725746829136 0.007491928042825532 0.028261213551071723 -0.2214971768381724
0.00696769269390377 -0.9998562464484461 0.01545301454759589 0.17860341154081763 0.02173795283577525 -0.015298287794499986 -0.9996466515510437 -14.523035296825777 0.9997394852714848 0.007301147396808872 0.021628230000596216 -0.22791402985950884
0.007129322510331235 -0.9998410711054687 0.01633631631010503 0.18455501784991918 0.014446862868666357 -0.01623204118245763 -0.9997638406428584 -14.648062617047527 0.9998702643152413 0.007363647632176288 0.014328844242126392 -0.23205776930383593
0.007226718873907765 -0.9998265843092385 0.01715918362946751 0.18493740802701486 0.006615193027822903 -0.017111460397122573 -0.9998316924418981 -14.751097103876692 0.9999519849924867 0.007339014491861468 0.006490387663214808 -0.23916116056503586
0.006835890180895531 -0.9998046763696657 0.01854014248489487 0.18875560995723534 -0.0032849032345755045 -0.018562920590775658 -0.999822330905442 -14.894287318483734 0.9999712205175363 0.006773773193039621 -0.003411155590119873 -0.23639470349507843
0.006131337719293278 -0.9997792519220174 0.020093609018157172 0.19040849416202466 -0.015575721649022437 -0.020187038663494236 -0.9996748746773148 -15.044906999750616 0.9998599375484617 0.005816372253311163 -0.01569605605579904 -0.24089304383129698
0.004960722368290655 -0.9997407556800911 0.02221938525140366 0.19722913607133427 -0.03128079311188007 -0.022363926663276138 -0.9992603743154094 -15.235774290741398 0.9994983557871896 0.004262013341978621 -0.031383627705014516 -0.2638684478884758
0.00534020289923731 -0.9997119671343934 0.023394601514891263 0.20671944239127082 -0.05125057377899063 -0.023637804787132646 -0.9984060882028596 -15.419652457019335 0.9986715742702169 0.004132704874578871 -0.051362048112104666 -0.2904666020430205
0.00665780980868277 -0.9997158939817518 0.02288455868696074 0.2123978919134079 -0.0725558298824175 -0.023307688422957565 -0.9970919731573548 -15.601650948627821 0.9973421453725949 0.004978041407884323 -0.0726903985857252 -0.32447533685285407
0.0076241840155513866 -0.9997305817099277 0.021919102495555533 0.22007676304944318 -0.09561907806595545 -0.022548155934164645 -0.9951625825490321 -15.82054437034868 0.995388897125193 0.005491418434440259 -0.09576522408138675 -0.37694482930943746
0.008937293959358274 -0.9997399687651967 0.020980024954892602 0.22357755940986182 -0.12163746895608864 -0.02191197008531816 -0.992332680887166 -16.070712057185396 0.9925343644094508 0.0063168136048938695 -0.12180161187404012 -0.4373956157205153
0.009869783195177218 -0.9997602287475562 0.01954287842708747 0.22807489945792697 -0.1524264152079236 -0.020819634155937742 -0.9880954478791527 -16.30977965271652 0.9882656130277742 0.006773436554030041 -0.1525954480392395 -0.5085269221704004
0.010509756852772006 -0.9998077931165154 0.016546472986576542 0.23992240699255124 -0.18547707648577091 -0.018209396860719082 -0.982479916086667 -16.574203985283514 0.9825923793790474 0.007256632901020294 -0.18563274099205293 -0.5652686323599305
0.011218912777843546 -0.999853490313007 0.012925846468099545 0.245136413226268 -0.22178618650706589 -0.015092835739327966 -0.9749785364449767 -16.849491342436707 0.975030779480068 0.008071423904397216 -0.22192311203851559 -0.6467482045853183
0.012414082632773792 -0.9998901131961513 0.008094810586587958 0.24973008125050544 -0.26099161267526494 -0.011054919433749644 -0.9652778415877383 -17.10730755331961 0.9652612972545692 0.009870360286080791 -0.26110021519902415 -0.7375927520932648
0.015513736576242223 -0.9998730932633456 0.003605476592023648 0.246444993810941 -0.30234522059277236 -0.008128147197801009 -0.9531638650207206 -17.40203707200933 0.9530723075499142 0.013697034712623632 -0.30243294237844126 -0.8735105736744007
0.01802935789871218 -0.9998370416542618 -0.0008803732961859308 0.2527978713933485 -0.3439292542222754 -0.0053750448602344686 -0.9389802069528531 -17.70207426427284 0.9388225384582073 0.01723199488344492 -0.34397008803847773 -1.0167250636869554
0.017641878714377834 -0.9998233444839749 -0.00647966692763688 0.25321162181694823 -0.3866775452801018 -0.0008462225064385574 -0.9222146670274549 -17.9459433588035 0.922046252699659 0.018775138138261045 -0.3866241692079393 -1.192468850167733
0.018166238547211392 -0.9997490608065439 -0.013105271785814925 0.26049359143109085 -0.4298387635936233 0.004025162042372834 -0.9028966983580609 -18.272030888548187 0.9027229656034133 0.022035392240516708 -0.4296577855895843 -1.358177938077096
0.01888105865816885 -0.9996402000757653 -0.019052005248326537 0.26149184878585074 -0.4728705177736372 0.00786119299862938 -0.8810969560491497 -18.59767216563756 0.8809297632280804 0.025645172370488974 -0.47255192565679816 -1.548208342361678
0.02090635596735698 -0.999513137684515 -0.023156218951017382 0.2537184842073286 -0.5158449010613844 0.009056375766333098 -0.8566341919501688 -18.88591383737571 0.856426955981727 0.02985411808901519 -0.5154044647336901 -1.78186995549397
0.022212715685786595 -0.9994175663494601 -0.025905437228538917 0.25284181430909913 -0.5593876079101686 0.009051650574659469 -0.8288567977842147 -19.184509666988394 0.8286085679455197 0.03290234533511625 -0.5588606702604461 -2.021908626531375
0.02379286642956856 -0.999327730308144 -0.02789209028060354 0.23484337678028017 -0.6029846597747601 0.007908482187115044 -0.7977135482971612 -19.410670287674936 0.7973979262955586 0.03579839555113034 -0.6023910626166834 -2.292202358862372
0.02516698996256601 -0.9991974246996078 -0.031160550993135392 0.22343333367390492 -0.6454774605659798 0.0075599690143184324 -0.763741966858878 -19.647351478376187 0.7633646386884152 0.039334514884466695 -0.6447691039768845 -2.6056793680874684
0.026205232135291627 -0.9990782310038796 -0.03399748387575978 0.20510319530611038 -0.6861737256561193 0.00675486744646643 -0.7274063439780399 -19.92927675958453 0.7269655720471441 0.042390041558575564 -0.685364261581758 -2.926965752620057
0.024643970483802378 -0.9989949176013085 -0.03743907733124834 0.1907575328414929 -0.7253369503647553 0.007903901448212989 -0.6883486756901137 -20.155851565373506 0.6879527428562968 0.04411959515691772 -0.7244131279320154 -3.272198946546197
0.022538840929883924 -0.9989910189646389 -0.03884484507471104 0.18875062529431363 -0.7625266553729924 0.007950602721708475 -0.6469079571254244 -20.436839395042366 0.6465641324671044 0.04420078183323837 -0.7615780836515924 -3.6569203344874257
0.017502783480755287 -0.9990263646622268 -0.040496046586912506 0.17589370156795475 -0.7964502586643073 0.010554581684098653 -0.6046120379521163 -20.703608656925816 0.6044508406887154 0.04283548047919036 -0.7954899951648541 -4.040148356438765
0.012599412161988026 -0.9989713060030087 -0.04355905044131838 0.16721070578722697 -0.8289229268759203 0.013928151996484199 -0.5591894642569208 -20.893064396749015 0.559221027687759 0.043152557716829965 -0.8278947451584723 -4.44587729343655
0.011077111863200867 -0.9989420100468239 -0.04463216960847468 0.1419316609404766 -0.858699180888828 0.013367546019193936 -0.512305677565708 -21.137140116316342 0.5123602730798306 0.044000473496061315 -0.8576425858823947 -4.885385852771709
0.009563066631919595 -0.998995310703021 -0.0437798453077935 0.1135317717187939 -0.8865949708994669 0.011776924301088842 -0.46239670424960383 -21.294061344660353 0.46244779661975366 0.04323691849942233 -0.8855916929330085 -5.346039458494761
0.005551690277073923 -0.9990026118198935 -0.044303001362643084 0.09777251836731615 -0.9119470396218808 0.01311882014627635 -0.4100983319958142 -21.47336713939333 0.4102705767172608 0.042678723964690184 -0.9109646784233502 -5.832612081213302
0.00011726527374469142 -0.9990266622814338 -0.04410979777704062 0.08204531166141936 -0.9339552758346432 0.01565499330910186 -0.357047144774173 -21.628644650397046 0.35739016371117227 0.04123845104484552 -0.9330443515828466 -6.35533225177688
-0.0016088845414080704 -0.9990600322766064 -0.04331759773825919 0.0731353449118057 -0.9528054226091086 0.014681802829368167 -0.3032264999625357 -21.761107425503436 0.30357746033362465 0.04078538590550094 -0.9519334632879602 -6.8626602609295135
-0.0027627516019446356 -0.9988890829159346 -0.047040138521188185 0.031885714075247484 -0.9682332288141319 0.014433739949707302 -0.24963195053720139 -21.877034986154186 0.250033631520726 0.04485614737906092 -0.9671975243477626 -7.436161164658748
-0.005721703439191184 -0.9986807498652431 -0.051028420974197256 0.0038163502936221505 -0.9800328740031717 0.0157426509803761 -0.1982115848296369 -21.98417933682451 0.19875342984432598 0.048875417515335126 -0.9788300065411849 -8.02432178468867
-0.0109679992422349 -0.9985739459032454 -0.05224618089553125 0.0032306888153783436 -0.988437897347547 0.018729152276799128 -0.15046558523826445 -22.05958103258628 0.1512295575073671 0.04999180100826268 -0.9872337530345642 -8.610712385628448
-0.012987998912040272 -0.9985046090274068 -0.053100497761815954 -0.03570750749034232 -0.9943037608264944 0.018515312973102025 -0.10496345204585926 -22.125267573825862 0.10578961636796952 0.05143476077282507 -0.9930574840610615 -9.269859295344428
-0.014108267051121535 -0.9985767934116644 -0.05143237084782971 -0.055007269683337585 -0.99778378773695 0.017404997789326387 -0.06422469305477217 -22.125770473294818 0.06502847443781545 0.05041228431544279 -0.9966092007382048 -9.889485660813563
-0.010809578648367126 -0.9988439112650598 -0.04683787856001691 -0.0862948798587241 -0.9995243304405305 0.012146233694293572 -0.028347873162189306 -22.144404155536783 0.02888400324569878 0.04650917254971752 -0.9985001650459265 -10.570687557082605
-0.008821119130246208 -0.9989121920729933 -0.04578816648564615 -0.12881707987666755 -0.9999608592491278 0.008843389741080065 -0.000283832051555656 -22.107044118560903 0.0006884457972547631 0.04578386397387551 -0.9989511726108339 -11.231054506128329
-0.00787270780985937 -0.9987228508646963 -0.04990611279612577 -0.1578530402860892 -0.9997187575405014 0.006744409625626408 0.022736644130964954 -22.072578297997023 -0.02237102184858028 0.050071082563033234 -0.998495018815767 -11.93201994714875
-0.00921359944795258 -0.9984322031911012 -0.05521034364789414 -0.19558754547430784 -0.9993010098238906 0.007193021640084516 0.036685418460997786 -22.054562494456906 -0.036230777409358386 0.05550975180771666 -0.9978005191921321 -12.66599736424166
-0.010163265887060098 -0.9982845297895767 -0.05765930842727986 -0.22646711347410678 -0.9989730521433421 0.007590205574967111 0.04467002522809189 -22.021837344680428 -0.04415574856774052 0.05805408196743784 -0.997336399687907 -13.423940373219645
-0.010620126636063449 -0.9984536510676459 -0.054564995273509 -0.26235935607402444 -0.9987488868789335 0.007924951349051383 0.04937481696862288 -21.962992104959753 -0.04886604728550871 0.05502108986310595 -0.997288749712988 -14.173487014757313
-0.017104019696762583 -0.9986163721154722 -0.04972632059046836 -0.3135821895253182 -0.9986791847417884 0.014652878991978216 0.049246003481980875 -21.949407998989308 -0.048449245388619215 0.05050294634197186 -0.9975480892952158 -14.95192936287881
-0.027042245495874653 -0.9984339051670466 -0.04897444180369595 -0.33460983614608786 -0.9987287882719984 0.024900461408220147 0.04382694300787048 -21.908759453913138 -0.04253882687029766 0.05009736468764227 -0.9978380159123453 -15.777053615531033
-0.028764933029906615 -0.9984081035705313 -0.04851592161877133 -0.37853364105775394 -0.9989201728400002 0.02694035322914796 0.03785155437551946 -21.880960044844446 -0.03648427312087514 0.04955232808272157 -0.9981049301992414 -16.616486607996695
-0.02627983491581698 -0.9985536213458964 -0.046903639807752064 -0.4241192441250997 -0.9991722577449007 0.024780717293750948 0.03226193323193266 -21.82359371393922 -0.031052969104474703 0.04771265049610959 -0.998378312377934 -17.46616176460582
-0.030201100060472587 -0.9986536605403935 -0.04217520846145235 -0.4379431373735789 -0.9991428174485313 0.028966967152446503 0.029573013818818814 -21.80703731616372 -0.02831150873912916 0.04303218872912178 -0.998672467091974 -18.34035775487325
-0.027711550211348843 -0.9990870094762303 -0.032514925689739634 -0.45683799111804513 -0.9992589160242554 0.026817563208288847 0.02761619227101342 -21.792043915298017 -0.026719007319268056 0.033256116068284734 -0.99908964299694 -19.227420273828447
-0.020986560635313088 -0.9994859695085959 -0.024235117793415303 -0.4928636798919102 -0.9994486022523273 0.020349588482405104 0.02623702173891721 -21.773162350322202 -0.02573036095792282 0.024772375752758292 -0.9993619378470918 -20.145176461879522
-0.016470684469879957 -0.9996251196690467 -0.021866152598147465 -0.49302201464673523 -0.9995175302107088 0.015885008202160822 0.026693138222233296 -21.764068940037973 -0.026335788644175507 0.02229524884629687 -0.9994044937322809 -21.05257734107423
-0.007831256636045182 -0.9996094162613927 -0.026826379948921706 -0.518741162491869 -0.9995166063659462 0.00701769448197713 0.03028803728099034 -21.743853033549758 -0.030087946785680275 0.02705060319032805 -0.999181209845932 -22.00141575903277
-0.003131272637015249 -0.9993854843954018 -0.034910907917048685 -0.5471998840714699 -0.9993970373636466 0.0019202182715550267 0.034669551207711924 -21.724090986557023 -0.03458121420485186 0.03499841195707886 -0.9987889006345398 -22.959194859873335
-0.0013635836456057735 -0.9989830389325075 -0.045066020510800636 -0.6008135255951725 -0.9992228833487401 -0.0004141505257810334 0.039414464726789035 -21.700657968561547 -0.0393930575082286 0.04508473653562798 -0.9982061158286132 -23.944784025851263
0.0007696963326287575 -0.9985525438531261 -0.053779262384562376 -0.6342918598058734 -0.9991658106791989 -0.0029638562844453544 0.04073154190810016 -21.642321460067794 -0.04083198320861655 0.05370305410407408 -0.9977217290481835 -24.91872824033091
-0.0016535888656333095 -0.9981089631682555 -0.06144596408520091 -0.6776493978250064 -0.9991217493373481 -0.0009237390454075431 0.04189256627965637 -21.623324028551135 -0.04187011086453018 0.0614612710672875 -0.9972309023889593 -25.92821047266287
-0.002310504865548387 -0.9979506023473831 -0.06394694768847034 -0.7227246012219957 -0.9990537163599176 -0.0004738231655946218 0.043491843569207565 -21.55615648756223 -0.0434330100306241 0.06398692567805085 -0.9970050971688571 -26.970404608776764
-0.0006030008249043314 -0.9981097700887939 -0.06145199476408273 -0.7915098949431528 -0.9990256733040933 -0.002110611213390887 0.04408376173897133 -21.511736879332762 -0.04413013082271931 0.06141869787993498 -0.9971359725377047 -27.96666335003581
0.003759444124032766 -0.9983705583460795 -0.05693967275398943 -0.8218401185485498 -0.9988400265743177 -0.0064824486512602515 0.0477137003746958 -21.43035662784701 -0.048005066189286585 0.05669424658595821 -0.9972368194727725 -29.002791102367777
0.005276527758412905 -0.9986081678533875 -0.05247620972774782 -0.8555411563182085 -0.9986541838986739 -0.007969848454718124 0.05124855261132389 -21.406256946313185 -0.05159544828028918 0.05213516776293517 -0.9973063363036947 -30.02361971005082
0.0016402277754178848 -0.9988976602262393 -0.046910430416765035 -0.893451560561334 -0.998417971738045 -0.004272460513124464 0.05606681350775476 -21.326945901270538 -0.05620543390325684 0.04674425514947722 -0.9973243852622935 -31.068816798662322
0.004011381416725991 -0.9989878781915243 -0.04479931895174464 -0.9308027057949407 -0.9980562574854531 -0.006785729989521165 0.061949102189494 -21.285943353074675 -0.062190401846800136 0.04446373941327706 -0.9970733274272048 -32.11830906214751
0.0030865733660913872 -0.9988759408965892 -0.04729872562959723 -0.9677191859236793 -0.9976021193826728 -0.006346100407133446 0.06891930533628121 -21.199588094822367 -0.06914201257555448 0.04697258083754213 -0.996500354958958 -33.162005286217365
0.005029838874357697 -0.9986538404519758 -0.05162554372215391 -1.005289871374117 -0.9970899997691062 -0.008935758609477751 0.07570918199941074 -21.118519679318617 -0.07606858437940335 0.05109450086195596 -0.9957926022648801 -34.22752702359409
0.00583046002015932 -0.9985051058076458 -0.054346851468526094 -1.0510912811411381 -0.996478615907637 -0.01034743416202153 0.08320697212655999 -20.999105700098273 -0.08364494364337302 0.05367034748158207 -0.9950493028581376 -35.284579752529346
0.008695575238573833 -0.998339873939601 -0.05693596873912941 -1.099693513924057 -0.996106207932765 -0.013643501741396096 0.08710028025410754 -20.902011994420644 -0.08773249603703977 0.05595687911437356 -0.9945711394971777 -36.343994937837344
0.012817142390873955 -0.9981578007620934 -0.059302100255334285 -1.1477707463559041 -0.9957687389382573 -0.018138724663291795 0.09008786053825078 -20.799103898012973 -0.09099756240372489 0.05789649791264735 -0.9941667077275822 -37.42408447261086
0.016529886167542845 -0.9980499704078067 -0.0601906175128342 -1.2009846376198403 -0.9956518391056807 -0.02194990563376667 0.09053054870252847 -20.69803819176578 -0.09167520116295998 0.058432430933095275 -0.9940731505337761 -38.49425686275432
0.018509008531833685 -0.9980026826513193 -0.06039935688723231 -1.247082135359231 -0.9953793382224404 -0.0240857744305098 0.09295104230555436 -20.60414001712223 -0.09422015495082593 0.058399838869212496 -0.9938369841013239 -39.57152420677786
0.020005314414186483 -0.9979350127257421 -0.06103615374211929 -1.3028031054033238 -0.9952153170348029 -0.025716077785673183 0.0942619249859246 -20.493147188399767 -0.09563689443811327 0.05885836496050023 -0.9936746166285133 -40.64788543758186
0.021250884525576445 -0.9979446130314107 -0.06045453277745649 -1.347464998859554 -0.9951509211220912 -0.026922439794885976 0.09460452747880009 -20.387871972745696 -0.09603767180095696 0.058150950427636565 -0.9936776647306906 -41.71735880503378
0.022573757788888007 -0.9979291778018315 -0.06022982939794707 -1.3892716161590273 -0.9949250134567662 -0.028332928145710586 0.0965479525286929 -20.282392073118686 -0.09805450848371709 0.05774471274202847 -0.9935043496431775 -42.80212434626626
0.02668394965588585 -0.9979287418571215 -0.05853195959731049 -1.429687771436558 -0.9947629553940774 -0.03228726697582026 0.09697574875954292 -20.171544464946884 -0.09866473414328283 0.05563772561072748 -0.9935641626800658 -43.866746845023336
0.03148036294779069 -0.9980273687488558 -0.054316670712390644 -1.477882162559828 -0.9946397143554512 -0.03663600206088877 0.09669425431198159 -20.051368404722957 -0.09849346130601326 0.05098155313038044 -0.9938309508869021 -44.938311566831665
0.033573841949725944 -0.998020940040877 -0.053167749137128024 -1.534920978826752 -0.994588865518615 -0.03859681745124653 0.09645429189748436 -19.93674175942273 -0.09831552338133177 0.04964170510001906 -0.9939164344984793 -46.05780697950574
0.03398609590113766 -0.9977681372920599 -0.05747669708313296 -1.577729828522777 -0.9947720645032366 -0.0393133465781863 0.09425019212144456 -19.825364006315915 -0.09629944845103752 0.05397301735947456 -0.9938880393229514 -47.17441566677526
0.033897004104689335 -0.9975673457438078 -0.060912358476924104 -1.6293220403998694 -0.9948517510436001 -0.039503257194446015 0.0933253073029546 -19.718026828942662 -0.09550452574603163 0.05743531682643842 -0.9937706469102434 -48.283414637568455
0.0332693484018134 -0.997601955113209 -0.060691291632898145 -1.6660836477459349 -0.9950728297429984 -0.03873736592598175 0.09126606015998984 -19.62110074262336 -0.09339822598045185 0.05735589706318729 -0.9939754124758317 -49.377934921314306
0.033039321176695426 -0.997681795810629 -0.05949310736222702 -1.7243142059391827 -0.995263741761497 -0.038287596302405164 0.08935499820267072 -19.5310013261773 -0.09142570124962023 0.05625909708431066 -0.9942214848742903 -50.48935881706412
0.03662557981685523 -0.9975286257511266 -0.059958677689386564 -1.7778968148682135 -0.9954364433783328 -0.041707760395663845 0.08583004971830988 -19.432551605890474 -0.08811868570587617 0.0565414804429675 -0.9945040394211914 -51.58650732838029
0.04088929302089688 -0.9973122668320105 -0.06079656884983732 -1.8411835589966918 -0.9957714611443933 -0.04568469514102135 0.0797004394716883 -19.34727304184911 -0.08226371159331156 0.057280595114813725 -0.9949631678798756 -52.70625325643805
0.044147979489208414 -0.9971527689591128 -0.06113167287693779 -1.8885533935484677 -0.9960986019037957 -0.0486163877413558 0.07364806391628274 -19.240583634398877 -0.07641039378671571 0.05764175707714869 -0.9954089517478526 -53.85987666333765
0.045961722022371906 -0.9970951868828376 -0.060733667289161804 -1.9365638039509039 -0.9965361307337057 -0.049984258285540796 0.0664631323196436 -19.164298919586777 -0.06930579961976811 0.0574685299238919 -0.9959387837368311 -54.97677003652312
0.04591370778346144 -0.997162248654106 -0.059660546247055316 -1.9897095546621935 -0.9968812777868712 -0.049574477597450345 0.061402062472274685 -19.089737396308962 -0.06418545555653819 0.05665529012452566 -0.9963284801860113 -56.10462727939523
0.04515506514244092 -0.9972044009762523 -0.05953444029070063 -2.0373867865871387 -0.9972851428833222 -0.048468424617829554 0.05543779139382279 -19.02337498114761 -0.05816835066819373 0.0568695062273376 -0.9966857105246112 -57.24587937451142
0.04459663073986626 -0.9972168795649883 -0.05974501201772208 -2.088497256808991 -0.9975925120010396 -0.047633060843210714 0.050401326166720196 -18.97548600901732 -0.053106907294686964 0.057353445613964195 -0.9969404598966556 -58.372322459807634
0.04171706853402098 -0.9972298125930866 -0.06158170204065603 -2.132393168943888 -0.997944393448918 -0.04458947702264005 0.04603055847275342 -18.92733558982023 -0.04864894588525211 0.059534851168704286 -0.997040101511381 -59.50933629425454
0.043355808505199524 -0.9971293127172249 -0.062075823771494835 -2.195493182604908 -0.9981224871968007 -0.04592225803702954 0.04053144570118468 -18.866836758453235 -0.04326576101394633 0.06020198881546745 -0.9972481404681699 -60.642755075006974
0.0426631842697923 -0.9972212032212855 -0.0610714785002671 -2.246956806801018 -0.998394954364785 -0.04483285276117586 0.03460814037310762 -18.825412989740098 -0.037249975573526134 0.05949696309040041 -0.9975332115086163 -61.80541008835398
0.043468350666948034 -0.9974224984590455 -0.05708601804249703 -2.3032927901335083 -0.9985326169461107 -0.045221990097880485 0.029794735549412397 -18.805157346143783 -0.03229948539962677 0.05570711116165903 -0.9979245705690675 -62.96011583968662
0.04317491780931169 -0.9976844719441669 -0.05254961305197729 -2.3457714845178397 -0.9986738844950236 -0.04457470772669884 0.025763251027587378 -18.77658443148252 -0.028045980551506648 0.05136758551449406 -0.9982859300826128 -64.1097557352326
0.04458441188749238 -0.9976709327155491 -0.05162293827615584 -2.3942896815267196 -0.9986951778827653 -0.04579913282646493 0.02259126794349569 -18.743892687734267 -0.02490293968207946 0.05054835851264068 -0.9984110990610274 -65.24193771299774
0.04359055337372385 -0.99762966928374 -0.05324374029420671 -2.439061266358942 -0.9988148829107528 -0.04467338639014954 0.01931877825024069 -18.723003824152464 -0.021651563847195878 0.05233852651125439 -0.9983946569835742 -66.40731667263591
0.04277661331991904 -0.9976534388588107 -0.05345691926192743 -2.475999017443356 -0.9989093040848583 -0.04371045075160894 0.016423186794253992 -18.695228084363034 -0.018721276601021457 0.05269608143605784 -0.9984351425683102 -67.57412065512705
0.04407045289645049 -0.9976009104221224 -0.05338651211282463 -2.5250711795404346 -0.9988729092389828 -0.04494363018804927 0.015266507409053606 -18.663697387523364 -0.017629267151122854 0.05265353194071605 -0.9984572727084015 -68.74029794207404
0.0454118153179759 -0.9975025192853184 -0.054097075211706626 -2.5746037273092934 -0.9988308149783088 -0.046237544296958595 0.014110644415847362 -18.640110008820173 -0.01657671997840138 0.05339303990398375 -0.9984359710210172 -69.90681898365081
0.04596050333061288 -0.9974904166063884 -0.05385596367123051 -2.617430758612238 -0.9988137444795525 -0.046755952719427445 0.013603680242051715 -18.623458993069868 -0.016087628873119788 0.053166850956585764 -0.9984560806111854 -71.07305134879871
0.04673683798533558 -0.9975159328648607 -0.05270257153363699 -2.663792250565031 -0.9987974172947347 -0.04744907513695399 0.01234435016500804 -18.600954091535353 -0.014814375991748412 0.052062258787219054 -0.9985340028483817 -72.24737258704542
0.04593816758211056 -0.997630750420526 -0.05121124308065931 -2.698221897226426 -0.9988651026200125 -0.04651989642975717 0.010225334037709198 -18.599302457465075 -0.01258344945596191 0.05068338212972896 -0.9986355211523534 -73.43169548968424
0.04271675545273325 -0.997738621653643 -0.05189195751263692 -2.7506107384602285 -0.999011823263797 -0.04329413048910902 0.010053417354358095 -18.633716337528572 -0.012277301391998289 0.05141122733995894 -0.9986020949636243 -74.61766169435062
0.03994087463758851 -0.9978661679609224 -0.05165046567396839 -2.7828445989346484 -0.9991262353945383 -0.04052129689159474 0.010239133732511752 -18.637079809611784 -0.012310229209892321 0.051196369243256774 -0.9986127077459939 -75.82329573087769
0.0396819447905196 -0.9977194280274219 -0.054600402904169607 -2.82459072825257 -0.9991379829800328 -0.040286493729669026 0.010015936285324467 -18.631952325314938 -0.012192753897751088 0.054155885352248856 -0.9984580110608506 -77.01389609608991
0.040377659130163904 -0.9975237574105906 -0.05758444362598095 -2.875883122853806 -0.9991078631319988 -0.04102125429089531 0.010038054704391876 -18.61425981341399 -0.012375384639944042 0.05712775640601212 -0.9982902248392688 -78.20699798910834
0.04238184788150202 -0.9974313407674625 -0.057744127959478364 -2.921530948646849 -0.9990303776764868 -0.04299771545556686 0.009464404455027851 -18.601042179721702 -0.01192295912886526 0.057287018442732485 -0.9982865024259351 -79.39874296732927
0.04325514572377109 -0.9974562133000783 -0.05665669448286716 -2.9716465550781983 -0.9989979581421151 -0.043835460104229916 0.00903967732969488 -18.596301230181535 -0.011500255096389956 0.056208913298523455 -0.9983527456195412 -80.5546383213549
0.0430288368451486 -0.997580871994444 -0.0545971429115569 -3.0236537514276187 -0.9990178705568167 -0.0435409915498924 0.008225380865520366 -18.596535249759402 -0.010582695767532702 0.05418958491556428 -0.9984745552952563 -81.72424513209673
0.0416190109284814 -0.9976665981913075 -0.05412068410268012 -3.067386122229491 -0.999081644849926 -0.04210812661391825 0.007928374278386061 -18.594560208366754 -0.010188795688452922 0.0537410097025708 -0.9985028943145631 -82.90318472204795
0.039829307885214535 -0.9976765744116923 -0.05527267003493708 -3.103516102814103 -0.9991525680646854 -0.04034125523808509 0.008177230963186068 -18.58363212489115 -0.01038800095751398 0.05490013541831299 -0.9984377426471294 -84.06235402279565
0.04055404982028039 -0.997528158535835 -0.05738373760491033 -3.1469201166131318 -0.9991232133860376 -0.04108320516377961 0.008071227355786399 -18.565612906799622 -0.010408785095862788 0.05700609818270746 -0.9983195746565009 -85.23770819994265
0.04059331782389174 -0.9974136867407246 -0.05931320340660977 -3.1910906622827744 -0.999130111237331 -0.0410875165735182 0.007135765451697715 -18.562971114822332 -0.009554343375544751 0.058971942480507356 -0.9982139912503735 -86.4283396426247
0.04204586835347655 -0.9973654604414839 -0.059112350209644296 -3.2427708036801883 -0.9990655307285617 -0.042562832140253005 0.007513292187323815 -18.556030095306483 -0.010009487573325402 0.05874120767507325 -0.9982230362132236 -87.59742568734438
0.04150442763945483 -0.9974713968814287 -0.0576888251569335 -3.2884513735046284 -0.9990948143899241 -0.04197264249744085 0.006927855745538665 -18.555728212934156 -0.009331690899752257 0.057349060798757276 -0.9983105451420139 -88.76135065383023
0.04039122964781181 -0.9975108553700898 -0.05779834503522306 -3.3412144248099698 -0.9991352599648305 -0.04089314537053829 0.007527106823691603 -18.547317772754088 -0.009871926824728365 0.057444331467058546 -0.9982998642772735 -89.9237767252359
0.03906751308214245 -0.9975294639516611 -0.05838337822288854 -3.3755225260652333 -0.9991869972603153 -0.03958099515212196 0.007664147124574791 -18.544057603381415 -0.009956085805647998 0.058036497147868134 -0.9982648579300205 -91.08887643085494
0.03746615531526264 -0.9974393128136069 -0.06091834505948022 -3.4233488084350103 -0.9992564004581074 -0.037950519027991035 0.00681312371587681 -18.548467133013002 -0.009107560542198516 0.06061778679449065 -0.9981195262872715 -92.26115016556173
0.03502907288553154 -0.9974083008129984 -0.0628450677482437 -3.474593537513168 -0.9993471712532 -0.035515419806035904 0.006638013563167523 -18.54968083437892 -0.008852779123862897 0.06257151665241387 -0.9980011530794956 -93.4247719144334
0.03466884806978397 -0.9973233906019536 -0.06437320179579031 -3.5373010177381246 -0.999367359438055 -0.03510764126289711 0.005697490360490386 -18.542455463423906 -0.007942233393685941 0.06413495274285488 -0.997909686806887 -94.57774530504871
0.03677656680448274 -0.9970959286431212 -0.06668644634508224 -3.595590964183002 -0.9992953153937999 -0.03719549600550173 0.005050998567258109 -18.5259821468111 -0.007516766621673202 0.06645369556155398 -0.9977612307989809 -95.71990797005091
0.038280966014276246 -0.9970625261511391 -0.06633777295780166 -3.6531410647853644 -0.9992326374672715 -0.03874602848408048 0.005737753972966652 -18.514584474513573 -0.008291225190644026 0.06606722520060442 -0.9977807275301958 -96.90199036614968
0.040469448042521505 -0.9972091075364262 -0.06273912894022213 -3.70884043137956 -0.9991569137335754 -0.040823349041848485 0.004368722576150477 -18.511667154240165 -0.006917751409718366 0.06250942792738882 -0.9980203890006729 -98.03773984590931
0.04397509865060122 -0.9971244390345481 -0.061717864193504154 -3.757339046782196 -0.9990045464708134 -0.044353310345088624 0.004770717750754746 -18.5013671566783 -0.007494389963934673 0.06144663282685977 -0.9980822583055126 -99.19530873751246
0.04479763714099338 -0.9971581847446811 -0.06056845454063639 -3.8055488079839437 -0.9989657050234108 -0.04518685744967465 0.005071067594388214 -18.497361037754047 -0.007793555098553009 0.060278636909667616 -0.9981512296913186 -100.3524823735351
