0.000000e+00 -1.000000e+00 0.000000e+00 0.000000e+00 0.000000e+00 0.000000e+00 -1.000000e+00 0.000000e+00 1.000000e+00 0.000000e+00 0.000000e+00 0.000000e+00
-3.919938e-04 -9.999981e-01 1.920316e-03 1.189410e-02 -8.757733e-04 -1.919972e-03 -9.999978e-01 -2.276416e-04 9.999995e-01 -3.936747e-04 -8.750191e-04 1.866381e-01
-2.753682e-03 -9.999907e-01 3.319880e-03 1.962969e-02 -2.450839e-03 -3.313134e-03 -9.999915e-01 -1.665167e-03 9.999932e-01 -2.761795e-03 -2.441693e-03 4.696287e-01
-8.194645e-03 -9.999499e-01 5.755891e-03 1.763384e-02 -3.693877e-03 -5.725775e-03 -9.999768e-01 -4.280755e-03 9.999596e-01 -8.215717e-03 -3.646771e-03 8.662763e-01
-1.858769e-02 -9.998034e-01 6.903555e-03 1.501584e-02 -5.164596e-03 -6.808643e-03 -9.999635e-01 -1.613694e-02 9.998139e-01 -1.862267e-02 -5.037024e-03 1.225049e+00
-3.409062e-02 -9.993958e-01 6.770146e-03 1.321441e-03 -5.128432e-03 -6.599065e-03 -9.999651e-01 -2.188938e-02 9.994056e-01 -3.412415e-02 -4.900367e-03 1.559750e+00
-5.268895e-02 -9.986033e-01 3.904550e-03 -4.946660e-02 -5.424341e-03 -3.623726e-03 -9.999787e-01 -2.594286e-02 9.985963e-01 -5.270901e-02 -5.225835e-03 1.914738e+00
-7.259297e-02 -9.973611e-01 1.105263e-03 -8.343963e-02 -6.961018e-03 -6.015020e-04 -9.999756e-01 -3.261993e-02 9.973373e-01 -7.259890e-02 -6.898983e-03 2.277195e+00
-9.217127e-02 -9.957430e-01 6.593890e-04 -1.180060e-01 -7.334169e-03 1.669947e-05 -9.999731e-01 -3.260275e-02 9.957162e-01 -9.217364e-02 -7.304486e-03 2.629693e+00
-1.135105e-01 -9.935367e-01 4.035871e-04 -1.623257e-01 -6.746028e-03 3.645231e-04 -9.999772e-01 -3.716446e-02 9.935139e-01 -1.135106e-01 -6.743804e-03 2.992045e+00
-1.333119e-01 -9.910735e-01 1.128610e-03 -2.090009e-01 -5.859162e-03 -3.506241e-04 -9.999828e-01 -4.722924e-02 9.910568e-01 -1.333162e-01 -5.760118e-03 3.359573e+00
-1.507667e-01 -9.885691e-01 6.570548e-04 -2.954759e-01 -5.298092e-03 1.433691e-04 -9.999859e-01 -5.423423e-02 9.885552e-01 -1.507681e-01 -5.259145e-03 3.763995e+00
-1.672703e-01 -9.859111e-01 -4.482418e-05 -3.900917e-01 -5.038627e-03 9.003209e-04 -9.999869e-01 -5.924223e-02 9.858982e-01 -1.672679e-01 -5.118235e-03 4.186118e+00
-1.808208e-01 -9.835160e-01 -2.381855e-04 -4.722014e-01 -5.240809e-03 1.205704e-03 -9.999855e-01 -6.502380e-02 9.835021e-01 -1.808170e-01 -5.372436e-03 4.593813e+00
-1.922305e-01 -9.813496e-01 6.347144e-04 -5.525720e-01 -6.250523e-03 5.776116e-04 -9.999803e-01 -7.167093e-02 9.813299e-01 -1.922306e-01 -6.244982e-03 5.027565e+00
-2.011346e-01 -9.795583e-01 3.210456e-03 -6.391446e-01 -7.711876e-03 -1.693856e-03 -9.999688e-01 -8.195399e-02 9.795333e-01 -2.011531e-01 -7.213539e-03 5.464307e+00
-2.092359e-01 -9.778595e-01 3.333158e-03 -7.524059e-01 -9.484940e-03 -1.378946e-03 -9.999540e-01 -8.662998e-02 9.778192e-01 -2.092579e-01 -8.986413e-03 5.933434e+00
-2.172403e-01 -9.761118e-01 3.517345e-03 -8.656636e-01 -1.154102e-02 -1.034650e-03 -9.999329e-01 -8.678098e-02 9.760499e-01 -2.172663e-01 -1.104056e-02 6.404064e+00
-2.241211e-01 -9.745545e-01 3.631328e-03 -9.848609e-01 -1.406016e-02 -4.923180e-04 -9.999011e-01 -9.761044e-02 9.744599e-01 -2.241500e-01 -1.359205e-02 6.885124e+00
-2.332821e-01 -9.723822e-01 7.231141e-03 -1.099985e+00 -1.604766e-02 -3.585556e-03 -9.998648e-01 -1.038031e-01 9.722767e-01 -2.333666e-01 -1.476802e-02 7.378439e+00
-2.409207e-01 -9.704509e-01 1.349695e-02 -1.217001e+00 -1.710337e-02 -9.659206e-03 -9.998071e-01 -1.188856e-01 9.703941e-01 -2.411050e-01 -1.427088e-02 7.883780e+00
-2.481843e-01 -9.686016e-01 1.468007e-02 -1.346673e+00 -1.905605e-02 -1.026967e-02 -9.997657e-01 -1.373438e-01 9.685254e-01 -2.484059e-01 -1.590895e-02 8.416157e+00
-2.575226e-01 -9.662071e-01 1.122192e-02 -1.512168e+00 -2.350098e-02 -5.347331e-03 -9.997095e-01 -1.404204e-01 9.659864e-01 -2.577115e-01 -2.132976e-02 8.956486e+00
-2.660972e-01 -9.639000e-01 9.434235e-03 -1.671286e+00 -2.731692e-02 -2.242697e-03 -9.996243e-01 -1.631943e-01 9.635591e-01 -2.662549e-01 -2.573400e-02 9.500536e+00
-2.742574e-01 -9.615961e-01 1.076651e-02 -1.827998e+00 -2.839893e-02 -3.092259e-03 -9.995919e-01 -1.749491e-01 9.612369e-01 -2.744512e-01 -2.646023e-02 1.005279e+01
-2.825356e-01 -9.591758e-01 1.246901e-02 -1.988248e+00 -3.024350e-02 -4.085115e-03 -9.995342e-01 -1.983611e-01 9.587799e-01 -2.827810e-01 -2.785464e-02 1.062454e+01
-2.895059e-01 -9.570831e-01 1.335071e-02 -2.184236e+00 -3.315452e-02 -3.912758e-03 -9.994426e-01 -2.254964e-01 9.566019e-01 -2.897871e-01 -3.059887e-02 1.122330e+01
-2.972837e-01 -9.547136e-01 1.201576e-02 -2.377102e+00 -3.629859e-02 -1.274572e-03 -9.993402e-01 -2.479686e-01 9.540989e-01 -2.975237e-01 -3.427585e-02 1.179959e+01
-3.056014e-01 -9.520679e-01 1.320899e-02 -2.557204e+00 -4.108036e-02 -6.760307e-04 -9.991556e-01 -2.698593e-01 9.512730e-01 -3.058859e-01 -3.890470e-02 1.236889e+01
-3.106467e-01 -9.504206e-01 1.412272e-02 -2.759847e+00 -4.844375e-02 9.919415e-04 -9.988254e-01 -2.995323e-01 9.492902e-01 -3.109660e-01 -4.635008e-02 1.298102e+01
-3.155792e-01 -9.487764e-01 1.527040e-02 -2.978267e+00 -5.714834e-02 2.940058e-03 -9.983613e-01 -3.311306e-01 9.471768e-01 -3.159348e-01 -5.514882e-02 1.359518e+01
-3.181330e-01 -9.479138e-01 1.583818e-02 -3.200925e+00 -6.525243e-02 5.227002e-03 -9.978551e-01 -3.691069e-01 9.457978e-01 -3.184841e-01 -6.351656e-02 1.423219e+01
-3.239648e-01 -9.459391e-01 1.568866e-02 -3.428448e+00 -7.448312e-02 8.970405e-03 -9.971820e-01 -4.068893e-01 9.431326e-01 -3.242204e-01 -7.336258e-02 1.486157e+01
-3.277211e-01 -9.446496e-01 1.536181e-02 -3.669292e+00 -8.139084e-02 1.202960e-02 -9.966097e-01 -4.602574e-01 9.412621e-01 -3.278603e-01 -8.082818e-02 1.550339e+01
-3.323201e-01 -9.430705e-01 1.346409e-02 -3.915768e+00 -8.818771e-02 1.685647e-02 -9.959612e-01 -5.173616e-01 9.390348e-01 -3.321653e-01 -8.876897e-02 1.616796e+01
-3.370136e-01 -9.414236e-01 1.197389e-02 -4.167461e+00 -9.364387e-02 2.086267e-02 -9.953871e-01 -5.805677e-01 9.368312e-01 -3.365803e-01 -9.518956e-02 1.682271e+01
-3.410336e-01 -9.399931e-01 1.044572e-02 -4.417130e+00 -9.910229e-02 2.490036e-02 -9.947656e-01 -6.500815e-01 9.348127e-01 -3.402837e-01 -1.016473e-01 1.749473e+01
-3.471007e-01 -9.377861e-01 8.849227e-03 -4.686438e+00 -1.018435e-01 2.831168e-02 -9.943975e-01 -7.235312e-01 9.322816e-01 -3.460574e-01 -1.053344e-01 1.817468e+01
-3.518537e-01 -9.360290e-01 6.980594e-03 -4.956533e+00 -1.035707e-01 3.151842e-02 -9.941226e-01 -7.973217e-01 9.303075e-01 -3.505087e-01 -1.080350e-01 1.887870e+01
-3.580505e-01 -9.336858e-01 5.543896e-03 -5.231371e+00 -1.029486e-01 3.357609e-02 -9.941198e-01 -8.822843e-01 9.280094e-01 -3.565159e-01 -1.081436e-01 1.959101e+01
-3.631990e-01 -9.316860e-01 6.901792e-03 -5.517368e+00 -1.009751e-01 3.199695e-02 -9.943743e-01 -9.652916e-01 9.262238e-01 -3.618527e-01 -1.056984e-01 2.031954e+01
-3.718362e-01 -9.282739e-01 6.746612e-03 -5.806819e+00 -9.884562e-02 3.236584e-02 -9.945763e-01 -1.044096e+00 9.230208e-01 -3.704863e-01 -1.037906e-01 2.104215e+01
-3.773090e-01 -9.260650e-01 6.446578e-03 -6.089758e+00 -9.587615e-02 3.213748e-02 -9.948744e-01 -1.129486e+00 9.211111e-01 -3.759931e-01 -1.009133e-01 2.175910e+01
-3.853762e-01 -9.227481e-01 4.588249e-03 -6.411307e+00 -9.147920e-02 3.325658e-02 -9.952515e-01 -1.208992e+00 9.182139e-01 -3.839660e-01 -9.722855e-02 2.249974e+01
-3.949470e-01 -9.187006e-01 2.487573e-03 -6.735493e+00 -8.642524e-02 3.445802e-02 -9.956623e-01 -1.291034e+00 9.146298e-01 -3.934488e-01 -9.300800e-02 2.322970e+01
-4.027304e-01 -9.153183e-01 -7.510722e-04 -7.094066e+00 -8.209051e-02 3.693619e-02 -9.959402e-01 -1.360423e+00 9.116300e-01 -4.010338e-01 -9.001427e-02 2.400295e+01
-4.102100e-01 -9.119886e-01 -2.118073e-03 -7.447697e+00 -7.999259e-02 3.829378e-02 -9.960596e-01 -1.437209e+00 9.084761e-01 -4.084242e-01 -8.866083e-02 2.473523e+01
-4.203777e-01 -9.073433e-01 -3.268520e-03 -7.806141e+00 -7.913444e-02 4.025154e-02 -9.960510e-01 -1.501995e+00 9.038917e-01 -4.184590e-01 -8.872296e-02 2.549879e+01
-4.295047e-01 -9.030575e-01 -3.589498e-03 -8.173215e+00 -7.829604e-02 4.119775e-02 -9.960786e-01 -1.569894e+00 8.996641e-01 -4.275393e-01 -8.840046e-02 2.624085e+01
-4.388282e-01 -8.985595e-01 -4.552429e-03 -8.560264e+00 -7.644545e-02 4.238053e-02 -9.961727e-01 -1.640815e+00 8.953133e-01 -4.368007e-01 -8.728855e-02 2.702743e+01
-4.467722e-01 -8.946391e-01 -3.949275e-03 -8.929660e+00 -7.418621e-02 4.144613e-02 -9.963828e-01 -1.708736e+00 8.915666e-01 -4.448631e-01 -8.488686e-02 2.781227e+01
-4.534968e-01 -8.912460e-01 -4.614465e-03 -9.328643e+00 -6.980869e-02 4.068169e-02 -9.967305e-01 -1.774909e+00 8.885198e-01 -4.516919e-01 -8.066574e-02 2.860029e+01
-4.609804e-01 -8.873892e-01 -6.112491e-03 -9.756653e+00 -6.437411e-02 4.030930e-02 -9.971114e-01 -1.841943e+00 8.850723e-01 -4.592554e-01 -7.570669e-02 2.939772e+01
-4.680588e-01 -8.836773e-01 -5.945992e-03 -1.018842e+01 -6.066551e-02 3.884401e-02 -9.974021e-01 -1.907640e+00 8.816125e-01 -4.664821e-01 -7.179002e-02 3.018826e+01
-4.754235e-01 -8.797433e-01 -4.923477e-03 -1.063122e+01 -5.888669e-02 3.740591e-02 -9.975636e-01 -1.965073e+00 8.777841e-01 -4.739752e-01 -6.958882e-02 3.100847e+01
-4.819608e-01 -8.761773e-01 -5.207200e-03 -1.109030e+01 -5.719146e-02 3.738863e-02 -9.976629e-01 -2.020833e+00 8.743243e-01 -4.805366e-01 -6.812971e-02 3.182224e+01
-4.870796e-01 -8.733430e-01 -5.049830e-03 -1.154699e+01 -5.538195e-02 3.665696e-02 -9.977921e-01 -2.073326e+00 8.715999e-01 -4.857245e-01 -6.622230e-02 3.263317e+01
-4.925447e-01 -8.702769e-01 -4.232954e-03 -1.202107e+01 -5.348896e-02 3.512673e-02 -9.979504e-01 -2.132098e+00 8.686419e-01 -4.913087e-01 -6.385168e-02 3.346820e+01
-4.970591e-01 -8.677105e-01 -3.270498e-03 -1.249461e+01 -5.344602e-02 3.437750e-02 -9.979788e-01 -2.187676e+00 8.660691e-01 -4.958797e-01 -6.346333e-02 3.429226e+01
-4.999509e-01 -8.660499e-01 -2.584120e-03 -1.298457e+01 -5.408004e-02 3.419687e-02 -9.979509e-01 -2.241375e+00 8.643636e-01 -4.987867e-01 -6.393277e-02 3.512700e+01
-5.031835e-01 -8.641770e-01 -2.079955e-03 -1.352895e+01 -5.441005e-02 3.408319e-02 -9.979368e-01 -2.296476e+00 8.624650e-01 -5.020322e-01 -6.417002e-02 3.599634e+01
-5.045627e-01 -8.633737e-01 -1.531461e-03 -1.404043e+01 -5.357192e-02 3.307816e-02 -9.980160e-01 -2.355403e+00 8.617114e-01 -5.034795e-01 -6.294259e-02 3.686143e+01
-5.056666e-01 -8.627232e-01 -3.161232e-03 -1.454813e+01 -5.159576e-02 3.389901e-02 -9.980925e-01 -2.413494e+00 8.611847e-01 -5.045390e-01 -6.165446e-02 3.773713e+01
-5.054712e-01 -8.628417e-01 -1.760568e-03 -1.506059e+01 -5.093379e-02 3.187485e-02 -9.981933e-01 -2.469955e+00 8.613389e-01 -5.044683e-01 -6.005961e-02 3.860885e+01
-5.056322e-01 -8.627491e-01 -4.909181e-05 -1.558678e+01 -5.175699e-02 3.039007e-02 -9.981972e-01 -2.525834e+00 8.611953e-01 -5.047182e-01 -6.001949e-02 3.951133e+01
-5.071025e-01 -8.618847e-01 1.341064e-03 -1.611038e+01 -5.288844e-02 2.956458e-02 -9.981627e-01 -2.583845e+00 8.602615e-01 -5.062417e-01 -6.057601e-02 4.039643e+01
-5.099334e-01 -8.602115e-01 2.033801e-03 -1.667267e+01 -5.104741e-02 2.790061e-02 -9.983065e-01 -2.637554e+00 8.586979e-01 -5.091736e-01 -5.813903e-02 4.129051e+01
-5.129208e-01 -8.584353e-01 1.031128e-03 -1.722468e+01 -4.713330e-02 2.696306e-02 -9.985246e-01 -2.703704e+00 8.571410e-01 -5.122127e-01 -5.429081e-02 4.220852e+01
-5.171574e-01 -8.558900e-01 6.660856e-04 -1.778560e+01 -4.241569e-02 2.485168e-02 -9.987909e-01 -2.760537e+00 8.548387e-01 -5.165604e-01 -4.915540e-02 4.314223e+01
-5.233178e-01 -8.521363e-01 1.471270e-03 -1.833884e+01 -4.088918e-02 2.338640e-02 -9.988900e-01 -2.814833e+00 8.511560e-01 -5.227970e-01 -4.708167e-02 4.405936e+01
-5.325385e-01 -8.463889e-01 5.343357e-03 -1.890521e+01 -4.212449e-02 2.019803e-02 -9.989082e-01 -2.872730e+00 8.453569e-01 -5.321822e-01 -4.640993e-02 4.495484e+01
-5.419942e-01 -8.403451e-01 7.898369e-03 -1.947624e+01 -4.503899e-02 1.966102e-02 -9.987918e-01 -2.929907e+00 8.391745e-01 -5.416950e-01 -4.850445e-02 4.582824e+01
-5.521814e-01 -8.336821e-01 8.361329e-03 -2.007099e+01 -4.492831e-02 1.974052e-02 -9.987952e-01 -2.987948e+00 8.325126e-01 -5.518917e-01 -4.835627e-02 4.673173e+01
-5.627708e-01 -8.265883e-01 6.376748e-03 -2.067035e+01 -4.061949e-02 1.994856e-02 -9.989755e-01 -3.042169e+00 8.256143e-01 -5.624533e-01 -4.480207e-02 4.761116e+01
-5.698537e-01 -8.217370e-01 3.881037e-03 -2.128665e+01 -3.702045e-02 2.095405e-02 -9.990948e-01 -3.094485e+00 8.209118e-01 -5.694816e-01 -4.236181e-02 4.848556e+01
-5.752383e-01 -8.179767e-01 3.873569e-03 -2.192305e+01 -3.788643e-02 2.191244e-02 -9.990418e-01 -3.144732e+00 8.171080e-01 -5.748339e-01 -4.359509e-02 4.935043e+01
-5.802894e-01 -8.143913e-01 5.566637e-03 -2.255458e+01 -4.082004e-02 2.225812e-02 -9.989186e-01 -3.191214e+00 8.133867e-01 -5.798891e-01 -4.615963e-02 5.020043e+01
-5.838699e-01 -8.118108e-01 7.691990e-03 -2.318530e+01 -4.747343e-02 2.468227e-02 -9.985675e-01 -3.246070e+00 8.104580e-01 -5.833987e-01 -5.295068e-02 5.106453e+01
-5.887860e-01 -8.082550e-01 7.409271e-03 -2.382554e+01 -4.902758e-02 2.656218e-02 -9.984441e-01 -3.298893e+00 8.068007e-01 -5.882332e-01 -5.526623e-02 5.191084e+01
-5.933630e-01 -8.049124e-01 6.038619e-03 -2.446825e+01 -4.547971e-02 2.603470e-02 -9.986259e-01 -3.360239e+00 8.036492e-01 -5.928223e-01 -5.205521e-02 5.277099e+01
-5.986045e-01 -8.010403e-01 2.658963e-03 -2.511516e+01 -4.042609e-02 2.689430e-02 -9.988205e-01 -3.414944e+00 8.000240e-01 -5.980060e-01 -4.848197e-02 5.363697e+01
-6.027538e-01 -7.979270e-01 5.421399e-04 -2.575647e+01 -3.785987e-02 2.792065e-02 -9.988929e-01 -3.470633e+00 7.970285e-01 -6.021070e-01 -4.703869e-02 5.447984e+01
-6.061015e-01 -7.953870e-01 7.429363e-04 -2.641686e+01 -3.756766e-02 2.769430e-02 -9.989102e-01 -3.514384e+00 7.944996e-01 -6.054689e-01 -4.666639e-02 5.533221e+01
-6.097441e-01 -7.925947e-01 2.404093e-03 -2.705670e+01 -3.930385e-02 2.720677e-02 -9.988568e-01 -3.566964e+00 7.916232e-01 -6.091415e-01 -4.774119e-02 5.616755e+01
-6.141537e-01 -7.891708e-01 4.962097e-03 -2.770634e+01 -4.131415e-02 2.587151e-02 -9.988112e-01 -3.621000e+00 7.881042e-01 -6.136286e-01 -4.849301e-02 5.701569e+01
-6.195145e-01 -7.849622e-01 6.014016e-03 -2.838880e+01 -4.158077e-02 2.516425e-02 -9.988182e-01 -3.666477e+00 7.838832e-01 -6.190324e-01 -4.822895e-02 5.785291e+01
-6.269535e-01 -7.790412e-01 4.909206e-03 -2.910299e+01 -4.071165e-02 2.646959e-02 -9.988202e-01 -3.720322e+00 7.779922e-01 -6.264137e-01 -4.831126e-02 5.869840e+01
-6.332750e-01 -7.739102e-01 5.067912e-03 -2.977559e+01 -4.026159e-02 2.640439e-02 -9.988402e-01 -3.770762e+00 7.728788e-01 -6.327447e-01 -4.788009e-02 5.952039e+01
-6.399627e-01 -7.683650e-01 7.940265e-03 -3.048320e+01 -4.101786e-02 2.384098e-02 -9.988739e-01 -3.830574e+00 7.673104e-01 -6.395677e-01 -4.677403e-02 6.035422e+01
-6.460865e-01 -7.632018e-01 9.760973e-03 -3.118815e+01 -4.175695e-02 2.257414e-02 -9.988728e-01 -3.880872e+00 7.621211e-01 -6.457658e-01 -4.645383e-02 6.116941e+01
-6.517246e-01 -7.583834e-01 1.047332e-02 -3.190499e+01 -4.228316e-02 2.254227e-02 -9.988514e-01 -3.940012e+00 7.572762e-01 -6.514188e-01 -4.675820e-02 6.199488e+01
-6.584074e-01 -7.525625e-01 1.222512e-02 -3.262180e+01 -4.326603e-02 2.162726e-02 -9.988295e-01 -3.996316e+00 7.514172e-01 -6.581656e-01 -4.679994e-02 6.281477e+01
-6.660804e-01 -7.457427e-01 1.430483e-02 -3.335432e+01 -4.484443e-02 2.089552e-02 -9.987754e-01 -4.053031e+00 7.445306e-01 -6.659063e-01 -4.736050e-02 6.362296e+01
-6.732952e-01 -7.392416e-01 1.397868e-02 -3.410818e+01 -4.467467e-02 2.180321e-02 -9.987636e-01 -4.109772e+00 7.380229e-01 -6.730873e-01 -4.770537e-02 6.445326e+01
-6.797915e-01 -7.332789e-01 1.362439e-02 -3.483846e+01 -4.313818e-02 2.143303e-02 -9.988392e-01 -4.167807e+00 7.321357e-01 -6.795900e-01 -4.620231e-02 6.525811e+01
-6.855454e-01 -7.278914e-01 1.419279e-02 -3.558704e+01 -4.268922e-02 2.072920e-02 -9.988734e-01 -4.226006e+00 7.267771e-01 -6.853790e-01 -4.528392e-02 6.605919e+01
-6.919941e-01 -7.217255e-01 1.601548e-02 -3.634148e+01 -4.340130e-02 1.944796e-02 -9.988684e-01 -4.282313e+00 7.205973e-01 -6.919062e-01 -4.478170e-02 6.684481e+01
-6.981540e-01 -7.157267e-01 1.778282e-02 -3.714463e+01 -4.534739e-02 1.941843e-02 -9.987825e-01 -4.343788e+00 7.145101e-01 -6.981104e-01 -4.601340e-02 6.764954e+01
-7.046816e-01 -7.093065e-01 1.755355e-02 -3.796434e+01 -4.485660e-02 1.984643e-02 -9.987963e-01 -4.398980e+00 7.081043e-01 -7.046208e-01 -4.580249e-02 6.843159e+01
-7.104493e-01 -7.035171e-01 1.803796e-02 -3.877855e+01 -4.384625e-02 1.866773e-02 -9.988639e-01 -4.459066e+00 7.023811e-01 -7.104331e-01 -4.410906e-02 6.920102e+01
-7.149400e-01 -6.989641e-01 1.760722e-02 -3.957533e+01 -4.376978e-02 1.960875e-02 -9.988492e-01 -4.519379e+00 6.978144e-01 -7.148879e-01 -4.461259e-02 6.997413e+01
-7.198886e-01 -6.938626e-01 1.775122e-02 -4.039281e+01 -4.427828e-02 2.038634e-02 -9.988112e-01 -4.578288e+00 6.926758e-01 -7.198188e-01 -4.539894e-02 7.076614e+01
-7.246390e-01 -6.888461e-01 1.973386e-02 -4.120638e+01 -4.668468e-02 2.050000e-02 -9.986993e-01 -4.638344e+00 6.875455e-01 -7.246178e-01 -4.701366e-02 7.153946e+01
-7.300419e-01 -6.830562e-01 2.174939e-02 -4.204483e+01 -4.920483e-02 2.079369e-02 -9.985722e-01 -4.701065e+00 6.816286e-01 -7.300698e-01 -4.878993e-02 7.232560e+01
-7.352631e-01 -6.774076e-01 2.251941e-02 -4.292318e+01 -5.057545e-02 2.170183e-02 -9.984844e-01 -4.760191e+00 6.758922e-01 -7.352877e-01 -5.021675e-02 7.312761e+01
-7.398326e-01 -6.724341e-01 2.191314e-02 -4.381645e+01 -4.962076e-02 2.205456e-02 -9.985246e-01 -4.820383e+00 6.709587e-01 -7.398283e-01 -4.968337e-02 7.392151e+01
-7.434537e-01 -6.684396e-01 2.156299e-02 -4.469422e+01 -4.850063e-02 2.173040e-02 -9.985867e-01 -4.890207e+00 6.670264e-01 -7.434489e-01 -4.857529e-02 7.470526e+01
-7.480713e-01 -6.632043e-01 2.344054e-02 -4.558043e+01 -4.884614e-02 1.980150e-02 -9.986100e-01 -4.956855e+00 6.618182e-01 -7.481765e-01 -4.720791e-02 7.546623e+01
-7.519759e-01 -6.587479e-01 2.415531e-02 -4.644924e+01 -4.912760e-02 1.946300e-02 -9.986029e-01 -5.021216e+00 6.573574e-01 -7.521120e-01 -4.699840e-02 7.622724e+01
-7.562531e-01 -6.537901e-01 2.529647e-02 -4.735382e+01 -4.910601e-02 1.816302e-02 -9.986284e-01 -5.084822e+00 6.524339e-01 -7.564580e-01 -4.584086e-02 7.698052e+01
-7.593709e-01 -6.501465e-01 2.579426e-02 -4.825762e+01 -4.875145e-02 1.732028e-02 -9.986607e-01 -5.147651e+00 6.488290e-01 -7.596115e-01 -4.484811e-02 7.773878e+01
-7.625885e-01 -6.463141e-01 2.714535e-02 -4.916701e+01 -4.913020e-02 1.602479e-02 -9.986638e-01 -5.217412e+00 6.450155e-01 -7.629032e-01 -4.397386e-02 7.851349e+01
-7.663976e-01 -6.415712e-01 3.195389e-02 -5.007349e+01 -5.147121e-02 1.174942e-02 -9.986054e-01 -5.280962e+00 6.403010e-01 -7.669734e-01 -4.202718e-02 7.928690e+01
-7.693265e-01 -6.378195e-01 3.637239e-02 -5.097369e+01 -5.344509e-02 7.521481e-03 -9.985425e-01 -5.342384e+00 6.366163e-01 -7.701491e-01 -3.987480e-02 8.005617e+01
-7.733465e-01 -6.327520e-01 3.949727e-02 -5.190165e+01 -5.367607e-02 3.271551e-03 -9.985530e-01 -5.424379e+00 6.317072e-01 -7.743476e-01 -3.649369e-02 8.081039e+01
-7.791426e-01 -6.254064e-01 4.246926e-02 -5.281746e+01 -5.473432e-02 3.841498e-04 -9.985009e-01 -5.506169e+00 6.244525e-01 -7.802991e-01 -3.453051e-02 8.156075e+01
-7.859240e-01 -6.167976e-01 4.340686e-02 -5.375339e+01 -5.355943e-02 -2.027937e-03 -9.985626e-01 -5.581360e+00 6.159990e-01 -7.871192e-01 -3.144152e-02 8.229564e+01
-7.934807e-01 -6.071401e-01 4.206245e-02 -5.471121e+01 -5.099113e-02 -2.548200e-03 -9.986959e-01 -5.656974e+00 6.064555e-01 -7.945907e-01 -2.893681e-02 8.303976e+01
-8.007697e-01 -5.974826e-01 4.222035e-02 -5.567964e+01 -5.077673e-02 -2.519374e-03 -9.987069e-01 -5.734413e+00 5.968163e-01 -8.018780e-01 -2.832078e-02 8.375495e+01
-8.060597e-01 -5.902872e-01 4.276461e-02 -5.662444e+01 -5.291082e-02 -9.390834e-05 -9.985992e-01 -5.806817e+00 5.894644e-01 -8.071933e-01 -3.115688e-02 8.446912e+01
-8.126478e-01 -5.810508e-01 4.453606e-02 -5.762537e+01 -5.405845e-02 -9.300935e-04 -9.985374e-01 -5.879536e+00 5.802423e-01 -8.138667e-01 -3.065487e-02 8.517466e+01
-8.195028e-01 -5.712913e-01 4.518330e-02 -5.863083e+01 -5.495663e-02 -1.363641e-04 -9.984887e-01 -5.948793e+00 5.704340e-01 -8.207474e-01 -3.128449e-02 8.587294e+01
-8.265733e-01 -5.608441e-01 4.722888e-02 -5.968644e+01 -5.419837e-02 -4.208152e-03 -9.985213e-01 -6.020658e+00 5.602135e-01 -8.279108e-01 -2.691849e-02 8.654655e+01
-8.335901e-01 -5.504123e-01 4.662369e-02 -6.072031e+01 -5.334102e-02 -3.801566e-03 -9.985691e-01 -6.100123e+00 5.498019e-01 -8.348843e-01 -2.619060e-02 8.723892e+01
-8.408149e-01 -5.392711e-01 4.708440e-02 -6.175449e+01 -5.345878e-02 -3.834404e-03 -9.985627e-01 -6.182026e+00 5.386766e-01 -8.421235e-01 -2.560475e-02 8.791636e+01
-8.467994e-01 -5.297766e-01 4.761789e-02 -6.280447e+01 -5.421010e-02 -3.100489e-03 -9.985247e-01 -6.257555e+00 5.291427e-01 -8.481315e-01 -2.609375e-02 8.856536e+01
-8.535618e-01 -5.187175e-01 4.862456e-02 -6.387614e+01 -5.456468e-02 -3.812161e-03 -9.985030e-01 -6.329875e+00 5.181263e-01 -8.549372e-01 -2.504974e-02 8.919032e+01
-8.600425e-01 -5.078139e-01 4.951791e-02 -6.496081e+01 -5.606584e-02 -2.404178e-03 -9.984242e-01 -6.407151e+00 5.071328e-01 -8.614634e-01 -2.640332e-02 8.981566e+01
-8.644831e-01 -5.002777e-01 4.890090e-02 -6.600854e+01 -5.604430e-02 -7.489444e-04 -9.984280e-01 -6.486805e+00 4.995279e-01 -8.658647e-01 -2.739026e-02 9.043289e+01
-8.697462e-01 -4.912163e-01 4.741379e-02 -6.714047e+01 -5.460060e-02 2.964216e-04 -9.985082e-01 -6.566582e+00 4.904695e-01 -8.710375e-01 -2.707852e-02 9.105591e+01
-8.743283e-01 -4.830881e-01 4.664604e-02 -6.825583e+01 -5.277758e-02 -9.026864e-04 -9.986059e-01 -6.642181e+00 4.824567e-01 -8.755713e-01 -2.470698e-02 9.164896e+01
-8.798534e-01 -4.728050e-01 4.809700e-02 -6.943147e+01 -5.325920e-02 -2.471001e-03 -9.985777e-01 -6.717539e+00 4.722514e-01 -8.811636e-01 -2.300710e-02 9.224394e+01
-8.838278e-01 -4.650221e-01 5.101816e-02 -7.059427e+01 -5.481516e-02 -5.362239e-03 -9.984821e-01 -6.800602e+00 4.645899e-01 -8.852828e-01 -2.075097e-02 9.283321e+01
-8.865660e-01 -4.595255e-01 5.326281e-02 -7.172021e+01 -5.667727e-02 -6.371726e-03 -9.983722e-01 -6.884279e+00 4.591168e-01 -8.881418e-01 -2.039569e-02 9.343098e+01
-8.897556e-01 -4.530332e-01 5.563992e-02 -7.284851e+01 -5.906055e-02 -6.604618e-03 -9.982325e-01 -6.969186e+00 4.526000e-01 -8.914692e-01 -2.087990e-02 9.401671e+01
-8.913024e-01 -4.495477e-01 5.905038e-02 -7.395342e+01 -6.197737e-02 -8.217782e-03 -9.980437e-01 -7.056909e+00 4.491535e-01 -8.932185e-01 -2.053725e-02 9.457536e+01
-8.944530e-01 -4.430460e-01 6.053048e-02 -7.508781e+01 -6.217965e-02 -1.081833e-02 -9.980063e-01 -7.148979e+00 4.428175e-01 -8.964336e-01 -1.787196e-02 9.513357e+01
-8.964086e-01 -4.394582e-01 5.768992e-02 -7.622090e+01 -5.836147e-02 -1.199592e-02 -9.982234e-01 -7.243503e+00 4.393695e-01 -8.981829e-01 -1.489418e-02 9.568665e+01
-8.978327e-01 -4.365861e-01 5.735056e-02 -7.738272e+01 -5.570905e-02 -1.657452e-02 -9.983095e-01 -7.331471e+00 4.367986e-01 -8.995098e-01 -9.440650e-03 9.622504e+01
-8.997747e-01 -4.324779e-01 5.803682e-02 -7.851763e+01 -5.480854e-02 -1.993787e-02 -9.982978e-01 -7.404984e+00 4.328989e-01 -9.014241e-01 -5.763897e-03 9.673740e+01
-9.018830e-01 -4.280707e-01 5.798738e-02 -7.965874e+01 -5.352695e-02 -2.246021e-02 -9.983138e-01 -7.481021e+00 4.286512e-01 -9.034661e-01 -2.656832e-03 9.725473e+01
-9.030119e-01 -4.258769e-01 5.655530e-02 -8.080708e+01 -5.147611e-02 -2.343688e-02 -9.983992e-01 -7.570983e+00 4.265206e-01 -9.044775e-01 -7.587000e-04 9.779395e+01
-9.044259e-01 -4.230810e-01 5.492142e-02 -8.194584e+01 -4.910415e-02 -2.464635e-02 -9.984896e-01 -7.644928e+00 4.237955e-01 -9.057566e-01 1.515761e-03 9.833086e+01
-9.053618e-01 -4.210155e-01 5.537038e-02 -8.307400e+01 -4.912326e-02 -2.567821e-02 -9.984626e-01 -7.728743e+00 4.217900e-01 -9.066899e-01 2.566420e-03 9.884275e+01
-9.070197e-01 -4.174694e-01 5.508727e-02 -8.417138e+01 -4.843329e-02 -2.652474e-02 -9.984742e-01 -7.805582e+00 4.182936e-01 -9.083037e-01 3.839047e-03 9.934795e+01
-9.077466e-01 -4.160111e-01 5.413775e-02 -8.527562e+01 -4.616376e-02 -2.921056e-02 -9.985067e-01 -7.879725e+00 4.169713e-01 -9.088902e-01 7.311149e-03 9.985323e+01
-9.077648e-01 -4.159883e-01 5.400753e-02 -8.640173e+01 -4.432156e-02 -3.291346e-02 -9.984750e-01 -7.955163e+00 4.171315e-01 -9.087741e-01 1.144043e-02 1.003606e+02
-9.080713e-01 -4.150659e-01 5.591793e-02 -8.747742e+01 -4.495097e-02 -3.615360e-02 -9.983348e-01 -8.025141e+00 4.163963e-01 -9.090728e-01 1.417243e-02 1.008347e+02
-9.084882e-01 -4.138956e-01 5.778926e-02 -8.854282e+01 -4.589673e-02 -3.862941e-02 -9.981990e-01 -8.092902e+00 4.153825e-01 -9.095044e-01 1.609791e-02 1.013050e+02
-9.091755e-01 -4.122293e-01 5.888145e-02 -8.960806e+01 -4.661672e-02 -3.975473e-02 -9.981214e-01 -8.168674e+00 4.137957e-01 -9.102123e-01 1.692724e-02 1.017758e+02
-9.101381e-01 -4.102910e-01 5.753147e-02 -9.067526e+01 -4.679823e-02 -3.616436e-02 -9.982495e-01 -8.244596e+00 4.116534e-01 -9.112373e-01 1.371367e-02 1.022702e+02
-9.098491e-01 -4.109297e-01 5.754398e-02 -9.172604e+01 -4.767225e-02 -3.423996e-02 -9.982760e-01 -8.317730e+00 4.121916e-01 -9.110238e-01 1.156325e-02 1.027367e+02
-9.080509e-01 -4.148894e-01 5.753539e-02 -9.274307e+01 -4.826899e-02 -3.279584e-02 -9.982958e-01 -8.389237e+00 4.160693e-01 -9.092806e-01 9.754002e-03 1.032010e+02
-9.055550e-01 -4.203015e-01 5.759212e-02 -9.375317e+01 -4.927180e-02 -3.063700e-02 -9.983154e-01 -8.458710e+00 4.213579e-01 -9.068671e-01 7.034478e-03 1.036511e+02
-9.029969e-01 -4.257257e-01 5.791574e-02 -9.477449e+01 -4.987419e-02 -3.002235e-02 -9.983042e-01 -8.521498e+00 4.267425e-01 -9.043540e-01 5.877360e-03 1.041071e+02
-9.009645e-01 -4.301938e-01 5.653531e-02 -9.578457e+01 -4.890557e-02 -2.878243e-02 -9.983886e-01 -8.595448e+00 4.311278e-01 -9.022776e-01 4.893080e-03 1.045844e+02
-8.973695e-01 -4.378836e-01 5.464421e-02 -9.678874e+01 -4.780992e-02 -2.662617e-02 -9.985015e-01 -8.662641e+00 4.386823e-01 -8.986374e-01 2.958332e-03 1.050660e+02
-8.924332e-01 -4.478443e-01 5.475900e-02 -9.778188e+01 -4.774323e-02 -2.694909e-02 -9.984961e-01 -8.723940e+00 4.486465e-01 -8.937054e-01 2.668723e-03 1.055494e+02
-8.879255e-01 -4.566864e-01 5.500790e-02 -9.875636e+01 -4.760211e-02 -2.771544e-02 -9.984818e-01 -8.793165e+00 4.575176e-01 -8.891959e-01 2.870007e-03 1.060372e+02
-8.821945e-01 -4.677764e-01 5.402052e-02 -9.971742e+01 -4.774611e-02 -2.526909e-02 -9.985398e-01 -8.851343e+00 4.684584e-01 -8.834856e-01 -4.224466e-05 1.065294e+02
-8.755797e-01 -4.798805e-01 5.545232e-02 -1.006767e+02 -5.035042e-02 -2.350760e-02 -9.984549e-01 -8.914150e+00 4.804426e-01 -8.770189e-01 -3.579403e-03 1.070265e+02
-8.694903e-01 -4.907124e-01 5.646234e-02 -1.016074e+02 -5.180461e-02 -2.308452e-02 -9.983904e-01 -8.984669e+00 4.912259e-01 -8.710158e-01 -5.349394e-03 1.075369e+02
-8.630049e-01 -5.021331e-01 5.554236e-02 -1.025630e+02 -5.136802e-02 -2.215454e-02 -9.984340e-01 -9.057488e+00 5.025772e-01 -8.645065e-01 -6.674107e-03 1.080891e+02
-8.558891e-01 -5.144551e-01 5.281769e-02 -1.034860e+02 -4.937282e-02 -2.038006e-02 -9.985725e-01 -9.123883e+00 5.147971e-01 -8.572751e-01 -7.957023e-03 1.086223e+02
-8.481572e-01 -5.272658e-01 5.118625e-02 -1.044007e+02 -4.781022e-02 -2.004082e-02 -9.986554e-01 -9.187441e+00 5.275827e-01 -8.494640e-01 -8.210925e-03 1.091657e+02
-8.408977e-01 -5.388434e-01 5.038731e-02 -1.053158e+02 -4.702157e-02 -2.000794e-02 -9.986935e-01 -9.252213e+00 5.391475e-01 -8.421683e-01 -8.512628e-03 1.097239e+02
-8.337681e-01 -5.497525e-01 5.101910e-02 -1.062056e+02 -4.766363e-02 -2.039113e-02 -9.986553e-01 -9.313399e+00 5.500536e-01 -8.350787e-01 -9.201727e-03 1.102877e+02
-8.264292e-01 -5.606091e-01 5.226933e-02 -1.070844e+02 -4.853449e-02 -2.155735e-02 -9.985889e-01 -9.379864e+00 5.609448e-01 -8.277999e-01 -9.393255e-03 1.108601e+02
-8.185533e-01 -5.720502e-01 5.224060e-02 -1.079654e+02 -4.947869e-02 -2.039121e-02 -9.985670e-01 -9.433545e+00 5.722957e-01 -8.199651e-01 -1.161301e-02 1.114810e+02
-8.111239e-01 -5.826195e-01 5.130833e-02 -1.088322e+02 -4.836176e-02 -2.061378e-02 -9.986172e-01 -9.504024e+00 5.828714e-01 -8.124836e-01 -1.145617e-02 1.121091e+02
-8.033839e-01 -5.934759e-01 4.858521e-02 -1.096753e+02 -4.650364e-02 -1.881080e-02 -9.987410e-01 -9.566226e+00 5.936427e-01 -8.046319e-01 -1.248650e-02 1.127340e+02
-7.966996e-01 -6.026849e-01 4.517299e-02 -1.104839e+02 -4.290485e-02 -1.815487e-02 -9.989142e-01 -9.628194e+00 6.028506e-01 -7.977727e-01 -1.139412e-02 1.133617e+02
-7.887760e-01 -6.130695e-01 4.447690e-02 -1.112904e+02 -4.216437e-02 -1.822257e-02 -9.989445e-01 -9.684965e+00 6.132329e-01 -7.898188e-01 -1.147616e-02 1.139676e+02
-7.803064e-01 -6.238347e-01 4.418283e-02 -1.120896e+02 -4.274876e-02 -1.727814e-02 -9.989364e-01 -9.742079e+00 6.239346e-01 -7.813653e-01 -1.318592e-02 1.145737e+02
-7.731790e-01 -6.326127e-01 4.467000e-02 -1.128550e+02 -4.323549e-02 -1.769243e-02 -9.989082e-01 -9.805727e+00 6.327124e-01 -7.742662e-01 -1.367191e-02 1.151832e+02
-7.654734e-01 -6.419486e-01 4.418672e-02 -1.136422e+02 -4.279663e-02 -1.772666e-02 -9.989265e-01 -9.860985e+00 6.420428e-01 -7.665427e-01 -1.390395e-02 1.158234e+02
-7.581687e-01 -6.507245e-01 4.168838e-02 -1.143855e+02 -4.060725e-02 -1.669069e-02 -9.990358e-01 -9.922137e+00 6.507928e-01 -7.591305e-01 -1.376977e-02 1.164760e+02
-7.510535e-01 -6.589858e-01 4.069939e-02 -1.151223e+02 -3.888541e-02 -1.738647e-02 -9.990924e-01 -9.969992e+00 6.590953e-01 -7.519544e-01 -1.256676e-02 1.171061e+02
-7.437121e-01 -6.673700e-01 3.885390e-02 -1.158312e+02 -3.806604e-02 -1.574950e-02 -9.991511e-01 -1.001466e+01 6.674153e-01 -7.445598e-01 -1.369104e-02 1.177382e+02
-7.359559e-01 -6.759531e-01 3.816210e-02 -1.165232e+02 -3.877967e-02 -1.418652e-02 -9.991471e-01 -1.006136e+01 6.759179e-01 -7.368081e-01 -1.577259e-02 1.183713e+02
-7.296392e-01 -6.828386e-01 3.685175e-02 -1.172101e+02 -3.796549e-02 -1.335716e-02 -9.991898e-01 -1.011083e+01 6.827776e-01 -7.304472e-01 -1.617840e-02 1.190037e+02
-7.223369e-01 -6.906966e-01 3.416879e-02 -1.178846e+02 -3.540410e-02 -1.240929e-02 -9.992960e-01 -1.015910e+01 6.906344e-01 -7.230382e-01 -1.548980e-02 1.196709e+02
-7.161376e-01 -6.972548e-01 3.134610e-02 -1.185594e+02 -3.254236e-02 -1.150600e-02 -9.994041e-01 -1.020610e+01 6.972000e-01 -7.167310e-01 -1.445044e-02 1.203151e+02
-7.076559e-01 -7.059496e-01 2.929642e-02 -1.192291e+02 -3.130282e-02 -1.009837e-02 -9.994589e-01 -1.026010e+01 7.058635e-01 -7.081901e-01 -1.495204e-02 1.209811e+02
-6.993282e-01 -7.142418e-01 2.826194e-02 -1.198872e+02 -3.059571e-02 -9.591935e-03 -9.994858e-01 -1.030531e+01 7.141457e-01 -6.998333e-01 -1.514483e-02 1.216104e+02
-6.914536e-01 -7.219601e-01 2.580058e-02 -1.205158e+02 -2.931242e-02 -7.646631e-03 -9.995410e-01 -1.033958e+01 7.218260e-01 -6.918925e-01 -1.587510e-02 1.222674e+02
-6.821427e-01 -7.308772e-01 2.235734e-02 -1.211268e+02 -2.672103e-02 -5.639032e-03 -9.996271e-01 -1.037525e+01 7.307307e-01 -6.824857e-01 -1.568317e-02 1.229181e+02
-6.727054e-01 -7.396830e-01 1.834632e-02 -1.217229e+02 -2.338176e-02 -3.531452e-03 -9.997204e-01 -1.040848e+01 7.395409e-01 -6.729462e-01 -1.491947e-02 1.235578e+02
-6.609787e-01 -7.502332e-01 1.604074e-02 -1.223144e+02 -2.227065e-02 -1.754536e-03 -9.997504e-01 -1.044586e+01 7.500741e-01 -6.611710e-01 -1.554847e-02 1.242209e+02
-6.483713e-01 -7.611668e-01 1.548333e-02 -1.228746e+02 -2.336513e-02 -4.333012e-04 -9.997269e-01 -1.047233e+01 7.609656e-01 -6.485561e-01 -1.750382e-02 1.248678e+02
-6.375208e-01 -7.702692e-01 1.589407e-02 -1.234026e+02 -2.447486e-02 -3.713969e-04 -9.997004e-01 -1.050908e+01 7.700443e-01 -6.377188e-01 -1.861545e-02 1.255122e+02
-6.256955e-01 -7.799130e-01 1.551651e-02 -1.239468e+02 -2.437352e-02 -3.352852e-04 -9.997029e-01 -1.053839e+01 7.796865e-01 -6.258878e-01 -1.879944e-02 1.261562e+02
-6.134415e-01 -7.896218e-01 1.367144e-02 -1.244814e+02 -2.280264e-02 4.055081e-04 -9.997399e-01 -1.056011e+01 7.894108e-01 -6.135938e-01 -1.825421e-02 1.268158e+02
-5.992021e-01 -8.005254e-01 1.076891e-02 -1.249632e+02 -1.972117e-02 1.311831e-03 -9.998047e-01 -1.059852e+01 8.003549e-01 -5.992974e-01 -1.657335e-02 1.275245e+02
-5.859690e-01 -8.102758e-01 9.663443e-03 -1.254523e+02 -1.813722e-02 1.192192e-03 -9.998348e-01 -1.061749e+01 8.101304e-01 -5.860475e-01 -1.539474e-02 1.282080e+02
-5.732865e-01 -8.193128e-01 8.318529e-03 -1.259296e+02 -1.571841e-02 8.466309e-04 -9.998761e-01 -1.063943e+01 8.192042e-01 -5.733463e-01 -1.336366e-02 1.289006e+02
-5.609761e-01 -8.277992e-01 7.366993e-03 -1.264137e+02 -1.353728e-02 2.751572e-04 -9.999083e-01 -1.065974e+01 8.277212e-01 -5.610245e-01 -1.136051e-02 1.296031e+02
-5.496302e-01 -8.353766e-01 7.257754e-03 -1.269074e+02 -1.182039e-02 -9.102499e-04 -9.999297e-01 -1.068326e+01 8.353245e-01 -5.496774e-01 -9.374175e-03 1.303028e+02
-5.394900e-01 -8.419639e-01 6.877281e-03 -1.273600e+02 -1.108444e-02 -1.065261e-03 -9.999380e-01 -1.070712e+01 8.419190e-01 -5.395328e-01 -8.757998e-03 1.310070e+02
-5.287499e-01 -8.487601e-01 5.470110e-03 -1.277956e+02 -1.025768e-02 -5.428529e-05 -9.999474e-01 -1.072315e+01 8.487157e-01 -5.287782e-01 -8.677606e-03 1.317108e+02
-5.184094e-01 -8.551242e-01 3.775145e-03 -1.282233e+02 -9.587178e-03 1.397592e-03 -9.999531e-01 -1.074486e+01 8.550788e-01 -5.184212e-01 -8.922753e-03 1.324190e+02
-5.076181e-01 -8.615782e-01 2.632246e-03 -1.286583e+02 -9.152345e-03 2.337300e-03 -9.999554e-01 -1.075912e+01 8.615336e-01 -5.076195e-01 -9.071917e-03 1.331302e+02
-4.968960e-01 -8.678043e-01 3.162284e-03 -1.291103e+02 -9.155776e-03 1.598657e-03 -9.999568e-01 -1.077831e+01 8.677618e-01 -4.969035e-01 -8.739789e-03 1.338715e+02
-4.880332e-01 -8.728149e-01 4.211967e-03 -1.295356e+02 -9.946201e-03 7.359172e-04 -9.999503e-01 -1.079321e+01 8.727683e-01 -4.880509e-01 -9.040345e-03 1.346125e+02
-4.799039e-01 -8.773091e-01 4.572271e-03 -1.299456e+02 -1.029365e-02 4.193883e-04 -9.999470e-01 -1.080455e+01 8.772607e-01 -4.799255e-01 -9.231978e-03 1.353882e+02
-4.733800e-01 -8.808498e-01 3.886408e-03 -1.303567e+02 -9.841744e-03 8.771821e-04 -9.999512e-01 -1.081995e+01 8.808033e-01 -4.733951e-01 -9.084338e-03 1.361522e+02
-4.662711e-01 -8.846396e-01 2.030169e-03 -1.307694e+02 -6.512800e-03 1.137871e-03 -9.999781e-01 -1.084125e+01 8.846179e-01 -4.662741e-01 -6.292037e-03 1.369491e+02
-4.608807e-01 -8.874606e-01 -1.630463e-03 -1.311899e+02 -2.403999e-03 3.085667e-03 -9.999924e-01 -1.084984e+01 8.874589e-01 -4.608732e-01 -3.555578e-03 1.377293e+02
-4.543850e-01 -8.907938e-01 -4.558581e-03 -1.316176e+02 4.983576e-04 4.863169e-03 -9.999881e-01 -1.085371e+01 8.908053e-01 -4.543818e-01 -1.765817e-03 1.385359e+02
-4.475932e-01 -8.942101e-01 -6.975424e-03 -1.320497e+02 2.627715e-03 6.485171e-03 -9.999755e-01 -1.086324e+01 8.942335e-01 -4.476005e-01 -5.529887e-04 1.393479e+02
-4.419934e-01 -8.969755e-01 -8.768312e-03 -1.324846e+02 4.707957e-03 7.455148e-03 -9.999611e-01 -1.086140e+01 8.970060e-01 -4.420175e-01 9.277955e-04 1.401561e+02
-4.336723e-01 -9.010104e-01 -1.041976e-02 -1.329028e+02 7.599025e-03 7.906286e-03 -9.999399e-01 -1.086251e+01 9.010386e-01 -4.337254e-01 3.418064e-03 1.410400e+02
-4.267401e-01 -9.043127e-01 -1.055257e-02 -1.333268e+02 9.478221e-03 7.195616e-03 -9.999292e-01 -1.086131e+01 9.043246e-01 -4.268099e-01 5.500617e-03 1.419108e+02
-4.191328e-01 -9.078630e-01 -1.060402e-02 -1.337278e+02 1.045295e-02 6.853481e-03 -9.999219e-01 -1.086154e+01 9.078647e-01 -4.192109e-01 6.617324e-03 1.428021e+02
-4.105372e-01 -9.117832e-01 -1.051378e-02 -1.341109e+02 1.069114e-02 6.716327e-03 -9.999203e-01 -1.084788e+01 9.117812e-01 -4.106169e-01 6.990701e-03 1.437010e+02
-4.022925e-01 -9.154744e-01 -8.213812e-03 -1.345044e+02 1.058029e-02 4.322245e-03 -9.999347e-01 -1.085378e+01 9.154500e-01 -4.023531e-01 7.947179e-03 1.445941e+02
-3.927171e-01 -9.196326e-01 -7.016184e-03 -1.348649e+02 9.795201e-03 3.446010e-03 -9.999461e-01 -1.084711e+01 9.196072e-01 -3.927647e-01 7.654679e-03 1.455030e+02
-3.813624e-01 -9.244052e-01 -6.138479e-03 -1.352431e+02 8.095662e-03 3.300353e-03 -9.999618e-01 -1.084047e+01 9.243901e-01 -3.813975e-01 6.225041e-03 1.464102e+02
-3.689550e-01 -9.294145e-01 -7.810153e-03 -1.356317e+02 7.185883e-03 5.550337e-03 -9.999588e-01 -1.083756e+01 9.294195e-01 -3.689959e-01 4.630839e-03 1.473390e+02
-3.517324e-01 -9.360305e-01 -1.145437e-02 -1.360098e+02 8.233845e-03 9.142218e-03 -9.999243e-01 -1.084796e+01 9.360644e-01 -3.518001e-01 4.491515e-03 1.483410e+02
-3.335670e-01 -9.426016e-01 -1.533563e-02 -1.363790e+02 1.098956e-02 1.237827e-02 -9.998630e-01 -1.084622e+01 9.426624e-01 -3.336898e-01 6.229791e-03 1.493383e+02
-3.153407e-01 -9.487992e-01 -1.844732e-02 -1.367602e+02 1.269461e-02 1.521984e-02 -9.998036e-01 -1.084456e+01 9.488936e-01 -3.155130e-01 7.245199e-03 1.503166e+02
-2.945672e-01 -9.554231e-01 -1.992316e-02 -1.371096e+02 1.366314e-02 1.663539e-02 -9.997683e-01 -1.083707e+01 9.555331e-01 -2.947712e-01 8.153837e-03 1.513623e+02
-2.727545e-01 -9.618420e-01 -2.156386e-02 -1.374249e+02 1.512624e-02 1.812367e-02 -9.997213e-01 -1.081693e+01 9.619648e-01 -2.730046e-01 9.605740e-03 1.523879e+02
-2.478999e-01 -9.685109e-01 -2.306872e-02 -1.376726e+02 1.801043e-02 1.920055e-02 -9.996534e-01 -1.081998e+01 9.686182e-01 -2.482295e-01 1.268348e-02 1.534728e+02
-2.268233e-01 -9.736086e-01 -2.525141e-02 -1.379590e+02 2.137543e-02 2.094441e-02 -9.995521e-01 -1.080242e+01 9.737014e-01 -2.272615e-01 1.606062e-02 1.545288e+02
-2.046014e-01 -9.784650e-01 -2.728635e-02 -1.381967e+02 2.547183e-02 2.254448e-02 -9.994213e-01 -1.078480e+01 9.785139e-01 -2.051781e-01 2.031066e-02 1.556209e+02
-1.828981e-01 -9.826874e-01 -2.956146e-02 -1.384209e+02 2.887539e-02 2.468626e-02 -9.992781e-01 -1.077006e+01 9.827077e-01 -1.836196e-01 2.386042e-02 1.567467e+02
-1.614102e-01 -9.864000e-01 -3.101144e-02 -1.386363e+02 2.887596e-02 2.668956e-02 -9.992266e-01 -1.074560e+01 9.864649e-01 -1.621809e-01 2.417528e-02 1.578511e+02
-1.382945e-01 -9.898893e-01 -3.152540e-02 -1.387798e+02 2.709237e-02 2.803819e-02 -9.992396e-01 -1.072502e+01 9.900205e-01 -1.390434e-01 2.294092e-02 1.590367e+02
-1.169525e-01 -9.926387e-01 -3.147171e-02 -1.389299e+02 2.582287e-02 2.863908e-02 -9.992562e-01 -1.069528e+01 9.928017e-01 -1.176782e-01 2.228337e-02 1.601919e+02
-9.758516e-02 -9.947672e-01 -3.025279e-02 -1.390782e+02 2.749890e-02 2.769116e-02 -9.992382e-01 -1.067667e+01 9.948472e-01 -9.834273e-02 2.465276e-02 1.613586e+02
-7.659022e-02 -9.965788e-01 -3.106034e-02 -1.391664e+02 2.928519e-02 2.888993e-02 -9.991535e-01 -1.065760e+01 9.966325e-01 -7.743499e-02 2.697231e-02 1.625718e+02
-5.537670e-02 -9.979744e-01 -3.131358e-02 -1.392395e+02 3.000034e-02 2.968448e-02 -9.991090e-01 -1.062657e+01 9.980147e-01 -5.626677e-02 2.829575e-02 1.637861e+02
-3.605974e-02 -9.988164e-01 -3.264285e-02 -1.393284e+02 3.037571e-02 3.155353e-02 -9.990404e-01 -1.059657e+01 9.988879e-01 -3.701669e-02 2.920195e-02 1.650028e+02
-1.416633e-02 -9.993561e-01 -3.296597e-02 -1.393338e+02 3.082728e-02 3.251709e-02 -9.989957e-01 -1.056634e+01 9.994243e-01 -1.516835e-02 3.034678e-02 1.662634e+02
5.430819e-03 -9.993623e-01 -3.529153e-02 -1.393557e+02 3.042382e-02 3.544084e-02 -9.989086e-01 -1.054304e+01 9.995223e-01 4.351188e-03 3.059689e-02 1.674857e+02
2.474782e-02 -9.990324e-01 -3.635808e-02 -1.393693e+02 2.920941e-02 3.707631e-02 -9.988855e-01 -1.051213e+01 9.992669e-01 2.365824e-02 3.009871e-02 1.687246e+02
4.510541e-02 -9.983047e-01 -3.678540e-02 -1.392871e+02 2.744791e-02 3.804744e-02 -9.988989e-01 -1.048859e+01 9.986051e-01 4.404606e-02 2.911753e-02 1.699725e+02
6.278458e-02 -9.972870e-01 -3.842769e-02 -1.392452e+02 2.480447e-02 4.005102e-02 -9.988897e-01 -1.046000e+01 9.977188e-01 6.176170e-02 2.725176e-02 1.712269e+02
8.300056e-02 -9.957713e-01 -3.937526e-02 -1.390975e+02 2.294534e-02 4.141070e-02 -9.988787e-01 -1.043094e+01 9.962853e-01 8.200400e-02 2.628542e-02 1.725462e+02
1.010473e-01 -9.941057e-01 -3.928483e-02 -1.389921e+02 2.007077e-02 4.151585e-02 -9.989362e-01 -1.042093e+01 9.946792e-01 1.001513e-01 2.414753e-02 1.738399e+02
1.201146e-01 -9.919283e-01 -4.062813e-02 -1.388541e+02 1.462050e-02 4.268745e-02 -9.989815e-01 -1.039653e+01 9.926524e-01 1.193982e-01 1.962987e-02 1.751680e+02
