0.007053559712666626 -0.9999724785802193 -0.0022784100352638936 -0.08267205354334872 -0.009282317956028971 0.002212893449939401 -0.9999544770477843 -0.40834444371011763 0.9999320825029826 0.0070743876272406124 -0.009266453162606027 -0.32905737369585336
0.005139814743469826 -0.9999857997855551 -0.0013919701158055053 -0.08207489078177305 -0.009676025387109637 0.0013421892019766658 -0.9999522529568562 -0.5950761068056816 0.9999400391323198 0.0051530383173085965 -0.009668988845446492 -0.31786408998825155
0.0037576831477322474 -0.9999928670141796 0.00017619934714463136 -0.08006288391746104 -0.01204400010536497 -0.00022144613828177468 -0.9999274458405023 -0.8782090086758316 0.9999204518802355 0.0037552886522057675 -0.012044746009450472 -0.311674335775649
0.0013534830098459818 -0.9999980727597176 0.0013978862443755472 -0.07706103092484312 -0.017497428887568004 -0.0014213563524874111 -0.9998459045405448 -1.2749525128304597 0.9998460765772296 0.0013288155349966536 -0.01749931765735857 -0.31658489990316874
0.0002797313761296356 -0.9999959990260051 0.0028031161814688335 -0.0647528889608415 -0.027902588823186893 -0.00280983089168664 -0.9996067101868614 -1.6338162778323224 0.9996106498252253 0.0002014068870952083 -0.027903257484442997 -0.3236523390727596
0.0004858178025138481 -0.9999963291069963 0.0026565417524518856 -0.05913558393190468 -0.043399608107106455 -0.002675123523569988 -0.9990542312147139 -1.968401530986237 0.999057702114864 0.00037006572079427614 -0.04340074627894386 -0.34330335761553743
0.0034570844224944427 -0.9999900303656222 0.0028008590062969787 -0.055360063102199014 -0.06197606060673446 -0.003009748860722656 -0.9980731654525425 -2.3231042727267357 0.9980716518995546 0.003276837823978767 -0.06198584656177178 -0.40090915352286666
0.006480761800182761 -0.9999702381469994 0.004176421710396993 -0.04843048735539561 -0.08185327531956675 -0.0046929724460004815 -0.9966332919905575 -2.6852709234910894 0.9966234247716503 0.006117088890421621 -0.08188124435418229 -0.4421811103228163
0.0070897255157422335 -0.9999650999066264 0.004407672121037396 -0.04859953666706997 -0.10141209554149844 -0.005104052445014125 -0.9948314617780336 -3.0372593181288585 0.9948193348752189 0.006606090203859631 -0.1014447296007281 -0.48404462820091276
0.007417394817264632 -0.9999657383856578 0.0036672014897887032 -0.04458473265819312 -0.12272768600566193 -0.004549917105361955 -0.9924299641181349 -3.3988197515173875 0.9924126885582037 0.006911177889189368 -0.12275725861190268 -0.536317210539714
0.006678277508549588 -0.9999741759508507 0.002646285485926122 -0.03518517712033993 -0.14250966822127753 -0.003571070970406344 -0.989786960444542 -3.765427330043766 0.9897709297922708 0.006232950651702868 -0.14252984863814325 -0.5905570564930618
0.007150295261233401 -0.9999724132408049 0.001959167899654788 -0.029003298191289113 -0.1599375826829473 -0.0030776233053655708 -0.9871223716983125 -4.168851518780414 0.9871012277553802 0.006744871776709223 -0.15995514785586784 -0.6837853284971585
0.007886320815618618 -0.9999676067791933 0.0015784883031827786 -0.02477075988169549 -0.17641197922385723 -0.0029450618017056547 -0.9843120261959605 -4.589929959370819 0.9842848988323838 0.007484135929152589 -0.176429473113913 -0.7848468219133564
0.008175960856295666 -0.9999650702816332 0.0016833492461510397 -0.0195185224317301 -0.1899382375663699 -0.003205735869816216 -0.9817908322341281 -4.996713454599651 0.9817620222832053 0.007707351176623624 -0.18995775698647946 -0.8724290802376244
0.0075395038462238466 -0.9999681047406503 0.002617290840717309 -0.013118266293557251 -0.2013311998346709 -0.0040817423975562876 -0.9795147170739702 -5.429670352365494 0.9794942377856837 0.006858112805809433 -0.20135563184866753 -0.9577047828205307
0.005265621809638977 -0.9999779303857076 0.00403198314359988 -0.002977478806127573 -0.21023672107910044 -0.005048955744942784 -0.9776375289323459 -5.865725270962594 0.9776363235829932 0.004300198586484586 -0.2102586610646962 -1.048507178249472
0.005580848055624799 -0.9999678037058126 0.005745880639823025 0.0014894606674967503 -0.21832523625126937 -0.006825788766979438 -0.975852207338931 -6.33419056367492 0.9758601343907054 0.004191612332254464 -0.21835631828864535 -1.1655786184738919
0.005927106189594779 -0.9999524404301053 0.007743268120940462 0.0015267810580839453 -0.226316848779743 -0.008883874418909513 -0.9740132062423608 -6.804161494365524 0.9740357280804811 0.004020648016952567 -0.22635874177068527 -1.282591287537249
0.006476008650917659 -0.9999269247290222 0.010210216556351803 0.01235969480831614 -0.23318547768323433 -0.011439001388384211 -0.9723650366234768 -7.284641403212942 0.9724107248940045 0.003916171672416649 -0.23324247526253344 -1.4052623285474732
0.00338141123223539 -0.9999203591072522 0.012155046436272566 0.018383246287494007 -0.2423815398411424 -0.01261220187994898 -0.9700990602652404 -7.777092747325462 0.9701751435412472 0.00033414443962932684 -0.2424048853522864 -1.5248801429436962
-0.0026982686910004975 -0.9999092207455644 0.013199779555215577 0.03296216933926342 -0.25010229082334373 -0.012105541159943993 -0.9681437433755061 -8.281532840897146 0.9682156362412407 -0.005913611599070539 -0.25004697614905547 -1.6461696675710393
-0.003308146186708752 -0.999880407446924 0.015105720155017922 0.05115616245214949 -0.25738555755734316 -0.013745489395523803 -0.9662110497961406 -8.813145236992767 0.9663031785192802 -0.007084359920151058 -0.25730928441776746 -1.7796926002167945
0.0016281370248598186 -0.9998094347363355 0.019450437150571407 0.05457379067249647 -0.2666671662016667 -0.0191802290710833 -0.9635977701652078 -9.352700631089226 0.9637873351925763 -0.003617921395778663 -0.26664759895377654 -1.9492973419904078
0.004743016523239852 -0.9997198984034614 0.023184374789217983 0.07751775636805024 -0.27518769248026026 -0.023594348398831736 -0.9611009889773646 -9.895947636513585 0.9613788191363218 -0.001821536582908953 -0.2752225651244081 -2.112541591266663
0.003884718833256281 -0.9996991894887869 0.02421505790500775 0.08852461285446164 -0.28336214262427856 -0.02432318979526629 -0.9587044814228634 -10.447159735297753 0.9590051993460397 -0.0031373294584637443 -0.28337141803799 -2.2734114294087284
0.002887672060806904 -0.9996574892218854 0.026008492575521347 0.11141908372607569 -0.29166886592341773 -0.025719682138210034 -0.9561734484548001 -11.017865340074467 0.9565150364365277 -0.0048247482728339475 -0.29164334492259686 -2.4380147577979483
0.003065606464371196 -0.999578463090133 0.02886940545114299 0.1381536390289942 -0.2986545610786828 -0.02846714595722069 -0.953936657088733 -11.61568996608106 0.9543563659387454 -0.005697590917156417 -0.29861598850715043 -2.6379453880542405
0.00570891900402 -0.9994734449828627 0.03194041811295027 0.1603362036373577 -0.30636768788268476 -0.032153120235283585 -0.9513700311534369 -12.191017257216457 0.9518961958563776 -0.004354218503568779 -0.30638992076873645 -2.8347743179998215
0.00632224322067526 -0.9993077407554317 0.03665973527824382 0.1825667797835807 -0.31470355742504336 -0.036786012752428425 -0.9484769700208161 -12.759349761154935 0.9491689585274533 -0.005540444329778527 -0.31471836116824686 -3.0191959349469606
0.008030176296669219 -0.999000230939212 0.0439763255362219 0.21330712732723356 -0.31976552540411696 -0.044233990394837545 -0.9464636564965427 -13.370941793259545 0.9474628037910043 -0.006461844710372817 -0.31980102440183167 -3.2251992129579112
0.010027685961002094 -0.998563447855862 0.05263316490918599 0.24632079688037053 -0.32471524010558767 -0.053035077410085694 -0.9443237779889845 -13.984586386270184 0.9457587659230903 -0.007621414712420133 -0.32478057055091636 -3.446980572745443
0.012365332563956133 -0.998079171192569 0.0607039554698684 0.28549357685227744 -0.32725247881117797 -0.06140470316800935 -0.9429396878433749 -14.621273750358913 0.9448560813915731 -0.008205762290973084 -0.32738318739594674 -3.6722543845824847
0.016159384386716234 -0.9974253474013722 0.0698684255234148 0.32482604320355724 -0.33296493282096934 -0.07125726199631599 -0.9402429564854479 -15.250015858883069 0.9428008433507996 -0.008069982538700308 -0.33325909739040027 -3.9034209138760225
0.01925780350502538 -0.9968659601246241 0.07672920230155737 0.37886991559332606 -0.33658829765880655 -0.07872792665902445 -0.938355032660803 -15.891243951528944 0.9414549879726841 -0.007755485173643504 -0.3370495568460009 -4.147331452063595
0.024120969546102808 -0.9962189860316716 0.08346099255116601 0.4365869239781989 -0.34087348427482483 -0.08667815436017005 -0.9361048347090082 -16.5551288733108 0.939799674190902 -0.005869887849080941 -0.34167541518593275 -4.397114760346762
0.02815360818674871 -0.9956463231449056 0.0888570751145524 0.49991163970114305 -0.3452687543570718 -0.0931072255296859 -0.9338739766637582 -17.209075216092483 0.938081495215509 -0.004387658040733414 -0.34638687265706286 -4.6521948528282815
0.03221928543751624 -0.9950260081486277 0.09426003094634129 0.5695646669586382 -0.34895424090411054 -0.09957307959447473 -0.9318348128902614 -17.88035745705687 0.9365858173021572 -0.0028693847423606417 -0.3504267458430415 -4.9051059252934035
0.03563403119174495 -0.9946525453750235 0.0969353881144294 0.6420825564202614 -0.3547046846016524 -0.10326972494406675 -0.9292577778736685 -18.559153308270044 0.9342991674197337 -0.0012702241498513817 -0.3564877262476782 -5.1783749058697115
0.038840275831088227 -0.9943681361444644 0.098607246875123 0.7145933811251576 -0.3591377483274492 -0.10597917483247409 -0.9272477943943764 -19.26212322569001 0.932476082637691 0.000600990695879812 -0.36123138099861424 -5.452024371445517
0.04087685528066755 -0.9943536505066601 0.09792725613930399 0.7974297142727476 -0.3651231646010292 -0.10609647808335324 -0.924893891027788 -19.973074336285553 0.930061480623592 0.0020512329563369017 -0.3673983871973143 -5.73102451247252
0.03926976238036517 -0.9946132849513688 0.09592823122601012 0.8777462052715753 -0.3704428107390854 -0.10365251468057106 -0.9230538241461488 -20.700195356048155 0.9280248273854912 0.000712164630200724 -0.3725176976997941 -6.021062658044781
0.03959949387714288 -0.9948092854973792 0.09373520335454953 0.9537893334074611 -0.37904587118030086 -0.10175270961012296 -0.9197666141363026 -21.420970118111175 0.9245302981864063 0.000892342997516045 -0.3811077442670199 -6.315566499783162
0.03933463499009001 -0.9950985715229421 0.09072842388574819 1.0361807970126409 -0.38453411887447475 -0.09888067705220095 -0.9177996044600442 -22.13644478267959 0.9222724091484306 0.001213141749186166 -0.3865387779378891 -6.60251873706944
0.04039928933844833 -0.9954526095274158 0.0862664129009627 1.1119368200824697 -0.3924788853572159 -0.09520705838230419 -0.9148202087298201 -22.875142364263205 0.9188733612684107 0.0031003402684061684 -0.3945404009561442 -6.9288405660954675
0.04153649405497836 -0.9958371489267148 0.08113622685412603 1.1899852818937977 -0.4019270230666223 -0.09099980983490147 -0.911138764467188 -23.602890495287635 0.9147292384657831 0.005234669300381475 -0.4040336642200769 -7.258277546626838
0.04396013001770462 -0.9960823593880834 0.07672912264920574 1.2554013763317105 -0.4094829611752726 -0.08802052954875103 -0.9080617017888472 -24.37413153032349 0.9112580751968854 0.008499244943071704 -0.41174808046895356 -7.62142643845651
0.045279336017952226 -0.9961872797763542 0.07456904305290109 1.3290002476717055 -0.4168433487450178 -0.08667764204591126 -0.9048361909234988 -25.104485024402653 0.907849898351105 0.009886771323155125 -0.41917874397204097 -7.979638390996464
0.04719808192783643 -0.9961684166994522 0.07362587378798369 1.390985947319491 -0.4268349402774509 -0.086753173539262 -0.9001587384114731 -25.865748591377475 0.9030970859380693 0.011059676589264418 -0.42929402838857444 -8.343570755168756
0.048108020671646975 -0.9961916950220537 0.0727167722396587 1.456024375545845 -0.43587544463787947 -0.08644135847456683 -0.8958462511310262 -26.605578614396457 0.8987203440397292 0.011401930335713881 -0.4383740721970802 -8.715820357725253
0.04924591006887364 -0.9962746854794957 0.07079235738173512 1.5236039286511642 -0.4450957075865561 -0.08534187395908864 -0.8914071206620146 -27.389783451501593 0.894127996635285 0.012388782893628268 -0.44764025610978503 -9.108181458138112
0.04826795167664843 -0.9964839009184832 0.06848358699935232 1.588154787226019 -0.45312269501843794 -0.0829476702928111 -0.8875806994239551 -28.172387246094726 0.8901405465707899 0.011810231865178912 -0.4555332113838374 -9.482519695039215
0.047448796094964704 -0.9968170824082765 0.06406372359331133 1.6500373758836757 -0.459922283566566 -0.07873527541560132 -0.8844615597462334 -28.9581955542041 0.8866905861636353 0.012502299626888235 -0.4621943706793634 -9.88592913473163
0.047010966442849675 -0.9971752176320425 0.05857871693830403 1.7122226873673356 -0.4674526816773655 -0.07378777155286254 -0.8809332493948888 -29.753162049671975 0.8827672410841981 0.014030748976768863 -0.46960098488998714 -10.318581559060638
0.045493447366334074 -0.9974587695434582 0.054830297882331826 1.7736217063873612 -0.47464655386644 -0.06987889715141658 -0.8773981872247714 -30.541303209293474 0.8790000339103081 0.013890858458376338 -0.47661936021491746 -10.754960140582098
0.04401510698131091 -0.997623441668494 0.05300963474870521 1.8273325026680207 -0.48210367688830347 -0.0676843923416648 -0.8734958052914881 -31.359097372537963 0.8750078674306501 0.012890865906363002 -0.4839371246396461 -11.20254610507791
0.04396070477485863 -0.9977168586160647 0.05126853976079483 1.8792978062642267 -0.48863247961930595 -0.06623404221874588 -0.8699720966605091 -32.17059030724132 0.8713815688918944 0.013193114540287891 -0.49042854255611285 -11.666009597432176
0.04319632203845197 -0.9978430807213271 0.049428068053837086 1.9279722349302 -0.49379470165000894 -0.06433267821024911 -0.8671955965414545 -32.979454565649476 0.8685050236332884 0.013052338866646125 -0.4955085838282029 -12.126610709065334
0.04163119718189551 -0.9980028885278066 0.047507228036826214 1.9827688837607593 -0.4993510886458579 -0.0619671657438062 -0.8641808965752865 -33.81226790109035 0.8653989998232946 0.012254094723185853 -0.5009336814380894 -12.604865776576727
0.04086356367590742 -0.9980379251362625 0.04743781071692274 2.035007844274621 -0.503898067229592 -0.06158266393226282 -0.8615650332854037 -34.63438670736238 0.8627960339136261 0.011302800326754799 -0.5054258297436445 -13.082230274243374
0.0406756602687616 -0.9980162289363841 0.04805283458820081 2.0854894712311847 -0.5067892078240581 -0.06205453456852444 -0.8598336897314269 -35.4674959060265 0.8611099259386437 0.010621640114470386 -0.5083079257002371 -13.575461281712046
0.04055106750662082 -0.9980063642606282 0.04836097601352264 2.1368887041386024 -0.5100170014209519 -0.06229507907828185 -0.8579055981307312 -36.33500170338 0.8592079135726388 0.010124061751778365 -0.511526318428339 -14.123298690849115
0.039534523718872554 -0.9980875791585796 0.04752009253976243 2.191948404992063 -0.5114572072385196 -0.0610681885326673 -0.8571360167171088 -37.19859548946986 0.8583988295829668 0.009581967824022541 -0.5128934651862053 -14.637632192195317
0.040336849257119084 -0.9981481497950935 0.045530380856854416 2.245830207529237 -0.5125114924270904 -0.05978498045892809 -0.8565965944635178 -38.07287762720127 0.8577325117570602 0.011217560197359762 -0.5139739187981909 -15.147944229804931
0.03830898077130146 -0.9982574268908014 0.04488379136841242 2.298472759033601 -0.5124422747150744 -0.05818663283291556 -0.8567481489122507 -38.94336804218919 0.8578668291232897 0.009820798054338222 -0.5137783079383861 -15.662791157425916
0.03682940723841858 -0.9982752710184384 0.04571621605670001 2.350941838480188 -0.512691010449992 -0.05814298925067134 -0.8566023014169639 -39.84460682542044 0.8577829791044616 0.008109862594141598 -0.5139480379877474 -16.191579943001848
0.03600580084681961 -0.998253089474943 0.04684314982813319 2.4056665497042293 -0.5142059542050804 -0.05869854722086105 -0.8556557217163628 -40.728258126777256 0.8569106521681277 0.0067215430599657745 -0.5154211836259586 -16.718170937788212
0.034317157179020404 -0.9983976911816747 0.04499372102703778 2.454806039306926 -0.5171231022345479 -0.05626368602491778 -0.8540597853989362 -41.6203719454447 0.8552228604943505 0.006041608923412164 -0.5182252911541027 -17.283837765114402
0.03333960217225716 -0.998600005806431 0.04106497988764129 2.5157661181171993 -0.5201472665135547 -0.05242140794615634 -0.8524663574368901 -42.53633465200108 0.8534256859748117 0.007061054394856622 -0.5211667442261007 -17.839285709808
0.031177197435614302 -0.9988532513358236 0.03633215028000006 2.5670666815733805 -0.5244730857919273 -0.047292252393198835 -0.8501126783870386 -43.46763697243793 0.8508560387078657 0.007448897868603832 -0.5253460650424155 -18.404079108912256
0.029674743686035586 -0.9989545836321988 0.03477257736708234 2.616958627254889 -0.5306751902445328 -0.04522531718120195 -0.8463678126773787 -44.382155140549614 0.847055629961205 0.006662800459870909 -0.5314624965048338 -18.96188040875188
0.026454611689426 -0.9990027858222638 0.035965460537259415 2.6712686730951956 -0.5400064271810803 -0.04455836561171787 -0.840480644531539 -45.274405955515256 0.8412451043127445 0.002813011775107506 -0.5406466460777081 -19.534054918376338
0.02589541404243483 -0.9989107355876256 0.03881749230439543 2.7254084477316542 -0.5494617115310451 -0.046661495059067484 -0.8342149412296989 -46.144648217727536 0.8351175120506006 0.00027361619375146964 -0.5500715489833674 -20.110818983453548
0.025927069796610955 -0.998916980061278 0.038634809234273836 2.779230672760492 -0.5595961331032141 -0.0465277713317676 -0.8274583865316715 -47.044600591381425 0.8283598392515659 -0.0001663175289738594 -0.5601964484648434 -20.711457273680306
0.026054723607480006 -0.9990735305422549 0.03425012938861479 2.827787485706618 -0.5700928899672624 -0.04299412103983854 -0.8204544818531516 -47.920148447708755 0.8211669834720488 0.0018509618622070366 -0.5706849125676414 -21.316564874799898
0.027000614877727487 -0.9991670838130985 0.030594322880411615 2.874573898162043 -0.5770769233085484 -0.0405704384894915 -0.815681497906795 -48.79143048895405 0.8162434334608393 0.004368625314916536 -0.5776916363882361 -21.937372023659503
0.027938489189074208 -0.9991158287637975 0.03141588898893289 2.920654434980098 -0.5823937100484813 -0.0418125548222612 -0.8118308618070053 -49.65370744223372 0.8124267019898137 0.004384916822705997 -0.583046884366813 -22.5778708780977
0.028279450121800755 -0.9990109845295349 0.03431175195861902 2.963695704340797 -0.5874143748049144 -0.044381887087177906 -0.8080684670422954 -50.501252208810804 0.8087921216139333 0.002696516313133099 -0.5880884730346229 -23.21346148275847
0.030732007279968592 -0.9986894979163572 0.04092340858090557 3.016387817529023 -0.5908971428334966 -0.05117486470390492 -0.8051221840960721 -51.3634757612393 0.8061614181134933 0.0005614997314379004 -0.5916954525760636 -23.847880375356155
0.032597637035571135 -0.998567402803678 0.04243008242489812 3.065257319360813 -0.5956975748006217 -0.05349950893258908 -0.8014251490394537 -52.20731255707 0.8025471168114666 0.00084906233562544 -0.596588178102982 -24.492019318286147
0.03202165828009267 -0.9987315996776223 0.03885363321693173 3.1208978680264052 -0.6002568998965847 -0.05029892420252866 -0.7982241402110188 -53.06473372780908 0.799166073564568 0.0022382998970800604 -0.6011062440775639 -25.138510201423514
0.03281837106111553 -0.9988910236922139 0.03375711182709756 3.169371226284017 -0.6054062271486983 -0.04674174799242658 -0.794543033846007 -53.927793044217495 0.7952398294604953 0.005638837811284279 -0.606268793068689 -25.78923586115546
0.033804660855421755 -0.9989426889616525 0.03115459941639863 3.2197088123440567 -0.6094789743074718 -0.045310197943601284 -0.7915063607540594 -54.7681213770701 0.7920811911308914 0.007768530231594711 -0.6103663029118205 -26.434050755916488
0.03355834110168319 -0.998960707420911 0.03084048659948286 3.258732058354176 -0.6128172500196085 -0.04494330746653839 -0.7889455739376665 -55.618140356827375 0.7895118666015153 0.00757612524188711 -0.6136886236351448 -27.097793580850986
0.0330633274567462 -0.998922832832227 0.032554571128130885 3.307407139346894 -0.6164631744594272 -0.04602101202696225 -0.7860376240291574 -56.45116981176782 0.7866892609437157 0.005920328096972387 -0.6173208354297839 -27.74122530458996
0.03171809700357696 -0.9988997105763971 0.03454330119807904 3.357554105239712 -0.6209176684242905 -0.04677520322001947 -0.7824789053599223 -57.296741522811715 0.7832338385541108 0.0033701977554952602 -0.6217180937835575 -28.39482253982095
0.03098304546233365 -0.9989146564493987 0.03477726984450335 3.3983274158376875 -0.6262821202915275 -0.04651854359346624 -0.7782074231355394 -58.13101267108569 0.778980650145423 0.0023308485158630597 -0.6270437018688673 -29.081356483985186
0.032240427499550736 -0.9989067593783953 0.03384689636577049 3.4468732189042286 -0.6336082953802092 -0.04661697366174771 -0.7722482752538509 -58.97295941504614 0.7729819703756874 0.0034519347670014526 -0.6344186238378032 -29.800231538938892
0.032135862477386916 -0.9989267743269161 0.03335296613565105 3.492439572990155 -0.6398915332682092 -0.04619727521015396 -0.7670754100638033 -59.79171625428703 0.7677931021380522 0.003308351520798484 -0.640689287267233 -30.477161236522736
0.029538772908456138 -0.9989823955321087 0.03408022007353245 3.547518939980679 -0.646662742396094 -0.045097620424246594 -0.7614416948427868 -60.622032579651254 0.7622039463220036 0.00045364616063004875 -0.6473369024842096 -31.189524027878708
0.02824076361129529 -0.998995722641404 0.0347852325324334 3.593107767446184 -0.6528125281781361 -0.04478530767827538 -0.7561945038236323 -61.43389878310762 0.7569929987388155 -0.0013527163990249482 -0.65342164593302 -31.898849061854058
0.028178599523724725 -0.9989804209648269 0.03527216613733031 3.6473932912996503 -0.6584203662967613 -0.04509925824172237 -0.7512980462540154 -62.25617778976096 0.7521227734385831 -0.0020533847292130082 -0.6590198712820023 -32.61990160607503
0.027229480057740188 -0.9989729812239306 0.03621460820346189 3.698988004205956 -0.6651126147852557 -0.04515057398238297 -0.7453768756589285 -63.072523207398135 0.7462465187466064 -0.0037905705101026095 -0.6656589860753572 -33.34132365212602
0.026460762874970133 -0.9989369529368539 0.03774439281264891 3.751082383267303 -0.6727892254507586 -0.04572233000326303 -0.7384200776540065 -63.87683366362526 0.7393609236654312 -0.005854857836908473 -0.6732838128717072 -34.07879232054344
0.0273213581728949 -0.9989223187079795 0.03751774437887091 3.8024773942444052 -0.6799094773096404 -0.0460829434569398 -0.7318467291964847 -64.70331410623974 0.7327869911130691 -0.005513619173705809 -0.680435774715955 -34.8373104660633
0.026898345823000398 -0.9989919154347553 0.03593825903131275 3.854864606397404 -0.6863571354646018 -0.044594272183682206 -0.7258961302687533 -65.50446232039198 0.7267670461563306 -0.00514107552889198 -0.6868648536393183 -35.5719534810265
0.02615340188949365 -0.9990290600589944 0.035453873172983486 3.9076526033210905 -0.6920961349899969 -0.04368696031026164 -0.7204820641067342 -66.30201672120144 0.721331404478767 -0.00569443360047426 -0.692566561579232 -36.32471108600737
0.02483374936608354 -0.9990384407240588 0.03612972750166563 3.9588921326788817 -0.6985657903732392 -0.04319487259299892 -0.7142409637986661 -67.08385838612884 0.7151149018711445 -0.007501709910348182 -0.6989667167730845 -37.08361279675691
0.024775594927826272 -0.9989692241280627 0.03803293867637195 4.01538209039794 -0.7047133888230702 -0.04443659382579094 -0.7080992382535729 -67.88486054476462 0.7090593885858787 -0.0092587410000879 -0.7050879711020352 -37.89120463594605
0.02515485363912292 -0.9989801915677812 0.03749341653842132 4.064654384675003 -0.7111640029407207 -0.0442409513864034 -0.7016328070560214 -68.66293196044428 0.7025760809053067 -0.009014496686832331 -0.7115515622527194 -38.71522824554167
0.023928294462663133 -0.9990489191221522 0.03645084626859939 4.118675264481572 -0.7169228733547848 -0.042559617302057984 -0.6958522392725335 -69.42850832406688 0.6967417788861457 -0.009481881086704304 -0.7172593071606052 -39.533554379666725
0.024836627665727428 -0.9990308975016371 0.03633635495961629 4.173377091308008 -0.7213350699365045 -0.04307462130365068 -0.6912454570839646 -70.19835031591022 0.6921408638320904 -0.009042482832926853 -0.7217058463620768 -40.33396344768281
0.025581784385865662 -0.9989949268599053 0.03680478947664388 4.226724635045419 -0.7262180898696149 -0.04387245874122173 -0.686063032707145 -70.9868781153121 0.6869883294013521 -0.009177593102807113 -0.7266105256446438 -41.15530448318729
0.025676983266196336 -0.9989022680554493 0.03917721741836544 4.281880978764552 -0.7309694723100428 -0.04549448799704456 -0.6808920596236133 -71.75678928222334 0.6819271004568943 -0.011154088984209862 -0.7313351552691517 -41.972778600646286
0.025947551860586254 -0.9987948753913357 0.04165759036049009 4.339566112538968 -0.7363665431843064 -0.04727979586215315 -0.6749288214718423 -72.53921670626994 0.6760851963487823 -0.013162508441417474 -0.7367058959984333 -42.81540320425481
0.02682545860720479 -0.9987154230723401 0.042985380841620825 4.392994053718556 -0.7415310940130384 -0.04871804775135103 -0.669147397110714 -73.3374573033683 0.6703820932581542 -0.013924812020611965 -0.7418854308558537 -43.69777922107147
0.02713640393072403 -0.9987491366410097 0.04199618564776163 4.446597370485127 -0.7460256129957904 -0.048197376055615554 -0.6641707510400733 -74.12767137204972 0.6653641314301437 -0.013307020418402269 -0.7464004378751085 -44.594734168540406
0.026776233602113765 -0.9988062345365033 0.04085290488397168 4.509883164621135 -0.7496094587473806 -0.047099129915658386 -0.6602025727766856 -74.90805675251674 0.661338613811366 -0.01294598600794567 -0.7499756936864552 -45.475932934265664
0.024812961292665348 -0.9988435518161344 0.04117954226299466 4.570413582342889 -0.7542885680296552 -0.045739488732966994 -0.6549478680095908 -75.66520232350135 0.6560741442375471 -0.014810061099481726 -0.7545511825596983 -46.36600683131461
0.02444504771607429 -0.9988420684953631 0.041436035410164024 4.62877022524603 -0.7581825220813623 -0.04553861029702982 -0.650450322890253 -76.42276093922547 0.6515841158986538 -0.015515788208688808 -0.7584177374190445 -47.23833649368441
0.023110041558384354 -0.9988755565362432 0.04139356485702309 4.6860110465783285 -0.7624826418687 -0.04438980891639216 -0.6454842469481432 -77.17228460257934 0.646595959430175 -0.016644713410198086 -0.7626511726419922 -48.146570070780534
0.022239174855481828 -0.9989105669590744 0.041023040432710094 4.742374247651797 -0.7656025188385508 -0.04340421875224571 -0.6418480943099716 -77.92723753852998 0.6429295370740089 -0.017133169392030675 -0.7657336861032361 -49.05358809591191
0.020919405014718357 -0.9989240425542799 0.04138832438585709 4.805874317843756 -0.7688587145204259 -0.042535679416141135 -0.6380023867199861 -78.69856735595818 0.6390764824368717 -0.018475144578959116 -0.7689212955985772 -49.96638204094574
0.01662728335547242 -0.9989048850553971 0.043732655428131983 4.86382545799144 -0.7728851470629594 -0.04058898428423798 -0.6332463968321745 -79.46822512149923 0.6343280105486092 -0.023271157650053262 -0.7727136590712345 -50.87668609641855
0.012386996148716791 -0.9988776759414717 0.04571572202249518 4.919573119053147 -0.7760265932180569 -0.03843510561485471 -0.6295279847867782 -80.23408149675333 0.6305785481790294 -0.027678653784670854 -0.7756317095338621 -51.780358131009606
0.008103198527345158 -0.9989108598919956 0.045948354055025016 4.995108964537203 -0.7801792562164372 -0.035058232031608474 -0.6245728908041907 -80.98432756266477 0.6255036063943158 -0.030786910568376468 -0.7796136054957369 -52.712167224629304
0.005171622648733041 -0.9988821149377414 0.04698635176982045 5.070808081363231 -0.7860631288769595 -0.03310499453135876 -0.6172591429948625 -81.73007300246572 0.6181246659940987 -0.03374200935371661 -0.7853555883173742 -53.63240871058491
0.00269074386772464 -0.9989478289523075 0.04578086791811753 5.139014215400588 -0.7928042993729638 -0.030033288839593306 -0.6087358903635005 -82.45982228779603 0.6094704444989046 -0.03465731315908719 -0.7920509120281312 -54.57286292613483
0.002084413704861433 -0.9990658558813744 0.0431632018224693 5.2070280616643805 -0.80018672119722 -0.027553497449637244 -0.5991177490469524 -83.19843575163142 0.5997473925471367 -0.0332898133544393 -0.7994966262552242 -55.53531750253268
0.002043692686652042 -0.9990773833780181 0.04289758563937782 5.277588274642172 -0.8073842070587574 -0.026959190820856415 -0.5894099617650805 -83.90820514312131 0.5900227030323683 -0.033430264299048426 -0.8066943558657957 -56.5083594869209
0.00443334367771603 -0.9989780656687647 0.0449777431619958 5.344087914252721 -0.8126312131046969 -0.02981087078832949 -0.582015418078458 -84.61802373194148 0.5827614964829687 -0.033970038637805025 -0.8119329612293865 -57.457093099462746
0.0035402020898378946 -0.9989312497504387 0.04608521912849488 5.410155986717182 -0.8192187403615978 -0.029325972679453985 -0.5727307979036708 -85.31821507804328 0.5734702417417723 -0.035726298979969165 -0.818446992910384 -58.46246897660586
0.004271457796310227 -0.9988889688653972 0.04692992744866175 5.4726537085338816 -0.8260081611249122 -0.029976566004085933 -0.5628605134164623 -86.01102738213706 0.5636421096150214 -0.036360270172372686 -0.8252185458922242 -59.47233980206493
0.00012096233379479324 -0.9989344079517257 0.046150776340799816 5.536823112112884 -0.833076157442244 -0.02562935727115242 -0.552564374835741 -86.67854250004675 0.553158477136761 -0.038380272722910565 -0.8321915470626423 -60.5324975588065
0.0004480290643243582 -0.9989759136875715 0.04524144910599421 5.608734417761568 -0.8399526694472127 -0.024926640372896356 -0.5420868204308126 -87.36507708502843 0.5426595177801739 -0.037757805879389796 -0.8391036546914281 -61.57079368736977
0.00033755603240774563 -0.9989729217775238 0.04530892923991628 5.683407197670905 -0.8470882703066217 -0.024365178533593414 -0.5308935362805033 -88.03645453463052 0.5314522132291287 -0.03820145724835643 -0.8462264314988143 -62.609538388236636
0.0010098511200515798 -0.9989402299724773 0.04601329471735292 5.751814655446489 -0.8530075606588626 -0.024874749851599424 -0.5213054246707689 -88.6799636931921 0.5218975728992364 -0.0387232420527775 -0.8521287402684521 -63.66356059433428
0.00022283007589491728 -0.9989263568351829 0.046325627047974535 5.816717520542112 -0.8597106713243376 -0.023853632644977 -0.5102240789209707 -89.29877700597895 0.5107813622132267 -0.03971294612338059 -0.858792898430918 -64.73949578380689
0.0015645147049858008 -0.9988570275829507 0.04777168760133565 5.886882507110949 -0.8661346542392121 -0.025230281728497825 -0.49917358932207584 -89.91812851643162 0.49980829809916216 -0.040595752544330545 -0.8651842309764881 -65.82836626080103
0.003166449139624877 -0.9988562793355894 0.04770748613299355 5.959177675569953 -0.8704652330625643 -0.02623596190906126 -0.49153032277361275 -90.53054730082104 0.4922198321705382 -0.03997130252423523 -0.8695527916305636 -66.87948436178571
0.004137814868051188 -0.9989226542926528 0.04621958312229472 6.030519754976156 -0.8755536840045329 -0.025948247403447488 -0.48242348257168466 -91.14798654194787 0.48310308191235996 -0.038471551994074676 -0.8747178658646038 -68.01502524931416
0.002868727570618819 -0.9990108868565705 0.04437286828918168 6.097662266492301 -0.8800127628798899 -0.023596734275969575 -0.4743635890659565 -91.73568377155766 0.47494150316883926 -0.037687868493615204 -0.8792099596946492 -69.1337218771333
0.0012314818640787276 -0.9989939949290014 0.044826939423954916 6.164913068144807 -0.8855100287698505 -0.02191686246454121 -0.4641031369670103 -92.324498574134 0.4646186956899755 -0.03912316683701916 -0.8846461203995375 -70.31319596039008
-0.0017034649791865474 -0.9989225529283874 0.04637556022048621 6.240318761213131 -0.8895578429217315 -0.019671620587030657 -0.4563989109443772 -92.90843221001356 0.45681941909987134 -0.04203120203760248 -0.8885659234337828 -71.47945794459864
-0.002738507426372266 -0.9988326383152635 0.048225765981803066 6.316713257556774 -0.8923659168137928 -0.019323750612997903 -0.4508989046319807 -93.50181743621434 0.45130456197122665 -0.04426981057489758 -0.8912711579606297 -72.6084127984979
-0.003000338989147654 -0.998714969267289 0.05058857224214513 6.394499441383908 -0.8956327366280737 -0.01981744166252696 -0.4443528065550719 -94.08287455505595 0.4447843650327939 -0.046641998870883515 -0.8944223373483254 -73.73987503373158
-0.0046174554816643745 -0.9985567710578522 0.05350616082352963 6.475443678523962 -0.8973499608570196 -0.01947494777770291 -0.4408897709904336 -94.63785934448514 0.4412955666893221 -0.050049540522380524 -0.8959650287406328 -74.84742581798353
-0.007262217351990528 -0.9985303593447126 0.053704781266850576 6.559603292464067 -0.9005059152573656 -0.01682076895917497 -0.43451833759023606 -95.1912044386395 0.43478321711064477 -0.05151704555021876 -0.8990603036888346 -75.98487976385564
-0.008491840451283462 -0.9987189786681826 0.04988097478517267 6.644877847173929 -0.9022229436943996 -0.013857275270383707 -0.43104725329507343 -95.74035660899806 0.4311863602889343 -0.04866414793332238 -0.9009495842783328 -77.12029297227386
-0.013109071364884275 -0.9987970223031566 0.04725074585163371 6.723776590527712 -0.9035255761071594 -0.008410401002779028 -0.4284517528623098 -96.27485765140327 0.4283337472585114 -0.04830885792004318 -0.9023283976323369 -78.28436746678369
-0.01650750040876174 -0.9987883214024378 0.04636038725357401 6.7890047931565265 -0.9054033615230844 -0.004741001483683311 -0.4245261444836139 -96.78308338190128 0.4242315556845741 -0.048982714780250486 -0.904227965107555 -79.42163207857863
-0.019069744541104244 -0.9988012377681315 0.04508184470165845 6.856588331989789 -0.9074056711388293 -0.0016437379098283931 -0.4202525834494241 -97.29619262588032 0.4198230182125503 -0.04892162918822091 -0.9062865595490673 -80.56512571676605
-0.02007622290128217 -0.9988720200889017 0.04302992423034827 6.937795037531156 -0.9083971970704124 0.0002462999607541526 -0.4181082410475256 -97.83196842414712 0.417626079176492 -0.047482300796517364 -0.9073775570594719 -81.71555464284809
-0.021321984719677205 -0.9989456752092548 0.040656539036182444 7.002943228664458 -0.9096508953376466 0.0025108566220438723 -0.41536606754417027 -98.36523089127077 0.4148261201796288 -0.045839685055203895 -0.9087453609023666 -82.85636750562423
-0.022368197466997912 -0.9989219302645067 0.04067642573966388 7.078842203157699 -0.9105654746642631 0.003557958054725012 -0.413349618309358 -98.87382771179564 0.4127593394813427 -0.046284437975234766 -0.9096633505877272 -83.98659448075912
-0.023244494453782766 -0.9989300277198485 0.039980851952736596 7.147741613544829 -0.9121467064448532 0.004821980383713304 -0.4098354596838565 -99.37529308740021 0.40920416453443004 -0.04599482382672343 -0.9112828789299305 -85.08616791261211
-0.02595639891320546 -0.998950928227328 0.03772518488203716 7.2133623257971475 -0.912720801573132 0.008288912904816403 -0.4084997307281654 -99.8773778772717 0.4077584916649914 -0.04503573786036803 -0.911978524991611 -86.19220900376573
-0.02967222683688569 -0.9989144222193775 0.03590905274886863 7.280268140642553 -0.9126060416601158 0.01241824676425242 -0.40865146600705615 -100.38194507862147 0.4077619329859758 -0.0448964198891997 -0.9119838499273668 -87.31995399726057
-0.03291427656794494 -0.9987892725993228 0.03655935770754376 7.342900452713124 -0.9128976887489161 0.015152874578564696 -0.40790731445418127 -100.85316464550374 0.4068595529332949 -0.04680092773384226 -0.9122910680106197 -88.39742708511388
-0.035391554964471154 -0.9986689069527356 0.03751984494503346 7.403496621934043 -0.9133196605999152 0.017080263891281214 -0.40688519819289737 -101.32057611199764 0.40570282687268444 -0.04866791266633496 -0.9127084089268099 -89.4646220519416
-0.036523487117498976 -0.9986006660454911 0.03824307413144039 7.472031276144659 -0.9140126905212466 0.01790844463103301 -0.40529004117706496 -101.78838060258842 0.4040381130113013 -0.04975726167884958 -0.913387947513534 -90.53174736349922
-0.032945658273581854 -0.998719436202363 0.038392352096162034 7.540530901120806 -0.9150179879622594 0.014686963503077036 -0.40314570923772935 -102.27990263702804 0.402065597079805 -0.048411588319509216 -0.914330095229495 -91.60079450321678
-0.03101071334290195 -0.9987478621172856 0.03925475689207975 7.60659021799446 -0.9148095840162292 0.012537805352725676 -0.40369084836769215 -102.74437027565315 0.4026932017004922 -0.04842936993006895 -0.9140529020098238 -92.65301623235145
-0.029534600109847604 -0.9987688668290664 0.03985381537257024 7.671169117259535 -0.913102531210434 0.010737371570509347 -0.407588730466454 -103.20779588146627 0.40665902448246266 -0.048428580963433165 -0.9122955094606617 -93.67095342522559
-0.02733072470097093 -0.9987910033269322 0.04085876772584005 7.733902927817365 -0.9107383439971279 0.00803002647330755 -0.4129057668328811 -103.65757388034712 0.41207852321694144 -0.04849666311555083 -0.9098568237723366 -94.68168196658961
-0.026673692152348015 -0.9987834196015708 0.041474676534587585 7.7897345930610085 -0.9082753677658282 0.006885903491800971 -0.41831613193772504 -104.11314030675453 0.4175216596261755 -0.04882846556437694 -0.907354101339453 -95.70359472884506
-0.025409192069285887 -0.9988558859328033 0.04051140131851202 7.856279005163233 -0.906239871609015 0.005908497327432208 -0.422722672545959 -104.58968722525005 0.4219997217264485 -0.04745409205319802 -0.9053531552581464 -96.71444090067445
-0.023206612069481932 -0.9989529372603828 0.039425511706070435 7.9160721768289095 -0.9026701155882475 0.003986694428259812 -0.4303149321626563 -105.07167031569338 0.4297073274436914 -0.04557438137053506 -0.901817420358778 -97.71876652581518
-0.023459869860901594 -0.998948275591285 0.03939556198372729 7.970391432243276 -0.8978308168997944 0.0037200440776474497 -0.44032512256250705 -105.55615230811526 0.4397154391880131 -0.045700522289268644 -0.896973741216746 -98.71172238811185
-0.02416493021970998 -0.998935513592804 0.039291334985301636 8.032740340405875 -0.8934038272781473 0.0039421024965730495 -0.4492372230350474 -106.04467604933127 0.4486041848754245 -0.0459588118150579 -0.892548105276863 -99.68624173082442
-0.021639617518089002 -0.9989868079816114 0.03945803286478767 8.084245599387557 -0.887795487583487 0.0010525735177979295 -0.460237139658734 -106.53855146201606 0.45972936285388083 -0.04499002131670136 -0.8869187906597089 -100.64676436085739
-0.01977469408589185 -0.9989177807850631 0.042096197503489745 8.14122123140656 -0.8814404133942623 -0.0024540096358366256 -0.472289011239305 -107.03772249066442 0.47188124232517487 -0.046444657967065116 -0.8804379992782714 -101.60544054751817
-0.019265150781458282 -0.998863689607979 0.043590007257621854 8.20571728037065 -0.8755377126272325 -0.0041971160034660945 -0.4831316609327293 -107.54972544503575 0.4827657203787815 -0.047472291289427655 -0.8744619472150756 -102.53576719256239
-0.018257873062210304 -0.9988998655423063 0.043192128544094335 8.271705042806603 -0.8691341419628053 -0.005497998921243959 -0.494545819531737 -108.10362606197175 0.4942393642265598 -0.04656911372597067 -0.8680776750165456 -103.49081870894629
-0.016410741561003427 -0.999014717564829 0.041234009120223715 8.330977129032167 -0.8620166033769845 -0.006759166264256833 -0.5068350143232677 -108.63888437541621 0.5066144014234637 -0.043861942914826126 -0.8610562751747397 -104.41282913414778
-0.015992290634783413 -0.9990827256932598 0.03972298131135202 8.38761335105303 -0.8543245544450587 -0.006987554608149997 -0.5196930029302373 -109.18446988525265 0.5194938339662559 -0.04224739828049201 -0.8534290997570666 -105.3264189007684
-0.01588342236804359 -0.9991135349370095 0.038984813341196876 8.445719541633682 -0.8471365358233844 -0.007264641309785161 -0.5313256313960617 -109.7444528270839 0.5311379041893635 -0.04146473181594695 -0.8462702043221713 -106.24067786063978
