-0.009882440641836904 -0.999845431207842 -0.01453912809269248 -0.0830502832682608 -0.0045588689821902265 0.014584737053537283 -0.9998832344149354 -0.406283766724134 0.9999408175459783 -0.009815004973140803 -0.004702296411700377 -0.331503780864711
-0.01180708185940234 -0.9998368954702553 -0.013666152719021636 -0.08406232150361842 -0.004943965504665091 0.01372531059188838 -0.9998935313372053 -0.5930591671796163 0.9999181345544973 -0.011738260614010926 -0.005105213632486039 -0.32109777792282546
-0.01322213815207997 -0.9998394582749767 -0.012089312232609933 -0.08439475119541204 -0.007313153024045875 0.012186742298598247 -0.999898980315377 -0.876222416079605 0.9998858844007893 -0.01313239170293017 -0.007473113146518275 -0.316091451034488
-0.015680638751342 -0.999818268261148 -0.010840340093598497 -0.08455763538437693 -0.012756579764566872 0.011040834635341345 -0.9998576641538706 -1.272953284872576 0.9997957575243948 -0.01554012118299069 -0.012927386883999343 -0.32265804340275256
-0.016849565623160014 -0.9998142889780025 -0.009351304159597236 -0.07508948107901806 -0.023164446383391782 0.009740470093937168 -0.9996842112271671 -1.6318725973613009 0.9995897084029458 -0.016627627715895016 -0.02332426147077716 -0.3311385414797371
-0.016763870420357672 -0.9998157015784565 -0.009355233848271761 -0.07200379024200472 -0.0386634705649755 0.00999776274438709 -0.9992022747074912 -1.9664075889958859 0.9991116872002377 -0.016388791755062658 -0.03882394432402942 -0.3521581363974971
-0.013937477693260467 -0.9998621891509425 -0.009013320169944897 -0.07058588340063734 -0.05727001337483641 0.009797641965540626 -0.9983106990484487 -2.320886007194249 0.9982614380080385 -0.013397738724424011 -0.05739867527228015 -0.4112322826631898
-0.011076127842722279 -0.9999110703600105 -0.007424561811434088 -0.0662193306261302 -0.07719059986446479 0.008257862744572013 -0.9969820892897407 -2.6829217522317514 0.9969549342569906 -0.010469596272292783 -0.07727518990184973 -0.45397717298867357
-0.010613135375577221 -0.9999191321128834 -0.007001201060417903 -0.06886334533073815 -0.09676464358219493 0.007995743931095055 -0.9952752079771556 -3.0347195353275755 0.9952507983498865 -0.00988552190494 -0.09684166508551782 -0.4973331252617504
-0.010431794132870079 -0.9999172113831689 -0.007531635571333974 -0.06730891225245887 -0.11808810120394485 0.008711241103859157 -0.9929649039782729 -3.3960795411218228 0.9929483500164903 -0.009469008852719868 -0.11816922787098907 -0.5511012871753957
-0.011299976056280789 -0.9999011707706917 -0.008363458274277598 -0.06039348316007489 -0.13786711639671795 0.009842051665325303 -0.9904018089373579 -3.7625220200310534 0.9903863223364662 -0.010038471422852998 -0.13796471770904448 -0.6068104636708896
-0.010940727096797035 -0.9999007080944483 -0.008871311032713667 -0.056647495102547164 -0.15530609870165382 0.010463378267960736 -0.9878110033467683 -4.165590864061666 0.9878058038140908 -0.00942960183452425 -0.1554051270711637 -0.7016907723856849
-0.010311166658127008 -0.999905600791398 -0.009077612430084106 -0.054924003743510655 -0.1717973655613594 0.010714562475124863 -0.9850740348453596 -4.5862647262952825 0.9850784166460328 -0.008597753118481908 -0.17189160991699787 -0.8044960245834759
-0.010110751958499498 -0.999909819703865 -0.008830648854791082 -0.052184815589946365 -0.18533888153772737 0.010552020498982866 -0.9826180180064056 -4.992708727532229 0.9826226736242176 -0.008298344555007758 -0.18542880054048333 -0.89375305030284
-0.010828488157918233 -0.9999110446656762 -0.007783626100213957 -0.04852978090736118 -0.19674351264678572 0.009762420344377236 -0.9804063668954693 -5.4253439832272505 0.9803952227161306 -0.009084940621934975 -0.196831802586459 -0.9808045047630947
-0.01317091163345822 -0.9998933801146427 -0.006295540095833981 -0.04111053068020027 -0.2056464098046311 0.008870224294290236 -0.9785861985103131 -5.861084470741525 0.9785377185662122 -0.011594216686891475 -0.205741307660832 -1.0733624879398347
-0.012921368547795006 -0.9999063213639714 -0.004493284439445206 -0.03939386746114263 -0.21375952921698085 0.007152045705562144 -0.9768601274059332 -6.329078355678332 0.9768008791114665 -0.011661887228738125 -0.21383193615776716 -1.192375838314039
-0.012642068450774115 -0.9999171898363497 -0.002407683483125672 -0.04211920007061071 -0.22177853238137846 0.005151856214367825 -0.9750834179596466 -6.79854207816548 0.9750151311470866 -0.01179309924221866 -0.22182529776359372 -1.311375932022252
-0.012156858119741262 -0.9999261308683439 0.00013783823897052256 -0.03408452040749318 -0.22867941164892167 0.0026460364737655347 -0.9734982143972527 -7.278578441406585 0.9734258878672558 -0.011866198978235156 -0.22869464635402426 -1.435983345308405
-0.015323435538962434 -0.9998802370690254 0.0021543027290838327 -0.030982729927910124 -0.23786962631560046 0.0015526928678572874 -0.9712958668472178 -7.770559404459968 0.9711762382029778 -0.015396033383743929 -0.2378649333288948 -1.5576309348098025
-0.021456724699569565 -0.9997645635271013 0.0032286834281290474 -0.019408301995521744 -0.24554518378027618 0.002139268118175295 -0.9693827723766099 -8.274591143465061 0.9691476284296414 -0.02159257192025113 -0.24553332941860573 -1.6809254371807212
-0.022125844584462623 -0.9997416191354774 0.005208765710809212 -0.004330307972167505 -0.2528451844433606 0.000555039844754664 -0.9675066031305721 -8.805772407611187 0.9672537721274256 -0.022723910858581244 -0.25279211526029205 -1.8165360801935644
-0.017282484415105492 -0.999803548370041 0.009700004207390174 -0.0037719118288411096 -0.2622226112948852 -0.0048295544906288845 -0.96499526667154 -9.344625854970344 0.9648526687593542 -0.019221075005394574 -0.2620876520942656 -1.9883910058114862
-0.014249243397037654 -0.99980652523037 0.01355696227566009 0.016225168383777397 -0.2708153706242429 -0.00919262133408148 -0.962587433249788 -9.887355897823012 0.9625258379233635 -0.017387575987911186 -0.27063203226888083 -2.1537289316244235
-0.015162202883068803 -0.9997773873150542 0.014671283489780019 0.024200539812163677 -0.2789993486308976 -0.009859920142616305 -0.9602406548959384 -10.43796363500671 0.9601716706034124 -0.0186526387881216 -0.27878776597431487 -2.3168317810710133
-0.016220556945860633 -0.9997314258703358 0.016549298005898286 0.04393814962058727 -0.28732050143653576 -0.011192911104742576 -0.9577690256158979 -11.008145063111408 0.9576971879213723 -0.020290496645147746 -0.2870618869493968 -2.4836456229521984
-0.016105543177263953 -0.9996802883231914 0.019491290822625438 0.06760952338956996 -0.2943399219724793 -0.01388981670198424 -0.9555998742050162 -11.605328269358893 0.9555650883008008 -0.02112752558869143 -0.29402216812075177 -2.6858661773387786
-0.013530674255958748 -0.999651316143359 0.022674870408183577 0.08688364517262606 -0.30211606352903064 -0.017529927105036376 -0.9531098947093458 -12.179991035435345 0.9531751792732784 -0.019746664503631092 -0.30177352063900487 -2.884929964786126
-0.013002239603886023 -0.9995372862284916 0.027496480058201246 0.10615232165539076 -0.31050764590481367 -0.022103221840471286 -0.9503139044294368 -12.747711431398445 0.95048195853439 -0.020894072971055486 -0.31007666925564276 -3.0715569424850004
-0.011383702055149799 -0.9993262888123502 0.03488947600191281 0.13377172114376223 -0.3156535201566568 -0.029516297143191178 -0.9484153625509979 -13.358668688091694 0.9488063569576721 -0.02180946582002621 -0.31510483930165906 -3.279872865270273
-0.009485650770270462 -0.9990028097745929 0.04362574553590618 0.16378758303389784 -0.32070147790104714 -0.03828379918017657 -0.9464063521704013 -13.971631096103408 0.9471329187256703 -0.022968127481921907 -0.320018512049553 -3.503954738777756
-0.007229302576090252 -0.9986337607607242 0.051752159098433795 0.19980675524891287 -0.3233331250251067 -0.04663903398846942 -0.9451351406690123 -14.607670783374274 0.9462576422932986 -0.023565861411493957 -0.3225542214354404 -3.7315722304382497
-0.003541038989131923 -0.9981299889247441 0.06102512433000911 0.2361020970926629 -0.3291703573026223 -0.05646110217601209 -0.9425810560844564 -15.235742272404309 0.9442640182322526 -0.023425373105024457 -0.3283548338348559 -3.9650470466224257
-0.0005176800827024338 -0.9976876945537495 0.06796326688795826 0.28711982281317905 -0.3328897035802388 -0.06391511351832091 -0.9407971116370257 -15.876365589326522 0.9429656484533181 -0.023111295471322412 -0.33208688639897666 -4.211188277404741
0.0042691803673816885 -0.9971894494302481 0.07479863383750077 0.34167928994273183 -0.3372910290380688 -0.0718519577595683 -0.9386544200243302 -16.539650140248522 0.941390733407955 -0.021221627700621644 -0.3366498226078134 -4.4632656510606505
0.008236665114522973 -0.9967373156851841 0.08029146992727368 0.40197338936638427 -0.341783027151855 -0.07826461563281704 -0.936514308981166 -17.193019992899465 0.9397428082366692 -0.019728515463647962 -0.341312539481706 -4.720547869156743
0.012241335771878262 -0.996238448557849 0.08578419853332156 0.46843593461331623 -0.34556509529409885 -0.08471953525924927 -0.9345626308484284 -17.863785471269274 0.93831500526964 -0.018203729324339935 -0.345302340512629 -4.97567880501591
0.015607650761511537 -0.99594808626756 0.08856513507981646 0.5378828902930967 -0.3513859364512797 -0.08838947576409525 -0.9320489572908774 -18.54200263104595 0.9361006629852135 -0.01657343755836027 -0.35134159499741624 -5.251173236111828
0.018780402574000717 -0.9957353051378384 0.0903242910165111 0.6071306842713279 -0.35587680372753033 -0.09108105977382162 -0.9300838071386526 -19.244391205055074 0.9343442231452028 -0.01467695704516878 -0.3560696228001791 -5.52715073009073
0.02079508325532589 -0.9957484234047895 0.08973584527873245 0.686686150800384 -0.3618901602468675 -0.09116579150559369 -0.9277523239620841 -19.954822204666854 0.9319888797230158 -0.013181843886950144 -0.36224730174973224 -5.808421292503693
0.019178613407040676 -0.9959550545068127 0.08778194663826792 0.7636890787119243 -0.36718448082973487 -0.08867913281546143 -0.9259112356256433 -20.681355944246693 0.9299504305721363 -0.014474491476685707 -0.3673999305915792 -6.100820170972987
0.019486780516923367 -0.9961309187623278 0.08569372210522602 0.836509863608582 -0.3757889244819688 -0.08672279032493829 -0.9226385092360061 -21.401490356526732 0.9265004645703266 -0.014223505332876968 -0.37602495019198506 -6.397695359128082
0.01922152023513845 -0.9963851752897047 0.08274766660245331 0.9156544248595195 -0.38125960991589497 -0.08381389650408283 -0.9206607940122403 -22.11640794945932 0.9242682173962083 -0.013851839835658313 -0.3814924437310557 -6.686940752053935
0.020287881673308708 -0.9967163650927563 0.07838888200867476 0.9883253253461118 -0.38919531926653367 -0.08009380080946622 -0.9176666206598157 -22.854329428612576 0.9209318280081475 -0.011891074617984831 -0.3895422508638425 -7.015710955376133
0.021426760717190078 -0.9970737663591366 0.0733813758516118 1.063404658027616 -0.3986337311729622 -0.07583168697670926 -0.913969810912323 -23.5813075463456 0.9168599835097521 -0.009668876802796982 -0.39909205374048085 -7.3475294703848055
0.02385595582099955 -0.9973252584110529 0.06908815665006131 1.125799766570677 -0.40619791331888044 -0.07281597039275217 -0.9108792564861496 -24.351533568883998 0.9134737055224378 -0.006333568066904965 -0.4068484654282474 -7.713354330722318
0.025163153737355216 -0.9974334657258496 0.06703124092597679 1.196663904060263 -0.41357218000568796 -0.07143202031500742 -0.9076648104525749 -25.080960811653014 0.9101235607660334 -0.004882549243066937 -0.4143081834223478 -8.073996789075093
0.027050271637319753 -0.9974374854751791 0.06623232913583392 1.2557164893489177 -0.4236009697898054 -0.07145117407785909 -0.9030264936962042 -25.84117864950689 0.9054449553888664 -0.0036289619003307036 -0.4244482175594607 -8.440593064633052
0.027932632923305542 -0.9974650776639005 0.06544634559414847 1.3180686419989607 -0.4326657150061894 -0.07108544628283736 -0.8987475847901534 -26.579953954319006 0.9011216254508181 -0.003212007370873644 -0.4335545966404682 -8.81538830559476
0.029051870911734185 -0.9975493548029365 0.06364961180641451 1.3827812470547574 -0.44190600284975673 -0.06993341515934653 -0.894331285438501 -27.36303900494767 0.896590926627973 -0.002145146051834666 -0.4428546757523877 -9.210459848792594
0.02806258675421791 -0.9977166689955491 0.06143235740401294 1.4443185165797148 -0.44992250137641887 -0.06748646680252629 -0.8905140517717991 -28.144573627956376 0.8926266818709148 -0.0026496750391012806 -0.4507890499516916 -9.587529354374617
0.027255131388739667 -0.997996960057809 0.05708855990329299 1.5034195651083797 -0.45669444040922863 -0.06323281214301352 -0.8873735213234325 -28.929169736301738 0.8892060680276013 -0.0018865479792806701 -0.4575031692457261 -9.993705827257646
0.026836377376557377 -0.998302357656499 0.05169290554813881 1.5630085533098432 -0.4641960444103916 -0.05824320415866535 -0.883815457534438 -29.72280417325357 0.8853258583164336 -0.00027723367375644776 -0.464970963217892 -10.429160051491813
0.02532471394286466 -0.9985252536388047 0.048021062065487896 1.6218995343034193 -0.47136130892662204 -0.054288550693801944 -0.880267701466825 -30.509591634616708 0.8815765607917573 -0.00034274129180713155 -0.47204097324906275 -10.868318249651972
0.023835858697716497 -0.9986438973864147 0.04628319024319639 1.6729624459569006 -0.4788061442501514 -0.052044841431655 -0.8763766487610742 -31.325921678078032 0.8775970454531085 -0.0012714906007871883 -0.4793974272660615 -11.318876973214508
0.02377481933809651 -0.9987207464249113 0.04462733020799631 1.7224717250572492 -0.48533852821241313 -0.05055707170247564 -0.8728634252673406 -32.13587037144276 0.8740030579226749 -0.0009071900895593352 -0.485919627635621 -11.785301153430662
0.02300914524591853 -0.9988165992462014 0.042847211243272454 1.7686862414586622 -0.4904915120930381 -0.04862419728451251 -0.8700884055552377 -32.94317570108842 0.8711422121041158 -0.0009962052015538608 -0.49102988796140595 -12.248881008197138
0.021442166237387584 -0.9989296238245258 0.04098453480718444 1.820985419390178 -0.49602950841013377 -0.046222059704857196 -0.8670745499349569 -33.77440522855721 0.8680409255657021 -0.0017375853509002822 -0.49648975653253036 -12.730161475109975
0.020660842230852555 -0.9989467313957404 0.04096910536750595 1.8708056724589688 -0.5005791029718815 -0.04580753067652464 -0.8644779879140746 -34.594923609646116 0.8654442627277361 -0.0026474314261458157 -0.5009982415543279 -13.21052864564766
0.0204589289323691 -0.9989239481034409 0.04162197554902676 1.918920535471965 -0.5034805653474322 -0.04626053146683539 -0.8627672283639695 -35.42635149026775 0.8637643539261691 -0.0033045674630319184 -0.5038851974655337 -13.706823701910885
0.020322096051942767 -0.998911999506605 0.041973075549002155 1.9681589918656268 -0.5067181704726762 -0.04648099991552658 -0.8608578352024362 -36.2919542940985 0.8618721878289909 -0.0037740906518714916 -0.5071114261364161 -14.257860326169277
0.019307982646442085 -0.9989667556813583 0.041141337474701285 2.0207922127669486 -0.5081435728306629 -0.04524294862487482 -0.86008319375752 -37.15381468744751 0.8610559262517502 -0.0042992373305745174 -0.5084921640215673 -14.775345726263087
0.020124570381121996 -0.9990297035842187 0.03917259451512708 2.07212553680702 -0.5091961185553332 -0.04395991640821842 -0.8595270820328227 -38.026370186922726 0.8604152828525059 -0.002648924254066502 -0.5095867039729036 -15.288865594083637
0.018101442797916912 -0.9990944752930748 0.0385048508772312 2.122290568802731 -0.5090967147834825 -0.042355068582921596 -0.8596666269220214 -38.89510514572147 0.860519042715899 -0.004041484281356588 -0.5094023342149953 -15.806914997682256
0.016613391662188323 -0.9990882482539982 0.039326771083512894 2.172157130010553 -0.5093338823328153 -0.04230281272060048 -0.8595287181361032 -39.79452764734532 0.8604086806231752 -0.005750768529019191 -0.5095721989415878 -16.33903754075189
0.015775456432502843 -0.9990563104001143 0.04046709793527472 2.2244018853401855 -0.5108511396354785 -0.04284442833260435 -0.8586008566497438 -40.67639088769019 0.8595244538173534 -0.007127842792258702 -0.5110449580998985 -16.868867878282437
0.014093535078211369 -0.9991538397794045 0.038640162841162555 2.271339870871131 -0.5137418698791827 -0.04038899929012785 -0.8569935870102722 -41.56650798610578 0.8578291009224136 -0.00777300310623327 -0.5138763557880835 -17.437857398933847
0.013140632966037466 -0.9993098752214415 0.03474138331321086 2.3298141440196245 -0.5167337302741554 -0.036532037467478275 -0.8553664139484656 -42.48061160916689 0.8560453701664027 -0.006711986205143554 -0.5168571454985592 -17.996625274120156
0.011006071181302807 -0.999487895336297 0.030045089024540332 2.3785884256585192 -0.5210106673078779 -0.03137800810707049 -0.852973277426905 -43.40993677201464 0.8534792175365086 -0.006265924434659732 -0.5210891830742324 -18.564888537462295
0.009499832546635226 -0.9995470460589349 0.028556468875269275 2.426027909822377 -0.5272008134524286 -0.029272767097221146 -0.8492363242243803 -44.322496195251325 0.8496876103270808 -0.006987394374691479 -0.5272401354494141 -19.12610128947824
0.006244443941793408 -0.9995348775732412 0.029849551638658794 2.4781926738587505 -0.5365275328586687 -0.028538706788851415 -0.8434001531437716 -45.21276515033239 0.8438597729903077 -0.01074853874104547 -0.5364561371529419 -19.701553091096848
0.005637517280139382 -0.9994450568615799 0.032830747275030166 2.530405834434758 -0.5460242742849374 -0.03058145343461577 -0.8372110056137123 -46.08100594996999 0.8377503833093076 -0.013206592641352731 -0.5458936938455236 -20.28150238305559
0.0056474712434002785 -0.9994462373935628 0.03279256769100551 2.5822729206591846 -0.5561888223833356 -0.030392116247857585 -0.8305000457621523 -46.97885349306669 0.8310367975682362 -0.01354863316242787 -0.5560525049955428 -20.885453573779316
0.005790378305409231 -0.9995752920057652 0.028558361853067746 2.6291119369440197 -0.5666897214326624 -0.0268104057807323 -0.8234949194769255 -47.85223612857435 0.823910909399738 -0.01141538156624116 -0.5666042825246769 -21.493816857533247
0.006754059044293664 -0.9996643165619586 0.025011543341333577 2.6743543782265586 -0.5736834386575294 -0.024360183927763915 -0.8187147870236213 -48.72127328236915 0.8190493482189953 -0.00881905964178674 -0.5736553351165298 -22.11787647952823
0.007675000475229586 -0.9996345520825177 0.02592000389681092 2.7191384120569366 -0.5790356526140857 -0.025575681616295302 -0.8149009974542597 -49.581217880248644 0.815266173991895 -0.008754235966533745 -0.5790202688589344 -22.761594901821947
0.007982002444951439 -0.9995506133180609 0.0288939986548254 2.760959001043507 -0.5840974232841255 -0.028113606972297464 -0.8111965474992658 -50.42642668333966 0.8116443476216954 -0.010401936855293746 -0.584059305472654 -23.400369668674287
0.01037256453841634 -0.9993128404847351 0.0355834943707861 2.812300657221632 -0.5876694028078866 -0.03488348824387533 -0.8083488190910249 -51.28639694170591 0.8090347292779627 -0.01252667695031002 -0.587627386294541 -24.03794979632385
0.012217963616591571 -0.9992337915238237 0.03718010573905871 2.8600548380225117 -0.5925210389308428 -0.03718658459033219 -0.8046962222629686 -52.127909628166556 0.8054623574279365 -0.01219825183310709 -0.5925214290262594 -24.68520528475947
0.011665087405674394 -0.9993650372428285 0.03366423985410839 2.9144905892664537 -0.5970640334706703 -0.03396738977252992 -0.8014741593946637 -52.983051318665986 0.8021088453786538 -0.010750439034063197 -0.5970812076331444 -25.334810411623224
0.012498078303605843 -0.9995113129379993 0.028650161410921523 2.961751625083219 -0.6022074146628467 -0.03039725811986376 -0.7977608204252906 -53.84375504120739 0.7982419096665833 -0.007282866573093269 -0.602292990183742 -25.988737331599012
0.013501358850425334 -0.9995676541721333 0.026117262039083874 3.011008147316967 -0.6062902969910271 -0.028954068229547984 -0.7947160858295885 -54.68176851799186 0.7951287730600658 -0.005104896308780049 -0.6064191306208774 -26.636640891191238
0.01325309557200531 -0.9995778626148264 0.025851080022016033 3.049040615822243 -0.6096353559626649 -0.028569992446771234 -0.7921669370480826 -55.52930140414052 0.7925712639583059 -0.005261065394789866 -0.609756693125234 -27.30361251136807
0.012738363194365485 -0.9995373474094147 0.027616450509122342 3.0966815070096794 -0.6132995308782355 -0.029623653759995743 -0.7892946319747338 -56.36000856998392 0.7897477006065076 -0.006882831636879664 -0.6133932294343697 -27.95011669273446
0.01137003362324955 -0.9994953193336797 0.02966094341515572 3.145782896153585 -0.6177657704541591 -0.03034620692085423 -0.7857763263251388 -57.20322703769992 0.7862799740305392 -0.009389211667686923 -0.6177990267023954 -28.606826094605157
0.010626594721934194 -0.9994942728137896 0.02997008272341886 3.185894724198837 -0.6231418499050472 -0.03005962642640791 -0.7815309862023339 -58.034931931913846 0.7820366962632106 -0.010370604480849515 -0.6231461682955263 -29.296505488158235
0.011884964668799547 -0.999503871074634 0.029164432765273567 3.234003182405735 -0.6305064042309562 -0.030128404426366828 -0.7755990796854939 -58.874240384944876 0.7760930694805515 -0.009170399131932842 -0.6305517302424327 -30.018488343810304
0.011779008816412556 -0.9995166756650005 0.02876695454821933 3.2789479984051684 -0.6368091761744503 -0.02967881887449083 -0.7704500343944063 -59.69051059925441 0.7709315462975643 -0.00924392145692805 -0.6368508899419217 -30.69845581263394
0.009169551973436513 -0.9995204186999694 0.029575538995678167 3.3336258505904275 -0.6435763695003245 -0.028535841269250413 -0.7648497114216963 -60.51826934666794 0.7653270287983367 -0.012020787663396652 -0.6435294607041862 -31.413819678042017
0.007861144019476135 -0.9995079726073888 0.030365370007774953 3.3789360988004806 -0.6497372969927239 -0.028188183286305582 -0.759636022101588 -61.327514314634406 0.7601182614255059 -0.013757896877698836 -0.6496391507331707 -32.12615150330695
0.0077918724484957545 -0.9994908785611119 0.03094098425406859 3.432962204918559 -0.6553697882419338 -0.028474424819663925 -0.7547712831802734 -62.1471933958457 0.7552680264013502 -0.01439670362015848 -0.6552579776288319 -32.85017762615645
0.006831758951226421 -0.9994651008617937 0.031981748955908273 3.484348949037364 -0.6620820997491704 -0.028489227097676713 -0.7488896278050708 -62.960915736732275 0.7494002321712342 -0.016058312457766316 -0.6619226118535497 -33.574571833073975
0.006047873119798224 -0.9994160393800147 0.03362861684351651 3.5364749199957424 -0.6697892938519772 -0.029019636424557203 -0.7419839713594087 -63.76254076655371 0.7425266312779022 -0.018036658663599547 -0.6695736166952411 -34.31495643270131
0.006910106118393326 -0.9994138853326895 0.03352620103012274 3.5879089484874247 -0.6769498078327995 -0.029351630639538436 -0.7354437952342349 -64.5862414061066 0.7359968205467948 -0.01761355584281615 -0.6767558354788548 -35.07648970985969
0.006500976337387613 -0.9994651672736229 0.03204803874151278 3.640328246799886 -0.6834092801618614 -0.027836906617723728 -0.7295044800336148 -65.38471848673034 0.7300064771473107 -0.01715943570410741 -0.6832248497196639 -35.81403279257705
0.005761187686078311 -0.9994824025422543 0.031651371241001425 3.6933379789397387 -0.6891598044176989 -0.026903367449362725 -0.7241097673359093 -66.17952962621845 0.7245865103087752 -0.017641124504089507 -0.6889579402367155 -36.569670812719096
0.004437674949420432 -0.9994643479713801 0.03242276821985787 3.7449808864886096 -0.6956435695470452 -0.02637756561257313 -0.7179027301670711 -66.95859048714111 0.718373521328004 -0.01936887091828316 -0.6953879493368474 -37.33139967567137
0.004366320878954862 -0.9993975295078501 0.034429522441944596 3.8021506383879657 -0.7018292782809065 -0.0275883426669287 -0.7118108004548662 -67.75665066742238 0.7123317970816169 -0.02105565165698536 -0.7015269482120261 -38.14185122321413
0.004754569498746839 -0.9994104107120971 0.0340030063034001 3.8524343613332195 -0.708311245272948 -0.027368535880788247 -0.7053695532656341 -68.53165391402514 0.7058843473608203 -0.020730982810139735 -0.7080236936179585 -38.96870024375481
0.0035413201635054667 -0.9994475298184351 0.033046903792572205 3.9075168443549217 -0.7140730963268799 -0.025662572007170294 -0.6996006564641956 -69.29422496039653 0.7000622329814493 -0.02112038900621768 -0.7137693781563353 -39.7897571219442
0.004455056374841122 -0.9994448322619348 0.033017209395392974 3.96308686657447 -0.718518184463921 -0.026163057302796805 -0.6950158759084882 -70.06114169827066 0.6954939764474681 -0.02062713322759703 -0.7182358390720442 -40.592909871999545
0.00520164576896396 -0.9994225309905131 0.03357774373943363 4.017337209560276 -0.7234377645892592 -0.02694269621567117 -0.6898636460525581 -70.8466451823145 0.6903700697795053 -0.02070298828409287 -0.7231601495532928 -41.41708480222296
0.005282296081043044 -0.9993365398853449 0.0360348972236362 4.073512468927951 -0.7282271839584473 -0.028540234604350175 -0.6847413420671452 -71.61356362751592 0.6853156174685915 -0.022624578991879207 -0.727894721476693 -42.23729806138695
0.0055390378767511805 -0.999238792712295 0.03861373934402243 4.132338134265712 -0.7336687485976024 -0.030299105579899042 -0.6788314061384781 -72.39291347856513 0.6794848218245139 -0.024569625842486027 -0.733278072296852 -43.08269135082217
0.006413634239667605 -0.9991773447499599 0.04004218827563304 4.187131516157791 -0.7388790294467972 -0.03171703991492143 -0.6730912468181983 -73.18787550775339 0.6738076480556416 -0.025269373988114338 -0.738474614324746 -43.96793881915933
0.00674046057841054 -0.9992111243482933 0.039136052595805694 4.242294431816762 -0.7433948128265842 -0.031183217293226144 -0.6681255226607238 -73.97475197734671 0.6688189053752777 -0.024590060742505932 -0.7430186532851843 -44.86772892498256
0.006396211334961635 -0.9992551649501965 0.03805335384964941 4.3070788954672565 -0.7469850678430069 -0.030073799807052333 -0.6641603325831558 -74.75194452066931 0.6648100826982208 -0.024177178030706733 -0.7466210015279093 -45.751636394679444
0.0044383532127694695 -0.9992507898807002 0.03844570425096308 4.369374791829272 -0.7516614254457511 -0.02869047492515555 -0.658924866527177 -75.5058388340433 0.6595343768014931 -0.02597361175628531 -0.7512255882876138 -46.64434433601989
0.004075992901458863 -0.999239868459794 0.03876967808504245 4.429336395484072 -0.755571581072749 -0.028474040394492084 -0.6544470230765748 -76.26020250593687 0.6550535167699766 -0.026625745456184895 -0.7551132525069668 -47.519329846648965
0.002750209528800205 -0.9992434343202589 0.03879313402119955 4.4885655811349086 -0.7598744321618066 -0.027306464864056235 -0.6494962032260083 -77.00637278612196 0.6500641912287338 -0.027691665715741984 -0.759374684664744 -48.43019332428026
0.0018893483222595028 -0.9992578178864862 0.038471661683334615 4.54686253064628 -0.7629959861366612 -0.026308702504082068 -0.6458676826558724 -77.75797005196162 0.646400590190212 -0.02813345325399914 -0.7624793758181774 -49.339872088194255
0.0005738817193372131 -0.9992434849249795 0.03888469517137973 4.612214626112856 -0.7662521468598321 -0.025424376628370885 -0.6420368115901353 -78.52597740647181 0.6425397989943028 -0.029427029422278487 -0.7656870750909663 -50.255332919030295
-0.0037288748050235826 -0.9991413552196363 0.0412633287628842 4.672009633899309 -0.7702496990457087 -0.023445556952136595 -0.6373112177730371 -79.29227808594014 0.6377314633555706 -0.034159527054342706 -0.7695009282428399 -51.16834589994583
-0.007978109297675747 -0.9990317779811688 0.0432650692551454 4.729573254452259 -0.7733560843254335 -0.021264078507733642 -0.6336151721587274 -80.05478728819624 0.6339216929373892 -0.03851435556393744 -0.7724376311945906 -52.074730517501095
-0.012252426289563557 -0.9989766761575043 0.04353540125263914 4.807299344996054 -0.7774689730237732 -0.017861701842450724 -0.6286676146168715 -80.80173025103632 0.6288019949236273 -0.04155012461140609 -0.7764545108679857 -53.00900984942394
-0.015175337502056479 -0.9988870598060361 0.04465788677945271 4.885122519492573 -0.7833466918642992 -0.015879748549230563 -0.6213821636145731 -81.54422233576064 0.6213998231277763 -0.044412295510186085 -0.782233874148713 -53.93170159749712
-0.01762434873507026 -0.9988953521679855 0.04355897248129166 4.955761817530417 -0.7900818945370023 -0.012785343547307215 -0.6128679642823796 -82.27057378398952 0.6127479753850086 -0.04521655256567934 -0.7889837647176225 -54.87460344098383
-0.018183031851802825 -0.9989904155683943 0.041079817520752016 5.026332238758552 -0.797483742187826 -0.01029122670178164 -0.6032526827404238 -83.00569574308956 0.6030664184036005 -0.04372945230343876 -0.7964914514464155 -55.83954388493274
-0.01819467212423055 -0.9989952739752496 0.04095640889779941 5.099775952496012 -0.8047210800828498 -0.009678769732550838 -0.593574283535858 -83.71195137045626 0.5933743678595608 -0.04375837968434408 -0.8037364121432188 -56.814926395885706
-0.01580214015884989 -0.9989429440656077 0.043164196740439975 5.168943450020079 -0.8100452775516837 -0.012517088336185209 -0.5862337933865955 -84.41832456806537 0.5861544361192925 -0.04422869724112665 -0.8089912598449649 -57.76603777633454
-0.016676498925954707 -0.9988747943222069 0.0443970174457938 5.23825949267294 -0.8166645673274869 -0.012010940795757836 -0.5769875323206647 -85.11483123462091 0.5768716087196982 -0.04587961221575551 -0.8155453237782875 -58.773751680735266
-0.01592149053854733 -0.9988424644179913 0.04538839480477142 5.304104964360523 -0.8235111234552024 -0.01264555904469992 -0.5671591669413624 -85.80391142137348 0.5670767758395068 -0.04640787026534741 -0.8223566045167527 -59.7859605555329
-0.0200299030377718 -0.998798772408522 0.04471810395494254 5.372272434128783 -0.8305572750285765 -0.00827621585533297 -0.5568718167678749 -86.46749937231658 0.5565730793195306 -0.048295036381753545 -0.8293938231068952 -60.84833188492508
-0.0196589640085955 -0.9988398891587497 0.04395793290093058 5.447833614805177 -0.8374794427596725 -0.00756413081494004 -0.5464163972439772 -87.1502600438016 0.5461151207405326 -0.04755584838327533 -0.8363591711764645 -61.88885492414568
-0.019729617696230863 -0.9988287875031198 0.04417850352666358 5.526282608684956 -0.844661555020483 -0.006990108430984682 -0.5352551808732126 -87.81788477354672 0.5349370813316185 -0.04787626524311603 -0.8435343278727847 -62.92973783419323
-0.01902769438559717 -0.9988048317629592 0.045019046237134784 5.598827536655051 -0.8506350800748352 -0.007489981988602342 -0.5257031715262579 -88.45752777648555 0.5254121028625693 -0.04829769501307369 -0.8494759626258005 -63.98583465321555
-0.019774079088734797 -0.9987698186413466 0.04547359918580251 5.668262112489606 -0.857374874393551 -0.006457225753075713 -0.5146519607292441 -89.07235612327922 0.5143125254593214 -0.04916469553450593 -0.8561923961581895 -65.06376961198211
-0.01840082116424571 -0.9987217055910405 0.04707803439571087 5.743068773634966 -0.8638724896205758 -0.007824882279644795 -0.5036498160412604 -89.68771145367216 0.5033743416195058 -0.04993699170609696 -0.8626242945561094 -66.15459504133118
-0.01676727805504072 -0.9987480512090492 0.04712875290402601 5.8197267785620115 -0.8682600354978477 -0.008830010313371283 -0.4960308597908769 -90.29630906897059 0.4958260334942791 -0.04923710036923877 -0.8670250160315879 -67.2076216865057
-0.01574485623814715 -0.9988278964257187 0.04576905986717806 5.896139727431253 -0.8733965491773092 -0.008545057729969104 -0.4869346953618784 -90.90956716760144 0.48675507648136096 -0.04764126121246154 -0.8722383844318838 -68.34509677844218
-0.01696262598517468 -0.9988867786223651 0.04401635328852297 5.96844454960686 -0.8778635521020619 -0.006194178267554818 -0.4788708241649723 -91.49312061735816 0.4786104377553421 -0.04676325864623061 -0.8767811621472704 -69.46563936270552
-0.01855739946429099 -0.9988331036661332 0.044587669627002106 6.0413875188032415 -0.8833813654711332 -0.004507264146329241 -0.4686332209246068 -92.0775390463468 0.4682873250966151 -0.048084528953639724 -0.8822668373893797 -70.6469602687532
-0.021469160176911986 -0.9987010496701705 0.04620804169553391 6.122407112303746 -0.8874224559658849 -0.0022503815481068317 -0.4609516035089202 -92.65719784718804 0.4604568076221866 -0.05090229698258896 -0.8862214672749813 -71.81497697677803
-0.0224939633801967 -0.9985882893791564 0.04811804911657606 6.204008217717063 -0.8902446592230912 -0.0018942994431219561 -0.4554788524337757 -93.24647143787753 0.4549271129388259 -0.05308235382338683 -0.8889451531766813 -72.94571970012521
-0.022744938587268775 -0.9984619097972242 0.05055997661123549 6.287122827744852 -0.8935437015734802 -0.002379985522474105 -0.4489700459641673 -93.8234182850993 0.44839985000063426 -0.055389354093798214 -0.8921151938902571 -74.07890510269534
-0.024369465999167207 -0.9982700893727904 0.053505572788330624 6.373394066188437 -0.8952607268137395 -0.002025240697768835 -0.4455380029197817 -94.37441924841198 0.44487569516757813 -0.05875896261495962 -0.8936627253030639 -75.1880417226756
-0.0269835935130548 -0.9981891451507167 0.053760314227268326 6.463158853740083 -0.8984027705404268 0.0006332481927259822 -0.4391720111824552 -94.92368201528187 0.43834279936865056 -0.060148862585015915 -0.8967929446796712 -76.32704471370047
-0.028163062876502713 -0.9983534785166394 0.049970276796401904 6.5540543108999385 -0.9001018624859269 0.0035852404639758204 -0.4356647203234695 -95.46876959945831 0.4347683073922043 -0.05724799679916424 -0.8987208775874731 -77.46397943308739
-0.032742144300176246 -0.9983424096944339 0.04733276784338523 6.638947018368526 -0.9013341675305138 0.009030057747107731 -0.43303030954735594 -95.99903536421307 0.4318851196919287 -0.05684097870893981 -0.9001357834469316 -78.62956823610102
-0.036111074086336264 -0.9982671238685443 0.04646145932454361 6.710144913381404 -0.9031722802646229 0.012700348848996042 -0.42909051644571966 -96.50302765464482 0.42775688351169217 -0.057457621682187314 -0.9020657417626599 -79.76835774507848
-0.03863909072595043 -0.998229800251723 0.04521349823479187 6.783713718510295 -0.9051481861436879 0.015795252467268442 -0.42480257309227965 -97.01189641431112 0.42333654390584463 -0.05733890173980883 -0.904156203741318 -80.91337589076123
-0.03961656141315313 -0.9982815291719958 0.04317975792534744 6.870782921851219 -0.9061262265507687 0.017678590058818323 -0.4226378178825332 -97.5435125284291 0.42114822483097586 -0.05586977304846729 -0.9052695086456652 -82.06530480161905
-0.040827282182775385 -0.998331677434886 0.040829787708164283 6.941729826073761 -0.9073642640657636 0.019935175901649654 -0.4198722111126438 -98.07252506618525 0.4183578461732299 -0.05418973231813833 -0.9066643827188744 -83.20774929072263
-0.041862515335418654 -0.9982873009720116 0.04086512511899684 7.0235323227314765 -0.908271055352146 0.02098271852583972 -0.41785575527356345 -98.57700445722222 0.41628269774150883 -0.0546091086969157 -0.9075937931904211 -84.33940882297236
-0.04271416608734199 -0.998278057491191 0.04020483231097886 7.0981216252627375 -0.9098512231908286 0.022243455294125435 -0.41433792508617096 -99.07442365943812 0.41273016976793847 -0.0542785193842273 -0.9092346822067833 -85.44044786057752
-0.04539766667969335 -0.9982481314051135 0.03794251862325966 7.169484804573065 -0.9103812275124852 0.02570504701472636 -0.4129712277813663 -99.5724086480319 0.41127245028128334 -0.05329008244363089 -0.909953391335033 -86.54798583406017
-0.049095394401320366 -0.9981417242982994 0.036092905446072174 7.2423053653032845 -0.9102017171517489 0.029832552974241384 -0.4130893850372657 -100.07279588389243 0.4112450252879367 -0.05313261430942327 -0.9099749885729211 -87.67722584624808
-0.05233585068927529 -0.9979540512484228 0.0367239851948985 7.310676628640832 -0.9104476299668336 0.03257291561296782 -0.41233998391404414 -100.54001178262126 0.41030023121062703 -0.05501543124790255 -0.9102895349236925 -88.7560926692363
-0.0548133172911867 -0.9977855498085291 0.03767514964258682 7.3769515539609545 -0.9108379784705941 0.03450593951379837 -0.41131932422531964 -101.00344605694886 0.40910854044759876 -0.05686173618738522 -0.9107123222226117 -89.82468369723986
-0.05594182630200442 -0.997694936149635 0.038407657239254385 7.451160597093765 -0.9115221821466408 0.035336898880626896 -0.40972980066560755 -101.46733811537028 0.40742822344101604 -0.057930466445369 -0.9113980625786224 -90.89313662197577
-0.05235797102397768 -0.9978815388106257 0.038613626441704206 7.525159874270576 -0.9125933242946251 0.032110423096321575 -0.40760569148012965 -101.95493843052634 0.40550230293459244 -0.05657994082355703 -0.912341242072344 -91.9636121894437
-0.050435138562771195 -0.9979464336040234 0.03948592398195592 7.596788592985736 -0.9124157467015143 0.029962512300827755 -0.40816637781468235 -102.41553581266898 0.40614508144341044 -0.056613508953326126 -0.9120531837380567 -93.01716995788705
-0.048985778620524764 -0.9979961183319055 0.040050509778682714 7.6666414325208105 -0.9107173011112639 0.028165064890792464 -0.41206891398999657 -102.87522213766172 0.4101151664645999 -0.05666020079348259 -0.9102720242702677 -94.03645349207034
-0.04681984354483959 -0.9980611261539594 0.04100975285206735 7.734695752890384 -0.9083684615142604 0.02546178044684324 -0.4173947617567475 -103.32127649506826 0.4155413605961944 -0.05679432739148078 -0.9077994589020038 -95.04848713188316
-0.04619611694138559 -0.9980672519674831 0.04156520962852932 7.795900787978328 -0.9058949298299138 0.02432191933320768 -0.4228034203779199 -103.77301633567754 0.4209753363201438 -0.05718559349165907 -0.9052676923918221 -96.07178997188187
-0.044946778915894534 -0.9981656421389099 0.040559249642458085 7.867550025451973 -0.9038574768996734 0.023341529364528858 -0.42719652896503585 -104.24586896024269 0.42546623604441347 -0.05586089371019946 -0.9032486004486343 -97.08402111832848
-0.0427745851654766 -0.9983075435460508 0.03939930970361349 7.932346735409734 -0.9002863812690575 0.021415928391385917 -0.43477112288631614 -104.72412987740675 0.43319165728765413 -0.0540678163620144 -0.8996786812259094 -98.08981472022664
-0.04307601896433066 -0.9983008184592437 0.0392428197466539 7.991548903775165 -0.8954005245803546 0.021152623120948816 -0.4447591049454555 -105.20489253566993 0.44317325972957883 -0.05429649616872962 -0.8947901711566181 -99.08429805358492
-0.04382194559712241 -0.9982769972566028 0.039020770616429425 8.058583992357166 -0.8909243946056292 0.021377164129982515 -0.45364824238448465 -105.68983887637918 0.4520325113018864 -0.05464430303333361 -0.8903261515328601 -100.06029197169441
-0.041351208310463426 -0.9983804344941953 0.03907007592808297 8.114608832955776 -0.8853092335469768 0.018485209460328805 -0.464635324882035 -106.18010694299996 0.46316066340904716 -0.05380233331437029 -0.8846398358098654 -101.02240832677738
-0.03956449424012368 -0.9983519146809853 0.04156921681474257 8.176044460415046 -0.8789417184918628 0.014983789668610276 -0.47669386692341387 -106.675722540926 0.4752854172902286 -0.05539706856567811 -0.8780859984284866 -101.98265247012661
-0.03911540218265255 -0.9983121967672469 0.04292646984130935 8.24464483495991 -0.873006808944869 0.013242493259146176 -0.48752827482841615 -107.18434882987336 0.4861370637800198 -0.056544958266270026 -0.8720513050764936 -102.91453643328565
-0.03815381557334464 -0.9983723911436674 0.04238796636384755 8.314617262117252 -0.8665691232821647 0.01193437626796318 -0.4989142656221159 -107.73478005521496 0.49759649635714914 -0.055767592860314005 -0.8656141076946186 -103.87130861308864
-0.03634153200347972 -0.998527171894146 0.04028368310066538 8.377732269331121 -0.8594201959162646 0.010656981972942082 -0.5111588452976841 -108.26665297472444 0.5099767480217011 -0.053196912731143804 -0.8585416329694624 -104.7950215344073
-0.03596090113803402 -0.9986072950250052 0.03860412623113906 8.43805343229715 -0.8516738397323476 0.010414109298292474 -0.5239687689794735 -108.80886636035765 0.5228369724616833 -0.05172051334805061 -0.8508621531602584 -105.7103812857294
