-1.0 0.0 0.0 0.0 0.0 -1.0 4.440892098500626e-16 0.0 9.860761315262648e-32 4.440892098500626e-16 1.0 0.0
-0.9999809025197174 -0.006162794458838373 0.0004632065516373005 -0.00759587 0.006162709371390726 -0.9999809932327758 -0.00018489563310464274 0.0010228800000000211 0.0004643372213613575 -0.0001820374947072704 0.9999998756266401 0.0873131
-0.9999110337925617 -0.013295520871342179 0.001074069201944215 -0.0119195 0.013295240808675389 -0.999911578606636 -0.0002674700448090151 -0.00017995099999995593 0.0010775303848120264 -0.00025316624032849493 0.9999993874173748 0.186593
-0.9997754638506102 -0.02114239148097864 0.0014216767432177592 -0.0236975 0.021142428959088824 -0.9997764738026158 1.1336539329537442e-05 -0.002480559999999931 0.0014211192796688937 4.1391693412919224e-05 0.9999989893528496 0.286544
-0.9995409412886347 -0.030227052710164525 0.0020571758036061084 -0.0357452 0.0302307707701391 -0.9995413234061901 0.00180091700124615 -0.0009470359999999051 0.0020017958120923437 0.001862280284760975 0.9999962623558489 0.391368
-0.9991283315323294 -0.041701062124613025 0.0018969836853658904 -0.0465707 0.041707393088916744 -0.9991239800690164 0.0034301330548702487 -0.0019226899999998772 0.0017522816982319263 0.0035062613602952213 0.9999923177905534 0.506492
-0.9984755477961627 -0.05515713132936607 0.002066716397539572 -0.0625076 0.05516611709267543 -0.9984666979369918 0.004577404910739817 -0.001684979999999845 0.0018110709732142112 0.004684439594519806 0.9999873879442756 0.636021
-0.997462735922083 -0.07116081696580241 0.0020563500657324926 -0.0826138 0.0711699344465478 -0.9974528201759875 0.0047657060173223985 -0.0021008299999998093 0.0017119806387224496 0.004899964462016068 0.9999865296445568 0.77703
-0.9959676993260125 -0.08970782706581053 0.0009206858206102956 -0.108264 0.08971122250830547 -0.9959563570448877 0.004778223303837135 -0.000900656999999771 0.0004883188660554655 0.004841551921301622 0.9999881603897511 0.922972
-0.9939774421619841 -0.10958459496389492 -0.0002470216968046158 -0.133141 0.1095820512692679 -0.9939654966717385 0.004936138746404479 -0.007662809999999729 -0.0007864558087634184 0.004879341421063921 0.9999877866826962 1.0844
-0.9912905526268924 -0.13169297304376187 -3.3519631697601056e-05 -0.167646 0.1316907948010338 -0.9912755575206512 0.005504873004400942 -0.011220699999999684 -0.0007581802837768318 0.005452514375733774 0.9999848475100211 1.25037
-0.9877680429998492 -0.15589489573250073 0.0033278691082182384 -0.224207 0.15591475687463882 -0.9877463274476479 0.006912394838735323 -0.01744499999999963 0.0022094834172225243 0.007346706625218313 0.9999705716093812 1.43234
-0.9833895989050662 -0.1813339186250246 0.007931375758736791 -0.281233 0.1814033571740655 -0.9833662758883325 0.009142726698890989 -0.02077079999999958 0.006141560983312457 0.010429640530964903 0.9999267492307039 1.60535
-0.9780436331928326 -0.20808120559612206 0.011526640821528822 -0.338842 0.2081961791439957 -0.9780372847329066 0.00987019058197576 -0.02681569999999953 0.009219683335418524 0.012053279634508758 0.9998848513150136 1.78864
-0.9713782755764829 -0.23719732302006138 0.012715175585711114 -0.409349 0.23733348274346042 -0.971371100543919 0.01053579598111283 -0.03181309999999947 0.009852091499695891 0.013251980237410458 0.999863651360959 1.98113
-0.9634256696193719 -0.2675620507427957 0.014883820772040411 -0.482134 0.2677217567147886 -0.9634443545826108 0.010001830054742348 -0.03773789999999941 0.011663622936813941 0.013620742461628027 0.9998392047098281 2.16662
-0.9539766709613527 -0.2993947566152657 0.01706724854158333 -0.571557 0.29957723922332646 -0.9540264649895877 0.009326405459791392 -0.03946109999999935 0.013490329900495915 0.01401013243179346 0.9998108457045357 2.37011
-0.942740370202185 -0.33293912087379496 0.019802428710425056 -0.668901 0.33314490487626136 -0.9428407713631506 0.008108773663496 -0.04589179999999929 0.015970809185312025 0.014241546514463452 0.9997710295896969 2.5634
-0.9302973659100617 -0.3661169467732843 0.022476482514151838 -0.76554 0.3663724063892324 -0.9304303131874887 0.008407861701692627 -0.043293799999999216 0.017834540009879676 0.016056574579896055 0.9997120163304012 2.75053
-0.9164270511465058 -0.39939275108061545 0.025434038436258324 -0.88989 0.39969565846655686 -0.9166130511346242 0.007993440602156794 -0.04565739999999915 0.02012064934103915 0.017491279939793287 0.9996445441236412 2.95958
-0.9005869864417777 -0.4338537661460869 0.02672058106728911 -1.01089 0.43418047894143125 -0.9007933268602133 0.007661200317058151 -0.04408799999999908 0.020745880504486114 0.018501131991455123 0.9996135836197546 3.15075
-0.882184835769887 -0.47035242580274694 0.022770838349275475 -1.12837 0.4706346055625692 -0.8822833478135136 0.008897315209836491 -0.04226249999999901 0.01590545769924084 0.018565821082022812 0.9997011186864441 3.33612
-0.8612813127537895 -0.5077770533664557 0.01889350088228629 -1.27291 0.5079984933762184 -0.8613064600421563 0.009418737555635933 -0.051764399999998933 0.011490475560292571 0.01771005262920522 0.9997771366696027 3.53577
-0.836459524151317 -0.5476748267089379 0.019691334284076652 -1.42146 0.5478785770611038 -0.8365313847106598 0.0066563647410697105 -0.05682819999999886 0.012826895729382295 0.016356239891887222 0.9997839487422003 3.72307
-0.8078792433751151 -0.5888541603727124 0.024122726533278047 -1.61571 0.589089111500142 -0.8080607665398073 0.003437483246781011 -0.05917799999999877 0.017468452582432313 0.016987506904973745 0.9997030948104185 3.90851
-0.7756151233628782 -0.6306018732073722 0.027612640549941742 -1.80785 0.6308762484376036 -0.7758817849105285 0.0016170965794536393 -0.0662509999999987 0.020404400703820942 0.018674403642565923 0.999617390345182 4.08964
-0.7405538343684694 -0.6714348354396591 0.02748236089340703 -1.99053 0.6717208067894509 -0.740802610317892 0.0016279657020455405 -0.06246979999999861 0.019265931804279927 0.0196660698746684 0.9996209629491559 4.25057
-0.70102060027048 -0.7127791437518103 0.022715858532123896 -2.2209 0.7129714537135459 -0.7011928591297827 0.0005296177804306135 -0.07204779999999851 0.015550697283676558 0.016567031654351017 0.9997418213099594 4.43766
-0.6589514625352647 -0.7519720917814201 0.01791488778951553 -2.44453 0.7520922960674479 -0.6590577944642145 -4.185641369632348e-05 -0.07226199999999844 0.01183842128959369 0.013446067746385747 0.9998395146439901 4.6044
-0.6147521119072141 -0.7885671158210534 0.015548143017252516 -2.67781 0.788648380403715 -0.6148429030561466 -0.001391635040740483 -0.07513309999999834 0.010657063020211929 0.011406507228542237 0.9998781518768314 4.75878
-0.5669006422873197 -0.8236784696381281 0.013320676740139458 -2.97034 0.8237182759576103 -0.5669874107971145 -0.0036712192805899374 -0.07227359999999824 0.010576560293699331 0.00889126831083229 0.9999045363034305 4.92081
-0.5163215518058327 -0.8563082840749414 0.012172828982861487 -3.25456 0.8563226897536487 -0.5164103729638262 -0.005637172024883429 -0.07694569999999816 0.011113332258727564 0.00751327624883088 0.999910018214697 5.05064
-0.4640886300230355 -0.8857125469959727 0.011620136713875625 -3.54045 0.885709474200756 -0.4641826810282476 -0.007291498093585088 -0.07028679999999807 0.011852037561647086 0.006908163817920202 0.9999058988116343 5.16157
-0.40956010927065745 -0.9122202403018289 0.010712146277993977 -3.89104 0.9121843375288168 -0.40966032806110986 -0.009907067173382933 -0.07408149999999795 0.013425768556071346 0.005713912542021256 0.9998935443046632 5.28195
-0.3551177481107614 -0.9347611103009494 0.010632574743576614 -4.20708 0.9346995804336562 -0.35523218427601305 -0.012115675451226047 -0.06944199999999788 0.01510229498747271 0.005635771768670324 0.999870070940561 5.37413
-0.29979764992749697 -0.9539597194372691 0.009067678264959751 -4.59092 0.9538422646176825 -0.2999080269738916 -0.015495469842450755 -0.06897249999999777 0.017501523561131105 0.0040036293277846136 0.9998388208232589 5.46572
-0.24632142464572337 -0.9691754261852915 0.004974840606493946 -4.96567 0.9690081309909276 -0.24637135729732684 -0.01801100710517181 -0.07114499999999767 0.018681483719740974 0.0003841640686263073 0.999825412051523 5.5376
-0.19525115843967306 -0.9807490591984978 0.002875414618276846 -5.34314 0.9805658121432745 -0.19527031968661218 -0.01897868028311386 -0.07814669999999757 0.019174805964235476 -0.0008860760405148818 0.9998157538694239 5.60292
-0.1477949600196794 -0.9890058452935626 0.004907929089425611 -5.77125 0.9888265795620812 -0.14786216717922696 -0.018941358679279065 -0.07228689999999748 0.019458811483133394 0.0020536533855075112 0.9998085502552155 5.62705
-0.10499039982128222 -0.994445515679102 0.007425112193934511 -6.19147 0.994288716533451 -0.1051118166033389 -0.018478478958213505 -0.05662559999999737 0.019156307567754122 0.005442642379512034 0.9998016870981457 5.65928
-0.06680894827299988 -0.9977251817653673 0.009001449989894064 -6.651 0.997612855515411 -0.06695393832126495 -0.0169044566212584 -0.050585999999997265 0.01746868458251512 0.007850593260204564 0.9998165898025595 5.65736
-0.03216737951825016 -0.9994464994003984 0.008482601677455792 -7.10978 0.9993744768513317 -0.032287517406650756 -0.01442814048456226 -0.04831099999999717 0.014694036649467458 0.008013180143036066 0.9998599273052897 5.65498
-0.0006054284371746488 -0.9999652845433196 0.008310425055649573 -7.57631 0.999925133626838 -0.0007069266958262274 -0.012215866567587523 -0.04604669999999707 0.012221317349526382 0.008302407051261472 0.9998908487627025 5.64435
0.026088333748381654 -0.9996211800350029 0.008768994677936858 -8.06925 0.9996115925110581 0.02600007116021813 -0.010032966518939427 -0.04208549999999696 0.009801171345283972 0.009027332113765888 0.9999112182164818 5.61496
0.047009527150375596 -0.9988460186076638 0.009835419092048662 -8.57137 0.998867975590588 0.04693432826584881 -0.007741845373913688 -0.03813419999999686 0.007271292640111439 0.010188225647858673 0.9999216611122541 5.58156
0.06382260128043277 -0.9979152301437333 0.009584832443941114 -9.10213 0.9979409544352209 0.06375709163807725 -0.006991761349890244 -0.02530909999999675 0.006366084096121818 0.010011329234090253 0.9999296206534976 5.53535
0.07708500366875237 -0.9969849369440907 0.008884689976347608 -9.64295 0.9970022233763883 0.07702061718260589 -0.007375032972719576 -0.02637729999999664 0.006668492477813011 0.009426560104187735 0.9999333333641176 5.48661
0.08635505492751672 -0.9962118480394773 0.010235150914126977 -10.2057 0.9962345655473355 0.08626836970565022 -0.008628951097379423 -0.028160999999996526 0.007713293536309601 0.010941764670227758 0.9999103874291555 5.42987
0.09353769795951655 -0.9955555026627414 0.01095172033840387 -10.7764 0.9955751761855223 0.09342893547585635 -0.01005497782268305 -0.028363799999996418 0.008987080927677586 0.011843780384008764 0.9998894725131446 5.36775
0.09802239663338552 -0.9951281386371541 0.010563969462291921 -11.3679 0.9951355219281489 0.09790707890091277 -0.010931463665999796 -0.0252945999999963 0.009843919698874609 0.011584109531742971 0.9998844461493132 5.30725
0.09958172538448962 -0.9949795582809248 0.009957839752866368 -11.9723 0.994972851666685 0.0994644021482235 -0.011655777604305343 -0.021851299999996177 0.010606809874445759 0.011068482659883949 0.9998824852330873 5.24407
0.09850723633126762 -0.9950991458448583 0.008603158095123735 -12.5944 0.9950555092245027 0.09838537172105538 -0.01359603593977897 -0.01813709999999605 0.012682978843386287 0.009899927784770465 0.9998705583611884 5.1854
0.09720773740016148 -0.9952347161503405 0.007649546306316915 -13.229 0.9951438822229475 0.09707365894350822 -0.01628982546131904 -0.012408499999995925 0.015469630369922466 0.009195896284250788 0.9998380498999564 5.11874
0.09531153728641056 -0.9954048517130242 0.00921368798438389 -13.8814 0.9953286229906223 0.0951530380645495 -0.01633498095125925 -0.006774259999995796 0.015383208888030325 0.010727559520170814 0.9998241227091136 5.05042
0.09337825048212356 -0.9955509594226559 0.012601171752127494 -14.5394 0.9955470089438361 0.09319881627995508 -0.014146859262610258 -0.003977009999995665 0.012909505020670241 0.01386606781477746 0.9998205223156188 4.98043
0.09219542695602734 -0.9956502461665764 0.013438398596253285 -15.2269 0.9956625616706931 0.09201045422436516 -0.01378911167476682 0.0015286900000044718 0.012492659274510659 0.014651403409296862 0.9998146177379029 4.91134
0.09025033356223211 -0.9958212227318809 0.013963153250167148 -15.9194 0.9958036329914838 0.0900174976245478 -0.016491653718677248 0.01054460000000461 0.015165810656475829 0.01539293598363674 0.9997665005934815 4.84732
0.08885161684200732 -0.9959569257926995 0.013236017154582282 -16.6506 0.9958711118476531 0.08858006666831136 -0.019856998170835288 0.02058700000000476 0.018604267571720557 0.01494569351327597 0.9997152131849985 4.78019
0.08672540891282449 -0.9961629024087524 0.011754799593094981 -17.371 0.9960127364891493 0.0864525782138294 -0.02201318858271131 0.029381600000004907 0.020912489098614973 0.013617032890910827 0.9996885736142771 4.7151
0.08537199471287327 -0.9962421739507251 0.014599772624202012 -18.1205 0.9961421379477319 0.08504640652232365 -0.021632146046138626 0.03634470000000505 0.020309198006493348 0.016390228173302414 0.9996593904409442 4.64233
0.0835711966703902 -0.9963381315632946 0.018060528232654693 -18.8763 0.996347267393342 0.08322533274206029 -0.01912241480028371 0.042343100000005206 0.0175492975614329 0.019592641040373095 0.9996540154334219 4.56993
0.08180152063428775 -0.9964576332161219 0.019511443494588283 -19.6449 0.99650346768251 0.08143979928103645 -0.018665422304273857 0.053695100000005366 0.017010294490413587 0.02097008102961933 0.9996353863199123 4.50078
0.08039800223595811 -0.9966455359656238 0.015291725745023457 -20.4273 0.9965802021215177 0.08008014014964099 -0.020373313256519938 0.06636810000000552 0.019080408169148515 0.016877404818513863 0.9996754929629366 4.43941
0.07890314158364137 -0.996788261566333 0.01369145177836505 -21.214 0.9966577318184295 0.07858642946491295 -0.022305575771532946 0.07410880000000568 0.021157973787089702 0.015405671277932619 0.99965744404656 4.37228
0.07810428759835192 -0.9968944020847325 0.010063366776475388 -22.0238 0.9966821513688525 0.07784783627181363 -0.023757178505722478 0.08511430000000585 0.022899986932524197 0.011885515551327658 0.9996671071504601 4.31129
0.0772332327699235 -0.996952980903475 0.010944479137109608 -22.8238 0.9968376477952834 0.07700909027632591 -0.019603671920825495 0.08998760000000601 0.018701114776223687 0.012423923795987222 0.9997479254410273 4.24489
0.07698616923282653 -0.9969591811795394 0.012063200598400018 -23.6292 0.9969587345984808 0.07682802923932275 -0.013066576866106346 0.09444860000000617 0.012100051844959199 0.013032458901696315 0.9998418593759341 4.18302
0.07745568301442612 -0.9969367128866155 0.01085392406452944 -24.4401 0.9969685767240238 0.07736853380761871 -0.008232071509246642 0.09970450000000634 0.007367102119744037 0.011458641947856844 0.9999072083603897 4.12144
0.07751886753981041 -0.9969250652812243 0.011455976142245939 -25.2721 0.9969578633024219 0.07741766177849818 -0.009029088781214533 0.10292200000000651 0.008114430036319332 0.012121050234053193 0.9998936124240463 4.05387
0.07785232237068057 -0.9969283506258185 0.008536956130657934 -26.1057 0.9968512248650861 0.07771128430745672 -0.015766793468016495 0.10325900000000668 0.015054945581737764 0.009737556663289829 0.9998392513818208 3.98502
0.0780424014757859 -0.9969047521615879 0.009502562261578204 -26.954 0.9967005348679523 0.0778060903879978 -0.023113980454966234 0.10988400000000685 0.022303079738683968 0.011275079431100956 0.9996876738351794 3.91046
0.07836565526825479 -0.9968682161205654 0.01061054960776881 -27.8052 0.9965469942681647 0.07803858454965984 -0.028356084648135327 0.12212500000000702 0.027439247246666184 0.01279605447344848 0.9995415692708578 3.83888
0.07908201043138241 -0.996800730280375 0.011590502087581755 -28.6446 0.9964722740241898 0.07871763983878388 -0.029095365254138267 0.1291710000000072 0.02808990436421833 0.013850533950827353 0.9995094396663227 3.76433
0.07918675393694569 -0.996774770349858 0.013019800110506786 -29.475 0.9965503263017836 0.07882999758345605 -0.02594761316192335 0.13745600000000735 0.02483757533935477 0.015029593307213814 0.9995785142630276 3.69323
0.07962722929522681 -0.9967228489806408 0.014250146479248433 -30.3049 0.9965804752199783 0.07928314998478991 -0.02327098061559905 0.14628900000000752 0.022064921597133674 0.01605442145964679 0.9996276280628243 3.61949
0.0797345761723181 -0.9966958118211305 0.015487287071611018 -31.1471 0.9965520543153604 0.07934622651661188 -0.024252409723770355 0.15856100000000772 0.02294341741014013 0.017367643357467915 0.9995858965400382 3.5466
0.07951126724030821 -0.9967348766167801 0.014055038867673205 -31.9862 0.9965073640257567 0.07911641434321792 -0.02671453581684937 0.16629500000000788 0.02551532528261705 0.01613005632983888 0.9995442908938642 3.47406
0.07958120399941432 -0.9967191050806574 0.0147599978732147 -32.8167 0.9965372303700726 0.07919138714945878 -0.025343099409693884 0.17547900000000805 0.024091086657697287 0.01672572176494182 0.9995698423697532 3.40096
0.07902717391299885 -0.9967211594554931 0.01736767333358113 -33.6509 0.9966872226040185 0.07866464783268168 -0.020650750089224172 0.17924100000000823 0.019216817666097927 0.018942108516675847 0.9996358889334307 3.32769
0.07893216463415464 -0.9966638880909917 0.020755904256713715 -34.4702 0.9967635993550437 0.0785876859983029 -0.016920479018336963 0.18199300000000837 0.015232871920440308 0.022024299870354768 0.9996413806102047 3.25778
0.07838996972640105 -0.9967301948681313 0.0195941645504766 -35.3063 0.9968012618642847 0.07805841320645474 -0.017150174152472594 0.19147500000000856 0.015564607032100027 0.020875889581706338 0.9996609126309326 3.18473
0.07759798198038448 -0.9968367534988073 0.017176730379504578 -36.1531 0.9968184695830421 0.07725889603711655 -0.01959596084012897 0.1900780000000087 0.018206918758916193 0.018642689105498947 0.9996604214693217 3.12167
0.07733685433645099 -0.9968443495432696 0.017898428562271872 -36.9801 0.9967422822528681 0.07689190051900252 -0.024340468440852338 0.1979470000000089 0.02288741424204324 0.01972253579618996 0.9995434897247251 3.05224
0.07662062994299934 -0.9969502659655683 0.01481371858516397 -37.8169 0.9966592895134102 0.0761600101805342 -0.029494295650603474 0.21138100000000906 0.028276132935078583 0.01702410175261542 0.9994551717139465 2.98566
0.07701244174534344 -0.9969028194496137 0.015932745834637673 -38.6509 0.9965346059251916 0.07646057891319696 -0.03274994756914693 0.22289200000000925 0.03143028809831638 0.018399686020958872 0.9993365742053009 2.91817
0.07663798669313082 -0.9969377357402766 0.01554895664261091 -39.4841 0.99655800515799 0.07609586459809792 -0.03288710608422616 0.23660200000000942 0.03160318577534089 0.018015838812506915 0.9993381150545249 2.84581
0.07619881879099599 -0.9969515008703144 0.01677632043341054 -40.3159 0.996713718467456 0.07569526471581112 -0.028844242378328427 0.2452930000000096 0.02748642271437737 0.018919085919535998 0.9994431273235789 2.78237
0.07631551333006198 -0.996911486839147 0.01853185995334624 -41.1356 0.9968109719195198 0.07584676164125387 -0.02480231862945963 0.2545240000000097 0.023320134777302323 0.020365563009554465 0.9995205926629389 2.70849
0.0758771659494632 -0.9968844259189487 0.021542911774548257 -41.9538 0.9969062678034553 0.0753990644049845 -0.02220077253247393 0.2658240000000099 0.02050728898863237 0.023160795476436822 0.9995213997965404 2.63486
0.07641177351536893 -0.9967532792245725 0.025379937417130485 -42.7845 0.9969062653338822 0.07590384988187732 -0.02040842255444114 0.2784460000000101 0.01841572714521862 0.02686086238695511 0.9994695368371873 2.55793
0.07705385469921783 -0.9967768211478868 0.022330971727747978 -43.613 0.9968932278540429 0.07665740215612521 -0.018097926771360108 0.2821740000000102 0.01632775963625253 0.023656109506589522 0.9995868110115664 2.49528
0.07818987733392246 -0.9967494075432223 0.019415500115669806 -44.4299 0.9968509998071479 0.07791018820477402 -0.014767760743803033 0.2807470000000104 0.013207091504024082 0.02050905010311592 0.9997024315254375 2.43365
0.07927107769139813 -0.9967271688417835 0.0158444669928384 -45.2512 0.99678320840304 0.07906729790232198 -0.013099536181368259 0.28122300000001055 0.011803884419369432 0.016831912994912053 0.9997886551754556 2.36944
0.08056394999222344 -0.9966399053281334 0.014776639305994706 -46.0729 0.996637500608097 0.0803238749310497 -0.016179230442340882 0.2844470000000107 0.014937949768820721 0.01603041557758334 0.999759912895648 2.29898
0.08275770018068612 -0.996504633542863 0.011387641916044132 -46.8912 0.9963508065670365 0.08249463618699454 -0.021902174631560536 0.28460300000001093 0.020886199128123194 0.013158659809410878 0.9996952617462986 2.23523
0.08452187881332368 -0.9963845102727322 0.008599982001905707 -47.7099 0.9961240772823128 0.08428258427964447 -0.025164829536580748 0.291330000000011 0.02434901764602376 0.010693627808741647 0.9996463232883726 2.1638
0.08606863482045551 -0.9962319395995294 0.010682350953911093 -48.5168 0.9959958747225326 0.0857781796883233 -0.025185738525096417 0.2937110000000112 0.024174524521485084 0.01280727961423376 0.9996257129311164 2.09175
0.0870570726706178 -0.9961074807495303 0.013818570579008559 -49.3146 0.9959979884722763 0.08674913178058574 -0.02150802395605491 0.2968660000000114 0.020225554558588658 0.015635694104798363 0.9996731725982542 2.00893
0.0884482971307553 -0.9958926339032855 0.01935873115280685 -50.1233 0.995939612414895 0.08809188050582129 -0.01855017551984753 0.30379900000001153 0.016768636126371823 0.020920858637377738 0.9996405006382728 1.92848
0.08969336227545521 -0.9957063226745475 0.022891477664268047 -50.9108 0.995855576174552 0.08931190016404755 -0.017177191014188905 0.3089670000000117 0.015058956330857687 0.02433728569534688 0.9995903782846293 1.84342
0.09045030751195299 -0.9956241619235499 0.023479141062275433 -51.7142 0.995767912765498 0.09002771615629285 -0.018473609022751834 0.31059600000001186 0.016278998053832525 0.025050718906072196 0.999553628228447 1.76571
0.09142343577723105 -0.9955337340994986 0.02354441888420961 -52.5053 0.9956600551834441 0.09097076306995172 -0.019630964789624367 0.31355000000001204 0.017401433929055396 0.025236967654203576 0.9995300323456187 1.69036
0.09261222206772057 -0.9954098468587883 0.024129092404042103 -53.2852 0.9955515765978523 0.09214944615546461 -0.019635119219694394 0.31305500000001224 0.017321508514263537 0.025840208006219886 0.9995160073720607 1.60573
0.09304659131614146 -0.9953005258749564 0.026817811944335943 -54.0675 0.9955156303616971 0.09253774051137675 -0.019631512590773895 0.31655800000001233 0.017057595082530234 0.028524196291638472 0.9994475517384174 1.52526
0.09349343943143673 -0.9953007905582014 0.025205418018739666 -54.8384 0.9954439539950544 0.09297103763320969 -0.021159409634871375 0.3195070000000125 0.018716603270151275 0.02706884695777521 0.9994583364434978 1.45205
0.09399214854627652 -0.9952755133070946 0.024333693163056377 -55.6195 0.9953362589435538 0.09340880295251869 -0.024094131302621245 0.32284500000001265 0.021707317750129913 0.02648486628768634 0.999413500115852 1.37514
0.0937069141241012 -0.9953256515169729 0.023363682878591398 -56.3868 0.9952658986541533 0.09304194602698229 -0.028088916954068045 0.3305840000000128 0.025783817046332494 0.025885202564885787 0.9993323526568605 1.30523
0.094503639616273 -0.995261581828977 0.022878938667699748 -57.1542 0.9951284675532397 0.09379290091288811 -0.03036815443002628 0.337662000000013 0.028078375387802997 0.025637384297699135 0.9992769032465194 1.22515
0.09519261546205776 -0.9951793006368848 0.02359079365713772 -57.9073 0.9950616344605789 0.0944584761746376 -0.03049491602556853 0.3480400000000131 0.028119558782702284 0.026377184509463407 0.9992564908726986 1.14932
0.09503554716723561 -0.9952330943694656 0.021893666810351306 -58.6479 0.9951223668541029 0.09439459570666853 -0.02865545825951777 0.3543160000000133 0.026452216567095316 0.02451016469045306 0.9993495544930886 1.08097
0.095275437340543 -0.9951950090196119 0.022571775783552912 -59.3921 0.9951884956895464 0.09470517549332269 -0.025115488885481443 0.3622140000000134 0.022857145201141356 0.02485606077466155 0.9994297009575113 1.00224
0.09508504547691515 -0.9951780682514622 0.024071697030765397 -60.1035 0.9952712504829375 0.09455619221525119 -0.02223205964102856 0.37145200000001355 0.019848730155421754 0.026071804407068987 0.9994630002787379 0.9277369999999999
0.09408467521237857 -0.9952591202777137 0.02464462201399518 -60.8187 0.9954095175112863 0.09360488034616149 -0.019950409101801493 0.3723150000000137 0.017548969717043048 0.026408519068896037 0.9994971854800083 0.8514709999999999
0.09131296042081466 -0.9954648935095554 0.026675626500546532 -61.5131 0.9956790802245261 0.09081285730504368 -0.019395725078884613 0.3742330000000138 0.016885273537275702 0.02833144433493836 0.9994559604101962 0.7822669999999999
0.08761490728439841 -0.9958075632623516 0.02628545169944406 -62.1792 0.9959966637145822 0.08710094264368756 -0.02010153377239106 0.376734000000014 0.017727771742883907 0.027941416214619322 0.9994523517251603 0.7194909999999999
0.08179024785660366 -0.9963193986649141 0.025651728977581275 -62.8487 0.996462032545306 0.08124849767232617 -0.0214964955671347 0.3784280000000141 0.01933321109472448 0.02731917769578629 0.9994397878205534 0.6619249999999999
0.07441591598780489 -0.9969230819679673 0.024630064701210753 -63.4952 0.9970112590119351 0.07386302498540248 -0.02264515275820101 0.3816950000000142 0.02075622439492355 0.02624161160248484 0.9994401217528603 0.6136489999999999
0.06556844144479596 -0.9974899413302013 0.02673193654735538 -64.1359 0.9975961311093545 0.06492639231231606 -0.02421823232514529 0.3801800000000144 0.022421834941588822 0.028255628224810238 0.999349228644058 0.5652959999999999
0.05390864619627317 -0.9981535201137668 0.027989429250725426 -64.7537 0.9982540941668887 0.053194152841922804 -0.025673830693431557 0.3806470000000145 0.024137550503932303 0.029324603798286344 0.9992784628259253 0.5295349999999999
0.03921046754414215 -0.9987520454679385 0.03093365333385028 -65.3531 0.998893001474216 0.03837331545272882 -0.027207724399466948 0.3837470000000146 0.02598674355901036 0.03196623741972786 0.9991510640661021 0.5010479999999999
0.020992918892228207 -0.9992500816240313 0.03253569932784441 -65.9403 0.999408050325707 0.020086843593947967 -0.02792969134455232 0.3893360000000148 0.027255206852159767 0.033102765576305544 0.999080257342045 0.4845039999999999
-0.000980037594419225 -0.9994626743957982 0.03276281452977528 -66.4978 0.999600741980281 -0.0019042847831381982 -0.028190961883849928 0.3938610000000149 0.028238203887384485 0.032722105510856685 0.9990654971783138 0.48743599999999987
-0.026616103739612484 -0.9991038401384621 0.03291047921712222 -67.0416 0.9992282456399434 -0.0275419462514071 -0.028006326285422472 0.399773000000015 0.028887646789642375 0.03213966112551662 0.9990658366923042 0.5074289999999999
-0.05569137285395981 -0.9979425802492018 0.03176598046977661 -67.5571 0.9980255782741231 -0.05656503414854436 -0.02730095277414094 0.3968320000000151 0.029041627024722728 0.030182833487580277 0.9991224051448437 0.5483489999999999
-0.08985184923179079 -0.9955094256100692 0.02979309838095453 -68.0562 0.9955272450078712 -0.0906498387945478 -0.02661035838841415 0.4006560000000153 0.029191602159951896 0.027268851241520432 0.9992018115052146 0.6004099999999999
-0.1272451338214578 -0.9914452605272179 0.029068389994570724 -68.5264 0.9914271925754712 -0.1280104255939319 -0.026181152785548247 0.40712400000001536 0.02967823681890617 0.025487767995209045 0.9992344949719978 0.6766139999999999
-0.16728613226704847 -0.9855101465706033 0.028019653058506944 -68.9826 0.9854489212846433 -0.16800819003218215 -0.02576182487795747 0.4039300000000155 0.03009607100709153 0.023302340837301098 0.999275351152743 0.7758389999999998
-0.21252607486530734 -0.976787655794675 0.026805652192946606 -69.4352 0.9766600844062038 -0.21321173967597656 -0.02599679964938747 0.4123160000000156 0.031108632724896307 0.02065501274478246 0.9993025685039043 0.8803969999999999
-0.25933261415038683 -0.9655002088578555 0.023578420926003287 -69.8615 0.9653240246852457 -0.25988746945606683 -0.024658276200918913 0.4193020000000158 0.02993530697029087 0.016366120956385746 0.999417844288081 1.03407
-0.3097699223782961 -0.9506889299207978 0.015269371820508656 -70.2821 0.9504573622119027 -0.3100528950130618 -0.02231602364246725 0.4105030000000159 0.025949909574723987 0.007600053951634115 0.99963435383794 1.19134
-0.3601018075898358 -0.9328642960803887 0.009533796147082572 -70.6794 0.9326640229116897 -0.36022299075446373 -0.019422082743439695 0.404330000000016 0.021552460108219394 0.0018979015650860086 0.9997659173191159 1.39851
-0.412467266858132 -0.9109657277296418 0.003492373488957638 -71.0749 0.9108094169276596 -0.41246295160698004 -0.017335500787526686 0.40407800000001615 0.017232521767836465 -0.003969439968277003 0.9998436296440854 1.59258
-0.46229072090887396 -0.8867216570750912 0.0034629807331128756 -71.4496 0.8865696244106073 -0.4622783151069609 -0.017119008566627507 0.4134280000000163 0.016780656542233915 -0.00484378528361437 0.9998474620211513 1.84103
-0.5105255585378389 -0.8598611958841256 0.0015420416172211412 -71.8129 0.8597237508988553 -0.5104745362822484 -0.017053443869986692 0.42554700000001644 0.015450767619468456 -0.007380489153519144 0.9998533903327148 2.07017
-0.5555995298535821 -0.8314278134108167 -0.0060789401532074586 -72.1607 0.831363245680817 -0.5554210494369543 -0.01850976967467635 0.43410600000001653 0.012013166007995079 -0.01533782674501827 0.9998101994444764 2.33717
-0.5990381174143345 -0.8005365586169559 -0.01716252319475323 -72.476 0.8006989236535016 -0.5987269731781087 -0.020180318359819607 0.41789700000001667 0.005879417047070874 -0.02583079376830544 0.9996490396876724 2.64612
-0.6413919411160819 -0.7669676125149046 -0.019418012888329318 -72.7798 0.7672121542496578 -0.6411401148812601 -0.018023969086852717 0.4156570000000168 0.0013741335245966285 -0.026458164018535478 0.999648977048356 2.92622
-0.6824559293920672 -0.7307373760351761 -0.01663705811841079 -73.0778 0.7309191560271198 -0.6823757492556327 -0.010978350532603232 0.42816500000001695 -0.0033304339375712097 -0.01965258489460259 0.9998013223219641 3.24089
-0.7229792909173531 -0.6907422706818153 -0.013268775300348553 -73.3553 0.6908151319074111 -0.7230302317475936 -0.0013181451995324083 0.42437400000001707 -0.00868322707220441 -0.010119262441044136 0.9999110970957676 3.5413
-0.7620680456890053 -0.647437839380051 -0.008748592951498222 -73.6333 0.6474013779916722 -0.7621181466531014 0.006883771969281477 0.4314440000000172 -0.011124275896594774 -0.0004179484806890906 0.9999380359826519 3.91468
-0.7990833528912127 -0.6011672651789088 -0.007982130633408937 -73.9011 0.601096432773754 -0.799117804858648 0.00968568348456559 0.43312500000001736 -0.012201378561669541 0.0029416381842135 0.99992123346091 4.28154
-0.8331263923839736 -0.5530200821117113 -0.00831883972808269 -74.1438 0.552922626159551 -0.8331529158655002 0.011523379089491283 0.4296150000000175 -0.013303525626344702 0.005000756539848904 0.9998989992193903 4.68767
-0.8640362246723651 -0.5033937309399827 -0.0060128283070959255 -74.3891 0.503288936922482 -0.8640154849924296 0.013322449652165523 0.43044100000001767 -0.011901614401595371 0.008484889134269048 0.9998931734095472 5.15444
-0.8900593003775187 -0.4558173079666578 -0.005002356395864206 -74.6084 0.4557456466618393 -0.8900410238643531 0.011085187742037777 0.4093340000000178 -0.009505122843190024 0.007586672295765468 0.9999260447869195 5.60075
-0.9117092980580801 -0.4108357415976471 -0.0003863422761765527 -74.8297 0.41080973181421315 -0.9116613904166295 0.010434245078212211 0.410234000000018 -0.004638974151394754 0.00935428508915825 0.9999454871488214 6.10252
-0.9292525331420967 -0.36940065546113443 0.005734578788514961 -75.0275 0.3694434525568021 -0.9291835302345821 0.01137991668291423 0.40543200000001817 0.0011247274813590686 0.012693418991132022 0.9999188027547081 6.60005
-0.9428986639768837 -0.33294477245143766 0.009480926530021416 -75.2133 0.33303219062886597 -0.9428629943980378 0.00994654712470898 0.40062100000001827 0.005627563908650058 0.012536039726555578 0.9999055846590856 7.14045
-0.9533214147499461 -0.3017943868860176 0.009921099901418992 -75.3928 0.30187283065409604 -0.9533174390524995 0.007658623327168995 0.38706000000001844 0.0071466280191908385 0.01029604013573711 0.9999214555481241 7.71155
-0.9606806745365339 -0.2775382999140398 0.008070542289984503 -75.5423 0.27758745409888286 -0.9606830478903348 0.005769473376048062 0.3760110000000186 0.006151983333082461 0.007782902862096592 0.9999507885511707 8.26831
-0.9667388904047853 -0.255650885820262 0.00765129781406599 -75.7056 0.25568239315728164 -0.9667546663627873 0.003453823264276979 0.3681030000000188 0.006513954888500652 0.005295247406020831 0.9999647637525131 8.87192
-0.9712491837881408 -0.23789933106088032 0.008884327304625144 -75.8497 0.23791507393870157 -0.9712856759198029 0.000743872135321461 0.3623940000000189 0.00845225316777779 0.0028362005918492273 0.9999602569015381 9.47763
-0.9748544770963752 -0.22240655648284366 0.013930976943354961 -75.9991 0.2224143280878629 -0.9749517164608674 -0.0010085788183514304 0.3572510000000191 0.013806344424831765 0.0021152312998893403 0.9999024505671394 10.0994
-0.9779565762415168 -0.20818838155282388 0.016078954331252025 -76.1484 0.20818184892636682 -0.978087888727337 -0.002097546781314487 0.3566080000000193 0.01616331536443076 0.0012960367727219313 0.9998685251197348 10.7541
-0.9805796238753836 -0.19540172246604676 0.016785949413537053 -76.275 0.19538738312518195 -0.9807229427668122 -0.002506002054611731 0.3447790000000195 0.016952042823953482 0.0008224281770405777 0.9998559655550338 11.3951
-0.9831682480132738 -0.18194043163553708 0.016669596119409092 -76.4017 0.18192751035743548 -0.9833092524588819 -0.002301087547346838 0.34365800000001967 0.016810028960563068 0.0007703019082179114 0.9998584047560511 12.069
-0.9858635286290098 -0.16671281920447856 0.0167313726888089 -76.5181 0.16668743860033747 -0.9860054916251828 -0.0029100339928797127 0.34179900000001984 0.016982365324527023 -7.998672288556344e-05 0.9998557860362203 12.7715
-0.9880642158886304 -0.15307014288218687 0.01728110640013232 -76.6338 0.15303176686183004 -0.988214967019194 -0.0035294886881404226 0.34129400000001997 0.01761770732905666 -0.000842803227395729 0.9998444409362826 13.474
-0.9900234858265747 -0.13974825552279102 0.017997849597510697 -76.739 0.13975393487678217 -0.9901858103364963 -0.0009479951014210165 0.3318580000000202 0.017953695949693253 0.0015767328857172781 0.9998375761668258 14.1964
-0.9914724526190994 -0.1289554665762379 0.01878465697244537 -76.8336 0.12905618058759788 -0.9916281904987259 0.004246652842389411 0.3274020000000204 0.018079766304047645 0.006634715391577689 0.9998145341022322 14.919
-0.992575788526817 -0.1199361458745508 0.020214473604964145 -76.9218 0.12015942722332922 -0.9927020587777103 0.010214428415569958 0.31536700000002055 0.018841870388280633 0.01256755390892868 0.9997434873551402 15.6601
-0.9935882175240721 -0.11083882220719025 0.022298194748901316 -77.0119 0.11109438105891363 -0.9937537026282016 0.010564895166385235 0.30762700000002074 0.020987913056660826 0.012974359501057702 0.9996955404027085 16.4164
-0.994257485547499 -0.10480397182715892 0.02163746570226075 -77.0948 0.10492238606701407 -0.9944706408965933 0.004408774968509179 0.2947360000000209 0.02105576725671339 0.006653712044459071 0.9997561616620625 17.1913
-0.9947600107645157 -0.09969981969491039 0.02263773258484605 -77.1802 0.09965474462195024 -0.9950172050761198 -0.003113434894257213 0.28986000000002116 0.02283534230342341 -0.0008411630693630888 0.99973888570295 17.9611
-0.9952583875480794 -0.09497992566686347 0.020965584549783978 -77.2646 0.09485308281677096 -0.9954669091351278 -0.006966024483889243 0.2794840000000213 0.021532178137657995 -0.004944343967853378 0.9997559295985075 18.7364
-0.9954989903771391 -0.09190353440317697 0.023140884216056933 -77.3363 0.09177234657215408 -0.9957576689743869 -0.0066709132310277105 0.2679200000000215 0.023655793428615398 -0.004517194140119516 0.9997099571347497 19.499
-0.995863437063312 -0.08784924156653202 0.02320615169801646 -77.4101 0.08773768208737444 -0.9961268186109616 -0.005784495305439097 0.2572170000000217 0.023624433588576493 -0.0037245134163992203 0.9997139661610362 20.2687
-0.9960755806443227 -0.08590964647157573 0.021283098627899445 -77.4759 0.08575950378227118 -0.9962847737975651 -0.007871277542653397 0.2575540000000219 0.021880245773177077 -0.006015159371433305 0.9997425031990197 21.0366
-0.9963617909169623 -0.0831796046114549 0.0185562651798711 -77.5416 0.08299910575440095 -0.9964964401988022 -0.010295295774530751 0.24940200000002208 0.01934761082700999 -0.008717685919860467 0.9997748105986114 21.8058
-0.9967400175264822 -0.07953729050516659 0.013533546482881792 -77.6066 0.07937839727334581 -0.9967735322644569 -0.011899387520045698 0.24567800000002224 0.014436325973822734 -0.010786324496049271 0.9998376106629732 22.5779
-0.9968871446757205 -0.07749659857722817 0.014501654707282425 -77.67 0.07737796515286961 -0.9969649868344935 -0.008571203818575523 0.23894300000002242 0.015121881135975944 -0.007422414368534338 0.9998581081712802 23.3407
-0.9969867653610699 -0.07525202048587623 0.01882878401979155 -77.7316 0.0752377257905335 -0.9971645457306161 -0.0014674316755445825 0.23305000000002263 0.01888582306226503 -4.637507053931242e-05 0.9998216458632075 24.098
-0.9970796348061005 -0.07356200920267862 0.0205142062239392 -77.7958 0.07369403241976667 -0.9972642942854643 0.005754731012794807 0.22310300000002278 0.02003475581702105 0.0072496996751775416 0.9997729994423595 24.849
-0.9971383519242968 -0.07234805520255076 0.021928657736076246 -77.854 0.07258118089763065 -0.9973120988998546 0.010027440723947938 0.20975700000002298 0.02114424983778624 0.0115903535914804 0.9997092499334105 25.5972
-0.9972963903050676 -0.06977790515516204 0.023042435562229152 -77.916 0.06999039093132191 -0.9975110536970606 0.008546515632724705 0.19685800000002315 0.022388726220198454 0.010136158263212394 0.9996979560016617 26.3604
-0.9973501198519636 -0.06761038096365082 0.026862144687711084 -77.9796 0.0677564862545928 -0.9976914423197043 0.004565576903198568 0.17770800000002335 0.02649145148353896 0.0063735632089002275 0.9996287214212671 27.1221
-0.9974675749528696 -0.06532722698036778 0.028120994518280873 -78.0371 0.06535388973599357 -0.9978621489206569 2.911742829419023e-05 0.1693970000000235 0.028058973858950502 0.0018668600656036778 0.99960452620998 27.8851
-0.9977051007341792 -0.062483727351931924 0.02608286382303223 -78.0895 0.062448491162964505 -0.9980458419295283 -0.002164106893858666 0.1549880000000237 0.02616711524930774 -0.0005303049955793574 0.9996574417549949 28.6319
-0.9978053363408811 -0.06167646439114163 0.02409407624020297 -78.1363 0.061639771850257624 -0.9980958951422464 -0.00226332199335016 0.14076000000002387 0.024187792290919472 -0.000773201400433646 0.9997071335464628 29.3923
-0.9979431900488227 -0.05993722197650332 0.022735849597467214 -78.1838 0.05990191668880657 -0.9982017739349707 -0.002231342664183691 0.13366200000002407 0.02282870588067928 -0.0008648322479507944 0.9997390170704534 30.1417
-0.9980093982157343 -0.059089585032871 0.022037740667107494 -78.2322 0.05908638677747627 -0.9982525552125114 -0.0007968119438603153 0.12083000000002424 0.02204631421916268 0.0005069046601752886 0.9997568219707305 30.8967
-0.9980689451953039 -0.05840689483673698 0.02114273568542649 -78.2755 0.05843661251660164 -0.9982908084713219 0.0007899615553135203 0.1126450000000244 0.02106045949921362 0.0020239459490468004 0.9997761552910117 31.6541
