1.0 -3.3881317890172014e-21 8.973255284975244e-20 -8.673617379884035e-19 -3.3881317890172014e-21 1.0 -4.336808689942018e-19 0.0 -4.72604679898497e-19 4.336808689942018e-19 1.0 0.0
0.9999977754100342 0.0008931892653067388 0.0019089334795053968 0.0068635089990505315 -0.0008918117141679643 0.9999993438854382 -0.0007224096807637533 -0.02215321267067888 -0.001909577557799608 0.0007207056507260619 0.9999979207045275 1.1947338029539925
0.9999939896479575 0.001058789158920314 0.0033020881034968516 0.010338726428522297 -0.0010586480618034924 0.9999994379122744 -4.4500601066847605e-05 -0.03539703192091445 -0.0033021336939481425 4.1004600326161045e-05 0.9999945424397682 2.401896360413484
0.9999898224130748 0.0006928733695471143 0.004457627118095632 0.021617539854582042 -0.0006950031971297734 0.9999996469695447 0.0004762495475131331 -0.05542202934463068 -0.004457295876898353 -0.00047934275088243414 0.9999899506173805 3.6003431356723876
0.9999860213013338 0.000482619157857446 0.0052647031916352996 0.0336016704743026 -0.0004845158710855192 0.9999998157617138 0.0003589926060061383 -0.07742934165925427 -0.005264529415517947 -0.0003615384133845536 0.9999860729369523 4.797302662222637
0.9999804102175325 0.00042185668759717356 0.006244672094055172 0.04374871782770574 -0.00042228435476518737 0.999999906031371 6.715977059775641e-05 -0.093614172720375 -0.006244643607692895 -6.979551139990776e-05 0.9999805037510967 5.991016373418115
0.9999747295416818 8.776760273767045e-05 0.007108747444698954 0.05112719832480458 -8.40913135975886e-05 0.999999861601425 -0.0005174484388981784 -0.11847158935037276 -0.007108792453061849 0.0005168375606122034 0.9999745988568934 7.1913505472566905
0.9999686877872687 0.0004271728842963206 0.007902196427028049 0.06577103434984478 -0.0004218808418080301 0.99999968786099 -0.0006713526842409721 -0.13824872948211353 -0.0079024814625307 0.000667997865653718 0.9999685543517413 8.386166115826203
0.9999656310495887 0.00024828856987958156 0.008287069911850107 0.08295811303355102 -0.000252396098586895 0.999999844746342 0.0004946099820460051 -0.15838233109879107 -0.008286946447922564 -0.0004966846262076541 0.9999655442040694 9.594836130089005
0.9999745053463869 -0.000627338554297047 0.007112971102625705 0.09012305613005371 0.0006191851665374474 0.9999991499181046 0.0011484235283903644 -0.17656876599082855 -0.007113686077568074 -0.001143989949135842 0.9999740447355085 10.797028413571601
0.9999854169394047 -0.0020131637287150173 0.005010854531322746 0.10345691447055448 0.0020084886877018283 0.9999975472058565 0.0009378908262014022 -0.1959946419307686 -0.00501273072961174 -0.0009278128769375945 0.9999870058547389 11.990376426034256
0.9999942034654908 -0.0016666710929764213 0.0029692127071677937 0.11000708553574029 0.001665010660500705 0.9999984588164761 0.0005616318597929557 -0.216548449190045 -0.0029701443322946953 -0.0005566848346669499 0.999995437718033 13.180504351328612
0.9999972213462012 -0.0017536734819754542 0.0015728481919480377 0.09930267660153091 0.00175257043939926 0.9999982137494311 0.0007024995091259013 -0.2394056563772042 -0.001574077414582089 -0.0006997410305639828 0.9999985149043678 14.379416594227807
0.9999998699152972 -3.1273668133681414e-05 0.0005024449142171895 0.09378829851137277 3.1045105630760376e-05 0.9999998999595159 0.00045490815490304153 -0.2586086517230925 -0.0005024590864398074 -0.000454892466093409 0.9999997701251869 15.570947540146634
0.9999997488112521 -0.00044575431433963757 0.0005469048807914839 0.09205059609698066 0.0004455453438199195 0.9999998294452382 0.0003822388872532572 -0.2787684162905847 -0.0005470751264180667 -0.0003819951208863617 0.9999997817435098 16.76955405707241
0.999999253260705 -0.0011372098794216834 0.0004566679343015819 0.0950133289645821 0.001136824327576901 0.9999989988152984 0.0008439235383198827 -0.29848919603689134 -0.0004576273188697686 -0.0008434037285090291 0.9999995379239964 17.96330842363228
0.9999988704779448 -0.0014187633545328499 -0.0004889656418149841 0.09348264483383213 0.0014192274233294747 0.9999985415702953 0.0009498430716500979 -0.31797247143073326 0.0004876173964906584 -0.0009505359332472011 0.9999994279517598 19.163570226568673
0.9999989088165224 -0.0012570088591851109 -0.0007777376176070256 0.0912636753181463 0.0012571092816266367 0.999999202204625 0.00012857771482458532 -0.34115670582349233 0.0007775754132627223 -0.00012955526877383647 0.9999996889788527 20.357851728247827
0.9999983058406889 -0.0009936764254804228 -0.0015484502956481857 0.09258415829728081 0.0009923902519872359 0.9999991634383513 -0.0008312320790314865 -0.3614797797444366 0.0015492750337804027 0.000829694015395753 0.99999845072096 21.54909803845533
0.9999973301872155 -0.0004451486810034615 -0.0022690711521889655 0.0821494736145483 0.0004450132408528811 0.9999999022865083 -6.021292859744766e-05 -0.3817456980457934 0.0022690979661083807 5.920299729735446e-05 0.9999974275262764 22.75376969798665
0.9999967416468832 -0.0007116402749567826 -0.002451287700087776 0.07915869316581707 0.0007108438676184536 0.9999996939250064 -0.00032577360916484195 -0.4022980861065279 0.0024515190840399413 0.00032403005269988384 0.9999969444281103 23.94670949148618
0.9999938742683209 -0.0005802419690809791 -0.0034531143895234723 0.06163978300646781 0.0005767537158301399 0.9999993244434604 -0.001011102645210202 -0.42557176144474174 0.003453699069206003 0.00100910490670137 0.9999935312882186 25.141062212767896
0.9999949796590996 0.0001214607977376505 -0.0031652521300454444 0.046704310064627025 -0.00012296918579618666 0.9999998791137231 -0.00047635021476244866 -0.4543101479044258 0.0031651942838454975 0.0004767370297999161 0.9999948812271773 26.35200360636655
0.9999896539972399 -0.001429281277056618 -0.004319373903293053 0.045278716138605145 0.0014360269878515948 0.9999977541692298 0.0015590179491083416 -0.4669789906798189 0.004317136162559568 -0.001565204528956119 0.9999894518335305 27.54167904871288
0.999985361363362 -0.0021842430100767187 -0.004950662984867106 0.04387994026317015 0.0021933215474821246 0.9999959247125182 0.0018290736294161191 -0.4912983411741823 0.004946648000237202 -0.0018399051961273945 0.99998607392412 28.731558211890228
0.9999835094356384 -0.002382900977882418 -0.005225700932430324 0.03454475981792341 0.002386111204722582 0.9999969682346257 0.000608123331901409 -0.5109833088811733 0.005224236464185858 -0.0006205824003081501 0.9999861623297357 29.947577003583707
0.9999719312346442 -0.003109052613773158 -0.006816413794416828 0.03137011365123275 0.003108596822371877 0.9999951678703409 -7.749929305533431e-05 -0.5289877228778402 0.006816622362662844 5.630766570687484e-05 0.9999767608950147 31.13330232274985
0.9999726677730264 -0.0025443240108589003 -0.006941443981071591 0.029045720217720637 0.002541291210586037 0.9999966698346217 -0.0004457233179075899 -0.5488377206476048 0.006942555655257773 0.0004280708718237352 0.9999758123923522 32.340513510742284
0.9999633016868245 -0.0032206658464973502 -0.007938815184433859 0.019560881497081427 0.0032234477675510418 0.9999947478862984 0.0003376190240013705 -0.5672282036714876 0.007937686768494422 -0.0003631969785351679 0.9999684304268773 33.53411838914567
0.9999566658259973 -0.0035048725509988768 -0.008624466497430788 0.012107867156042583 0.0035096549534644177 0.9999936984879935 0.0005394087851071723 -0.5856305002836579 0.008622522379659195 -0.0005696543017324912 0.9999626656860091 34.73829171425558
0.999953926617552 -0.004591709049067582 -0.00842928220159052 0.0036231489952075896 0.004595029264724285 0.999989377519572 0.0003745088118749171 -0.6088854666458452 0.00842747382829512 -0.00041322434347813505 0.999964405862876 35.93528443528473
0.9999474323328974 -0.004041907115508457 -0.009423465370198728 -0.006203352392615269 0.004044279479906327 0.9999917961615754 0.00023267536550561222 -0.6276650949347746 0.009422448301138676 -0.00027077425093423617 0.9999555715055269 37.13533976001434
0.9999445037832839 -0.005170343564855556 -0.009179368448343533 -0.01109236958760697 0.005179224503798637 0.9999861374693844 0.0009439284062387242 -0.6502038714173313 0.00917436139020781 -0.0009914180187841138 0.9999574187473316 38.339100475162816
0.9999430560662274 -0.004784740448898833 -0.009539368547457835 -0.02704243270086696 0.004805284481188583 0.9999861838042953 0.0021318006571986524 -0.668550784402009 0.009529037395666445 -0.002177518679429217 0.9999522301294773 39.53122522901469
0.9999462837236291 -0.0045054833342483645 -0.009333906057184833 -0.040006894968460445 0.0045333286408064215 0.9999853359546638 0.00296418876369835 -0.687536604724928 0.009320414791316168 -0.0030063431586746466 0.999952040321707 40.73683684477509
0.9999555272468195 -0.0038021017176051745 -0.008630257542001727 -0.04800421687670395 0.0038251444388228252 0.9999891549297091 0.002655015096025039 -0.7059794826470105 0.008620070233931985 -0.0026879090244237283 0.9999592378234714 41.940966791880854
0.9999584617313089 -0.0027729177165097853 -0.00868276498657544 -0.05911507409387662 0.002793921599493158 0.9999931951984014 0.0024077981162906412 -0.7249417924777327 0.008676029912717414 -0.0024319570054947078 0.9999594030702896 43.135244913123024
0.9999690704731425 0.0004013393291057637 -0.00785481759647723 -0.06391923672591794 -0.0003681411670290421 0.999990994205392 0.004227465247666148 -0.7375001651648501 0.00785644413852809 -0.0042244427626244195 0.9999602153214653 44.32997253219882
0.9999784679265438 0.00039199520535971243 -0.006549950475100746 -0.07558319049909878 -0.0003448678318906443 0.9999740558933689 0.007194659899592602 -0.7535114569737467 0.006552601367906069 -0.0071922460070474046 0.9999526661800872 45.540467346528594
0.9999888350620993 0.0008148378577998081 -0.004654821685621805 -0.08117823354626998 -0.0007691229127889503 0.9999515429254414 0.009814366118006776 -0.7615048282967332 0.0046625935343371705 -0.009810676281851125 0.9999410020124594 46.741061786171564
0.9999965285057014 0.0007315585137928476 -0.0025295612552975934 -0.07850792442392975 -0.0006984289065166514 0.9999142967959598 0.01307317880290544 -0.7676276043810547 0.0025389085630788213 -0.013071366933635316 0.9999113446983386 47.94575552965874
0.9999986127267061 0.00019067258443481892 -0.0016551878803541197 -0.08030572653868254 -0.00016634800292689942 0.9998921699787877 0.014683695481187954 -0.7728016371482866 0.0016578093682380864 -0.014683400035617822 0.9998908172945062 49.13937684157133
0.9999995234139452 -0.0009760655759903708 -8.934272456428406e-05 -0.07632328520800127 0.0009771627184403352 0.9999119202125837 0.013236040363956288 -0.7755608994152738 7.641557444207056e-05 -0.013236121131190489 0.999912396373471 50.34997897716583
0.999998408053949 -0.0004585490328642857 0.0017265936766399515 -0.07439036796172749 0.00043881569662640023 0.9999347877479374 0.011412167634867777 -0.787345650611045 -0.0017317143683851265 -0.011411391462915805 0.9999333841981134 51.5545312083818
0.9999981003596967 -5.575776988594844e-05 0.0019466837614359378 -0.07389877748623767 3.4557464104254046e-05 0.9999407192648823 0.010888809871592709 -0.7788621337267964 -0.0019471756409187566 -0.010888722143615068 0.9999388203754209 52.75197405007128
0.9999960870166427 -0.0005072803807573883 0.0027512351875641377 -0.06254885094822389 0.0004778117429341703 0.999942626196718 0.010701177016507293 -0.7951281519334862 -0.0027565061185030387 -0.010699820204949579 0.9999389567866395 53.96453686500557
0.9999984533424452 -0.0008982212554256213 0.0015138491604855568 -0.06280284208323088 0.0008838029843604748 0.9999544965816557 0.009498211110480544 -0.8062174901174587 -0.0015223119635452832 -0.009496858357171682 0.999953740075899 55.17193211485199
0.9999997666392559 -0.000678649403414425 -4.8858802459341325e-05 -0.06116863337602507 0.0006790853555056215 0.9999541200831559 0.00955531123287335 -0.8054535527072131 4.237184971160351e-05 -0.009555342114442525 0.9999543432775883 56.37487956438013
0.9999990379973833 -0.0009663745226021288 -0.0009963854220987934 -0.05492294198016575 0.0009771812881059492 0.9999400824558313 0.01090304573049683 -0.8171525976862852 0.0009857893021446363 -0.010904008533565678 0.9999400595467854 57.582092881350505
0.9999967385875554 -0.0006594621246592172 -0.0024661369435405337 -0.05791885966327135 0.0006872401049001894 0.9999361444803431 0.011279904323318435 -0.8230404835953903 0.0024585410058660636 -0.011281562822443827 0.9999333369321014 58.79011805963589
0.9999968492680726 0.00036375207515129584 -0.002482396528367451 -0.05371756012745748 -0.00033610098495307384 0.9999379987777786 0.011130225777853858 -0.8301782135982207 0.0024862914497130848 -0.011129356195292418 0.9999349719541488 59.99528106807048
0.9999922534787604 0.0005673317207625014 -0.0038962520606254034 -0.061566605360979465 -0.0005243477630392266 0.9999390963614654 0.011024317860945097 -0.8411382702348228 0.0039022694767517794 -0.011022189993357568 0.9999316401597741 61.20167930299734
0.999991826499392 -0.0001836093021029611 -0.004038893209649072 -0.06285111927190054 0.00022384870633125603 0.9999503229459579 0.009964777821532107 -0.8474943657157447 0.0040368632887895165 -0.009965600320137692 0.9999421905546497 62.41291662351021
0.9999924529875702 -0.0014466894341063333 -0.0036058829296684667 -0.060156521455027034 0.0014808913995579347 0.9999537727995003 0.009500456453923719 -0.8638740709740838 0.003591972276404085 -0.009505724590444518 0.9999483642129295 63.6175305790232
0.9999898837585839 -0.0008982447852155088 -0.004407138420215905 -0.06099324822259301 0.0009437876456859373 0.9999460703773274 0.010342688648074607 -0.8743639542359806 0.0043976109372850635 -0.01034674299311095 0.9999368058640886 64.81626124878358
0.9999887870957743 -0.0020423350348341136 -0.004272697141285642 -0.053763072036099695 0.002093408467948371 0.9999260112333092 0.011983279840757954 -0.8751312789349228 0.0042479075054767095 -0.011992089826957375 0.9999190716709164 66.01812185163098
0.9999869832710438 -0.0012488170298251091 -0.004946264236039275 -0.06587120006361155 0.001302459350694177 0.9999402156645567 0.010856657065408396 -0.8890002286560246 0.004932411031475037 -0.010862957881895584 0.9999288310643992 67.21641567349378
0.9999867556487927 0.001173874628846552 -0.005011745517141756 -0.07457234486793399 -0.0011270284947518922 0.9999557482659696 0.009339909914339375 -0.9019000123117575 0.005022488044768023 -0.009334137704923171 0.9999438260852378 68.41314170774406
0.9999854922746715 0.0028510560450803824 -0.004569517702078758 -0.07718824606403075 -0.002806787450537095 0.9999493519499754 0.009665186584403185 -0.9048833258879552 0.0045968426257429135 -0.00965222056328946 0.999942845775353 69.61396364916945
0.9999780700527446 0.00421967597020127 -0.005103684176730555 -0.08637212223120996 -0.004167485355549875 0.9999393529167869 0.010193914373854057 -0.9153268058112721 0.005146390159081396 -0.010172421252859587 0.9999350170304687 70.8028025420554
0.9999722862645818 0.006067978068409302 -0.0043128256115847275 -0.08646347190645662 -0.006023356516728179 0.9999289618994636 0.010285145819966606 -0.9205174454690471 0.004374929682508929 -0.010258883565526794 0.9999378018359544 71.99327368810741
0.9999705373959319 0.006766027997099194 -0.0036261276706585246 -0.09336241282718033 -0.006724509691950339 0.9999130652664547 0.011342381556697447 -0.9366203840493917 0.0037025555680966567 -0.011317663819238427 0.9999290973376135 73.18041250622832
0.999963776401026 0.008265308923897373 -0.0020306133902004025 -0.09348588776541276 -0.00824036189640715 0.9998940217826158 0.012001518042683297 -0.9368054091648166 0.002129594706667278 -0.01198435043552573 0.9999259218163583 74.36816823836175
0.9999765088186605 0.0067060845394053565 0.001414518276569857 -0.08676334428004362 -0.006720321478889 0.999924250418584 0.010311930018820359 -0.9458284085790789 -0.0013452585105874866 -0.010321193752889656 0.9999458307627556 75.54398950118642
0.9999849934713625 0.004238426975740735 0.0034721045832792324 -0.07850364269015754 -0.004257254269896139 0.9999761826480621 0.005433012373200206 -0.9725727772026677 -0.003448994758420513 -0.005447712333254723 0.9999792138805754 76.71778208942952
0.9999655958381537 0.005510180982164618 0.006200743146696406 -0.06720091283512333 -0.005536499485002688 0.9999757064274887 0.004235199547477073 -0.9778471058919924 -0.006177256337366181 -0.00426938420890786 0.9999718077343577 77.90026922541746
0.9999513621806745 0.0048073949738557656 0.008611929501185762 -0.05690831131225461 -0.004875185178029141 0.9999571621863937 0.007867987560606558 -0.9881868807634853 -0.008573736789710594 -0.007909589476263152 0.9999319656329317 79.08304960411971
0.9999221827682955 0.0038687033329302466 0.011860380590683093 -0.041432948507102337 -0.00397882882914036 0.9999490622500866 0.00927562606564198 -1.0017135479669053 -0.011823892942452554 -0.009322094572963383 0.9998866449816181 80.25681440122983
0.9998496450821859 0.005532114496539225 0.01643444483519639 -0.020157306824378378 -0.0056570347810774415 0.9999553844526025 0.007564354919999542 -1.009892086800968 -0.01639186633729568 -0.007656187596852863 0.9998363304652117 81.43227767018827
0.9997973670376875 0.004181942696955561 0.01969085684272427 0.006091332775778717 -0.004276616574052176 0.999979486202259 0.004768339956718881 -1.0271154692885127 -0.019670513858566028 -0.004851583843348123 0.9997947467600536 82.59302460376948
0.9997182763949214 0.003727848066063776 0.023440987905212242 0.038459874467334065 -0.003759387366237883 0.9999920884407763 0.0013015355291944183 -1.0485516182610093 -0.02343595263068279 -0.0013892925817687858 0.9997243751643021 83.75799842581446
0.9996470883482912 0.0027681801464875993 0.026420534347355112 0.07113091283955719 -0.0027791530481054076 0.9999960667518101 0.0003785975128736379 -1.065855871779156 -0.026419385089168624 -0.00045189060722643877 0.9996508448998986 84.9155128476457
0.9995442423330645 0.002167266221181707 0.03010985119634559 0.11509472535032832 -0.0022256534147118098 0.9999957099392405 0.0019057532707636472 -1.0836949157025424 -0.030105594492338083 -0.0019718987341580665 0.9995447777276951 86.06883385857941
0.9994118882336037 0.003386623494190646 0.03412352101817 0.15511862140401264 -0.0034779453628101214 0.9999905247186232 0.0026172024530309868 -1.1027657914114757 -0.03411433751052031 -0.0027343428926311455 0.999414197047773 87.24434394873992
0.9992954508091229 0.0029609551301286387 0.03741442042075717 0.20415350041071514 -0.0029793763439817256 0.999995463742489 0.0004366011346639035 -1.1221903687912822 -0.03741296117076507 -0.0005477651561023381 0.9992997354483882 88.38993979263994
0.9991373609747071 0.0029607742584118538 0.04142180537351076 0.25615012151743555 -0.0028885370278519894 0.9999941995450116 -0.001803690738532121 -1.1391778686961898 -0.04142690857634904 0.0016824863907481755 0.9991401194802813 89.54194854454767
0.9990116577359398 0.0033293077291360277 0.04432407945779289 0.3118463299830488 -0.00323670440420449 0.9999924257154388 -0.0021608449547255515 -1.1611941868562532 -0.0443309414070424 0.0020152452574483735 0.9990148665486213 90.68396928819531
0.9988788687804516 0.0016874475926243868 0.04730910859703734 0.36648131759122715 -0.0016489531009487204 0.9999982747631984 -0.0008526982883533848 -1.1815521197784182 -0.04731047013785185 0.0007737317719917194 0.9988799364563499 91.83086165160658
0.9987367445114729 0.0009747562799318951 0.05023914490046255 0.4284805040952062 -0.0009999721235857883 0.9999993876961167 0.00047678280117928115 -1.200010900537057 -0.050238653698333566 -0.0005264182578102435 0.9987371077924103 92.99524372488663
0.9986222099877043 0.00023847156545648583 0.05247506682556788 0.4923128219533321 -0.0003589618430024863 0.9999973192484669 0.0022867301962862675 -1.217879818677327 -0.05247438602026014 -0.0023024160907273413 0.9986196207638287 94.14994377437871
0.9984499791561506 -0.0013585664253456605 0.05563991016721674 0.5623994903824938 0.0011806626501085198 0.9999940838207602 0.003230161486015991 -1.2319257875834195 -0.05564397457242924 -0.0031594626862253335 0.9984456770230892 95.2991779615515
0.9983465531040688 -0.002223534917532184 0.057438859851288195 0.631567761911714 0.00214876206023461 0.9999967630314069 0.0013635163818038728 -1.2552700120354352 -0.057441709809440286 -0.0012378393947209629 0.9983480938645242 96.45825639330579
0.998217649447905 -0.0038930188637623926 0.05955147351027265 0.7073838973506322 0.004033017401866541 0.9999893799858932 -0.002230863509535982 -1.2743367370471794 -0.0595421606681748 0.0024670594999515703 0.9982227405662016 97.6198704261622
0.9980628368143194 -0.00286845207908112 0.06214771413904192 0.7764253399437756 0.0031888213531838143 0.9999821333165665 -0.00505638774650467 -1.2905395816963843 -0.062132105090918543 0.005244770631910017 0.998054149869114 98.77673711626532
0.9979874741443732 -0.0026820849172443347 0.06335456509790607 0.8578785565425521 0.003089139866071549 0.9999752081502499 -0.006327943891156153 -1.3127367846988174 -0.06333602829439336 0.006510919878018144 0.9979710177053768 99.94380377024143
0.9979172526545073 -0.0026632350339261413 0.06445195104581594 0.9344214788942317 0.003041895715387123 0.9999786854099478 -0.0057776632691960905 -1.3338134640537984 -0.06443519539628834 0.005961685963608122 0.9979040819355449 101.10933401467645
0.9979888010221911 -0.002431079499905842 0.06334379088514426 1.0103623868852514 0.002682259861286352 0.999988871178163 -0.0038806108718545014 -1.3561496472291565 -0.06333365726984133 0.00404271068786919 0.9979842177996455 102.2915893287278
0.9980783220066829 -0.0031522914636674584 0.061884715353418863 1.091604567355186 0.0033122809102229165 0.9999914323956525 -0.002482858714772845 -1.3828838844594808 -0.06187636357159549 0.002683066944994859 0.9980802155976646 103.47433620494245
0.9981649006415109 -0.002808259036747132 0.06048929127087025 1.165792182809884 0.002913946089511662 0.9999943814201994 -0.0016590562362423147 -1.397204879476153 -0.06048429712646559 0.0018322742387821105 0.9981674679382898 104.65330639312764
0.9983457186187747 -0.002918561550571197 0.0574221329173249 1.2403351477454223 0.002977348675717841 0.9999951278580269 -0.0009382399730616282 -1.419744173658712 -0.05741911959155436 0.0011076536035180755 0.9983495435231984 105.8626053148438
0.9984863839416142 -0.00207752175061647 0.05496025260981835 1.307040070341504 0.00213890780615338 0.9999971477884573 -0.001058113985344842 -1.4355878589686513 -0.054957902577340643 0.0011740672850261429 0.9984879782699286 107.0517567493809
0.9987163134246801 -0.0005453171498645136 0.05065006593754626 1.371271704562613 0.0006296607119109346 0.999998441574127 -0.001649278248213004 -1.4556144017508916 -0.050649091529048715 0.0016790533999612714 0.9987150950011933 108.26484877578835
0.9989065327029967 -0.0005191541402311906 0.04674904976179077 1.430069911436668 0.0005836450352901477 0.9999988990747486 -0.001365871534122968 -1.4753243026559664 -0.0467482927944334 0.0013916628370165217 0.9989057282222547 109.47577475172018
0.9990608993254405 9.104626658871736e-05 0.04332784893854743 1.4835503385004138 -7.889356347644492e-05 0.9999999533981514 -0.00028219206369550645 -1.4922938645251458 -0.04332787723210777 0.0002785087576915378 0.9990608672764081 110.67006760433742
0.999263292207097 0.00011526795858176039 0.03837788313591776 1.534127479784143 -0.00014839426495110296 0.9999996142994922 0.000860314076424968 -1.5119264197041495 -0.03837777277228166 -0.0008653753243199958 0.9992629234934107 111.89785609669345
0.9993962444939124 0.0002580136702718636 0.03474312469706576 1.585607610146167 -0.0003031576111700982 0.9999991138873603 0.0012941011864881164 -1.5291233000722106 -0.03474276295367547 -0.001303852592577966 0.9993954416187273 113.09895688017983
0.9995717200026056 0.000704600531428863 0.029255320200110003 1.6233574236460497 -0.0007505405268178149 0.9999984989911761 0.0015593591350067189 -1.549411356307275 -0.02925417941505222 -0.0015806485965789564 0.9995707510062183 114.34200388066536
0.9997034655964401 0.0013961487301573524 0.024311091188116564 1.6540691159143526 -0.001430783599816179 0.9999979880973668 0.0014073106520351374 -1.5656895481951267 -0.0243090793359566 -0.0014416772265204605 0.9997034463061932 115.5600434336933
0.9997960453293244 0.0020000576394499396 0.020096596530428796 1.6807939868252746 -0.002020747904232263 0.9999974515938143 0.0010092770116489685 -1.5843197173048864 -0.020094528369880123 -0.001049681248898202 0.9997975330768611 116.76399800079452
0.9998869291945465 0.002961202091603981 0.014743140770874042 1.6990225730824573 -0.002967674075176118 0.9999955089217352 0.0004171044107013004 -1.603636399967682 -0.014741840448651313 -0.0004608101023575596 0.9998912318837185 118.01479239996058
0.9999182391822754 0.004538744617530852 0.01195501406193987 1.7179945475254517 -0.0045423248274417405 0.9999896426262481 0.00027229767105050153 -1.6223083299775647 -0.011953655663373672 -0.0003265789820974332 0.9999284981914766 119.217546578992
0.9999356172787199 0.006976043518100381 0.008949845518486781 1.72818947845315 -0.006977583410818118 0.9999756508448164 0.00014076284204182082 -1.6361261650492205 -0.008948646332583934 -0.00020320206538672076 0.9999599418764635 120.47549363020067
0.9999359309778504 0.008062369450541373 0.007946183790120666 1.7438968755481812 -0.008064126638653158 0.999967464425131 0.00018902151407090536 -1.6586997680722315 -0.00794440198651276 -0.00025308846151323155 0.9999684145970187 121.71643065054242
0.9999187521286211 0.010019557845818611 0.00788020377621778 1.7555645675370277 -0.010022300600780845 0.9999497278753903 0.0003085911583081424 -1.6794397269302417 -0.007876716292902613 -0.00038754385242197823 0.9999688999959889 122.93003638957231
0.9999154800106108 0.011539032847313465 0.00599048539381776 1.759219771357973 -0.011546628921656995 0.9999325753036664 0.001234748694503563 -1.691762963887857 -0.005975834144272291 -0.0013038141953576332 0.9999812946857228 124.19546226786656
0.999911060726091 0.011960668179289903 0.005900308787255017 1.778657844488132 -0.011970741181345394 0.9999269484062026 0.0016746779741292235 -1.7190063450977011 -0.005879847991737522 -0.0017451600613613142 0.9999811908677063 125.41966493614746
0.9998784056782126 0.014952410352875268 0.004426815699838795 1.7709313279422272 -0.014967909663567728 0.9998818875463613 0.003488875872185373 -1.7320006353649764 -0.004374126041291876 -0.0035547118299985633 0.9999841167754262 126.69327780038785
0.9998601807156225 0.01633472366281236 0.0035759317517871604 1.778961117069913 -0.01635668068655521 0.9998469987348609 0.006199265201135409 -1.7349757954862892 -0.003474121532069074 -0.006256888731872046 0.9999743905495163 127.94603653685654
0.9998835348650251 0.014697238122078468 0.004112723850581557 1.7946642791873562 -0.014724670440010136 0.9998689935851902 0.006721085628116474 -1.7527086361975492 -0.004013404124731368 -0.006780861244070468 0.9999689515497848 129.17255475284264
0.9998802565883497 0.015247580929277383 0.002640794476679881 1.7969253270134855 -0.015260958469690581 0.9998704285831738 0.005121150645363604 -1.768084948999711 -0.002562367207016485 -0.005160838482617228 0.9999834048284764 130.4536835768612
0.9999143727908452 0.012764000365383818 0.0028857819210198333 1.8140603526047316 -0.012780048965053244 0.9999025812790139 0.005612250899024713 -1.774616627364867 -0.0028138662796400467 -0.005648650628735633 0.999980085930141 131.68973159328232
0.9999535257652316 0.009598432167524505 0.0009011106711063274 1.8230703023472226 -0.00960504736076968 0.9999246283190802 0.007647675577945797 -1.7906775004462192 -0.0008276371443832924 -0.0076559752075422245 0.9999703459156882 132.96665971278276
0.99997594349061 0.00689355288804282 0.0007640254254405078 1.8281475730354786 -0.0069003821567970745 0.9999326810928829 0.009327836677840156 -1.7967748081455097 -0.0006996720264184183 -0.009332884257956923 0.9999562054165069 134.22533227986693
0.9999890916965064 0.004403328378365835 0.0015554272699850266 1.8390552811085554 -0.004419574104834775 0.9999340547808167 0.010599997311994961 -1.8034818217849913 -0.0015086494336233793 -0.010606755334917766 0.999942613522677 135.47574852697642
0.9999996494441655 0.0005947724864110414 0.000581335338340772 1.8515368433373829 -0.0005999130875106463 0.9999603706494943 0.00888283161792947 -1.8173569630662367 -0.0005760289923233285 -0.008883177249358432 0.99996037990634 136.76324312755006
0.9999982051467984 -0.001406277757671269 0.0012707210309452022 1.8549807112319594 0.0013963352562424349 0.9999686657099148 0.007791699616271092 -1.8230890347318982 -0.001281638595357471 -0.00778991115016469 0.9999688391432869 138.01817116486714
0.9999936423991156 -0.003448397113888622 0.000907218234035117 1.8615762160425238 0.003441204876192644 0.9999635526341547 0.007813727094741443 -1.835471575781817 -0.0009341300184498878 -0.007810555446725674 0.9999690649667298 139.30529103178972
0.9999941043320019 -0.003204575355312453 0.001236739509239427 1.8689941711552516 0.0031947205304697396 0.9999637707082083 0.007890019065297155 -1.8406944127452456 -0.0012619791368474942 -0.007886021345776898 0.9999681049597898 140.5785543892916
0.9999926627442123 -0.002988347489976589 0.00239774464655423 1.8761541095939287 0.0029652563639967445 0.9999497432018657 0.009576905182991976 -1.8528772546665562 -0.002426243559497051 -0.009569724848895992 0.999951264053922 141.86156325372926
0.9999963499220085 -0.0006963201860193023 0.002609396576389736 1.8732995540374184 0.0006665720485260938 0.999934975229214 0.011383997379308262 -1.8572969837145177 -0.0026171539567133853 -0.01138221580655748 0.9999317948487776 143.13154488783667
0.9999953103989884 -0.0009151453067682567 0.0029216200999500896 1.8885243092457982 0.0008858872090264304 0.999949603319763 0.010000009617302071 -1.8752895189792427 -0.002930624564046968 -0.009997374354874999 0.9999457262812486 144.4216301900599
0.9999904883180142 0.000258876760332283 0.004354831625642323 1.8971216902594539 -0.00029329260774298843 0.9999687218668006 0.007904123525334407 -1.8775115163022995 -0.0043526496160135675 -0.00790532537832855 0.9999592798151853 145.6892158087536
0.9999921673865413 0.00012470899052824605 0.003956779280260148 1.9035224401071777 -0.00014777739953337435 0.9999829906577479 0.005830335801417442 -1.8928185962148447 -0.003955985372621401 -0.005830874746460532 0.9999751719557106 146.9593748559453
0.9999860891003771 -0.001013190099810618 0.005175941615863865 1.9101676361484858 0.0010049521271412018 0.9999982280720668 0.0015939600002413275 -1.9129417164572196 -0.005177547813200306 -0.0015887362638586306 0.9999853328275562 148.2318449969261
0.9999873358368521 -0.0004298547357577454 0.005015192707649294 1.9229912433542036 0.00043996744020393394 0.9999978754075806 -0.0020154771426436624 -1.9338158666675653 -0.00501431622928836 0.0020176580420615074 0.9999853887555673 149.50220614010522
0.9999857059698215 -0.000763497155243848 0.00529239487929125 1.9365216702829648 0.0007795284419735088 0.9999951112796398 -0.0030277018851138666 -1.9591816131362225 -0.005290057816805373 0.0030317841238768958 0.9999814127505388 150.77112228177683
0.9999815317877763 -0.0012119542236493136 0.005955722528146199 1.9506736583697477 0.0012274472607916177 0.9999958741113675 -0.0025983736398684327 -1.9859856612790265 -0.005952549405459317 0.002605635930043599 0.9999788841008563 152.0518108459177
0.9999864454563425 -0.0004299469529751064 0.005189297056734943 1.960940769854261 0.00043976467580173926 0.9999981152340773 -0.00189091527200619 -2.0080013341742693 -0.0051884747408406364 0.0018931717134533137 0.99998474930958 153.3074054886851
0.999985609797055 7.227744759166621e-06 0.00536381065374918 1.9707965007564399 -2.633305810204491e-06 0.9999996302519574 -0.0008565688092849241 -2.035016660873992 -0.005363815298572839 0.0008565423284903539 0.9999852499509876 154.58447135740943
0.9999882685025108 0.00040326293831920255 0.004826390294772038 1.9821823274784824 -0.00040087163486079964 0.999999794496951 -0.0004964296785704907 -2.0542434638497244 -0.0048265898969221165 0.0004944890917728461 0.9999882270005385 155.84155869334498
0.9999905751741998 0.0009467283362224226 0.00423810112057132 1.988282893954979 -0.0009437357187594842 0.9999992991554498 -0.0007080869114244907 -2.0789146129234184 -0.004238768985679554 0.000704080576081588 0.9999907656703502 157.10540445869174
0.9999913863246549 0.0012716892492352294 0.003950609956443222 1.9983460300254998 -0.0012701089921880327 0.9999991113995806 -0.0004025232095326435 -2.102329918391183 -0.0039511186813593 0.00039750204041899074 0.9999921122757645 158.3810445655232
0.9999954934717822 0.0006147421799182724 0.002937813090626481 2.0082584698858867 -0.0006170298465061941 0.9999995040417509 0.0007778352912551996 -2.1204302501883303 -0.0029373336999150685 -0.0007796445150680261 0.9999953824864671 159.64156509750032
0.9999946783567114 0.0011489674413617116 0.0030519336497841004 2.0137869186036004 -0.0011520750927929754 0.9999988178567458 0.001016632566715574 -2.141650671148307 -0.003050762144830864 -0.0010201432123110778 0.9999948237865427 160.90882434391784
0.9999969120685188 0.0016667030193454747 0.0018420874315711925 2.0201717575196345 -0.0016670369461309821 0.9999985969166564 0.0001796729517505517 -2.16515191219594 -0.0018417854491401071 -0.00018274322885917117 0.9999982910148246 162.17228145672925
0.9999967414079097 0.0023441183406930815 0.001013156454250147 2.025313216858329 -0.0023429827527829358 0.9999966253789849 -0.001120871049833896 -2.1883240750851267 -0.0010157804853322691 0.001118493548930873 0.9999988632131052 163.4369404178704
0.9999949625266802 0.0029708995616784567 0.001116274119389622 2.025810761933653 -0.0029694406812224117 0.9999947375076956 -0.00130654006997457 -2.206501790864685 -0.0011201499251157752 0.0013032187820042414 0.9999985199656243 164.69368389079628
0.9999965150864708 0.0026177406473101325 -0.00033363857858140786 2.0284597655421734 -0.002618368444496398 0.9999947780102221 -0.0018943126385135216 -2.231519523699488 0.0003286780440234904 0.0018951797073907249 0.999998146903307 165.9704850454507
0.999995368001672 0.0029705847808774596 -0.0006695395210942689 2.033425606434655 -0.0029725623633345085 0.9999911654686148 -0.002971937108610912 -2.257793238626187 0.0006607051689636804 0.0029739135395736326 0.9999953565297133 167.22513749071607
0.999992294134036 0.0035285995595272807 -0.0017229851779705205 2.036835102980935 -0.00353316518128018 0.9999902361737769 -0.002653826445399053 -2.279143610491537 0.0017136040148310312 0.0026598935677208213 0.9999949896921868 168.5030717295148
0.9999919551876743 0.0030735138585605143 -0.002577535847685336 2.038730236670428 -0.0030776625056717012 0.9999939720243878 -0.001606995703210864 -2.3068922105616343 0.002572581327012328 0.0016149154946869583 0.9999953827879378 169.76600531873717
0.9999899080135367 0.003399676057607475 -0.0029377246983859086 2.0381919412807363 -0.0034023590385175565 0.999993797403132 -0.0009086579060506692 -2.326655637812247 0.0029346176321949297 0.0009186438877826393 0.9999952745833314 171.0208680169808
0.9999835437753996 0.004048256965349332 -0.004065366782501982 2.0337961745511905 -0.0040505319833235385 0.99999164282734 -0.0005514468714785518 -2.350673107831753 0.004063100712159301 0.0005679046735420981 0.9999915833972606 172.30953791521145
0.9999833678846113 0.004125786388695097 -0.004030182177104635 2.032467171522085 -0.004127422318948599 0.9999914024587175 -0.0003976022921843348 -2.3740174618004826 0.004028507406302709 0.0004142299376963363 0.999991799656671 173.56310713934053
0.9999757734866191 0.004534070216552506 -0.005280981095636215 2.0253798020770994 -0.004540079289225687 0.9999890558553842 -0.0011263523876763057 -2.3939568541453498 0.005275816777492527 0.0011503011690192507 0.9999854206579969 174.843796600217
0.999967860874231 0.005730793569697491 -0.005607234843867386 2.0209922318593248 -0.005740356222980897 0.9999820972837935 -0.0016907034432910029 -2.4169323524267505 0.005597445806309279 0.0017228366286107257 0.9999828518419757 176.1036445734599
0.9999659596348079 0.005889351653915796 -0.005779000042887733 2.0237219913802695 -0.005897706753602612 0.9999815830288543 -0.001429695080660136 -2.4381408787569856 0.005770474107521427 0.0014637292337244495 0.9999822773363375 177.36995324494885
0.9999627488012289 0.005610264002537345 -0.006560011674702492 2.0146534621103647 -0.005627075393596612 0.9999809265611405 -0.0025469798062843067 -2.4621895951266706 0.006545597727787559 0.0025837986092646687 0.9999752346376304 178.62975295503242
0.999970804413656 0.004497218711557347 -0.006178080164493614 2.0126682926655377 -0.004521847980785351 0.9999818666659814 -0.003978311867784256 -2.4895195714251916 0.006160077273390471 0.004006131967471717 0.9999729989203625 179.89747415130137
0.9999770856105485 0.0016811433338938375 -0.006557524711943945 2.0141814285636443 -0.0017063308661320134 0.9999911844111598 -0.003837287810756125 -2.521575819547332 0.006551016516309716 0.0038483890781661756 0.9999711399782917 181.1574034402832
0.9999718914629908 0.0020704357306566045 -0.007206143586821327 2.0098799416013673 -0.002074700933891652 0.999997676332367 -0.000584422885733178 -2.5401004830929015 0.00720491739258457 0.0005993570505943868 0.9999738622046423 182.42316512805286
0.999975782930795 0.00015181760663519423 -0.00695796749201935 2.01005261606445 -0.00012554720105894358 0.999992858631391 0.0037758700466521736 -2.5568498930006633 0.006958491710557703 -0.0037749050787624183 0.999968668437814 183.68964615503512
0.9999719847159645 0.0010506246588902171 -0.007411313047693753 1.9998741631281103 -0.001024675154338258 0.9999933334663133 0.003504274159379831 -2.580455900443764 0.0074149458944088005 -0.0034965817674414935 0.9999663918177223 184.9358313944788
0.99997203663711 0.003250594109260089 -0.00673540071071677 1.993367577353502 -0.0032485364196982165 0.9999946707808774 0.000316475913086897 -2.5987628058343675 0.006736394006278667 -0.00029458685577357516 0.9999772625820126 186.19933384506086
0.9999644724191109 0.004068529046520579 -0.007381803278128308 1.9843414814009297 -0.004080836720544296 0.9999903119759512 -0.0016529452803776177 -2.6204249711101477 0.007375007294650411 0.001683010574187605 0.9999713856049378 187.4409732733339
0.9999659018080975 0.003442368124097207 -0.007506510900321375 1.9801063416134201 -0.0034542792085384528 0.9999927914505028 -0.0015743441260427787 -2.648524247063205 0.007501037879857312 0.0016002199868809302 0.9999705867413999 188.6916475316274
0.9999690349012222 0.003256983691411595 -0.007163746879563303 1.9758702697384838 -0.0032616903197147805 0.999994477333984 -0.0006453718904587086 -2.669012123124496 0.007161605889327266 0.0006687178643378024 0.999974127764794 189.96237482230734
0.9999674941859557 0.003196196110280377 -0.007401973201849166 1.9697895421276392 -0.003184685854749717 0.9999937071401681 0.0015663347661260228 -2.687514868953676 0.007406933612970769 -0.0015427108695169303 0.9999713786738761 191.18861238495222
0.9999756345298894 0.0026650467232585927 -0.006451381061942248 1.9654391324654021 -0.0026494200174724306 0.9999935418172486 0.0024296121209634466 -2.7138631056798057 0.006457815020390351 -0.002412460389435111 0.999976233652862 192.4534991007912
0.9999807070504568 0.0026757618274553655 -0.005606569744907667 1.9585973590352423 -0.0026645235952735143 0.999994426579381 0.0020110295920811308 -2.7294860567035912 0.005611919908248198 -0.0019960518837687834 0.9999822563701622 193.67416467489124
0.9999910551824885 0.0015738160205004887 -0.003925955492054035 1.9649623052709486 -0.0015719280321154774 0.9999986461557229 0.00048395973233348504 -2.756812471974141 0.003926712290060219 -0.0004777840960066512 0.9999921786617886 194.9075913434227
0.9999955804411167 0.0018674549081993343 -0.0023137367102002964 1.960263407125 -0.0018691388575351267 0.9999979902153492 -0.0007257784566176151 -2.774858219499883 0.002312376907255583 0.0007300999427733864 0.9999970593435342 196.1484228492805
