1.000000000000000000e+00 -3.306050084167601550e-19 -2.270457535318767223e-19 -8.673617379884035472e-19 7.546676715296109287e-19 1.000000000000000000e+00 6.237773588823049983e-19 1.387778780781445676e-17 -3.447385680526250622e-20 4.770700176052009879e-20 1.000000000000000222e+00 5.551115123125782702e-17
9.999982032286215405e-01 6.589919004029904954e-04 1.779882277282779195e-03 -7.723596641412644459e-03 -6.586081349378841970e-04 9.999997646980232080e-01 -2.162116165614537551e-04 -2.604870702123267268e-02 -1.780024454417507155e-03 2.150390528416869576e-04 9.999983920733555021e-01 1.199895560375279224e+00
9.999938241791667126e-01 9.126561294313729252e-04 3.392614652022281178e-03 -1.027363356312642473e-02 -9.132891673029870736e-04 9.999995657967649665e-01 1.850518935903916105e-04 -4.478293029330536468e-02 -3.392444561081314324e-03 -1.881492166671567406e-04 9.999942300240686199e-01 2.399211324780504917e+00
9.999902426477869088e-01 3.820628380016111527e-04 4.400942313411540345e-03 -1.238602037287876712e-02 -3.828795811197480570e-04 9.999999085271150667e-01 1.847326431729723524e-04 -7.031387362075010306e-02 -4.400871746485700287e-03 -1.864158902748832972e-04 9.999902988250982672e-01 3.599590777111758122e+00
9.999864188254061759e-01 1.935873960741071073e-04 5.208652575855076544e-03 -1.274386913345799260e-02 -1.960866942406378974e-04 9.999998681216478724e-01 4.793245486292699916e-04 -9.809148939166026371e-02 -5.208559512189824166e-03 -4.803394004184525557e-04 9.999863230529463243e-01 4.791669140742664368e+00
9.999809035340596619e-01 -6.823253614564870392e-05 6.180008317503578839e-03 -1.371377086076731519e-02 6.633489640203004279e-05 9.999999545930298162e-01 3.072706309810916531e-04 -1.196704331887237654e-01 -6.180029459644601104e-03 -3.068547057574681053e-04 9.999808518729109696e-01 5.991929058372958750e+00
9.999742063358498800e-01 -1.646462755280937848e-04 7.180402765589970551e-03 -1.830917380255034366e-02 1.668911113225085964e-04 9.999999369685753647e-01 -3.120333599146662929e-04 -1.488985290184798860e-01 -7.180351635188621066e-03 3.132236061484056176e-04 9.999741766955750899e-01 7.187601818913931240e+00
9.999689491751796444e-01 3.406751648770404333e-04 7.873618539132789390e-03 -1.372860843923424598e-02 -3.356065101042429288e-04 9.999997398525802828e-01 -6.450668544519993011e-04 -1.712207289963932066e-01 -7.873836852882230494e-03 6.424045069930676023e-04 9.999687909722405621e-01 8.387014433764168331e+00
9.999658326577663958e-01 7.468482300315118939e-05 8.265893852658171351e-03 -5.821679561480236180e-03 -7.903927583993487782e-05 9.999998627737591850e-01 5.264841371359196137e-04 -2.001446294918906577e-01 -8.265853980912767768e-03 -5.271193770855220340e-04 9.999656945684748388e-01 9.595262194573173531e+00
9.999742155135943333e-01 -7.301636257224534878e-04 7.144327846085796706e-03 -7.151792050815496474e-03 7.208897261763059930e-04 9.999988935946656499e-01 1.300564788275502311e-03 -2.218301970963623138e-01 -7.145270138904711091e-03 -1.295380967171538009e-03 9.999736308917402949e-01 1.079114144814487908e+01
9.999859114357670942e-01 -2.095845931246312962e-03 4.877134528950265516e-03 -9.990106488928047687e-03 2.090626985526923467e-03 9.999972368842945381e-01 1.074960378243224523e-03 -2.467516941482509329e-01 -4.879374417566101178e-03 -1.064749022682595202e-03 9.999875316799385905e-01 1.199441449127884241e+01
9.999941778920168334e-01 -1.964523459054619975e-03 2.790769300297582176e-03 -1.385615851398072987e-02 1.962761972859728473e-03 9.999978689415921496e-01 6.337823004791408614e-04 -2.726060360689663842e-01 -2.792008718709351051e-03 -6.283010280632319146e-04 9.999959031663911979e-01 1.318408786552232570e+01
9.999975138502141814e-01 -1.711755922605210896e-03 1.430431833201512579e-03 -3.573197965004636101e-02 1.710714975676714015e-03 9.999982725561872288e-01 7.286287265191256123e-04 -2.952720044541747857e-01 -1.431676725408063695e-03 -7.261798769296484452e-04 9.999987135935988203e-01 1.437581733069062295e+01
9.999999188608018619e-01 -1.781627035863410640e-04 3.623813998768582413e-04 -5.425729402836777099e-02 1.780032195540678886e-04 9.999998908672089737e-01 4.402626533672117544e-04 -3.183352484487028122e-01 -3.624598389968368287e-04 -4.401981109578613233e-04 9.999998402719896262e-01 1.557070323977408499e+01
9.999999386424144321e-01 -1.813660344930242388e-04 2.909476607495367411e-04 -6.651327699004618010e-02 1.811680347616172746e-04 9.999997512446969772e-01 6.805432783671517367e-04 -3.446193915828058563e-01 -2.910710651956457083e-04 -6.804906027180553270e-04 9.999997301128887850e-01 1.676545551562955438e+01
9.999992788643001784e-01 -1.124929453675120030e-03 4.118597102508160480e-04 -7.979911712291483383e-02 1.124557327822907696e-03 9.999989599879542945e-01 9.029531303607388724e-04 -3.671375686278691153e-01 -4.128751080793261353e-04 -9.024893830555227653e-04 9.999995111477459897e-01 1.796591281754866642e+01
9.999989265234200397e-01 -1.383802268563133269e-03 -4.845824451170149729e-04 -9.038955701421172440e-02 1.384294728802265605e-03 9.999985204028432051e-01 1.017392416170573039e-03 -3.917416334868265571e-01 4.831739114636217987e-04 -1.018062202730857626e-03 9.999993630737371575e-01 1.915884193021857840e+01
9.999986829667217858e-01 -1.434270781776275086e-03 -7.607106578383080776e-04 -1.073596852392733753e-01 1.434532755922804251e-03 9.999989149886256978e-01 3.437527774084577154e-04 -4.170439392614686547e-01 7.602168672967233448e-04 -3.448435608680897697e-04 9.999996520446526871e-01 2.035879818470027303e+01
9.999981703559721602e-01 -7.462041845893690583e-04 -1.759446885767648478e-03 -1.202912708033848088e-01 7.451227440010043312e-04 9.999995373353312011e-01 -6.153174559917073830e-04 -4.449315924630838359e-01 1.759905413976275111e-03 6.140054014410931908e-04 9.999982623086968170e-01 2.155343290599627792e+01
9.999969651028232098e-01 -7.270167958624776253e-04 -2.353536946035114218e-03 -1.400651399420165255e-01 7.264717501985475069e-04 9.999997057668384981e-01 -2.324370509298774731e-04 -4.676029487984050825e-01 2.353705406907780247e-03 2.307265847688454066e-04 9.999971991303386876e-01 2.274580828029438706e+01
9.999967920960272094e-01 -6.617093121856960393e-04 -2.443540521599572250e-03 -1.622871809061129655e-01 6.608090169932635078e-04 9.999997180275445041e-01 -3.692977365946952168e-04 -4.933655858410202488e-01 2.443784316083840585e-03 3.676818631601516088e-04 9.999969498764285092e-01 2.394912616028266328e+01
9.999941420946859560e-01 -3.181056423568465923e-04 -3.406750870817363153e-03 -1.891486723870364761e-01 3.147545620903629583e-04 9.999994645145827699e-01 -9.841664536446145719e-04 -5.195911156683812315e-01 3.407062407163674068e-03 9.830884049074298681e-04 9.999937133907316200e-01 2.514252002751973336e+01
9.999945383721644543e-01 2.588302156893338389e-04 -3.295712455857080503e-03 -2.269505627239938872e-01 -2.602578667983731619e-04 9.999998764998764278e-01 -4.327638588791065787e-04 -5.431991155254817238e-01 3.295600264647578683e-03 4.336192979362305335e-04 9.999944751279594701e-01 2.635040337330349303e+01
9.999902878008234408e-01 -1.128897938231510946e-03 -4.261339991127179733e-03 -2.384811224495902993e-01 1.134571711955009070e-03 9.999984766711044193e-01 1.329263846846524344e-03 -5.646660169845802990e-01 4.259833225629591595e-03 -1.334085688053472532e-03 9.999900355280723074e-01 2.753836122670049846e+01
9.999848199052842057e-01 -2.095306509055754919e-03 -5.096936787883883831e-03 -2.515313926837595693e-01 2.103359229440745874e-03 9.999965461301514313e-01 1.575056540086590927e-03 -5.935200711255005368e-01 5.093619368958308968e-03 -1.585753422573640652e-03 9.999857739645646726e-01 2.873441539039467330e+01
9.999824029348848287e-01 -2.450874141080167535e-03 -5.401604482243506367e-03 -2.732317350830174574e-01 2.453588280135234057e-03 9.999968657018337703e-01 4.958475974161749046e-04 -6.150798462764005547e-01 5.400372678307819273e-03 -5.090922576934309900e-04 9.999852913632816254e-01 2.994278472012437575e+01
9.999731498282772302e-01 -2.761089717341216800e-03 -6.787215722222516255e-03 -2.820660429270106517e-01 2.758996311348075464e-03 9.999961407787720802e-01 -3.178030538103587496e-04 -6.411892328996838808e-01 6.788067534309371112e-03 2.990685489503587926e-04 9.999769193929509692e-01 3.113385899679819957e+01
9.999710307610597537e-01 -2.398666996603363022e-03 -7.223490276140639814e-03 -2.969645396142431837e-01 2.395512619661950907e-03 9.999970304527593390e-01 -4.453287652271983280e-04 -6.638706853142639641e-01 7.224537673896057506e-03 4.280119261666472325e-04 9.999738087861812508e-01 3.234639493908673558e+01
9.999637046973174348e-01 -2.834093821081940055e-03 -8.034662245047117721e-03 -3.146290065186363449e-01 2.834915487495796686e-03 9.999959746258106907e-01 9.084737523650874137e-05 -6.882515150013069904e-01 8.034373110661456596e-03 -1.136217508924845457e-04 9.999677206768721183e-01 3.353038854890576914e+01
9.999586658794449301e-01 -2.841268090878256401e-03 -8.636815078516942024e-03 -3.379542426350375939e-01 2.844583899690101853e-03 9.999958866993072792e-01 3.716260955488773590e-04 -7.149605541137306064e-01 8.635724278211662913e-03 -3.961789304194162221e-04 9.999626374212479130e-01 3.473171667202837654e+01
9.999517931281899363e-01 -4.357494095684985927e-03 -8.798751698494084242e-03 -3.573469400585976286e-01 4.358190675837246043e-03 9.999904972269160197e-01 5.997204978141670834e-05 -7.421824372028495986e-01 8.798407511957059488e-03 -9.831586971038591292e-05 9.999612896448942800e-01 3.594381992912277468e+01
9.999478606767853162e-01 -3.623465919860589367e-03 -9.546743099007092351e-03 -3.754092517785601046e-01 3.626231031537123766e-03 9.999933871979825861e-01 2.723138948231126270e-04 -7.630943009888062623e-01 9.545694055498052735e-03 -3.069184211324544752e-04 9.999543921252325163e-01 3.712491262041683626e+01
9.999441835290705516e-01 -4.934821647256436641e-03 -9.342191788464579774e-03 -3.977803520382008351e-01 4.941157113693132007e-03 9.999875729896854359e-01 6.551646536824796366e-04 -7.894644175925935592e-01 9.338843405336701153e-03 -7.012893709663124784e-04 9.999561434812446192e-01 3.834071867321277693e+01
9.999451305215631969e-01 -4.089452030185423102e-03 -9.644713552353518030e-03 -4.249928243633998015e-01 4.106917703717514675e-03 9.999899611380297371e-01 1.791782242855511969e-03 -8.134656978317311715e-01 9.637290078499016061e-03 -1.831294094113795554e-03 9.999518883404074909e-01 3.953296643650556064e+01
9.999461184851247131e-01 -3.948978583970789817e-03 -9.600238849816797315e-03 -4.428478662232818164e-01 3.976461466176995155e-03 9.999880409460525366e-01 2.845311769793108271e-03 -8.366059359551442087e-01 9.588888883253002260e-03 -2.883333559857131217e-03 9.999498705688231182e-01 4.073965934255718935e+01
9.999522377536547157e-01 -3.391659989279275245e-03 -9.165788303183984229e-03 -4.613615668896387523e-01 3.414674491751410346e-03 9.999910519891196392e-01 2.496402588276719868e-03 -8.604968617822579269e-01 9.157240181043392602e-03 -2.527581662210596353e-03 9.999548802572260087e-01 4.194532769129781258e+01
9.999543794071734659e-01 -2.405055782588281631e-03 -9.244142486394766808e-03 -4.825298066703000432e-01 2.427618019898096502e-03 9.999940982182994320e-01 2.430242153943272185e-03 -8.839182877119331483e-01 9.238243809379305047e-03 -2.452572615460930135e-03 9.999543223745274156e-01 4.314152959100827900e+01
9.999651391656039223e-01 5.583251119737908403e-04 -8.331591763547262913e-03 -5.030009729735142043e-01 -5.241965143998914911e-04 9.999914693682461220e-01 4.097912762571818621e-03 -9.013304153784366113e-01 8.333809392691838430e-03 -4.093402483288721867e-03 9.999568914661501884e-01 4.433889862172610918e+01
9.999758735273354127e-01 4.484791232367696932e-04 -6.932450631760049380e-03 -5.217913364100803530e-01 -4.001988442880815514e-04 9.999756735782407979e-01 6.964209856662423141e-03 -9.211998187811152317e-01 6.935405849319974982e-03 -6.961267591496074492e-03 9.999517228944238001e-01 4.554019939262646943e+01
9.999854258935809703e-01 1.236005273375850692e-03 -5.255883271818060504e-03 -5.353000816539937867e-01 -1.185769879304260192e-03 9.999536926400808268e-01 9.550360430747745558e-03 -9.356110483729845884e-01 5.267444576206582046e-03 -9.543989150947968653e-03 9.999405814663385739e-01 4.673625321335355665e+01
9.999946068758998052e-01 1.394225874899237931e-03 -2.972981921151240763e-03 -5.457729918797609159e-01 -1.355260870049598398e-03 9.999136840871284404e-01 1.306837821179402705e-02 -9.464434954447051851e-01 2.990945756393442300e-03 -1.306427895554740544e-02 9.999101890369721524e-01 4.794734176105609436e+01
9.999977922169556166e-01 7.155396505808636577e-04 -1.975314169293822600e-03 -5.581175961715191258e-01 -6.865314722200291288e-04 9.998924905026764787e-01 1.464716634142813716e-02 -9.586354151226177400e-01 1.985582648918085124e-03 -1.464577909677426855e-02 9.998907772803682370e-01 4.914545180193211849e+01
9.999996950790719374e-01 -6.631854343935086318e-04 -4.064573716102189301e-04 -5.600850313535506997e-01 6.685344291302030856e-04 9.999112734766177901e-01 1.330407021102878763e-02 -9.650443229037372062e-01 3.975982809097820185e-04 -1.330433832200079818e-02 9.999114114443107271e-01 5.034850879344219976e+01
9.999989702079450371e-01 1.834749318672240770e-04 1.424225574696818229e-03 -5.676792283671875383e-01 -1.996442623237131410e-04 9.999354375853983790e-01 1.136120315871206460e-02 -9.820385570654285301e-01 -1.422049167756596474e-03 -1.136147593578204322e-02 9.999344422066570592e-01 5.156232568752515988e+01
9.999984090995226449e-01 7.796039481601604350e-04 1.605791432951928291e-03 -5.768327946705522624e-01 -7.969164370023501575e-04 9.999412632855422256e-01 1.080894577816921866e-02 -9.790574895564113644e-01 -1.597270532374353612e-03 -1.081020822360051307e-02 9.999402876149354746e-01 5.275838181897145063e+01
9.999972472242705246e-01 1.203015172795049415e-04 2.344756764832108160e-03 -5.838731462908507419e-01 -1.456352598979085574e-04 9.999415921387598827e-01 1.080724456711803713e-02 -1.000615494922847848e+00 -2.343319818418545565e-03 -1.080755645279862093e-02 9.999388506369700780e-01 5.397405645471157953e+01
9.999995724055874557e-01 -3.014476483242514780e-04 8.698503168249980145e-04 -5.933677826370670205e-01 2.933043066117807605e-04 9.999562711450579178e-01 9.346794866425233925e-03 -1.014781994436336987e+00 -8.726299198395987868e-04 -9.346535915584890455e-03 9.999559364493548763e-01 5.517965550374188410e+01
9.999997855584222828e-01 -8.929075874794570572e-05 -6.542955298664027575e-04 -6.012819520249147454e-01 9.559935012428343818e-05 9.999534567337547974e-01 9.648065224272570073e-03 -1.021561077200617840e+00 6.534036852158845669e-04 -9.648125684637326449e-03 9.999532377078231837e-01 5.638172477783800218e+01
9.999987915006667283e-01 -3.453867109978734132e-04 -1.517906630798792397e-03 -6.037839643108861010e-01 3.616359165924048027e-04 9.999424994484025220e-01 1.071779641965203006e-02 -1.040596665902662199e+00 1.514117673728572868e-03 -1.071833239737338302e-02 9.999414090509309849e-01 5.758207897949010601e+01
9.999957005998675319e-01 -5.556147869846760995e-05 -2.932991649239585080e-03 -6.184554170149899610e-01 8.849049489678117715e-05 9.999369530620942914e-01 1.122821347142563889e-02 -1.051803901028807164e+00 2.932183167169494491e-03 -1.122842476301402076e-02 9.999326563380384059e-01 5.879469687540323974e+01
9.999944870277298614e-01 7.209543715189670621e-04 -3.239960633160550961e-03 -6.319191719417613928e-01 -6.852866440164563861e-04 9.999393046700832954e-01 1.099633514540074818e-02 -1.064217865860783263e+00 3.247692048657204074e-03 -1.099405422071158579e-02 9.999342883021872241e-01 6.000439380879642215e+01
9.999888183493238492e-01 1.406332296259994773e-03 -4.515597976061514265e-03 -6.474413047993060610e-01 -1.357666863166477741e-03 9.999411646789492236e-01 1.076224392918834205e-02 -1.078378793225393650e+00 4.530468004351043132e-03 -1.075599287649958540e-02 9.999318869717271907e-01 6.121704882917948964e+01
9.999898099642250404e-01 -7.093156103678725311e-04 -4.458649289743895835e-03 -6.728629676200302834e-01 7.509669607092462522e-04 9.999560348527954945e-01 9.346965561126706346e-03 -1.110652238239257183e+00 4.451823730288034624e-03 -9.350218684241087819e-03 9.999463751829796854e-01 6.361876696490872263e+01
9.999866989576150500e-01 -4.086188349688988416e-04 -5.141671961003103052e-03 -6.827658515258148153e-01 4.617858050359405632e-04 9.999463952757097207e-01 1.034347323600455504e-02 -1.125202383880985701e+00 5.137170267901208960e-03 -1.034571050656513114e-02 9.999332857666757279e-01 6.482875691851253919e+01
9.999857300715786490e-01 -1.773378407324115776e-03 -5.039776626327634006e-03 -6.921140182206008129e-01 1.834983396543642207e-03 9.999233412456749459e-01 1.224551358948415894e-02 -1.128769260560042564e+00 5.017674827301586357e-03 -1.225458675586467948e-02 9.999123186827465481e-01 6.602389098778526488e+01
9.999837329053362645e-01 -7.511117126523249006e-04 -5.653491267941637699e-03 -7.106469205904124564e-01 8.125447727809884026e-04 9.999405731138051312e-01 1.087191652154517740e-02 -1.150341155518343594e+00 5.644989667317223611e-03 -1.087633395355480995e-02 9.999249139808585873e-01 6.722441465031975838e+01
9.999835945569166551e-01 1.301484483235412727e-03 -5.577938737584691407e-03 -7.245924513377981491e-01 -1.248803992966619888e-03 9.999546883452832269e-01 9.437526997197303799e-03 -1.163863251937508059e+00 5.589969275507044449e-03 -9.430406610682853796e-03 9.999399070978004511e-01 6.841923997895561627e+01
9.999796594591638943e-01 3.550668853181953785e-03 -5.298370918825235677e-03 -7.423852994722280885e-01 -3.500036421051813847e-03 9.999484177767314907e-01 9.535121285958441523e-03 -1.176308329871810665e+00 5.331954150432410312e-03 -9.516382996266699659e-03 9.999405027641048438e-01 6.961479552387844194e+01
9.999728282177757777e-01 4.774033384569836488e-03 -5.617406501133907076e-03 -7.574578562796026038e-01 -4.718074705901566419e-03 9.999395317882688872e-01 9.933164306717178968e-03 -1.190946916028506442e+00 5.664488515131467505e-03 -9.906391332801654792e-03 9.999348899939556334e-01 7.081099319390997948e+01
9.999642271100177560e-01 6.856458591119191093e-03 -4.953283186629233066e-03 -7.747930669269176285e-01 -6.805561440383499534e-03 9.999246128017605928e-01 1.022031316715543529e-02 -1.203184722909585114e+00 5.022985356058593844e-03 -1.018623795799669836e-02 9.999355000882218514e-01 7.199856506895632435e+01
9.999666322713950395e-01 7.135545306082994102e-03 -3.977068220555515093e-03 -7.919744258771701517e-01 -7.090595963822053302e-03 9.999120946065794824e-01 1.120400027194277601e-02 -1.221647291574666783e+00 4.056665531299376987e-03 -1.117542646730548817e-02 9.999293231220255374e-01 7.318108038930033388e+01
9.999592630145032190e-01 8.799890312891717192e-03 -2.008061140420477984e-03 -8.040753073711308652e-01 -8.775808607350672752e-03 9.998930176376523704e-01 1.170197614208430548e-02 -1.227915967647870588e+00 2.110822619200129584e-03 -1.168387731429893980e-02 9.999295093478447471e-01 7.437104635730901236e+01
9.999713199289691490e-01 7.523817477012793332e-03 8.643382339539410495e-04 -8.113264171361892485e-01 -7.532117134879652218e-03 9.999212587827659426e-01 1.003740577839099327e-02 -1.241557841060076051e+00 -7.887506362772237888e-04 -1.004362854982182585e-02 9.999492512882650619e-01 7.554948531611167084e+01
9.999846777498087036e-01 4.730224876964935453e-03 2.876816261436838246e-03 -8.102239269396829258e-01 -4.744961320882734243e-03 9.999755444710872743e-01 5.137272585688228838e-03 -1.274863101614357674e+00 -2.852445744559280877e-03 -5.150844351401269103e-03 9.999826677791044949e-01 7.673140932296796279e+01
9.999643238556684688e-01 6.054408132103385361e-03 5.891037195548069934e-03 -8.106762680298262858e-01 -6.078110779710118802e-03 9.999734714894827903e-01 4.013876330516686491e-03 -1.286971139617098636e+00 -5.866579692656891283e-03 -4.049539600357600008e-03 9.999745946548490583e-01 7.790542985191795822e+01
9.999527683493959485e-01 5.297663542044264706e-03 8.148035812621306703e-03 -8.101092422685992611e-01 -5.357292742647397181e-03 9.999588998524727712e-01 7.313855033967981388e-03 -1.301647056708136629e+00 -8.108955234333511952e-03 -7.357161114304292676e-03 9.999400517981316128e-01 7.908955833806811597e+01
9.999267380482832479e-01 4.161606891451690229e-03 1.136645272281540907e-02 -7.995465885149030116e-01 -4.264780649302028943e-03 9.999497918767891180e-01 9.067916405002974384e-03 -1.318983407869551261e+00 -1.132814624084335468e-02 -9.115727662613610366e-03 9.998942800749279769e-01 8.026829804991662343e+01
9.998516786639075615e-01 5.739317178418002451e-03 1.623839968275500589e-02 -7.900412160685713614e-01 -5.860423405833961076e-03 9.999552939376851191e-01 7.420257120613716478e-03 -1.332787871284096148e+00 -1.619508789033201335e-02 -7.514320675793747031e-03 9.998406173984076828e-01 8.143045936874112556e+01
9.998090064127418408e-01 4.021696668910721036e-03 1.912536743398724620e-02 -7.770698630385689532e-01 -4.104828031671572085e-03 9.999822906001291090e-01 4.309371108152514063e-03 -1.354104011602856206e+00 -1.910769966368820044e-02 -4.387054386720768730e-03 9.998078029871292349e-01 8.259796856428651779e+01
9.997281885261443124e-01 4.006413375600769572e-03 2.296745604503955610e-02 -7.591628065869190367e-01 -4.025899599668370833e-03 9.999915735199156330e-01 8.022396651678862130e-04 -1.379460261945747002e+00 -2.296404989542612934e-02 -8.944862904852143339e-04 9.997358879539403054e-01 8.375845990650040562e+01
9.996580300147038800e-01 2.797552757065472837e-03 2.599981008603026444e-02 -7.361266127851174845e-01 -2.803254762791886328e-03 9.999960547993469451e-01 1.828610430569370946e-04 -1.406380829948868261e+00 -2.599919868738332501e-02 -2.556826335630759946e-04 9.996619351859495906e-01 8.492246195844859358e+01
9.994388041287409763e-01 2.762441462737696279e-03 3.338317424893659513e-02 -6.731682534621261649e-01 -2.835409791359549611e-03 9.999936926029471262e-01 2.138634824981979800e-03 -1.446710500301024549e+00 -3.337705853349352825e-02 -2.232089633741629522e-03 9.994403332683123864e-01 8.725341847320548538e+01
9.993110385133697759e-01 2.847776039438061103e-03 3.700445822924901262e-02 -6.387325031121068308e-01 -2.857001670101829999e-03 9.999959030092044898e-01 1.964342164239301519e-04 -1.475124829355384914e+00 -3.700375042272862486e-02 -3.020205760824048818e-04 9.993150784774260664e-01 8.839193858182748897e+01
9.991644237746235557e-01 2.835435175335603106e-03 4.077275347443675563e-02 -5.945808221100213897e-01 -2.745018777864937070e-03 9.999936513210501143e-01 -2.273387333260180280e-03 -1.503103999585389872e+00 -4.077894313973001034e-02 2.159565933865893912e-03 9.991658549043266335e-01 8.954918333248556905e+01
9.990448395049995600e-01 3.024870357565984016e-03 4.359186623992240134e-02 -5.517460251923390624e-01 -2.915654471404344975e-03 9.999924550876388984e-01 -2.568781379794974999e-03 -1.528820337972489618e+00 -4.359931129593550003e-02 2.439229197025229688e-03 9.990461154073617678e-01 9.069094213457695730e+01
9.989202984369995875e-01 1.566852051693696721e-03 4.643032527690841432e-02 -5.037547808518393344e-01 -1.505295158760947124e-03 9.999979438897839135e-01 -1.360726431333454233e-03 -1.554404898193207041e+00 -4.643236528316343342e-02 1.289365958410921588e-03 9.989206076732167761e-01 9.184306863662398257e+01
9.987640865891747044e-01 8.692524474313325896e-04 4.969449413349798228e-02 -4.512654770975479401e-01 -8.732996848166688824e-04 9.999996159539331630e-01 5.972772777305900661e-05 -1.581004867401374359e+00 -4.969442717522031677e-02 -1.030521254366271788e-04 9.987644674568925129e-01 9.300463124691242456e+01
9.986477888358292754e-01 2.065225815761386732e-04 5.198614788224542593e-02 -4.021987107745277346e-01 -2.975179525199275884e-04 9.999984410711555416e-01 1.742644224909469094e-03 -1.602149776088666266e+00 -5.198571192754498915e-02 -1.755754632933804321e-03 9.986462900930155318e-01 9.416162601058454129e+01
9.984967515624643131e-01 -1.463675761369587170e-03 5.479145838481966346e-02 -3.435385005980615691e-01 1.314729014985148046e-03 9.999953430571993929e-01 2.754377426291667891e-03 -1.620787498309018471e+00 -5.479523970652063619e-02 -2.678201039695360559e-03 9.984940253803364918e-01 9.531532872908397280e+01
9.983884028540480626e-01 -2.704273246871986489e-03 5.668585111830926754e-02 -2.822217232584874891e-01 2.660944988087044199e-03 9.999961114632159864e-01 8.398276042965243000e-04 -1.645194115127895040e+00 -5.668790579711003447e-02 -6.876362023225346355e-04 9.983917156827362138e-01 9.646843663172414551e+01
9.982514369376238594e-01 -4.190160130964748660e-03 5.896186734288177966e-02 -2.209597163091990280e-01 4.365112111812324142e-03 9.999864483432633344e-01 -2.838709892170312478e-03 -1.671446754257953859e+00 -5.894917825922351556e-02 3.091121578860354675e-03 9.982561947191131990e-01 9.761928537448548582e+01
9.981050298303877355e-01 -3.223580907485728252e-03 6.144875198498270935e-02 -1.560075370357154878e-01 3.585530554820520657e-03 9.999768594685498613e-01 -5.780907083173740524e-03 -1.699641630976749918e+00 -6.142870000513704631e-02 5.990279020973483630e-03 9.980935007010627302e-01 9.878496408149652552e+01
9.980219975113814312e-01 -3.173384197872170919e-03 6.278556669134706392e-02 -9.097506243254230296e-02 3.616001335061531236e-03 9.999694035419722793e-01 -6.937286459557111089e-03 -1.724512667159758150e+00 -6.276163587506480845e-02 7.150597395138352450e-03 9.980029289466465503e-01 9.995873760130048424e+01
9.979598153442845732e-01 -2.967256888515972316e-03 6.377626077845953423e-02 -2.267482032805590714e-02 3.372055610005138954e-03 9.999748462010106254e-01 -6.240466353442541796e-03 -1.754498662415587384e+00 -6.375614476207251691e-02 6.442791975120127669e-03 9.979447084547049540e-01 1.011222943454313992e+02
9.980369629582732660e-01 -3.055014477164060861e-03 6.255302621168659649e-02 4.744817600319000545e-02 3.337231998764960458e-03 9.999847188294449518e-01 -4.407665898546153996e-03 -1.779290656835956996e+00 -6.253861028643627196e-02 4.607767647215488260e-03 9.980319082122819374e-01 1.023056279796313817e+02
9.981158457078277424e-01 -3.857657479143618458e-03 6.123625733481694727e-02 1.128175005036446688e-01 4.050911632823052562e-03 9.999872012204635841e-01 -3.032039040906325464e-03 -1.810048422062231044e+00 -6.122378257283222353e-02 3.274389059855143357e-03 9.981186930717089734e-01 1.034857123012164664e+02
9.981987249605837054e-01 -3.283921004903504661e-03 5.990431833439844450e-02 1.790214658420811455e-01 3.415768024418779081e-03 9.999919664612288983e-01 -2.098687581105520596e-03 -1.833641340817866894e+00 -5.989694965768238566e-02 2.299526658640854617e-03 9.982019185781876303e-01 1.046687006720323012e+02
9.983699453242808053e-01 -3.185283790937172219e-03 5.698510836673629371e-02 2.357582659215265442e-01 3.269302072771439454e-03 9.999937020298281798e-01 -1.381219806005997558e-03 -1.860874623267344319e+00 -5.698035493101784310e-02 1.565269983694816784e-03 9.983740726458913972e-01 1.058741048336881221e+02
9.985136451749135889e-01 -2.673698945297200719e-03 5.443675260152098377e-02 2.912870663092090862e-01 2.758988868609956509e-03 9.999950810471167628e-01 -1.491679143658476052e-03 -1.881364893791557025e+00 -5.443250077816833704e-02 1.639652515064878675e-03 9.985161037779701765e-01 1.070595790267780671e+02
9.987429396342156762e-01 -1.143415102247033596e-03 5.011215380449531714e-02 3.402680868640000633e-01 1.242064917361134727e-03 9.999973523551899390e-01 -1.937481399088844449e-03 -1.907522560411703649e+00 -5.010981027488067840e-02 1.997288469552680433e-03 9.987417180105947478e-01 1.082818740700299145e+02
9.989328409784140606e-01 -9.629134072911735807e-04 4.617638854208903215e-02 3.906085839929004377e-01 1.035218174933251554e-03 9.999982726548015677e-01 -1.541950766795230658e-03 -1.934197628678037129e+00 -4.617482821612652749e-02 1.588107814714128036e-03 9.989321163667844727e-01 1.094880661205857706e+02
9.990790443761319306e-01 -2.787090297353742962e-04 4.290673637703878301e-02 4.336238007584569121e-01 3.090414538099852206e-04 9.999997025587190613e-01 -7.003089955006711184e-04 -1.955562997437099160e+00 -4.290653146505028076e-02 7.129240357962168817e-04 9.990788330651492188e-01 1.106812152784208649e+02
9.992830894795019514e-01 -2.174647036027807512e-04 3.785835477996615794e-02 4.701845353706166630e-01 2.020209225834844826e-04 9.999998991537167869e-01 4.117640130724975760e-04 -1.980791387497704337e+00 -3.785844340512908163e-02 -4.038205659809711756e-04 9.992830313667815378e-01 1.119186089876569952e+02
9.994178915293743248e-01 3.135994763389081408e-05 3.411562448618418730e-02 5.108530772892794225e-01 -6.001131649888966958e-05 9.999996426392796511e-01 8.388058082609623671e-04 -2.006670831813232692e+00 -3.411558864137934077e-02 -8.403647915491514395e-04 9.994175358313464042e-01 1.131136361834664115e+02
9.995945792962321885e-01 4.558772115548156978e-04 2.846868451681089721e-02 5.351555475648919202e-01 -4.885809388639268842e-04 9.999992334971489205e-01 1.141818217351658763e-03 -2.031880542622368946e+00 -2.846814406222571148e-02 -1.155264554140048982e-03 9.995940372066194346e-01 1.143536518349059321e+02
9.997176101884287513e-01 1.333444164826498406e-03 2.372593692375784755e-02 5.551801300214292967e-01 -1.356886294763468047e-03 9.999986057399036232e-01 9.719602838176494069e-04 -2.052675624174314262e+00 -2.372460962870807932e-02 -1.003879145352383397e-03 9.997180240716680988e-01 1.155776005507015611e+02
9.998075590444965854e-01 2.043116462604229865e-03 1.951072381010842544e-02 5.743328056702966533e-01 -2.059869090509166330e-03 9.999975248323653698e-01 8.385707066127206632e-04 -2.077137511484675958e+00 -1.950896354171614833e-02 -8.785988967176229731e-04 9.998092961231384024e-01 1.167861977757036129e+02
9.998968446311126135e-01 2.965056016081823575e-03 1.405387885708754211e-02 5.759833588015397243e-01 -2.969604841699359770e-03 9.999955477814063132e-01 3.027969177833948885e-04 -2.099823670666294717e+00 -1.405291968949573186e-02 -3.445001633609777111e-04 9.999011975874811942e-01 1.180365527061778295e+02
9.999230200167262828e-01 4.813537522332006317e-03 1.143616582120811700e-02 5.809258980681710760e-01 -4.812960114439598230e-03 9.999884194528699810e-01 -7.803334407247786912e-05 -2.127219332847723354e+00 -1.143640958085585281e-02 2.298561292998871656e-05 9.999346005304040608e-01 1.192406746368647958e+02
9.999401302901410604e-01 6.902757155951822453e-03 8.490746087651913909e-03 5.791521661860717929e-01 -6.902384123968822310e-03 9.999761705918445154e-01 -7.330692655440761325e-05 -2.143732870823662040e+00 -8.491050581293168101e-03 1.469609878893484998e-05 9.999639491180147832e-01 1.204955577719422166e+02
9.999413466077908819e-01 7.972721364325096455e-03 7.330896003255275330e-03 5.836920480209821793e-01 -7.970794529967836772e-03 9.999681858335643936e-01 -2.921043839273125835e-04 -2.176995752807536988e+00 -7.332992310759757319e-03 2.336541155335639401e-04 9.999730875586451129e-01 1.217400246934162169e+02
9.999202083094866911e-01 1.023503062413485751e-02 7.404024310891327808e-03 5.853739991928714748e-01 -1.023490204137710545e-02 9.999476219781064934e-01 -5.528170738003698709e-05 -2.198680108072435857e+00 -7.404202895750344911e-03 -2.050217127451699732e-05 9.999725897124069895e-01 1.229565250311891589e+02
9.999185722493787454e-01 1.138008146438977859e-02 5.774281014888115078e-03 5.786986739704672589e-01 -1.138486321484888722e-02 9.999348735888722306e-01 7.957766104118356530e-04 -2.218288006890239306e+00 -5.764849409929411438e-03 -8.614512608087809874e-04 9.999830141617492840e-01 1.242181529467712267e+02
9.999114759972946853e-01 1.201304071175957056e-02 5.720756299591386873e-03 5.823712310783224488e-01 -1.202078606371157106e-02 9.999268760055136651e-01 1.321263055398841802e-03 -2.250285674295607663e+00 -5.704466081284783642e-03 -1.389914087738800723e-03 9.999827679971917682e-01 1.254409104858780637e+02
9.998746934507161122e-01 1.535217569766151799e-02 3.862273180136062151e-03 5.633839313815174332e-01 -1.536429745313459654e-02 9.998770633361077076e-01 3.128387011291608975e-03 -2.271174469157907438e+00 -3.813771098115102502e-03 -3.187336201877017088e-03 9.999876432131764581e-01 1.267137645117810649e+02
9.998575137584053696e-01 1.656536105258166192e-02 3.246520269876693610e-03 5.646388144627888517e-01 -1.658465308216974105e-02 9.998444176423225693e-01 6.007913778853051640e-03 -2.275834838867530685e+00 -3.146492145095049556e-03 -6.060900173112122868e-03 9.999766785992725282e-01 1.279629078070250330e+02
9.998873779412147389e-01 1.456799200492128223e-02 3.606672153105348715e-03 5.607167676376801912e-01 -1.459013020224774089e-02 9.998744054910417844e-01 6.189420431274230035e-03 -2.300128675893421626e+00 -3.516051986172842245e-03 -6.241345183483038364e-03 9.999743365677435936e-01 1.291971549558019490e+02
9.998874613165585901e-01 1.481569465265774287e-02 2.358279568686876253e-03 5.491887176808878390e-01 -1.482685534746302353e-02 9.998786145520203172e-01 4.787245695150530757e-03 -2.318628069559748983e+00 -2.287067087262184724e-03 -4.821672993689923685e-03 9.999857641314213730e-01 1.304736703466772383e+02
9.999173968629138098e-01 1.263514920162348704e-02 2.355952691183732777e-03 5.479315885994520130e-01 -1.264707586770988552e-02 9.999069293685953763e-01 5.117605877158312028e-03 -2.333051426203195167e+00 -2.291071838327229243e-03 -5.146979117789791253e-03 9.999841337684909348e-01 1.317161778897793738e+02
9.999555730095956996e-01 9.403274388616824145e-03 6.517212540679717019e-04 5.470392778188456484e-01 -9.407735245836200758e-03 9.999297065329023626e-01 7.216792644633708911e-03 -2.355727404950394011e+00 -5.838140305097533518e-04 -7.222603390519197891e-03 9.999737504575022529e-01 1.329910075351296825e+02
9.999768409444409478e-01 6.799809157896347447e-03 2.868406906961357681e-04 5.364143427066514480e-01 -6.802159535508642968e-03 9.999346032172972132e-01 9.193826809264039890e-03 -2.365350772481302766e+00 -2.243056747790907863e-04 -9.195565163013322621e-03 9.999576958382619951e-01 1.342521919561195318e+02
9.999888786228346982e-01 4.621450211661688214e-03 9.430121923077293281e-04 5.386219158601781576e-01 -4.631074826893350448e-03 9.999344385069119934e-01 1.047271188998423821e-02 -2.378998655367399628e+00 -8.945512932805194930e-04 -1.047696287269922477e-02 9.999447128702535492e-01 1.355006315189119164e+02
9.999998936557624729e-01 4.551987408120438446e-04 -1.152437396612422156e-04 5.404610515395402714e-01 -4.541773027356441690e-04 9.999619287762631092e-01 8.714099125780990981e-03 -2.397667812398468268e+00 1.192060158582504734e-04 -8.714045998260873394e-03 9.999620275679746983e-01 1.367861580760520042e+02
9.999988733924303208e-01 -1.200944494945533573e-03 8.980665389917392516e-04 5.381311328469654542e-01 1.194131430637404611e-03 9.999707963956446788e-01 7.548985404354289011e-03 -2.412885242777145667e+00 -9.071062932208711661e-04 -7.547904575444250655e-03 9.999711002119254788e-01 1.380340792798999416e+02
9.999941630719986208e-01 -3.408761024870706358e-03 2.243102419209663041e-04 5.342189397316036148e-01 3.407018754742549213e-03 9.999671280804985907e-01 7.357078161893080941e-03 -2.432414169103769730e+00 -2.493814022347092614e-04 -7.356271168855756798e-03 9.999729088475031169e-01 1.393272137607117713e+02
9.999943635509425111e-01 -3.312844153603583097e-03 5.372451349508530066e-04 5.238822306137805862e-01 3.308723625919403506e-03 9.999664205696435770e-01 7.497976068823026218e-03 -2.441884771875326710e+00 -5.620667709582458744e-04 -7.496156359331393113e-03 9.999717458794145086e-01 1.406008895203132170e+02
9.999935814098706022e-01 -3.048360933211282080e-03 1.882321477079584122e-03 5.226353129420888699e-01 3.030616796134541838e-03 9.999516138601441950e-01 9.358817900371664555e-03 -2.460210659260736676e+00 -1.910759558544458669e-03 -9.353053389971881237e-03 9.999544347299855751e-01 1.418777741386337539e+02
9.999976294891097517e-01 -8.083278469634029096e-04 2.021756442340372651e-03 5.137546714578640206e-01 7.859108648154493034e-04 9.999384764376880730e-01 1.106419360631482295e-02 -2.466598135991874496e+00 -2.030575733939510470e-03 -1.106257837037669806e-02 9.999367440732025436e-01 1.431543093865840888e+02
9.999924712344661071e-01 2.259894620499767375e-04 3.873370270134303059e-03 5.100977069136936048e-01 -2.554162029559650313e-04 9.999711014701825329e-01 7.598394949658453072e-03 -2.500730083914882496e+00 -3.871541493139013610e-03 -7.599327144246016512e-03 9.999636272953517091e-01 1.457038399322227633e+02
9.999926824536871095e-01 -2.183664750414599203e-04 3.818720509021731289e-03 5.042749935508098469e-01 1.984987201802028227e-04 9.999864445161544824e-01 5.202329276913400524e-03 -2.520743051390662348e+00 -3.819805110801562271e-03 -5.201533261921384259e-03 9.999791730301588188e-01 1.469771750289388592e+02
9.999871827756576792e-01 -1.229816626777759147e-03 4.911076106893523009e-03 5.046192592035444457e-01 1.223687656173651434e-03 9.999984714189843471e-01 1.250834134023611150e-03 -2.547316929644060757e+00 -4.912607238746302500e-03 -1.244808481425899822e-03 9.999871558053583520e-01 1.482420779641854836e+02
9.999882887226780870e-01 -6.329877517398659970e-04 4.798498915803346351e-03 5.028169444050293313e-01 6.444107587699026947e-04 9.999969592170440125e-01 -2.379371661638258421e-03 -2.574759108269355501e+00 -4.796978642882600806e-03 2.382436027536074911e-03 9.999856520602783405e-01 1.495154198027764210e+02
9.999868873422030902e-01 -1.087815440960858762e-03 5.004213348499245498e-03 4.994952982373560557e-01 1.104494331298237894e-03 9.999938410511195475e-01 -3.331405515816778136e-03 -2.606014306482246745e+00 -5.000559020264077649e-03 3.336888968983684183e-03 9.999819316066776986e-01 1.507844797469715559e+02
9.999835945174933016e-01 -1.751731177876348928e-03 5.453544366214800078e-03 5.051258862117624648e-01 1.767137784930103775e-03 9.999944548404267053e-01 -2.821511964422506336e-03 -2.637285662574059941e+00 -5.448572081273651488e-03 2.831102887971401541e-03 9.999811506420802631e-01 1.520597757347331083e+02
9.999883340182507130e-01 -5.739113394343601507e-04 4.795087067435247451e-03 5.043030811017716886e-01 5.859759232255774483e-04 9.999966658851225931e-01 -2.514980064580021012e-03 -2.666289966073266626e+00 -4.793628212888264607e-03 2.517760570021873416e-03 9.999853400966268735e-01 1.533157959781898398e+02
9.999863023708077669e-01 -4.809671824935318469e-04 5.211377282215372275e-03 5.019018859613887384e-01 4.889750195839515394e-04 9.999987005345554181e-01 -1.535431277466944248e-03 -2.696370748526006000e+00 -5.210632467392132573e-03 1.537958569529227892e-03 9.999852370946370472e-01 1.545877092031118707e+02
9.999910355758090397e-01 4.751601143608016149e-04 4.207321226358475344e-03 5.014724684565066148e-01 -4.707820221161862625e-04 9.999993486610013749e-01 -1.041514314602149565e-03 -2.725318126929953344e+00 -4.207813763851182311e-03 1.039524355381925931e-03 9.999906057631900991e-01 1.558595092159150965e+02
9.999931295235746642e-01 5.314307662898052091e-04 3.667873304153005613e-03 4.929238502125684596e-01 -5.266271245904087343e-04 9.999990046814430933e-01 -1.310483474502091355e-03 -2.757198879445470041e+00 -3.668566379266641371e-03 1.308542836535153426e-03 9.999924157949827697e-01 1.571265093856234785e+02
9.999926313677772738e-01 9.194805708926250291e-04 3.727475605721780952e-03 4.897076452204920383e-01 -9.157338413788586838e-04 9.999990728394013706e-01 -1.006771660394775812e-03 -2.786137795501808512e+00 -3.728398195894732682e-03 1.003350874843695175e-03 9.999925457928214856e-01 1.583909012646971632e+02
9.999971490688438491e-01 1.327549229190649394e-04 2.382183959170793095e-03 4.917839563201752417e-01 -1.328461677766776369e-04 9.999999930912623070e-01 3.819185342149171333e-05 -2.811324646603683419e+00 -2.382179028840593869e-03 -3.850812125665461062e-05 9.999971578398941796e-01 1.596574409062648954e+02
9.999961977598922358e-01 1.068752915072876701e-03 2.540843376578322006e-03 4.837054844803353459e-01 -1.070114795190348078e-03 9.999992888801306767e-01 5.347114763575213509e-04 -2.837942116305356421e+00 -2.540270265817389655e-03 -5.374284517504590401e-04 9.999966333599773494e-01 1.609153332117047341e+02
