1.000000000000000000e+00 6.052227578932375726e-19 -4.756376575484536442e-19 -5.551115123125782702e-17 7.855130909573354167e-20 1.000000000000000000e+00 -9.059422532615956870e-22 0.000000000000000000e+00 6.998588456719787483e-19 4.059807377574831132e-21 1.000000000000000000e+00 0.000000000000000000e+00
9.999997982146240361e-01 -6.886170784719034378e-04 -1.350839577996476798e-04 1.198916941416564352e+00 6.887144534750980684e-04 9.999995006674046172e-01 7.171995664556237967e-04 2.226878944996826121e-02 1.345896682025976186e-04 -7.172924913621101959e-04 9.999997011179714290e-01 2.545059291953008507e-02
9.999989929487100859e-01 -1.369119279252286247e-03 -2.695660677929217217e-04 2.384019945980929478e+00 1.369501497603841343e-03 9.999981026330960754e-01 1.425936243473559500e-03 4.428111456831674425e-02 2.676132766203795301e-04 -1.426303627597228819e-03 9.999989044181936126e-01 5.060765012122606099e-02
9.999977841319531713e-01 -2.053032685312154888e-03 -4.057269396352912037e-04 3.575386586847786319e+00 2.053895045917826859e-03 9.999956059322270274e-01 2.138214503359362265e-03 6.640993476559917119e-02 4.013354881479796175e-04 -2.139042946610188525e-03 9.999976099358202086e-01 7.589738975318031933e-02
9.999960717752877093e-01 -2.736883579132496150e-03 -5.428795222050041914e-04 4.766969307143927637e+00 2.738419224960570754e-03 9.999922105644688530e-01 2.850416511439181518e-03 8.854289839462660405e-02 5.350739493524323378e-04 -2.851892281307523685e-03 9.999957176602435327e-01 1.011914100794531618e-01
9.999939558196733191e-01 -3.422455774816235505e-03 -6.813870200464128670e-04 5.961880862042698404e+00 3.424863652156798829e-03 9.999878165606539415e-01 3.564401741282883628e-03 1.107378283735765412e-01 6.691796371596856873e-04 -3.566714182239965215e-03 9.999934276196730254e-01 1.265558510475658927e-01
9.999912363794957182e-01 -4.105255055677644281e-03 -8.203359136153035806e-04 7.152286850133570795e+00 4.108726313045459391e-03 9.999824238759824624e-01 4.275486628850986258e-03 1.328492164174089329e-01 8.027697959542665247e-04 -4.278819868646282186e-03 9.999905397445217892e-01 1.518241947998867913e-01
9.999881133411508971e-01 -4.789093033368548719e-03 -9.605027945970011664e-04 8.344837753336200592e+00 4.793827612573263453e-03 9.999760325621978030e-01 4.987644212935124673e-03 1.550005830752421432e-01 9.365932654719594068e-04 -4.992189587641126039e-03 9.999870540966510069e-01 1.771378715782273017e-01
9.999843867819381282e-01 -5.472013183191280251e-03 -1.101484413177173912e-03 9.536119870379929253e+00 5.478203817599916654e-03 9.999687425835320775e-01 5.698832697866007199e-03 1.771284742279452262e-01 1.070266058218391752e-03 -5.704778396357625299e-03 9.999831706345297944e-01 2.024241344385633301e-01
9.999802566346913668e-01 -6.154849381704734224e-03 -1.243454261266320601e-03 1.072759803465107531e+01 6.162698011193865587e-03 9.999604539897678501e-01 6.409923989161166701e-03 1.992601724001042129e-01 1.203953130421838271e-03 -6.417462276776169337e-03 9.999786893755405748e-01 2.277142048296849353e-01
9.999756229224849857e-01 -6.837467008642384401e-03 -1.386382470422733992e-03 1.191902829644356210e+01 6.847172174684228348e-03 9.999511667620386568e-01 7.120778605172304980e-03 2.213911172076030720e-01 1.337626874499448512e-03 -7.130098721597827142e-03 9.999737103154762163e-01 2.530029505278522661e-01
9.999705856120411074e-01 -7.520214892833371363e-03 -1.530344012120366231e-03 1.311102857961891210e+01 7.531978122772568091e-03 9.999409809211734501e-01 7.831756230284736206e-03 2.435328623908005474e-01 1.471356402300899461e-03 -7.843053473648307211e-03 9.999681334667853694e-01 2.783034453091388638e-01
9.999652509608368822e-01 -8.168925258576448939e-03 -1.648377362064190393e-03 1.430252144829925776e+01 8.182502926872404700e-03 9.999311934045457262e-01 8.406102640523070713e-03 2.655742281424994244e-01 1.579594715982430382e-03 -8.419299408438682061e-03 9.999632556346175205e-01 3.034642130536391313e-01
9.999564523745231304e-01 -9.113724065765415813e-03 -2.004521864057004325e-03 1.549553296063640673e+01 9.133676943403461548e-03 9.999064373004943329e-01 1.018043573788912637e-02 2.884496011161692408e-01 1.911552236117514169e-03 -1.019830990557056040e-02 9.999461103249827065e-01 3.297815659592962523e-01
9.999523556087941412e-01 -9.563065324855683086e-03 -1.947005969706357012e-03 1.668646178848034012e+01 9.581903610951679126e-03 9.999050295929907684e-01 9.907652771108395318e-03 3.099088517910839058e-01 1.852074100231088398e-03 -9.925838111866945590e-03 9.999490147982150745e-01 3.541375419540194192e-01
9.999470846122616718e-01 -1.015814794392473457e-02 -1.614106601973534522e-03 1.787988144106370925e+01 1.017279049459065068e-02 9.999046004059023440e-01 9.339860317056147138e-03 3.311598814930512003e-01 1.519076940242702770e-03 -9.355787699329881288e-03 9.999550149818359213e-01 3.782669338521279512e-01
9.999426115259058001e-01 -1.064829673602991390e-02 -1.210731316801996141e-03 1.907542929985869762e+01 1.065878112001574472e-02 9.999026714027837714e-01 9.004739043914699453e-03 3.532677888832337909e-01 1.114727868067698054e-03 -9.017127619667818575e-03 9.999587170713103434e-01 4.016371166690478889e-01
9.999334293982450328e-01 -1.133500574973533674e-02 -2.141529375152408359e-03 2.026883876749959157e+01 1.135431329681894919e-02 9.998929330866821452e-01 9.229730711006961866e-03 3.766676305739370956e-01 2.036681420942815582e-03 -9.253433285736557823e-03 9.999550375150727533e-01 4.250690976094594342e-01
9.999250641356659530e-01 -1.182014399031240670e-02 -3.181198742919958723e-03 2.146316584431292540e+01 1.184822035974469022e-02 9.998896946158517540e-01 8.958277250954979620e-03 4.007381387363173619e-01 3.074960205690317923e-03 -8.995298764430699826e-03 9.999547412484822706e-01 4.482972973424920737e-01
9.999167570962003149e-01 -1.263689105264509567e-02 -2.598994997020880222e-03 2.265726318933483441e+01 1.266122090252391058e-02 9.998740680566479133e-01 9.566720319082783544e-03 4.265132662057776192e-01 2.477774695556583546e-03 -9.598832635265744373e-03 9.999508748471518382e-01 4.727622492033704549e-01
9.999077390499034879e-01 -1.336000014810966030e-02 -2.477345517522968645e-03 2.385130577449850620e+01 1.338367733434379925e-02 9.998623633357879292e-01 9.802244735775128212e-03 4.527096166546211720e-01 2.346046642819803098e-03 -9.834496798134825454e-03 9.999488976143086072e-01 4.980975074734746988e-01
9.998929653253628702e-01 -1.426650901410449201e-02 -3.251528581071453598e-03 2.504503077954346324e+01 1.429774590980476684e-02 9.998498162296444169e-01 9.797511994941858135e-03 4.791189586331895400e-01 3.111264438956368953e-03 -9.842953994234770673e-03 9.999467184449927215e-01 5.236517592155315315e-01
9.998817557355604846e-01 -1.509989972893797938e-02 -2.926396468701342006e-03 2.624119832194436697e+01 1.512863233433142662e-02 9.998349985163915710e-01 1.006048671541787121e-02 5.075054273659892479e-01 2.774001530349691144e-03 -1.010357543136444596e-02 9.999450457480477672e-01 5.468159126859665209e-01
9.998745288578531065e-01 -1.582323170565074627e-02 -7.450240556900520174e-04 2.743982814326495756e+01 1.582943251548077357e-02 9.998322412401228210e-01 9.214303129035187126e-03 5.355289305672080724e-01 5.990988952092399103e-04 -9.224941147505249725e-03 9.999572299020240695e-01 5.708022154889267341e-01
9.998600501322669754e-01 -1.672105559823526197e-02 -5.311624850297595821e-04 2.863516107509805053e+01 1.672499334177252397e-02 9.998234256928305586e-01 8.570045193539554268e-03 5.641326321386332943e-01 3.877684799542490649e-04 -8.577730719377594376e-03 9.999631241749025179e-01 5.918008423650893413e-01
9.998446839283017251e-01 -1.752321796878852922e-02 -1.899327133111680666e-03 2.982611428179257018e+01 1.753775855387273985e-02 9.998146998962975651e-01 7.932262416416684808e-03 5.935999815969862370e-01 1.759976034816881701e-03 -7.964340728506023176e-03 9.999667161754008937e-01 6.145214939403652599e-01
9.998250526262651983e-01 -1.850796357273331097e-02 -2.693431079973770698e-03 3.102556761545343633e+01 1.852745503352057344e-02 9.998009345477999466e-01 7.400794851142019314e-03 6.237232791837846735e-01 2.555921362387089581e-03 -7.449404240831487313e-03 9.999689128259350301e-01 6.378468581619726185e-01
9.998109140839439579e-01 -1.925678190995776598e-02 -2.711885427275512531e-03 3.222941347355389041e+01 1.927744278993480387e-02 9.997836425556188011e-01 7.810216475399238238e-03 6.564054522210414078e-01 2.560899504767891275e-03 -7.861018386403347685e-03 9.999658433604369234e-01 6.620543988318987605e-01
9.997992612969905935e-01 -1.991830440729833868e-02 -2.149075520540650371e-03 3.341762834315888142e+01 1.993359357852908867e-02 9.997743051655788582e-01 7.344137555576155107e-03 6.884399393736378991e-01 2.002308358167035913e-03 -7.385502831373129580e-03 9.999707335374304895e-01 6.871688197718921476e-01
9.997867786987586491e-01 -2.056548441316501108e-02 -1.885697331230682403e-03 3.461206463149760282e+01 2.057838479327098527e-02 9.997630885471276985e-01 7.100029057780730610e-03 7.216465073493858462e-01 1.739235356970034261e-03 -7.137320053805689020e-03 9.999730327541134223e-01 7.129045729609809756e-01
9.997766200334049502e-01 -2.105813719490874647e-02 -1.792098042018059603e-03 3.580968368129400403e+01 2.106911018067872746e-02 9.997578752693161430e-01 6.342794733003755472e-03 7.549642209429132667e-01 1.658096084256480010e-03 -6.379136484925753726e-03 9.999782046972790495e-01 7.369115996076254227e-01
9.997639072218749146e-01 -2.165263582271176671e-02 -1.798973553830694565e-03 3.700624499764018793e+01 2.166375172259764337e-02 9.997447762265156967e-01 6.408046571011887654e-03 7.900678851702533922e-01 1.659762857915140794e-03 -6.445507600605100001e-03 9.999778165516094441e-01 7.617217323887712777e-01
9.997602780249728038e-01 -2.185580933060642800e-02 -1.276989110146983407e-03 3.820375148219118699e+01 2.186256626630102978e-02 9.997456460959397440e-01 5.537578776414944955e-03 8.243880592820470588e-01 1.155636604631363022e-03 -5.564170141714874437e-03 9.999838758790875470e-01 7.868778742552871019e-01
9.997630202059800686e-01 -2.177049189599029183e-02 -7.502952129767197003e-05 3.940226440067595348e+01 2.177056836395035999e-02 9.997468997604106455e-01 5.680628875524801162e-03 8.605737542693494557e-01 -4.865968117029925954e-05 -5.680916890856082743e-03 9.999838800336092737e-01 8.112191530458728872e-01
9.997657401101038843e-01 -2.162616746442509383e-02 8.554763087700520408e-04 4.059911745670038385e+01 2.162050202369647511e-02 9.997472598207167716e-01 6.158233367738438595e-03 8.967802757500018540e-01 -9.884398919301035872e-04 -6.138296133173097233e-03 9.999806000691793262e-01 8.355769309291719571e-01
9.997671865129105218e-01 -2.157347971300425243e-02 4.172119442277233674e-04 4.179518069969290650e+01 2.157006104174137226e-02 9.997431750972111120e-01 6.948653856305907206e-03 9.337255753522410995e-01 -5.670117322792760312e-04 -6.938038045648463846e-03 9.999757383898781882e-01 8.590041929184124569e-01
9.997694451306501362e-01 -2.147038244749583519e-02 2.992036101158954695e-04 4.299220006856879905e+01 2.146741474394292526e-02 9.997392779030069843e-01 7.776293652866240330e-03 9.712721172236782330e-01 -4.660859698456966253e-04 -7.768078809698992192e-03 9.999696769663427576e-01 8.807679878516192495e-01
9.997775320568148549e-01 -2.102116690597498685e-02 1.722442262499654202e-03 4.419180841394609871e+01 2.100143799647940721e-02 9.997215596407845739e-01 1.076321484723102156e-02 1.012432275475579679e+00 -1.948217637772725608e-03 -1.072465174779109638e-02 9.999406083024001690e-01 9.013203526778409413e-01
9.997991046091602163e-01 -1.944675600022199163e-02 4.850715983605407428e-03 4.539186178131819815e+01 1.939213712673742984e-02 9.997507163282919329e-01 1.106429478947496686e-02 1.049270301387493332e+00 -5.064673283865945078e-03 -1.096801084804645623e-02 9.999269790625477938e-01 9.196036424489809624e-01
9.998141676697913649e-01 -1.772120921931318385e-02 7.586376718861285312e-03 4.659238578585326707e+01 1.763214308216561402e-02 9.997766758211125149e-01 1.165103304185208244e-02 1.084204430560457899e+00 -7.791153794051358834e-03 -1.151509871555569768e-02 9.999033565090961195e-01 9.348796155618487314e-01
9.998129936776929405e-01 -1.597835209266102591e-02 1.089167670514698538e-02 4.779785284453696192e+01 1.584788463949027629e-02 9.998028872390717359e-01 1.196083103796436592e-02 1.116013255518786051e+00 -1.108065117523033237e-02 -1.178598524493197977e-02 9.998691190832351694e-01 9.470169655156094324e-01
9.998073860679929092e-01 -1.469047256026330059e-02 1.301843066018558079e-02 4.900092329229461541e+01 1.453884362954926089e-02 9.998262403891760020e-01 1.166608905689939246e-02 1.145455501743398719e+00 -1.318755406696156193e-02 -1.147456890156144452e-02 9.998471735428311469e-01 9.578909262268007208e-01
9.998487015429994296e-01 -1.319079556809892549e-02 1.133915824779474155e-02 5.019959975562717602e+01 1.307789672632984727e-02 9.998647113278521514e-01 9.973592439197266971e-03 1.171222116439927463e+00 -1.146919065234395206e-02 -9.823792076527388187e-03 9.998859871291482238e-01 9.643825281139015715e-01
9.998858828072935134e-01 -1.211567917715747345e-02 9.025966719018684720e-03 5.140037225898243634e+01 1.202132304398142483e-02 9.998733391808328763e-01 1.043507650271631275e-02 1.198338270597451016e+00 -9.151253375869805584e-03 -1.032537820340059635e-02 9.999047780118736073e-01 9.723644462304222857e-01
9.998970310520142180e-01 -1.131216769324793273e-02 8.830201753262680725e-03 5.260147934842190409e+01 1.120956162150135021e-02 9.998700802469578930e-01 1.158450274062240715e-02 1.226310551213657618e+00 -8.960101553911069619e-03 -1.148432834770199765e-02 9.998938887010277998e-01 9.825558511497308745e-01
9.999015619488649254e-01 -1.125623274029607761e-02 8.382770062508896822e-03 5.380675192469108481e+01 1.116708063129321499e-02 9.998813749815279595e-01 1.060747754924865754e-02 1.250637501240460470e+00 -8.501177710580353625e-03 -1.051282301022927156e-02 9.999085630696071814e-01 9.940388027976054808e-01
9.998987733093632757e-01 -1.198275444634327482e-02 7.674631149961842758e-03 5.501052445330676477e+01 1.190629200397539701e-02 9.998797641557920501e-01 9.932251072539555539e-03 1.276295569002377395e+00 -7.792725148503126809e-03 -9.839870363606798009e-03 9.999211625348449761e-01 1.006339218302992222e+00
9.998796389959372366e-01 -1.351925973161061459e-02 7.609838548079315285e-03 5.621545669987380478e+01 1.344214995000035488e-02 9.998586598020255956e-01 1.009541227227851376e-02 1.303251556792763388e+00 -7.745246774805189527e-03 -9.991907357390960101e-03 9.999201012020368928e-01 1.018873518092875630e+00
9.998450116655743791e-01 -1.505971450457779283e-02 9.119006052364033929e-03 5.742293134512276254e+01 1.496722367346667998e-02 9.998366532381571803e-01 1.012768966900648090e-02 1.332601857583089577e+00 -9.270038035616427752e-03 -9.989632862991090073e-03 9.999071350962683846e-01 1.034192469953960858e+00
9.998265162831204700e-01 -1.602782751071369499e-02 9.494329474433980953e-03 5.862765060686215435e+01 1.593160843153686862e-02 9.998218276102378566e-01 1.012511265126607614e-02 1.363731180935812581e+00 -9.654922934476305174e-03 -9.972101753969210558e-03 9.999036561066416695e-01 1.046570988479785358e+00
9.998152047658714903e-01 -1.687238840350305247e-02 9.208559524839338498e-03 5.983340157298552242e+01 1.677004248437014358e-02 9.997979840305148969e-01 1.107986034950231465e-02 1.397219379971948339e+00 -9.393643428939193324e-03 -1.092337930963893991e-02 9.998962112036136052e-01 1.058381524022944387e+00
9.998041871865536168e-01 -1.758796619735840047e-02 9.073901553194639938e-03 6.103673571539251697e+01 1.748345857310679846e-02 9.997813686801966249e-01 1.147002631934268720e-02 1.430747578536807563e+00 -9.273653375959825529e-03 -1.130914245097903309e-02 9.998930441332495311e-01 1.070946692366648856e+00
9.998060257534835404e-01 -1.774946111456813039e-02 8.535943481309919700e-03 6.224006474354683149e+01 1.765670364853566196e-02 9.997855511573160436e-01 1.082153762570418898e-02 1.463509715065473671e+00 -8.726190216806999425e-03 -1.066872340146079665e-02 9.999050230892002622e-01 1.083773339232223076e+00
9.998102300336514370e-01 -1.794447251983617014e-02 7.584077949725174204e-03 6.344167434883316758e+01 1.787196883826449798e-02 9.997949933412397794e-01 9.522140739226095385e-03 1.494522781368229358e+00 -7.753394367275421271e-03 -9.384792206918540769e-03 9.999258766251084563e-01 1.096908768710821436e+00
9.997961764427032438e-01 -1.829900560155598571e-02 8.524828815195529055e-03 6.464165481905033062e+01 1.822127432643355291e-02 9.997924576887868842e-01 9.107489607397007553e-03 1.527418458960756675e+00 -8.689719545070572274e-03 -8.950301115656337722e-03 9.999221658685099046e-01 1.108733893833509843e+00
9.997706095483209765e-01 -1.854618111086338977e-02 1.071122152548144649e-02 6.584450560435153932e+01 1.844883391799304398e-02 9.997882219992338948e-01 9.116980747400254756e-03 1.560516300147852364e+00 -1.087803655624354493e-02 -8.917280952774874273e-03 9.999010684524449744e-01 1.122149072136711778e+00
9.997797222731336086e-01 -1.883838435297474287e-02 9.253204761008189741e-03 6.704141477077079969e+01 1.875000717223506558e-02 9.997785834844219455e-01 9.546964953506506188e-03 1.595206611956518250e+00 -9.431007166833491398e-03 -9.371365565408035919e-03 9.999115942424442460e-01 1.132975578982715170e+00
9.997928249474729023e-01 -1.891072339233798236e-02 7.529825634525363215e-03 6.823453837100666419e+01 1.882695510367161928e-02 9.997618135829623442e-01 1.104429516007312227e-02 1.631822890569132545e+00 -7.736888978567147378e-03 -1.090023773553976810e-02 9.999106614695646433e-01 1.142521072646612623e+00
9.997900595805161439e-01 -1.901115340256230232e-02 7.638325260920971957e-03 6.942854382684045333e+01 1.890918221218116507e-02 9.997339845159147753e-01 1.320733163693058043e-02 1.669600953951511979e+00 -7.887381895688674871e-03 -1.306012715616289635e-02 9.998835559035689213e-01 1.155360043827017513e+00
9.997893081405004878e-01 -1.896587106827867311e-02 7.850482371845041510e-03 7.061925277859921835e+01 1.884643927970127558e-02 9.997095607521538918e-01 1.501743374265789542e-02 1.706513458180821008e+00 -8.133022538640281851e-03 -1.486632431240229001e-02 9.998564311073456778e-01 1.168005929482775596e+00
9.997893919973839250e-01 -1.877583537535555333e-02 8.287838622886341960e-03 7.180893145092454688e+01 1.863570048638266141e-02 9.996873143439181097e-01 1.667381782898041259e-02 1.742980325078530512e+00 -8.598313643633878622e-03 -1.651585737724582670e-02 9.998265936586978597e-01 1.180244997420706765e+00
9.997987468112202736e-01 -1.782184603223498781e-02 9.217630248995157052e-03 7.299501946877533953e+01 1.766248946918243246e-02 9.996979795441660599e-01 1.709084726541017576e-02 1.777013445569793904e+00 -9.519437439569207807e-03 -1.692460368201660278e-02 9.998114736446134243e-01 1.194160444898251461e+00
9.998275530042118886e-01 -1.578066591530830065e-02 9.791144957200048279e-03 7.418019556793927904e+01 1.559491758803913455e-02 9.997022925995417975e-01 1.876565519911132726e-02 1.810430319731037407e+00 -1.008436835688347570e-02 -1.860972320469013799e-02 9.997759543962463358e-01 1.207391473274530558e+00
9.998728453363039392e-01 -1.312111942459864844e-02 9.067894182832792263e-03 7.535807611482519519e+01 1.295465632337414359e-02 9.997508273337836204e-01 1.817831968663827236e-02 1.836959773676857033e+00 -9.304156878547098844e-03 -1.805853362235857254e-02 9.997936273299122822e-01 1.223133156032511382e+00
9.999360337375506891e-01 -1.071293451519700693e-02 3.622574792184589561e-03 7.653284272807296418e+01 1.065882323870502059e-02 9.998360158583806667e-01 1.464014344216279032e-02 1.855603970711281470e+00 -3.778820614530079610e-03 -1.460060118384105474e-02 9.998862504040687549e-01 1.236053436037068520e+00
9.999641377666538267e-01 -8.251216658086075670e-03 1.938382327357971455e-03 7.770816417114677677e+01 8.220841346634838454e-03 9.998508814005028222e-01 1.518862035491863778e-02 1.875501997320352832e+00 -2.063417760862298628e-03 -1.517214338190898959e-02 9.998827808328432099e-01 1.252397143306300142e+00
9.999684319625598006e-01 -5.376321062281615507e-03 5.855049547294833776e-03 7.888673996255486998e+01 5.290760679184147545e-03 9.998803952190253863e-01 1.453203296116115616e-02 1.891740923370236693e+00 -5.932479411402661121e-03 -1.450059930450710820e-02 9.998772728184146530e-01 1.272744904213650052e+00
9.999671446924098817e-01 -2.081902790906119734e-03 7.830443858859611334e-03 8.006072695476875367e+01 1.967069995060650740e-03 9.998908896788764045e-01 1.464404236827994595e-02 1.904099722658469274e+00 -7.860077850171455841e-03 -1.462815895237799292e-02 9.998620656287138253e-01 1.290475802564670982e+00
9.999822679847375495e-01 1.932427186365937889e-03 5.637069721660923488e-03 8.122668310805644865e+01 -2.017185760856878701e-03 9.998843992412325132e-01 1.506928562045489577e-02 1.915004101974971285e+00 -5.607298750978303992e-03 -1.508039176216308466e-02 9.998705327740299298e-01 1.304385215534617615e+00
9.999803857712664668e-01 5.427162104135337638e-03 3.116682185476731589e-03 8.239116061096895294e+01 -5.470801621965022850e-03 9.998846881510494722e-01 1.416837783480390939e-02 1.917633954340197011e+00 -3.039429533584224723e-03 -1.418515206515312023e-02 9.998947260776840373e-01 1.321178823285102277e+00
9.999606890869960907e-01 8.843870556451943754e-03 -7.164829590357619940e-04 8.354987968717648528e+01 -8.834023005202957732e-03 9.998797653610685954e-01 1.274440634409010516e-02 1.915007267607797381e+00 8.291067356691222186e-04 -1.273758105699773942e-02 9.999185455519354893e-01 1.341500273272244081e+00
9.999247745783050867e-01 1.213943143868467626e-02 -1.772964079721558702e-03 8.470939531656416932e+01 -1.211751101106217296e-02 9.998559511973381664e-01 1.188895378884251806e-02 1.909589910931322576e+00 1.917033901858140746e-03 -1.186657305735874454e-02 9.999277742243567468e-01 1.363688009358608788e+00
9.998759254558472476e-01 1.575395116801476744e-02 1.669859216335697557e-04 8.586922494423980368e+01 -1.575482871002267804e-02 9.998072903762227348e-01 1.171345573176796155e-02 1.902664360407354982e+00 1.757925716042095421e-05 -1.171462696724021035e-02 9.999313841679300374e-01 1.386823063969352177e+00
9.998077597710599562e-01 1.957771762913815966e-02 1.120854571288417952e-03 8.702368149849114332e+01 -1.959049157516240883e-02 9.997259056333128724e-01 1.282348097165901014e-02 1.892267566037390658e+00 -8.694931099555854807e-04 -1.284298245249660547e-02 9.999171345956271439e-01 1.408997108712972679e+00
9.997285437837608590e-01 2.327168518567639122e-02 -1.155572534883929142e-03 8.817645251707720888e+01 -2.325546165288535500e-02 9.996515109335163407e-01 1.248890106038856758e-02 1.875576423807132409e+00 1.445807445204636303e-03 -1.245863947467045971e-02 9.999213452827225845e-01 1.431227313402005930e+00
9.996399001200504397e-01 2.657879645977015426e-02 -3.700278289901980013e-03 8.932607580189598195e+01 -2.653204361535489719e-02 9.995740278988045624e-01 1.215899992407193202e-02 1.854263990064477285e+00 4.021874424194679318e-03 -1.205644127684009012e-02 9.999191719811449941e-01 1.453268396917822392e+00
9.995463596112814653e-01 2.984155004020624599e-02 -4.060266157075086320e-03 9.047644337220553723e+01 -2.978983061561615853e-02 9.994810634437758523e-01 1.225172154714164637e-02 1.829515168940521130e+00 4.423770721483229543e-03 -1.212520423707805391e-02 9.999166769449427949e-01 1.477541139472277498e+00
9.994611733074326709e-01 3.270075503156435331e-02 -2.831410833915194627e-03 9.162998976421241082e+01 -3.266804245375175275e-02 9.994066296757757595e-01 1.091847377778337388e-02 1.799862493662537588e+00 3.186773119995116223e-03 -1.082009718200421973e-02 9.999363970167916005e-01 1.502618017534394834e+00
9.993690927204443852e-01 3.548386718295078179e-02 -1.500811245512387012e-03 9.278519858347726768e+01 -3.546680654756800138e-02 9.993190188961346143e-01 1.017823824282961497e-02 1.766478559141708260e+00 1.860953284404779501e-03 -1.011858892894453021e-02 9.999470883834209456e-01 1.526128367039219169e+00
9.992692192471056556e-01 3.822104475106525429e-02 3.596701869082103483e-04 9.394157090351909289e+01 -3.822273264669360376e-02 9.992252857160738300e-01 9.376852254607133744e-03 1.729726453870645164e+00 -9.981330189409146322e-07 -9.383748752250281946e-03 9.999559950368203110e-01 1.548712153484448795e+00
9.991717352326446866e-01 4.066378549009035809e-02 1.508895168459280928e-03 9.509756618754592239e+01 -4.067490002165224244e-02 9.991383187559308432e-01 8.260140077178616813e-03 1.688685881306396075e+00 -1.171706114416962673e-03 -8.314674060499424244e-03 9.999647460114245989e-01 1.570924896041967944e+00
9.990769293442373078e-01 4.295182802638942282e-02 -6.729326351200329553e-04 9.625059413082561832e+01 -4.294612411852383876e-02 9.990531397633807265e-01 6.955524858680475070e-03 1.645294663275715941e+00 9.710480354717214435e-04 -6.920205353070024192e-03 9.999755308923820030e-01 1.592091512511787377e+00
9.989703792135290472e-01 4.516540779575751313e-02 -4.280751725294234568e-03 9.740857968263853195e+01 -4.514175216730274831e-02 9.989656711206309492e-01 5.470400754658607569e-03 1.597626849553953843e+00 4.523397820167261545e-03 -5.271528274476027995e-03 9.999758496658399665e-01 1.613633216198189224e+00
9.988562003303238512e-01 4.723740561406540583e-02 -7.411376143093078954e-03 9.856786777905108465e+01 -4.719494610385183142e-02 9.988688082086434328e-01 5.803244273993464139e-03 1.549947316871532532e+00 7.677123824780343088e-03 -5.446827081296418821e-03 9.999556914610328029e-01 1.637011724236382193e+00
9.987697863154627598e-01 4.886594216247567429e-02 -8.426868489183133790e-03 9.973573718000062627e+01 -4.881676924148169866e-02 9.987900573805007509e-01 5.945913845287535866e-03 1.499747806866980726e+00 8.707227122479409970e-03 -5.527227013999889797e-03 9.999467563040363993e-01 1.663762864702602595e+00
9.987452231447087048e-01 4.946896485669705079e-02 -7.804730028064973263e-03 1.009106651726557686e+02 -4.942271999895699736e-02 9.987598358623176464e-01 6.011124149938888196e-03 1.449522227182366452e+00 8.092416600561128451e-03 -5.617850910858932303e-03 9.999514409929737280e-01 1.692134866920686376e+00
9.987961126375971554e-01 4.871253824722387993e-02 -5.789479210118925884e-03 1.020918399890317687e+02 -4.867644140289917321e-02 9.987952610804070597e-01 6.220726729562291862e-03 1.399763698779616483e+00 6.085532700883605761e-03 -5.931427328083540770e-03 9.999638262819958712e-01 1.720714686721253495e+00
9.988701138541892233e-01 4.733768551531709196e-02 -4.190534133802386804e-03 1.032764713473978162e+02 -4.731416682855297401e-02 9.988646702659784715e-01 5.545430398824349044e-03 1.349768891053532371e+00 4.448285013837008535e-03 -5.340893026714064323e-03 9.999758158798323082e-01 1.748659645656547745e+00
9.989655369454693012e-01 4.533593987286670818e-02 -3.542417316835461474e-03 1.044681151757311000e+02 -4.531483587927355450e-02 9.989557520950688163e-01 5.825913761427773535e-03 1.300350829220713766e+00 3.802842057660305204e-03 -5.659363710726686425e-03 9.999767109594618342e-01 1.775970607174362170e+00
9.990760414684669577e-01 4.287515245472008768e-02 -2.952984958770071659e-03 1.056664133008872000e+02 -4.285696523849352735e-02 9.990633305588602076e-01 5.971697557480858988e-03 1.255140153919448220e+00 3.206257558827218992e-03 -5.839624557900323885e-03 9.999778279726726504e-01 1.801711736389508101e+00
9.992044326696389867e-01 3.977173424330296414e-02 -2.966357288862024773e-03 1.068660337252240993e+02 -3.975197645922922546e-02 9.991888412194692703e-01 6.446166252888226554e-03 1.213150459479079624e+00 3.220326662183645508e-03 -6.323120684878165247e-03 9.999748261108916125e-01 1.827622197561298512e+00
9.993459491696324859e-01 3.601618278594174299e-02 -3.255386312684100270e-03 1.080709800123236448e+02 -3.598957364413304244e-02 9.993209888807778052e-01 7.893756529235119307e-03 1.177523878652447564e+00 3.537479289916478902e-03 -7.771433800591374778e-03 9.999635619495895744e-01 1.853335981696043078e+00
9.994796985022509350e-01 3.210671933849579274e-02 -3.070817381030889991e-03 1.092779454474656973e+02 -3.208120120627627053e-02 9.994530806272386991e-01 8.026421107352970860e-03 1.144443831923653843e+00 3.326840809776918009e-03 -7.923730487286034796e-03 9.999630208705101442e-01 1.879403232649182742e+00
9.996044211442376426e-01 2.805717031622729715e-02 -1.960686312162514700e-03 1.104912557840991667e+02 -2.803917205480441210e-02 9.995692262107671588e-01 8.671969111605811256e-03 1.115639312549933315e+00 2.203152833197343907e-03 -8.613563850225082474e-03 9.999604526449952235e-01 1.906892938585045050e+00
9.997177959935805713e-01 2.372945913597104828e-02 -1.152785022232723396e-03 1.117072047599249203e+02 -2.371834203977781635e-02 9.996794769642386447e-01 8.854636980449354447e-03 1.092210894898837825e+00 1.362530744014914599e-03 -8.824796561149303442e-03 9.999601270421806243e-01 1.933243477012596578e+00
9.998141605539971888e-01 1.927525989394468509e-02 -4.197661645144330203e-04 1.129238177368194727e+02 -1.927069905418380552e-02 9.997737302722580210e-01 9.004798141876119849e-03 1.073432909440952265e+00 5.932407249765805912e-04 -8.995036245941872427e-03 9.999593091737446482e-01 1.958493687551243090e+00
9.998950878060778313e-01 1.448366513045586113e-02 -2.415409283332318417e-04 1.141427410674968570e+02 -1.448076800333101231e-02 9.998512182814415228e-01 9.378668115220648721e-03 1.061538148901828293e+00 3.773425436707004391e-04 -9.374187415109005300e-03 9.999559939124805785e-01 1.982558557932574406e+00
9.999544009113006116e-01 9.543000679821283735e-03 -2.464546045220064640e-04 1.153631122312149984e+02 -9.539992257261467948e-03 9.999025186324910219e-01 1.019835171334581257e-02 1.056302764273112427e+00 3.437538498328586260e-04 -1.019553963516347736e-02 9.999479804562083629e-01 2.007472593044475229e+00
9.999893703015682034e-01 4.585329693759934884e-03 -5.521239448901233511e-04 1.165863383498244588e+02 -4.579159671407409017e-03 9.999322405962853821e-01 1.070046944879424894e-02 1.055803205645287957e+00 6.011517419730262775e-04 -1.069783534234087369e-02 9.999425891021463952e-01 2.033651644516003110e+00
9.999993070462159794e-01 -6.238862816461984793e-05 -1.165753241655805668e-03 1.178119128141718903e+02 7.587317489346444006e-05 9.999330914889056343e-01 1.157147335387070930e-02 1.061430164335327442e+00 1.164953634469526001e-03 -1.157155618104557977e-02 9.999323014648782149e-01 2.061439785268823766e+00
9.999918521036152974e-01 -3.752148071337425405e-03 -1.500641510850056959e-03 1.190401742174543784e+02 3.771918655724253080e-03 9.999031344195243864e-01 1.339644540044331901e-02 1.073690308846753094e+00 1.450231313546253373e-03 -1.340199994460569005e-02 9.999091134768605116e-01 2.088990001988864531e+00
9.999818544392592434e-01 -5.874606484670142660e-03 -1.340187270213593750e-03 1.202716495822513849e+02 5.894976721446513329e-03 9.998587368892853933e-01 1.573791003654521903e-02 1.090965285535956619e+00 1.247543214692798091e-03 -1.574552092421028712e-02 9.998752086714554066e-01 2.116413356220186781e+00
9.999752635299844483e-01 -6.840853467126389691e-03 -1.640572013651670803e-03 1.215014881304757921e+02 6.867282241998089697e-03 9.998371786458027932e-01 1.668455268530965804e-02 1.109144338440349209e+00 1.526168281054038171e-03 -1.669539936797760984e-02 9.998594578242127051e-01 2.142816840155335356e+00
9.999678154131175223e-01 -7.929003942828461576e-03 -1.260610371103721219e-03 1.227425471219002162e+02 7.951326729014265501e-03 9.997913479397785297e-01 1.881595723737109968e-02 1.131113383050494914e+00 1.111155426710756094e-03 -1.882536908139288354e-02 9.998221366471038429e-01 2.167354018895791601e+00
9.999599987232038467e-01 -8.945418236705885914e-03 -1.183438023964775105e-04 1.239830602982068939e+02 8.945981510171797588e-03 9.997551938719425602e-01 2.023591089373995983e-02 1.153499973568427039e+00 -6.270397738056593851e-05 -2.023616393716365022e-02 9.997952074048532811e-01 2.191803853559215920e+00
9.999529589776148253e-01 -9.700283595617587018e-03 -1.575424078975324997e-04 1.252241895618562921e+02 9.701484713862836701e-03 9.997473983113897011e-01 2.027213289248721087e-02 1.175417831354115261e+00 -3.914309682205185557e-05 -2.027271688500664054e-02 9.997944427109953791e-01 2.216415343059789489e+00
9.999429195916917923e-01 -1.058590837490477367e-02 1.481239590906533636e-03 1.264702905684379459e+02 1.054809023398244061e-02 9.996669210952644491e-01 2.355547111788305198e-02 1.203940349928314557e+00 -1.730103558820530411e-03 -2.353851041584692147e-02 9.997213593130434006e-01 2.236843477142207437e+00
9.999272812077230066e-01 -1.123828557868103775e-02 4.373519521590841022e-03 1.277203906748926840e+02 1.112457929778955419e-02 9.996203871520696893e-01 2.520795202221539841e-02 1.231918336295963590e+00 -4.655154007808484651e-03 -2.515746859268411587e-02 9.996726316402072543e-01 2.256662147115642725e+00
9.999158190466014284e-01 -1.201956301442726888e-02 4.889498345627170048e-03 1.289700158966557524e+02 1.189793702044532504e-02 9.996367331248878774e-01 2.418495588770550042e-02 1.257494049866868524e+00 -5.178414936761451502e-03 -2.412474615471768211e-02 9.996955478285105556e-01 2.272030682829602632e+00
9.999172685569021057e-01 -1.251554530462955193e-02 2.979071695040590422e-03 1.302199513594721907e+02 1.244091499855714059e-02 9.996375628023441706e-01 2.387459787141852502e-02 1.283313643731385900e+00 -3.276796820899115833e-03 -2.383555584417176160e-02 9.997104686407536356e-01 2.285409212196459983e+00
9.999053561295700998e-01 -1.324750826592466409e-02 3.721066202865239668e-03 1.314754152428932912e+02 1.316589821258823921e-02 9.996894172094703546e-01 2.116059244438699138e-02 1.305792992411057618e+00 -4.000235961863832061e-03 -2.110960589099014975e-02 9.997691266609592953e-01 2.300881329630954930e+00
9.998816753625102693e-01 -1.429169133568153859e-02 5.690138353856449317e-03 1.327333827693259423e+02 1.418226677200802414e-02 9.997222253645450252e-01 1.882621359428194099e-02 1.327195679039844034e+00 -5.957615776968212297e-03 -1.874328307407112371e-02 9.998065992729446849e-01 2.317349259088878899e+00
9.998644493164039471e-01 -1.460673775719729083e-02 7.597792407655205513e-03 1.339958233811784396e+02 1.448330762653893267e-02 9.997662307213155408e-01 1.605438390255807882e-02 1.351508292907277475e+00 -7.830520332751677443e-03 -1.594215945532467468e-02 9.998422199622805095e-01 2.331691749112200007e+00
9.998436856843772036e-01 -1.493405001063341508e-02 9.468372572241080115e-03 1.352592527614735616e+02 1.479770695585724133e-02 9.997881428642374502e-01 1.431003180132914450e-02 1.376689435079074375e+00 -9.680074485303726342e-03 -1.416768177662761780e-02 9.998527714513854026e-01 2.344251362060284727e+00
9.998617041309474374e-01 -1.480692850451567621e-02 7.577261704617485084e-03 1.365223031533791413e+02 1.473149714790193514e-02 9.998423719270878030e-01 9.915469304921946739e-03 1.399232292430386382e+00 -7.722886060752888818e-03 -9.802474827932478041e-03 9.999221239419645579e-01 2.354691572239321129e+00
9.998727635137024672e-01 -1.481347867030740478e-02 5.922979623150053351e-03 1.377889832429304704e+02 1.477047717031566669e-02 9.998646997342234277e-01 7.240009110737555785e-03 1.421089546062987541e+00 -6.029428748520817248e-03 -7.151603112979091660e-03 9.999562367520740125e-01 2.367220749943835134e+00
9.998755510557150172e-01 -1.462288463696509618e-02 5.920047033886615198e-03 1.390561818518613677e+02 1.458943965946134583e-02 9.998775673502111605e-01 5.653447242322017299e-03 1.444937748086533968e+00 -6.001992861388140768e-03 -5.566374238345062238e-03 9.999664815940739748e-01 2.381582685855595738e+00
9.998768703538983837e-01 -1.435367040020050014e-02 6.338334947528122959e-03 1.403298885745495852e+02 1.431816478281864799e-02 9.998817531240445922e-01 5.610657114503419564e-03 1.472734901857830847e+00 -6.418120636086326221e-03 -5.519213598474174108e-03 9.999641765220569356e-01 2.396951469178377092e+00
9.998737582508281374e-01 -1.366405846420684286e-02 8.110533685163989412e-03 1.416052955221327636e+02 1.361561529471494621e-02 9.998893632498120354e-01 5.997602297840819163e-03 1.501097363824569486e+00 -8.191589453848964475e-03 -5.886415487498797283e-03 9.999490784993597670e-01 2.411481463354567367e+00
9.998673452994426558e-01 -1.299719443307546622e-02 9.816479669867815214e-03 1.428794785757813770e+02 1.291260470075079533e-02 9.998794094990864911e-01 8.632064423344467177e-03 1.532192028725841926e+00 -9.927489649654579543e-03 -8.504164081588922938e-03 9.999145452014709390e-01 2.425171206836576498e+00
9.998823109293797362e-01 -1.241630799452045353e-02 9.015939884568051343e-03 1.441520859386353379e+02 1.233794058841223076e-02 9.998860524073024392e-01 8.696361455341783050e-03 1.559822035381094985e+00 -9.122891147652177971e-03 -8.584100755366346619e-03 9.999215366633179558e-01 2.437427234284133881e+00
9.999076663860297920e-01 -1.198931686300997064e-02 6.402751250700596496e-03 1.454228568253502374e+02 1.193163311868870695e-02 9.998885957217510390e-01 8.972616882076638392e-03 1.586872278450533358e+00 -6.509615029169490454e-03 -8.895393610707725413e-03 9.999392378922190572e-01 2.449513605225737134e+00
9.999238458565463672e-01 -1.155469287122885824e-02 4.331505054778366122e-03 1.466924789376679144e+02 1.151485727026213372e-02 9.998922198340323142e-01 9.109833216566502051e-03 1.614063125531351117e+00 -4.436299838589701471e-03 -9.059264629176836531e-03 9.999491343094212281e-01 2.465433865467077990e+00
9.999364183457982724e-01 -1.127837984822056480e-02 2.302457228804898309e-04 1.479591779024289053e+02 1.127624299813802591e-02 9.999060835839718164e-01 7.788901920685740304e-03 1.638292991528989662e+00 -3.180708020384965390e-04 -7.785810183292794784e-03 9.999695980702297815e-01 2.485244203964220411e+00
9.999369319783197874e-01 -1.075184518827655526e-02 -3.259637177313618774e-03 1.492247215962522660e+02 1.077714167799153321e-02 9.999111756132185169e-01 7.844198519193568489e-03 1.664192391738931409e+00 3.175008526095347838e-03 -7.878833890732619624e-03 9.999638924084617297e-01 2.506906164395751979e+00
9.999344862056976924e-01 -1.057516498021294181e-02 -4.378430032736068192e-03 1.504899602528547575e+02 1.060818961888133037e-02 9.999149299331417939e-01 7.589036010868868698e-03 1.689164822884593020e+00 4.297802196965170608e-03 -7.634987532865744782e-03 9.999615838611605190e-01 2.534188634339141988e+00
9.999351143323891300e-01 -1.066914484325037424e-02 -3.989979736342637306e-03 1.517537261640313488e+02 1.069854114110144715e-02 9.999153045200306344e-01 7.418695508299735959e-03 1.712847088685959696e+00 3.910491076267527330e-03 -7.460902620602666638e-03 9.999644811475800754e-01 2.565168421295427770e+00
9.999368012300263731e-01 -1.063631060565453298e-02 -3.651664581386816506e-03 1.530222627228242231e+02 1.066549510437322067e-02 9.999106028153414982e-01 8.067741368322849452e-03 1.739442060552434555e+00 3.565526987111077191e-03 -8.106178307892675239e-03 9.999607959546318314e-01 2.593378768636421583e+00
9.999377323412446117e-01 -1.088882459667769517e-02 -2.447191346808778780e-03 1.542857645007507301e+02 1.091018471837361045e-02 9.999009476291872422e-01 8.890707766958718186e-03 1.765572463722290042e+00 2.350139048277832474e-03 -8.916853694639939945e-03 9.999574200295681115e-01 2.621127148491260606e+00
9.999361448860195623e-01 -1.114612001215288181e-02 -1.887775453064929930e-03 1.555506984123859695e+02 1.116333033161866911e-02 9.998938183420431614e-01 9.365164324504725649e-03 1.793714805834226045e+00 1.783189558241817700e-03 -9.385641253199827547e-03 9.999543367719371245e-01 2.646165503941108721e+00
9.999294057697833971e-01 -1.168565460853943777e-02 -2.145599643900244526e-03 1.568141808264282702e+02 1.170580352675048598e-02 9.998851387954982295e-01 9.630122559001601593e-03 1.820190296108453731e+00 2.032818623392682131e-03 -9.654560433331349500e-03 9.999512554347183002e-01 2.670496683704091101e+00
9.999220905539907278e-01 -1.232611540925401469e-02 -1.978058885467869586e-03 1.580749861067860422e+02 1.234520503809539115e-02 9.998743312015174745e-01 9.950608057398281983e-03 1.847765925699217826e+00 1.855157487308216422e-03 -9.974255084099024199e-03 9.999484782444917341e-01 2.694532206262961971e+00
