9.999999999999998890e-01 2.680133637895683627e-22 9.467889521019811528e-20 -8.673617379884035472e-19 1.132317908027311147e-21 1.000000000000000000e+00 -4.956378993858831401e-19 1.387778780781445676e-17 -7.288425687518648529e-19 4.589744003470270786e-19 1.000000000000000000e+00 0.000000000000000000e+00
9.999977754100342064e-01 8.931892653067386714e-04 1.908933479505396788e-03 6.863508999050529739e-03 -8.918117141679642989e-04 9.999993438854380967e-01 -7.224096807637535572e-04 -2.215321267067887900e-02 -1.909577557799608779e-03 7.207056507260619889e-04 9.999979207045275320e-01 1.194733802953992452e+00
9.999939896479574930e-01 1.058789158920314059e-03 3.302088103496850311e-03 1.033872642852229698e-02 -1.058648061803492369e-03 9.999994379122744137e-01 -4.450060106684775366e-05 -3.539703192091445128e-02 -3.302133693948142937e-03 4.100460032616162076e-05 9.999945424397681526e-01 2.401896360413484199e+00
9.999898224130746582e-01 6.928733695471142552e-04 4.457627118095633563e-03 2.161753985458204214e-02 -6.950031971297733610e-04 9.999996469695446866e-01 4.762495475131329624e-04 -5.542202934463068276e-02 -4.457295876898353416e-03 -4.793427508824340362e-04 9.999899506173804964e-01 3.600343135672387618e+00
9.999860213013339605e-01 4.826191578574460226e-04 5.264703191635299560e-03 3.360167047430259735e-02 -4.845158710855191784e-04 9.999998157617137062e-01 3.589926060061383721e-04 -7.742934165925424717e-02 -5.264529415517946002e-03 -3.615384133845536458e-04 9.999860729369522971e-01 4.797302662222636904e+00
9.999804102175324783e-01 4.218566875971735018e-04 6.244672094055172228e-03 4.374871782770573675e-02 -4.222843547651873716e-04 9.999999060313710109e-01 6.715977059775636679e-05 -9.361417272037496351e-02 -6.244643607692896246e-03 -6.979551139990792684e-05 9.999805037510967054e-01 5.991016373418115215e+00
9.999747295416817616e-01 8.776760273767044503e-05 7.108747444698954206e-03 5.112719832480457777e-02 -8.409131359758860317e-05 9.999998616014248443e-01 -5.174484388981788648e-04 -1.184715893503727746e-01 -7.108792453061849384e-03 5.168375606122033866e-04 9.999745988568934374e-01 7.191350547256690540e+00
9.999686877872686619e-01 4.271728842963205992e-04 7.902196427028048559e-03 6.577103434984478414e-02 -4.218808418080300412e-04 9.999996878609900275e-01 -6.713526842409719931e-04 -1.382487294821135304e-01 -7.902481462530700634e-03 6.679978656537181219e-04 9.999685543517412567e-01 8.386166115826203082e+00
9.999656310495886880e-01 2.482885698795815588e-04 8.287069911850106912e-03 8.295811303355102306e-02 -2.523960985868949417e-04 9.999998447463419593e-01 4.946099820460055172e-04 -1.583823310987910737e-01 -8.286946447922561784e-03 -4.966846262076541479e-04 9.999655442040693565e-01 9.594836130089005266e+00
9.999745053463867661e-01 -6.273385542970469179e-04 7.112971102625703992e-03 9.012305613005371085e-02 6.191851665374474220e-04 9.999991499181045684e-01 1.148423528390364644e-03 -1.765687659908285467e-01 -7.113686077568071031e-03 -1.143989949135841956e-03 9.999740447355085493e-01 1.079702841357160104e+01
9.999854169394046810e-01 -2.013163728715017253e-03 5.010854531322745699e-03 1.034569144705544813e-01 2.008488687701828323e-03 9.999975472058564296e-01 9.378908262014023578e-04 -1.959946419307685983e-01 -5.012730729611739912e-03 -9.278128769375946702e-04 9.999870058547388751e-01 1.199037642603425624e+01
9.999942034654908385e-01 -1.666671092976421261e-03 2.969212707167794094e-03 1.100070855357402899e-01 1.665010660500705316e-03 9.999984588164760879e-01 5.616318597929554094e-04 -2.165484491900450392e-01 -2.970144332294695315e-03 -5.566848346669498121e-04 9.999954377180330090e-01 1.318050435132861153e+01
9.999972213462011705e-01 -1.753673481975454203e-03 1.572848191948038148e-03 9.930267660153091480e-02 1.752570439399260202e-03 9.999982137494310974e-01 7.024995091259009271e-04 -2.394056563772041513e-01 -1.574077414582089477e-03 -6.997410305639829116e-04 9.999985149043677524e-01 1.437941659422780738e+01
9.999998699152971016e-01 -3.127366813368141388e-05 5.024449142171893675e-04 9.378829851137276963e-02 3.104510563076036937e-05 9.999998999595159921e-01 4.549081549030416899e-04 -2.586086517230924975e-01 -5.024590864398078074e-04 -4.548924660934090748e-04 9.999997701251869264e-01 1.557094754014663351e+01
9.999997488112521982e-01 -4.457543143396376271e-04 5.469048807914829013e-04 9.205059609698065803e-02 4.455453438199195198e-04 9.999998294452382419e-01 3.822388872532570523e-04 -2.787684162905846863e-01 -5.470751264180662848e-04 -3.819951208863617297e-04 9.999997817435097858e-01 1.676955405707240843e+01
9.999992532607049345e-01 -1.137209879421683398e-03 4.566679343015828878e-04 9.501332896458210275e-02 1.136824327576900972e-03 9.999989988152985232e-01 8.439235383198827063e-04 -2.984891960368913355e-01 -4.576273188697688610e-04 -8.434037285090290915e-04 9.999995379239964288e-01 1.796330842363228086e+01
9.999988704779447790e-01 -1.418763354532849878e-03 -4.889656418149842480e-04 9.348264483383214585e-02 1.419227423329474675e-03 9.999985415702954406e-01 9.498430716500980923e-04 -3.179724714307332611e-01 4.876173964906588038e-04 -9.505359332472012712e-04 9.999994279517597784e-01 1.916357022656867315e+01
9.999989088165222029e-01 -1.257008859185110858e-03 -7.777376176070250084e-04 9.126367531814630341e-02 1.257109281626636686e-03 9.999992022046250151e-01 1.285777148245851296e-04 -3.411567058234922789e-01 7.775754132627222962e-04 -1.295552687738369833e-04 9.999996889788527188e-01 2.035785172824782663e+01
9.999983058406889391e-01 -9.936764254804225736e-04 -1.548450295648185230e-03 9.258415829728081081e-02 9.923902519872363111e-04 9.999991634383512684e-01 -8.312320790314870833e-04 -3.614797797444366245e-01 1.549275033780402218e-03 8.296940153957527760e-04 9.999984507209600526e-01 2.154909803845533034e+01
9.999973301872153719e-01 -4.451486810034614413e-04 -2.269071152188963363e-03 8.214947361454830177e-02 4.450132408528811130e-04 9.999999022865082576e-01 -6.021292859744772745e-05 -3.817456980457933913e-01 2.269097966108381097e-03 5.920299729735430491e-05 9.999974275262764056e-01 2.275376969798665172e+01
9.999967416468832360e-01 -7.116402749567826399e-04 -2.451287700087774989e-03 7.915869316581707060e-02 7.108438676184534923e-04 9.999996939250063166e-01 -3.257736091648423342e-04 -4.022980861065278968e-01 2.451519084039941333e-03 3.240300526998835732e-04 9.999969444281102682e-01 2.394670949148618178e+01
9.999938742683208703e-01 -5.802419690809790948e-04 -3.453114389523472254e-03 6.163978300646780900e-02 5.767537158301398997e-04 9.999993244434604023e-01 -1.011102645210201940e-03 -4.255717614447417363e-01 3.453699069206003086e-03 1.009104906701369835e-03 9.999935312882185512e-01 2.514106221276789555e+01
9.999949796590995588e-01 1.214607977376505339e-04 -3.165252130045444375e-03 4.670431006462702483e-02 -1.229691857961866578e-04 9.999998791137232335e-01 -4.763502147624487692e-04 -4.543101479044258095e-01 3.165194283845497534e-03 4.767370297999159253e-04 9.999948812271772791e-01 2.635200360636655148e+01
9.999896539972398246e-01 -1.429281277056618010e-03 -4.319373903293052819e-03 4.527871613860515870e-02 1.436026987851594765e-03 9.999977541692297578e-01 1.559017949108341614e-03 -4.669789906798189061e-01 4.317136162559569168e-03 -1.565204528956119301e-03 9.999894518335304960e-01 2.754167904871287931e+01
9.999853613633621352e-01 -2.184243010076718748e-03 -4.950662984867106910e-03 4.387994026317015156e-02 2.193321547482124552e-03 9.999959247125180806e-01 1.829073629416119121e-03 -4.912983411741823625e-01 4.946648000237202289e-03 -1.839905196127394459e-03 9.999860739241199781e-01 2.873155821189022774e+01
9.999835094356385179e-01 -2.382900977882417698e-03 -5.225700932430324581e-03 3.454475981792341083e-02 2.386111204722581990e-03 9.999969682346256938e-01 6.081233319014090442e-04 -5.109833088811731594e-01 5.224236464185859179e-03 -6.205824003081497489e-04 9.999861623297356950e-01 2.994757700358370656e+01
9.999719312346443401e-01 -3.109052613773157468e-03 -6.816413794416828660e-03 3.137011365123274637e-02 3.108596822371877122e-03 9.999951678703408176e-01 -7.749929305533436461e-05 -5.289877228778402385e-01 6.816622362662844679e-03 5.630766570687489392e-05 9.999767608950147491e-01 3.113330232274984866e+01
9.999726677730264024e-01 -2.544324010858900302e-03 -6.941443981071591419e-03 2.904572021772063029e-02 2.541291210586037099e-03 9.999966698346214322e-01 -4.457233179075900924e-04 -5.488377206476048320e-01 6.942555655257772948e-03 4.280708718237353420e-04 9.999758123923522257e-01 3.234051351074228364e+01
9.999633016868244573e-01 -3.220665846497350240e-03 -7.938815184433857183e-03 1.956088149708141294e-02 3.223447767551041766e-03 9.999947478862982742e-01 3.376190240013703298e-04 -5.672282036714876297e-01 7.937686768494421966e-03 -3.631969785351675918e-04 9.999684304268773305e-01 3.353411838914566800e+01
9.999566658259972929e-01 -3.504872550998876755e-03 -8.624466497430788303e-03 1.210786715604258643e-02 3.509654953464417734e-03 9.999936984879934654e-01 5.394087851071723179e-04 -5.856305002836578177e-01 8.622522379659195227e-03 -5.696543017324911563e-04 9.999626656860091112e-01 3.473829171425558116e+01
9.999539266175521135e-01 -4.591709049067581837e-03 -8.429282201590520066e-03 3.623148995207577452e-03 4.595029264724284634e-03 9.999893775195719536e-01 3.745088118749169176e-04 -6.088854666458451970e-01 8.427473828295119554e-03 -4.132243434781348364e-04 9.999644058628760490e-01 3.593528443528472849e+01
9.999474323328974013e-01 -4.041907115508456931e-03 -9.423465370198728236e-03 -6.203352392615261134e-03 4.044279479906326934e-03 9.999917961615754081e-01 2.326753655056121360e-04 -6.276650949347746256e-01 9.422448301138676430e-03 -2.707742509342361652e-04 9.999555715055269411e-01 3.713533976001433956e+01
9.999445037832839223e-01 -5.170343564855555546e-03 -9.179368448343534423e-03 -1.109236958760699207e-02 5.179224503798636123e-03 9.999861374693843619e-01 9.439284062387243201e-04 -6.502038714173311584e-01 9.174361390207807707e-03 -9.914180187841140079e-04 9.999574187473315723e-01 3.833910047516281594e+01
9.999430560662273537e-01 -4.784740448898833903e-03 -9.539368547457835468e-03 -2.704243270086696335e-02 4.805284481188582847e-03 9.999861838042952700e-01 2.131800657198651937e-03 -6.685507844020089907e-01 9.529037395666444671e-03 -2.177518679429217129e-03 9.999522301294773152e-01 3.953122522901468727e+01
9.999462837236291479e-01 -4.505483334248364460e-03 -9.333906057184830976e-03 -4.000689496846045884e-02 4.533328640806422345e-03 9.999853359546637677e-01 2.964188763698349764e-03 -6.875366047249279466e-01 9.320414791316167930e-03 -3.006343158674646635e-03 9.999520403217070363e-01 4.073683684477509104e+01
9.999555272468194644e-01 -3.802101717605174507e-03 -8.630257542001728774e-03 -4.800421687670396176e-02 3.825144438822825239e-03 9.999891549297090787e-01 2.655015096025038768e-03 -7.059794826470103812e-01 8.620070233931985404e-03 -2.687909024423728709e-03 9.999592378234714030e-01 4.194096679188085375e+01
9.999584617313088675e-01 -2.772917716509785274e-03 -8.682764986575440200e-03 -5.911507409387663226e-02 2.793921599493157798e-03 9.999931951984013523e-01 2.407798116290640802e-03 -7.249417924777328270e-01 8.676029912717412099e-03 -2.431957005494707769e-03 9.999594030702896319e-01 4.313524491312302445e+01
9.999690704731426516e-01 4.013393291057637058e-04 -7.854817596477228769e-03 -6.391923672591792727e-02 -3.681411670290420709e-04 9.999909942053919476e-01 4.227465247666147702e-03 -7.375001651648500633e-01 7.856444138528090662e-03 -4.224442762624419472e-03 9.999602153214652844e-01 4.432997253219882339e+01
9.999784679265439902e-01 3.919952053597124337e-04 -6.549950475100746634e-03 -7.558319049909877074e-02 -3.448678318906443188e-04 9.999740558933688517e-01 7.194659899592600882e-03 -7.535114569737465517e-01 6.552601367906070104e-03 -7.192246007047404556e-03 9.999526661800871574e-01 4.554046734652859385e+01
9.999888350620993460e-01 8.148378577998080779e-04 -4.654821685621804948e-03 -8.117823354626996224e-02 -7.691229127889503405e-04 9.999515429254413057e-01 9.814366118006775941e-03 -7.615048282967331605e-01 4.662593534337170463e-03 -9.810676281851124850e-03 9.999410020124593901e-01 4.674106178617156360e+01
9.999965285057014208e-01 7.315585137928474514e-04 -2.529561255297593011e-03 -7.850792442392975912e-02 -6.984289065166513107e-04 9.999142967959600004e-01 1.307317880290543959e-02 -7.676276043810547067e-01 2.538908563078821727e-03 -1.307136693363531409e-02 9.999113446983386444e-01 4.794575552965874010e+01
9.999986127267059821e-01 1.906725844348189196e-04 -1.655187880354119919e-03 -8.030572653868252309e-02 -1.663480029268993917e-04 9.998921699787877149e-01 1.468369548118795241e-02 -7.728016371482866465e-01 1.657809368238086613e-03 -1.468340003561782216e-02 9.998908172945062400e-01 4.913937684157132679e+01
9.999995234139450462e-01 -9.760655759903707693e-04 -8.934272456428388296e-05 -7.632328520800128746e-02 9.771627184403351707e-04 9.999119202125837935e-01 1.323604036395628798e-02 -7.755608994152738411e-01 7.641557444207072649e-05 -1.323612113119048903e-02 9.999123963734709575e-01 5.034997897716583282e+01
9.999984080539491282e-01 -4.585490328642856644e-04 1.726593676639951325e-03 -7.439036796172746047e-02 4.388156966264002341e-04 9.999347877479373148e-01 1.141216763486777551e-02 -7.873456506110450004e-01 -1.731714368385126957e-03 -1.141139146291580454e-02 9.999333841981133952e-01 5.155453120838180325e+01
9.999981003596967177e-01 -5.575776988594843120e-05 1.946683761435937356e-03 -7.389877748623767395e-02 3.455746410425404564e-05 9.999407192648821496e-01 1.088880987159270876e-02 -7.788621337267963574e-01 -1.947175640918755992e-03 -1.088872214361506947e-02 9.999388203754209226e-01 5.275197405007128282e+01
9.999960870166427762e-01 -5.072803807573883278e-04 2.751235187564137711e-03 -6.254885094822389136e-02 4.778117429341704244e-04 9.999426261967180318e-01 1.070117701650729128e-02 -7.951281519334861825e-01 -2.756506118503038259e-03 -1.069982020494957692e-02 9.999389567866394657e-01 5.396453686500557012e+01
9.999984533424451927e-01 -8.982212554256213460e-04 1.513849160485556756e-03 -6.280284208323089201e-02 8.838029843604747974e-04 9.999544965816556941e-01 9.498211110480546046e-03 -8.062174901174588015e-01 -1.522311963545283208e-03 -9.496858357171681503e-03 9.999537400758989891e-01 5.517193211485199100e+01
9.999997666392558271e-01 -6.786494034144250481e-04 -4.885880245934034230e-05 -6.116863337602509998e-02 6.790853555056215306e-04 9.999541200831557619e-01 9.555311232873347702e-03 -8.054535527072133050e-01 4.237184971160463774e-05 -9.555342114442522822e-03 9.999543432775882534e-01 5.637487956438013015e+01
9.999990379973833221e-01 -9.663745226021289852e-04 -9.963854220987936570e-04 -5.492294198016573620e-02 9.771812881059491803e-04 9.999400824558314360e-01 1.090304573049682979e-02 -8.171525976862852314e-01 9.857893021446367202e-04 -1.090400853356567751e-02 9.999400595467854425e-01 5.758209288135050485e+01
9.999967385875553338e-01 -6.594621246592170674e-04 -2.466136943540531579e-03 -5.791885966327132290e-02 6.872401049001895411e-04 9.999361444803431809e-01 1.127990432331843484e-02 -8.230404835953903930e-01 2.458541005866064430e-03 -1.128156282244382677e-02 9.999333369321014020e-01 5.879011805963588699e+01
9.999968492680726406e-01 3.637520751512958407e-04 -2.482396528367451349e-03 -5.371756012745747266e-02 -3.361009849530738379e-04 9.999379987777785583e-01 1.113022577785385651e-02 -8.301782135982207489e-01 2.486291449713083461e-03 -1.112935619529241763e-02 9.999349719541488213e-01 5.999528106807048289e+01
9.999922534787604178e-01 5.673317207625012439e-04 -3.896252060625403791e-03 -6.156660536097943726e-02 -5.243477630392266243e-04 9.999390963614653849e-01 1.102431786094509696e-02 -8.411382702348226825e-01 3.902269476751778991e-03 -1.102218999335756802e-02 9.999316401597740933e-01 6.120167930299734138e+01
9.999918264993920003e-01 -1.836093021029611063e-04 -4.038893209649072405e-03 -6.285111927190051295e-02 2.238487063312560323e-04 9.999503229459578701e-01 9.964777821532107283e-03 -8.474943657157446575e-01 4.036863288789517383e-03 -9.965600320137693938e-03 9.999421905546497236e-01 6.241291662351021330e+01
9.999924529875701129e-01 -1.446689434106333480e-03 -3.605882929668465832e-03 -6.015652145502706216e-02 1.480891399557934720e-03 9.999537727995002623e-01 9.500456453923720665e-03 -8.638740709740837520e-01 3.591972276404085083e-03 -9.505724590444518049e-03 9.999483642129295413e-01 6.361753057902320307e+01
9.999898837585839972e-01 -8.982447852155087988e-04 -4.407138420215906023e-03 -6.099324822259297868e-02 9.437876456859371939e-04 9.999460703773275227e-01 1.034268864807460706e-02 -8.743639542359804562e-01 4.397610937285063512e-03 -1.034674299311094670e-02 9.999368058640886181e-01 6.481626124878357587e+01
9.999887870957743230e-01 -2.042335034834113182e-03 -4.272697141285641820e-03 -5.376307203609972940e-02 2.093408467948371186e-03 9.999260112333092643e-01 1.198327984075795404e-02 -8.751312789349228183e-01 4.247907505476709519e-03 -1.199208982695737676e-02 9.999190716709164262e-01 6.601812185163097979e+01
9.999869832710438500e-01 -1.248817029825109119e-03 -4.946264236039274627e-03 -6.587120006361159297e-02 1.302459350694176992e-03 9.999402156645567086e-01 1.085665706540839444e-02 -8.890002286560245714e-01 4.932411031475038114e-03 -1.086295788189558381e-02 9.999288310643992261e-01 6.721641567349378477e+01
9.999867556487925802e-01 1.173874628846551969e-03 -5.011745517141756243e-03 -7.457234486793393180e-02 -1.127028494751891987e-03 9.999557482659695573e-01 9.339909914339375452e-03 -9.019000123117575374e-01 5.022488044768023789e-03 -9.334137704923169479e-03 9.999438260852377969e-01 6.841314170774406023e+01
9.999854922746714836e-01 2.851056045080382385e-03 -4.569517702078758348e-03 -7.718824606403075494e-02 -2.806787450537094435e-03 9.999493519499754735e-01 9.665186584403186523e-03 -9.048833258879550590e-01 4.596842625742912636e-03 -9.652220563289459765e-03 9.999428457753529731e-01 6.961396364916944890e+01
9.999780700527446387e-01 4.219675970201270006e-03 -5.103684176730555362e-03 -8.637212223121000509e-02 -4.167485355549875418e-03 9.999393529167868166e-01 1.019391437385405719e-02 -9.153268058112721262e-01 5.146390159081397180e-03 -1.017242125285958664e-02 9.999350170304687202e-01 7.080280254205540302e+01
9.999722862645817889e-01 6.067978068409301574e-03 -4.312825611584728339e-03 -8.646347190645659042e-02 -6.023356516728179018e-03 9.999289618994635642e-01 1.028514581996660578e-02 -9.205174454690471242e-01 4.374929682508929205e-03 -1.025888356552679195e-02 9.999378018359543763e-01 7.199327368810740779e+01
9.999705373959318910e-01 6.766027997099193989e-03 -3.626127670658525065e-03 -9.336241282718032997e-02 -6.724509691950339083e-03 9.999130652664546259e-01 1.134238155669744542e-02 -9.366203840493917410e-01 3.702555568096656691e-03 -1.131766381923842921e-02 9.999290973376134817e-01 7.318041250622832194e+01
9.999637764010258500e-01 8.265308923897372526e-03 -2.030613390200402494e-03 -9.348588776541272294e-02 -8.240361896407149764e-03 9.998940217826158827e-01 1.200151804268329882e-02 -9.368054091648165826e-01 2.129594706667279225e-03 -1.198435043552572958e-02 9.999259218163583096e-01 7.436816823836174706e+01
9.999765088186605144e-01 6.706084539405357363e-03 1.414518276569857536e-03 -8.676334428004359167e-02 -6.720321478889000090e-03 9.999242504185839042e-01 1.031193001882035887e-02 -9.458284085790789053e-01 -1.345258510587487438e-03 -1.032119375288965621e-02 9.999458307627555609e-01 7.554398950118641665e+01
9.999849934713624933e-01 4.238426975740733869e-03 3.472104583279232368e-03 -7.850364269015758234e-02 -4.257254269896137804e-03 9.999761826480620952e-01 5.433012373200206066e-03 -9.725727772026676599e-01 -3.448994758420512088e-03 -5.447712333254722816e-03 9.999792138805754238e-01 7.671778208942951949e+01
9.999655958381536980e-01 5.510180982164617804e-03 6.200743146696405771e-03 -6.720091283512331926e-02 -5.536499485002687598e-03 9.999757064274885643e-01 4.235199547477071745e-03 -9.778471058919925296e-01 -6.177256337366181758e-03 -4.269384208907859961e-03 9.999718077343576761e-01 7.790026922541746046e+01
9.999513621806745967e-01 4.807394973855765551e-03 8.611929501185762101e-03 -5.690831131225455169e-02 -4.875185178029141538e-03 9.999571621863937443e-01 7.867987560606555866e-03 -9.881868807634852647e-01 -8.573736789710593997e-03 -7.909589476263152036e-03 9.999319656329317407e-01 7.908304960411970796e+01
9.999221827682954755e-01 3.868703332930246118e-03 1.186038059068309294e-02 -4.143294850710235733e-02 -3.978828829140360762e-03 9.999490622500866177e-01 9.275626065641981791e-03 -1.001713547966905260e+00 -1.182389294245255427e-02 -9.322094572963382855e-03 9.998866449816180557e-01 8.025681440122983190e+01
9.998496450821859893e-01 5.532114496539224970e-03 1.643444483519639066e-02 -2.015730682437833626e-02 -5.657034781077443196e-03 9.999553844526024582e-01 7.564354919999543257e-03 -1.009892086800967981e+00 -1.639186633729567549e-02 -7.656187596852862334e-03 9.998363304652116978e-01 8.143227767018827024e+01
9.997973670376874011e-01 4.181942696955561964e-03 1.969085684272426501e-02 6.091332775778678793e-03 -4.276616574052176031e-03 9.999794862022588493e-01 4.768339956718881112e-03 -1.027115469288512717e+00 -1.967051385856602788e-02 -4.851583843348122697e-03 9.997947467600536431e-01 8.259302460376947863e+01
9.997182763949213902e-01 3.727848066063776163e-03 2.344098790521223843e-02 3.845987446733411391e-02 -3.759387366237882354e-03 9.999920884407763610e-01 1.301535529194418036e-03 -1.048551618261009288e+00 -2.343595263068279019e-02 -1.389292581768785577e-03 9.997243751643021259e-01 8.375799842581446342e+01
9.996470883482911907e-01 2.768180146487599688e-03 2.642053434735511241e-02 7.113091283955724764e-02 -2.779153048105407597e-03 9.999960667518100754e-01 3.785975128736380839e-04 -1.065855871779155972e+00 -2.641938508916862396e-02 -4.518906072264390920e-04 9.996508448998986385e-01 8.491551284764570084e+01
9.995442423330646031e-01 2.167266221181707222e-03 3.010985119634558907e-02 1.150947253503283169e-01 -2.225653414711809778e-03 9.999957099392403626e-01 1.905753270763647228e-03 -1.083694915702542394e+00 -3.010559449233808291e-02 -1.971898734158066078e-03 9.995447777276951218e-01 8.606883385857940993e+01
9.994118882336037180e-01 3.386623494190645935e-03 3.412352101816999717e-02 1.551186214040126687e-01 -3.477945362810121871e-03 9.999905247186231527e-01 2.617202453030987187e-03 -1.102765791411475682e+00 -3.411433751052030811e-02 -2.734342892631145064e-03 9.994141970477730119e-01 8.724434394873992460e+01
9.992954508091228538e-01 2.960955130128639125e-03 3.741442042075716207e-02 2.041535004107151441e-01 -2.979376343981725208e-03 9.999954637424890436e-01 4.366011346639034579e-04 -1.122190368791282200e+00 -3.741296117076507721e-02 -5.477651561023380578e-04 9.992997354483882377e-01 8.838993979263993594e+01
9.991373609747070672e-01 2.960774258411854199e-03 4.142180537351076303e-02 2.561501215174355472e-01 -2.888537027851989427e-03 9.999941995450116750e-01 -1.803690738532120813e-03 -1.139177868696189755e+00 -4.142690857634904328e-02 1.682486390748175317e-03 9.991401194802812524e-01 8.954194854454766528e+01
9.990116577359399175e-01 3.329307729136027696e-03 4.432407945779289621e-02 3.118463299830487867e-01 -3.236704404204490595e-03 9.999924257154387819e-01 -2.160844954725551527e-03 -1.161194186856253197e+00 -4.433094140704239156e-02 2.015245257448374395e-03 9.990148665486212609e-01 9.068396928819531411e+01
9.988788687804517341e-01 1.687447592624386969e-03 4.730910859703733179e-02 3.664813175912271515e-01 -1.648953100948720397e-03 9.999982747631983582e-01 -8.526982883533847221e-04 -1.181552119778418231e+00 -4.731047013785185523e-02 7.737317719917195151e-04 9.988799364563498706e-01 9.183086165160658254e+01
9.987367445114728737e-01 9.747562799318948467e-04 5.023914490046254427e-02 4.284805040952062161e-01 -9.999721235857883181e-04 9.999993876961167372e-01 4.767828011792810974e-04 -1.200010900537056946e+00 -5.023865369833356576e-02 -5.264182578102432741e-04 9.987371077924103169e-01 9.299524372488663460e+01
9.986222099877043457e-01 2.384715654564858350e-04 5.247506682556787871e-02 4.923128219533320915e-01 -3.589618430024863740e-04 9.999973192484669093e-01 2.286730196286267461e-03 -1.217879818677327197e+00 -5.247438602026014559e-02 -2.302416090727341710e-03 9.986196207638287081e-01 9.414994377437871265e+01
9.984499791561506354e-01 -1.358566425345660456e-03 5.563991016721674121e-02 5.623994903824937053e-01 1.180662650108519826e-03 9.999940838207600491e-01 3.230161486015990530e-03 -1.231925787583419751e+00 -5.564397457242926254e-02 -3.159462686225333536e-03 9.984456770230891731e-01 9.529917796155149290e+01
9.983465531040687235e-01 -2.223534917532184012e-03 5.743885985128820842e-02 6.315677619117140429e-01 2.148762060234610076e-03 9.999967630314069433e-01 1.363516381803872753e-03 -1.255270012035435201e+00 -5.744170980944028615e-02 -1.237839394720962856e-03 9.983480938645241665e-01 9.645825639330578838e+01
9.982176494479051421e-01 -3.893018863762392600e-03 5.955147351027265112e-02 7.073838973506322292e-01 4.033017401866540765e-03 9.999893799858932120e-01 -2.230863509535982881e-03 -1.274336737047179424e+00 -5.954216066817480391e-02 2.467059499951570339e-03 9.982227405662016384e-01 9.761987042616219412e+01
9.980628368143193985e-01 -2.868452079081120192e-03 6.214771413904191660e-02 7.764253399437756054e-01 3.188821353183814329e-03 9.999821333165664905e-01 -5.056387746504669573e-03 -1.290539581696384275e+00 -6.213210509091854350e-02 5.244770631910016662e-03 9.980541498691140045e-01 9.877673711626532338e+01
9.979874741443732766e-01 -2.682084917244335117e-03 6.335456509790607371e-02 8.578785565425520732e-01 3.089139866071548973e-03 9.999752081502498724e-01 -6.327943891156153147e-03 -1.312736784698817383e+00 -6.333602829439335946e-02 6.510919878018142995e-03 9.979710177053767728e-01 9.994380377024143058e+01
9.979172526545071475e-01 -2.663235033926141318e-03 6.445195104581595558e-02 9.344214788942316607e-01 3.041895715387123427e-03 9.999786854099477207e-01 -5.777663269196090488e-03 -1.333813464053798414e+00 -6.443519539628835002e-02 5.961685963608121669e-03 9.979040819355449177e-01 1.011093340146764490e+02
9.979888010221913408e-01 -2.431079499905841601e-03 6.334379088514426048e-02 1.010362386885251373e+00 2.682259861286351906e-03 9.999888711781630413e-01 -3.880610871854501404e-03 -1.356149647229156541e+00 -6.333365726984133137e-02 4.042710687869190134e-03 9.979842177996455233e-01 1.022915893287277953e+02
9.980783220066828942e-01 -3.152291463667457935e-03 6.188471535341888430e-02 1.091604567355185740e+00 3.312280910222916482e-03 9.999914323956524687e-01 -2.482858714772845192e-03 -1.382883884459481072e+00 -6.187636357159548989e-02 2.683066944994858850e-03 9.980802155976645773e-01 1.034743362049424462e+02
9.981649006415108660e-01 -2.808259036747131829e-03 6.048929127087025043e-02 1.165792182809883837e+00 2.913946089511662129e-03 9.999943814201993630e-01 -1.659056236242314672e-03 -1.397204879476152906e+00 -6.048429712646558737e-02 1.832274238782110676e-03 9.981674679382898097e-01 1.046533063931276359e+02
9.983457186187747467e-01 -2.918561550571197646e-03 5.742213291732489733e-02 1.240335147745422306e+00 2.977348675717841377e-03 9.999951278580269109e-01 -9.382399730616281268e-04 -1.419744173658711972e+00 -5.741911959155435868e-02 1.107653603518075685e-03 9.983495435231983794e-01 1.058626053148438046e+02
9.984863839416140419e-01 -2.077521750616471031e-03 5.496025260981834970e-02 1.307040070341503935e+00 2.138907806153379949e-03 9.999971477884572746e-01 -1.058113985344841810e-03 -1.435587858968651265e+00 -5.495790257734064349e-02 1.174067285026142221e-03 9.984879782699286332e-01 1.070517567493808997e+02
9.987163134246801466e-01 -5.453171498645136180e-04 5.065006593754625003e-02 1.371271704562612825e+00 6.296607119109344855e-04 9.999984415741268728e-01 -1.649278248213004519e-03 -1.455614401750891629e+00 -5.064909152904870787e-02 1.679053399961271797e-03 9.987150950011932649e-01 1.082648487757883515e+02
9.989065327029965635e-01 -5.191541402311905615e-04 4.674904976179077715e-02 1.430069911436667951e+00 5.836450352901476893e-04 9.999988990747484818e-01 -1.365871534122967699e-03 -1.475324302655966369e+00 -4.674829279443339786e-02 1.391662837016522172e-03 9.989057282222546519e-01 1.094757747517201807e+02
9.990608993254405101e-01 9.104626658871737817e-05 4.332784893854742941e-02 1.483550338500413845e+00 -7.889356347644493851e-05 9.999999533981513977e-01 -2.821920636955064002e-04 -1.492293864525146008e+00 -4.332787723210776432e-02 2.785087576915375065e-04 9.990608672764080822e-01 1.106700676043374187e+02
9.992632922070969759e-01 1.152679585817604021e-04 3.837788313591775774e-02 1.534127479784143100e+00 -1.483942649511029571e-04 9.999996142994923565e-01 8.603140764249681775e-04 -1.511926419704149538e+00 -3.837777277228165973e-02 -8.653753243199957057e-04 9.992629234934107263e-01 1.118978560966934452e+02
9.993962444939122891e-01 2.580136702718635903e-04 3.474312469706575951e-02 1.585607610146166691e+00 -3.031576111700982250e-04 9.999991138873604024e-01 1.294101186488116808e-03 -1.529123300072210645e+00 -3.474276295367546841e-02 -1.303852592577965956e-03 9.993954416187272871e-01 1.130989568801798271e+02
9.995717200026057458e-01 7.046005314288629343e-04 2.925532020011000975e-02 1.623357423646049735e+00 -7.505405268178149108e-04 9.999984989911760991e-01 1.559359135006718657e-03 -1.549411356307274890e+00 -2.925417941505221650e-02 -1.580648596578956410e-03 9.995707510062182832e-01 1.143420038806653594e+02
9.997034655964401884e-01 1.396148730157352382e-03 2.431109118811655700e-02 1.654069115914352572e+00 -1.430783599816179072e-03 9.999979880973667301e-01 1.407310652035137629e-03 -1.565689548195126735e+00 -2.430907933595660014e-02 -1.441677226520460308e-03 9.997034463061932330e-01 1.155600434336932949e+02
9.997960453293245342e-01 2.000057639449939577e-03 2.009659653042878899e-02 1.680793986825274589e+00 -2.020747904232263106e-03 9.999974515938141462e-01 1.009277011648968296e-03 -1.584319717304886410e+00 -2.009452836988012345e-02 -1.049681248898201753e-03 9.997975330768611446e-01 1.167639980007945155e+02
9.998869291945463589e-01 2.961202091603980929e-03 1.474314077087403828e-02 1.699022573082457077e+00 -2.967674075176117941e-03 9.999955089217351656e-01 4.171044107013003439e-04 -1.603636399967682147e+00 -1.474184044865131660e-02 -4.608101023575596309e-04 9.998912318837185342e-01 1.180147923999605837e+02
9.999182391822754035e-01 4.538744617530851913e-03 1.195501406193987155e-02 1.717994547525451665e+00 -4.542324827441739619e-03 9.999896426262480098e-01 2.722976710505014739e-04 -1.622308329977564689e+00 -1.195365566337367250e-02 -3.265789820974329487e-04 9.999284981914765558e-01 1.192175465789919997e+02
9.999356172787199348e-01 6.976043518100380654e-03 8.949845518486780963e-03 1.728189478453150185e+00 -6.977583410818118115e-03 9.999756508448164327e-01 1.407628420418210134e-04 -1.636126165049220482e+00 -8.948646332583931953e-03 -2.032020653867207878e-04 9.999599418764635317e-01 1.204754936302006740e+02
9.999359309778503846e-01 8.062369450541373092e-03 7.946183790120665835e-03 1.743896875548181180e+00 -8.064126638653157722e-03 9.999674644251309585e-01 1.890215140709053019e-04 -1.658699768072231517e+00 -7.944401986512760611e-03 -2.530884615132318735e-04 9.999684145970186844e-01 1.217164306505424207e+02
9.999187521286210245e-01 1.001955784581860971e-02 7.880203776217779843e-03 1.755564567537027942e+00 -1.002230060078084482e-02 9.999497278753902707e-01 3.085911583081425149e-04 -1.679439726930241683e+00 -7.876716292902610772e-03 -3.875438524219783397e-04 9.999688999959889246e-01 1.229300363895723081e+02
9.999154800106108132e-01 1.153903284731346533e-02 5.990485393817759907e-03 1.759219771357972917e+00 -1.154662892165699527e-02 9.999325753036664155e-01 1.234748694503562871e-03 -1.691762963887856852e+00 -5.975834144272291343e-03 -1.303814195357633210e-03 9.999812946857228324e-01 1.241954622678665601e+02
9.999110607260911499e-01 1.196066817928990653e-02 5.900308787255016327e-03 1.778657844488132245e+00 -1.197074118134539532e-02 9.999269484062024427e-01 1.674677974129223316e-03 -1.719006345097700894e+00 -5.879847991737522511e-03 -1.745160061361314408e-03 9.999811908677063155e-01 1.254196649361474556e+02
9.998784056782126228e-01 1.495241035287526825e-02 4.426815699838795165e-03 1.770931327942227185e+00 -1.496790966356772827e-02 9.998818875463613143e-01 3.488875872185373192e-03 -1.732000635364976393e+00 -4.374126041291877785e-03 -3.554711829998562830e-03 9.999841167754262017e-01 1.266932778003878468e+02
9.998601807156226595e-01 1.633472366281235946e-02 3.575931751787159944e-03 1.778961117069912889e+00 -1.635668068655521043e-02 9.998469987348610477e-01 6.199265201135410221e-03 -1.734975795486289218e+00 -3.474121532069072548e-03 -6.256888731872046853e-03 9.999743905495163121e-01 1.279460365368565391e+02
9.998835348650251253e-01 1.469723812207846848e-02 4.112723850581556997e-03 1.794664279187356382e+00 -1.472467044001013643e-02 9.998689935851902133e-01 6.721085628116473670e-03 -1.752708636197549463e+00 -4.013404124731368393e-03 -6.780861244070467836e-03 9.999689515497848236e-01 1.291725547528426432e+02
9.998802565883496696e-01 1.524758092927738264e-02 2.640794476679881025e-03 1.796925327013485285e+00 -1.526095846969058312e-02 9.998704285831737648e-01 5.121150645363604231e-03 -1.768084948999711026e+00 -2.562367207016485408e-03 -5.160838482617228357e-03 9.999834048284763632e-01 1.304536835768612093e+02
9.999143727908452739e-01 1.276400036538381799e-02 2.885781921019832906e-03 1.814060352604731641e+00 -1.278004896505324436e-02 9.999025812790138801e-01 5.612250899024714100e-03 -1.774616627364866694e+00 -2.813866279640046299e-03 -5.648650628735633721e-03 9.999800859301409828e-01 1.316897315932823176e+02
9.999535257652315545e-01 9.598432167524505176e-03 9.011106711063275165e-04 1.823070302347222560e+00 -9.605047360769681727e-03 9.999246283190802442e-01 7.647675577945796735e-03 -1.790677500446219206e+00 -8.276371443832923136e-04 -7.655975207542224485e-03 9.999703459156882301e-01 1.329666597127827572e+02
9.999759434906101419e-01 6.893552888042818808e-03 7.640254254405065993e-04 1.828147573035478590e+00 -6.900382156797074500e-03 9.999326810928829135e-01 9.327836677840154606e-03 -1.796774808145509716e+00 -6.996720264184190258e-04 -9.332884257956922808e-03 9.999562054165068714e-01 1.342253322798669330e+02
9.999890916965062937e-01 4.403328378365834947e-03 1.555427269985027675e-03 1.839055281108555429e+00 -4.419574104834775308e-03 9.999340547808167612e-01 1.059999731199496274e-02 -1.803481821784991279e+00 -1.508649433623380836e-03 -1.060675533491776609e-02 9.999426135226769929e-01 1.354757485269764175e+02
9.999996494441656392e-01 5.947724864110414669e-04 5.813353383407708630e-04 1.851536843337382887e+00 -5.999130875106462859e-04 9.999603706494943900e-01 8.882831617929470500e-03 -1.817356963066236730e+00 -5.760289923233295403e-04 -8.883177249358430519e-03 9.999603799063400134e-01 1.367632431275500551e+02
9.999982051467983801e-01 -1.406277757671269089e-03 1.270721030945202393e-03 1.854980711231959400e+00 1.396335256242434890e-03 9.999686657099148279e-01 7.791699616271092338e-03 -1.823089034731898206e+00 -1.281638595357471530e-03 -7.789911150164689768e-03 9.999688391432869361e-01 1.380181711648671410e+02
9.999936423991155898e-01 -3.448397113888621805e-03 9.072182340351173492e-04 1.861576216042523768e+00 3.441204876192643838e-03 9.999635526341547065e-01 7.813727094741445070e-03 -1.835471575781816966e+00 -9.341300184498882398e-04 -7.810555446725673222e-03 9.999690649667297704e-01 1.393052910317897215e+02
9.999941043320018652e-01 -3.204575355312452942e-03 1.236739509239426606e-03 1.868994171155251571e+00 3.194720530469739601e-03 9.999637707082082994e-01 7.890019065297156423e-03 -1.840694412745245589e+00 -1.261979136847494803e-03 -7.886021345776898436e-03 9.999681049597898275e-01 1.405785543892916110e+02
9.999926627442122795e-01 -2.988347489976588521e-03 2.397744646554230558e-03 1.876154109593928920e+00 2.965256363996744519e-03 9.999497432018656928e-01 9.576905182991974144e-03 -1.852877254666556173e+00 -2.426243559497051356e-03 -9.569724848895991634e-03 9.999512640539219843e-01 1.418615632537292583e+02
9.999963499220084762e-01 -6.963201860193024475e-04 2.609396576389735791e-03 1.873299554037418435e+00 6.665720485260937748e-04 9.999349752292141513e-01 1.138399737930826001e-02 -1.857296983714517902e+00 -2.617153956713385264e-03 -1.138221580655747814e-02 9.999317948487775887e-01 1.431315448878366681e+02
9.999953103989883685e-01 -9.151453067682567598e-04 2.921620099950089210e-03 1.888524309245798394e+00 8.858872090264303034e-04 9.999496033197630140e-01 1.000000961730207125e-02 -1.875289518979242676e+00 -2.930624564046968583e-03 -9.997374354874999022e-03 9.999457262812485592e-01 1.444216301900598864e+02
9.999904883180140702e-01 2.588767603322829802e-04 4.354831625642323518e-03 1.897121690259453874e+00 -2.932926077429883773e-04 9.999687218668005251e-01 7.904123525334405195e-03 -1.877511516302299732e+00 -4.352649616013566647e-03 -7.905325378328550284e-03 9.999592798151852868e-01 1.456892158087536018e+02
9.999921673865412863e-01 1.247089905282460810e-04 3.956779280260148100e-03 1.903522440107177749e+00 -1.477773995333743256e-04 9.999829906577479832e-01 5.830335801417441816e-03 -1.892818596214844717e+00 -3.955985372621401153e-03 -5.830874746460531187e-03 9.999751719557106178e-01 1.469593748559452990e+02
9.999860891003770069e-01 -1.013190099810618071e-03 5.175941615863864989e-03 1.910167636148486059e+00 1.004952127141201792e-03 9.999982280720668415e-01 1.593960000241327526e-03 -1.912941716457219554e+00 -5.177547813200307665e-03 -1.588736263858630355e-03 9.999853328275561948e-01 1.482318449969260996e+02
9.999873358368520648e-01 -4.298547357577453868e-04 5.015192707649294111e-03 1.922991243354203794e+00 4.399674402039339439e-04 9.999978754075805609e-01 -2.015477142643662400e-03 -1.933815866667565331e+00 -5.014316229288361300e-03 2.017658042061507354e-03 9.999853887555673060e-01 1.495022061401052156e+02
9.999857059698215034e-01 -7.634971552438479673e-04 5.292394879291249798e-03 1.936521670282964847e+00 7.795284419735088247e-04 9.999951112796398034e-01 -3.027701885113866578e-03 -1.959181613136222522e+00 -5.290057816805373257e-03 3.031784123876895762e-03 9.999814127505387562e-01 1.507711222817768260e+02
9.999815317877762677e-01 -1.211954223649313591e-03 5.955722528146198749e-03 1.950673658369747709e+00 1.227447260791617685e-03 9.999958741113674776e-01 -2.598373639868432720e-03 -1.985985661279026537e+00 -5.952549405459315116e-03 2.605635930043598367e-03 9.999788841008563356e-01 1.520518108459176858e+02
9.999864454563425209e-01 -4.299469529751063861e-04 5.189297056734942966e-03 1.960940769854260912e+00 4.397646758017393167e-04 9.999981152340773338e-01 -1.890915272006190315e-03 -2.008001334174269292e+00 -5.188474740840636444e-03 1.893171713453313705e-03 9.999847493095800344e-01 1.533074054886851059e+02
9.999856097970548641e-01 7.227744759166628009e-06 5.363810653749178162e-03 1.970796500756439862e+00 -2.633305810204495308e-06 9.999996302519573721e-01 -8.565688092849241654e-04 -2.035016660873992134e+00 -5.363815298572837537e-03 8.565423284903544510e-04 9.999852499509875869e-01 1.545844713574094271e+02
9.999882685025107687e-01 4.032629383192025451e-04 4.826390294772038222e-03 1.982182327478482664e+00 -4.008716348607996912e-04 9.999997944969509778e-01 -4.964296785704902168e-04 -2.054243463849724449e+00 -4.826589896922116492e-03 4.944890917728460246e-04 9.999882270005384655e-01 1.558415586933449788e+02
9.999905751741997584e-01 9.467283362224226040e-04 4.238101120571319616e-03 1.988282893954979036e+00 -9.437357187594842389e-04 9.999992991554497168e-01 -7.080869114244905905e-04 -2.078914612923418392e+00 -4.238768985679554867e-03 7.040805760815879721e-04 9.999907656703501679e-01 1.571054044586917371e+02
