1.0 -3.3060500841676016e-19 -2.270457535318767e-19 -8.673617379884035e-19 7.546676715296109e-19 1.0 6.23777358882305e-19 1.3877787807814457e-17 -3.4473856805262506e-20 4.77070017605201e-20 1.0000000000000002 5.551115123125783e-17
0.9999977924944031 0.0008786965288951913 0.0019067089725212983 -0.0039095778187854015 -0.0008772760158704536 0.9999993396510748 -0.000745694719305283 -0.0271897838471966 -0.0019073631669854587 0.0007440203660027644 0.9999979078545224 1.194643116780894
0.999993991842758 0.0010444146156696021 0.0033059992757377586 -0.011245365271763001 -0.0010441540620504811 0.9999994508968717 -8.056398612180008e-05 -0.04549484680773541 -0.003306081816207685 7.711158270075339e-05 0.9999945272603707 2.401722252674129
0.9999898031291676 0.0006782468035403984 0.004464198209015727 -0.01075567002058829 -0.000680191170051366 0.999999676361394 0.00043404974029573616 -0.07060785274381158 -0.004463902715928316 -0.00043708179837884787 0.9999899405094388 3.6001261894212653
0.9999860055125246 0.0004635710065099734 0.0052694122509866215 -0.009563550194675675 -0.0004652223417983511 0.9999998406399889 0.0003121587321589438 -0.09770261888911536 -0.005269267151465392 -0.00031460579948250296 0.999986063847487 4.797040770767603
0.9999804079770626 0.00039612405254363267 0.0062467162620019456 -0.010132520883156547 -0.0003962130107507079 0.999999918872338 1.299865825984237e-05 -0.11894668933583463 -0.006246711164449556 -1.5473516193660786e-05 0.9999804931505999 5.990718162053053
0.9999747613405368 5.3249705078640924e-05 0.0071046160348047895 -0.013598687786251784 -4.916204645649655e-05 0.9999998321875896 -0.000575530992777791 -0.1488680997425888 -0.007104646060587019 0.000575167185693203 0.9999745964718743 7.190954459676246
0.9999687353583041 0.00038798556405461685 0.007898197442382394 -0.009710010874798666 -0.0003821621328635551 0.9999996562663229 -0.000738810180094538 -0.17374545226664662 -0.007898482112278971 0.0007357687056546976 0.9999685383753731 8.38575813758504
0.999965599121415 0.00021779129526037748 0.008291779279312085 -0.0034040013178810117 -0.00022132685074421524 0.9999998839116512 0.0004254729395070427 -0.199057680267608 -0.008291686370458868 -0.0004272935750318269 0.999965536966934 9.59443654797795
0.9999744470180917 -0.0006471738359227874 0.007119391848795087 -0.007046224269628374 0.0006393838571020668 0.9999991955735151 0.0010964223045468956 -0.22231440036094838 -0.0071200963098156204 -0.0010918422463267175 0.9999740574083936 10.796557274757358
0.9999853959691363 -0.00202602747080913 0.0050098556914468535 -0.00445157788524989 0.002021467470808624 0.9999975421121985 0.0009151593204835011 -0.2468237427815687 -0.005011697918962725 -0.0009050186600630432 0.9999870319186654 11.989883386226678
0.9999941983202555 -0.0016742335961884953 0.0029666905467667926 -0.008620698927188378 0.00167260209831667 0.9999984513118537 0.0005523586186495361 -0.27239243724592627 -0.0029676109308298735 -0.0005473933464557579 0.999995450367891 13.17992486264791
0.9999972232947058 -0.0017540719531657439 0.0015711652693370887 -0.030139671657014394 0.0017529656790618061 0.999998211105455 0.0007052694235903023 -0.3001609015041983 -0.0015723996758254249 -0.0007025133089530075 0.9999985155998397 14.378588060490365
0.9999998681858386 -2.938508958770113e-05 0.0005059897472147505 -0.04637399086095271 2.9156963759427756e-05 0.999999901745802 0.0004510884521431307 -0.3242866878232518 -0.000506003004830115 -0.00045107358865886815 0.9999997700683596 15.56993165695271
0.999999748621362 -0.0004446779091042499 0.0005481281022988882 -0.05890238038312558 0.00044446879535704775 0.9999998301142177 0.0003817398672181313 -0.3494293855395718 -0.0005482978322551066 -0.00038149618014187163 0.9999997812644208 16.768379784964733
0.9999992586178292 -0.0011316448204683155 0.0004587598752151006 -0.0666841003976577 0.0011312545106271174 0.9999989997730488 0.0008502479115069565 -0.37415106708576984 -0.0004597216140825532 -0.0008497282827678541 0.999999531609122 17.96201937504451
0.9999988862559842 -0.0014082282684292674 -0.0004871501655957782 -0.07901469354522708 0.0014086986201908383 0.9999985406807522 0.0009663087591619713 -0.3986258876188376 0.0004857887056535395 -0.000966993934461943 0.9999994130632639 19.16212740745936
0.9999989112173624 -0.0012525030417166424 -0.0007819089954683969 -0.09201042230288874 0.0012526175716920172 0.9999992054484355 0.00014600177284887326 -0.42677098537638447 0.0007817255758018114 -0.0001469810371878974 0.9999996833342023 20.35623364871307
0.9999982883072139 -0.0009943823367152967 -0.001559282748759673 -0.10141690567901658 0.0009931205502810814 0.9999991802580707 -0.0008098490699220265 -0.45207113768107265 0.0015600868895408997 0.0008082992202262602 0.9999984514347156 21.54734824269164
0.9999973291030169 -0.00043600518343076087 -0.0022713225887004327 -0.122696288032566 0.0004359202338651647 0.9999999073858207 -3.790455039171578e-05 -0.47727462746317884 0.0022713391375731723 3.69143247017787e-05 0.9999974235111626 22.75178395400279
0.999996733490529 -0.0007040471017591125 -0.0024568009050772435 -0.13643059442886094 0.0007033131416714759 0.9999997074293289 -0.00029961443751757666 -0.5027761244705808 0.0024570113852600195 0.00029788553560463227 0.9999969390801423 23.94455289721164
0.9999938413537391 -0.0005744365568895898 -0.0034636002864689448 -0.16472651694236204 0.000571052407112727 0.9999993606675823 -0.0009779693558595699 -0.5308866718574966 0.0034641601877491153 0.0009759854968944512 0.9999935279786788 25.138594835333635
0.9999949682614564 0.00013070912647389875 -0.0031684822836376813 -0.19063046420792557 -0.00013214122080939026 0.9999998893413116 -0.0004517908317856971 -0.5645518588939448 0.0031684231409115386 0.0004522072030541225 0.9999948823972321 26.349224289824097
0.9999897293372231 -0.0013970020724164253 -0.004312486400790679 -0.20270700620700444 0.0014039417334314288 0.9999977244148999 0.0016066001755026724 -0.58216924216261 0.004310232550281065 -0.0016126381428389516 0.9999894062478775 27.53877630128482
0.9999854718886272 -0.002146803801092848 -0.004944710994604798 -0.21485274426830736 0.0021561643689328555 0.9999958951268092 0.0018884624772744902 -0.6114377146375314 0.004940636879549086 -0.0018990966507729395 0.9999859929845637 28.72848284531352
0.9999835503585676 -0.002355031487010174 -0.0052305015222575465 -0.2351286167082984 0.002358575791456865 0.999996992981567 0.0006715378207791058 -0.6361165242535641 0.005228904803473715 -0.0006838633394064743 0.9999860966598655 29.94427731981625
0.9999719291197539 -0.0030803002822401616 -0.006829764423909547 -0.24896220342478265 0.0030804083496788442 0.999995258086463 5.265802218315664e-06 -0.6590385773141461 0.006829716392403528 -2.6304035021987427e-05 0.9999766727937837 31.129841318127113
0.9999726364787355 -0.0025183459020827904 -0.006955411201912087 -0.262151032826242 0.0025158544955229015 0.9999967661641721 -0.0003669406288577623 -0.6839026346657741 0.006956313399736733 0.0003494317134477255 0.9999757473570929 32.336889835978106
0.9999633384790152 -0.003183375926256532 -0.007949214200695132 -0.2823673459633805 0.0031868984207496388 0.9999948293673431 0.00043048188995745856 -0.7071923374589177 0.007947803372522797 -0.0004557994548682847 0.9999683121536421 33.530275641697294
0.9999567267935452 -0.003462792070511599 -0.008634389971406444 -0.30064578480832355 0.003468449967422879 0.9999937827028278 0.0006403591303200059 -0.7305544260543362 0.00863211960243833 -0.0006702793842310785 0.9999625205036274 34.73424728324804
0.9999539754152016 -0.004551798216435437 -0.008445124731899267 -0.3199314228464749 0.004556043732677781 0.999989509142327 0.0004834913790702794 -0.7587306599779498 0.008442836068038442 -0.0005219454767096304 0.9999642254424717 35.93100897015822
0.9999474668056887 -0.003998992003381141 -0.009438105159858918 -0.340549715471995 0.004002425087234642 0.9999919321555191 0.00034487126335254616 -0.782433613161465 0.00943665062622068 -0.0003826284531544895 0.9999554010387927 37.13084024422392
0.9999446271266216 -0.005122066691508457 -0.009192987364566089 -0.35629413076410194 0.005132063275297213 0.9999862599256378 0.0010641312381564705 -0.8099511165301092 0.009187411250591611 -0.0011112513375878424 0.999957172947741 38.33440439788008
0.9999433205912432 -0.00472446793062097 -0.00954168085468715 -0.3829617265270887 0.004746155460517575 0.999986203765657 0.002251534939638146 -0.8331385610084574 0.009530912697917187 -0.0022966937569959016 0.9999519456431001 39.526253229436435
0.9999466345097692 -0.004438808821138749 -0.009328270042349537 -0.4067686878695332 0.004467711397456446 0.9999852819229733 0.0030797871183444623 -0.8570453756727715 0.009314462886898042 -0.0031212987704165307 0.9999517435672579 40.73161193657061
0.9999558087291027 -0.0037413017994275557 -0.008624212411675247 -0.4255913386074423 0.0037652188445891064 0.9999891018252789 0.002758652104990054 -0.8804434414884773 0.008613798283984233 -0.002791002437596387 0.9999590094456187 41.93553522236322
0.9999586953490119 -0.0027141963011325567 -0.008674410575000395 -0.4474441464583484 0.0027360006970113364 0.9999931222104658 0.002502749886213439 -0.9042945460160285 0.008667558685379153 -0.002526379742085432 0.9999592424405224 43.129577451063824
0.9999693249943482 0.00047212415487240985 -0.007818394698660375 -0.4629429172724915 -0.0004386116151898343 0.9999907100104282 0.0042875391328929405 -0.9217950853107327 0.007820346949197124 -0.004283978503026892 0.9999602449952236 44.32415202338489
0.9999788229781267 0.00048324527484468844 -0.00648936751727614 -0.4854687100946138 -0.0004362319403224536 0.9999736630255487 0.00724413376268089 -0.9427584215132023 0.006492697790626189 -0.007241149648181589 0.9999527039963249 45.53441779810486
0.9999891293167013 0.0009208910755188632 -0.004571080512511422 -0.5017734117549462 -0.0008758555843531111 0.9999511587412472 0.009844517783935844 -0.9557121884956503 0.004579923322169866 -0.009840407350745137 0.9999410919420519 46.73487128611587
0.9999967012939764 0.0008570384794887271 -0.0024194552572310286 -0.5098345784411101 -0.0008253053059832634 0.9999140258206662 0.013086503313143507 -0.966879672465529 0.0024304630714178954 -0.013084464068384961 0.9999114428853574 47.93950482075821
0.9999987707028433 0.0003265120410196078 -0.0015340915272744103 -0.5222576861330589 -0.00030393447301245094 0.9998919782454019 0.01469454385525815 -0.9770159880258147 0.0015387239837263286 -0.014694060323750974 0.999890851051755 49.13303101384036
0.9999996343270353 -0.0008594415100503501 1.4880711216777307e-05 -0.5290320062755385 0.0008591690117131403 0.9999119169837178 0.013244465982986944 -0.9848553936737903 -2.6262223191550792e-05 -0.013244448602975582 0.999912288689247 50.343598512938286
0.9999982845750112 -0.0003655727276538344 0.0018178863483390509 -0.5378750396307935 0.00034482335922826873 0.9999349487990475 0.011401277537133695 -1.001678036594589 -0.0018219361935182335 -0.011400631092311536 0.9999333466259418 51.548060013795464
0.9999979248887764 3.170022555850096e-05 0.002035344299758316 -0.5479323695559088 -5.3827805176885735e-05 0.9999408948391728 0.010872595751326276 -0.9981919040523379 -0.0020348795446555623 -0.01087268330810453 0.9999388202720512 52.745485702946915
0.9999958873989687 -0.0004248497867866306 0.002836436079184469 -0.5474663353216055 0.0003945271845264693 0.9999428631907439 0.010682409166818308 -1.0196055255436438 -0.0028408127247286975 -0.010681246191216064 0.9999389194102876 53.95802157354499
0.9999984053108288 -0.0008210728836290964 0.0015875911292009789 -0.5585157049706191 0.0008059656613428895 0.9999546106562948 0.009493123361939347 -1.0357268744232033 -0.001595313674199041 -0.00949182887473652 0.9999536740328766 55.165309589816296
0.9999998211249679 -0.0005943812843918179 2.633490422929776e-05 -0.567541727576634 0.0005941024686567217 0.9999541194635361 0.00956103544890278 -1.0399922340091594 -3.201658885745682e-05 -0.009561018299080064 0.9999542894114963 56.36821697258307
0.9999992108989193 -0.0008662703618959378 -0.0009112832075211469 -0.5720951995900433 0.0008761693955445277 0.999940002215459 0.010918977604567908 -1.0567753038980685 0.0009017698524835993 -0.010919767409645516 0.9999399668856219 57.57537788847115
0.9999970217033438 -0.0005498182343812522 -0.002376592245592871 -0.585849824950964 0.0005766525233159025 0.999935929447012 0.011305133404664538 -1.0676757708159839 0.0023702243930209047 -0.011306471027600212 0.9999332688496443 58.783293646140265
0.9999970295307081 0.0004720863364219049 -0.0023898149343130146 -0.5923924792341527 -0.00044542015452879636 0.9999377745045456 0.011146523932323177 -1.0798725596472893 0.0023949285490968927 -0.011145426538317746 0.9999350159647467 59.98840564109747
0.9999925392770795 0.0006807516650502251 -0.0038036330916407252 -0.611026470440236 -0.0006386830916894856 0.9999387419141124 0.011050405159776596 -1.0957987788861296 0.003810923008810377 -0.011047894280449782 0.9999317088088086 61.19463015373275
0.9999921632924123 -7.878653113430077e-05 -0.003958102776295018 -0.6231020825986849 0.00011835951516896926 0.9999500020410773 0.009998733028736688 -1.1071947317652548 0.003957117512573641 -0.009999123334778098 0.9999421746665108 62.405771029881336
0.9999928472413234 -0.001347681878572296 -0.003534197473727235 -0.6312211922507783 0.0013813527792735708 0.9999535189311357 0.00954207929950484 -1.1286185818013441 0.0035211738455989735 -0.00954689323385148 0.9999482238275412 63.610281490385134
0.9999903297169116 -0.000788478876848861 -0.004326211113774315 -0.6427715813191641 0.0008333762192516596 0.9999457197472414 0.010385982520394466 -1.1440996379422803 0.004317787514022661 -0.010389487393186148 0.9999367105358474 64.8089027379091
0.9999894108807583 -0.0019187068218928182 -0.004183070517709029 -0.6462047842691077 0.0019689306899578905 0.9999256362822622 0.012035551320756316 -1.1499371210958549 0.0041596670983369815 -0.012043660298752793 0.99991882283698 66.01076625891424
0.9999875326383655 -0.0011322128738292438 -0.004862555291178045 -0.6690492126956245 0.0011851977816516024 0.999939808621837 0.010907462101167711 -1.1687037213393319 0.004849913457164592 -0.010913089411942049 0.9999286887397978 67.20883679024675
0.9999870333581907 0.0012772664409425429 -0.004930389966854028 -0.6884651652849775 -0.0012310286618512534 0.9999553458727344 0.009369814380817633 -1.1865223342724216 0.00494213798252711 -0.00936362364885583 0.9999439507690752 68.40537381281432
0.9999856012922487 0.0029552608360101937 -0.004478549310067613 -0.7017524455527808 -0.002911815034669276 0.9999489414930608 0.009676574095528993 -1.1944914012330259 0.004506917840406595 -0.009663394218962385 0.9999431472146908 69.60610235563135
0.9999781059404067 0.00433065497087259 -0.005002689192650756 -0.7215612994318092 -0.004279469140050455 0.9999388432845507 0.010197507811212522 -1.209817004128041 0.005046545553654596 -0.010175876042775579 0.999935490775043 70.79475876994655
0.9999720889971319 0.006176242459024017 -0.0042034939167343525 -0.732250279950693 -0.0061328200713994235 0.9999284950545949 0.010265826378061721 -1.219970652345254 0.004266597996894921 -0.01023976139914204 0.9999384659482736 71.98514995053957
0.9999701866788993 0.006880584812734024 -0.003505265865725202 -0.7498050511785855 -0.006840539338206009 0.9999126316122426 0.011311184963048615 -1.2409669500085374 0.003582787489530095 -0.01128687055641355 0.9999298817088585 73.17210254940223
0.9999630917562018 0.008378818893318516 -0.0018982470486328163 -0.7604616022993442 -0.008355565246637742 0.9998937560656107 0.01194386474973154 -1.246103608860243 0.001998120965507012 -0.011927563591408959 0.999926872178188 74.35979939386235
0.9999757744743152 0.00679050976139695 0.0015264520452947855 -0.764238271120775 -0.0068057926148158915 0.99992441085513 0.010240066215380305 -1.2600837213249463 -0.0014568015496386727 -0.010250207153821824 0.9999464046705552 75.53558532470572
0.9999846363725513 0.0042715467408428786 0.0035338148335740446 -0.7666031993929843 -0.0042904772857928295 0.9999763982872705 0.005366784273471384 -1.2917884916024434 -0.003510807212089519 -0.005381863588649002 0.9999793553401786 76.70928109083732
0.9999651784039237 0.005521413040306794 0.0062578069590345335 -0.7658288048670828 -0.005547354666654909 0.9999760628039087 0.004135682019519831 -1.3020850904792198 -0.006234822893712199 -0.004170252380178892 0.999971868792168 77.89178893024524
0.9999504772823857 0.004840554879182309 0.008695695307777201 -0.7661080251895737 -0.004908026634512431 0.9999578867696683 0.007754664829474289 -1.317439941578348 -0.008657792990722342 -0.007796959643833118 0.9999321259479463 79.07455959114672
0.9999209711470736 0.0039007789690439208 0.01195167253304185 -0.7611506872203717 -0.004010188466091722 0.9999501489125412 0.009144041151549313 -1.3359860600270113 -0.011915409010096715 -0.009191247219025292 0.9998867699403856 80.24834736390608
0.9998482699916661 0.005530636440713844 0.01651838693481529 -0.7503653031129934 -0.00565318231824094 0.999956774459048 0.007381270024226312 -1.3492384721806392 -0.016476851337079775 -0.007473531576774657 0.9998363155492862 81.4239074431376
0.9997964388635623 0.004142559279678129 0.01974623208563181 -0.7345499288557673 -0.004233613604857771 0.9999805877752955 0.004571644007258402 -1.371514384059878 -0.019726912431837246 -0.004654311339263114 0.9997945733611424 82.58475745493307
0.9997180014134711 0.0036427355484981395 0.023466083504656437 -0.7126866364686488 -0.003669080312478757 0.9999926879876637 0.001079702937835049 -1.3980702250391457 -0.023461980898732478 -0.0011654973903876028 0.9997240505988656 83.74987033927603
0.9996470178014474 0.002662801766499877 0.026434031519766556 -0.6904213177485213 -0.0026674812994298813 0.9999964324931188 0.000141758111717099 -1.4204656962726123 -0.026433562371396945 -0.00021222033939861013 0.9996505497054342 84.90754437866175
0.9995437668062018 0.002060525987168857 0.03013312248389976 -0.6568311801536125 -0.0021110305305512924 0.9999964225217651 0.001644329401580958 -1.4434701836548143 -0.030129629313155503 -0.0017071910819435462 0.9995445406720335 86.06112268594285
0.9994111148444108 0.003270567852086242 0.034157476464334605 -0.6273873819762666 -0.0033515108314688975 0.9999917070475602 0.002312702875009914 -1.46776696961922 -0.03414963263615556 -0.002425820101960284 0.9994137881080294 87.23684898244528
0.9992953429978486 0.0028126241655954294 0.03742874250500103 -0.5886708661140807 -0.0028187381648354616 0.9999960186439564 0.00011057337663564864 -1.4923659056385739 -0.0374282856272644 -0.00021599724147322125 0.9992992883581953 88.38274055976183
0.9991380552101643 0.0027770087955303795 0.04141778757003282 -0.5470299771788856 -0.0026898284054011684 0.999994046580871 -0.0021604865444093536 -1.51457866487056 -0.041423543858599254 0.0020472176747673146 0.9991395782089647 89.53508123428657
0.9990125421196652 0.00313127691365656 0.0443185788876393 -0.5016418685623898 -0.0030215056109138064 0.9999921986544996 -0.002543646372726532 -1.5418084376650698 -0.04432620156354094 0.002407225803685045 0.9990142092258354 90.67744572774461
0.9988792710233538 0.0014889231662785533 0.04730728072223819 -0.4573446903807748 -0.0014316248309917214 0.9999981979788539 -0.0012450551367553728 -1.5673915872982798 -0.04730905369077639 0.001175933491346078 0.9988796109977924 91.82467926767426
0.9987366224104277 0.0007764836906127973 0.05024502814104562 -0.40582356471676767 -0.000780836649851977 0.9999996942321078 6.700441223964072e-05 -1.5912084125776254 -0.050244965120897316 -0.00010615292804610968 0.998736923357465 92.9894747790174
0.9986213205602499 4.7351951801593644e-05 0.05249251124491439 -0.3523788215243096 -0.00014544670820654384 0.9999982487084486 0.0018649175179012117 -1.6144099191189656 -0.052492336244428985 -0.0018699813128364347 0.9986195807313014 94.14460742471789
0.998448672309991 -0.0015540960752634173 0.05565824109307298 -0.29260080107227826 0.0014005814206429004 0.999995105174788 0.002797066050156843 -1.6338166499355353 -0.0556623207754616 -0.002714773050895875 0.9984459625152212 95.29434592828284
0.998346072800249 -0.002442776800722175 0.05743830297600207 -0.23390358386880467 0.002393596535160042 0.9999967087280537 0.0009250141367153928 -1.6625548362733265 -0.05744037756027119 -0.000786000039782091 0.9983486284716978 96.45388065363416
0.9982187981203385 -0.004152899788449517 0.059514652267854885 -0.16854687626576825 0.004319384270362585 0.999987110649156 -0.0026689913358439762 -1.6870802763266186 -0.059502805409993254 0.0029213041881362843 0.9982238612305058 97.61602771995487
0.9980654000263255 -0.0031627459099781096 0.06209224594906049 -0.10989912271248611 0.0035123538632031493 0.9999785858844875 -0.005522112833011991 -1.7086671279899388 -0.06207345662520988 0.005729519957741732 0.9980551340891873 98.77337997957342
0.9979907165383005 -0.002992142278831885 0.0632895719895767 -0.03897940010209654 0.0034295626362734386 0.9999709733851663 -0.006803900172189656 -1.736391442725765 -0.06326738269787126 0.007007285102741836 0.9979720100765332 99.94101591814642
0.9979202862630875 -0.0029724988878914375 0.06439143229880769 0.02705306537129693 0.003382720101283503 0.9999746707754783 -0.006262651628649656 -1.7629489867695116 -0.06437119104734122 0.006467445616947496 0.9979050629614344 101.10707690239126
0.9979908608480998 -0.0027191917079830382 0.06329961050514327 0.09232507770296655 0.003001186050773876 0.9999859884987604 -0.004360255150621311 -1.790830831185294 -0.06328687266849636 0.004541468898546806 0.99798504065314 102.28985149387371
0.9980796524068457 -0.003422869396791628 0.06184887453820191 0.16285805964090044 0.003611951517617705 0.9999891388538027 -0.0029456126245249433 -1.8231556592716265 -0.06183812556994749 0.003163351242776123 0.9980811787393518 103.47314579428709
0.9981658182746396 -0.003066091953705245 0.06046162363183733 0.22647084490870903 0.0031997830595392298 0.9999926483774229 -0.002114473088634379 -1.8429947092537913 -0.06045470071834066 0.002304058984554853 0.9981682833479377 104.65265392749939
0.9983462632078648 -0.003158432410378875 0.05739996816844627 0.29010358230492833 0.0032423620784609963 0.9999938066073794 -0.0013691127907478542 -1.871181065512088 -0.05739529320860416 0.0015529602777477774 0.9983503201847562 105.86245761943583
0.9984869500178684 -0.0023086971104825586 0.054940740926303605 0.3461316259725259 0.0023934615538941306 0.9999960398320892 -0.0014770835833804322 -1.8925244120952682 -0.054937118122447566 0.0016063472877702134 0.9984885201500425 107.0520739593808
0.9987170683274714 -0.0007645923487038079 0.050632342784215134 0.39944046045096054 0.0008693853245209712 0.999997525430185 -0.0020476925539581778 -1.91813017698005 -0.05063065568806079 0.0020890846149437775 0.9987152562423438 108.26559015471256
0.9989071169284617 -0.0007208789952012259 0.04673388906833317 0.44733802508043874 0.000802790552794083 0.9999981766231133 -0.0017339765053377902 -1.9433661444584693 -0.04673255740224869 0.0017695991219096646 0.9989058664484254 109.47689375467486
0.9990610594882882 -8.759998335016247e-05 0.04332416352675308 0.49008783364799946 0.00011496910453638625 0.9999997917478842 -0.0006292370107736553 -1.965749333791646 -0.04332410410148464 0.000633627158664671 0.9990608687638277 110.67152968238524
0.9992630718594716 -3.3916891237859926e-05 0.038383778727003465 0.5296160335102125 1.2748360967487323e-05 0.9999998430908597 0.0005517390802449706 -1.9909114898460618 -0.03838379496375118 -0.0005508431446538708 0.999262915049669 111.89962270313455
0.9993959163272931 0.00012703355585569052 0.0347532893400731 0.5703034867624341 -0.0001623349802829355 0.9999994709795329 0.0010129495799046826 -2.0135341267485116 -0.03475314527266549 -0.001017979501107597 0.9993954126931743 113.10104760272455
0.9995713677942227 0.0005978969284157279 0.029269726268143673 0.5968646879425867 -0.0006367423708588306 0.9999989253630251 0.0013178499178812776 -2.0393111816756764 -0.029268908733399678 -0.0013359223457563645 0.9995706768427525 114.34428231882313
0.9997031894372735 0.0013080856979362156 0.024327340107433804 0.6166424342989457 -0.001337653886621109 0.9999983882379325 0.0011991946796817217 -2.0609170925613576 -0.024325734077518583 -0.0012313802573620115 0.9997033223247943 115.56246562987818
0.9997958758825076 0.0019256253644096563 0.020112290646564432 0.6325395170074846 -0.001942703620924764 0.9999977714303662 0.0008296353591124622 -2.0847837659542434 -0.02011064988100718 -0.0008685381501823422 0.9997973826871265 116.7665194407877
0.9998868759056596 0.0029034775878469888 0.014758228511814535 0.6395200563740536 -0.0029078084667234277 0.999995734793151 0.00027199132182243883 -2.1094632176003225 -0.01475737696473895 -0.0003148747220214106 0.9998910593011896 118.01733287839176
0.9999182075559063 0.004491284358276554 0.011975566210965771 0.6476751067425345 -0.004493230789831128 0.9999898923091285 0.00013559522764002217 -2.1333036664663947 -0.011974837410784688 -0.00018939316121518993 0.9999282801349654 119.22011770262827
0.9999356032008958 0.006939869902576527 0.00897949206788897 0.6466036116882686 -0.0069402092925810194 0.9999759208241576 6.585059731494926e-06 -2.152449065564992 -0.008979230876254287 -6.890416786729872e-05 0.9999596859749469 120.47803581322742
0.9999359101800825 0.008030773028628225 0.007980721270405933 0.6511242113861138 -0.008031454393117627 0.9999677438267262 5.3251635394480394e-05 -2.1803237188159468 -0.007980036878102162 -0.00011734510200022441 0.9999681559931916 121.7189562620733
0.9999187106588686 0.009989331794066197 0.007923720001167832 0.6518625645788982 -0.009990880699330788 0.9999500777612524 0.00015590766788342762 -2.2062180244018945 -0.007921767592574316 -0.00023505990955708847 0.9999685915798792 122.93251883732063
0.9999152999356951 0.011524731363665271 0.006047798619177861 0.6441975853345951 -0.011531489712418262 0.9999329251944667 0.0010836382121398994 -2.2238469490065005 -0.006034904783388253 -0.0011532865342783229 0.9999811248698387 124.19786399180563
0.9999108094777606 0.011950618248832104 0.005962918639041616 0.6525592128051725 -0.011959883472680777 0.9999273246956645 0.0015204812379481173 -2.2563517126962536 -0.005944315100067896 -0.0015916614356251122 0.9999810658265752 125.42206403706604
0.9998778264631275 0.01496435341739906 0.004516379911353582 0.6334353142084633 -0.014979415269086303 0.9998822912846085 0.003319685778341732 -2.2745933442644533 -0.004466171709331506 -0.0033869330692951616 0.9999842922522643 126.69549240681799
0.9998591127666002 0.01637394620670774 0.003693231842752654 0.6303325106849742 -0.016396007773151637 0.999847423885846 0.00602433834155017 -2.2828572986861704 -0.0035940264260124937 -0.00608404402456504 0.9999750333475541 127.94824931660088
0.9998824425287883 0.01473887874929198 0.004227667641820893 0.6350158666527955 -0.014766409434879986 0.9998694717126838 0.0065563660045384305 -2.3058312342741094 -0.004130482669260492 -0.006618022831106156 0.9999695657585281 129.17477214776943
0.9998794633887204 0.015281164768765372 0.002744942653174474 0.625792909835386 -0.015294658827173074 0.999870707996306 0.004963639080539732 -2.326567259752985 -0.002668737819463495 -0.005005023987455566 0.9999839186149739 130.45579423050935
0.9999136124204655 0.012800955317026593 0.00298388532411989 0.6319140998076461 -0.012817157142880745 0.9999028679708435 0.0054748687536437 -2.338391868289183 -0.002913512190793659 -0.0055126407716142144 0.9999805596086911 131.69190656139116
0.999952820878561 0.00966154550835011 0.001003063766643778 0.6294712704357313 -0.009668852443318793 0.999924721847174 0.00755447738528184 -2.3598497323272127 -0.0009300003890635927 -0.007563819488618199 0.9999709572742655 132.96878484880028
0.9999753136870078 0.006972070873111614 0.0008686780812959643 0.6233384786800962 -0.006979818513142116 0.999932763052683 0.009259699454818766 -2.371236379416013 -0.0008040604801085332 -0.00926553437243607 0.9999567532603095 134.22741598407558
0.9999885388351396 0.004489764103329758 0.0016602347940491912 0.6231039815578868 -0.004507031744100314 0.9999342202820188 0.010547428580839228 -2.3832456420681685 -0.0016127702769212326 -0.010554790126824426 0.9999430008828419 135.47784010819421
0.9999995552025454 0.0006704224459871119 0.0006562942809350307 0.6240564976680781 -0.0006762188632035116 0.9999604166156595 0.008872169019517692 -2.4025901256554696 -0.0006503202765311763 -0.00887260915518997 0.9999604281817953 136.76532430396642
0.9999982171859497 -0.0013430340988475622 0.001328357239107031 0.6163265760021595 0.001332642288175094 0.9999687405940098 0.00779324230831251 -2.413582669722246 -0.0013387824096094273 -0.007791458375711552 0.9999687522200407 138.0201982109775
0.9999938187239608 -0.003383336976182933 0.0009564923232198862 0.6114088503205164 0.0033757395469643475 0.9999635989982911 0.007836317091412864 -2.4313852391229585 -0.0009829705003347865 -0.007833040024134165 0.9999688422777484 139.3072620320713
0.9999942441161269 -0.003140259763406853 0.001287648519379948 0.6074942718406248 0.003129981980326785 0.9999638353080411 0.007907758446795043 -2.4419773057490906 -0.0013124345079356327 -0.00790368267930534 0.9999679005758323 140.5805076410429
0.9999927221428632 -0.0029141967919952567 0.002463345089545346 0.6031790053365322 0.002890465448719342 0.9999499027188437 0.009583111938059354 -2.459567627506107 -0.002491148978322626 -0.00957592215666592 0.9999510451382935 141.8634664894783
0.9999961689581173 -0.000607315950475961 0.0026994275408824494 0.5890282481018766 0.0005765917735153452 0.9999352131687487 0.011367998442973506 -2.4692594900302174 -0.0027061568094068505 -0.011366398159429046 0.9999317378731343 143.13334320482392
0.9999951465942691 -0.0008395596778871056 0.002999351085836792 0.5926674952701222 0.0008095774296384795 0.9999498326315325 0.009983534388725877 -2.4927542820027995 -0.0030075826085670544 -0.00998105791496353 0.9999456607741988 144.423424743891
0.9999901869146212 0.0003100441814546581 0.0044202097257983845 0.5900068658742444 -0.00034480639094639935 0.9999690077765855 0.007865779525659058 -2.5003315400905533 -0.004417634327118221 -0.007867226495013289 0.9999592953087936 145.69101603210635
0.9999919719320234 0.00015934961106111665 0.004004644032921148 0.5850211396202505 -0.00018256199152657368 0.999983180780952 0.005796643840765681 -2.5209862219880605 -0.004003653361809075 -0.005797328473336766 0.9999751772870248 146.96110572300995
0.99998603709268 -0.0010209638955686441 0.005184455618962237 0.5802204075303725 0.001012883700719633 0.9999982721270639 0.0015609582110927272 -2.5464683657563847 -0.005186040744467886 -0.0015556851831088723 0.9999853407802565 148.23348812876856
0.9999874102099653 -0.00046884285033177555 0.004996837310372714 0.5816102689976258 0.00047910101648420566 0.9999977832878475 -0.0020519312548690936 -2.5727429026816093 -0.004995864595771707 0.0020542994488685143 0.9999854065021874 149.50381302460124
0.9999858148523093 -0.000812612093840705 0.005264435210987161 0.5836833928519635 0.0008287463463585313 0.9999949632598776 -0.0030633090494710065 -2.6035085649120537 -0.005261919849977497 0.0030676285096006804 0.9999814518878134 150.7726801804186
0.999981629129719 -0.0012600571187726185 0.00592933813052088 0.5862620193459243 0.0012757014339790788 0.9999957168494246 -0.002635389767414616 -2.635766605966763 -0.005925992444871153 0.0026429055218854178 0.9999789440208567 152.05331858317552
0.9999865180128027 -0.0004685648103075228 0.005171943652731238 0.5852172703859083 0.00047854589274126273 0.9999980251037178 -0.0019287842002499332 -2.6631002784214726 -0.0051710301263990805 0.00193123326521598 0.9999847668834798 153.30885026485848
0.9999856478755221 -2.2975622729932015e-05 0.005356663102380984 0.5835303623353912 2.77961919870059e-05 0.9999995918673321 -0.0008998413508745822 -2.6955195841107282 -0.005356640806918136 0.0008999772937247774 0.999985250257146 154.58582730235707
0.9999882904955166 0.00037849797128169883 0.004823839020922286 0.5836135634184391 -0.00037590260922916165 0.9999997821958911 -0.0005389254735020307 -2.720079814652351 -0.004824042365985836 0.0005371058971924224 0.9999882173085928 155.84287331577482
0.9999906061640017 0.000922558592368025 0.004236119155245822 0.5783079362721674 -0.0009193869966540647 0.9999992908051603 -0.0007506368491650497 -2.750069411971288 -0.004236809008193104 0.0007467351615534202 0.9999907430308381 157.10660765895412
0.9999914045335826 0.0012514232993893683 0.003952472281457896 0.5768701701157749 -0.001249671533604568 0.9999991188510107 -0.0004456707992024001 -2.7788845862735196 -0.003953026847572941 0.00044072771354159134 0.999992086615407 158.38217610435362
0.9999954711074265 0.0006091710573127818 0.0029465734449072214 0.5754587575977123 -0.000611379308349565 0.9999995298475322 0.0007485706461693729 -2.8023207395560785 -0.00294611633501611 -0.0007503687939234419 0.9999953790450418 159.64264691292078
0.9999946433766027 0.0011450121111888129 0.0030648543138457347 0.5695786897771846 -0.0011480257712096474 0.9999988574344377 0.000981683319092464 -2.8288693385895165 -0.003063726994639913 -0.0009851966199978148 0.9999948191889598 160.90980415615687
0.9999969071295296 0.0016604378055944658 0.001850407793552906 0.5645702205647196 -0.0016607181809807899 0.999998612324553 0.00014998509363465276 -2.8576897652869504 -0.001850156359636498 -0.00015305765514481718 0.9999982805459176 162.1731573384904
0.9999967741841597 0.0023298281981756564 0.0010137650993480955 0.5583104656741327 -0.0023286625438734172 0.9999966260260496 -0.0011497666824555445 -2.88617603872837 -0.0010164404818241168 0.0011474022002971385 0.999998829789791 163.43770272483005
0.9999950091886977 0.0029545094376982016 0.001117971183243653 0.5475177009335742 -0.002953008655439541 0.9999947394556141 -0.001341817210056332 -2.909597344254057 -0.0011219297589735524 0.0013385092107468931 0.9999984713556885 164.69431316837768
0.9999965539439419 0.0026022762429353287 -0.0003381114526171529 0.5386430841537124 -0.0026029192018430145 0.9999947795003143 -0.0019147089345343475 -2.939959493863378 0.0003331271161501207 0.00191558258635576 0.999998106555744 165.9709703223216
0.999995429921588 0.00294697979294012 -0.0006812662341667086 0.5322713701031369 -0.002949006275113602 0.9999911733434197 -0.0029926837036999333 -2.9715040387533778 0.0006724409264917277 0.0029946791592136927 0.9999952867349926 167.22549496674955
0.9999923400366537 0.0035122270398793153 -0.0017297813386302932 0.5241767989042393 -0.003516840364410313 0.9999902478640674 -0.0026710507112881646 -2.9982098826398436 0.0017203832337319772 0.002677113717933496 0.999994932099279 168.50330742269128
0.9999919654056818 0.00307005092724931 -0.0025776970940969415 0.5146492456200522 -0.0030742160445638325 0.9999939724253583 -0.001613332609830327 -3.03123883748644 0.002572728761489447 0.001621244059432224 0.9999953721689601 169.7660794352206
0.9999899138290136 0.0034038903526604322 -0.0029308554183885252 0.5028245694031322 -0.0034065855897478315 0.9999937772234772 -0.0009150119421343046 -3.0562295316543375 0.0029277228687313527 0.0009249868713871642 0.9999952889475094 171.020793319325
0.9999835454545899 0.004060354934727538 -0.004052868210715797 0.48680853987885403 -0.004062635032485712 0.9999915920729764 -0.0005544492058739994 -3.085583723739215 0.004050583223495297 0.0005709053934350185 0.9999916324724339 172.3092606653167
0.9999833695029585 0.0041390882554613595 -0.004016115568914287 0.47417572660613955 -0.004140734325681 0.9999913458371235 -0.0004015839351964665 -3.114143378756645 0.004014418928612998 0.0004182069234656513 0.9999918546599182 173.56265896488298
0.9999757705992077 0.004546198486945747 -0.0052710905998290805 0.45557202435471356 -0.004552182808415468 0.9999890036958793 -0.0011238092100797168 -3.1393645223534286 0.005265923973511658 0.0011477769516034918 0.9999854757049134 174.8431397795052
0.9999678701539384 0.005739198705391352 -0.0055969725961099994 0.43982817427791626 -0.005748773999640012 0.9999820397209941 -0.0016961422360599748 -3.1675566725106497 0.00558713801550749 0.0017282635250242676 0.9999829001250679 176.1027910758582
0.9999659675379354 0.0059007775508971875 -0.005765961062471251 0.43115814350096426 -0.005909145069666399 0.9999815076811511 -0.0014351587469977026 -3.1940666794244676 0.005757386408799196 0.0014691818096445495 0.9999823447809136 177.36897312023132
0.9999627402021174 0.005615143235729073 -0.006557145979494131 0.4107254213153622 -0.005631925172025336 0.9999809078133174 -0.0025436208528864706 -3.223293777281493 0.006542738549692788 0.002580455572896523 0.9999752619845654 178.6285302581532
0.9999707637947888 0.004487910988742687 -0.006191407451927247 0.3972787785244209 -0.0045125304711036655 0.9999819492357581 -0.00396812500156269 -3.255892568439785 0.0061734876584467425 0.003995947999020944 0.9999729569694537 179.89605714991092
0.9999769393214551 0.001674999131102857 -0.006581360977944744 0.3873610618955141 -0.0017000266658245547 0.9999913412206313 -0.0037990315890531062 -3.2932133614822034 0.006574941196330412 0.003810132477966245 0.9999711294579139 181.15580336153988
0.9999718686200442 0.0020958153684102502 -0.007201974724535215 0.3716868425529072 -0.0020997905053359244 0.9999976465520863 -0.0005444069065857474 -3.316980220486481 0.007200817396314413 0.0005595142560738917 0.9999739148278698 182.42138772702296
0.9999759911789137 0.0002148011107711573 -0.006926306756334754 0.3604944389355524 -0.00018827053501592695 0.9999926396859257 0.0038308480673961086 -3.3390112438761714 0.006927079266696973 -0.0038294523127032553 0.9999686791351609 183.6877384458627
0.9999721627246242 0.0011130641613680448 -0.007378105705192832 0.33907616948318475 -0.001086857797990358 0.9999930888525779 0.0035549766577308863 -3.367729866191148 0.007382012296621745 -0.003546858822369554 0.9999664584227984 184.9336738407441
0.9999720447901297 0.003281790571452951 -0.006719041275226973 0.3212188030820531 -0.0032795656148792147 0.9999945610357889 0.0003421850693272538 -3.3912516431970134 0.006720128296992813 -0.00032013995812824996 0.9999773641740817 186.19698052409868
0.9999644332394874 0.004084986500028761 -0.007378019896745063 0.30100883230720843 -0.004097113195901511 0.9999902843263172 -0.0016292401228379769 -3.41801691033877 0.007371293335226617 0.0016594109533532126 0.9999714524341957 187.43838874920633
0.9999658542993309 0.0034601244543273927 -0.007504674886578999 0.2854573123644815 -0.0034718059703165555 0.9999927779660666 -0.0015440669311304626 -3.4512956106318424 0.007499278604902646 0.0015700689587445679 0.9999706477346029 188.68884638493705
0.9999690162198527 0.0032815109466394353 -0.007155155247427278 0.26978859989938747 -0.003286003814615354 0.9999944161175494 -0.0006162337046043972 -3.4770468369887797 0.00715309371135366 0.0006397266030490121 0.9999742076625986 189.95938836585327
0.9999675435979615 0.003241275247235675 -0.007375647628818559 0.25268589763394966 -0.003229573342180197 0.999993513191828 0.0015979302205244479 -3.500612520333365 0.007380779740148801 -0.0015740581627176546 0.9999715232102107 191.1854348808147
0.9999757038228796 0.002713734456110969 -0.006420268031852062 0.23690725601692283 -0.0026979998482371324 0.9999933421026659 0.0024581834108391458 -3.5321985804518725 0.006426896751200137 -0.0024408017169858243 0.9999763640744548 192.45011070073997
0.9999807504265927 0.0027171542402191877 -0.005578856200870445 0.2191162543963814 -0.0027058511801474677 0.9999942719056485 0.0020326444831194703 -3.5528551731480675 0.005584347780324134 -0.002017509777299583 0.9999823676677593 193.67059098709765
0.9999910638802686 0.0015946736170566861 -0.003915307961131289 0.21432323748772272 -0.0015927211387905971 0.9999986044821828 0.0005017594359977147 -3.5853752335212965 0.003916103053464739 -0.0004955190221249548 0.9999922116375486 194.90389876651776
0.9999955788463017 0.0018707495985924869 -0.002311762288590286 0.1984765589449878 -0.001872426994022865 0.9999979856541029 -0.0007235865337664202 -3.608556015598003 0.002310404213853281 0.0007279119697583953 0.9999970654995958 196.14455266783094
