1.000000000000000000e+00 0.000000000000000000e+00 0.000000000000000000e+00 0.000000000000000000e+00 0.000000000000000000e+00 1.000000000000000000e+00 0.000000000000000000e+00 0.000000000000000000e+00 0.000000000000000000e+00 0.000000000000000000e+00 1.000000000000000000e+00 0.000000000000000000e+00 0.000000000000000000e+00 0.000000000000000000e+00 0.000000000000000000e+00 1.000000000000000000e+00
9.999979199999999846e-01 1.907543800000000098e-03 -7.270414200000000502e-04 1.194754300000000047e+00 -1.906894699999999929e-03 9.999977799999999473e-01 8.924045800000000297e-04 2.236947699999999786e-03 7.287421099999999907e-04 -8.910163299999999910e-04 9.999993400000000143e-01 1.921175699999999945e-02 0.000000000000000000e+00 0.000000000000000000e+00 0.000000000000000000e+00 1.000000000000000000e+00
9.999945500000000376e-01 3.299740700000000030e-03 -4.857135700000000294e-05 2.401997300000000113e+00 -3.299687099999999967e-03 9.999939899999999993e-01 1.065918099999999934e-03 7.723277500000000351e-03 5.208831899999999930e-05 -1.065752000000000106e-03 9.999994300000000225e-01 2.995822600000000099e-02 0.000000000000000000e+00 0.000000000000000000e+00 0.000000000000000000e+00 1.000000000000000000e+00
9.999899599999999555e-01 4.455730500000000364e-03 4.742971000000000231e-04 3.600582399999999961e+00 -4.456064899999999905e-03 9.999898200000000292e-01 7.062747699999999667e-04 5.226095299999999715e-03 -4.711453000000000104e-04 -7.083811699999999776e-04 9.999996399999999674e-01 4.745710799999999785e-02 0.000000000000000000e+00 0.000000000000000000e+00 0.000000000000000000e+00 1.000000000000000000e+00
9.999860799999999994e-01 5.263432999999999654e-03 3.579485799999999819e-04 4.797639499999999835e+00 -5.263610600000000368e-03 9.999860200000000310e-01 4.970183899999999636e-04 1.908275299999999961e-03 -3.553275499999999790e-04 -4.988955699999999584e-04 9.999998100000000445e-01 6.672783300000000029e-02 0.000000000000000000e+00 0.000000000000000000e+00 0.000000000000000000e+00 1.000000000000000000e+00
9.999805099999999891e-01 6.243677700000000233e-03 6.661163899999999766e-05 5.991412999999999656e+00 -6.243706199999999977e-03 9.999804100000000417e-01 4.364172399999999958e-04 4.732123600000000068e-04 -6.388548599999999849e-05 -4.368246399999999811e-04 9.999999000000000526e-01 8.012407900000000083e-02 0.000000000000000000e+00 0.000000000000000000e+00 0.000000000000000000e+00 1.000000000000000000e+00
9.999746000000000468e-01 7.108570100000000287e-03 -5.176820800000000002e-04 7.191784300000000130e+00 -7.108519199999999844e-03 9.999747300000000338e-01 1.001632299999999988e-04 1.794254899999999991e-03 5.183810199999999702e-04 -9.648073500000000182e-05 9.999998599999999627e-01 1.020822200000000013e-01 0.000000000000000000e+00 0.000000000000000000e+00 0.000000000000000000e+00 1.000000000000000000e+00
9.999685600000000063e-01 7.901491400000000206e-03 -6.712438000000000259e-04 8.386708999999999747e+00 -7.901196799999999493e-03 9.999686899999999934e-01 4.402863400000000160e-04 -4.161812800000000249e-03 6.747017000000000118e-04 -4.349688699999999797e-04 9.999996799999999464e-01 1.191115199999999985e-01 0.000000000000000000e+00 0.000000000000000000e+00 0.000000000000000000e+00 1.000000000000000000e+00
9.999655499999999808e-01 8.286368199999999754e-03 4.946580999999999591e-04 9.595603199999999333e+00 -8.286502700000000082e-03 9.999656300000000497e-01 2.704597200000000167e-04 -1.273807100000000012e-02 -4.923999700000000540e-04 -2.745493899999999765e-04 9.999998399999999732e-01 1.369098900000000063e-01 0.000000000000000000e+00 0.000000000000000000e+00 0.000000000000000000e+00 1.000000000000000000e+00
9.999740299999999582e-01 7.115090400000000266e-03 1.148129300000000005e-03 1.079789500000000046e+01 -7.114401200000000300e-03 9.999745100000000386e-01 -6.032424199999999841e-04 -1.191058799999999973e-02 -1.152392199999999981e-03 5.950585000000000423e-04 9.999991599999999980e-01 1.526096600000000081e-01 0.000000000000000000e+00 0.000000000000000000e+00 0.000000000000000000e+00 1.000000000000000000e+00
9.999869700000000305e-01 5.017282100000000113e-03 9.417515400000000137e-04 1.199131799999999970e+01 -5.015395300000000285e-03 9.999854299999999530e-01 -1.995289600000000121e-03 -1.766226200000000149e-02 -9.517487500000000209e-04 1.990540399999999981e-03 9.999975700000000023e-01 1.692844000000000015e-01 0.000000000000000000e+00 0.000000000000000000e+00 0.000000000000000000e+00 1.000000000000000000e+00
9.999954199999999682e-01 2.973914399999999948e-03 5.682661600000000080e-04 1.318146499999999932e+01 -2.972969800000000058e-03 9.999942099999999945e-01 -1.656018399999999906e-03 -1.650328800000000137e-02 -5.731877200000000091e-04 1.654321299999999932e-03 9.999984699999999727e-01 1.870266999999999902e-01 0.000000000000000000e+00 0.000000000000000000e+00 0.000000000000000000e+00 1.000000000000000000e+00
9.999985000000000124e-01 1.578052699999999949e-03 7.119811500000000366e-04 1.438032399999999988e+01 -1.576808199999999924e-03 9.999972299999999592e-01 -1.745161799999999904e-03 2.154793500000000070e-03 -7.147331400000000393e-04 1.744036499999999977e-03 9.999982200000000487e-01 2.072275500000000104e-01 0.000000000000000000e+00 0.000000000000000000e+00 0.000000000000000000e+00 1.000000000000000000e+00
9.999997699999999545e-01 5.025389199999999749e-04 4.550802799999999790e-04 1.557180199999999992e+01 -5.025267099999999746e-04 9.999998700000000129e-01 -2.694310199999999837e-05 1.581489200000000053e-02 -4.550937700000000146e-04 2.671440599999999930e-05 9.999999000000000526e-01 2.236486599999999991e-01 0.000000000000000000e+00 0.000000000000000000e+00 0.000000000000000000e+00 1.000000000000000000e+00
9.999997800000000048e-01 5.480885999999999484e-04 3.850954399999999885e-04 1.677040399999999920e+01 -5.479184399999999710e-04 9.999997499999999651e-01 -4.418245199999999858e-04 2.596035799999999935e-02 -3.853375099999999955e-04 4.416134199999999905e-04 9.999998300000000340e-01 2.410840999999999956e-01 0.000000000000000000e+00 0.000000000000000000e+00 0.000000000000000000e+00 1.000000000000000000e+00
9.999995299999999698e-01 4.602136299999999829e-04 8.513542799999999867e-04 1.796422600000000003e+01 -4.592512800000000039e-04 9.999992599999999454e-01 -1.130222200000000022e-03 3.130600499999999786e-02 -8.518737900000000491e-04 1.129830700000000092e-03 9.999989999999999712e-01 2.582717299999999772e-01 0.000000000000000000e+00 0.000000000000000000e+00 0.000000000000000000e+00 1.000000000000000000e+00
9.999994199999999722e-01 -4.843871000000000027e-04 9.605012199999999863e-04 1.916449199999999919e+01 4.857441700000000016e-04 9.999988800000000344e-01 -1.413147399999999934e-03 4.093573500000000087e-02 -9.598156399999999751e-04 1.413613100000000013e-03 9.999985399999999913e-01 2.750855600000000067e-01 0.000000000000000000e+00 0.000000000000000000e+00 0.000000000000000000e+00 1.000000000000000000e+00
9.999996899999999966e-01 -7.747296699999999675e-04 1.384171099999999938e-04 2.035871399999999909e+01 7.749031700000000430e-04 9.999989099999999631e-01 -1.257817899999999923e-03 5.146371100000000226e-02 -1.374424900000000103e-04 1.257924699999999913e-03 9.999991999999999770e-01 2.953015199999999840e-01 0.000000000000000000e+00 0.000000000000000000e+00 0.000000000000000000e+00 1.000000000000000000e+00
9.999984600000000334e-01 -1.547053600000000044e-03 -8.226240799999999954e-04 2.154990700000000103e+01 1.546228300000000071e-03 9.999983000000000066e-01 -1.002971600000000059e-03 5.827758599999999928e-02 8.241743400000000512e-04 1.001698099999999902e-03 9.999991599999999980e-01 3.126162900000000189e-01 0.000000000000000000e+00 0.000000000000000000e+00 0.000000000000000000e+00 1.000000000000000000e+00
9.999974299999999650e-01 -2.268089400000000179e-03 -5.597274200000000187e-05 2.275457300000000060e+01 2.268063900000000157e-03 9.999973300000000176e-01 -4.506689099999999846e-04 7.697966700000000162e-02 5.699475000000000179e-05 4.505407999999999809e-04 9.999999000000000526e-01 3.304185299999999881e-01 0.000000000000000000e+00 0.000000000000000000e+00 0.000000000000000000e+00 1.000000000000000000e+00
9.999969499999999956e-01 -2.449916700000000138e-03 -3.189122500000000026e-04 2.394748500000000035e+01 2.449686700000000203e-03 9.999967400000000506e-01 -7.194251999999999505e-04 8.827370499999999398e-02 3.206737400000000222e-04 7.186417600000000053e-04 9.999996899999999966e-01 3.481939499999999743e-01 0.000000000000000000e+00 0.000000000000000000e+00 0.000000000000000000e+00 1.000000000000000000e+00
9.999935399999999586e-01 -3.452418100000000101e-03 -1.004844800000000019e-03 2.514167899999999989e+01 3.451821199999999951e-03 9.999938699999999514e-01 -5.951037100000000201e-04 1.138616100000000020e-01 1.006893100000000058e-03 5.916313200000000369e-04 9.999993200000000249e-01 3.685442600000000124e-01 0.000000000000000000e+00 0.000000000000000000e+00 0.000000000000000000e+00 1.000000000000000000e+00
9.999948800000000304e-01 -3.165476500000000137e-03 -4.774351100000000063e-04 2.635258800000000079e+01 3.165529800000000098e-03 9.999949799999999778e-01 1.109702799999999956e-04 1.374566299999999963e-01 4.770814399999999986e-04 -1.124810499999999994e-04 9.999998799999999521e-01 3.947247799999999973e-01 0.000000000000000000e+00 0.000000000000000000e+00 0.000000000000000000e+00 1.000000000000000000e+00
9.999894499999999464e-01 -4.313847400000000130e-03 1.575409500000000008e-03 2.754240100000000169e+01 4.316097999999999983e-03 9.999896700000000527e-01 -1.427981999999999949e-03 1.467430799999999980e-01 -1.569233099999999990e-03 1.434766500000000033e-03 9.999977399999999683e-01 4.054004600000000180e-01 0.000000000000000000e+00 0.000000000000000000e+00 0.000000000000000000e+00 1.000000000000000000e+00
9.999860699999999492e-01 -4.941636299999999787e-03 1.855438700000000074e-03 2.873231200000000030e+01 4.945682399999999992e-03 9.999853899999999740e-01 -2.182416099999999991e-03 1.562376799999999899e-01 -1.844626899999999908e-03 2.191562099999999798e-03 9.999959000000000486e-01 4.271317800000000164e-01 0.000000000000000000e+00 0.000000000000000000e+00 0.000000000000000000e+00 1.000000000000000000e+00
9.999861799999999468e-01 -5.218807199999999855e-03 6.375557900000000319e-04 2.994818300000000022e+01 5.220317200000000428e-03 9.999835200000000146e-01 -2.390257600000000003e-03 1.740116899999999966e-01 -6.250709899999999783e-04 2.393552800000000019e-03 9.999969399999999453e-01 4.436685599999999896e-01 0.000000000000000000e+00 0.000000000000000000e+00 0.000000000000000000e+00 1.000000000000000000e+00
9.999768100000000492e-01 -6.809561799999999838e-03 -3.413085199999999744e-05 3.113383899999999826e+01 6.809421900000000270e-03 9.999719299999999533e-01 -3.124732800000000130e-03 1.849341300000000021e-01 5.540795499999999897e-05 3.124427899999999807e-03 9.999951200000000151e-01 4.587753700000000157e-01 0.000000000000000000e+00 0.000000000000000000e+00 0.000000000000000000e+00 1.000000000000000000e+00
9.999758600000000497e-01 -6.936795600000000145e-03 -4.098427000000000190e-04 3.234101700000000079e+01 6.935723000000000409e-03 9.999726599999999577e-01 -2.562913999999999904e-03 1.957432899999999865e-01 4.276099100000000145e-04 2.560009499999999980e-03 9.999966300000000530e-01 4.757761799999999930e-01 0.000000000000000000e+00 0.000000000000000000e+00 0.000000000000000000e+00 1.000000000000000000e+00
9.999684800000000484e-01 -7.930351299999999215e-03 3.862125399999999918e-04 3.353462199999999882e+01 7.931560100000000293e-03 9.999633100000000496e-01 -3.235925399999999875e-03 2.132336699999999863e-01 -3.605363500000000163e-04 3.238886600000000053e-03 9.999946899999999639e-01 4.917406599999999961e-01 0.000000000000000000e+00 0.000000000000000000e+00 0.000000000000000000e+00 1.000000000000000000e+00
9.999627199999999716e-01 -8.614528200000000704e-03 5.947012999999999909e-04 3.473876599999999826e+01 8.616569699999999943e-03 9.999566800000000422e-01 -3.520219299999999881e-03 2.288996000000000086e-01 -5.643505100000000517e-04 3.525212299999999892e-03 9.999936299999999667e-01 5.074964800000000276e-01 0.000000000000000000e+00 0.000000000000000000e+00 0.000000000000000000e+00 1.000000000000000000e+00
9.999644800000000444e-01 -8.417004999999999973e-03 4.458910499999999802e-04 3.593570799999999821e+01 8.418970899999999452e-03 9.999539400000000411e-01 -4.607685599999999590e-03 2.457806200000000052e-01 -4.070875999999999748e-04 4.611275899999999622e-03 9.999892900000000306e-01 5.280042900000000428e-01 0.000000000000000000e+00 0.000000000000000000e+00 0.000000000000000000e+00 1.000000000000000000e+00
9.999556499999999737e-01 -9.413239000000000328e-03 2.996477499999999840e-04 3.713569100000000134e+01 9.414378699999999961e-03 9.999474400000000207e-01 -4.061140999999999883e-03 2.637503299999999773e-01 -2.614035100000000264e-04 4.063781800000000090e-03 9.999917099999999781e-01 5.440263699999999814e-01 0.000000000000000000e+00 0.000000000000000000e+00 0.000000000000000000e+00 1.000000000000000000e+00
9.999574900000000044e-01 -9.162541099999999342e-03 1.028176499999999957e-03 3.833949100000000243e+01 9.167752700000000171e-03 9.999445399999999928e-01 -5.183932199999999671e-03 2.770969500000000085e-01 -9.806214799999999135e-04 5.193137900000000320e-03 9.999860299999999702e-01 5.640952399999999978e-01 0.000000000000000000e+00 0.000000000000000000e+00 0.000000000000000000e+00 1.000000000000000000e+00
9.999522600000000372e-01 -9.518055200000000160e-03 2.211564799999999904e-03 3.953160199999999946e+01 9.528563999999999784e-03 9.999431300000000133e-01 -4.790815799999999756e-03 3.013343900000000075e-01 -2.165839699999999937e-03 4.811660100000000190e-03 9.999860799999999994e-01 5.801468100000000128e-01 0.000000000000000000e+00 0.000000000000000000e+00 0.000000000000000000e+00 1.000000000000000000e+00
9.999520400000000420e-01 -9.310049100000000397e-03 3.038396200000000134e-03 4.073719599999999730e+01 9.323685899999999832e-03 9.999463800000000235e-01 -4.505278500000000318e-03 3.228616599999999948e-01 -2.996288900000000036e-03 4.533391500000000067e-03 9.999852399999999975e-01 5.966890599999999933e-01 0.000000000000000000e+00 0.000000000000000000e+00 0.000000000000000000e+00 1.000000000000000000e+00
9.999592400000000270e-01 -8.611326000000000744e-03 2.714990000000000025e-03 4.194125499999999818e+01 8.621619000000000504e-03 9.999555999999999445e-01 -3.802567399999999889e-03 3.396088500000000177e-01 -2.682124299999999809e-03 3.825820000000000175e-03 9.999890799999999746e-01 6.123083999999999749e-01 0.000000000000000000e+00 0.000000000000000000e+00 0.000000000000000000e+00 1.000000000000000000e+00
9.999594099999999930e-01 -8.669637100000000471e-03 2.451822800000000042e-03 4.313544499999999715e+01 8.676434199999999430e-03 9.999585100000000226e-01 -2.775328399999999786e-03 3.591723600000000238e-01 -2.427659999999999887e-03 2.796488900000000059e-03 9.999931399999999471e-01 6.284876900000000433e-01 0.000000000000000000e+00 0.000000000000000000e+00 0.000000000000000000e+00 1.000000000000000000e+00
9.999602199999999552e-01 -7.857206400000000396e-03 4.221916200000000105e-03 4.433027200000000079e+01 7.855530899999999331e-03 9.999690599999999652e-01 4.133056499999999923e-04 3.728876700000000044e-01 -4.225032999999999567e-03 -3.801238100000000220e-04 9.999909999999999632e-01 6.389357399999999743e-01 0.000000000000000000e+00 0.000000000000000000e+00 0.000000000000000000e+00 1.000000000000000000e+00
9.999526800000000382e-01 -6.553356399999999901e-03 7.189636099999999717e-03 4.554092099999999732e+01 6.550449800000000128e-03 9.999784499999999632e-01 4.277596099999999972e-04 3.934951199999999760e-01 -7.192284499999999914e-03 -3.806440199999999979e-04 9.999740599999999979e-01 6.532052400000000203e-01 0.000000000000000000e+00 0.000000000000000000e+00 0.000000000000000000e+00 1.000000000000000000e+00
9.999410499999999979e-01 -4.664396700000000145e-03 9.804926599999999604e-03 4.674167200000000122e+01 4.656056599999999768e-03 9.999887800000000215e-01 8.732641100000000005e-04 4.081930200000000175e-01 -9.808889799999999728e-03 -8.275603400000000219e-04 9.999515500000000223e-01 6.593598200000000409e-01 0.000000000000000000e+00 0.000000000000000000e+00 0.000000000000000000e+00 1.000000000000000000e+00
9.999114099999999450e-01 -2.540735399999999831e-03 1.306601599999999974e-02 4.794663200000000103e+01 2.530266599999999970e-03 9.999964599999999759e-01 8.176925399999999738e-04 4.146937900000000066e-01 -1.306804699999999930e-02 -7.845595999999999820e-04 9.999143000000000336e-01 6.638503100000000545e-01 0.000000000000000000e+00 0.000000000000000000e+00 0.000000000000000000e+00 1.000000000000000000e+00
9.998908399999999475e-01 -1.658555900000000015e-03 1.468177000000000024e-02 4.914035299999999751e+01 1.654474599999999950e-03 9.999985900000000205e-01 2.901208800000000011e-04 4.251321299999999970e-01 -1.468222999999999924e-02 -2.657986000000000203e-04 9.998921699999999690e-01 6.668717299999999959e-01 0.000000000000000000e+00 0.000000000000000000e+00 0.000000000000000000e+00 1.000000000000000000e+00
9.999123100000000264e-01 -7.448062599999999748e-05 1.324265600000000022e-02 5.035084799999999916e+01 8.618440099999999707e-05 9.999996100000000387e-01 -8.832252099999999889e-04 4.300917400000000002e-01 -1.324258499999999943e-02 8.842890699999999540e-04 9.999119199999999541e-01 6.664279699999999806e-01 0.000000000000000000e+00 0.000000000000000000e+00 0.000000000000000000e+00 1.000000000000000000e+00
9.999333500000000541e-01 1.732538899999999920e-03 1.141426299999999915e-02 5.155527099999999763e+01 -1.728377300000000011e-03 9.999984400000000440e-01 -3.744508300000000118e-04 4.372679400000000216e-01 -1.141489400000000008e-02 3.546977200000000054e-04 9.999347899999999623e-01 6.748860300000000256e-01 0.000000000000000000e+00 0.000000000000000000e+00 0.000000000000000000e+00 1.000000000000000000e+00
9.999388200000000060e-01 1.947114999999999914e-03 1.088876800000000006e-02 5.275262500000000188e+01 -1.947504299999999961e-03 9.999981000000000009e-01 2.515283300000000109e-05 4.452942899999999815e-01 -1.088869800000000047e-02 -4.635721600000000106e-05 9.999407200000000051e-01 6.635252600000000056e-01 0.000000000000000000e+00 0.000000000000000000e+00 0.000000000000000000e+00 1.000000000000000000e+00
9.999389199999999533e-01 2.757452899999999953e-03 1.070301400000000028e-02 5.396526099999999815e+01 -2.753052199999999824e-03 9.999961200000000439e-01 -4.258707600000000127e-04 4.427011399999999930e-01 -1.070414700000000066e-02 3.963787900000000065e-04 9.999426300000000545e-01 6.769978300000000226e-01 0.000000000000000000e+00 0.000000000000000000e+00 0.000000000000000000e+00 1.000000000000000000e+00
9.999536799999999559e-01 1.524233299999999940e-03 9.502874300000000232e-03 5.517254499999999950e+01 -1.516432500000000020e-03 9.999985099999999516e-01 -8.280447899999999898e-04 4.509977299999999856e-01 -9.504122199999999465e-03 8.135959699999999921e-04 9.999544999999999684e-01 6.849670500000000217e-01 0.000000000000000000e+00 0.000000000000000000e+00 0.000000000000000000e+00 1.000000000000000000e+00
9.999542999999999626e-01 -4.091147699999999997e-05 9.559876800000000410e-03 5.637546600000000296e+01 4.676034599999999935e-05 9.999998100000000445e-01 -6.115916199999999955e-04 4.573122499999999757e-01 -9.559849900000000344e-03 6.120106999999999848e-04 9.999541199999999463e-01 6.815080100000000529e-01 0.000000000000000000e+00 0.000000000000000000e+00 0.000000000000000000e+00 1.000000000000000000e+00
9.999399900000000008e-01 -9.837146499999999041e-04 1.091057200000000033e-02 5.758281900000000064e+01 9.935052700000000011e-04 9.999991099999999689e-01 -8.919679500000000190e-04 4.592139299999999924e-01 -1.090968500000000056e-02 9.027541299999999923e-04 9.999400800000000089e-01 6.909353400000000089e-01 0.000000000000000000e+00 0.000000000000000000e+00 0.000000000000000000e+00 1.000000000000000000e+00
9.999332899999999746e-01 -2.457137500000000033e-03 1.128602800000000003e-02 5.879082700000000017e+01 2.463904500000000004e-03 9.999967899999999688e-01 -5.857246599999999968e-04 4.702321400000000207e-01 -1.128455199999999978e-02 6.134932799999999681e-04 9.999361399999999733e-01 6.942222799999999694e-01 0.000000000000000000e+00 0.000000000000000000e+00 0.000000000000000000e+00 1.000000000000000000e+00
9.999350000000000183e-01 -2.487188300000000088e-03 1.112663600000000051e-02 5.999598999999999904e+01 2.482486600000000099e-03 9.999968200000000085e-01 4.363554699999999979e-04 4.745715500000000087e-01 -1.112768599999999948e-02 -4.087053899999999978e-04 9.999379999999999935e-01 6.985852900000000254e-01 0.000000000000000000e+00 0.000000000000000000e+00 0.000000000000000000e+00 1.000000000000000000e+00
9.999316799999999894e-01 -3.903581000000000151e-03 1.101811100000000057e-02 6.120231100000000168e+01 3.896809399999999913e-03 9.999922100000000480e-01 6.359886700000000163e-04 4.904421800000000053e-01 -1.102050700000000057e-02 -5.930097399999999979e-04 9.999390999999999696e-01 7.067880500000000010e-01 0.000000000000000000e+00 0.000000000000000000e+00 0.000000000000000000e+00 1.000000000000000000e+00
9.999421800000000138e-01 -4.036437900000000231e-03 9.966831900000000521e-03 6.241343700000000183e+01 4.037861099999999828e-03 9.999918399999999652e-01 -1.226784999999999876e-04 5.001344899999999871e-01 -9.966255400000000389e-03 1.629160900000000030e-04 9.999503199999999481e-01 7.100655399999999950e-01 0.000000000000000000e+00 0.000000000000000000e+00 0.000000000000000000e+00 1.000000000000000000e+00
9.999482800000000227e-01 -3.588686800000000059e-03 9.515819199999999214e-03 6.361804000000000059e+01 3.602054099999999967e-03 9.999925499999999801e-01 -1.387979699999999927e-03 5.059557599999999766e-01 -9.510767200000000768e-03 1.422184400000000085e-03 9.999537600000000248e-01 7.235831700000000533e-01 0.000000000000000000e+00 0.000000000000000000e+00 0.000000000000000000e+00 1.000000000000000000e+00
9.999367500000000408e-01 -4.395575700000000328e-03 1.035300500000000019e-02 6.481681899999999530e+01 4.404459500000000062e-03 9.999899500000000163e-01 -8.354464300000000133e-04 5.149911000000000350e-01 -1.034922899999999972e-02 8.809929800000000253e-04 9.999460599999999699e-01 7.316462299999999530e-01 0.000000000000000000e+00 0.000000000000000000e+00 0.000000000000000000e+00 1.000000000000000000e+00
9.999189200000000444e-01 -4.243354999999999870e-03 1.200634000000000076e-02 6.601883100000000582e+01 4.267278299999999885e-03 9.999889600000000378e-01 -1.967640200000000169e-03 5.161673599999999640e-01 -1.199785800000000013e-02 2.018714999999999919e-03 9.999259900000000423e-01 7.302572200000000402e-01 0.000000000000000000e+00 0.000000000000000000e+00 0.000000000000000000e+00 1.000000000000000000e+00
9.999287500000000328e-01 -4.929588000000000372e-03 1.087169800000000082e-02 6.721694599999999298e+01 4.942744199999999852e-03 9.999870800000000282e-01 -1.183597100000000025e-03 5.365307299999999557e-01 -1.086572300000000074e-02 1.237248800000000093e-03 9.999401999999999457e-01 7.410433300000000001e-01 0.000000000000000000e+00 0.000000000000000000e+00 0.000000000000000000e+00 1.000000000000000000e+00
9.999438899999999464e-01 -5.025075199999999576e-03 9.325894799999999776e-03 6.841348499999999433e+01 5.013836100000000282e-03 9.999866800000000167e-01 1.228137600000000010e-03 5.538007299999999633e-01 -9.331941999999999321e-03 -1.181310199999999937e-03 9.999557599999999713e-01 7.507222000000000062e-01 0.000000000000000000e+00 0.000000000000000000e+00 0.000000000000000000e+00 1.000000000000000000e+00
9.999430099999999655e-01 -4.603207899999999658e-03 9.632153200000000137e-03 6.961428800000000194e+01 4.575385799999999795e-03 9.999852999999999659e-01 2.908505699999999836e-03 5.651286599999999494e-01 -9.645400099999999755e-03 -2.864269200000000085e-03 9.999493799999999988e-01 7.510934799999999800e-01 0.000000000000000000e+00 0.000000000000000000e+00 0.000000000000000000e+00 1.000000000000000000e+00
9.999352700000000427e-01 -5.155811199999999796e-03 1.014274100000000026e-02 7.080309200000000658e+01 5.112621300000000021e-03 9.999777699999999880e-01 4.279539599999999944e-03 5.825917000000000456e-01 -1.016457999999999945e-02 -4.227406599999999730e-03 9.999394000000000338e-01 7.590216300000000027e-01 0.000000000000000000e+00 0.000000000000000000e+00 0.000000000000000000e+00 1.000000000000000000e+00
9.999381800000000098e-01 -4.388474499999999584e-03 1.021615000000000023e-02 7.199354999999999905e+01 4.325991500000000121e-03 9.999718499999999954e-01 6.130181999999999645e-03 5.914514600000000399e-01 -1.024276399999999969e-02 -6.085608099999999764e-03 9.999290199999999462e-01 7.615440300000000384e-01 0.000000000000000000e+00 0.000000000000000000e+00 0.000000000000000000e+00 1.000000000000000000e+00
9.999295799999999845e-01 -3.717703900000000027e-03 1.126995400000000043e-02 7.318072999999999695e+01 3.640793800000000080e-03 9.999700000000000255e-01 6.837201499999999953e-03 6.069754400000000327e-01 -1.129503400000000067e-02 -6.795688499999999986e-03 9.999131199999999886e-01 7.753159899999999549e-01 0.000000000000000000e+00 0.000000000000000000e+00 0.000000000000000000e+00 1.000000000000000000e+00
9.999265800000000093e-01 -2.148121700000000037e-03 1.192598599999999953e-02 7.436851099999999803e+01 2.048673799999999826e-03 9.999630800000000042e-01 8.344723899999999944e-03 6.160907300000000308e-01 -1.194347100000000064e-02 -8.319678800000000762e-03 9.998940600000000289e-01 7.730300399999999739e-01 0.000000000000000000e+00 0.000000000000000000e+00 0.000000000000000000e+00 1.000000000000000000e+00
9.999463400000000446e-01 1.330156500000000044e-03 1.027370600000000050e-02 7.554425299999999766e+01 -1.399872099999999956e-03 9.999760199999999655e-01 6.781622799999999576e-03 6.186638199999999754e-01 -1.026443900000000020e-02 -6.795640799999999766e-03 9.999242299999999695e-01 7.788512499999999950e-01 0.000000000000000000e+00 0.000000000000000000e+00 0.000000000000000000e+00 1.000000000000000000e+00
9.999794100000000130e-01 3.439487800000000026e-03 5.417640799999999882e-03 7.671776400000000251e+01 -3.462718400000000182e-03 9.999848300000000467e-01 4.284424600000000423e-03 6.191535200000000128e-01 -5.402822399999999969e-03 -4.303096099999999778e-03 9.999761499999999526e-01 8.013432799999999911e-01 0.000000000000000000e+00 0.000000000000000000e+00 0.000000000000000000e+00 1.000000000000000000e+00
9.999720500000000012e-01 6.164911500000000086e-03 4.230305900000000049e-03 7.790023600000000670e+01 -6.188366499999999569e-03 9.999654300000000440e-01 5.554016499999999898e-03 6.171660700000000110e-01 -4.195919600000000416e-03 -5.580039900000000053e-03 9.999756300000000042e-01 8.035426199999999852e-01 0.000000000000000000e+00 0.000000000000000000e+00 0.000000000000000000e+00 1.000000000000000000e+00
9.999323300000000359e-01 8.562792600000000698e-03 7.875307600000000866e-03 7.908338000000000534e+01 -8.601405200000000403e-03 9.999510900000000424e-01 4.882268399999999640e-03 6.159400400000000220e-01 -7.833116600000000415e-03 -4.949676699999999881e-03 9.999570700000000034e-01 8.124300199999999750e-01 0.000000000000000000e+00 0.000000000000000000e+00 0.000000000000000000e+00 1.000000000000000000e+00
9.998870100000000205e-01 1.181488500000000066e-02 9.294322400000000831e-03 8.025739000000000090e+01 -1.185211499999999987e-02 9.999219200000000196e-01 3.960854599999999968e-03 6.097285799999999645e-01 -9.246799599999999328e-03 -4.070564500000000210e-03 9.999489599999999978e-01 8.237851999999999952e-01 0.000000000000000000e+00 0.000000000000000000e+00 0.000000000000000000e+00 1.000000000000000000e+00
9.998368399999999490e-01 1.637917599999999876e-02 7.616703199999999910e-03 8.143290100000000109e+01 -1.642221500000000042e-02 9.998493400000000308e-01 5.622829999999999669e-03 5.983637600000000223e-01 -7.523458400000000365e-03 -5.746995700000000207e-03 9.999551800000000545e-01 8.287312000000000012e-01 0.000000000000000000e+00 0.000000000000000000e+00 0.000000000000000000e+00 1.000000000000000000e+00
9.997950799999999472e-01 1.966092900000000060e-02 4.821668299999999976e-03 8.259365800000000490e+01 -1.968151699999999907e-02 9.997972200000000420e-01 4.260331099999999614e-03 5.812573800000000457e-01 -4.736928599999999830e-03 -4.354355800000000130e-03 9.999793000000000154e-01 8.424168300000000054e-01 0.000000000000000000e+00 0.000000000000000000e+00 0.000000000000000000e+00 1.000000000000000000e+00
9.997246100000000135e-01 2.342749499999999957e-02 1.362683400000000086e-03 8.375865600000000200e+01 -2.343251199999999909e-02 9.997182399999999802e-01 3.790377000000000156e-03 5.582924400000000009e-01 -1.273500400000000029e-03 -3.821264300000000100e-03 9.999918899999999944e-01 8.600750999999999813e-01 0.000000000000000000e+00 0.000000000000000000e+00 0.000000000000000000e+00 1.000000000000000000e+00
9.996510199999999458e-01 2.641308900000000071e-02 4.320986800000000023e-04 8.491637599999999964e+01 -2.641420800000000152e-02 9.996470800000000212e-01 2.830869100000000214e-03 5.346788900000000178e-01 -3.571741800000000186e-04 -2.841294700000000090e-03 9.999959000000000486e-01 8.744692800000000155e-01 0.000000000000000000e+00 0.000000000000000000e+00 0.000000000000000000e+00 1.000000000000000000e+00
9.995449600000000379e-01 3.010055400000000159e-02 1.956376299999999790e-03 8.607018300000000011e+01 -3.010493300000000039e-02 9.995442100000000440e-01 2.248976599999999958e-03 5.000082500000000429e-01 -1.887789200000000028e-03 -2.306849799999999978e-03 9.999955600000000056e-01 8.902215999999999463e-01 0.000000000000000000e+00 0.000000000000000000e+00 0.000000000000000000e+00 1.000000000000000000e+00
9.994145300000000232e-01 3.410649600000000004e-02 2.710347300000000206e-03 8.724610500000000002e+01 -3.411584799999999723e-02 9.994118199999999508e-01 3.482714300000000138e-03 4.696772799999999748e-01 -2.589970000000000033e-03 -3.573141100000000198e-03 9.999902600000000197e-01 9.068703099999999573e-01 0.000000000000000000e+00 0.000000000000000000e+00 0.000000000000000000e+00 1.000000000000000000e+00
9.992999999999999661e-01 3.740619199999999783e-02 5.269462700000000386e-04 8.839194700000000182e+01 -3.740762899999999780e-02 9.992954400000000348e-01 3.049116699999999958e-03 4.297595699999999797e-01 -4.125191500000000228e-04 -3.066694200000000085e-03 9.999952100000000232e-01 9.229893200000000020e-01 0.000000000000000000e+00 0.000000000000000000e+00 0.000000000000000000e+00 1.000000000000000000e+00
9.991403599999999496e-01 4.142026499999999778e-02 -1.703059800000000096e-03 8.954423199999999383e+01 -4.141495700000000224e-02 9.991373999999999533e-01 3.042305199999999991e-03 3.871958500000000081e-01 1.827603799999999966e-03 -2.969157799999999885e-03 9.999939199999999806e-01 9.366335399999999867e-01 0.000000000000000000e+00 0.000000000000000000e+00 0.000000000000000000e+00 1.000000000000000000e+00
9.990151499999999629e-01 4.432350000000000179e-02 -2.038243500000000083e-03 9.068669300000000533e+01 -4.431638000000000244e-02 9.990117099999999972e-01 3.415039500000000092e-03 3.405226700000000273e-01 2.187595699999999883e-03 -3.321348699999999814e-03 9.999920900000000001e-01 9.559540199999999599e-01 0.000000000000000000e+00 0.000000000000000000e+00 0.000000000000000000e+00 1.000000000000000000e+00
9.988801099999999877e-01 4.730661800000000167e-02 -7.850295100000000440e-04 9.183413799999999583e+01 -4.730515400000000203e-02 9.988788800000000245e-01 1.788685400000000064e-03 2.948228600000000199e-01 8.687660499999999997e-04 -1.749546299999999929e-03 9.999980899999999506e-01 9.741748199999999969e-01 0.000000000000000000e+00 0.000000000000000000e+00 0.000000000000000000e+00 1.000000000000000000e+00
9.987372300000000314e-01 5.023628599999999805e-02 5.202990099999999602e-04 9.299912600000000396e+01 -5.023683000000000315e-02 9.987367400000000117e-01 1.091763099999999969e-03 2.419330199999999986e-01 -4.647956099999999997e-04 -1.116522599999999988e-03 9.999992699999999957e-01 9.904572699999999452e-01 0.000000000000000000e+00 0.000000000000000000e+00 0.000000000000000000e+00 1.000000000000000000e+00
9.986196699999999593e-01 5.247348300000000132e-02 2.301594100000000157e-03 9.415446799999999428e+01 -5.247447499999999959e-02 9.986222000000000154e-01 3.730257200000000237e-04 1.869090499999999933e-01 -2.278848999999999892e-03 -4.932857699999999498e-04 9.999972799999999884e-01 1.006331700000000051e+00 0.000000000000000000e+00 0.000000000000000000e+00 0.000000000000000000e+00 1.000000000000000000e+00
9.984454999999999858e-01 5.564654399999999917e-02 3.170095500000000115e-03 9.530433399999999722e+01 -5.564294999999999658e-02 9.984499999999999487e-01 -1.210802599999999960e-03 1.258370900000000125e-01 -3.232558799999999798e-03 1.032526900000000063e-03 9.999942400000000342e-01 1.018113000000000046e+00 0.000000000000000000e+00 0.000000000000000000e+00 0.000000000000000000e+00 1.000000000000000000e+00
9.983478000000000074e-01 5.744644799999999718e-02 1.254749299999999984e-03 9.646381599999999423e+01 -5.744375699999999807e-02 9.983465700000000442e-01 -2.085191200000000196e-03 6.535089800000000448e-02 -1.372461499999999904e-03 2.009668599999999816e-03 9.999970400000000037e-01 1.038229700000000033e+00 0.000000000000000000e+00 0.000000000000000000e+00 0.000000000000000000e+00 1.000000000000000000e+00
9.982222800000000174e-01 5.955106999999999762e-02 -2.438147400000000020e-03 9.762574700000000405e+01 -5.956001300000000193e-02 9.982175899999999880e-01 -3.775897500000000018e-03 -1.721968799999999992e-03 2.208942800000000036e-03 3.914401100000000112e-03 9.999898999999999871e-01 1.053493000000000013e+00 0.000000000000000000e+00 0.000000000000000000e+00 0.000000000000000000e+00 1.000000000000000000e+00
9.980538399999999699e-01 6.213893599999999878e-02 -5.222735000000000051e-03 9.878296199999999772e+01 -6.215395900000000168e-02 9.980627399999999483e-01 -2.765018599999999934e-03 -6.169042200000000170e-02 5.040801900000000009e-03 3.084251100000000127e-03 9.999825399999999753e-01 1.066139799999999971e+00 0.000000000000000000e+00 0.000000000000000000e+00 0.000000000000000000e+00 1.000000000000000000e+00
9.979707399999999673e-01 6.334254400000000063e-02 -6.490041299999999881e-03 9.995055700000000343e+01 -6.336040799999999307e-02 9.979873599999999900e-01 -2.584830199999999835e-03 -1.345235499999999917e-01 6.313249400000000081e-03 2.990796600000000197e-03 9.999755999999999645e-01 1.085281900000000022e+00 0.000000000000000000e+00 0.000000000000000000e+00 0.000000000000000000e+00 1.000000000000000000e+00
9.979037899999999572e-01 6.444163899999999501e-02 -5.940840600000000388e-03 1.011167099999999976e+02 -6.445773999999999948e-02 9.979171500000000306e-01 -2.559643600000000106e-03 -2.025054299999999863e-01 5.763519100000000402e-03 2.937211199999999970e-03 9.999790800000000202e-01 1.103915500000000049e+00 0.000000000000000000e+00 0.000000000000000000e+00 0.000000000000000000e+00 1.000000000000000000e+00
9.979839299999999636e-01 6.333940300000000245e-02 -4.023655800000000386e-03 1.022996299999999934e+02 -6.334904800000000502e-02 9.979887400000000408e-01 -2.316510099999999957e-03 -2.704862900000000181e-01 3.868836799999999902e-03 2.566734599999999974e-03 9.999892200000000120e-01 1.124218399999999951e+00 0.000000000000000000e+00 0.000000000000000000e+00 0.000000000000000000e+00 1.000000000000000000e+00
9.980798300000000012e-01 6.188361400000000345e-02 -2.659126800000000210e-03 1.034830400000000026e+02 -6.189159400000000116e-02 9.980782700000000451e-01 -3.031441199999999805e-03 -3.439532900000000226e-01 2.466420200000000052e-03 3.190197899999999958e-03 9.999918700000000049e-01 1.148758399999999957e+00 0.000000000000000000e+00 0.000000000000000000e+00 0.000000000000000000e+00 1.000000000000000000e+00
9.981671199999999633e-01 6.049067999999999806e-02 -1.810904699999999921e-03 1.046625599999999991e+02 -6.049541399999999736e-02 9.981648699999999819e-01 -2.684589099999999846e-03 -4.102922900000000039e-01 1.645188799999999958e-03 2.789219999999999807e-03 9.999947599999999825e-01 1.160694799999999915e+00 0.000000000000000000e+00 0.000000000000000000e+00 0.000000000000000000e+00 1.000000000000000000e+00
9.983491899999999974e-01 5.742568099999999925e-02 -1.085807399999999968e-03 1.058723800000000068e+02 -5.742852200000000268e-02 9.983457000000000026e-01 -2.796719799999999867e-03 -4.773645799999999828e-01 9.234075900000000316e-04 2.854459199999999797e-03 9.999955000000000371e-01 1.180749999999999966e+00 0.000000000000000000e+00 0.000000000000000000e+00 0.000000000000000000e+00 1.000000000000000000e+00
9.984877399999999570e-01 5.496256299999999900e-02 -1.158334700000000035e-03 1.070619400000000070e+02 -5.496476299999999982e-02 9.984863699999999564e-01 -1.961726500000000178e-03 -5.364683500000000382e-01 1.048759899999999893e-03 2.022427499999999989e-03 9.999974000000000363e-01 1.193868099999999988e+00 0.000000000000000000e+00 0.000000000000000000e+00 0.000000000000000000e+00 1.000000000000000000e+00
9.987150399999999983e-01 5.065032800000000140e-02 -1.674405199999999972e-03 1.082753600000000063e+02 -5.065113499999999991e-02 9.987163100000000515e-01 -4.428406699999999879e-04 -5.934952999999999479e-01 1.649825800000000002e-03 5.270821600000000174e-04 9.999985000000000124e-01 1.210953100000000004e+00 0.000000000000000000e+00 0.000000000000000000e+00 0.000000000000000000e+00 1.000000000000000000e+00
9.989056800000000180e-01 4.674944600000000006e-02 -1.387471199999999998e-03 1.094866499999999974e+02 -4.675007400000000257e-02 9.989065299999999592e-01 -4.234628200000000223e-04 -6.450801200000000346e-01 1.366157399999999925e-03 4.878638000000000028e-04 9.999989500000000531e-01 1.228028200000000014e+00 0.000000000000000000e+00 0.000000000000000000e+00 0.000000000000000000e+00 1.000000000000000000e+00
9.990608800000000400e-01 4.332757999999999748e-02 -2.788372199999999751e-04 1.106813400000000058e+02 -4.332752799999999710e-02 9.990609000000000295e-01 1.868230699999999880e-04 -6.912602199999999808e-01 2.866699499999999742e-04 -1.745662900000000020e-04 9.999999400000000316e-01 1.242662799999999956e+00 0.000000000000000000e+00 0.000000000000000000e+00 0.000000000000000000e+00 1.000000000000000000e+00
9.992629400000000439e-01 3.837735899999999978e-02 8.645991599999999777e-04 1.119094900000000052e+02 -3.837755200000000227e-02 9.992632900000000262e-01 2.079129700000000112e-04 -7.348553100000000393e-01 -8.559830499999999563e-04 -2.409409199999999903e-04 9.999995999999999885e-01 1.259908599999999934e+00 0.000000000000000000e+00 0.000000000000000000e+00 0.000000000000000000e+00 1.000000000000000000e+00
9.993954699999999525e-01 3.474201799999999951e-02 1.301914599999999924e-03 1.131109299999999962e+02 -3.474249499999999824e-02 9.993962400000000468e-01 3.455348600000000218e-04 -7.790940100000000035e-01 -1.289123899999999965e-03 -3.905577299999999914e-04 9.999990899999999794e-01 1.274541900000000005e+00 0.000000000000000000e+00 0.000000000000000000e+00 0.000000000000000000e+00 1.000000000000000000e+00
9.995708100000000318e-01 2.925244600000000139e-02 1.575398300000000092e-03 1.143541900000000027e+02 -2.925370500000000137e-02 9.995717100000000022e-01 7.816733100000000439e-04 -8.099032900000000534e-01 -1.551857700000000041e-03 -8.274240599999999751e-04 9.999984499999999832e-01 1.292113199999999962e+00 0.000000000000000000e+00 0.000000000000000000e+00 0.000000000000000000e+00 1.000000000000000000e+00
9.997035399999999461e-01 2.430582800000000154e-02 1.431477000000000010e-03 1.155723700000000065e+02 -2.430791800000000127e-02 9.997034500000000490e-01 1.461072099999999926e-03 -8.336512600000000051e-01 -1.395539899999999984e-03 -1.495435200000000105e-03 9.999979100000000454e-01 1.305590000000000028e+00 0.000000000000000000e+00 0.000000000000000000e+00 0.000000000000000000e+00 1.000000000000000000e+00
9.997976400000000430e-01 2.008995800000000151e-02 1.035209700000000064e-03 1.167764399999999938e+02 -2.009205099999999966e-02 9.997960299999999467e-01 2.052702899999999872e-03 -8.532747800000000105e-01 -9.937598700000000850e-04 -2.073086999999999933e-03 9.999973599999999463e-01 1.321369000000000016e+00 0.000000000000000000e+00 0.000000000000000000e+00 0.000000000000000000e+00 1.000000000000000000e+00
