1.000000000000000000e+00 0.000000000000000000e+00 0.000000000000000000e+00 0.000000000000000000e+00 0.000000000000000000e+00 1.000000000000000000e+00 0.000000000000000000e+00 0.000000000000000000e+00 0.000000000000000000e+00 0.000000000000000000e+00 1.000000000000000000e+00 0.000000000000000000e+00 0.000000000000000000e+00 0.000000000000000000e+00 0.000000000000000000e+00 1.000000000000000000e+00
9.999983999999999540e-01 1.777379300000000040e-03 -1.995005299999999938e-04 1.200045400000000040e+00 -1.777245100000000031e-03 9.999981999999999482e-01 6.709001399999999730e-04 5.990563299999999633e-03 2.006926199999999982e-04 -6.705445100000000450e-04 9.999997600000000153e-01 1.824448099999999989e-02 0.000000000000000000e+00 0.000000000000000000e+00 0.000000000000000000e+00 1.000000000000000000e+00
9.999942499999999734e-01 3.384816499999999864e-03 2.171405400000000086e-04 2.399500600000000095e+00 -3.385018000000000055e-03 9.999938299999999725e-01 9.342289800000000421e-04 6.780349300000000287e-03 -2.139770100000000020e-04 -9.349586300000000327e-04 9.999995400000000201e-01 2.934421599999999936e-02 0.000000000000000000e+00 0.000000000000000000e+00 0.000000000000000000e+00 1.000000000000000000e+00
9.999903100000000489e-01 4.396649800000000143e-03 2.225967400000000056e-04 3.600028700000000192e+00 -4.396740799999999949e-03 9.999902499999999694e-01 4.101547299999999869e-04 6.817560799999999692e-03 -2.207912600000000122e-04 -4.111294599999999917e-04 9.999998900000000024e-01 4.709768100000000235e-02 0.000000000000000000e+00 0.000000000000000000e+00 0.000000000000000000e+00 1.000000000000000000e+00
9.999863300000000343e-01 5.203144800000000098e-03 5.226987799999999618e-04 4.792288499999999729e+00 -5.203263700000000311e-03 9.999864400000000320e-01 2.263422899999999887e-04 5.054472200000000026e-03 -5.215140000000000487e-04 -2.290589400000000130e-04 9.999998399999999732e-01 6.723386800000000219e-02 0.000000000000000000e+00 0.000000000000000000e+00 0.000000000000000000e+00 1.000000000000000000e+00
9.999808500000000322e-01 6.177662000000000431e-03 3.566055200000000009e-04 5.992656700000000392e+00 -6.177652100000000090e-03 9.999809200000000509e-01 -2.889881800000000111e-05 3.989131800000000200e-03 -3.567772399999999790e-04 2.669528000000000032e-05 9.999999400000000316e-01 8.096861800000000609e-02 0.000000000000000000e+00 0.000000000000000000e+00 0.000000000000000000e+00 1.000000000000000000e+00
9.999741699999999955e-01 7.183568900000000292e-03 -2.555279000000000036e-04 7.188461000000000212e+00 -7.183599100000000182e-03 9.999741899999999850e-01 -1.177284900000000022e-04 6.518957799999999976e-03 2.546755900000000246e-04 1.195610599999999933e-04 9.999999600000000211e-01 1.022612900000000047e-01 0.000000000000000000e+00 0.000000000000000000e+00 0.000000000000000000e+00 1.000000000000000000e+00
9.999688100000000412e-01 7.876399200000000142e-03 -5.781677599999999811e-04 8.387963199999999730e+00 -7.876172900000000601e-03 9.999689099999999886e-01 3.926453400000000024e-04 -1.372367799999999990e-04 5.812424100000000314e-04 -3.880793399999999923e-04 9.999997600000000153e-01 1.166424800000000067e-01 0.000000000000000000e+00 0.000000000000000000e+00 0.000000000000000000e+00 1.000000000000000000e+00
9.999656999999999574e-01 8.260659099999999658e-03 5.940129700000000177e-04 9.596447700000000580e+00 -8.260735999999999427e-03 9.999658700000000344e-01 1.270053100000000026e-04 -1.035015199999999962e-02 -5.929435500000000431e-04 -1.319079300000000068e-04 9.999998199999999837e-01 1.380450699999999919e-01 0.000000000000000000e+00 0.000000000000000000e+00 0.000000000000000000e+00 1.000000000000000000e+00
9.999736000000000180e-01 7.139156300000000337e-03 1.351714699999999976e-03 1.079249199999999931e+01 -7.138233299999999573e-03 9.999742900000000434e-01 -6.864462000000000211e-04 -1.178968799999999956e-02 -1.356580600000000013e-03 6.767792199999999540e-04 9.999988499999999947e-01 1.522299799999999870e-01 0.000000000000000000e+00 0.000000000000000000e+00 0.000000000000000000e+00 1.000000000000000000e+00
9.999874699999999894e-01 4.884130799999999821e-03 1.100279700000000036e-03 1.199587000000000003e+01 -4.881849899999999610e-03 9.999859500000000123e-01 -2.066256800000000095e-03 -1.218142200000000078e-02 -1.110356100000000094e-03 2.060859500000000125e-03 9.999972599999999989e-01 1.692806599999999995e-01 0.000000000000000000e+00 0.000000000000000000e+00 0.000000000000000000e+00 1.000000000000000000e+00
9.999958700000000089e-01 2.799555200000000080e-03 6.472263299999999686e-04 1.318564399999999992e+01 -2.798289900000000118e-03 9.999941900000000050e-01 -1.947587699999999995e-03 -1.135753599999999967e-02 -6.526749500000000046e-04 1.945768500000000017e-03 9.999978899999999449e-01 1.872832000000000108e-01 0.000000000000000000e+00 0.000000000000000000e+00 0.000000000000000000e+00 1.000000000000000000e+00
9.999987000000000181e-01 1.436872700000000084e-03 7.345893399999999527e-04 1.437753299999999967e+01 -1.435619400000000094e-03 9.999975199999999731e-01 -1.703801000000000013e-03 7.747318700000000238e-03 -7.370356599999999987e-04 1.702744099999999993e-03 9.999982800000000172e-01 2.024091199999999979e-01 0.000000000000000000e+00 0.000000000000000000e+00 0.000000000000000000e+00 1.000000000000000000e+00
9.999998399999999732e-01 3.600577700000000118e-04 4.427802400000000024e-04 1.557254799999999939e+01 -3.599795899999999908e-04 9.999999200000000421e-01 -1.766274400000000051e-04 2.368560100000000057e-02 -4.428438000000000036e-04 1.764680199999999930e-04 9.999998900000000024e-01 2.177525399999999944e-01 0.000000000000000000e+00 0.000000000000000000e+00 0.000000000000000000e+00 1.000000000000000000e+00
9.999997299999999756e-01 2.867616699999999937e-04 6.824837600000000035e-04 1.676748399999999961e+01 -2.866383799999999748e-04 9.999999400000000316e-01 -1.807388099999999922e-04 3.354759999999999687e-02 -6.825355500000000351e-04 1.805431299999999913e-04 9.999997499999999651e-01 2.364524100000000018e-01 0.000000000000000000e+00 0.000000000000000000e+00 0.000000000000000000e+00 1.000000000000000000e+00
9.999995099999999804e-01 4.129019999999999847e-04 9.037483800000000074e-04 1.796810199999999824e+01 -4.118861700000000050e-04 9.999992800000000459e-01 -1.123908500000000022e-03 4.445469800000000082e-02 -9.042117999999999814e-04 1.123535699999999964e-03 9.999989599999999923e-01 2.513561799999999846e-01 0.000000000000000000e+00 0.000000000000000000e+00 0.000000000000000000e+00 1.000000000000000000e+00
9.999993700000000540e-01 -4.823413999999999827e-04 1.011633100000000098e-03 1.916118700000000175e+01 4.837461399999999959e-04 9.999989200000000134e-01 -1.388799700000000045e-03 5.237408100000000288e-02 -1.010962100000000049e-03 1.389288200000000093e-03 9.999985200000000019e-01 2.683314099999999924e-01 0.000000000000000000e+00 0.000000000000000000e+00 0.000000000000000000e+00 1.000000000000000000e+00
9.999996599999999569e-01 -7.536315200000000313e-04 3.361162099999999930e-04 2.036125900000000044e+01 7.541147200000000066e-04 9.999986800000000287e-01 -1.439811199999999894e-03 6.687931900000000651e-02 -3.350306799999999891e-04 1.440064200000000082e-03 9.999989099999999631e-01 2.857484900000000216e-01 0.000000000000000000e+00 0.000000000000000000e+00 0.000000000000000000e+00 1.000000000000000000e+00
9.999982699999999669e-01 -1.750034500000000092e-03 -6.294941399999999564e-04 2.155599399999999832e+01 1.749558100000000050e-03 9.999981799999999588e-01 -7.564612399999999558e-04 7.714862799999999687e-02 6.308168300000000167e-04 7.553585899999999470e-04 9.999995200000000306e-01 3.056526800000000099e-01 0.000000000000000000e+00 0.000000000000000000e+00 0.000000000000000000e+00 1.000000000000000000e+00
9.999972099999999697e-01 -2.347005799999999937e-03 -2.509669400000000207e-04 2.274855200000000011e+01 2.346819100000000023e-03 9.999969699999999850e-01 -7.418479700000000414e-04 9.438831799999999883e-02 2.527073000000000123e-04 7.412569300000000031e-04 9.999996899999999966e-01 3.208619400000000121e-01 0.000000000000000000e+00 0.000000000000000000e+00 0.000000000000000000e+00 1.000000000000000000e+00
9.999969600000000458e-01 -2.436405200000000063e-03 -3.885232599999999844e-04 2.395204000000000022e+01 2.436141900000000048e-03 9.999968000000000190e-01 -6.768723699999999515e-04 1.142046599999999995e-01 3.901711500000000260e-04 6.759238099999999479e-04 9.999997000000000469e-01 3.389387099999999764e-01 0.000000000000000000e+00 0.000000000000000000e+00 0.000000000000000000e+00 1.000000000000000000e+00
9.999937199999999748e-01 -3.396931000000000169e-03 -1.011025399999999951e-03 2.514557599999999837e+01 3.396590399999999815e-03 9.999941700000000155e-01 -3.383954200000000175e-04 1.384046200000000060e-01 1.012169000000000046e-03 3.349592499999999931e-04 9.999994300000000225e-01 3.574171800000000010e-01 0.000000000000000000e+00 0.000000000000000000e+00 0.000000000000000000e+00 1.000000000000000000e+00
9.999944699999999687e-01 -3.293628600000000038e-03 -4.596379499999999891e-04 2.635369700000000037e+01 3.293738400000000184e-03 9.999945500000000376e-01 2.382259099999999995e-04 1.739121499999999876e-01 4.588508099999999749e-04 -2.397385200000000101e-04 9.999998700000000129e-01 3.736630000000000229e-01 0.000000000000000000e+00 0.000000000000000000e+00 0.000000000000000000e+00 1.000000000000000000e+00
9.999900699999999532e-01 -4.262961200000000075e-03 1.297757199999999929e-03 2.754191799999999901e+01 4.264466100000000211e-03 9.999902400000000302e-01 -1.159036499999999961e-03 1.826952099999999968e-01 -1.292803599999999909e-03 1.164559199999999975e-03 9.999984899999999621e-01 3.880950599999999917e-01 0.000000000000000000e+00 0.000000000000000000e+00 0.000000000000000000e+00 1.000000000000000000e+00
9.999858499999999539e-01 -5.092435200000000259e-03 1.540972899999999918e-03 2.873817199999999872e+01 5.095714000000000320e-03 9.999847499999999778e-01 -2.131334899999999793e-03 1.930024599999999868e-01 -1.530095700000000001e-03 2.139157100000000072e-03 9.999965400000000448e-01 4.093663499999999900e-01 0.000000000000000000e+00 0.000000000000000000e+00 0.000000000000000000e+00 1.000000000000000000e+00
9.999853800000000348e-01 -5.388244199999999567e-03 4.612412900000000177e-04 2.994661100000000076e+01 5.389375200000000136e-03 9.999823799999999485e-01 -2.486890500000000018e-03 2.122218999999999911e-01 -4.478331900000000199e-04 2.489340000000000042e-03 9.999968000000000190e-01 4.228903900000000049e-01 0.000000000000000000e+00 0.000000000000000000e+00 0.000000000000000000e+00 1.000000000000000000e+00
9.999770399999999837e-01 -6.767385300000000430e-03 -3.585765299999999866e-04 3.113777800000000084e+01 6.766353499999999861e-03 9.999731699999999668e-01 -2.804646499999999786e-03 2.182118700000000022e-01 3.775470299999999840e-04 2.802155800000000023e-03 9.999959999999999960e-01 4.410581199999999980e-01 0.000000000000000000e+00 0.000000000000000000e+00 0.000000000000000000e+00 1.000000000000000000e+00
9.999739199999999606e-01 -7.205155000000000413e-03 -4.903496000000000460e-04 3.235045000000000215e+01 7.203935499999999589e-03 9.999710600000000227e-01 -2.444844399999999973e-03 2.306192099999999912e-01 5.079508899999999813e-04 2.441248200000000097e-03 9.999968900000000271e-01 4.559361100000000055e-01 0.000000000000000000e+00 0.000000000000000000e+00 0.000000000000000000e+00 1.000000000000000000e+00
9.999678699999999809e-01 -8.016450099999999218e-03 4.399133099999999821e-05 3.353464600000000218e+01 8.016543699999999911e-03 9.999637000000000109e-01 -2.886575599999999936e-03 2.456445999999999907e-01 -2.084964500000000085e-05 2.886835600000000127e-03 9.999958300000000300e-01 4.729446099999999875e-01 0.000000000000000000e+00 0.000000000000000000e+00 0.000000000000000000e+00 1.000000000000000000e+00
9.999628000000000405e-01 -8.619978299999999163e-03 3.217163600000000193e-04 3.473618299999999692e+01 8.620875000000000066e-03 9.999586400000000097e-01 -2.898217399999999944e-03 2.663825000000000220e-01 -2.967204800000000251e-04 2.900883099999999968e-03 9.999957499999999611e-01 4.921277499999999749e-01 0.000000000000000000e+00 0.000000000000000000e+00 0.000000000000000000e+00 1.000000000000000000e+00
9.999615400000000376e-01 -8.770435499999999773e-03 1.978896600000000009e-05 3.594844799999999907e+01 8.770437400000000855e-03 9.999517900000000070e-01 -4.414916199999999701e-03 2.832023200000000074e-01 1.893272500000000092e-05 4.414919899999999661e-03 9.999902499999999694e-01 5.115315999999999752e-01 0.000000000000000000e+00 0.000000000000000000e+00 0.000000000000000000e+00 1.000000000000000000e+00
9.999546200000000162e-01 -9.524109200000000289e-03 2.237564099999999917e-04 3.712969700000000017e+01 9.524869499999999781e-03 9.999478400000000322e-01 -3.686195599999999954e-03 2.987665899999999986e-01 -1.886370100000000041e-04 3.688159600000000087e-03 9.999931800000000370e-01 5.249809100000000228e-01 0.000000000000000000e+00 0.000000000000000000e+00 0.000000000000000000e+00 1.000000000000000000e+00
9.999564499999999967e-01 -9.311908199999999886e-03 6.173623299999999713e-04 3.834571799999999797e+01 9.314878500000000131e-03 9.999441300000000421e-01 -4.996910799999999646e-03 3.187003800000000053e-01 -5.707970600000000349e-04 5.002443900000000387e-03 9.999873200000000129e-01 5.437646699999999500e-01 0.000000000000000000e+00 0.000000000000000000e+00 0.000000000000000000e+00 1.000000000000000000e+00
9.999521599999999788e-01 -9.624834299999999315e-03 1.746495800000000091e-03 3.953822999999999865e+01 9.632023400000000110e-03 9.999449799999999833e-01 -4.155633199999999791e-03 3.435238500000000195e-01 -1.706402400000000012e-03 4.172256600000000260e-03 9.999898400000000187e-01 5.606133100000000313e-01 0.000000000000000000e+00 0.000000000000000000e+00 0.000000000000000000e+00 1.000000000000000000e+00
9.999501400000000428e-01 -9.585736100000000551e-03 2.799143999999999938e-03 4.074515900000000101e+01 9.596939400000000647e-03 9.999458799999999536e-01 -4.016806500000000106e-03 3.590354399999999835e-01 -2.760488499999999915e-03 4.043469400000000193e-03 9.999880100000000382e-01 5.764077300000000070e-01 0.000000000000000000e+00 0.000000000000000000e+00 0.000000000000000000e+00 1.000000000000000000e+00
9.999550999999999856e-01 -9.154897400000000518e-03 2.447873199999999784e-03 4.195096300000000156e+01 9.163329600000000644e-03 9.999520400000000420e-01 -3.455998799999999895e-03 3.753662999999999861e-01 -2.416116500000000007e-03 3.478274300000000051e-03 9.999910300000000030e-01 5.924966299999999686e-01 0.000000000000000000e+00 0.000000000000000000e+00 0.000000000000000000e+00 1.000000000000000000e+00
9.999544799999999789e-01 -9.241700800000000535e-03 2.374019599999999987e-03 4.314732300000000009e+01 9.247561799999999901e-03 9.999541899999999650e-01 -2.469793200000000143e-03 3.942319100000000187e-01 -2.351085799999999993e-03 2.491634700000000188e-03 9.999941300000000366e-01 6.082900399999999763e-01 0.000000000000000000e+00 0.000000000000000000e+00 0.000000000000000000e+00 1.000000000000000000e+00
9.999568599999999474e-01 -8.369666899999999438e-03 4.027394699999999918e-03 4.434494399999999814e+01 8.367734199999999137e-03 9.999648700000000057e-01 4.964925300000000126e-04 4.129179599999999728e-01 -4.031408700000000019e-03 -4.627709399999999735e-04 9.999917699999999465e-01 6.186335200000000478e-01 0.000000000000000000e+00 0.000000000000000000e+00 0.000000000000000000e+00 1.000000000000000000e+00
9.999516999999999989e-01 -6.993560299999999896e-03 6.906155599999999964e-03 4.554660700000000162e+01 6.991029000000000167e-03 9.999754899999999669e-01 3.906023700000000242e-04 4.298298999999999870e-01 -6.908718000000000324e-03 -3.423023699999999886e-04 9.999760800000000449e-01 6.318080299999999649e-01 0.000000000000000000e+00 0.000000000000000000e+00 0.000000000000000000e+00 1.000000000000000000e+00
9.999405199999999994e-01 -5.351517400000000216e-03 9.503571699999999525e-03 4.674295999999999651e+01 5.340498699999999752e-03 9.999850399999999917e-01 1.184432700000000041e-03 4.416731400000000196e-01 -9.509768000000000041e-03 -1.133608500000000095e-03 9.999541400000000468e-01 6.394193000000000238e-01 0.000000000000000000e+00 0.000000000000000000e+00 0.000000000000000000e+00 1.000000000000000000e+00
9.999101299999999526e-01 -3.104470199999999867e-03 1.304229500000000062e-02 4.795439900000000222e+01 3.087106000000000051e-03 9.999943199999999921e-01 1.351303000000000096e-03 4.506359899999999863e-01 -1.304641599999999992e-02 -1.310918600000000097e-03 9.999140300000000092e-01 6.436435000000000350e-01 0.000000000000000000e+00 0.000000000000000000e+00 0.000000000000000000e+00 1.000000000000000000e+00
9.998907500000000503e-01 -2.107489699999999955e-03 1.463059899999999934e-02 4.915271500000000060e+01 2.097818200000000060e-03 9.999975700000000023e-01 6.763572099999999631e-04 4.609977199999999997e-01 -1.463198800000000029e-02 -6.455909800000000183e-04 9.998927399999999466e-01 6.486812299999999976e-01 0.000000000000000000e+00 0.000000000000000000e+00 0.000000000000000000e+00 1.000000000000000000e+00
9.999114300000000455e-01 -5.000367300000000455e-04 1.329948700000000046e-02 5.035569000000000273e+01 5.092557800000000433e-04 9.999996300000000282e-01 -6.898103899999999703e-04 4.611678799999999745e-01 -1.329913700000000081e-02 6.965221399999999658e-04 9.999113200000000479e-01 6.468536400000000075e-01 0.000000000000000000e+00 0.000000000000000000e+00 0.000000000000000000e+00 1.000000000000000000e+00
9.999344399999999800e-01 1.329450299999999918e-03 1.137287699999999999e-02 5.156945900000000194e+01 -1.331493800000000055e-03 9.999991000000000296e-01 1.721070399999999865e-04 4.671124400000000176e-01 -1.137263799999999915e-02 -1.872386700000000048e-04 9.999353100000000216e-01 6.553778999999999577e-01 0.000000000000000000e+00 0.000000000000000000e+00 0.000000000000000000e+00 1.000000000000000000e+00
9.999402800000000147e-01 1.505202599999999960e-03 1.082411500000000047e-02 5.276544299999999765e+01 -1.513629399999999979e-03 9.999985599999999808e-01 7.703723199999999846e-04 4.742361399999999727e-01 -1.082293999999999964e-02 -7.867100199999999552e-04 9.999411200000000166e-01 6.445149999999999491e-01 0.000000000000000000e+00 0.000000000000000000e+00 0.000000000000000000e+00 1.000000000000000000e+00
9.999388500000000457e-01 2.255464699999999798e-03 1.082629100000000004e-02 5.398124700000000331e+01 -2.256851399999999959e-03 9.999974499999999544e-01 1.158677200000000034e-04 4.791061300000000189e-01 -1.082600199999999950e-02 -1.402939600000000062e-04 9.999413900000000410e-01 6.582353300000000074e-01 0.000000000000000000e+00 0.000000000000000000e+00 0.000000000000000000e+00 1.000000000000000000e+00
9.999559399999999876e-01 7.994238800000000138e-04 9.352701999999999197e-03 5.518680400000000219e+01 -7.965329900000000249e-04 9.999996300000000282e-01 -3.128177300000000208e-04 4.857902199999999948e-01 -9.352948700000000490e-03 3.053542100000000052e-04 9.999562100000000120e-01 6.641575800000000251e-01 0.000000000000000000e+00 0.000000000000000000e+00 0.000000000000000000e+00 1.000000000000000000e+00
9.999532399999999654e-01 -7.302320399999999868e-04 9.642377199999999787e-03 5.638891999999999882e+01 7.313371200000000436e-04 9.999997299999999756e-01 -1.110811800000000016e-04 4.909848600000000229e-01 -9.642293499999999434e-03 1.181278200000000057e-04 9.999535099999999899e-01 6.632864400000000327e-01 0.000000000000000000e+00 0.000000000000000000e+00 0.000000000000000000e+00 1.000000000000000000e+00
9.999414199999999697e-01 -1.597756299999999975e-03 1.070516099999999950e-02 5.758945500000000095e+01 1.601858999999999965e-03 9.999986499999999889e-01 -3.746775200000000000e-04 4.908559900000000198e-01 -1.070454799999999949e-02 3.918037299999999859e-04 9.999426300000000545e-01 6.748981400000000352e-01 0.000000000000000000e+00 0.000000000000000000e+00 0.000000000000000000e+00 1.000000000000000000e+00
9.999326600000000287e-01 -3.021611400000000138e-03 1.120436300000000017e-02 5.880217900000000242e+01 3.022865100000000048e-03 9.999954300000000185e-01 -9.495966000000000216e-05 5.027945000000000331e-01 -1.120402499999999940e-02 1.288225399999999912e-04 9.999372199999999600e-01 6.785102299999999920e-01 0.000000000000000000e+00 0.000000000000000000e+00 0.000000000000000000e+00 1.000000000000000000e+00
9.999342599999999637e-01 -3.340250999999999811e-03 1.096886700000000020e-02 6.001193399999999656e+01 3.332992500000000070e-03 9.999942099999999945e-01 6.799555000000000529e-04 5.139288300000000032e-01 -1.097107500000000027e-02 -6.433516500000000188e-04 9.999396099999999787e-01 6.830921300000000196e-01 0.000000000000000000e+00 0.000000000000000000e+00 0.000000000000000000e+00 1.000000000000000000e+00
9.999318200000000267e-01 -4.625418699999999869e-03 1.072175099999999985e-02 6.122465799999999803e+01 4.611125599999999977e-03 9.999884500000000287e-01 1.357430599999999953e-03 5.267718399999999912e-01 -1.072790600000000059e-02 -1.307898700000000069e-03 9.999415999999999860e-01 6.894153100000000034e-01 0.000000000000000000e+00 0.000000000000000000e+00 0.000000000000000000e+00 1.000000000000000000e+00
9.999464099999999522e-01 -4.521803300000000123e-03 9.312839300000000375e-03 6.362646699999999811e+01 4.529032300000000212e-03 9.999894599999999967e-01 -7.552995600000000052e-04 5.474641099999999483e-01 -9.309325900000000112e-03 7.974372299999999639e-04 9.999563500000000493e-01 7.058274799999999516e-01 0.000000000000000000e+00 0.000000000000000000e+00 0.000000000000000000e+00 1.000000000000000000e+00
9.999333099999999641e-01 -5.216977299999999915e-03 1.030334500000000021e-02 6.483661800000000142e+01 5.222001999999999894e-03 9.999862600000000157e-01 -4.608342799999999920e-04 5.548559600000000369e-01 -1.030079899999999937e-02 5.146076399999999782e-04 9.999468099999999637e-01 7.129247100000000170e-01 0.000000000000000000e+00 0.000000000000000000e+00 0.000000000000000000e+00 1.000000000000000000e+00
9.999124200000000240e-01 -5.103878000000000061e-03 1.221064099999999951e-02 6.603191700000000708e+01 5.126575700000000207e-03 9.999851899999999683e-01 -1.828271499999999973e-03 5.619457100000000427e-01 -1.220112899999999979e-02 1.890710099999999907e-03 9.999237800000000398e-01 7.094413499999999706e-01 0.000000000000000000e+00 0.000000000000000000e+00 0.000000000000000000e+00 1.000000000000000000e+00
9.999249599999999738e-01 -5.726747400000000050e-03 1.082926000000000027e-02 6.723247600000000546e+01 5.735827500000000370e-03 9.999832199999999505e-01 -8.076000299999999948e-04 5.780106499999999592e-01 -1.082445299999999951e-02 8.696542000000000465e-04 9.999410399999999477e-01 7.228995299999999569e-01 0.000000000000000000e+00 0.000000000000000000e+00 0.000000000000000000e+00 1.000000000000000000e+00
9.999398400000000242e-01 -5.673523399999999897e-03 9.387525299999999531e-03 6.842727399999999705e+01 5.662052899999999757e-03 9.999831900000000218e-01 1.248011100000000076e-03 5.898695000000000466e-01 -9.394448099999999288e-03 -1.194783299999999928e-03 9.999551599999999540e-01 7.282854500000000009e-01 0.000000000000000000e+00 0.000000000000000000e+00 0.000000000000000000e+00 1.000000000000000000e+00
9.999403199999999936e-01 -5.430845600000000321e-03 9.479593300000000236e-03 6.962292399999999759e+01 5.397887999999999992e-03 9.999793099999999546e-01 3.498815399999999874e-03 6.056611200000000528e-01 -9.498398700000000583e-03 -3.447436800000000176e-03 9.999489499999999476e-01 7.331297399999999742e-01 0.000000000000000000e+00 0.000000000000000000e+00 0.000000000000000000e+00 1.000000000000000000e+00
9.999346300000000465e-01 -5.774412500000000205e-03 9.869099200000000169e-03 7.081924700000000428e+01 5.728051999999999970e-03 9.999724599999999519e-01 4.719375799999999885e-03 6.184376299999999604e-01 -9.896079000000000334e-03 -4.662536600000000316e-03 9.999401599999999668e-01 7.402441199999999499e-01 0.000000000000000000e+00 0.000000000000000000e+00 0.000000000000000000e+00 1.000000000000000000e+00
9.999351499999999948e-01 -5.148770399999999699e-03 1.015776099999999953e-02 7.200692800000000204e+01 5.079784599999999720e-03 9.999639399999999956e-01 6.805589600000000114e-03 6.339033499999999766e-01 -1.019243499999999969e-02 -6.753549000000000184e-03 9.999252499999999877e-01 7.449936200000000230e-01 0.000000000000000000e+00 0.000000000000000000e+00 0.000000000000000000e+00 1.000000000000000000e+00
9.999289900000000175e-01 -4.192290599999999763e-03 1.115515899999999956e-02 7.318965000000000032e+01 4.113359900000000333e-03 9.999664099999999722e-01 7.089280499999999624e-03 6.491441599999999701e-01 -1.118450500000000084e-02 -7.042891899999999782e-03 9.999126499999999584e-01 7.562400000000000233e-01 0.000000000000000000e+00 0.000000000000000000e+00 0.000000000000000000e+00 1.000000000000000000e+00
9.999291999999999625e-01 -2.261599899999999861e-03 1.168213899999999937e-02 7.437970099999999718e+01 2.159260799999999925e-03 9.999592499999999662e-01 8.765501800000000468e-03 6.598239900000000269e-01 -1.170148700000000000e-02 -8.739656400000000297e-03 9.998933399999999638e-01 7.550381900000000535e-01 0.000000000000000000e+00 0.000000000000000000e+00 0.000000000000000000e+00 1.000000000000000000e+00
9.999491499999999533e-01 6.590705499999999608e-04 1.006304100000000000e-02 7.555809999999999604e+01 -7.346725900000000437e-04 9.999715200000000026e-01 7.510995200000000413e-03 6.657076899999999631e-01 -1.005780400000000005e-02 -7.518006300000000357e-03 9.999211599999999756e-01 7.605420400000000303e-01 0.000000000000000000e+00 0.000000000000000000e+00 0.000000000000000000e+00 1.000000000000000000e+00
9.999827100000000524e-01 2.780060600000000201e-03 5.182129800000000001e-03 7.673984099999999842e+01 -2.804626399999999870e-03 9.999848399999999859e-01 4.739270099999999888e-03 6.626839900000000005e-01 -5.168875800000000131e-03 -4.753722099999999756e-03 9.999753399999999903e-01 7.845455099999999460e-01 0.000000000000000000e+00 0.000000000000000000e+00 0.000000000000000000e+00 1.000000000000000000e+00
9.999747799999999520e-01 5.794204199999999916e-03 4.107560100000000151e-03 7.791384999999999650e+01 -5.819139600000000287e-03 9.999645600000000023e-01 6.084860499999999832e-03 6.620260500000000325e-01 -4.072157600000000065e-03 -6.108609499999999824e-03 9.999730500000000299e-01 7.886574299999999926e-01 0.000000000000000000e+00 0.000000000000000000e+00 0.000000000000000000e+00 1.000000000000000000e+00
9.999402600000000252e-01 8.014591399999999866e-03 7.431885699999999859e-03 7.909831900000000360e+01 -8.054359800000000791e-03 9.999533200000000344e-01 5.336643999999999763e-03 6.598917499999999992e-01 -7.388767800000000351e-03 -5.396184299999999719e-03 9.999581400000000508e-01 7.967440599999999762e-01 0.000000000000000000e+00 0.000000000000000000e+00 0.000000000000000000e+00 1.000000000000000000e+00
9.998945200000000089e-01 1.122660399999999940e-02 9.214497099999999913e-03 8.027728999999999360e+01 -1.126584700000000071e-02 9.999276400000000065e-01 4.218072800000000067e-03 6.480479999999999574e-01 -9.166475699999999255e-03 -4.321437000000000021e-03 9.999486499999999944e-01 8.069345399999999779e-01 0.000000000000000000e+00 0.000000000000000000e+00 0.000000000000000000e+00 1.000000000000000000e+00
9.998411499999999563e-01 1.609575200000000136e-02 7.655561499999999700e-03 8.143941999999999837e+01 -1.614057500000000075e-02 9.998527400000000176e-01 5.829654899999999959e-03 6.380806700000000165e-01 -7.560601400000000263e-03 -5.952294000000000335e-03 9.999536999999999454e-01 8.125691999999999915e-01 0.000000000000000000e+00 0.000000000000000000e+00 0.000000000000000000e+00 1.000000000000000000e+00
9.998082799999999937e-01 1.904473400000000066e-02 4.549142299999999611e-03 8.260680700000000343e+01 -1.906358000000000011e-02 9.998097200000000129e-01 4.136030300000000277e-03 6.236767800000000417e-01 -4.469507099999999768e-03 -4.221960299999999965e-03 9.999810999999999561e-01 8.251750100000000421e-01 0.000000000000000000e+00 0.000000000000000000e+00 0.000000000000000000e+00 1.000000000000000000e+00
9.997364899999999777e-01 2.292944900000000105e-02 1.088245000000000054e-03 8.376718400000000031e+01 -2.293378199999999978e-02 9.997283700000000328e-01 4.151409099999999602e-03 6.047623699999999936e-01 -9.927598299999998953e-04 -4.175272699999999643e-03 9.999907900000000183e-01 8.416885899999999587e-01 0.000000000000000000e+00 0.000000000000000000e+00 0.000000000000000000e+00 1.000000000000000000e+00
9.996624200000000515e-01 2.597751699999999858e-02 4.722289600000000053e-04 8.493128400000000511e+01 -2.597880400000000117e-02 9.996580999999999939e-01 2.962813800000000178e-03 5.803339199999999476e-01 -3.951009600000000214e-04 -2.974081500000000117e-03 9.999955000000000371e-01 8.606677099999999747e-01 0.000000000000000000e+00 0.000000000000000000e+00 0.000000000000000000e+00 1.000000000000000000e+00
9.994409499999999946e-01 3.333887700000000287e-02 2.509327400000000135e-03 8.726259500000000457e+01 -3.334628399999999687e-02 9.994394399999999568e-01 2.970146099999999931e-03 5.153009600000000301e-01 -2.408899400000000073e-03 -3.052162399999999894e-03 9.999924399999999824e-01 8.860176800000000297e-01 0.000000000000000000e+00 0.000000000000000000e+00 0.000000000000000000e+00 1.000000000000000000e+00
9.993157900000000371e-01 3.698073999999999806e-02 6.095085899999999526e-04 8.840112499999999329e+01 -3.698244800000000110e-02 9.993111599999999761e-01 3.081485499999999864e-03 4.798024399999999967e-01 -4.951331300000000541e-04 -3.101918200000000018e-03 9.999950699999999859e-01 9.061192799999999714e-01 0.000000000000000000e+00 0.000000000000000000e+00 0.000000000000000000e+00 1.000000000000000000e+00
9.991666399999999948e-01 4.077624500000000263e-02 -1.820661699999999916e-03 8.955832700000000557e+01 -4.077048400000000267e-02 9.991637399999999669e-01 3.096973499999999997e-03 4.346013300000000079e-01 1.945422100000000071e-03 -3.020163399999999890e-03 9.999935500000000088e-01 9.254106199999999616e-01 0.000000000000000000e+00 0.000000000000000000e+00 0.000000000000000000e+00 1.000000000000000000e+00
9.990470099999999576e-01 4.359759600000000235e-02 -2.076495600000000021e-03 9.070018100000000061e+01 -4.359059700000000176e-02 9.990440099999999823e-01 3.304242299999999872e-03 3.904550600000000204e-01 2.218567500000000019e-03 -3.210577699999999854e-03 9.999923899999999533e-01 9.432719999999999994e-01 0.000000000000000000e+00 0.000000000000000000e+00 0.000000000000000000e+00 1.000000000000000000e+00
9.989211199999999957e-01 4.643041199999999730e-02 -9.056436099999999774e-04 9.185250200000000120e+01 -4.642866699999999985e-02 9.989198700000000430e-01 1.861471499999999913e-03 3.410161199999999782e-01 9.910942900000000149e-04 -1.817415400000000096e-03 9.999978600000000162e-01 9.614013599999999826e-01 0.000000000000000000e+00 0.000000000000000000e+00 0.000000000000000000e+00 1.000000000000000000e+00
9.987648000000000081e-01 4.968520299999999723e-02 5.127537699999999742e-04 9.301428799999999342e+01 -4.968577999999999883e-02 9.987641999999999909e-01 1.181189200000000092e-03 2.872512899999999925e-01 -4.534324800000000114e-04 -1.205206799999999955e-03 9.999991700000000483e-01 9.805169400000000035e-01 0.000000000000000000e+00 0.000000000000000000e+00 0.000000000000000000e+00 1.000000000000000000e+00
9.986464299999999739e-01 5.196681699999999848e-02 2.183407599999999827e-03 9.417147900000000504e+01 -5.196808700000000308e-02 9.986486100000000476e-01 5.293344900000000047e-04 2.366382900000000011e-01 -2.152949099999999956e-03 -6.420855100000000520e-04 9.999974799999999941e-01 9.943195200000000122e-01 0.000000000000000000e+00 0.000000000000000000e+00 0.000000000000000000e+00 1.000000000000000000e+00
9.984935999999999812e-01 5.477924800000000261e-02 3.126396400000000173e-03 9.532530300000000523e+01 -5.477596700000000179e-02 9.984980399999999756e-01 -1.125549200000000062e-03 1.765576100000000037e-01 -3.183357400000000077e-03 9.526023200000000067e-04 9.999944800000000189e-01 1.005341000000000040e+00 0.000000000000000000e+00 0.000000000000000000e+00 0.000000000000000000e+00 1.000000000000000000e+00
9.983908000000000227e-01 5.669654500000000097e-02 1.149575600000000107e-03 9.647832300000000316e+01 -5.669372799999999879e-02 9.983888499999999944e-01 -2.351031400000000091e-03 1.135108699999999998e-01 -1.281018799999999926e-03 2.282074399999999958e-03 9.999965800000000238e-01 1.021134599999999892e+00 0.000000000000000000e+00 0.000000000000000000e+00 0.000000000000000000e+00 1.000000000000000000e+00
9.982546100000000422e-01 5.899913700000000011e-02 -2.612697399999999899e-03 9.762897399999999948e+01 -5.900886200000000220e-02 9.982501599999999975e-01 -3.816156800000000075e-03 5.062238599999999838e-02 2.382975700000000089e-03 3.963668499999999789e-03 9.999893100000000201e-01 1.038202700000000034e+00 0.000000000000000000e+00 0.000000000000000000e+00 0.000000000000000000e+00 1.000000000000000000e+00
9.980921900000000457e-01 6.149679000000000256e-02 -5.489045599999999893e-03 9.879453700000000538e+01 -6.151297099999999962e-02 9.981022699999999581e-01 -2.829206500000000079e-03 -1.575025500000000120e-02 5.304641700000000369e-03 3.161456400000000125e-03 9.999809299999999901e-01 1.057322499999999943e+00 0.000000000000000000e+00 0.000000000000000000e+00 0.000000000000000000e+00 1.000000000000000000e+00
9.980015899999999940e-01 6.283919000000000310e-02 -6.637958000000000226e-03 9.996827399999999386e+01 -6.285867700000000169e-02 9.980185999999999780e-01 -2.768804799999999983e-03 -8.264709300000000480e-02 6.450816100000000310e-03 3.180524899999999985e-03 9.999741399999999558e-01 1.073661600000000105e+00 0.000000000000000000e+00 0.000000000000000000e+00 0.000000000000000000e+00 1.000000000000000000e+00
9.979434499999999542e-01 6.382635999999999865e-02 -5.921386800000000110e-03 1.011319500000000033e+02 -6.384238700000000044e-02 9.979567200000000193e-01 -2.558117400000000079e-03 -1.529435899999999904e-01 5.746012400000000131e-03 2.930891900000000012e-03 9.999791999999999570e-01 1.095772399999999980e+00 0.000000000000000000e+00 0.000000000000000000e+00 0.000000000000000000e+00 1.000000000000000000e+00
9.980306700000000086e-01 6.259389799999999504e-02 -4.096894700000000035e-03 1.023153899999999936e+02 -6.260506500000000141e-02 9.980348399999999787e-01 -2.656660600000000129e-03 -2.258200900000000011e-01 3.922552900000000030e-03 2.907915100000000100e-03 9.999880799999999459e-01 1.112920799999999932e+00 0.000000000000000000e+00 0.000000000000000000e+00 0.000000000000000000e+00 1.000000000000000000e+00
9.981171800000000482e-01 6.127304799999999663e-02 -2.776146900000000042e-03 1.034955900000000071e+02 -6.128252900000000225e-02 9.981144299999999969e-01 -3.469678300000000014e-03 -2.940676600000000085e-01 2.558314500000000071e-03 3.633274799999999978e-03 9.999901300000000326e-01 1.135943900000000006e+00 0.000000000000000000e+00 0.000000000000000000e+00 0.000000000000000000e+00 1.000000000000000000e+00
9.982006799999999513e-01 5.993432600000000304e-02 -1.811478800000000102e-03 1.046786199999999951e+02 -5.993942599999999704e-02 9.981977899999999737e-01 -2.905763799999999848e-03 -3.630001700000000109e-01 1.634059100000000023e-03 3.009114399999999936e-03 9.999941399999999758e-01 1.151623899999999923e+00 0.000000000000000000e+00 0.000000000000000000e+00 0.000000000000000000e+00 1.000000000000000000e+00
9.983729399999999865e-01 5.701103999999999894e-02 -1.101660800000000022e-03 1.058840500000000020e+02 -5.701395499999999811e-02 9.983693799999999730e-01 -2.826045100000000154e-03 -4.230995200000000067e-01 9.387486200000000076e-04 2.884256999999999880e-03 9.999953999999999787e-01 1.170800400000000074e+00 0.000000000000000000e+00 0.000000000000000000e+00 0.000000000000000000e+00 1.000000000000000000e+00
9.985152000000000472e-01 5.446061499999999694e-02 -1.196545100000000065e-03 1.070694600000000065e+02 -5.446328999999999754e-02 9.985130599999999523e-01 -2.329703099999999843e-03 -4.817442800000000247e-01 1.067888799999999966e-03 2.391411700000000209e-03 9.999965699999999735e-01 1.183096699999999890e+00 0.000000000000000000e+00 0.000000000000000000e+00 0.000000000000000000e+00 1.000000000000000000e+00
9.987413800000000119e-01 5.013119399999999698e-02 -1.587662099999999918e-03 1.082916799999999995e+02 -5.013254799999999900e-02 9.987422299999999531e-01 -8.249877999999999552e-04 -5.344706399999999968e-01 1.544307599999999959e-03 9.035430000000000328e-04 9.999983999999999540e-01 1.200752999999999959e+00 0.000000000000000000e+00 0.000000000000000000e+00 0.000000000000000000e+00 1.000000000000000000e+00
9.989318600000000048e-01 4.619179799999999919e-02 -1.211083400000000088e-03 1.094978700000000060e+02 -4.619263099999999789e-02 9.989323300000000350e-01 -6.692358999999999938e-04 -5.885033200000000519e-01 1.178877199999999901e-03 7.244641899999999671e-04 9.999990399999999502e-01 1.219307300000000094e+00 0.000000000000000000e+00 0.000000000000000000e+00 0.000000000000000000e+00 1.000000000000000000e+00
9.990787899999999944e-01 4.291192900000000143e-02 -3.619551900000000130e-04 1.106910500000000042e+02 -4.291193499999999827e-02 9.990788600000000130e-01 -6.694963499999999584e-06 -6.348867200000000155e-01 3.613344800000000269e-04 2.222099300000000038e-05 9.999999299999999813e-01 1.232844100000000109e+00 0.000000000000000000e+00 0.000000000000000000e+00 0.000000000000000000e+00 1.000000000000000000e+00
9.992830099999999716e-01 3.785444799999999888e-02 7.128907099999999683e-04 1.119284999999999997e+02 -3.785447299999999959e-02 9.992832600000000065e-01 2.139691599999999882e-05 -6.755670799999999865e-01 -7.115697899999999911e-04 -4.836767600000000213e-05 9.999997499999999651e-01 1.250096300000000049e+00 0.000000000000000000e+00 0.000000000000000000e+00 0.000000000000000000e+00 1.000000000000000000e+00
9.994175699999999773e-01 3.410658899999999966e-02 1.118857900000000101e-03 1.131235599999999977e+02 -3.410688500000000345e-02 9.994181600000000554e-01 2.462353199999999984e-04 -7.198324699999999465e-01 -1.109808699999999910e-03 -2.842526700000000081e-04 9.999993400000000143e-01 1.268015899999999974e+00 0.000000000000000000e+00 0.000000000000000000e+00 0.000000000000000000e+00 1.000000000000000000e+00
9.995941400000000199e-01 2.845413999999999929e-02 1.387893700000000091e-03 1.143636000000000053e+02 -2.845504299999999931e-02 9.995948700000000242e-01 6.349842700000000095e-04 -7.484306699999999646e-01 -1.369263500000000074e-03 -6.742191300000000128e-04 9.999988400000000555e-01 1.285058100000000092e+00 0.000000000000000000e+00 0.000000000000000000e+00 0.000000000000000000e+00 1.000000000000000000e+00
9.997182399999999802e-01 2.370643999999999876e-02 1.199095700000000087e-03 1.155875400000000042e+02 -2.370820900000000092e-02 9.997178199999999793e-01 1.483068599999999918e-03 -7.723502899999999949e-01 -1.163599100000000004e-03 -1.511079200000000093e-03 9.999981799999999588e-01 1.297667399999999915e+00 0.000000000000000000e+00 0.000000000000000000e+00 0.000000000000000000e+00 1.000000000000000000e+00
9.998095599999999861e-01 1.948746200000000053e-02 1.040558700000000043e-03 1.167961700000000036e+02 -1.948968099999999828e-02 9.998077100000000161e-01 2.166369699999999825e-03 -7.952362600000000281e-01 -9.981415700000000231e-04 -2.186237299999999831e-03 9.999971100000000224e-01 1.314064200000000016e+00 0.000000000000000000e+00 0.000000000000000000e+00 0.000000000000000000e+00 1.000000000000000000e+00
9.999014699999999589e-01 1.403009399999999990e-02 4.636035200000000224e-04 1.180465399999999931e+02 -1.403144599999999950e-02 9.998968900000000382e-01 3.054646299999999939e-03 -8.010797600000000296e-01 -4.206987399999999734e-04 -3.060850400000000079e-03 9.999952300000000127e-01 1.328416400000000053e+00 0.000000000000000000e+00 0.000000000000000000e+00 0.000000000000000000e+00 1.000000000000000000e+00
9.999349600000000393e-01 1.140469199999999926e-02 7.813686599999999417e-05 1.192507499999999965e+02 -1.140493799999999988e-02 9.999230199999999957e-01 4.887070500000000040e-03 -8.091541300000000270e-01 -2.239531800000000146e-05 -4.887643799999999948e-03 9.999880599999999564e-01 1.347806499999999907e+00 0.000000000000000000e+00 0.000000000000000000e+00 0.000000000000000000e+00 1.000000000000000000e+00
