0.999999999733682 1.36163822005072e-05 1.86341154493977e-05 -0.000141084866371657 -1.36165846352505e-05 0.999999999848286 1.08635788667478e-05 -8.60017434075132e-05 -1.86339675239287e-05 -1.08638325968648e-05 0.999999999767376 0.000251509026042535
0.9999912265012 -0.00262987677432014 -0.00326047063738784 -0.00228203934464855 0.00262316528763485 0.99999443560234 -0.0020610114581516 -0.0068916735425188 0.00326587270099806 0.0020524406224727 0.999992560753825 0.700893468188734
0.999973438501703 -0.00124743417476776 -0.00718096087311511 -0.0150394711448137 0.00122124027373183 0.999992589659661 -0.00365091741325955 -0.00941698398032982 0.00718546193890163 0.00364205076080056 0.999967551775046 1.42019983358191
0.999937376615271 -0.00147370542786554 -0.0110937387783549 -0.0288858712845843 0.00141685082681685 0.99998583236564 -0.00513104294780477 -0.0120441265535078 0.011101143252163 0.00511500345156758 0.99992529788889 2.15048274947618
0.999872030656509 -0.000230356579041469 -0.0159959134367558 -0.0453027647964245 0.000138921238681566 0.999983647917029 -0.00571704464213883 -0.0187345078688018 0.0159969688290981 0.00571409086358079 0.999855712667525 2.89992459517504
0.999791618034364 -0.00128808290831078 -0.0203730545242855 -0.0648748742578202 0.00116675149084371 0.999981521102716 -0.00596625041863474 -0.0278709687623094 0.0203803630778946 0.00594123686790577 0.999774645860402 3.68042398584948
0.999683225416358 0.00052197334064624 -0.0251629959460265 -0.0898443059130365 -0.000702944040208319 0.999973950334287 -0.00718362878471145 -0.0379930275110622 0.025158590795679 0.00719904137172817 0.999657550920566 4.46590794309155
0.99956343897468 0.00328574103778541 -0.0293621417976072 -0.12420686247105 -0.00351725943721921 0.99996310634127 -0.00783676223765288 -0.0446827875278328 0.0293353089494805 0.00793661528302983 0.999538118225957 5.28231970518495
0.999428426689725 0.00349484896637107 -0.0336244844600407 -0.156713638339754 -0.00370670703608964 0.999973658287875 -0.00624043694892883 -0.0534380567926567 0.03360178934893 0.00636150619485729 0.999415054415073 6.09628855322696
0.999271036450697 0.00287229567064883 -0.0380676454266733 -0.192732371198535 -0.00301088346248148 0.999989045644733 -0.0035837370595272 -0.0634039992445537 0.0380569348677203 0.0036957418899113 0.999268738228289 6.92854900088589
0.999133648019526 0.0025667881981844 -0.0415375130880485 -0.230018757848522 -0.00261021574361544 0.99999610204029 -0.00099130116436657 -0.073312120853778 0.0415348067163665 0.00109886421925263 0.999136453307786 7.76023391893821
0.998987765335655 0.00402596904788748 -0.0448021906037946 -0.276834742039857 -0.0040948454485902 0.999990571087505 -0.00144567521881188 -0.0879659138092849 0.0447959479241755 0.00162766990252284 0.998994831688464 8.59239720086599
0.998898663553973 0.00353820128629723 -0.0467861206101056 -0.326117971044029 -0.00361863633858456 0.99999211671037 -0.00163462171838461 -0.0935720366662346 0.0467799681608996 0.00180212340609182 0.998903592410246 9.46261348801566
0.998816176286149 0.000476224948329953 -0.0486417433786629 -0.36656630384731 -0.000585706133193493 0.99999732742052 -0.00223653753435292 -0.0994886176764562 0.048640548284766 0.00226237963560894 0.998813785798405 10.3264679990494
0.998711971434912 0.000458146513789467 -0.0507364584333978 -0.412404671572689 -0.000530417262052861 0.999998863897283 -0.00141097897627064 -0.108688506188602 0.0507357543564705 0.00143607308841296 0.998711079804347 11.2004583127746
0.998625089360947 -0.00121374288642189 -0.0524066572779302 -0.454161431101356 0.00113274492563581 0.999998117751071 -0.00157524069569292 -0.123574793053244 0.0524084705727444 0.00151371150540023 0.998624584561037 12.064899483765
0.998527035907028 0.00105376927874411 -0.0542461808151748 -0.508655343939588 -0.00126478406358693 0.999991766668145 -0.00385576415188753 -0.131882316966951 0.0542416711025569 0.00391869445474632 0.998520147493165 12.9621008887116
0.998452045440807 0.00136574009687655 -0.0556025872514611 -0.561486001966459 -0.00172722470131387 0.999977683092519 -0.00645368203027508 -0.142722312637455 0.0555925323213445 0.00653973018591042 0.998432122018916 13.8526451025347
0.998340630410933 0.00516963256917228 -0.0573520755491989 -0.62091143120029 -0.00563759192313432 0.999952102677768 -0.00800061920222207 -0.155138550340326 0.0573079682767543 0.00831067081591535 0.998321956846878 14.7549716622841
0.998270419207252 0.00601050575353364 -0.0584811418866362 -0.679265134968317 -0.00646897441422544 0.999949787360348 -0.00765343896710042 -0.168420767310834 0.0584322043551861 0.00801851473664378 0.998259175222353 15.6728749855998
0.998199047177471 0.00544453105057584 -0.0597412696184773 -0.744044632704685 -0.00582218140369789 0.999964144223219 -0.00614918463109105 -0.186772761819923 0.0597056481221896 0.00648593474867944 0.998194955022688 16.6025034073155
0.998120210288051 0.00548021009954878 -0.0610410772496842 -0.799530711452253 -0.00577543210162479 0.999972459056505 -0.00466106345440482 -0.197020184022361 0.0610138525138073 0.00500484023234207 0.998124371697071 17.536575655467
0.998058318078956 0.00470896361724745 -0.0621081264816284 -0.857931540433258 -0.00500217331905754 0.999977063265553 -0.00456631195665585 -0.210626692696745 0.0620851993271555 0.00486812124446682 0.998058980932518 18.4788641831285
0.997955960801276 0.00476820457213459 -0.0637272667416349 -0.925684500093803 -0.00512327949323514 0.999972244066726 -0.00540953818647094 -0.223477059105024 0.0636997041471576 0.00572497347722814 0.997952690446922 19.4177499662213
0.997889941587469 0.00401570406862417 -0.0648038471033265 -0.994365216451841 -0.00442169693523064 0.999971479895302 -0.00612274384664931 -0.239585464491193 0.0647774117634462 0.00639636747161585 0.997879237888231 20.3620142810354
0.997855565098622 0.00384380045439996 -0.0653413835159297 -1.05588368772588 -0.00414194908089551 0.999981617995445 -0.00442808412548649 -0.248618807134 0.0653231617385466 0.0046892290707398 0.997853143338839 21.3219195773179
0.997858475383765 0.00515955719689592 -0.0652061505865823 -1.12489185917463 -0.00523722413418223 0.999985765214082 -0.00102022182686615 -0.261003880366228 0.0651999584981189 0.00135953622225906 0.997871292839464 22.2813306073799
0.99790296578182 0.00632989581236353 -0.0644174145930464 -1.19206789931269 -0.00616694589979552 0.999977262817713 0.00272811764111955 -0.271955202124738 0.0644332186229805 -0.00232513797427489 0.997919312405208 23.243074843847
0.998008920676972 0.00517414286343959 -0.0628603411923181 -1.25861016635558 -0.00482990864967529 0.999972504626976 0.00562689723459374 -0.282787196318534 0.0628877271939583 -0.00531208393021082 0.998006470686787 24.2191096949792
0.998110082416034 0.0052586902861442 -0.0612258895887333 -1.32530646387965 -0.00488121496328449 0.999968157942604 0.00631322749131848 -0.283299794375288 0.0612571393385258 -0.00600243928327013 0.998103969335215 25.1962011152423
0.998191648542678 0.00545528958015856 -0.0598637836696597 -1.38629811436322 -0.00525078335565236 0.99997983137892 0.00357296928893343 -0.291350424703228 0.0598820678818226 -0.0032521763458138 0.99820016093728 26.1739146302621
0.998242265755907 0.00619157773498197 -0.0589410147831308 -1.44817457708484 -0.00627708177996424 0.999979498001779 -0.00126563045062653 -0.297493812203354 0.0589319701252318 0.00163338337863089 0.99826066483454 27.1522300699043
0.998318782587304 0.00522348223804189 -0.057726281421138 -1.5107133592052 -0.00547525799142203 0.999976172675961 -0.00420423955839622 -0.306251692968991 0.0577029451876672 0.00451323760130966 0.998323595235044 28.1429356726089
0.998364848970844 0.00323422431161548 -0.0570716053088297 -1.56547991922851 -0.00342073818067322 0.999989122619723 -0.00317067698393407 -0.323435029363831 0.05706072983869 0.00336071946751289 0.998365052811313 29.1582653795466
0.998353487616977 0.00109116234922721 -0.0573508773058131 -1.62547278140534 -0.000987596057009989 0.999997830274676 0.00183414829508226 -0.330102630540263 0.0573527542237247 -0.00177448884690882 0.998352399091766 30.1723518083469
0.998303470362379 -0.00278190338190976 -0.0581587661148726 -1.68057031401083 0.00310095098692091 0.999980631978104 0.00539627386699967 -0.343084894942899 0.0581426277820968 -0.0055674664116336 0.998292761744944 31.1841735086453
0.998179760456478 -0.0103294400462317 -0.0594177455258935 -1.72536768605423 0.01062666888676 0.999932543469869 0.00468854116430739 -0.348592910436734 0.0593653074060911 -0.00531141960398012 0.998222194252548 32.2030263170291
0.998067245041804 -0.0124953051797776 -0.0608739823169731 -1.7887222666263 0.0125645463661586 0.999920778097439 0.000754787138855794 -0.351124025472977 0.0608597284686317 -0.00151818229358512 0.998145174097059 33.2222464225903
0.998002390210123 -0.0119030911365714 -0.0620447061099996 -1.85319332984175 0.0117353298275655 0.999926433230635 -0.00306759849033827 -0.373609163496442 0.0620766555858159 0.00233335553530734 0.998068657098912 34.2208998802877
0.997879876127128 -0.0109318070927675 -0.064157995715218 -1.93199521277469 0.0106989833285998 0.999934877874257 -0.00397136831943788 -0.375592685071904 0.0641972318425161 0.00327652320010238 0.997931851290196 35.2597366792267
0.997823695065575 -0.0110804711127666 -0.0650007440388355 -2.00101499354233 0.0109359476379371 0.999936875425059 -0.00257880096737438 -0.387985885452583 0.0650252152241218 0.00186234397686853 0.997881883320851 36.2945590131436
0.99777185915501 -0.00822012714365539 -0.0662098677547166 -2.07726319925014 0.0082550812257554 0.999965893886578 0.000254357176686748 -0.401640204719627 0.066205518745125 -0.000800358269333865 0.997805686852069 37.3313001981883
0.997698873653592 -0.00793684431457798 -0.0673347162515703 -2.14646036878689 0.00807172378622508 0.999965924375806 0.00173128921892692 -0.42294384270399 0.0673186808060899 -0.00227081253449851 0.997728940456756 38.3544498989604
0.997642989355739 -0.00694611132584584 -0.068265784451611 -2.23240217044426 0.00724445763965086 0.999965255573977 0.00412376992294152 -0.42279856331076 0.0682347684311463 -0.00460859873703589 0.997658647631959 39.4017301024041
0.997651502165986 -0.00695373167842992 -0.0681404860688329 -2.30935278575298 0.00746464469451886 0.999945884471595 0.00724618574862479 -0.431781850456787 0.0680864105790355 -0.00773781261490493 0.997649420864063 40.4441556542248
0.99763494344109 -0.00135953983579136 -0.0687216943674151 -2.39121870891241 0.00202136183279489 0.999952241453649 0.00956184648294665 -0.435581943888399 0.0687054126079921 -0.00967814358528615 0.997590045968337 41.4870132501859
0.997624699306549 -0.00160817666151625 -0.0688648901933585 -2.46953767494385 0.00223210883991848 0.999957149582953 0.00898424666082185 -0.438970978961776 0.0688474910482925 -0.00911662030365887 0.997585540297469 42.5230439319306
0.997623053742186 -0.000976707315033966 -0.0689005710058856 -2.52407515356967 0.00149872532641303 0.999970562837949 0.00752510996273414 -0.460453852480594 0.0688911929386645 -0.00761048621153941 0.997595150366676 43.5391507125019
0.997629489581271 0.000991233211387894 -0.0688071142726791 -2.61225372882305 -0.00063622539500626 0.999986375169156 0.00518118647603099 -0.454332508139505 0.0688113125514956 -0.00512512758605081 0.997616527695972 44.5883812836102
0.997562294436207 0.000581660428559457 -0.0697791544110183 -2.68967702540396 -0.000218728759658851 0.999986410837125 0.00520867534157588 -0.461128583859102 0.0697812358510551 -0.00518071541682136 0.997548865625574 45.6229481791971
0.997474986269867 -0.00145749177123799 -0.0710037145765285 -2.76227589521362 0.00192003508929253 0.999977377547836 0.00644653843618668 -0.468683355759532 0.0709927125216682 -0.00656659046158052 0.997455219375048 46.646548928818
0.997411542879774 -0.00118854153905313 -0.0718943773823775 -2.83452325951215 0.00174177893409722 0.999969351764649 0.00763293767386585 -0.48160447135265 0.0718831018830887 -0.00773840425400035 0.99738304415268 47.630410195873
0.997383455821365 0.00102265329666467 -0.0722855188406763 -2.90629928256793 -0.000717583171228179 0.999990727418661 0.00424619254025835 -0.504104871770016 0.0722891909501228 -0.00418321131804221 0.997374941340941 48.654212563375
0.997328656855688 0.00194924940906088 -0.0730188375775079 -2.98873586016476 -0.00195325110408217 0.999998092265399 1.6603801353202e-05 -0.509823631640176 0.073018730641895 0.000126064678214776 0.997330561590862 49.6599359288293
0.99727984489934 0.00275602463482534 -0.0736567395813957 -3.06498530793366 -0.00285613735101098 0.999995135115679 -0.00125388372969019 -0.519839032732274 0.0736529255154299 0.00146084673653935 0.997282864833158 50.6636265192502
0.997269418166627 0.0013350559542615 -0.0738371533524709 -3.13775622964409 -0.00116282868022077 0.99999650248423 0.00237546811553973 -0.533777327874419 0.0738400664887144 -0.00228312174587357 0.997267482642463 51.6740017222567
0.997250761870876 -0.000456778036875247 -0.0740993205217368 -3.20824659875659 0.000866317450084821 0.999984527930469 0.00549485156784914 -0.545146128800091 0.0740956641243854 -0.00554393844681234 0.997235728052532 52.6763034948521
0.997248469989441 -0.00211463620689656 -0.074101399564597 -3.29097726358102 0.00258709653532345 0.99997693113102 0.00628045677503879 -0.563203226428664 0.0740864092478269 -0.00645488338381844 0.997230935363151 53.6738812763528
0.997217411434713 -0.00537930889240589 -0.0743538658530262 -3.35960069487984 0.00577255227546512 0.999970460996197 0.00507491628312534 -0.570611679702228 0.07432436997161 -0.00549000645662564 0.997219006967592 54.668434085794
0.997165917645964 -0.00803705301008666 -0.0748033319057143 -3.43292796402265 0.00834151001586545 0.999958145339951 0.00375856075385406 -0.580919852639798 0.0747699932856665 -0.00437188142545661 0.99719122276365 55.6545503656841
0.997068378214968 -0.00967403565013977 -0.0759016613653031 -3.50569566831538 0.0100830182051472 0.999936629577774 0.00500695241798562 -0.590239118071061 0.0758484140087846 -0.0057575917605477 0.99710273704843 56.6423680941274
0.996955710293726 -0.0126934167806147 -0.0769297659112879 -3.58276609284596 0.0134373381033739 0.999867755504877 0.00916020995043191 -0.600231056975542 0.0768033180105363 -0.0101660548923359 0.996994434122126 57.6344918029741
0.99688338085527 -0.0136413827194358 -0.077700950136201 -3.65311885867563 0.0147828983190633 0.999790813130155 0.0141349176803883 -0.603149242866595 0.0774918762958722 -0.0152395097704944 0.996876505114902 58.6259508562061
0.996858708779432 -0.0120322551640469 -0.0782811571597583 -3.73368220985158 0.0133557571697783 0.999776216877402 0.0164054843492094 -0.605883312739917 0.0780662441841891 -0.0173994540712491 0.996796328502968 59.605593793417
0.996758831483466 -0.010910906540719 -0.0797043535710216 -3.81433092902369 0.0119412763878329 0.999851038670891 0.0124621983201128 -0.609106067040981 0.0795565068234152 -0.013373577950576 0.996740643113772 60.5737574252937
0.996674345643924 -0.00962343375559583 -0.0809174780749369 -3.90380784358836 0.0100335073248741 0.999938792066343 0.00466270861879809 -0.614760086005994 0.0808676540157925 -0.00545908817054409 0.996709898059776 61.5358947424607
0.996616952205565 -0.00756289786242616 -0.0818379688922711 -3.98065675071274 0.00758316465772836 0.999971245398063 -6.31729394121239e-05 -0.621643891545818 0.0818360934445408 -0.000557631571025366 0.996645645581602 62.474887178277
0.996562651886179 -0.0024876800028347 -0.0828051466624447 -4.06921547585925 0.00256712946254313 0.999996341094927 0.000853019976709273 -0.632799440495655 0.0828027216455355 -0.00106265938174865 0.996565391754666 63.405233465121
0.996483097029182 0.000133175892206135 -0.0837939114692228 -4.15299314891352 0.000135882332824316 0.99999485397081 0.00320524069128911 -0.647838456469711 0.0837939071240972 -0.00320535428294664 0.996477951001827 64.3281155077212
0.996409615168658 0.0027419336033873 -0.0846189139587717 -4.24451350144106 -0.00234708758990546 0.999985891461541 0.00476529723228585 -0.665526715090075 0.0846307862381811 -0.00454957997856231 0.996401992843614 65.2550753752332
0.996299964225321 0.00328536761013321 -0.0858812415157688 -4.32554824452246 -0.00291486033967522 0.999985898342359 0.00443922353863179 -0.670674284722508 0.0858946149291311 -0.00417246642791068 0.996295491132066 66.1557771872695
0.99615135184065 0.00500324430477832 -0.0875068670018078 -4.40962871721425 -0.00455490634714859 0.999975462210756 0.0053223871104285 -0.681453234625558 0.087531348979746 -0.00490331753114698 0.996149697797964 67.0424883859632
0.996024178030786 0.00576007772857859 -0.0888968969236696 -4.4923827937722 -0.00525116080649075 0.999968465604793 0.00595760909937493 -0.696496948868744 0.0889284099052782 -0.00546711080528943 0.996023016105131 67.9181133888861
0.995908656602152 0.00581412750988201 -0.0901783988890631 -4.57505878396295 -0.00525266250316141 0.999965323938241 0.00646223318342922 -0.706852138440113 0.0902128441050609 -0.00596211727391913 0.995904662061629 68.7663380358728
0.995796806896747 0.00575880027240364 -0.0914087282138025 -4.65756200933069 -0.00509972331633081 0.999959302764738 0.00744215266953351 -0.712499860276831 0.0914478660021059 -0.00694471264217149 0.995785649007847 69.6128139282619
0.995656419414534 0.00857449934082649 -0.0927079955542288 -4.74245520045063 -0.00767072906600122 0.999919566463901 0.0101005206915807 -0.717956459856049 0.0927871456303337 -0.0093455103498531 0.995642107909301 70.4456834102927
0.995526282426337 0.0100655319089541 -0.0939473579500096 -4.82460935037817 -0.00876796433116645 0.999860529541421 0.0142142276130914 -0.722895242735284 0.0940773288305147 -0.0133269100897097 0.995475690143951 71.2622953396814
0.995351189128046 0.0129416446388636 -0.0954385882933412 -4.91287337507076 -0.0114718795492332 0.999807252809761 0.0159327715293278 -0.730295653680033 0.0956263890408521 -0.0147638430985719 0.995307802971507 72.0712357478568
0.99517773239166 0.0159267809195738 -0.0967864587704992 -4.99480224691215 -0.0148435197249985 0.999818989129028 0.0119020544101568 -0.737168098557063 0.0969585007823823 -0.0104080078088294 0.995234003890283 72.8417719021273
0.995047723366638 0.0158808037041141 -0.0981214976270861 -5.07378441204397 -0.0154987035243583 0.999869051111474 0.00465519263891541 -0.746265818010585 0.0981825769265347 -0.00311138283609768 0.995163554841571 73.5950017781383
0.994914171911482 0.0149616807823207 -0.0996089285047139 -5.14836997544777 -0.0151566439546474 0.999884410454137 -0.00120078091850798 -0.75285500702899 0.0995794490531119 0.00270441101723436 0.995025939102759 74.3310381682451
0.994864809630992 0.0159374316598768 -0.0999500316657113 -5.2294163275298 -0.0162656318008485 0.999864656151583 -0.00246953457065852 -0.759745362072897 0.0998971460053247 0.00408260345407294 0.994989393194233 75.0491638525263
0.994742055961035 0.0192116469500852 -0.100594009383649 -5.3126892787774 -0.0191913713214666 0.999815144836956 0.00116936797379253 -0.772528590421143 0.100597879546311 0.000767317484371328 0.99492687060641 75.7567862069602
0.994627917650102 0.019026241960386 -0.101751204159395 -5.38374357228114 -0.0187611176606095 0.999817649567433 0.0035620327874062 -0.790994381126587 0.101800421880986 -0.00163393094059611 0.994803500383133 76.424994448222
0.994575378888126 0.0158779798431638 -0.102799345647925 -5.44998024401704 -0.0159274942319181 0.999873091877146 0.000339216051221661 -0.80454236322383 0.102791685641562 0.00129996005218356 0.99470205562612 77.0816716249204
0.994681180223958 0.00785882047794778 -0.102701453976896 -5.50707880325052 -0.00839506625795611 0.999953287307139 -0.0047902052326566 -0.819102513023985 0.102659011152444 0.00562691250525832 0.994700691306114 77.715141629296
0.994803853476355 0.0038420056316695 -0.101737564848589 -5.5643254478773 -0.00484941543733883 0.999941615215073 -0.00965656931770972 -0.830229867517599 0.101694524329045 0.0100997600861532 0.994764403548746 78.333211829268
0.995111604961265 0.00646503948358995 -0.0985448980713406 -5.6280591690103 -0.00747209819701108 0.999923533784773 -0.00985364561505319 -0.842917546111226 0.0984736585079965 0.0105418142579186 0.995083819952974 78.9334104728785
0.995443568574897 0.0110326850231012 -0.0947120987205727 -5.69631847272877 -0.0117262426021629 0.999908331382786 -0.00676934751116235 -0.853631480732399 0.0946287325145471 0.00784912049039248 0.995481689580586 79.5198515352694
0.995925490273363 0.0096024312546659 -0.0896672244343567 -5.74073903418784 -0.00998230629114742 0.999942996883227 -0.00378900320666002 -0.866710492887797 0.0896257294802759 0.00466865057482103 0.995964573826267 80.1022826667138
0.996444076700815 0.00590954187200889 -0.0840492672349007 -5.77598882940216 -0.00589031709303993 0.999982538303729 0.000476709737664261 -0.879907815247443 0.08405061672828 2.0062241050064e-05 0.996461486172497 80.6666768817681
0.997115892042101 0.0015434535263539 -0.0758782945795197 -5.80650649050876 -0.00124151869625258 0.999991124100426 0.0040262081034835 -0.895136102263208 0.0758838353564924 -0.00392039176329185 0.99710895796799 81.2181746811092
0.997861957398966 0.00521508547256591 -0.0651484217722776 -5.84193710062987 -0.00497504451193941 0.999980227593582 0.00384621294160397 -0.903558245344518 0.065167191960441 -0.00351387327628249 0.997868172549154 81.7506612173681
0.998693049720037 0.010432526477792 -0.0500335370744638 -5.87343424777257 -0.0102735974565414 0.999941333577847 0.00343257889332399 -0.912266503965869 0.0500664122560477 -0.00291406826414838 0.998741639549468 82.2631900968933
0.999369412193124 0.0154437732192694 -0.0319729235685618 -5.88768033443393 -0.0153251615553067 0.999874754660705 0.00395150800301757 -0.917547425305425 0.032029945302374 -0.00345902601116841 0.999480924151622 82.7717810112446
0.999854519213328 0.013817890871485 -0.0100003150224582 -5.87780661222731 -0.0137739124238671 0.999895218228746 0.00445330212621134 -0.922068114923907 0.0100608024145348 -0.00431491079298431 0.999940079104555 83.2653438156339
0.999823893621667 0.0101449983859301 0.0157879938864311 -5.84553046181483 -0.0102343931769843 0.999931992497536 0.00559174178652327 -0.927798909828237 -0.0157301919729991 -0.00575233758203823 0.99985972599802 83.7205085046842
0.998927208530366 0.00885362332725889 0.0454537722495095 -5.80335294839453 -0.00918569815164285 0.99993258927808 0.00710210173827367 -0.938762080650591 -0.0453878288442856 -0.00751200729584989 0.998941196837526 84.2064008340904
0.996885182373137 0.00840472129776237 0.0784174331688083 -5.74296776367162 -0.00910879324969655 0.999921315359556 0.00862513623951367 -0.946218259249756 -0.0783387710550265 -0.00931255869902731 0.99688329968962 84.6667597069151
0.99322867856861 0.00825205010207577 0.115882249451608 -5.66813435259192 -0.00938733854990914 0.999913111599447 0.00925457327275264 -0.952952222591273 -0.115795811425981 -0.0102797334899398 0.993219843305385 85.1151932978241
0.987473655523414 0.00837753851128755 0.157561405476462 -5.57714965111228 -0.00996440977077559 0.999907252840729 0.0092841937952285 -0.957334623795331 -0.157469013412627 -0.0107379031937889 0.987465547373606 85.5535595349989
0.979242656549791 0.00782309396735798 0.202540412742952 -5.46125099935652 -0.00996559829643149 0.999904637137684 0.00956051678258441 -0.967994219468849 -0.202446305088291 -0.0113805022443565 0.979227234979075 85.978766481954
0.967949415139337 0.0101533573547319 0.250939911265313 -5.32080839362714 -0.0124611454251183 0.999893403331072 0.0076093251803662 -0.976708191223059 -0.250835901708887 -0.0104924405851838 0.967972757418542 86.3665122834067
0.952490337016822 0.0103215231654517 0.304393863356551 -5.17777559415584 -0.0124979031764383 0.999908364936533 0.00520232122634151 -0.991751706075651 -0.304312274326512 -0.00875944572987995 0.952532052901492 86.7717135365495
0.932792224288362 0.0103733491102079 0.360265263292768 -4.99818350238088 -0.012390579678068 0.999917820728795 0.00329018604612425 -1.00035049898078 -0.360201526707496 -0.00753295541035595 0.932844099911863 87.1492873517846
0.908561659180167 0.0108108888408036 0.417610866896748 -4.79619269382231 -0.0126414678668096 0.999918784974756 0.001617635552369 -1.00685555437565 -0.417559462541509 -0.00674893599611496 0.908624535825974 87.5135445669726
0.879720120976068 0.0108883683481929 0.475367176174972 -4.56799354383098 -0.0122062135334325 0.999925451940421 -0.000314504245692099 -1.01097126317549 -0.475335162912475 -0.00552575754610877 0.879787445297165 87.8572403511413
0.846891146738421 0.0104836913802981 0.531662936258608 -4.28898710868147 -0.010176868817561 0.999942065510051 -0.00350670280496606 -1.00760798199458 -0.531668897827541 -0.00244086839769458 0.846948773683694 88.1672145857709
0.809440253617406 0.010868686515917 0.587101650037886 -4.04488085531664 -0.00975250399326362 0.999939612886304 -0.0050654956963664 -1.01951054267303 -0.587121251948565 -0.00162549506528143 0.809497370765429 88.4904795005885
0.769013457406979 0.00948003114117177 0.639162288731529 -3.76339034594391 -0.00901295802180119 0.999951433127518 -0.00398722634427728 -1.03029742816769 -0.639169045648068 -0.00269451216097878 0.769061551951177 88.7854994903691
0.726774509178641 0.00922807930212998 0.686814134508412 -3.45105444626852 -0.0100513508131822 0.999945566007772 -0.00279917277543532 -1.02797279905098 -0.686802579461504 -0.00486904238942296 0.726827702603054 89.0540949038489
0.682111852327462 0.00762687340344464 0.731208076895002 -3.12569421095791 -0.00788404440197668 0.999964191058019 -0.00307545859157145 -1.02541052298787 -0.731205349240736 -0.00366707018867096 0.682147557232279 89.2959088255214
0.636409451563934 0.00628523963503678 0.771325810356961 -2.75787259414631 -0.00633895025456009 0.99997565047748 -0.002918246358715 -1.04096685958704 -0.771325370819451 -0.00303219637723277 0.636433797119046 89.4888785604589
0.590294275435139 0.0025352678062162 0.807184143058853 -2.41440665939681 0.00175648722991396 0.999988665390017 -0.00442536372568101 -1.0352519083496 -0.807186213423591 0.00403007551345974 0.590283131514225 89.7098897356611
0.544833692207847 0.00423589933842165 0.83853342508928 -2.05399157401089 0.000169149656254385 0.99998666561191 -0.00516139387835126 -1.04470883086842 -0.838544106904078 0.00295393892429276 0.544825710683034 89.8863684819702
0.49849105613858 0.00702645721879212 0.866866365623212 -1.71168441431579 -0.00455664059440925 0.999974575122122 -0.00548508302800059 -1.06089968357131 -0.866882866352967 -0.00121573363989092 0.498510399104553 90.0317981059937
0.452252502118499 0.00900840343270328 0.891844449999635 -1.36817139232018 -0.00551090669358189 0.999958126165654 -0.00730587590156433 -1.07162394608371 -0.891872919330423 -0.00161077089248713 0.452283209042918 90.1817501594322
0.406915145799964 0.00855957682656705 0.913425857835842 -0.964288000660325 -0.00166912334825721 0.999961394365688 -0.00862692329154118 -1.08497605330601 -0.913464437263894 0.00198580532276691 0.406913723572181 90.3232813898715
0.369972286005719 -0.000269642688604428 0.929042751912162 -0.584817177868635 0.0152222436246372 0.999867476326591 -0.00577174872344857 -1.08776247494935 -0.928918075444081 0.0162775021767752 0.369927360486015 90.4135608957972
0.334978489717183 -0.00392820350053933 0.942217586677331 -0.19874591625858 0.0193342374117779 0.999809415809083 -0.00270542477345028 -1.09151898480569 -0.942027387441841 0.0191233176190257 0.334990596931827 90.509398984657
0.30207319855903 0.000239380592009554 0.953284703228395 0.184834388186001 0.0163622643521951 0.9998513526788 -0.00543588554364986 -1.09921489963832 -0.953144301256418 0.017239931650298 0.302024379378731 90.6134547852672
0.271189642997051 0.00776466644170755 0.962494616860885 0.562636385691036 0.00507944175973128 0.999941992600988 -0.0094979315945309 -1.11671721393436 -0.962512533322316 0.00746467602873099 0.271134471820248 90.7147431495591
0.240083725815017 0.0134227553296447 0.970659381162177 1.02251435348205 -0.000558825693254448 0.999906145454246 -0.013688973543545 -1.13194973444847 -0.970752024109466 0.0027440703693256 0.24006869384654 90.8289159782308
0.217236643897543 0.0140207980047411 0.976018267129997 1.40780203533024 0.000835145022012376 0.99989379933675 -0.0145496591269762 -1.15545432341086 -0.976118611174341 0.00397583591578432 0.21720186382222 90.8795449326947
0.194050763066945 0.0151619208073447 0.980874312799845 1.84343692533748 0.00840812839997342 0.999818119386963 -0.0171181635208133 -1.16607747326019 -0.980955455018191 0.0115691098597753 0.19388798561826 90.9364757240609
0.174050533620283 0.0213447216282342 0.984505365452677 2.28167365733072 0.0153717801166317 0.999584350822037 -0.0243892182681895 -1.16544946446827 -0.98461673768149 0.0193785564555426 0.173650083291539 90.9860834914537
0.151603773326511 0.0291180821615213 0.988012364904609 2.78818574819604 0.017672807350837 0.999326370328524 -0.0321632934625553 -1.16116744404199 -0.988283343881452 0.0223370288367353 0.150987050270024 91.0412429609777
0.13651159200643 0.0291534629978243 0.990209402522065 3.23453144351958 0.0143306652883222 0.999404164245143 -0.0313998172265584 -1.18088680558513 -0.9905348137649 0.0184767985512017 0.136012464998743 91.1109739911967
0.121008667464205 0.024630424332758 0.992345829132025 3.72488555338939 0.0125417941639977 0.999574384084426 -0.0263392118596519 -1.20401754432225 -0.992572216918087 0.0156330700576694 0.120648254537257 91.1663191809418
0.106637649559168 0.0211533398529188 0.994072908749435 4.17999542864895 0.0129310460536123 0.999659612339113 -0.0226593800880077 -1.22893950929601 -0.994213860165134 0.0152707455967402 0.106327816607247 91.2062632723253
0.0905607372626989 0.0199898771094557 0.995690292048479 4.78017659727026 0.0157920932572474 0.999643996388834 -0.021505587048822 -1.23786787834202 -0.99576571675118 0.017671595765774 0.0902128153096902 91.261705903315
0.0808784769898792 0.0182146630657816 0.996557523683002 5.29634797258849 0.0190870055036748 0.99962136071389 -0.0198197231417211 -1.26452004998602 -0.996541197432751 0.0206242879613295 0.0805001898469059 91.2847148325242
0.0708438725301029 0.018713239739099 0.997311867162627 5.82276471977419 0.022730598530172 0.999534091089428 -0.0203696008918048 -1.28192223559589 -0.997228391901975 0.024112557070918 0.0703855025989234 91.309576808566
0.0629712156792576 0.0191053328702693 0.997832457004578 6.36683389704246 0.0251480579994697 0.999468910492761 -0.0207237095441102 -1.29889663725839 -0.997698452025827 0.026398545685881 0.0624573103082314 91.3373051997185
0.0556921762553619 0.0205009620909254 0.998237492812852 7.04516140504019 0.0263624750543348 0.999410427960652 -0.0219958267068085 -1.3024156188243 -0.998099895507935 0.0275410064604185 0.0551188856037195 91.3648661619266
0.0506950278550501 0.0212927632320925 0.99848717186788 7.60060663729307 0.0278067892178139 0.999355014238296 -0.0227230717591424 -1.32626404624783 -0.998326998845655 0.0289166690806033 0.0500702469048347 91.3955687390133
0.0446089368600732 0.0220112811479235 0.998762006813656 8.19283194033161 0.0283187127677201 0.999327620227548 -0.0232885799808636 -1.34111206464952 -0.998603070924276 0.0293225331881948 0.0439556115647803 91.4221457494621
0.0402663593708525 0.0220114873286347 0.998946502435741 8.81045314921909 0.0306967706445041 0.999258165058108 -0.0232557054655706 -1.3585628587177 -0.998717341681327 0.0316008542650989 0.0395608068004171 91.4428391711652
0.0372929964426808 0.0218226906261233 0.999066065177956 9.45240473200962 0.0323726471505427 0.999210405906142 -0.0230342450570765 -1.37875334619751 -0.998779877717204 0.0332014292270604 0.0365570918494325 91.4624657569364
0.0338263052076203 0.0217163448557345 0.999191764098417 10.2961594454929 0.0336642553535469 0.999171827479863 -0.0228555700441243 -1.39453260337472 -0.998860600377997 0.0344101661817768 0.0330672266126205 91.4836060151535
0.0319312375916944 0.020629280739822 0.999277153167239 10.9547768196689 0.0360017646834782 0.99911443999751 -0.0217763341299021 -1.41631509799019 -0.998841463399242 0.036671086220881 0.0311602700540687 91.5051947982485
0.0311938544553945 0.0201753571891121 0.99930971095377 11.6441833933456 0.0402137004022516 0.99896140423489 -0.0214236119506968 -1.43934569405092 -0.998704061143327 0.0408542263584544 0.0303501308807482 91.5218016414167
0.0321681090227138 0.0195577905133353 0.999291101527548 12.363253053418 0.0436628718914912 0.998826548084007 -0.0209542468434138 -1.46841098497153 -0.998528300239953 0.0443059778452523 0.0312764119918829 91.5395237091559
0.0342915392544852 0.0203966735283061 0.999203715988155 13.2649490679017 0.0440159868762079 0.998790786121515 -0.0218988232121933 -1.47531975903481 -0.998442128135062 0.0447318820054007 0.033352293734964 91.5533660335493
0.0383675840867853 0.0199881628253853 0.999063762648916 14.0199416099059 0.048352870129094 0.998591610654487 -0.0218356378600905 -1.50588234036545 -0.998093146175057 0.0491453810377327 0.0373470625489294 91.5961969434983
0.0426792323811941 0.0194418357434691 0.998899643681124 14.7855940333855 0.0488607648937129 0.998573673095158 -0.0215231283796048 -1.5265457647767 -0.997893335370747 0.0497255912400004 0.0416684148784069 91.6296861767695
0.046873903451212 0.0177474778016942 0.998743142257771 15.5706857398416 0.0504448804411838 0.998524339782573 -0.0201111138192591 -1.54671147981838 -0.997626258281388 0.0513241648101057 0.0459094641008145 91.6635240500725
0.0507179776578959 0.0156042339904445 0.998591104819117 16.379271212959 0.0497079225404449 0.998599249783334 -0.0181290035268314 -1.59030390916929 -0.997475217325727 0.0505573556837598 0.0498712803852027 91.7089913566807
0.0549965435500528 0.0136777248227779 0.99839285856882 17.1972152565842 0.0470586983796865 0.998759532586697 -0.0162749800003445 -1.60640223439952 -0.997376989460032 0.0478781360421882 0.0542846662029792 91.757911935966
0.0585722427111679 0.0134087064260739 0.998193117074929 18.2355060801295 0.0456733998080834 0.998826721196893 -0.0160972535866967 -1.60426947787452 -0.997237801596868 0.0465337255659034 0.0578910999308372 91.8235978341187
0.0626228975793121 0.0139865936773902 0.997939250604001 19.0360469681681 0.0428709243991019 0.998941188613094 -0.0166908817449906 -1.64638320628373 -0.997116069743105 0.0438278095455655 0.0619569735421297 91.8829904695355
0.065805339989948 0.0178365055810028 0.997673050802449 19.8856766774646 0.0406180336030572 0.998963631618398 -0.0205386964046703 -1.67880237382645 -0.997005432570469 0.0418750734022181 0.0650126576331915 91.9470523122946
0.0671852800454105 0.0230943753840978 0.997473201630419 20.7170260387444 0.0351823382768963 0.999055511803681 -0.025500733480714 -1.70289849549104 -0.997120023476908 0.0368067135221653 0.0663093102143842 92.0115799470124
0.067062829806279 0.0262588540370595 0.997403152914124 21.5599030022667 0.0320731097170945 0.999080262681506 -0.0284595213123618 -1.73051136098211 -0.99723311842891 0.0338983967897298 0.0661589465124465 92.0773041570829
0.0670577804785556 0.0262480008172508 0.997403778081068 22.6298218473697 0.0310119947934082 0.999116079975528 -0.0283780709927128 -1.74625234372227 -0.997267020539747 0.0328344512278099 0.0661845038989121 92.1510492372021
0.067117256377773 0.0241876914417791 0.997451868251816 23.3510703119248 0.0280017936309596 0.999266660663024 -0.0261159039824109 -1.78969800596225 -0.997352080987336 0.0296832691947272 0.0663907379093192 92.2144023347206
0.0669580757817313 0.0229514385912155 0.997491778188774 24.205572460121 0.0288052200787636 0.999274212457592 -0.024926042876359 -1.82425806298973 -0.997339899624908 0.0304019700653388 0.0662483572047211 92.2755735327083
0.0672006206074151 0.0221740518624361 0.99749305161188 25.0648632361934 0.0257839833033722 0.999380526581709 -0.0239530644026441 -1.86261578182441 -0.997406267673805 0.0273290049812975 0.0665872562262669 92.3461742693591
0.0674236449947028 0.0223978265874102 0.99747300187012 25.9277683867994 0.0242446368947226 0.999415998830531 -0.0240802587904353 -1.89980115000696 -0.997429821931083 0.0258069495626969 0.0668412423343333 92.4093228547583
0.067620878630707 0.0228010561374294 0.99745051436762 26.7915657536701 0.021248884603898 0.999479154058751 -0.0242879703782411 -1.93869642503669 -0.997484787691673 0.0228370847750295 0.0671011615598173 92.4725962563065
0.0664296083187463 0.0247709441778945 0.997483587565807 27.914167174778 0.0186251985324752 0.999486829437011 -0.0260610775214195 -1.95889457984494 -0.997617265848103 0.0203095570234112 0.0659341548460961 92.5507271833977
0.0632333123145858 0.0242561916605918 0.997703956782698 28.6646693079701 0.0151889767120175 0.999565415507961 -0.0252641070857456 -2.00465049088254 -0.997883181139039 0.0167516353387622 0.0628374053674188 92.6129580297509
0.0593297634833925 0.0228956724254738 0.997975835052728 29.5140057585954 0.0122667401765431 0.999644726460411 -0.0236632192512244 -2.03975341900183 -0.998163065961893 0.0136458434724912 0.0590278299235062 92.6708085516474
0.0543904167246932 0.0201588619106312 0.99831623389334 30.3469084553183 0.00905155376799852 0.999745153145687 -0.0206808640074062 -2.07936241346861 -0.99847871882324 0.0101611538801409 0.0541940864756004 92.7226861387048
0.0487881726261248 0.0181014919571334 0.99864510723316 31.2041963799104 0.00868551748895423 0.999790271183351 -0.0185465746991536 -2.11723456110572 -0.998771383249316 0.00957860303217781 0.0486207195154436 92.7439257274298
0.0410007445839774 0.0187581004664051 0.998983019180232 32.2613800701511 0.00712627475323831 0.999792834536996 -0.0190657865460608 -2.12393098481975 -0.999133702340033 0.00790073891296555 0.0408585752679697 92.814173790434
0.0325699036600506 0.0196701427061737 0.99927588125677 33.0042813244466 0.00849223946315526 0.999764781161764 -0.0199565582571158 -2.15686706340556 -0.999433381093745 0.00913607325320844 0.032395199043015 92.8325437045575
0.0227322719309858 0.0200923135600855 0.999539665420367 33.8210726127448 0.00892537558003362 0.999754101487433 -0.0202996115679964 -2.1838676810632 -0.99970174626416 0.009382723211275 0.0225473506543351 92.8520275695707
0.0125586863090205 0.0191345621564156 0.999738039653025 34.639854838664 0.0104418197043965 0.99975986310472 -0.0192661497475024 -2.21023628909222 -0.999866615003948 0.0106810418927452 0.0123558708569216 92.8608686408535
0.00174153927120557 0.0177432078087024 0.999841060177879 35.4900584471477 0.00874268611988368 0.999804094155597 -0.017757779960196 -2.25482365807729 -0.999960265450771 0.00877222243007703 0.00158607479685269 92.8645160907268
-0.00920955389641209 0.0169348954967366 0.999814179451134 36.3189915527112 0.0106231222398698 0.999801815514276 -0.0168368336760404 -2.28433655024576 -0.999901161810959 0.0104660885182801 -0.00938763017069055 92.8536810168037
-0.0208139365887601 0.0177468153385006 0.99962584529864 37.3618196879173 0.0106086799025796 0.999790075806112 -0.0175288399596941 -2.29484218927321 -0.999727080734739 0.0102398664517233 -0.0209978375231163 92.8458056493202
-0.0312576426016178 0.0180451706984785 0.999348453540332 38.1107713467889 0.0104845349250268 0.999787923937821 -0.0177251706764059 -2.3406075828411 -0.999456369386076 0.00992365671335933 -0.0314402088262782 92.8134436767994
-0.0418391383935324 0.0192505529185472 0.99893888837647 38.9115620394851 0.0104503732052154 0.99976810547307 -0.018828833704189 -2.36431009709669 -0.999069705375135 0.00965150201359879 -0.042030611588733 92.7816424605809
-0.0520304423102207 0.0203642977926224 0.998437844058616 39.7022566018159 0.0116645886029175 0.999736252001417 -0.0197829170468631 -2.39005022126638 -0.998577373289485 0.0106170527723929 -0.0522542605411342 92.7368451905515
-0.0614775137530057 0.0210731780485246 0.997885983702389 40.4990000646873 0.0124509996181581 0.999715491707485 -0.0203447351560467 -2.41521554616795 -0.998030805091335 0.0111739342666866 -0.0617224050223752 92.6858690128576
-0.0722779275740384 0.0215314945063956 0.997152092676901 41.4859089371711 0.011787645990814 0.999715568471599 -0.0207324276799272 -2.43756057730848 -0.997314871335827 0.0102555789611909 -0.0725111750875234 92.6485625486922
