0.99999999997281 -1.00663622776753e-06 -7.30530915660191e-06 3.01080292686844e-05 1.00664037542375e-06 0.999999999999332 5.677555092102e-07 1.35951336624729e-06 7.30530858507377e-06 -5.67762863013915e-07 0.999999999973155 0.000162689585919576
0.999997486596188 -0.0016957420274535 -0.00146671751987318 -0.00449919671134273 0.00169443188765475 0.999998164805546 -0.000894028029384772 -0.0108731748419256 0.00146823086906447 0.00089154052939546 0.999998524725712 0.585577269053483
0.999993820465586 -0.00225518027279738 -0.00269688571848716 -0.00681060519122276 0.00224884016341374 0.999994706271408 -0.00235162647532861 -0.0246994933828961 0.00270217478354228 0.00234554707845201 0.99999359830968 1.15510224930343
0.99998537874908 -0.00257079454424138 -0.00475744715901642 -0.0139947089399308 0.00255295979586627 0.999989705807752 -0.00375108981584492 -0.0379644380876708 0.00476704146617429 0.00373888939889157 0.99998164784246 1.72774202470831
0.999967262917306 -0.00468770331630184 -0.00659534163553876 -0.0168739690986996 0.00465223966969538 0.999974694078088 -0.00538218073737117 -0.0515420220002125 0.00662040480082986 0.00535132143048325 0.999963766143164 2.30166094294876
0.999941941803802 -0.00705761963460308 -0.00814266705289405 -0.0221413867151653 0.00699694354934736 0.999947722558571 -0.00745620083513501 -0.06224526075416 0.00819486440450771 0.0073987941598538 0.999939049163684 2.87898343669496
0.9999185290007 -0.00831085015414531 -0.00968840186981658 -0.0273638652630342 0.00823189290433969 0.999932812663989 -0.00816125585285165 -0.07524511426757 0.00975557790636743 0.00808083706057524 0.999919761166921 3.4664302017267
0.99990235108329 -0.00852237581952314 -0.0110750805189267 -0.0379522940233516 0.0084391239717107 0.999935946452158 -0.00754216012933184 -0.0879953342503581 0.01113864824384 0.00744795966806965 0.999910225176282 4.06465647230284
0.999885563989471 -0.00886114854229786 -0.012261279377347 -0.0471871130221925 0.00876547167504816 0.999930886991446 -0.00783503330012055 -0.106578278984022 0.0123298593573467 0.00772666079308534 0.99989413103649 4.66576041889411
0.999876974109077 -0.00822240143078207 -0.013357722904286 -0.0613655767554031 0.00808089423677416 0.99991102435728 -0.0106133179123922 -0.12203634797689 0.0134438013526935 0.0105040698534667 0.999854453768999 5.2795034843837
0.999870265746607 -0.00654158192311174 -0.0147193539855571 -0.0741529567385715 0.00633021285921457 0.999876837468346 -0.0143609992499005 -0.139847249379905 0.0148114847657469 0.0142659594925061 0.999788528799362 5.89385466597158
0.999861283298251 -0.00506114676573579 -0.0158681742677383 -0.0937157708032899 0.00477242013386672 0.999823327510373 -0.0181806977905752 -0.153197068291949 0.0159573859777062 0.0181024462297791 0.999708789234773 6.52355271502968
0.999846862583085 -0.00334521640816721 -0.017177337102803 -0.108012809622961 0.00303418637888348 0.999831555129278 -0.018101245282779 -0.168377196152957 0.0172349962512035 0.0180463540625706 0.999688593517636 7.16669686091968
0.999831517594203 -0.000853800764934235 -0.0183359605564253 -0.129021273649484 0.000646200772171456 0.999935661835958 -0.0113249553308546 -0.179286963223982 0.0183444501099115 0.0113111985632649 0.999767741996724 7.8319016590006
0.999817858493026 -5.53240567306711e-05 -0.0190852502647628 -0.147569632404081 4.09781343711705e-05 0.999999716358617 -0.000752066139418496 -0.195696181678593 0.0190852864587458 0.000751147079008661 0.999817577170382 8.51779104588863
0.99980143900164 0.00108312921170433 -0.0198974722354554 -0.167969731830192 -0.00096659063769592 0.999982329842672 0.00586563764310195 -0.208095287866674 0.0199034738874671 -0.00584524024585892 0.999784819295472 9.21284309370117
0.999772652986645 0.00318303406374221 -0.0210834208371055 -0.188973232682349 -0.00307606478874138 0.999982242788458 0.00510410944057219 -0.228638459168148 0.021099293008556 -0.0050380950680718 0.999764691031157 9.91152218321618
0.999745809332871 0.00542636906908433 -0.0218831268352716 -0.214698020072572 -0.00547834485410122 0.999982312006571 -0.00231590406826225 -0.230233926682017 0.021870172816465 0.00243519870235179 0.999757853356631 10.624745112648
0.999724153933715 0.00507124934205131 -0.0229324763518336 -0.234981082299063 -0.0052612450552215 0.999952273334949 -0.00823227506442369 -0.235770039374318 0.0228896339417119 0.00835065760154067 0.999703121519402 11.3542190609226
0.999703993251019 0.00291359182356545 -0.0241544377010077 -0.254828517879199 -0.00307665500732065 0.99997271139997 -0.00671644618512084 -0.236162281090385 0.0241342095775299 0.00678877294342269 0.999685676845472 12.1136827828596
0.999698494743488 0.00197656288220261 -0.0244747381349937 -0.274071178934438 -0.00191195644062419 0.9999946268412 0.00266283895458977 -0.251033367811939 0.024479869896978 -0.00261524146143792 0.999696902306857 12.8962180647223
0.999688550262948 0.00156413085204885 -0.0249069461765706 -0.303280656494204 -0.00131299340193921 0.99994817013368 0.0100961920856844 -0.254912271074973 0.0249214470184093 -0.0100603449733218 0.999638790232515 13.698745178575
0.999676580601998 0.000730926228005141 -0.02542046307105 -0.323049699923216 -0.000411699678592945 0.999921024976698 0.0125608245320343 -0.261948539373475 0.0254276365254824 -0.0125462965212497 0.999597932042843 14.5134103841562
0.999671490415595 -0.00119607362642601 -0.0256023564958956 -0.347622662291868 0.00149168093093307 0.999932413385454 0.0115301148798105 -0.261509520224674 0.0255868352529782 -0.0115645176735351 0.99960571016412 15.3375661030268
0.999682242115857 -0.00164459497474861 -0.025153729456728 -0.36730612828075 0.00187371310388983 0.999956949083493 0.00908785886975634 -0.263549081795079 0.0251377007185929 -0.00913210200344526 0.999642286378273 16.1888977534113
0.999696510648688 0.000932784781109688 -0.0246174025719509 -0.396629714761726 -0.000794088242332487 0.999983761391641 0.00564325942064642 -0.264166651010288 0.0246222667660951 -0.00562199836156641 0.999681017682001 17.0557951520457
0.999717204980199 -0.00220878403046001 -0.0236776548603506 -0.418867479468249 0.00221159790343219 0.999997550121873 9.26550945991415e-05 -0.270910152067455 0.0236773921978886 -0.000144994344047172 0.999719640737016 17.9369229860672
0.999721252281138 -0.0050853415360589 -0.023055520789929 -0.436968183663089 0.00494337962653368 0.999968497638031 -0.00621021170392821 -0.283004851874495 0.0230863755340934 0.00609450842983003 0.999714897474124 18.8360251080499
0.999751323306016 -0.0039959597170774 -0.0219390941884287 -0.462368007113379 0.0037407247874159 0.99992499332363 -0.0116625342359123 -0.294583138282989 0.0219840516268968 0.0115775659220109 0.999691283067622 19.7519650877623
0.99975798822391 -0.00272132479299041 -0.0218302398944925 -0.489481320137605 0.00244986504869451 0.999919467781322 -0.0124521529528757 -0.311984328000772 0.0218623682093963 0.0123956582435013 0.999684142373473 20.6886509172857
0.999753574308858 -0.00250755993592415 -0.0220568084688343 -0.514623233029749 0.00224679605481569 0.999927389716668 -0.0118392230276959 -0.334693723896429 0.0220848944790587 0.0117867483887292 0.999686615894336 21.6443997531829
0.999755067902531 -0.000977296554616238 -0.0221099320362942 -0.54297207114125 0.000685730145456215 0.999912761633979 -0.0131908640989738 -0.358880164653035 0.0221208945879868 0.0131724717860514 0.999668521065694 22.6120287635935
0.999756855631545 0.0018095712772091 -0.0219762387482135 -0.573907677455946 -0.00214507669690987 0.999881368780984 -0.0152527705886783 -0.382703682433042 0.0219460307046663 0.0152962026810308 0.99964213492622 23.5936109852759
0.99974122350389 0.00543110439314115 -0.0220904760477305 -0.605932308076064 -0.00578667643767753 0.999854216917861 -0.0160642238336021 -0.40746666607755 0.0220000091534113 0.0161878972272882 0.999626906190809 24.5856146712036
0.999731772017335 0.00708823001210517 -0.0220486057240594 -0.636878097738912 -0.00744080386482775 0.99984510346471 -0.0159500318334863 -0.437449274182233 0.0219321329770886 0.0161098129393098 0.999629659158899 25.5899988025638
0.999721424060881 0.00780697037809065 -0.0222738745439458 -0.665660654229423 -0.00816553089150404 0.999837807047421 -0.0160525295160371 -0.467937365230264 0.022144940256043 0.016229935678214 0.999623024349148 26.6035786616032
0.999716054105977 0.00790755576981195 -0.0224784724686298 -0.694119395501825 -0.00826665810504722 0.999838973814144 -0.0159276114359529 -0.497431166329273 0.0223489043702346 0.016108910702706 0.99962044270284 27.6277879330604
0.999700877310136 0.00881685756816814 -0.0228126922559836 -0.723494180044753 -0.00915583506842244 0.999848588970536 -0.0147976287907527 -0.528113115355457 0.0226787695773696 0.0150020717319877 0.999630237264862 28.6571468538493
0.999688562075514 0.0094838830637181 -0.0230832150582506 -0.753830444870318 -0.00978232685656152 0.999869575031218 -0.0128506423249328 -0.55718003434216 0.0229583304415439 0.0130724477021589 0.999650952170012 29.6978058588232
0.999675652976576 0.0101041043419405 -0.0233772522188669 -0.784518366948343 -0.010378763457461 0.999878182901432 -0.0116576424213303 -0.587231863100321 0.023256614434423 0.0118964882707758 0.999658743497936 30.746687297649
0.999674987080547 0.00992795545660429 -0.0234809690166399 -0.81498918568291 -0.0102271159167079 0.999867620253563 -0.0126549622086434 -0.61725443186405 0.0233522227108029 0.0128909917744002 0.999644184710509 31.7993591024779
0.999655972373582 0.0112120186379247 -0.0237113377077501 -0.847090306694907 -0.0115362110405463 0.999841234973582 -0.0135801576327531 -0.645313085700986 0.0235553121961081 0.0138490246792066 0.999626606179917 32.8612441952499
0.99965009166904 0.0109048711874878 -0.0240993363075417 -0.879013254738805 -0.0112135280652056 0.999856347546184 -0.0127098804060069 -0.673529941357722 0.0239572747701099 0.0129756716970048 0.999628771559523 33.9320550007904
0.999643362442001 0.0102903874349733 -0.0246425618004299 -0.909535289338398 -0.0105402988161576 0.999894113636232 -0.010033125957579 -0.701214243724802 0.0245367077358796 0.0102892877330106 0.999645977599786 35.0142782072542
0.99962770213921 0.0105703564731596 -0.025154019160209 -0.942172269825627 -0.0107350173447874 0.999921767832055 -0.0064200948766536 -0.727231416348437 0.0250841886153198 0.00668773352104091 0.999662972057014 36.1097249594216
0.999614200276448 0.0107366265241072 -0.0256159219345883 -0.977215296925064 -0.0108424098117944 0.999933241728296 -0.0039942754303771 -0.752665655095861 0.0255713268163814 0.00427047276334201 0.999663878664838 37.202832873208
0.99960155126263 0.0106994812108263 -0.0261201036591057 -1.0117325700432 -0.0107952033668379 0.999935511845877 -0.00352643357989597 -0.775423510120843 0.0260806882120059 0.00380700030785158 0.999652591879321 38.3051352477888
0.999593067630015 0.0102328327960385 -0.0266268338145009 -1.04675589544842 -0.0103693874487854 0.999933758478646 -0.00499544379462794 -0.797264447981773 0.0265739524714278 0.00526951494320244 0.999632961272441 39.4140929289895
0.999568122740196 0.0107510862991727 -0.0273492622391901 -1.08316582372504 -0.0109059931198652 0.999925285184693 -0.00552117400370953 -0.819616005293399 0.0272878602259265 0.0058170604000239 0.999610691465729 40.530014073303
0.999553775697059 0.0104315688282012 -0.0279898528316078 -1.11984914929729 -0.0105561967288624 0.999934999464888 -0.00430854450773961 -0.842669983973213 0.0279430885976142 0.00460208832337231 0.999598921859507 41.6474374515716
0.999529924285134 0.0104839333805139 -0.0288100260226885 -1.15728743246591 -0.0105543294845838 0.999941673643143 -0.00229247483775886 -0.866701739477434 0.0287843114853541 0.00259546770811358 0.999582276233272 42.7667480687937
0.999512574112987 0.0105101951850569 -0.029396428136799 -1.19613822885993 -0.0105073645349136 0.99994476467755 0.000250767799664182 -0.889262144659938 0.0293974400341325 5.82334175107398e-05 0.999567800165806 43.8834360127255
0.999483962387085 0.011759408474937 -0.0298918926020252 -1.2372812584262 -0.0117606139908952 0.999930832408518 0.000135489355074135 -0.913181806202061 0.0298914183264794 0.000216127572878947 0.999553128352517 44.9988900933962
0.999458471661474 0.0129697954122765 -0.0302414918791119 -1.27882856941802 -0.0130855087372106 0.999907786442931 -0.00363153850138386 -0.936977449479383 0.0301916028921799 0.00402529722658331 0.999536024411846 46.1098366145078
0.999438864154715 0.0142399959601393 -0.0303179704496824 -1.32054458605655 -0.0144779417445804 0.999865975386173 -0.00764332832589559 -0.961121875726292 0.0302050661309181 0.00807798119037906 0.999511080578857 47.222911434095
0.999434933447194 0.0146074129039119 -0.0302727153334 -1.36131366793581 -0.0148538000338416 0.999858229284941 -0.00793006656579044 -0.987444134244793 0.0301525857922183 0.00837525041045632 0.99951021843231 48.3443858062896
0.999430210718089 0.0151260415158819 -0.0301737762312802 -1.40167649927749 -0.015289218097755 0.999869671831023 -0.00518451178824374 -1.0147569908704 0.0300914225977243 0.00564289115462775 0.999531222156398 49.4681824417115
0.999427845330499 0.0158215588531765 -0.0298941508240705 -1.44220079342336 -0.0159202500055197 0.999868563350412 -0.00306621319298575 -1.04091689870507 0.0298417093645547 0.00354038119961161 0.999548367055423 50.5931984007903
0.999450078674683 0.0143131247593471 -0.0299111132656924 -1.48078340446924 -0.0143770501035381 0.999894795341539 -0.00192319505578831 -1.06354079408843 0.029880439546467 0.00235217102388785 0.99955071238231 51.7165226806267
0.999461439746742 0.0142543975074474 -0.0295574459497087 -1.5198416354797 -0.0143423470675085 0.99989331839554 -0.00276566602296748 -1.08839725796659 0.0295148698110868 0.00318809969341357 0.999559257113043 52.8352093672824
0.99948254698924 0.0135243600540529 -0.0291844127751391 -1.55707596208005 -0.0136638483645397 0.999896131210155 -0.00458541588468324 -1.11193615706768 0.0291193666100798 0.00498181453819576 0.999563526751619 53.9514373935567
0.999487750631804 0.0136477724165028 -0.0289477917127581 -1.59593103597598 -0.0138487211244059 0.999881300184422 -0.00675266352837208 -1.13755307310566 0.02885219680018 0.0071500943753434 0.999558115814297 55.0665281387468
0.999504715594657 0.0125734704955134 -0.0288484201255761 -1.63461040119162 -0.012844815442932 0.999874809430071 -0.00923992334475191 -1.16746060767555 0.028728630671863 0.00960589958714588 0.999541090937657 56.1867109894158
0.999525486018015 0.0110809559738704 -0.0287404804266603 -1.6693606009997 -0.0114468995258539 0.999855099261054 -0.0125995624095793 -1.19991884985635 0.0285967007134583 0.0129225731328178 0.999507496626179 57.3076860439996
0.999547558858208 0.00952143323599919 -0.0285310338005794 -1.70403564484532 -0.00993144914041856 0.999848943845074 -0.0142637936700485 -1.23288292734422 0.028390912253196 0.0145406946540681 0.999491132677228 58.4095511469114
0.99956838503348 0.00776603813664159 -0.0283325306533102 -1.73948047773439 -0.00810773715819491 0.999895541119397 -0.0119654271850967 -1.26732654069586 0.0282366471050329 0.0121899754392063 0.999526936234866 59.5447715511304
0.999585383532567 0.00641539469642546 -0.0280696230637189 -1.77448005669308 -0.00658809587948523 0.999959908910479 -0.0060644508761578 -1.29805768409508 0.0280295918759602 0.0062468618230034 0.999587574300837 60.6763575042191
0.999600190429853 0.00520125478023578 -0.0277921974897993 -1.80976535207504 -0.00520608551412086 0.999986443097821 -0.000101460274123007 -1.32403965687721 0.0277912929929609 0.000246108266091654 0.999613717125021 61.8103538128232
0.999612487528864 0.00355988039829758 -0.0276080065906073 -1.84420877484181 -0.00354442103203235 0.999993533153877 0.000608875992700898 -1.34805892672487 0.0276099955795883 -0.000510785646448115 0.999618640903679 62.9376515151276
0.999624140468563 0.000356879856363025 -0.0274125961786849 -1.87621444564754 -0.000422476050649971 0.999997061468979 -0.00238716723189889 -1.36935051184445 0.0274116636940218 0.00239785115771328 0.999621353815209 64.0643962321904
0.999623362303316 -0.00101134201926419 -0.0274246371850876 -1.90852347505589 0.00085749743052682 0.999983834947098 -0.00562090229879485 -1.39137548662981 0.0274298785190577 0.0055952686991804 0.999608070561965 65.1864283541928
0.999621897723207 0.00102142007783304 -0.0274775962063346 -1.947190920387 -0.00128713655806042 0.999952567302887 -0.00965434740657032 -1.42081424305096 0.0274664317255569 0.00968606449443974 0.999575797667628 66.3122162245183
0.999625168296208 0.00125568323261129 -0.0273486045054811 -1.98662946216016 -0.00163900836324219 0.99990067490913 -0.0139983558981241 -1.44896784563799 0.027328310602068 0.01403793346204 0.999527938510851 67.4221808516448
0.99963461149233 0.00429490335276906 -0.0266870251577175 -2.02448824535065 -0.00468613717676468 0.999882215892924 -0.0146148711734347 -1.48219411761173 0.0266211123910857 0.0147345901281957 0.999536996928486 68.5667244078009
0.999632424377125 0.00823829717817806 -0.025829181046147 -2.06667189592397 -0.00852164148214851 0.999904508677607 -0.0108791154347675 -1.51688157067608 0.0257370891975053 0.011095223557788 0.999607171969991 69.7083901034613
0.999622426556097 0.0096684091759102 -0.0257201514402224 -2.10573339292151 -0.00989807663447707 0.999912138682861 -0.00881719873912425 -1.54820573119505 0.0256326433486447 0.00906844962903642 0.999630297068014 70.8415812553225
0.999625489298398 0.00916742893472528 -0.0257844796663809 -2.1394786031329 -0.00937828629831754 0.999923469155267 -0.00806867886353033 -1.57756429938495 0.0257085373182925 0.00830747128931261 0.999634961888454 71.9750887487284
0.999639038329407 0.00764637015365142 -0.0257551173814466 -2.17211482527066 -0.00783519482332935 0.999943104432326 -0.00723862005652972 -1.60757862210193 0.0256983028610688 0.00743780355452267 0.999642074098697 73.1115368408577
0.999639005570614 0.00647590593070243 -0.0260752983524862 -2.20494755871668 -0.00663086421454075 0.999960841451038 -0.00586064879521318 -1.63653660767726 0.0260363242713483 0.0060314348963745 0.999642802010562 74.2534608746697
0.999639096333042 0.00507952915804066 -0.0263794515862761 -2.24092814739406 -0.00518076861724963 0.999979469805494 -0.00377088902753013 -1.66302891032381 0.026359755670237 0.00390619393477084 0.99964488941321 75.3638640442823
0.999626955995064 0.00379384125580581 -0.0270472848280209 -2.27290638401034 -0.00384999471951885 0.999990539731667 -0.00202434874215057 -1.69157209361175 0.0270393488956746 0.00212772547475362 0.999632105524629 76.5151859201455
0.999613503203214 0.00309260492663413 -0.027627522664285 -2.30803261362368 -0.0031854603845709 0.999989423138832 -0.00331759741430915 -1.71924398972182 0.0276169704337053 0.00340432155250641 0.999612781800448 77.6453772474243
0.999597797841728 0.00340352836520278 -0.0281541923101119 -2.34660507675646 -0.00360458456631146 0.999968343505642 -0.00709358560150206 -1.74665893734123 0.0281291578272761 0.00719221671314125 0.999578422385497 78.7630173178316
0.999576902518557 0.00395437323046091 -0.0288162954551835 -2.38481721339786 -0.00421928600120506 0.999949344547785 -0.00913815977620414 -1.77518025911491 0.0287787000583114 0.00925587763583845 0.999542953130151 79.8849873006125
0.999549048150733 0.00596898716667571 -0.0294290933120299 -2.42549226240401 -0.00618899167907425 0.999953538574789 -0.00739033651157984 -1.80610912440397 0.0293836131706169 0.00756914023929409 0.999539549689294 81.005211494899
0.999527497215298 0.00691510835407214 -0.029949350359813 -2.4666161202734 -0.00701107001953037 0.999970616072607 -0.00310030459013345 -1.83416284925726 0.0299270313881052 0.00330881667999329 0.999546609480755 82.1275365032658
0.999499294023196 0.00841519919947908 -0.030501568313224 -2.50729140457559 -0.00839280413780132 0.999964408107828 0.000862181109480336 -1.85799761721526 0.0305077381304759 -0.000605755721497075 0.999534347070759 83.2332498461891
0.999471122550037 0.00962806782076352 -0.0310608354460559 -2.55259665155584 -0.00958302285864003 0.999952803707145 0.00159875924115576 -1.88335451380654 0.0310747624521728 -0.00130025699735718 0.999516217212248 84.3673797217645
0.999454436832486 0.00947130013328074 -0.0316405304892884 -2.58937229909971 -0.00949454842019999 0.999954754875095 -0.000584596429974907 -1.90277248929965 0.0316335620212892 0.000884690044466215 0.999499142109372 85.4488601609277
0.99943973530973 0.00924566709562819 -0.0321672678972638 -2.63394841308458 -0.00929213744243087 0.999955988022036 -0.00129545382984082 -1.92680619864342 0.0321538748173294 0.00159363070725095 0.999481659999522 86.5576361886131
0.999427107210721 0.00852219703003122 -0.0327540765430969 -2.67574101517167 -0.00857281012022403 0.999962265571931 -0.00140511881815188 -1.95244686416487 0.0327408658873327 0.00168510831458013 0.99946245357738 87.6453513536063
0.999407243704818 0.00758464152939485 -0.0335802686589727 -2.7089595764812 -0.00762689599567435 0.999970275888708 -0.00113039662606006 -1.97522651832109 0.0335706968621352 0.0013858397929127 0.99943538448479 88.7110345946386
0.999398549521213 0.0062017974960697 -0.0341185715221735 -2.75535193076715 -0.00619213712891243 0.999980752951353 0.000388798947559798 -2.00105021279638 0.0341203260927071 -0.000177298230738731 0.999417716429254 89.7796243291229
0.999373400178109 0.00639461775785022 -0.0348125822106887 -2.78953298980894 -0.00629024248531363 0.999975389694517 0.00310690437171485 -2.0234246241409 0.0348315929282732 -0.00288597800234375 0.999389028989737 90.808273314362
0.999342301433063 0.00582892178076266 -0.0357908960120068 -2.83836004529428 -0.00568506140201589 0.999975352848068 0.00411992393578593 -2.04827707092353 0.0358140285827194 -0.00391374082625605 0.999350808269759 91.8590154642993
0.999275114201255 0.00445310049859561 -0.0378076187297917 -2.8758295354968 -0.00429197625525117 0.999981363759817 0.00434178222392568 -2.06767261563807 0.0378262485305145 -0.00417636552579446 0.999275604071821 92.8231723197734
0.999150465511771 0.00361377391077596 -0.0410522582294041 -2.9232138475258 -0.00347047265471622 0.999987635931343 0.00356143285722875 -2.09051737400943 0.0410646208696093 -0.00341593655758952 0.999150653450354 93.8087968131408
0.999008998011116 0.00352633682641756 -0.0443687597461668 -2.9726679366662 -0.00340795511035809 0.999990429505946 0.00274349020037121 -2.11120514825418 0.0443780095857419 -0.00258956465460895 0.999011454599049 94.7563774001159
0.998866512785508 0.0032593030099036 -0.0474875413093528 -3.02266349222614 -0.00311880331372082 0.999990538586933 0.00303245816230448 -2.13015045747532 0.0474969757101248 -0.00288091660855296 0.99886722722186 95.6814869813335
0.998702313688449 0.00434722472869814 -0.050742391257181 -3.07715470913427 -0.0041442888268771 0.999982991434411 0.00410386549562532 -2.14995081401462 0.050759368627457 -0.00388824884041104 0.998703343349514 96.604734655028
0.99855119779607 0.00536504015461771 -0.0535417755044804 -3.12790332908868 -0.00508702676778208 0.999972870168179 0.00532739019398531 -2.17039942015388 0.0535689045874256 -0.0050473034141452 0.998551399372886 97.4566090227256
0.998382302320437 0.00637957894138194 -0.0564984901202963 -3.18214722559899 -0.00600033547546411 0.999958332991904 0.00687955334555139 -2.18740877443136 0.0565400246509004 -0.0065294144134889 0.998378982330804 98.3055685219842
0.998216284673353 0.00797760673754637 -0.0591659260357481 -3.24326012001872 -0.00753748109644396 0.999942266823901 0.00765828948253175 -2.20073366338763 0.0592236050206951 -0.00719866722515781 0.998218785536785 99.114783608778
0.998045096407197 0.00996709201277133 -0.061697995221549 -3.29746575036783 -0.00947844656749991 0.999921394225641 0.00820758311054148 -2.21926112295066 0.0617749511389235 -0.00760673692580114 0.998061116848625 99.9133945973521
0.997855102647844 0.0119205028233797 -0.0643668838153477 -3.35957557182628 -0.0114919415960709 0.99990929349096 0.00702424862619222 -2.23425882399602 0.0644447778955996 -0.00626948186438596 0.997901580417197 100.663168644985
0.997671935018382 0.0130337820814743 -0.0669390065756201 -3.41375040228933 -0.0128352322804559 0.999911860275088 0.00339536353288305 -2.25290858593313 0.0669773610183696 -0.00252828120792123 0.997751292108985 101.394090864789
0.997462334566664 0.015609588494573 -0.0694638889485111 -3.47282445410296 -0.015667019713375 0.999877224942857 -0.000282017503597683 -2.26818205924337 0.0694509583383967 0.00136959395505123 0.997584426802201 102.081473768033
0.997296532900575 0.0171727411066795 -0.0714473402400374 -3.53101144797897 -0.017419476942629 0.999844259525071 -0.00283169874934465 -2.28440351500873 0.0713875849678215 0.00406861864086382 0.997440353632646 102.748196740144
0.997196298604908 0.0193696633061279 -0.072279721859449 -3.5816436775671 -0.0196984697888861 0.999798596054151 -0.00383896029219717 -2.29941639038331 0.0721908050699561 0.00525199691126767 0.997377012063039 103.374465820934
0.997215484811194 0.0214798687881765 -0.0714135287576382 -3.63866571084504 -0.0217720623545974 0.999757462641061 -0.00331559863891812 -2.31815397216993 0.0713249896852627 0.0048611861052212 0.99744128384384 103.991813175891
0.997332567872866 0.0255376225392692 -0.0683782048254875 -3.68147382323252 -0.0257188210806519 0.999667648059938 -0.00177078076946654 -2.3339760678955 0.0683102576655653 0.00352466414767483 0.997657900003959 104.567025237922
0.997635006683161 0.0277972181136804 -0.0628626129383021 -3.7325337228203 -0.0278762681955907 0.99961130885556 -0.000380630478621511 -2.35031145545131 0.0628275983289017 0.0021321053478271 0.998022117497908 105.166835047898
0.998045485713384 0.0289010628430958 -0.0554070123150092 -3.7521650941768 -0.0288543138230621 0.99958227616487 0.00164370035517411 -2.36392317641921 0.055431372172592 -4.1756398011462e-05 0.998462498662552 105.667790722406
0.998539189550558 0.0286142203702941 -0.0458335392950923 -3.78125420992798 -0.0284552160870782 0.999586585927946 0.00411799834265291 -2.37637522214026 0.0459324243770368 -0.00280777946296574 0.998940603221901 106.193115336379
0.999020585762209 0.0283387426000968 -0.0339821260544075 -3.78490975801391 -0.0281753236852133 0.999589060771346 0.00527832563338785 -2.38780245079268 0.0341177425772228 -0.00431569856501616 0.999408502258876 106.678422029949
0.999410572960919 0.0273578114566813 -0.0207378110278789 -3.79667768696175 -0.0272509245182625 0.999613933836004 0.0054194458949584 -2.40038588579282 0.0208780690397197 -0.00485112700401635 0.99977026000975 107.156007160237
0.99961263460118 0.0272744182184154 -0.00553957187292856 -3.78333267569639 -0.0272493261521333 0.999618287149916 0.00455567994078413 -2.41264543345088 0.00566171086713489 -0.00440296562729836 0.999974279131089 107.600462493941
0.999592281518089 0.0258132441985822 0.0122043907429308 -3.77378210208244 -0.0258340111858246 0.999665049238 0.00154699645658134 -2.42549634344454 -0.0121603698756437 -0.00186165408450359 0.999924326961074 108.045451937744
0.999118488943699 0.0253598341831734 0.0334533086713648 -3.7365617594761 -0.025271044515376 0.999675908795995 -0.0030743587953729 -2.43760205013182 -0.0335204319775498 0.00222624866148306 0.999435552928219 108.469369730579
0.998074345862064 0.0232887447539479 0.0574911688852981 -3.69966168713502 -0.0228713258907673 0.999707140024991 -0.0079080108150635 -2.44849359323763 -0.0576584996683986 0.00657788346189784 0.998314694304933 108.893576422175
0.996168730027018 0.0211273207196465 0.0848616381857406 -3.63830993566393 -0.020294909373382 0.999737207321397 -0.0106598757375801 -2.46138281702398 -0.0850645517820706 0.00889677561949466 0.996335721237421 109.302226331089
0.993274945437907 0.0182861284469322 0.114326288629278 -3.57205956740078 -0.0170231734416653 0.999782919253396 -0.0120135729545112 -2.47238017772854 -0.114521152331339 0.00998658478062831 0.993370612507297 109.702745486668
0.988987072614692 0.0161871819957502 0.147114055548948 -3.48650331935692 -0.0143010213045976 0.999801534866075 -0.0138698114293666 -2.48666224996011 -0.147309371700065 0.0116131829606358 0.989022286397458 110.0925054849
0.983169877188943 0.013466015397227 0.182196759075459 -3.3866758768934 -0.0108054424515286 0.999820118615163 -0.015587585630496 -2.50045981643561 -0.182373887938229 0.013356528054962 0.98313852948433 110.475783315587
0.9752003583277 0.0104423815635816 0.221077402248183 -3.27553007807577 -0.00709907999508578 0.99984819504565 -0.0159119429102541 -2.51684793943331 -0.221210000182514 0.0139478862641041 0.975126449383882 110.843053395798
0.965438225415822 0.00796361603244548 0.260510294855378 -3.13730287400437 -0.00367406325851084 0.999849608385743 -0.0169488014339856 -2.53329236342008 -0.260606090038435 0.0154058894765603 0.965322290431706 111.21596247441
0.953031826817212 0.00918058422496726 0.302730992709264 -3.00873690040671 -0.00394892575677775 0.999832178571455 -0.0178891217902533 -2.54955977234988 -0.302844420550909 0.0158534402054361 0.952908141100094 111.555997043125
0.938035163989858 0.0113347749224825 0.346354665041452 -2.83906804289377 -0.00531825082086487 0.999818094390643 -0.0183165045046958 -2.56626483064239 -0.346499274640981 0.0153395243251163 0.93792481130779 111.933545789722
0.919995638319153 0.0110811460158423 0.391771915375145 -2.68551997367984 -0.00470431435405113 0.99984043279434 -0.0172330605547949 -2.57763392166746 -0.39190036348566 0.0140113223002877 0.919900966380189 112.232132692011
0.900063193954804 0.00993629601555499 0.435646091350958 -2.47751363376255 -0.00334143828754248 0.99986797792128 -0.015901619973519 -2.59378814850962 -0.435746579651575 0.0128567783329627 0.899977567260902 112.595172329404
0.876472430655832 0.00904934772402622 0.481366998875107 -2.29312933715639 -0.00123274995066883 0.999862244837443 -0.0165520897831077 -2.6064189158126 -0.481450473701935 0.0139140452205171 0.876362847636631 112.864713171261
0.851632551190085 0.00949708046757644 0.524053244638423 -2.05566324600184 0.000218944095251637 0.999829297397505 -0.0184750677697107 -2.62782703315738 -0.52413924659097 0.0158487074616395 0.851485095967537 113.193300908457
0.823181557867933 0.0116466337446503 0.567658769604188 -1.84799348912902 0.000920630557297146 0.99976089985289 -0.0218470951093253 -2.64344405495109 -0.56777748742399 0.0185067297963986 0.822974012789434 113.447428971666
0.793772243151491 0.0161820248377489 0.607999809271681 -1.57157111613239 -0.000458211745412967 0.999661630831453 -0.0260079581166422 -2.6622955453774 -0.608214942305963 0.02036580260022 0.793511069891405 113.75214180942
0.757676564073056 0.0227991217460002 0.652231879243923 -1.34689533598227 -0.00398884537411487 0.999532723699816 -0.0303055005866603 -2.67235393968237 -0.652618045541977 0.0203601154426424 0.75741346194277 114.001853514441
0.722908466690281 0.0274290981591972 0.690399155099193 -1.01220332879798 -0.00641248380572392 0.999435029403911 -0.0329924544683361 -2.68557073029494 -0.690914053149122 0.0194233512704947 0.722675933310688 114.253829903029
0.684044224963457 0.0275470396015064 0.728920200641563 -0.707151972359053 -0.0043290230887067 0.99942237410918 -0.033707234966226 -2.70459754497778 -0.729427691997802 0.0199017270397312 0.683768355079113 114.514732501855
0.643317756175606 0.0250119901364541 0.765190606933068 -0.373067026442857 -0.000476291617522221 0.999479080636991 -0.0322698081080533 -2.72227670900851 -0.765599136451628 0.0203952866724013 0.642994552501086 114.735316458355
0.599506461714961 0.0230609167831635 0.800037621914825 -0.0234652039605479 0.000744932728839345 0.999568314437389 -0.0293705609075862 -2.73761497283655 -0.800369569284863 0.0182038152571579 0.599230484599078 114.94736458756
0.552670772236059 0.0219774866881053 0.833109841254365 0.341326865667291 0.000949818948814886 0.999634968178425 -0.0270005229372436 -2.74860192577261 -0.833399133284864 0.0157137033761714 0.552448155184034 115.133521751432
0.505885760614812 0.0188823912620051 0.862393792015806 0.726801679036669 0.00288166412188648 0.99971781065174 -0.023579547866325 -2.7713424796054 -0.862595671922287 0.0144136867566987 0.505688592332295 115.321131199238
0.454222333883119 0.0153327995086061 0.890756407027758 1.1250489243256 0.00534915365495104 0.999786923511074 -0.0199372548621132 -2.78710437910553 -0.890872301711614 0.0138207393250152 0.454043532282492 115.474490767569
0.403560033018636 0.0157967598191203 0.914816791564964 1.53831012088053 0.00231891389454997 0.99983007686635 -0.0182877016538171 -2.80824361590307 -0.914950229459694 0.009501566852177 0.403454827507376 115.621766664883
0.352367010551652 0.0206638169582257 0.93563374059704 1.9610753006726 -0.00132385504570549 0.99976621295342 -0.0215816321114541 -2.82544054567038 -0.935860960443757 0.00636601174151692 0.352311987607286 115.748830334221
0.301557978233247 0.0254700910981733 0.953107580613714 2.40914558033136 -0.00129478275654414 0.999653144154111 -0.0263042757059204 -2.83653374191199 -0.953446961976119 0.00669819694025712 0.301486359320383 115.847648219429
0.256635842383377 0.0270814825466172 0.966128685893992 2.8719838444088 0.000500162972140708 0.999603509824141 -0.0281526727729399 -2.85526916475345 -0.96650804147776 0.00770820668743412 0.256520543638298 115.940180423732
0.214077838589273 0.0271898572944067 0.976438114109264 3.33667579588656 0.00680225845414223 0.999546793146308 -0.0293246925108397 -2.87715690666284 -0.976792919868315 0.012919751206662 0.213795864608953 116.004650191003
0.180581448777453 0.0268643823194803 0.983193086489134 3.80257820615697 0.014710429466263 0.999441340025489 -0.0300101834878197 -2.89743099080747 -0.983450020907191 0.0198824749628235 0.180085378548616 116.054296739786
0.148653512348706 0.0281418466405944 0.988488831365358 4.36613745440366 0.0194220260306938 0.99931909227739 -0.0313709533606428 -2.90966156938834 -0.988698598244812 0.0238618582166151 0.148005721346149 116.082625307748
0.121870502286171 0.0267928589201071 0.992184319258979 4.83616227031705 0.0165970138818884 0.999440817307185 -0.0290274323795544 -2.935735828054 -0.992407234860126 0.0200048846843075 0.121357672959096 116.152033734733
0.0951362112996204 0.0232634547435338 0.995192399977487 5.44819264218059 0.0107189251747226 0.999644999057437 -0.0243922221733697 -2.94831025362578 -0.995406553094088 0.0129879764725643 0.0948530786242356 116.208495353177
0.0722400120770655 0.0194138057625717 0.997198317688572 6.00633798172236 0.00597754600185602 0.999784162310841 -0.0198971791016999 -2.97053629518798 -0.997369364678353 0.00739817127556322 0.0721083730427772 116.244730620943
0.0484977829569123 0.0166853289175631 0.998683916385548 6.63686668852957 0.0101835420915314 0.99980023341502 -0.0171985096372002 -2.9926039483488 -0.998771375500286 0.0110042292862149 0.0483181789710889 116.259663148811
0.0289559405877133 0.017055568870599 0.999435171021703 7.25424705259516 0.018588164962784 0.999672338795196 -0.0175981581723516 -3.01571927484237 -0.999407841488147 0.0190872370510514 0.0286294211216334 116.24950922238
0.0113768300126129 0.0197083618615624 0.999741040575807 7.90429368536918 0.0231943206598336 0.999531537949234 -0.0199681780332381 -3.03675252228232 -0.9996662399161 0.0234154888390568 0.0109143783347968 116.229478363454
-0.00255434609479122 0.0251541799356592 0.999680320176302 8.48050840657531 0.0233169757169068 0.999413286291156 -0.0250878820973172 -3.0534010195242 -0.999724859128473 0.0232454386165586 -0.0031393668276587 116.234608190287
-0.0142086465701086 0.0298881705352146 0.999452255800498 9.24590436907846 0.020925170480564 0.99934314499251 -0.0295874263301067 -3.06617988643088 -0.99968007462538 0.0204933115561661 -0.014824728613261 116.222579526116
-0.0202402616801336 0.0295836107107526 0.999357364401962 9.87939492394544 0.0227263176495809 0.999317474586321 -0.0291221474570079 -3.08981467639839 -0.999536815876839 0.0221222730236297 -0.0208987737213917 116.211769216191
-0.023034989129787 0.0264404537568751 0.999384956701331 10.6882390929799 0.0292430514863843 0.999240277650596 -0.0257625980934307 -3.11714796209682 -0.999306876397614 0.0286316245764977 -0.0237906884842625 116.173505194851
-0.0222154482301962 0.0247126373521085 0.999447727204897 11.3528728431805 0.0307112444005249 0.999239523906412 -0.024024848192191 -3.14041265299644 -0.999281388462381 0.0301605606444868 -0.0229575097584109 116.168579105698
-0.020310047219809 0.0242316858629883 0.999500038710438 12.2148692204158 0.0297686313957584 0.999277668377656 -0.0236213900213261 -3.17159241523826 -0.999350454328587 0.0292739966856866 -0.0210167207550038 116.132541584285
-0.0189687709856166 0.0245779687812028 0.999517938397249 12.9256511830271 0.0259713588202592 0.999372587820671 -0.0240815122790055 -3.19902439631769 -0.999482703326238 0.0255020423339929 -0.0195951929939631 116.149346413242
-0.0175984090504329 0.0257844042389004 0.999512611474682 13.8114528620633 0.0252116131064561 0.999361011662144 -0.0253365927896208 -3.22624203475992 -0.999527223522933 0.0247534415316673 -0.0182372302961364 116.131423554406
-0.0165836602121185 0.0266968980859095 0.999506006908693 14.6294568175744 0.0251766560511839 0.999337669399034 -0.0262746743117125 -3.25472671373329 -0.999545455796809 0.0247284886860629 -0.0172448149672266 116.116920925681
-0.0158170072548944 0.0260967054369305 0.999534283677572 15.4874696903814 0.0244698952277071 0.999370035128819 -0.0257051962483726 -3.28637845431407 -0.999575433126007 0.0240519199225425 -0.0164456267437867 116.11135107478
-0.0155307847553017 0.0247907858263192 0.999572014245596 16.2725773960779 0.0233181895079168 0.999429679273518 -0.0244249508762329 -3.31453276354465 -0.999607451334252 0.0229288710002714 -0.0161000034688055 116.111378691279
-0.0148602653248247 0.0234958671462313 0.999613483673326 17.2185176253459 0.0241526790529519 0.999440605532908 -0.0231327496545403 -3.34613987568739 -0.999597829433938 0.0237995848506058 -0.015419440712876 116.076657633905
-0.0151969222762613 0.0214483860691732 0.99965445044193 18.0976393929732 0.0248909292567029 0.999468191369935 -0.021065993459793 -3.37802461325576 -0.999574657138759 0.0245621899418176 -0.0157227106821627 116.071541095998
-0.0164886098628509 0.0194789800354515 0.999674294498748 19.0241914766424 0.0223415609891183 0.999567768380953 -0.0191084030334849 -3.41239737483825 -0.999614415861116 0.0220192132170763 -0.0169166737847821 116.072383923473
-0.0180348127139085 0.0185420144702959 0.999665413640863 19.8507374605583 0.0212021760485091 0.999610292607718 -0.0181584868180187 -3.4421912153947 -0.999612531564697 0.0208675971806883 -0.0184209154691686 116.069545477861
-0.0188034114331692 0.0159472540792626 0.999696012198612 20.8513426502022 0.0238333272533973 0.999595820310961 -0.0154973716768441 -3.47001641383714 -0.999539095898959 0.0235346787568733 -0.0191758876014474 116.042242708686
-0.0198857296180786 0.0143087768670925 0.99969986329004 21.67629871872 0.0250498438970426 0.999590825643911 -0.0138089322273066 -3.49663742461814 -0.999488400672209 0.0247677248267238 -0.020236025514345 116.034056297854
-0.0217800052358077 0.0134160050591867 0.999672767549552 22.7155507104953 0.0223746296624443 0.999666059987442 -0.0129284359708747 -3.53030060663377 -0.999512384775395 0.0220857265544156 -0.0220729101653345 116.011386463796
-0.0226080891442824 0.0181289318251132 0.999580019876411 23.5516029395006 0.0195346284438787 0.999652698668619 -0.0176884237881028 -3.55478586079534 -0.999553536633633 0.0191265228263873 -0.0229543792721105 116.009255019052
-0.023460811082415 0.0229620519185132 0.999461022008886 24.6079163760173 0.0207736526975904 0.999531531707334 -0.0224760422759391 -3.58480800385717 -0.999508902259983 0.0202351499742752 -0.0239268261280818 115.977005271787
-0.0244519495988875 0.024471045230422 0.999401455925568 25.4544520183386 0.0210385636006979 0.999491555076864 -0.0239585093787344 -3.61573780732802 -0.999479605095788 0.0204401388293268 -0.024954352770709 115.969300722539
-0.0259648483629127 0.0222799991719906 0.999414542763106 26.5286201846972 0.0176978928319304 0.999605160898443 -0.0218244563393158 -3.65507081512205 -0.999506183692128 0.0171208627730408 -0.0263489054631545 115.946094877876
