1.000000000000000000e+00 0.000000000000000000e+00 0.000000000000000000e+00 0.000000000000000000e+00 0.000000000000000000e+00 1.000000000000000000e+00 0.000000000000000000e+00 0.000000000000000000e+00 0.000000000000000000e+00 0.000000000000000000e+00 1.000000000000000000e+00 0.000000000000000000e+00
9.999974056311384807e-01 1.788182593284530584e-03 1.411075478273506219e-03 -2.390089999999999923e-02 -1.786767446532267194e-03 9.999979002132994843e-01 -1.003509384058381537e-03 -3.298639999999999906e-02 -1.412866973328754435e-03 1.000985516855704312e-03 9.999985009163316896e-01 1.200509999999999966e+00
9.999953874668480180e-01 2.138909664702461078e-03 2.156411480831830086e-03 -2.809510000000000132e-02 -2.137244112230537313e-03 9.999974162574583048e-01 -7.743810512025819806e-04 -5.621190000000000214e-02 -2.158062240334328915e-03 7.697687016033570020e-04 9.999973751083114371e-01 2.387579999999999814e+00
9.999929415903260344e-01 1.345141686205423648e-03 3.508185196204265544e-03 -2.996849999999999861e-02 -1.344362167783452701e-03 9.999990711337158888e-01 -2.245485856886322558e-04 -7.655679999999999430e-02 -3.508483987232506856e-03 2.198307292773677573e-04 9.999938210881914591e-01 3.584379999999999900e+00
9.999902092543025978e-01 1.138804270714919003e-03 4.276040267482117234e-03 -4.225639999999999952e-02 -1.142171052376039688e-03 9.999990396094912137e-01 7.850002436000102796e-04 -1.034489999999999993e-01 -4.275142199183704257e-03 -7.898765272745650583e-04 9.999905495824690238e-01 4.780739999999999768e+00
9.999859182427839333e-01 1.262304332506525685e-03 5.154600266599558903e-03 -2.763960000000000028e-02 -1.266027649234249776e-03 9.999989400125711692e-01 7.191298391229084116e-04 -1.290020000000000056e-01 -5.153687042076516428e-03 -7.256455789693723587e-04 9.999864563824681918e-01 5.983159999999999812e+00
9.999824297328161471e-01 1.001896770745766855e-03 5.842638831405777382e-03 -5.189620000000000344e-02 -1.005241460287050479e-03 9.999993325489369145e-01 5.695535858591055725e-04 -1.495450000000000113e-01 -5.842064297831839163e-03 -5.754168414412385527e-04 9.999827694416532076e-01 7.172399999999999665e+00
9.999760672919552063e-01 1.101829839413960349e-03 6.830140139117554451e-03 -4.003099999999999714e-02 -1.101097010647406884e-03 9.999993876261356052e-01 -1.110528118885263996e-04 -1.704630000000000034e-01 -6.830258317820131833e-03 1.035295072045167128e-04 9.999766681542889835e-01 8.363469999999999516e+00
9.999746621459175699e-01 1.053931195210670467e-03 7.040191417407760596e-03 -2.568000000000000144e-02 -1.062631997636363139e-03 9.999986761862458273e-01 1.232249566163016790e-03 -1.965079999999999882e-01 -7.038883391247465968e-03 -1.239699476272938762e-03 9.999744583067173842e-01 9.575549999999999784e+00
9.999854112259703998e-01 1.068335444924425735e-04 5.400548288901278575e-03 -2.434419999999999987e-02 -1.195801942654285899e-04 9.999972080859158563e-01 2.359983252223443045e-03 -2.138549999999999895e-01 -5.400281085658670092e-03 -2.360594621574589255e-03 9.999826321277928143e-01 1.077999999999999936e+01
9.999945518096785557e-01 -1.581269279262396141e-03 2.897574576518076317e-03 -2.079840000000000161e-02 1.574436053806595485e-03 9.999959780739609005e-01 2.359022470163877998e-03 -2.383109999999999951e-01 -2.901293172448596303e-03 -2.354447571878624280e-03 9.999930195129157484e-01 1.196480000000000032e+01
9.999976450851643106e-01 -1.638477396442428744e-03 1.423100821194119708e-03 -8.529689999999999495e-03 1.635815163964315097e-03 9.999969138236245447e-01 1.869880203600952267e-03 -2.564370000000000260e-01 -1.426160185701640798e-03 -1.867547870289160182e-03 9.999972391622273804e-01 1.316140000000000043e+01
9.999993047677241398e-01 -1.150171915095303532e-03 2.599396742083915279e-04 -1.136670000000000041e-02 1.149671472154162235e-03 9.999975012093273996e-01 1.917245578304993450e-03 -2.848209999999999908e-01 -2.621441866920651981e-04 -1.916945400146067950e-03 9.999981282986275533e-01 1.434689999999999976e+01
9.999986251768732126e-01 1.087965455640521389e-03 -1.251389440070910805e-03 -3.702110000000000123e-02 -1.085541187915846926e-03 9.999975361463258050e-01 1.936311340442570857e-03 -3.081639999999999935e-01 1.253492996680207481e-03 -1.934950243577639346e-03 9.999973423578994991e-01 1.553860000000000063e+01
9.999990148669437584e-01 9.425446257761568251e-04 -1.040132092769416750e-03 -6.921370000000000300e-02 -9.405025183621723746e-04 9.999976328826318817e-01 1.962061198320500834e-03 -3.322049999999999725e-01 1.041978960892595788e-03 -1.961081018576477097e-03 9.999975342175018156e-01 1.672210000000000107e+01
9.999994213895182504e-01 1.505800950361322146e-04 -1.065150817361822056e-03 -7.830020000000000036e-02 -1.481189186855828279e-04 9.999973201957060853e-01 2.310338112135243253e-03 -3.559769999999999879e-01 1.065495853898578869e-03 -2.310179006362090420e-03 9.999967638905357115e-01 1.792439999999999856e+01
9.999980818447712361e-01 1.786642995642360565e-04 -1.950483490391539910e-03 -7.934639999999999749e-02 -1.731922226601629764e-04 9.999960501230127363e-01 2.805306191305865279e-03 -3.793130000000000113e-01 1.950976994287420075e-03 -2.804963001722163372e-03 9.999941629186276382e-01 1.911420000000000030e+01
9.999981716311749924e-01 4.613564919455809569e-04 -1.855770593152024101e-03 -8.719549999999999523e-02 -4.569823120846515071e-04 9.999971183189745316e-01 2.356803112967182680e-03 -4.063890000000000002e-01 1.856852571829522951e-03 -2.355950749525486700e-03 9.999955007871746959e-01 2.030180000000000007e+01
9.999946912191058912e-01 8.097067682546094406e-04 -3.156249127446247860e-03 -9.056930000000000536e-02 -8.055834857594593645e-04 9.999988208180757843e-01 1.307439369693158548e-03 -4.307270000000000265e-01 3.157304048161051202e-03 -1.304889806609999328e-03 9.999941643298424498e-01 2.150459999999999994e+01
9.999927188343000761e-01 5.773757990172547925e-04 -3.772123483009046877e-03 -1.019309999999999938e-01 -5.696611200899577869e-04 9.999977448127419510e-01 2.045936372052128624e-03 -4.458070000000000088e-01 3.773296250311784523e-03 -2.043772643161943965e-03 9.999907925720068480e-01 2.268339999999999890e+01
9.999919409595469100e-01 1.140046884365499046e-03 -3.849455683544138716e-03 -1.083559999999999940e-01 -1.129910847151148088e-03 9.999958919843868754e-01 2.634258117199456736e-03 -4.643639999999999990e-01 3.852443047679216144e-03 -2.629887345874261980e-03 9.999891211283813419e-01 2.389649999999999963e+01
9.999879563854714437e-01 1.141527454968744356e-03 -4.773258748288745044e-03 -1.271009999999999918e-01 -1.132603686771369630e-03 9.999976067482158060e-01 1.871819096372424624e-03 -4.919830000000000036e-01 4.775384057567972663e-03 -1.866390342448535130e-03 9.999868560607146906e-01 2.506729999999999947e+01
9.999828786673783387e-01 1.491648152293996573e-03 -5.658388276979942760e-03 -1.378600000000000103e-01 -1.477292501856804869e-03 9.999956820080424524e-01 2.540388185669457868e-03 -5.143839999999999524e-01 5.662153209448133814e-03 -2.531985596264165698e-03 9.999807643499813992e-01 2.628890000000000171e+01
9.999766402002818744e-01 -1.404978908429460485e-04 -6.833689640208879396e-03 -1.469070000000000098e-01 1.711181981478510159e-04 9.999899482778691340e-01 4.480408662938774149e-03 -5.279859999999999554e-01 6.832991461892229390e-03 -4.481473370147687381e-03 9.999666127547031103e-01 2.747370000000000090e+01
9.999706577314498857e-01 -1.154066816362446643e-03 -7.573097511243359267e-03 -1.707390000000000019e-01 1.192181700612658874e-03 9.999866370558024853e-01 5.030349154820915568e-03 -5.503989999999999716e-01 7.567190953329618053e-03 -5.039230061234973267e-03 9.999586710366912268e-01 2.867370000000000019e+01
9.999690606720206265e-01 -6.930634936070193550e-04 -7.835646859735671474e-03 -1.890959999999999863e-01 7.276458142927514630e-04 9.999900046740807236e-01 4.411471806668214139e-03 -5.735310000000000130e-01 7.832511109829241522e-03 -4.417036894334878776e-03 9.999595699601001586e-01 2.988579999999999970e+01
9.999539784779156726e-01 -1.505154500421969571e-03 -9.474990032597031819e-03 -1.984910000000000008e-01 1.536430760444620338e-03 9.999933927541393430e-01 3.294514923913270665e-03 -5.980579999999999785e-01 9.469968675043925754e-03 -3.308920971462930849e-03 9.999496841018042925e-01 3.106950000000000145e+01
9.999455456927062169e-01 -1.897687860510422582e-03 -1.026179468221375367e-02 -2.086790000000000034e-01 1.932286417126330728e-03 9.999924791420137238e-01 3.362726365816113856e-03 -6.111980000000000190e-01 1.025533609971063763e-02 -3.382371977361026214e-03 9.999416921207399112e-01 3.227590000000000003e+01
9.999371772650617052e-01 -1.909199192785459350e-03 -1.104520174659189349e-02 -2.253870000000000040e-01 1.951646761143831579e-03 9.999907473403021330e-01 3.833576489872186216e-03 -6.340409999999999657e-01 1.103778048795889255e-02 -3.854891986327413020e-03 9.999316512690621384e-01 3.346309999999999718e+01
9.999325831418516275e-01 -2.431214940509788657e-03 -1.135422235017312202e-02 -2.385690000000000033e-01 2.481528657874902764e-03 9.999871558452747555e-01 4.419294061094036774e-03 -6.523020000000000485e-01 1.134333226103663265e-02 -4.447171954323042228e-03 9.999257729825872243e-01 3.467819999999999681e+01
9.999271401742514387e-01 -3.662971233649478346e-03 -1.150204263095338207e-02 -2.488090000000000024e-01 3.713679047258332776e-03 9.999834666455670318e-01 4.390332954111368299e-03 -6.721949999999999870e-01 1.148577080028880849e-02 -4.432727969936597207e-03 9.999242111239570185e-01 3.587310000000000088e+01
9.999123344241667155e-01 -4.062649812158045451e-03 -1.260231498245717278e-02 -2.727459999999999885e-01 4.113394841650356432e-03 9.999835264899162857e-01 4.003340063929963083e-03 -6.894130000000000535e-01 1.258584320933550139e-02 -4.054827406259694719e-03 9.999125736410235943e-01 3.706210000000000093e+01
9.999180761074940582e-01 -4.511860440598427016e-03 -1.197848858797466269e-02 -2.901949999999999807e-01 4.575680787703824415e-03 9.999754551746139475e-01 5.305864081624541741e-03 -7.184239999999999515e-01 1.195425525981080699e-02 -5.360239144683593381e-03 9.999141781260505457e-01 3.826970000000000027e+01
9.999069064769866566e-01 -4.741839586170471833e-03 -1.279426969238658778e-02 -3.180819999999999759e-01 4.819494813853865932e-03 9.999701115012440411e-01 6.045541657186409221e-03 -7.312640000000000251e-01 1.276522030212291596e-02 -6.106640772844522738e-03 9.998998740319501310e-01 3.946189999999999998e+01
9.999134875600496075e-01 -3.802267799608540205e-03 -1.259206714875330674e-02 -3.424889999999999879e-01 3.895149821653739932e-03 9.999653289368297671e-01 7.359941040848266662e-03 -7.571390000000000065e-01 1.256364610157111386e-02 -7.408352302499649454e-03 9.998936298990991345e-01 4.065570000000000306e+01
9.999262691608549192e-01 -2.751239442163023585e-03 -1.182738025031770598e-02 -3.569140000000000090e-01 2.836461603165574535e-03 9.999700944238834044e-01 7.194771953545083150e-03 -7.793299999999999672e-01 1.180723200532140735e-02 -7.227789386917554508e-03 9.999041695747402647e-01 4.185490000000000066e+01
9.999265147327394132e-01 -1.548458344298420022e-03 -1.202361888919918631e-02 -3.822340000000000182e-01 1.634763233225493186e-03 9.999729486421845559e-01 7.171438699887863408e-03 -7.986640000000000406e-01 1.201218895988691304e-02 -7.190567474888737848e-03 9.999019967255696750e-01 4.305660000000000309e+01
9.999398546372599839e-01 1.228569305708557312e-03 -1.089851941671266498e-02 -4.013700000000000045e-01 -1.131203683374299536e-03 9.999594377001312928e-01 8.935509647686950413e-03 -8.054280000000000328e-01 1.090905524058397198e-02 -8.922643772910410220e-03 9.999006845391493759e-01 4.424839999999999662e+01
9.999520758371936990e-01 6.239070743246422947e-04 -9.770197994407401471e-03 -4.301559999999999828e-01 -5.054462679393671980e-04 9.999263921989217652e-01 1.212248770336974389e-02 -8.214620000000000255e-01 9.777042137453478832e-03 -1.211696843318212612e-02 9.998787869152099272e-01 4.546309999999999718e+01
9.999687618637593811e-01 9.260500729618428243e-04 -7.849696040135677524e-03 -4.356189999999999785e-01 -8.072101038261766514e-04 9.998852226719631142e-01 1.512910751125196886e-02 -8.246529999999999694e-01 7.862805384112931187e-03 -1.512229855217477222e-02 9.998547356381278783e-01 4.666089999999999804e+01
9.999817523772898120e-01 1.321953866789104528e-03 -5.894688322440949299e-03 -4.470879999999999854e-01 -1.213335814081238249e-03 9.998301150683392979e-01 1.839208576083119565e-02 -8.282770000000000410e-01 5.918000392607977028e-03 -1.838459791253491474e-02 9.998134745195963458e-01 4.786469999999999914e+01
9.999888205260146767e-01 2.717241511509133349e-04 -4.720697933102999642e-03 -4.583860000000000157e-01 -1.778202865710682280e-04 9.998023377961816616e-01 1.988098883947761117e-02 -8.259600000000000275e-01 4.725166974362429544e-03 -1.987992714462079660e-02 9.997912088500222616e-01 4.906940000000000168e+01
9.999941533160667806e-01 -9.982463616691214601e-04 -3.270602067532112339e-03 -4.730280000000000040e-01 1.058148659430054690e-03 9.998307868703590895e-01 1.836512857600584511e-02 -8.265219999999999789e-01 3.251715715937871561e-03 -1.836848198409695918e-02 9.998259974688108453e-01 5.027080000000000126e+01
9.999989609234309906e-01 5.313783220143161658e-05 -1.440600023928259544e-03 -4.772549999999999848e-01 -2.958821361797089251e-05 9.998664571282537272e-01 1.634218572687046178e-02 -8.310570000000000457e-01 1.441276030386985695e-03 -1.634212612130694214e-02 9.998654197626996032e-01 5.147149999999999892e+01
9.999993966672235945e-01 4.961547011326115572e-04 -9.800488260128365457e-04 -4.816500000000000226e-01 -4.801083230824213627e-04 9.998669335753649356e-01 1.630596941597969168e-02 -8.279809999999999670e-01 9.880086978018543485e-04 -1.630548904845549596e-02 9.998665685308734119e-01 5.267479999999999762e+01
9.999999195919553330e-01 3.247225542704149375e-04 -2.353111677168789157e-04 -4.857400000000000051e-01 -3.209896750124070666e-04 9.998767951303618728e-01 1.569367788202809255e-02 -8.394899999999999585e-01 2.403782674028852567e-04 -1.569360108767488965e-02 9.998768189648109539e-01 5.387180000000000035e+01
9.999989857247556513e-01 5.445053406760307123e-04 -1.316078794749518839e-03 -4.939020000000000077e-01 -5.250328100773015002e-04 9.998910572661394713e-01 1.475120129854455564e-02 -8.523589999999999778e-01 1.323967525416087487e-03 -1.475049535221836447e-02 9.998903289845620934e-01 5.508509999999999707e+01
9.999969844291404231e-01 1.025612510254758983e-03 -2.231423672040155036e-03 -5.021809999999999885e-01 -9.928005783124828169e-04 9.998920987974049268e-01 1.465623108211236945e-02 -8.600470000000000059e-01 2.246214512693442238e-03 -1.465397152649694675e-02 9.998901017806224312e-01 5.630040000000000333e+01
9.999948906153119932e-01 8.508251504915155571e-04 -3.081369798256339537e-03 -5.151879999999999793e-01 -7.994759837210264159e-04 9.998614345864569319e-01 1.662746116710850722e-02 -8.679940000000000433e-01 3.095089889125761818e-03 -1.662491272986234628e-02 9.998570061240270590e-01 5.749430000000000263e+01
9.999880814412199781e-01 1.205117685681973781e-03 -4.731243691836896359e-03 -5.309530000000000083e-01 -1.124916618098928921e-03 9.998562545107411159e-01 1.691759079639826649e-02 -8.746549999999999603e-01 4.750951284765480079e-03 -1.691206690844472213e-02 9.998456933221115950e-01 5.870219999999999771e+01
9.999864038043466685e-01 2.357181877213006087e-03 -4.651440642176988410e-03 -5.414830000000000476e-01 -2.279885311765145542e-03 9.998603791835241061e-01 1.655367819986000924e-02 -8.748730000000000118e-01 4.689811234490665059e-03 -1.654284838161377766e-02 9.998521589905218221e-01 5.989670000000000272e+01
9.999773171232758662e-01 2.552381314085731216e-03 -6.233024030351579960e-03 -5.637910000000000421e-01 -2.450907713242178858e-03 9.998652205606861632e-01 1.623372306378529153e-02 -8.819909999999999695e-01 6.273618598273587692e-03 -1.621807826957344725e-02 9.998487963921972588e-01 6.112069999999999936e+01
9.999763369549914405e-01 1.599682379013768561e-03 -6.690780699130119587e-03 -5.837219999999999631e-01 -1.495589811016959612e-03 9.998782249343821649e-01 1.553378618322702291e-02 -8.889479999999999604e-01 6.714815052908123909e-03 -1.552341194310404536e-02 9.998569572396093230e-01 6.232979999999999876e+01
9.999803701276918089e-01 5.900512761158876063e-04 -6.237884158601172957e-03 -5.952870000000000106e-01 -4.961003919661875587e-04 9.998865865758993499e-01 1.505217160404635941e-02 -8.952360000000000317e-01 6.246058251862885227e-03 -1.504878151506368854e-02 9.998672516545514810e-01 6.351019999999999754e+01
9.999717504183266437e-01 3.228677253608985267e-04 -7.509601969465139540e-03 -6.118099999999999650e-01 -2.035201498255864022e-04 9.998737570300407773e-01 1.588800120152720693e-02 -9.112050000000000427e-01 7.513783657817770315e-03 -1.588602401682168500e-02 9.998455767247662607e-01 6.473149999999999693e+01
9.999721261164761232e-01 -1.947148471674055824e-04 -7.463851299599475950e-03 -6.207369999999999832e-01 3.240058130737088777e-04 9.998498585526400806e-01 1.732499271280014269e-02 -9.066370000000000262e-01 7.459357232854225278e-03 -1.732692812918020658e-02 9.998220519428838715e-01 6.590130000000000621e+01
9.999704490647837174e-01 -2.076790376906321382e-04 -7.684911619008351520e-03 -6.418819999999999526e-01 3.294242561912256594e-04 9.998744179242219365e-01 1.584423744955193794e-02 -9.192939999999999445e-01 7.680656015868599952e-03 -1.584630083381150314e-02 9.998449391145860510e-01 6.713120000000000687e+01
9.999687400502056400e-01 2.635062331381478763e-03 -7.454888927005219774e-03 -6.609760000000000080e-01 -2.523515504886629079e-03 9.998853128202740415e-01 1.493295268188127127e-02 -9.242559999999999665e-01 7.493383207927338703e-03 -1.491367335073564941e-02 9.998607060762446652e-01 6.832599999999999341e+01
9.999638149973955059e-01 4.849975858448863503e-03 -6.989022108065135949e-03 -6.749950000000000117e-01 -4.746030696671834845e-03 9.998790141182219982e-01 1.481324807727271015e-02 -9.318699999999999761e-01 7.060020430622612406e-03 -1.477954194638785718e-02 9.998658516277941777e-01 6.950419999999999732e+01
9.999486025533792510e-01 5.911826318799872151e-03 -8.236659585072523757e-03 -7.039400000000000102e-01 -5.786806062536557771e-03 9.998689323124048123e-01 1.512055131423184311e-02 -9.350739999999999608e-01 8.324970098361439766e-03 -1.507211020488084634e-02 9.998517521947107856e-01 7.069280000000000541e+01
9.999423551421744438e-01 8.262322493101504836e-03 -6.857143701393906936e-03 -7.154679999999999929e-01 -8.153773714533350467e-03 9.998433465247478225e-01 1.570981808950173281e-02 -9.374940000000000495e-01 6.985869089366203259e-03 -1.565300090120229359e-02 9.998530798051548096e-01 7.190569999999999595e+01
9.999383057926682916e-01 9.133480042643539118e-03 -6.321720556842430963e-03 -7.400179999999999536e-01 -9.026559738719420675e-03 9.998191314357869341e-01 1.673994128639643905e-02 -9.526790000000000536e-01 6.473471075976285766e-03 -1.668184514073016780e-02 9.998398922902251851e-01 7.309650000000000603e+01
9.999319129419492747e-01 1.114566776264112706e-02 -3.455947102997724511e-03 -7.380090000000000261e-01 -1.108332773881317949e-02 9.997843558581380741e-01 1.756136747414244192e-02 -9.518429999999999946e-01 3.650935015574822366e-03 -1.752186837790525170e-02 9.998398145713438545e-01 7.429470000000000596e+01
9.999544726470604994e-01 9.500760534218843228e-03 -8.877963790998368585e-04 -7.450999999999999845e-01 -9.485585080922009915e-03 9.998306842723173604e-01 1.576789343008222488e-02 -9.526069999999999816e-01 1.037453040818169187e-03 -1.575875429154443425e-02 9.998752849002554566e-01 7.544719999999999516e+01
9.999765519879186826e-01 6.686702174701532851e-03 1.477663148448375490e-03 -7.537770000000000303e-01 -6.703776789010486119e-03 9.999070861622254558e-01 1.186922151326440245e-02 -9.740940000000000154e-01 -1.398159903789555946e-03 -1.187884912753150654e-02 9.999284664876226802e-01 7.664700000000000557e+01
9.999577099090134480e-01 8.021508045544935989e-03 4.498199884019762375e-03 -7.585929999999999618e-01 -8.067430832220084946e-03 9.999145571367021867e-01 1.028566895636922468e-02 -9.792999999999999483e-01 -4.415308968654658821e-03 -1.032152289092703318e-02 9.999369836204297091e-01 7.780270000000000152e+01
9.999513460954424504e-01 7.115838702718370670e-03 6.831565081989527527e-03 -7.499430000000000263e-01 -7.210642893728729658e-03 9.998766313393315786e-01 1.395452365971362046e-02 -9.952889999999999793e-01 -6.731424141419304827e-03 -1.400310469386282716e-02 9.998792932089157759e-01 7.900409999999999400e+01
9.999218042782895832e-01 6.495941904963384479e-03 1.068588169583037720e-02 -7.403880000000000461e-01 -6.663557379392204792e-03 9.998541406079892724e-01 1.572560053259284413e-02 -1.000569999999999959e+00 -1.058217047214273995e-02 -1.579557684373943116e-02 9.998192423734761913e-01 8.017749999999999488e+01
9.998701142057387914e-01 6.579535564367533680e-03 1.471273020075189453e-02 -7.350950000000000539e-01 -6.788214934789065479e-03 9.998764314742657477e-01 1.417892521621546935e-02 -9.906420000000000226e-01 -1.461762142764686315e-02 -1.427695675013225703e-02 9.997912250313827354e-01 8.135540000000000305e+01
9.998286695444585925e-01 5.510695294275969394e-03 1.767098736153204647e-02 -7.226510000000000433e-01 -5.718227832402182978e-03 9.999150230681737028e-01 1.171531105136769217e-02 -1.013149999999999995e+00 -1.760492622576197153e-02 -1.181435059354519167e-02 9.997752185829763549e-01 8.253539999999999566e+01
9.997501595558107024e-01 5.533611023881193809e-03 2.165635281314421540e-02 -6.996069999999999789e-01 -5.717498976892031355e-03 9.999480496783506034e-01 8.438492158682224173e-03 -1.028529999999999944e+00 -2.160853242541559832e-02 -8.560204057105376060e-03 9.997298606288202993e-01 8.367079999999999984e+01
9.997026243436530901e-01 3.360370886062677333e-03 2.415306994816590960e-02 -6.816569999999999574e-01 -3.540026419119078355e-03 9.999663587043896573e-01 7.399302158707143744e-03 -1.037479999999999958e+00 -2.412739300804858308e-02 -7.482604292090526583e-03 9.996808888538597504e-01 8.483889999999999532e+01
9.995903785847295442e-01 2.313817103142982133e-03 2.852580044889650029e-02 -6.590409999999999879e-01 -2.566394135559476458e-03 9.999578017235809524e-01 8.820906602183709033e-03 -1.037940000000000085e+00 -2.850418674472272179e-02 -8.890501816921542871e-03 9.995541357602725219e-01 8.596930000000000405e+01
9.994570518856588093e-01 3.959219458985094656e-03 3.270972358952392578e-02 -6.267660000000000453e-01 -4.288832166748624691e-03 9.999406721789881880e-01 1.001289373151942677e-02 -1.059390000000000054e+00 -3.266813974919488550e-02 -1.014774376444500456e-02 9.994147367043464403e-01 8.714390000000000214e+01
9.993489273340765422e-01 3.380557052279827349e-03 3.592065241956065441e-02 -5.887000000000000011e-01 -3.685750008917075202e-03 9.999576448528194605e-01 8.433489626139181045e-03 -1.068910000000000027e+00 -3.589062110220963414e-02 -8.560393356540955956e-03 9.993190596513602530e-01 8.827129999999999654e+01
9.992063799745974917e-01 3.258475523394852025e-03 3.969877271810681035e-02 -5.501329999999999831e-01 -3.489119226792935721e-03 9.999774277953393797e-01 5.741946258734373712e-03 -1.079479999999999995e+00 -3.967916663794349846e-02 -5.875903086369486245e-03 9.991951948932891181e-01 8.942719999999999914e+01
9.990721593429185976e-01 3.836187382964320863e-03 4.289643449333190028e-02 -5.096840000000000259e-01 -4.086898233654854412e-03 9.999750687792747783e-01 5.758392372232711866e-03 -1.093620000000000037e+00 -4.287327476069070775e-02 -5.928362864031216754e-03 9.990629293618329410e-01 9.056810000000000116e+01
9.989542022231580054e-01 2.567553461140078576e-03 4.564985793973818512e-02 -4.539560000000000262e-01 -2.898100928860405934e-03 9.999700509726179298e-01 7.176222462142745409e-03 -1.125000000000000000e+00 -4.563006543607216886e-02 -7.301015480343212363e-03 9.989317255454727151e-01 9.173669999999999902e+01
9.988126876037515256e-01 1.351710980531869782e-03 4.869689886631126119e-02 -4.054980000000000251e-01 -1.777728371235728260e-03 9.999605209793146487e-01 8.706099276695133948e-03 -1.134020000000000028e+00 -4.868320823044369750e-02 -8.782332275806783994e-03 9.987756584319565922e-01 9.288630000000000564e+01
9.987216159637483104e-01 4.612582589908963094e-04 5.054622683819148810e-02 -3.567699999999999760e-01 -1.000861551508617879e-03 9.999427793219999305e-01 1.065065058805384629e-02 -1.147499999999999964e+00 -5.053842184827408990e-02 -1.068762474138256272e-02 9.986649300914062222e-01 9.404789999999999850e+01
9.985307091271843349e-01 -1.395586366360752374e-03 5.417079719421278444e-02 -2.920090000000000185e-01 7.554058851331080932e-04 9.999296609313065298e-01 1.183649237532636081e-02 -1.160239999999999938e+00 -5.418350571817229927e-02 -1.177818018611027917e-02 9.984615276411967777e-01 9.519370000000000687e+01
9.984177380347880604e-01 -2.697332040393833445e-03 5.616711473238664154e-02 -2.170449999999999879e-01 2.141494121586675486e-03 9.999481647689754116e-01 9.953983026167966680e-03 -1.174050000000000038e+00 -5.619105249436452676e-02 -9.817951671397404795e-03 9.983717611413864823e-01 9.636430000000000007e+01
9.982339527607302365e-01 -4.297930519320224130e-03 5.924950083282881641e-02 -1.527560000000000029e-01 3.929031195327231316e-03 9.999721749559811190e-01 6.341295425301498277e-03 -1.187040000000000095e+00 -5.927510666000046502e-02 -6.097303260942499477e-03 9.982230635601392343e-01 9.753709999999999525e+01
9.980634819568939831e-01 -3.748142688067607111e-03 6.209055814268965579e-02 -7.561940000000000328e-02 3.540518501970549205e-03 9.999877686871881943e-01 3.453578543449460029e-03 -1.194439999999999946e+00 -6.210274319881564642e-02 -3.227057856384914995e-03 9.980645446987752578e-01 9.867780000000000484e+01
9.981016590228066754e-01 -3.193853865241051086e-03 6.150510184861498336e-02 -2.988680000000000156e-02 3.033386188354492054e-03 9.999917482796563117e-01 2.702210359845018828e-03 -1.210050000000000070e+00 -6.151322479071729549e-02 -2.510511916729003899e-03 9.981031111592442162e-01 9.983209999999999695e+01
9.979992669275337125e-01 -3.092715145466741304e-03 6.314980859143164149e-02 5.871200000000000030e-02 2.876849399968542560e-03 9.999897054399318197e-01 3.508953075836369288e-03 -1.222050000000000081e+00 -6.316001068425618203e-02 -3.320260108413422128e-03 9.979978902398427554e-01 1.010049999999999955e+02
9.980999086417209343e-01 -3.441526864441372090e-03 6.152014517399670424e-02 1.076509999999999967e-01 3.127486510491475115e-03 9.999815879983169342e-01 5.200239657080970093e-03 -1.230410000000000004e+00 -6.153690922946158937e-02 -4.997955302492418372e-03 9.980922949533671540e-01 1.021790000000000020e+02
9.981532332693257015e-01 -4.217157043658392897e-03 6.059982261079682742e-02 1.726870000000000072e-01 3.775933741757537317e-03 9.999655378603063971e-01 7.393606435695863552e-03 -1.250909999999999966e+00 -6.062891421070294717e-02 -7.151131254370092505e-03 9.981347584787406690e-01 1.033610000000000042e+02
9.982501775672207867e-01 -3.666265235679388480e-03 5.901814539812237637e-02 2.416089999999999904e-01 3.192479895949666691e-03 9.999619354625643997e-01 8.120079930413824643e-03 -1.258340000000000014e+00 -5.904566926647729364e-02 -7.917456989715885435e-03 9.982238841140247398e-01 1.045300000000000011e+02
9.984241751306767165e-01 -2.921230812333406625e-03 5.604135013691961126e-02 3.009399999999999853e-01 2.410329949430281907e-03 9.999549402634339001e-01 9.181925303952769707e-03 -1.274920000000000053e+00 -5.606564745156008417e-02 -9.032378053069004681e-03 9.983862275304802303e-01 1.057540000000000049e+02
9.985204338467602581e-01 -2.151401282658539638e-03 5.433520647792402375e-02 3.577480000000000104e-01 1.654964798581320300e-03 9.999564943589541732e-01 9.179895471432678034e-03 -1.283779999999999921e+00 -5.435259222882674740e-02 -9.076390354758254175e-03 9.984805530685787467e-01 1.069339999999999975e+02
9.987452057809086403e-01 -7.107860860444212975e-04 5.007503083164783347e-02 4.157100000000000239e-01 2.717277642756722993e-04 9.999614684228913530e-01 8.774271112579326223e-03 -1.294329999999999981e+00 -5.007933799155812188e-02 -8.749654431736602136e-03 9.987069156933141567e-01 1.081719999999999970e+02
9.989413544957245206e-01 -1.241377517256873940e-03 4.598509823961362958e-02 4.683880000000000265e-01 8.082895276987427883e-04 9.999551588967389160e-01 9.435404805149996688e-03 -1.308170000000000055e+00 -4.599474911646633107e-02 -9.388246782934726864e-03 9.988975642557429424e-01 1.093820000000000050e+02
9.990699908885714020e-01 -5.136866541844929950e-04 4.311484004297333472e-02 5.169489999999999919e-01 5.107791008865191331e-05 9.999424294833147986e-01 1.073010298427205800e-02 -1.316089999999999982e+00 -4.311786981005630293e-02 -1.071792167480691699e-02 9.990125001510319347e-01 1.105720000000000027e+02
9.992894932499010174e-01 -4.587841907333635146e-04 3.768684382410199263e-02 5.484360000000000346e-01 1.285969034860929877e-05 9.999300022478236905e-01 1.183175554579863134e-02 -1.330780000000000074e+00 -3.768963405214072193e-02 -1.182286436247602726e-02 9.992195511314228007e-01 1.118070000000000022e+02
9.994118797999704817e-01 -4.124723885365249383e-04 3.428883756002837346e-02 5.874479999999999702e-01 -1.479596796293447970e-05 9.999223751764284573e-01 1.245967104739258841e-02 -1.336440000000000072e+00 -3.429131516533960589e-02 -1.245285059970591829e-02 9.993342945261974863e-01 1.130070000000000050e+02
9.995830317567414580e-01 2.770762846354194700e-05 2.887493474085346679e-02 6.144300000000000317e-01 -3.918282385649337479e-04 9.999204810419031197e-01 1.260468419123039405e-02 -1.344840000000000035e+00 -2.887228939022128821e-02 -1.261074245302453226e-02 9.995035568121560798e-01 1.142639999999999958e+02
9.997120045712005743e-01 1.145616623171604072e-03 2.397072128211128264e-02 6.373769999999999714e-01 -1.452820069270240651e-03 9.999169918914315724e-01 1.280229044496333617e-02 -1.354330000000000034e+00 -2.395406500112820872e-02 -1.283342858879055713e-02 9.996306847434097698e-01 1.154809999999999945e+02
9.997941592558576840e-01 1.961380373355377411e-03 2.019386305053035360e-02 6.610530000000000017e-01 -2.214641883148907135e-03 9.999190841288699838e-01 1.252679353271028001e-02 -1.364090000000000025e+00 -2.016765923953400472e-02 -1.256893718310206701e-02 9.997176037956344574e-01 1.166749999999999972e+02
9.998807489333890741e-01 2.702080793724579919e-03 1.520482396441988002e-02 6.585229999999999695e-01 -2.887850724952016786e-03 9.999212951955424034e-01 1.220916592807490958e-02 -1.372980000000000089e+00 -1.517063711896129985e-02 -1.225161923392397573e-02 9.998098567205424558e-01 1.179419999999999931e+02
9.999139175752076447e-01 4.536301006422164411e-03 1.231175911801369628e-02 7.141969999999999708e-01 -4.682256396863513498e-03 9.999187983361746968e-01 1.185213942604194416e-02 -1.383329999999999949e+00 -1.225699451068208885e-02 -1.190876597802813415e-02 9.998539630258239663e-01 1.191470000000000056e+02
9.999256004225750560e-01 7.458779387779263144e-03 9.651954703435338540e-03 6.929959999999999454e-01 -7.578251052575603851e-03 9.998943848732428918e-01 1.240117776436527007e-02 -1.389529999999999932e+00 -9.558437661922845885e-03 -1.247340005787075067e-02 9.998765176562850465e-01 1.204020000000000010e+02
9.999157792288146940e-01 8.764314137642661637e-03 9.571898815230194674e-03 6.909300000000000441e-01 -8.881420759249880961e-03 9.998853848726700910e-01 1.226121867228255509e-02 -1.404830000000000023e+00 -9.463340558674482317e-03 -1.234519808383332910e-02 9.998790133159818350e-01 1.216410000000000053e+02
9.999120313124632009e-01 1.019172343923092569e-02 8.488722514130015231e-03 6.905520000000000547e-01 -1.029583337192402706e-02 9.998711913523481432e-01 1.231245380959823318e-02 -1.412260000000000071e+00 -8.362143969176947730e-03 -1.239876917174222853e-02 9.998881662822420857e-01 1.228580000000000041e+02
9.999072760472229593e-01 1.180938653653503846e-02 6.780685618237166160e-03 6.936959999999999793e-01 -1.190146866265675944e-02 9.998352610623064685e-01 1.370422490114881105e-02 -1.410300000000000109e+00 -6.617730086250309465e-03 -1.378365430864300807e-02 9.998831014285647356e-01 1.241250000000000000e+02
9.999133356158457220e-01 1.153951162278927904e-02 6.337265112060504017e-03 7.300769999999999760e-01 -1.162975048090995368e-02 9.998287933875759093e-01 1.439210953598403335e-02 -1.419569999999999999e+00 -6.170102215101691025e-03 -1.446456306465905735e-02 9.998763454817818364e-01 1.253559999999999945e+02
9.998796341650474373e-01 1.472756451366775965e-02 4.880166540868272063e-03 7.058219999999999494e-01 -1.480665700331694132e-02 9.997527730025962400e-01 1.658782029096530705e-02 -1.426430000000000087e+00 -4.634661838471224732e-03 -1.665808263621564381e-02 9.998505029215758455e-01 1.266290000000000049e+02
9.998644052544658489e-01 1.598210604221271189e-02 3.967794297680638134e-03 7.233819999999999695e-01 -1.605566460583407809e-02 9.996856540565720595e-01 1.925639393937983793e-02 -1.416309999999999958e+00 -3.658789307709015351e-03 -1.931748844801222179e-02 9.998067052690048362e-01 1.278889999999999958e+02
9.998877884316430542e-01 1.423281651468330869e-02 4.673058884419670211e-03 6.995470000000000299e-01 -1.432269198257938442e-02 9.997014011146646562e-01 1.979820960967277124e-02 -1.425380000000000091e+00 -4.389879229551963552e-03 -1.986291880453980654e-02 9.997930752995413117e-01 1.290939999999999941e+02
9.998892509098354919e-01 1.449935940322035627e-02 3.354771507011613130e-03 6.811199999999999477e-01 -1.455903941778318583e-02 9.997227171478118013e-01 1.850738203603514639e-02 -1.426690000000000014e+00 -3.085496102646531538e-03 -1.855417461092156647e-02 9.998230955115549046e-01 1.303689999999999998e+02
9.999234765834570382e-01 1.177398952600492744e-02 3.796596883291810092e-03 6.722029999999999950e-01 -1.184415663502202780e-02 9.997489175852499743e-01 1.902150732003315622e-02 -1.420570000000000110e+00 -3.571684596623624520e-03 -1.906501921747097775e-02 9.998118663585563448e-01 1.316049999999999898e+02
9.999586615359316033e-01 8.934974886566695099e-03 1.685658044947618145e-03 6.793299999999999894e-01 -8.969425476977111941e-03 9.997248082952480130e-01 2.167618706420961980e-02 -1.422469999999999901e+00 -1.491517978781365349e-03 -2.169041038814335451e-02 9.997636227985657875e-01 1.328799999999999955e+02
9.999819678501806752e-01 5.964550071552460024e-03 6.986536510160172792e-04 7.087419999999999831e-01 -5.979397498049363914e-03 9.997027830618729904e-01 2.363455825493679732e-02 -1.413550000000000084e+00 -5.574764931864569515e-04 -2.363830960093432285e-02 9.997204206872889465e-01 1.341620000000000061e+02
9.999925729764873594e-01 3.729317177473733414e-03 9.727205428533991114e-04 6.944690000000000030e-01 -3.752482865212349809e-03 9.996800766251611181e-01 2.501326190360400603e-02 -1.409459999999999935e+00 -8.791269595327945137e-04 -2.501672624668941497e-02 9.996866461765342438e-01 1.354279999999999973e+02
9.999999045779888185e-01 3.545618051994320146e-04 -2.552056805984665214e-04 7.225719999999999921e-01 -3.483802767012690702e-04 9.997160276070703455e-01 2.382735354003795436e-02 -1.422369999999999912e+00 2.635814787149386574e-04 -2.382726235775833867e-02 9.997160557344962895e-01 1.367139999999999986e+02
9.999984055646888859e-01 -1.779966812056328444e-03 -1.434790160797427480e-04 7.286799999999999944e-01 1.782772123932951751e-03 9.997391904733077261e-01 2.276780084526008885e-02 -1.409950000000000037e+00 1.029156654973977354e-04 -2.276802033386469970e-02 9.997407697290545681e-01 1.379900000000000091e+02
9.999932919467615644e-01 -3.657002034772888037e-03 2.059067662204356274e-04 7.310090000000000199e-01 3.651351686515337362e-03 9.997329736657897259e-01 2.281773424813804754e-02 -1.411059999999999981e+00 -2.892962842658105735e-04 -2.281682934754382733e-02 9.997396204043255130e-01 1.392489999999999952e+02
9.999932293345881185e-01 -3.675832772095112208e-03 -1.718674299951334120e-04 7.285909999999999886e-01 3.678797488754562139e-03 9.997328477731126650e-01 2.281884161168505967e-02 -1.394079999999999986e+00 8.794326941100123383e-05 -2.281931937841328792e-02 9.997396015608701614e-01 1.405240000000000009e+02
9.999915435718268464e-01 -3.708839669366642208e-03 1.776877357082819534e-03 7.102129999999999832e-01 3.663372364554121074e-03 9.996821784069236383e-01 2.494237114843559158e-02 -1.395359999999999934e+00 -1.868819882653873898e-03 -2.493565086166036823e-02 9.996873115271353027e-01 1.417990000000000066e+02
9.999958577491548928e-01 -1.806379036318638519e-03 2.240865749929541080e-03 6.926930000000000032e-01 1.745609507763805791e-03 9.996384713743328154e-01 2.683056830992562938e-02 -1.383210000000000051e+00 -2.288521788942229213e-03 -2.682654549442267319e-02 9.996374838534503038e-01 1.430480000000000018e+02
9.999924362891530194e-01 -1.940520239431470575e-03 3.370718867609143361e-03 6.908260000000000511e-01 1.854061124220160797e-03 9.996739565177479303e-01 2.546650972354384118e-02 -1.380120000000000013e+00 -3.419038144238070384e-03 -2.546006758341490261e-02 9.996699931161363573e-01 1.443079999999999927e+02
9.999936609853192770e-01 -4.473327419236604666e-04 3.532404647897269528e-03 6.910819999999999741e-01 3.632164645896954636e-04 9.997172071052757847e-01 2.377759221256563887e-02 -1.366959999999999953e+00 -3.542042204482342537e-03 -2.377615845853182225e-02 9.997110323618403349e-01 1.456100000000000136e+02
9.999946143060193249e-01 -6.698111153802266144e-04 3.212897761427455090e-03 6.888560000000000239e-01 5.997245348432695463e-04 9.997629189278934847e-01 2.176571311169317111e-02 -1.367250000000000076e+00 -3.226714960757996915e-03 -2.176366903460761129e-02 9.997579362129185299e-01 1.468979999999999961e+02
9.999907152182484493e-01 -1.460224669818810644e-03 4.054284302978685556e-03 6.933479999999999643e-01 1.386627490763404393e-03 9.998352782009365392e-01 1.809678781048345078e-02 -1.376339999999999897e+00 -4.080041849979728491e-03 -1.809099800368834873e-02 9.998280197362608979e-01 1.481759999999999877e+02
9.999944979707376946e-01 -8.463700208736651444e-04 3.207442289441238357e-03 7.057480000000000420e-01 7.991466903975404969e-04 9.998916909639248285e-01 1.469583974703029053e-02 -1.379380000000000051e+00 -3.219533012652051832e-03 -1.469319567319972084e-02 9.998868659043830265e-01 1.494610000000000127e+02
9.999893450917658466e-01 -1.721007829941291782e-03 4.283437286859775699e-03 7.005160000000000275e-01 1.660529868570282752e-03 9.998994542180364986e-01 1.408275878612781293e-02 -1.390640000000000098e+00 -4.307243143446377702e-03 -1.407549596007028406e-02 9.998916581660141079e-01 1.507110000000000127e+02
9.999882307094537515e-01 -1.888347774900029198e-03 4.469069842520369436e-03 7.100910000000000277e-01 1.825854134033046616e-03 9.999010744265195427e-01 1.394659877435885063e-02 -1.399829999999999908e+00 -4.494963765986257319e-03 -1.393827476313849560e-02 9.998927541478485059e-01 1.520120000000000005e+02
9.999824574969892188e-01 -1.029070039427289977e-03 5.833156361360457981e-03 7.038229999999999764e-01 9.425836757764559370e-04 9.998898803032645333e-01 1.481009126026489389e-02 -1.410889999999999977e+00 -5.847754637148056683e-03 -1.480433321622990142e-02 9.998733097166493389e-01 1.531759999999999877e+02
9.999857757767947053e-01 -6.079277202847642014e-04 5.298930832630836980e-03 6.849009999999999820e-01 5.220428422444767583e-04 9.998687273702778766e-01 1.619430449917210607e-02 -1.418449999999999989e+00 -5.308080194661501071e-03 -1.619130787885753042e-02 9.998548223786386524e-01 1.544809999999999945e+02
9.999907314413880588e-01 8.385092065153232387e-05 4.304648689589699040e-03 6.858049999999999979e-01 -1.562277149306024512e-04 9.998585879656589626e-01 1.681605376477490407e-02 -1.425650000000000084e+00 -4.302629918871477693e-03 -1.681657040962332081e-02 9.998493338175704626e-01 1.557719999999999914e+02
9.999942527532198477e-01 1.822329377137629747e-04 3.385447043746512685e-03 6.867450000000000498e-01 -2.384919241066875114e-04 9.998617679265646707e-01 1.662492587552765258e-02 -1.428800000000000070e+00 -3.381949457300579328e-03 -1.662563772975536938e-02 9.998560649353221974e-01 1.570449999999999875e+02
