1.000000000000000000e+00 0.000000000000000000e+00 -1.695300000000000132e-09 -9.313229999999999695e-10 -0.000000000000000000e+00 1.000000000000000000e+00 0.000000000000000000e+00 0.000000000000000000e+00 1.695300000000000132e-09 0.000000000000000000e+00 1.000000000000000000e+00 0.000000000000000000e+00
9.999924233381715100e-01 6.131876798193374974e-04 3.844121111587114805e-03 -2.925319999999999917e-03 -6.162777581888218741e-04 9.999994879272675607e-01 8.027122321166655370e-04 -4.444490000000000246e-02 -3.843626929866339036e-03 -8.050751965783924926e-04 9.999922891632474498e-01 1.201109999999999900e+00
9.999934350383152815e-01 7.698610148310148279e-04 3.540790065592313521e-03 4.196530000000000399e-03 -7.740931269061674357e-04 9.999989875355560498e-01 1.194030022119128799e-03 -7.197290000000000632e-02 -3.539867243503701504e-03 -1.196763084611375842e-03 9.999930185246382885e-01 2.404640000000000111e+00
9.999931813878502052e-01 3.534708263176026015e-04 3.675899370368695181e-03 -1.380310000000000044e-03 -3.596568670957338374e-04 9.999985201889209918e-01 1.682339711838208747e-03 -9.844340000000000035e-02 -3.675299272723991321e-03 -1.683650303067515605e-03 9.999918287150715290e-01 3.602419999999999956e+00
9.999903818361215446e-01 -1.345620408250089179e-04 4.383848572318585837e-03 -8.831509999999999881e-04 1.293151959607119765e-04 9.999992750908468508e-01 1.197119610135845454e-03 -1.264730000000000021e-01 -4.384006481284480339e-03 -1.196541197806061645e-03 9.999896743348573036e-01 4.799129999999999896e+00
9.999751150231802610e-01 -4.427290693641812783e-04 7.040832716980133590e-03 3.861450000000000104e-04 4.336836720245319712e-04 9.999990788286774457e-01 1.286180496322949151e-03 -1.498919999999999975e-01 -7.041395660661120201e-03 -1.283094995564301602e-03 9.999743858791495521e-01 6.004620000000000068e+00
9.999661316555410462e-01 -5.616778832869450061e-04 8.210971916192067593e-03 5.153010000000000403e-03 5.589478413114342152e-04 9.999997877504520627e-01 3.347780781270603078e-04 -1.806089999999999918e-01 -8.211158210859284545e-03 -3.301772347201686691e-04 9.999662333618219989e-01 7.197720000000000340e+00
9.999696406858421538e-01 -2.372939218578069072e-04 7.788542753447950592e-03 1.547779999999999989e-02 2.311157863022351273e-04 9.999996579760015436e-01 7.941242807431302423e-04 -2.066870000000000096e-01 -7.788728530444436610e-03 -7.923001164919992205e-04 9.999693535145987022e-01 8.391540000000000887e+00
9.999784864771564807e-01 -7.262872895031303924e-04 6.519132582530787028e-03 1.597569999999999893e-02 7.121554319174040922e-04 9.999973923743373794e-01 2.169810859562721229e-03 -2.341739999999999933e-01 -6.520691489121293281e-03 -2.165121543607189097e-03 9.999763961370313758e-01 9.597060000000000812e+00
9.999900994890431605e-01 -1.510769684925896512e-03 4.185510584443561180e-03 1.121040000000000057e-02 1.500354556786945509e-03 9.999957734122238984e-01 2.490400347746927427e-03 -2.598809999999999731e-01 -4.189255315364393689e-03 -2.484095941633148157e-03 9.999881396332935823e-01 1.082080000000000020e+01
9.999963165513644503e-01 -2.712609567042645851e-03 -9.291415498666801562e-05 1.725380000000000099e-03 2.712809785847715080e-03 9.999938401718598824e-01 2.227168921022378879e-03 -2.884059999999999957e-01 8.687214292885616002e-05 -2.227412775788946767e-03 9.999975155396922943e-01 1.201329999999999920e+01
9.999961340898146922e-01 -2.186770321993919582e-03 -1.717510111828213573e-03 -2.961269999999999788e-03 2.189705199120853610e-03 9.999961426233965334e-01 1.708780111259797403e-03 -3.140430000000000166e-01 1.713766777110775283e-03 -1.712534346090773592e-03 9.999970651104668207e-01 1.321110000000000007e+01
9.999925832445782925e-01 -1.588080670548365275e-03 -3.508768390595033097e-03 -1.541220000000000047e-03 1.595617060570092257e-03 9.999964240832898144e-01 2.146119015616244560e-03 -3.401310000000000167e-01 3.505347633406116856e-03 -2.151701749082022760e-03 9.999915413230013872e-01 1.438649999999999984e+01
9.999957743165044377e-01 -8.134170333332971023e-06 -2.907109039898113194e-03 -1.858119999999999911e-02 1.245516500258161568e-05 9.999988953192560093e-01 1.486339509121485571e-03 -3.669660000000000144e-01 2.907093738331995719e-03 -1.486369436843925588e-03 9.999946697417410046e-01 1.557729999999999926e+01
9.999998624456162277e-01 -5.213670820616721387e-04 -5.731591671956223565e-05 -3.489969999999999878e-02 5.214720848733768108e-04 9.999981573841389970e-01 1.847510538935242044e-03 -3.915449999999999764e-01 5.635257992958215152e-05 -1.847540173452656698e-03 9.999982917083879430e-01 1.678000000000000114e+01
9.999997911309917997e-01 -6.339572364106083090e-04 1.258419454116468537e-04 -3.753929999999999767e-02 6.336256684251192562e-04 9.999963733931239718e-01 2.617578864533451951e-03 -4.187290000000000179e-01 -1.275009220954288031e-04 -2.617498581115572983e-03 9.999965662164509439e-01 1.798379999999999868e+01
9.999984587968695493e-01 -1.347319793636046889e-03 -1.125670137927822865e-03 -5.283029999999999671e-02 1.350594433719737959e-03 9.999948440414936357e-01 2.913380356975099356e-03 -4.427579999999999849e-01 1.121739078997956683e-03 -2.914896190686662360e-03 9.999951225289231971e-01 1.916489999999999938e+01
9.999986966419557310e-01 -9.867169872719786915e-04 -1.277929566517872024e-03 -6.237399999999999889e-02 9.889463798550249176e-04 9.999979883394353175e-01 1.745079408057567845e-03 -4.693890000000000007e-01 1.276205096261289829e-03 -1.746340937412800901e-03 9.999976607942053786e-01 2.036449999999999960e+01
9.999981266982235217e-01 -6.156939068427168607e-04 -1.835080667630699424e-03 -7.818440000000000112e-02 6.182270667631792425e-04 9.999988564754873632e-01 1.380160502123714637e-03 -4.942989999999999884e-01 1.834228812759350737e-03 -1.381292413205017187e-03 9.999973638144911137e-01 2.155600000000000094e+01
9.999964779689376471e-01 -5.267281734868509320e-04 -2.601270295688522857e-03 -8.072419999999999596e-02 5.312392354605858982e-04 9.999983558768620329e-01 1.733790197081350182e-03 -5.204290000000000305e-01 2.600352782736123965e-03 -1.735165987461528229e-03 9.999951136702626142e-01 2.277179999999999893e+01
9.999985140100751124e-01 -3.821200676229998721e-04 -1.681059753748161481e-03 -9.246840000000000614e-02 3.841564292690050801e-04 9.999991927090879917e-01 1.211199822576096690e-03 -5.469349999999999490e-01 1.680595572885791762e-03 -1.211843812657750763e-03 9.999978535142434177e-01 2.398389999999999844e+01
9.999965450986655346e-01 2.258379841092382728e-04 -2.618928776706214503e-03 -9.665970000000000117e-02 -2.251196582257343590e-04 9.999999369651622061e-01 2.745738717473670707e-04 -5.760600000000000165e-01 2.618990620832148571e-03 -2.739833507706015796e-04 9.999965329046153206e-01 2.516730000000000089e+01
9.999946856196011424e-01 1.012820024718723809e-03 -3.098859169532305544e-03 -1.125599999999999934e-01 -1.009831116002891417e-03 9.999990236080176231e-01 9.659317411385733151e-04 -6.021600000000000286e-01 3.099834458840994809e-03 -9.627972833963568825e-04 9.999947320099835668e-01 2.638449999999999918e+01
9.999905185819348841e-01 -2.422309555299545752e-04 -4.347881138814083113e-03 -1.215220000000000050e-01 2.549619696405404411e-04 9.999956815377630814e-01 2.927780766855823252e-03 -6.261590000000000211e-01 4.347153163520836930e-03 -2.928861551681284474e-03 9.999862619203245817e-01 2.756340000000000146e+01
9.999940912643410229e-01 -7.631561133008113017e-04 -3.351869500970186717e-03 -1.311160000000000103e-01 7.743047223219441926e-04 9.999941689064434369e-01 3.326049504814294726e-03 -6.510989999999999833e-01 3.349311660892796867e-03 -3.328625220450190207e-03 9.999888511206213026e-01 2.875489999999999924e+01
9.999809439293252389e-01 -1.065969385397127784e-03 -6.080747280159225741e-03 -1.444209999999999938e-01 1.080779560684838429e-03 9.999964566475640915e-01 2.432818911831099995e-03 -6.762129999999999530e-01 6.078132423448310249e-03 -2.439344499236063488e-03 9.999785527223357118e-01 2.995939999999999870e+01
9.999907707236580512e-01 -1.229629664043190755e-03 -4.116610060927239530e-03 -1.671610000000000040e-01 1.233804877730939166e-03 9.999987269417250912e-01 1.011850014975727158e-03 -7.015759999999999774e-01 4.115360619448760714e-03 -1.016919769905210574e-03 9.999910148002097987e-01 3.113009999999999877e+01
9.999958555439993901e-01 -1.132660029050337183e-03 -2.646880443701585348e-03 -1.712170000000000081e-01 1.134811923069530644e-03 9.999990267271138267e-01 8.116321360554332610e-04 -7.264019999999999921e-01 2.645958564285814160e-03 -8.146324837682088985e-04 9.999961676312526526e-01 3.233520000000000039e+01
9.999895619429691740e-01 -1.169110209217064794e-03 -4.416920468762076425e-03 -1.832030000000000047e-01 1.175787463453748221e-03 9.999981695403520332e-01 1.509450160196000633e-03 -7.527909999999999879e-01 4.415147670174801413e-03 -1.514627764183385785e-03 9.999891061275549831e-01 3.352279999999999660e+01
9.999844933748124332e-01 -1.155159796589101760e-03 -5.447808345025830119e-03 -1.963409999999999878e-01 1.164498428748720043e-03 9.999978576280017517e-01 1.711339480117056878e-03 -7.778169999999999806e-01 5.445819803228032878e-03 -1.717656907275076812e-03 9.999836962178031419e-01 3.473179999999999978e+01
9.999908149770508903e-01 -2.205439108223344793e-03 -3.675051002865703693e-03 -2.147749999999999937e-01 2.210581402872087344e-03 9.999965825716131684e-01 1.395770380884576436e-03 -8.081859999999999600e-01 3.671960157057980491e-03 -1.403881560103137751e-03 9.999922728827309593e-01 3.593610000000000326e+01
9.999686484095788863e-01 -1.866810255123970775e-03 -7.695272405276900977e-03 -2.221940000000000026e-01 1.882551137572180530e-03 9.999961496595634047e-01 2.038790637255677007e-03 -8.284589999999999455e-01 7.691436740588708694e-03 -2.053213461747145207e-03 9.999683125556259045e-01 3.713750000000000284e+01
9.999612308506724556e-01 -2.454058716782641768e-03 -8.456618202491933758e-03 -2.402350000000000041e-01 2.476367190920050320e-03 9.999934791979955273e-01 2.628529441289323334e-03 -8.580229999999999801e-01 8.450112492971293202e-03 -2.649369227301690433e-03 9.999607874519648165e-01 3.835419999999999874e+01
9.999926410923127840e-01 -2.218570436347550977e-03 -3.129809329622253861e-03 -2.655060000000000198e-01 2.229691376251914398e-03 9.999911979267044337e-01 3.554229238715226735e-03 -8.796239999999999615e-01 3.121896472898117239e-03 -3.561181592341931216e-03 9.999887858111604633e-01 3.953629999999999711e+01
9.999957935812580079e-01 -1.827580477395532484e-03 -2.252280930265730934e-03 -2.712950000000000084e-01 1.837150981151361613e-03 9.999892618602457262e-01 4.254531757260849277e-03 -9.070629999999999526e-01 2.244481245778306554e-03 -4.258651641039592518e-03 9.999884130279399486e-01 4.072129999999999939e+01
9.999978803473936750e-01 -9.204653964505724343e-04 -1.841750301679021462e-03 -2.746709999999999985e-01 9.278907169366427650e-04 9.999914293417067057e-01 4.034880660914157841e-03 -9.283280000000000420e-01 1.838020548639345214e-03 -4.036581051376691986e-03 9.999901637985637581e-01 4.194650000000000034e+01
9.999937154182053645e-01 4.519698278866704955e-04 -3.516368491490022043e-03 -2.885519999999999752e-01 -4.376883143415781995e-04 9.999916577170870902e-01 4.061148257781377509e-03 -9.541840000000000321e-01 3.518174673428331976e-03 -4.059583661765327721e-03 9.999855710096322570e-01 4.314150000000000063e+01
9.999856049636551836e-01 3.507981369059982955e-03 -4.060040909509773054e-03 -2.927540000000000142e-01 -3.485325798669903271e-03 9.999783922769359679e-01 5.573821248619166557e-03 -9.725749999999999673e-01 4.079506042364798406e-03 -5.559590447934144308e-03 9.999762240096019550e-01 4.434080000000000155e+01
9.999922814284347705e-01 3.375090382500706750e-03 -2.011429457891545335e-03 -3.234810000000000185e-01 -3.358090474740234744e-03 9.999591148931424867e-01 8.395937737177002619e-03 -9.948489999999999833e-01 2.039684269092043728e-03 -8.389118370427564586e-03 9.999627304960166940e-01 4.555700000000000216e+01
9.999899381196295511e-01 4.485931642348305048e-03 -8.763533734796252273e-06 -3.185779999999999723e-01 -4.485526635028070155e-03 9.999223654792442906e-01 1.162510495432545268e-02 -1.009959999999999969e+00 6.091227954228320386e-05 -1.162494867484612296e-02 9.999324261458878427e-01 4.674280000000000257e+01
9.999874164635211837e-01 4.812061460963370195e-03 1.418089950616289443e-03 -3.201339999999999741e-01 -4.832481503881986933e-03 9.998792929992805778e-01 1.476639948577338282e-02 -1.021190000000000042e+00 -1.346861955348920828e-03 -1.477306656570398849e-02 9.998899651797283905e-01 4.796399999999999864e+01
9.999914592340194419e-01 3.966247942892039621e-03 1.162039703314915982e-03 -3.148650000000000060e-01 -3.984646358484238496e-03 9.998594801903650797e-01 1.628319584267103048e-02 -1.033400000000000096e+00 -1.097293221702315847e-03 -1.628768708897814638e-02 9.998667447199537373e-01 4.915409999999999968e+01
9.999895146816176750e-01 3.221111281703274015e-03 3.254991387634208633e-03 -3.240750000000000020e-01 -3.268019185899849813e-03 9.998893837675695284e-01 1.451000618575552445e-02 -1.042429999999999968e+00 -3.207892988127793079e-03 -1.452049141802566612e-02 9.998894262625021012e-01 5.035909999999999798e+01
9.999764898933235502e-01 4.059068002990547791e-03 5.526628952161843737e-03 -3.133610000000000007e-01 -4.132056167927292134e-03 9.999035459635530199e-01 1.325989748594909139e-02 -1.054040000000000088e+00 -5.472273060883312869e-03 -1.328242208559430280e-02 9.998968104214990271e-01 5.154999999999999716e+01
9.999805193145601123e-01 4.757228770445043331e-03 4.041010493474673712e-03 -3.076289999999999858e-01 -4.807275821617724987e-03 9.999107317417522678e-01 1.246670152239185564e-02 -1.058720000000000105e+00 -3.981342808351487003e-03 -1.248588491454120930e-02 9.999141221061652596e-01 5.276839999999999975e+01
9.999897293555213285e-01 4.422491712549092395e-03 9.913377444239826475e-04 -3.118589999999999973e-01 -4.434735785037822488e-03 9.999093993434168270e-01 1.270929672342603969e-02 -1.076640000000000041e+00 -9.350411691417632662e-04 -1.271356251172807428e-02 9.999187422117220558e-01 5.396829999999999927e+01
9.999909792451713297e-01 4.242418655014903832e-03 -2.081159268772634534e-04 -3.337300000000000266e-01 -4.239630464715034124e-03 9.999196824122063010e-01 1.194379580347815217e-02 -1.089059999999999917e+00 2.587697936363996562e-04 -1.194280572680070374e-02 9.999286486692766651e-01 5.516490000000000293e+01
9.999823823244529120e-01 5.198230924797373961e-03 2.865909273547564626e-03 -3.270919999999999939e-01 -5.231594450152247944e-03 9.999171677181344364e-01 1.175959701917015342e-02 -1.099239999999999995e+00 -2.804542782854612011e-03 -1.177438311745543538e-02 9.999267465379564346e-01 5.636350000000000193e+01
9.999852970384506268e-01 4.934330479556959907e-03 2.249019706487597262e-03 -3.469079999999999941e-01 -4.962499192323963602e-03 9.999070844884291320e-01 1.269629834304652170e-02 -1.113240000000000007e+00 -2.186163005779393105e-03 -1.270727242833713001e-02 9.999168695040324684e-01 5.758389999999999986e+01
9.999844054947520933e-01 5.564822155400416144e-03 4.706609033408939730e-04 -3.392129999999999868e-01 -5.570726690667884666e-03 9.998913873584316381e-01 1.364479719778318237e-02 -1.127070000000000016e+00 -3.946789138647298530e-04 -1.364720633717816933e-02 9.999067946502541160e-01 5.879890000000000327e+01
9.999815045127933288e-01 6.055470629200906951e-03 5.673691823855077062e-04 -3.478379999999999805e-01 -6.062520853253264980e-03 9.998921035040702066e-01 1.338010430114499119e-02 -1.138479999999999936e+00 -4.862851366276016310e-04 -1.338329651709677104e-02 9.999103214294275954e-01 6.002969999999999828e+01
9.999787094526706444e-01 6.313852856000018270e-03 -1.647999843422050768e-03 -3.572119999999999740e-01 -6.292006522063382269e-03 9.998964665368802462e-01 1.294089877047355577e-02 -1.152940000000000076e+00 1.729536150952202395e-03 -1.293025402589262698e-02 9.999149049971843839e-01 6.123380000000000223e+01
9.999764769459146274e-01 5.609142432992782375e-03 -3.947540500514511164e-03 -3.643850000000000144e-01 -5.559098668743915443e-03 9.999054658345886137e-01 1.257600159452988350e-02 -1.163529999999999953e+00 4.017707907249128824e-03 -1.255376100142297294e-02 9.999131267804675094e-01 6.244800000000000040e+01
9.999891547381658530e-01 4.645740492877984719e-03 -3.278739414937512976e-04 -3.700680000000000081e-01 -4.641696369688415140e-03 9.999241018922605528e-01 1.141249796353915012e-02 -1.182819999999999983e+00 3.808685603961162029e-04 -1.141085230072660765e-02 9.999348215703415255e-01 6.362080000000000268e+01
9.999871348367034285e-01 4.828038664357676285e-03 1.555700400479509719e-03 -3.963519999999999821e-01 -4.847161653474447301e-03 9.999097191245580607e-01 1.253230322615501643e-02 -1.194819999999999993e+00 -1.495053505956098509e-03 -1.253968272735302841e-02 9.999202574066151650e-01 6.481889999999999930e+01
9.999916523199305907e-01 4.046687852208644132e-03 5.653387318869869697e-04 -3.887030000000000207e-01 -4.054289947406777145e-03 9.998914661238539336e-01 1.416399328269814240e-02 -1.205619999999999914e+00 -5.079601139272204224e-04 -1.416616709335128191e-02 9.998995257956700966e-01 6.601869999999999550e+01
9.999845223899684887e-01 5.240081309210833753e-03 1.869900633613122984e-03 -3.946680000000000188e-01 -5.264287520882594308e-03 9.998992295742114012e-01 1.318400446738083112e-02 -1.221349999999999936e+00 -1.800626947540017201e-03 -1.319364410507185142e-02 9.999113388185096873e-01 6.720959999999999468e+01
9.999661982457982434e-01 8.070073511338362801e-03 1.573619829032552953e-03 -4.024090000000000167e-01 -8.087483273403568360e-03 9.999024232326138018e-01 1.139019876250084787e-02 -1.236590000000000078e+00 -1.481546538974404205e-03 -1.140254037784796740e-02 9.999338913612161317e-01 6.839220000000000255e+01
9.999318178368667986e-01 1.128550211913318356e-02 -2.999519857923786670e-03 -4.035239999999999938e-01 -1.124886698548012258e-02 9.998651764956555388e-01 1.196209943339938096e-02 -1.247549999999999937e+00 3.134113750650101109e-03 -1.192754263168230473e-02 9.999239526372830644e-01 6.960030000000000427e+01
9.998660249363401364e-01 1.230000181949701503e-02 -1.080009876077351813e-02 -4.013579999999999925e-01 -1.216593885161885123e-02 9.998491990634439386e-01 1.239229857808109812e-02 -1.263500000000000068e+00 1.095089539082364297e-02 -1.225924497797519115e-02 9.998648852733599268e-01 7.077819999999999823e+01
9.998444206217533825e-01 1.338680043484045783e-02 -1.148599693836634475e-02 -4.228410000000000224e-01 -1.324384434901006331e-02 9.998349944901054887e-01 1.243319668588685652e-02 -1.275719999999999965e+00 1.165054240838597072e-02 -1.227914358123191781e-02 9.998567334846037991e-01 7.197039999999999793e+01
9.998806799938987355e-01 1.374519734803385240e-02 -7.049491102367536066e-03 -4.373119999999999785e-01 -1.365191550182026994e-02 9.998208067101496122e-01 1.311410205072397091e-02 -1.291930000000000023e+00 7.228483801594588407e-03 -1.301629821912690839e-02 9.998891563581440156e-01 7.315130000000000621e+01
9.998885914070353431e-01 1.476110478740920960e-02 2.216880580913266775e-03 -4.629400000000000182e-01 -1.478974318404478565e-02 9.997993353045587783e-01 1.351120354048722209e-02 -1.302070000000000061e+00 -2.016995439981521861e-03 -1.354248537077292099e-02 9.999062620162839643e-01 7.434139999999999304e+01
9.999011017761864073e-01 1.312760146124245832e-02 5.045071520127437578e-03 -4.445040000000000102e-01 -1.318398933738541313e-02 9.998491104296954868e-01 1.131100340811157061e-02 -1.315439999999999943e+00 -4.895823926585166769e-03 -1.137639893909266585e-02 9.999233012862829284e-01 7.551869999999999550e+01
9.998851814053151266e-01 1.177730004912657703e-02 9.535156506991975672e-03 -4.292190000000000172e-01 -1.183924197274898414e-02 9.999090075369169162e-01 6.465987631318721555e-03 -1.343469999999999942e+00 -9.458137003167541024e-03 -6.578134240839954121e-03 9.999336336949261606e-01 7.670839999999999748e+01
9.998407565593189217e-01 1.305089772325935919e-02 1.217109656135248810e-02 -4.347380000000000133e-01 -1.311185225125899127e-02 9.999018238627636057e-01 4.941858603797965113e-03 -1.357720000000000038e+00 -1.210540595890518753e-02 -5.100657265078797215e-03 9.999137174986820753e-01 7.787879999999999825e+01
9.998428909212959681e-01 1.153409565919537826e-02 1.345949893086714061e-02 -4.304140000000000188e-01 -1.165126129103530132e-02 9.998946263381047750e-01 8.659349312159021067e-03 -1.373510000000000009e+00 -1.335820289086469062e-02 -8.814808988656355065e-03 9.998719205768407114e-01 7.906080000000000041e+01
9.998179740004431437e-01 1.007800140172834119e-02 1.620039361855183518e-02 -4.180229999999999779e-01 -1.026640206794326993e-02 9.998801455396637561e-01 1.158859543517134182e-02 -1.395769999999999955e+00 -1.608166204807773281e-02 -1.175280576405079123e-02 9.998016061711663127e-01 8.021580000000000155e+01
9.996707049940345424e-01 1.186000339945227772e-02 2.275570029893822857e-02 -4.065420000000000145e-01 -1.205585944845024779e-02 9.998912898071748989e-01 8.489100111520035685e-03 -1.407739999999999991e+00 -2.265254576618994445e-02 -8.760644217703228431e-03 9.997050131329748845e-01 8.138079999999999359e+01
9.996150262429790434e-01 1.089249548055353303e-02 2.551769682895302371e-02 -3.785740000000000216e-01 -1.103794142721570976e-02 9.999235893876785575e-01 5.565899308333809026e-03 -1.429009999999999891e+00 -2.545512047305204667e-02 -5.845419426121311116e-03 9.996588757738487097e-01 8.256140000000000612e+01
9.995319845677852477e-01 1.043789596895827038e-02 2.875521089691313731e-02 -3.409170000000000256e-01 -1.051384575257557213e-02 9.999416244798716713e-01 2.491320944096985044e-03 -1.455349999999999921e+00 -2.872752814768085583e-02 -2.792482819401473099e-03 9.995833787965001660e-01 8.370650000000000546e+01
9.994678553043253588e-01 9.609590561664089689e-03 3.117149310843636209e-02 -3.045390000000000041e-01 -9.663976729708720001e-03 9.999520313320982012e-01 1.594549647468270631e-03 -1.481889999999999930e+00 -3.115467488419302114e-02 -1.894941700361585379e-03 9.995127790222656516e-01 8.484739999999999327e+01
9.993157904243064049e-01 8.865329264106422413e-03 3.590761681987220816e-02 -2.660950000000000260e-01 -8.991690747132595474e-03 9.999539318723362769e-01 3.359111573477506930e-03 -1.505600000000000049e+00 -3.587618299306270103e-02 -3.679683423083937675e-03 9.993494681160111082e-01 8.600740000000000407e+01
9.991640432952940687e-01 9.789409534353643583e-03 3.969108271096198626e-02 -2.237669999999999937e-01 -9.960114578886212350e-03 9.999419693098765549e-01 4.105378211738377504e-03 -1.530710000000000015e+00 -3.964859018143240821e-02 -4.497274024858151885e-03 9.992035647569369461e-01 8.719870000000000232e+01
9.991403225562486279e-01 1.025539973768825955e-02 4.016768126760365820e-02 -1.672500000000000098e-01 -1.035203987330266667e-02 9.999439990165323033e-01 2.198658974644538723e-03 -1.558319999999999927e+00 -4.014288371127722188e-02 -2.612586275217880678e-03 9.991905340225644139e-01 8.833830000000000382e+01
9.989686188489566021e-01 1.054780272221237866e-02 4.416381338541065793e-02 -1.366700000000000137e-01 -1.055789367775741144e-02 9.999442638759424851e-01 -4.763251443672410256e-06 -1.586189999999999989e+00 -4.416140210746549721e-02 -4.615185074115696383e-04 9.990243027897619532e-01 8.949020000000000152e+01
9.988732908243790343e-01 1.044369417169954163e-02 4.629339185805508156e-02 -9.866039999999999532e-02 -1.043860481990690516e-02 9.999454544338395312e-01 -3.516909381456373896e-04 -1.610589999999999966e+00 -4.629453971138764584e-02 -1.319437386406867893e-04 9.989278243115268241e-01 9.058719999999999573e+01
9.987795023019727658e-01 8.853462004572881447e-03 4.859137775323110059e-02 -5.291239999999999832e-02 -8.894572701704043724e-03 9.999602441218469195e-01 6.298827116184850701e-04 -1.638819999999999943e+00 -4.858386931768320788e-02 -1.061313483321005974e-03 9.988185427072389100e-01 9.176640000000000441e+01
9.987235359807364876e-01 8.049906735628189342e-03 4.986479399017121339e-02 8.908040000000000316e-04 -8.162114086801168511e-03 9.999645941955664918e-01 2.047009753289301404e-03 -1.662509999999999932e+00 -4.984655024942617751e-02 -2.451398956454761344e-03 9.987538796277027897e-01 9.290829999999999700e+01
9.986150726639592135e-01 7.477397617949923213e-03 5.207710795751237937e-02 5.387669999999999959e-02 -7.666735405496749069e-03 9.999647038185908166e-01 3.436900525166998975e-03 -1.686250000000000027e+00 -5.204957076266263777e-02 -3.831402075072178753e-03 9.986371525942551175e-01 9.407450000000000045e+01
9.985695084401493560e-01 5.755371444031457014e-03 5.315837199482102704e-02 1.136960000000000054e-01 -6.019897855199005977e-03 9.999702762176529980e-01 4.817417462062266974e-03 -1.708749999999999991e+00 -5.312906590004680407e-02 -5.130534156600003760e-03 9.985744739256339209e-01 9.524039999999999395e+01
9.984120697625242791e-01 4.685287426099786316e-03 5.613721612484163376e-02 1.638959999999999861e-01 -4.847066610950418429e-03 9.999844824822310407e-01 2.746040788772153868e-03 -1.733139999999999903e+00 -5.612347902421372520e-02 -3.013781093480747981e-03 9.984192867857366593e-01 9.638179999999999836e+01
9.984082565872122172e-01 3.322811047302649812e-03 5.630197248078861599e-02 2.155930000000000069e-01 -3.286384271105264807e-03 9.999943263444492914e-01 -7.395656385159838720e-04 -1.756760000000000099e+00 -5.630411047966380617e-02 5.533585229894865667e-04 9.984135119966269789e-01 9.753940000000000055e+01
9.982275490214714830e-01 4.025921335858701974e-03 5.937636172740036467e-02 2.776410000000000267e-01 -3.821880844370388868e-03 9.999863968409071768e-01 -3.549557712038979487e-03 -1.781029999999999891e+00 -5.938984426143119333e-02 3.316336915504574084e-03 9.982293565649458245e-01 9.868949999999999534e+01
9.981624290631339047e-01 4.069390046674190541e-03 6.045829365299948410e-02 3.413249999999999895e-01 -3.782466995699563551e-03 9.999810389729020255e-01 -4.859489489843652442e-03 -1.808210000000000095e+00 -6.047692245981711734e-02 4.621878332830326071e-03 9.981588952118123359e-01 9.984990000000000521e+01
9.981348585016024400e-01 4.509561449904511687e-03 6.088076953780736239e-02 4.143700000000000161e-01 -4.265992047133699422e-03 9.999823714395676966e-01 -4.130147933446589800e-03 -1.837979999999999947e+00 -6.089832145338548025e-02 3.862727744469732216e-03 9.981365005742112162e-01 1.010450000000000017e+02
9.981452650549744732e-01 4.253679307298301182e-03 6.072837936817901405e-02 4.801599999999999757e-01 -4.096899403373514478e-03 9.999879465818426461e-01 -2.705939080685977518e-03 -1.868060000000000054e+00 -6.073915758070279336e-02 2.452122219712585521e-03 9.981506608889292309e-01 1.022229999999999990e+02
9.982482309936439036e-01 3.236699111060943428e-03 5.907616352578351493e-02 5.427939999999999987e-01 -3.216640969919988720e-03 9.999947321476660989e-01 -4.346237316589444521e-04 -1.896779999999999911e+00 -5.907725906752352152e-02 2.438355633336692892e-04 9.982533836683383788e-01 1.034180000000000064e+02
9.983111056825417773e-01 3.620461125736658663e-03 5.798127742761215175e-02 5.988390000000000102e-01 -3.646541014398793027e-03 9.999932921788637907e-01 3.439998660792115462e-04 -1.920479999999999965e+00 -5.797964306143152391e-02 -5.548499928672066903e-04 9.983176113501927018e-01 1.045990000000000038e+02
9.985028503774339148e-01 3.741290341426277855e-03 5.457160923704722916e-02 6.576619999999999688e-01 -3.811047023150087015e-03 9.999920484969158085e-01 1.174250198759111113e-03 -1.945869999999999989e+00 -5.456678209980104360e-02 -1.380467139448599175e-03 9.985091690123580888e-01 1.057900000000000063e+02
9.986415715172748397e-01 4.565519101872029563e-03 5.190537229264497593e-02 7.091309999999999558e-01 -4.625692016970960919e-03 9.999887614453939477e-01 1.039209445264646908e-03 -1.968469999999999942e+00 -5.190004442071090990e-02 -1.277896019806675984e-03 9.986514669147043000e-01 1.069950000000000045e+02
9.988136568951254679e-01 6.064330795381761043e-03 4.831669164782209647e-02 7.731500000000000039e-01 -6.104863893092342571e-03 9.999811261386253314e-01 6.913778804862074539e-04 -1.992240000000000011e+00 -4.831158698110997463e-02 -9.855244953792953021e-04 9.988318273387345458e-01 1.082150000000000034e+02
9.989356109937479467e-01 6.208198087969851731e-03 4.570671028468179659e-02 8.075609999999999733e-01 -6.267917265166659049e-03 9.999796796849378389e-01 1.163370261775412487e-03 -2.017900000000000027e+00 -4.569855907689360924e-02 -1.448617861785905792e-03 9.989542247793870011e-01 1.094429999999999978e+02
9.991367980733952825e-01 6.638909339086469970e-03 4.100711668028970275e-02 8.524100000000000010e-01 -6.735254337814814730e-03 9.999748719156535959e-01 2.211760899668534664e-03 -2.039309999999999956e+00 -4.099140256991031656e-02 -2.486045063900951032e-03 9.991564064225840758e-01 1.106340000000000003e+02
9.993362313555329557e-01 6.688841060853822906e-03 3.581000007516440403e-02 8.940360000000000529e-01 -6.813126606603886123e-03 9.999711796910705219e-01 3.349790007031135716e-03 -2.063979999999999926e+00 -3.578656180695519856e-02 -3.591544585753508965e-03 9.993530020976199024e-01 1.118619999999999948e+02
9.994642780466318488e-01 6.813311160123570499e-03 3.201149324477794295e-02 9.184170000000000389e-01 -6.942499114484481336e-03 9.999681925916263925e-01 3.926259171461565084e-03 -2.087209999999999788e+00 -3.198372421670920424e-02 -4.146395551733995932e-03 9.994797890848809985e-01 1.130799999999999983e+02
9.996142350091591355e-01 7.252599880042894659e-03 2.681009067559149764e-02 9.461230000000000473e-01 -7.368225105061316366e-03 9.999639646345148680e-01 4.216478533530946919e-03 -2.109690000000000065e+00 -2.677854413246882545e-02 -4.412394746912942124e-03 9.996316523333695914e-01 1.143139999999999930e+02
9.997490264864291598e-01 8.239610693682052414e-03 2.083249517109428753e-02 9.713330000000000020e-01 -8.330748351960690426e-03 9.999560886254111880e-01 4.291789005177041802e-03 -2.129649999999999821e+00 -2.079621771701312474e-02 -4.464262154624731513e-03 9.997737682556395722e-01 1.155319999999999965e+02
9.998413161811757766e-01 8.882882500494050648e-03 1.544140069995336879e-02 9.829560000000000519e-01 -8.944585114461608283e-03 9.999522678698206102e-01 3.931460178211733901e-03 -2.152439999999999909e+00 -1.540574095018657809e-02 -4.068953241944340583e-03 9.998730453239004223e-01 1.167540000000000049e+02
9.998956251795801942e-01 9.760605581202565564e-03 1.065219814990038712e-02 9.925739999999999563e-01 -9.799317407001231425e-03 9.999455481933939849e-01 3.588039376820617576e-03 -2.174380000000000202e+00 -1.061659668129982977e-02 -3.692049146608147696e-03 9.999368263285464131e-01 1.179890000000000043e+02
9.999135888953544216e-01 1.146500455892653786e-02 6.431828113051420333e-03 9.895030000000000214e-01 -1.148854843017417873e-02 9.999273952019530620e-01 3.635598933399941408e-03 -2.197350000000000136e+00 -6.389678973124341722e-03 -3.709177146051405045e-03 9.999727066312957824e-01 1.192060000000000031e+02
9.998920159169910615e-01 1.371169866350866254e-02 5.286381107801971929e-03 9.875699999999999479e-01 -1.373131523544843247e-02 9.998989030627497554e-01 3.692510773794138550e-03 -2.216759999999999842e+00 -5.235216075820810569e-03 -3.764701006850177181e-03 9.999792095533629466e-01 1.204489999999999981e+02
9.998858434879616119e-01 1.490889909996160473e-02 2.454530503939487268e-03 9.890210000000000390e-01 -1.491788197821285189e-02 9.998819391453444005e-01 3.683010756158681693e-03 -2.243290000000000006e+00 -2.399331084222770458e-03 -3.719206712866651634e-03 9.999902053079197106e-01 1.216940000000000026e+02
9.998457389174224552e-01 1.677700062223182881e-02 5.199097882824907542e-03 9.790140000000000509e-01 -1.679641145319572815e-02 9.998520376409505417e-01 3.712598488156749078e-03 -2.265979999999999883e+00 -5.136042344891332025e-03 -3.799351965920156216e-03 9.999795927886081515e-01 1.229180000000000064e+02
9.998301680469603436e-01 1.827709723075424467e-02 2.362790723782162705e-03 9.591730000000000533e-01 -1.828845680414666400e-02 9.998208479447096009e-01 4.878971494551551796e-03 -2.284699999999999953e+00 -2.273193988575779138e-03 -4.921354685382935482e-03 9.999853063206233239e-01 1.241650000000000063e+02
9.998186647170598240e-01 1.864910165554752725e-02 3.853399906157223449e-03 9.684000000000000385e-01 -1.867046934372858930e-02 9.998100890119493434e-01 5.585649863971323993e-03 -2.310779999999999834e+00 -3.748500751048194218e-03 -5.656581773389871177e-03 9.999769756473197990e-01 1.254230000000000018e+02
9.997574222309379977e-01 2.132609071913300555e-02 5.504048399982532438e-03 9.393899999999999473e-01 -2.136637920787807718e-02 9.997445637785887795e-01 7.367837858182119462e-03 -2.327840000000000131e+00 -5.345515288089321831e-03 -7.483652169804212717e-03 9.999577093140020745e-01 1.266860000000000070e+02
9.997089159658800739e-01 2.314809853886781038e-02 6.800652348102505067e-03 9.428640000000000354e-01 -2.321646158902621743e-02 9.996789188822381433e-01 1.015160350510574579e-02 -2.338989999999999903e+00 -6.563478468781362880e-03 -1.030653561942473755e-02 9.999253452502918638e-01 1.279470000000000027e+02
9.997576998316797248e-01 2.121250023239752702e-02 5.879750093282053516e-03 9.501079999999999526e-01 -2.127264699526771469e-02 9.997200021593082297e-01 1.036300016440867659e-02 -2.358330000000000037e+00 -5.658278632556272211e-03 -1.048556705587931799e-02 9.999290158638427517e-01 1.291819999999999879e+02
9.997436865972942899e-01 2.196629928721159988e-02 5.481131678361592791e-03 9.471910000000000052e-01 -2.201456937938665523e-02 9.997179686850137248e-01 8.907402727510210089e-03 -2.374460000000000015e+00 -5.283923153402517517e-03 -9.025784394418697593e-03 9.999453061903808004e-01 1.304519999999999982e+02
9.997890218339224866e-01 1.934779340010424689e-02 6.897442345924947697e-03 9.515529999999999822e-01 -1.941341976823350926e-02 9.997656619825096014e-01 9.578113257661858074e-03 -2.386540000000000106e+00 -6.710510656487808819e-03 -9.709995428480904314e-03 9.999303400915026119e-01 1.317050000000000125e+02
9.998520059739165466e-01 1.620559395509145115e-02 5.774502099559856820e-03 9.513559999999999794e-01 -1.627062332033029843e-02 9.998026532668341515e-01 1.139830414432645676e-02 -2.404729999999999812e+00 -5.588646231695258530e-03 -1.149057201193000831e-02 9.999183635618138499e-01 1.329689999999999941e+02
9.998924315661109619e-01 1.323019386595673114e-02 6.331450629937891532e-03 9.673840000000000217e-01 -1.331181058922461732e-02 9.998265314223602207e-01 1.302700129610134989e-02 -2.415290000000000159e+00 -6.158002569563230007e-03 -1.310988307351441777e-02 9.998950994830168026e-01 1.342249999999999943e+02
9.999189246933759545e-01 1.109510143016760077e-02 6.248420944294260163e-03 9.827580000000000204e-01 -1.118227749485275514e-02 9.998381447884395756e-01 1.409400212995978036e-02 -2.429060000000000219e+00 -6.091035221611501571e-03 -1.416273103131928182e-02 9.998811511073021352e-01 1.355010000000000048e+02
9.999418160414654810e-01 7.099877613809391433e-03 8.121346536446135550e-03 9.759250000000000425e-01 -7.202552475494637674e-03 9.998936141005521083e-01 1.268399459058934704e-02 -2.443960000000000132e+00 -8.030427730442723372e-03 -1.274175101017446625e-02 9.998865735730533277e-01 1.367880000000000109e+02
9.999211075555990424e-01 5.278880190361208251e-03 1.139789843435964727e-02 9.963149999999999507e-01 -5.412926786505344555e-03 9.999161742954308929e-01 1.176199838434607847e-02 -2.452150000000000052e+00 -1.133485281722259631e-02 -1.182276644128770968e-02 9.998658626562297869e-01 1.380409999999999968e+02
9.999519145893113192e-01 3.168758345683835975e-03 9.280489196012695063e-03 1.006399999999999961e+00 -3.275328024453348728e-03 9.999286166326318837e-01 1.149059900454647148e-02 -2.470130000000000159e+00 -9.243415791950496119e-03 -1.152044312071861740e-02 9.998909133774540603e-01 1.393460000000000036e+02
9.999667192759507106e-01 3.323961293899975380e-03 7.450612176768706997e-03 1.019819999999999949e+00 -3.411946617987232037e-03 9.999242291550110018e-01 1.182770345557843279e-02 -2.481970000000000010e+00 -7.410732809106317272e-03 -1.185273091206205144e-02 9.999022921311653267e-01 1.406200000000000045e+02
9.999440994331515453e-01 3.590919681333018792e-03 9.945014060608797779e-03 1.020569999999999977e+00 -3.726495245115849734e-03 9.998999216750624752e-01 1.364770557243991621e-02 -2.494279999999999831e+00 -9.895010965715021062e-03 -1.368400270557170416e-02 9.998574082477671432e-01 1.418679999999999950e+02
9.999330011263035667e-01 5.566058039992786456e-03 1.014949537854804504e-02 1.034140000000000059e+00 -5.718926583764562775e-03 9.998697030038895539e-01 1.509539312649235514e-02 -2.502209999999999823e+00 -1.006415109550961792e-02 -1.515242597108704993e-02 9.998345447372367634e-01 1.431630000000000109e+02
9.999313636732941601e-01 5.700740133523523115e-03 1.023569755300069752e-02 1.058899999999999952e+00 -5.840736768559118275e-03 9.998890931617013811e-01 1.369989672483115303e-02 -2.521100000000000119e+00 -1.015646279306294149e-02 -1.375874042929337362e-02 9.998537609697393247e-01 1.444350000000000023e+02
9.999246060112499945e-01 6.853366648355098401e-03 1.018889880357998906e-02 1.076959999999999917e+00 -6.974825985499396100e-03 9.999044683370285069e-01 1.193339859873406017e-02 -2.530809999999999782e+00 -1.010614148517534339e-02 -1.200356468835319171e-02 9.998768825905788304e-01 1.457030000000000030e+02
9.999468961897025610e-01 6.228587678959116199e-03 8.210328623502681153e-03 1.077860000000000040e+00 -6.308493468518896509e-03 9.999326395877686791e-01 9.742648366602607232e-03 -2.546330000000000204e+00 -8.149092632805393296e-03 -9.793925799347713221e-03 9.999188323592564931e-01 1.469809999999999945e+02
9.999588080436789816e-01 5.806542852300582147e-03 6.976121843044607272e-03 1.083280000000000021e+00 -5.848898887965839691e-03 9.999644927936809369e-01 6.066591602752818661e-03 -2.571359999999999868e+00 -6.940648216338228364e-03 -6.107144339266598436e-03 9.999572641820030361e-01 1.482489999999999952e+02
9.999581270875586014e-01 6.212897769674608980e-03 6.718926465274378118e-03 1.107930000000000081e+00 -6.229350323553454680e-03 9.999776435881307934e-01 2.430538721330329117e-03 -2.592810000000000059e+00 -6.703675565586139640e-03 -2.472291494345654414e-03 9.999744739285491013e-01 1.494970000000000141e+02
9.999663897897990150e-01 6.170787246318997811e-03 5.398210399410430585e-03 1.107580000000000009e+00 -6.179757123854544808e-03 9.999795495446480720e-01 1.646540121826540332e-03 -2.619759999999999867e+00 -5.387939554765358227e-03 -1.679844410438763921e-03 9.999840739882365215e-01 1.507599999999999909e+02
9.999347339455696426e-01 5.338698080343046680e-03 1.010079957278806236e-02 1.089350000000000041e+00 -5.353447812530221818e-03 9.999846423178727628e-01 1.433779939358473211e-03 -2.648829999999999796e+00 -1.009298992970910670e-02 -1.487760465576658470e-03 9.999479577073377978e-01 1.520540000000000020e+02
9.999153526892154975e-01 5.977667521798392565e-03 1.155659757025249632e-02 1.117839999999999945e+00 -5.997606079657221735e-03 9.999805837388685559e-01 1.691409644385093300e-03 -2.678010000000000002e+00 -1.154626249983898428e-02 -1.760578390954759291e-03 9.999317897666891719e-01 1.532870000000000061e+02
9.998816060066733069e-01 6.511117698380631397e-03 1.394199827260759507e-02 1.133510000000000018e+00 -6.545479577831090148e-03 9.999756488362960827e-01 2.420419700113676711e-03 -2.704849999999999977e+00 -1.392589913117838092e-02 -2.511390201927362915e-03 9.998998761139246128e-01 1.545509999999999877e+02
9.999536693366196660e-01 7.855961123095047891e-03 5.562648205916675970e-03 1.145850000000000035e+00 -7.875064833914062132e-03 9.999631402361025545e-01 3.420748896728981366e-03 -2.731959999999999944e+00 -5.535569897672587905e-03 -3.464396626433188103e-03 9.999786774836365577e-01 1.558230000000000075e+02
9.999341644961105002e-01 7.878156879406152807e-03 8.342740416007382587e-03 1.140800000000000036e+00 -7.905162031331774281e-03 9.999636048637614572e-01 3.208950160013004059e-03 -2.756749999999999812e+00 -8.317156168054562482e-03 -3.274689611936142282e-03 9.999600498626041167e-01 1.570610000000000070e+02
