1.000000000000000000e+00 -7.762360000000001658e-33 3.064560000000000536e-22 0.000000000000000000e+00 7.762360000000001658e-33 1.000000000000000000e+00 -7.730960000000001378e-37 0.000000000000000000e+00 -3.064560000000000536e-22 7.730960000000001378e-37 1.000000000000000000e+00 0.000000000000000000e+00
9.999992773014130254e-01 1.038925709615699539e-03 6.050041501144279646e-04 -1.993469999999999964e-02 -1.038497279584550161e-03 9.999992101095219743e-01 -7.080280590792933015e-04 -2.025860000000000161e-02 -6.057392607811172905e-04 7.073992522243843306e-04 9.999995663330288886e-01 1.182500000000000107e+00
9.999975067810217277e-01 1.215292709385751508e-03 1.873364719178843190e-03 -1.970910000000000023e-02 -1.215234690639574759e-03 9.999992610865782172e-01 -3.210832127909151124e-05 -3.337009999999999976e-02 -1.873402355933269326e-03 2.983166343104913743e-05 9.999982447353018555e-01 2.389499999999999957e+00
9.999952765093518270e-01 8.511657144524410832e-04 2.953383807006083883e-03 -1.148880000000000040e-02 -8.526078638596086470e-04 9.999995179066197837e-01 4.870794171214622788e-04 -5.332409999999999928e-02 -2.952967797899231847e-03 -4.895951946652396611e-04 9.999955201288303064e-01 3.587530000000000108e+00
9.999928302203356933e-01 6.454916778234262836e-04 3.731333329622647191e-03 -2.093240000000000118e-03 -6.468702298147092737e-04 9.999997229724822967e-01 3.682578777704635003e-04 -7.524169999999999470e-02 -3.731094588545243260e-03 -3.706689258910685634e-04 9.999929707441541638e-01 4.784360000000000390e+00
9.999898364493772229e-01 6.195684515087180287e-04 4.465773491988560273e-03 1.114720000000000061e-05 -6.198969665128027228e-04 9.999998052589486042e-01 7.217905383570641549e-05 -9.093829999999999969e-02 -4.465727902454518297e-03 -7.494663968105584346e-05 9.999900257789087199e-01 5.975780000000000314e+00
9.999857853873417302e-01 2.860237000173831935e-04 5.324210148393262315e-03 5.236180000000000001e-03 -2.832944935261419526e-04 9.999998281078955609e-01 -5.133501817812370725e-04 -1.157610000000000028e-01 -5.324356063521972979e-03 5.118345652898291260e-04 9.999856945266200059e-01 7.175939999999999763e+00
9.999811799912260435e-01 6.265114392176605656e-04 6.103044057811204785e-03 1.759070000000000078e-02 -6.224389138292514253e-04 9.999995823901218772e-01 -6.691706660114741254e-04 -1.354980000000000073e-01 -6.103460752196765600e-03 6.653593000992724963e-04 9.999811523543071790e-01 8.370660000000000878e+00
9.999789461716166450e-01 4.538423942240603338e-04 6.473116759661075477e-03 3.230969999999999676e-02 -4.570525152780086846e-04 9.999997733134671218e-01 4.944451564096152265e-04 -1.555809999999999971e-01 -6.472890892119082841e-03 -4.973933007428385641e-04 9.999789269196641683e-01 9.579050000000000509e+00
9.999858957703799955e-01 -4.183341627038462420e-04 5.294644165488790466e-03 3.693219999999999836e-02 4.122670295488445606e-04 9.999992572824280002e-01 1.146939618586616857e-03 -1.737279999999999935e-01 -5.295120037088544424e-03 -1.144740634664251702e-03 9.999853255286660358e-01 1.078100000000000058e+01
9.999942425769392518e-01 -1.729262924549986556e-03 2.919668253641543795e-03 3.641760000000000136e-02 1.726597318978605536e-03 9.999980905820808896e-01 9.152561883201413076e-04 -1.921799999999999897e-01 -2.921245397367589619e-03 -9.102098274240118334e-04 9.999953189107428919e-01 1.197139999999999915e+01
9.999986667380048599e-01 -1.382586248898723131e-03 8.688943993526884431e-04 4.008609999999999951e-02 1.382119708965534512e-03 9.999989005228563377e-01 5.373064197874768966e-04 -2.127390000000000114e-01 -8.696363164905992647e-04 -5.361047873428924099e-04 9.999994781620309414e-01 1.316140000000000043e+01
9.999987821378228947e-01 -1.469056586390989853e-03 -5.268734355092864795e-04 2.642509999999999998e-02 1.469413286934736964e-03 9.999986910662636008e-01 6.772668245537470481e-04 -2.356070000000000109e-01 5.258778025775170386e-04 -6.780401945627680029e-04 9.999996318569478460e-01 1.435999999999999943e+01
9.999986904813694677e-01 2.523290489364463421e-04 -1.598551093157676590e-03 1.832150000000000098e-02 -2.516465981185573501e-04 9.999998771275974141e-01 4.271051156534559396e-04 -2.547920000000000185e-01 1.598658667767491673e-03 -4.267022864068379111e-04 9.999986311068744804e-01 1.555139999999999922e+01
9.999987773972057736e-01 -1.583649550742651207e-04 -1.555674977165126321e-03 1.372010000000000070e-02 1.589136411052760459e-04 9.999999252160571839e-01 3.525823799676482129e-04 -2.749489999999999990e-01 1.555619024132854191e-03 -3.528291668744430081e-04 9.999987277797061092e-01 1.674990000000000023e+01
9.999980591506539840e-01 -7.730914532921857440e-04 -1.812187774485572939e-03 1.365160000000000028e-03 7.744963598686951251e-04 9.999994000122722770e-01 7.746808917408047092e-04 -2.936670000000000114e-01 1.811587788018714220e-03 -7.760829210366401720e-04 9.999980579206072528e-01 1.794020000000000081e+01
9.999956506959154501e-01 -1.048850552930413304e-03 -2.756538004493310455e-03 -3.626490000000000009e-03 1.051274574007712067e-03 9.999990619071870146e-01 8.780697671210444064e-04 -3.131769999999999832e-01 2.755614454644063696e-03 -8.809638264450296141e-04 9.999958152371007936e-01 1.914039999999999964e+01
9.999949653270366889e-01 -8.891529949032112891e-04 -3.046100380896457540e-03 -9.096029999999999741e-03 8.893243051352184552e-04 9.999996030448705664e-01 5.488516723317525211e-05 -3.364139999999999908e-01 3.046050370420465368e-03 -5.759386200892055831e-05 9.999953591192750624e-01 2.033449999999999847e+01
9.999925468187368383e-01 -6.243606530112597768e-04 -3.810049967029726509e-03 -1.100429999999999985e-02 6.209009402652255647e-04 9.999993939508152740e-01 -9.091644650330256081e-04 -3.567719999999999780e-01 3.810615304471133037e-03 9.067920252584834705e-04 9.999923284401857071e-01 2.152580000000000027e+01
9.999897376172424135e-01 -7.185164252655279688e-05 -4.529845200474084607e-03 -2.438799999999999996e-02 7.120285186173607199e-05 9.999999871851755762e-01 -1.433868987182604143e-04 -3.770760000000000223e-01 4.529855445009103518e-03 1.430628893302573926e-04 9.999897299185912525e-01 2.273029999999999973e+01
9.999886608903820751e-01 -2.574647241772045313e-04 -4.755186912883045854e-03 -4.254170000000000174e-02 2.552338789284728637e-04 9.999998570998827052e-01 -4.697402274287299949e-04 -3.965730000000000088e-01 4.755307174904368182e-03 4.685212161919941661e-04 9.999885837056052829e-01 2.391969999999999885e+01
9.999834442012371927e-01 -1.270250738920454341e-04 -5.752841737938239886e-03 -6.327560000000000129e-02 1.203537846708512487e-04 9.999993199776218145e-01 -1.159982439692895748e-03 -4.199729999999999852e-01 5.752985172732235156e-03 1.159270858981282376e-03 9.999827794780657975e-01 2.511370000000000147e+01
9.999849665088081929e-01 5.761624439599488451e-04 -5.452961875518858026e-03 -8.149059999999999637e-02 -5.795893773991946151e-04 9.999996355398409476e-01 -6.268942005717586564e-04 -4.488440000000000207e-01 5.452598695236799894e-03 6.300452549417297037e-04 9.999849359917605263e-01 2.632450000000000045e+01
9.999777925938445611e-01 -9.695082592719226179e-04 -6.593509905758744918e-03 -8.622230000000000172e-02 9.788048284974188926e-04 9.999985313182480073e-01 1.406876844169129611e-03 -4.616489999999999760e-01 6.592136243270863699e-03 -1.413299360416142483e-03 9.999772729040735664e-01 2.751409999999999911e+01
9.999724944549804873e-01 -1.719862536717996389e-03 -7.214735361664079659e-03 -9.132819999999999827e-02 1.731975719914181401e-03 9.999971005967510651e-01 1.673038611951395329e-03 -4.860869999999999913e-01 7.211837046805753305e-03 -1.685488340584543384e-03 9.999725738916362960e-01 2.870370000000000132e+01
9.999768085478509816e-01 -1.813749983355564862e-03 -6.564501310262644065e-03 -1.086150000000000032e-01 1.816341561951281911e-03 9.999982748493394524e-01 3.888465960525958813e-04 -5.030790000000000539e-01 6.563784715001753575e-03 -4.007609546986838829e-04 9.999783778266769785e-01 2.991870000000000118e+01
9.999545988290486909e-01 -2.571435431304902337e-03 -9.175401923569231205e-03 -1.233709999999999946e-01 2.568504295900630053e-03 9.999966465321175058e-01 -3.312253028352147915e-04 -5.234100000000000419e-01 9.176222878633025215e-03 3.076432055613148456e-04 9.999578502563694071e-01 3.110069999999999979e+01
9.999542625906048254e-01 -2.005103017844659177e-03 -9.351592846551144006e-03 -1.290419999999999900e-01 1.998608979576972297e-03 9.999977551642166285e-01 -7.037248569081674433e-04 -5.435839999999999561e-01 9.352982894595209679e-03 6.850024929198205055e-04 9.999560252743907585e-01 3.230769999999999698e+01
9.999422502602209883e-01 -2.678698721075051421e-03 -1.040772394365207902e-02 -1.421669999999999878e-01 2.679621561774004138e-03 9.999964070157709717e-01 7.472505780548404611e-05 -5.623080000000000300e-01 1.040748638294731153e-02 -1.026095039412425018e-04 9.999458353823363899e-01 3.350079999999999814e+01
9.999335833303161225e-01 -2.962715557680648069e-03 -1.113782944374717108e-02 -1.536140000000000005e-01 2.965948220490740184e-03 9.999955641002398199e-01 2.737352669532349021e-04 -5.810410000000000297e-01 1.113696903771812553e-02 -3.067513117872400870e-04 9.999379349861098332e-01 3.470490000000000208e+01
9.999272201333500032e-01 -3.991006096834880459e-03 -1.138535492314872617e-02 -1.854030000000000122e-01 3.991487096743408583e-03 9.999920337930452430e-01 1.952448491223735252e-05 -6.049989999999999535e-01 1.138518630271683450e-02 -6.496756119042121716e-05 9.999351845555133345e-01 3.589629999999999654e+01
9.999176819485560141e-01 -3.442165289970599250e-03 -1.236045406702699495e-02 -1.981850000000000001e-01 3.440895930362355103e-03 9.999940724169708028e-01 -1.239601496504986707e-04 -6.241710000000000313e-01 1.236080749073369817e-02 8.141890939585870522e-05 9.999235989860116858e-01 3.709620000000000317e+01
9.999159482342122596e-01 -4.565789638367530497e-03 -1.213466241204413411e-02 -2.072559999999999958e-01 4.573217341613373087e-03 9.999893720068140368e-01 5.844284079197495287e-04 -6.471400000000000485e-01 1.213186506776545680e-02 -6.398737342574716686e-04 9.999262014826802991e-01 3.829959999999999809e+01
9.999130300455282283e-01 -4.174252138477504460e-03 -1.251031431479850305e-02 -2.269909999999999983e-01 4.196681273498272489e-03 9.999896324946333515e-01 1.767135970099148121e-03 -6.659220000000000139e-01 1.250280814294553976e-02 -1.819484084174775342e-03 9.999201814476034178e-01 3.949130000000000251e+01
9.999165099220193031e-01 -3.892329444708154777e-03 -1.232164586660697281e-02 -2.445189999999999864e-01 3.924662733747645744e-03 9.999889158152889257e-01 2.601013069786325699e-03 -6.853289999999999660e-01 1.231138529145064248e-02 -2.649154215353408202e-03 9.999207027430468964e-01 4.069650000000000034e+01
9.999239280997733736e-01 -3.145749519933154891e-03 -1.192653652478528094e-02 -2.763379999999999725e-01 3.172368649265133473e-03 9.999925178576176688e-01 2.213663464791386631e-03 -7.050380000000000535e-01 1.191948365795921470e-02 -2.251330437770702238e-03 9.999264260037272756e-01 4.189540000000000219e+01
9.999259008466119258e-01 -2.116330320492418229e-03 -1.198807582835316639e-02 -2.926119999999999832e-01 2.140028691343248256e-03 9.999957808025951023e-01 1.964345745651318621e-03 -7.245270000000000321e-01 1.198386804383328764e-02 -1.989855015521278282e-03 9.999262109694521117e-01 4.308899999999999864e+01
9.999371725810312084e-01 1.064085198085439315e-03 -1.115879085493603172e-02 -3.012079999999999758e-01 -1.021957302800944028e-03 9.999923323141738374e-01 3.780332806800067690e-03 -7.376059999999999839e-01 1.116272788901710895e-02 -3.768691490442343216e-03 9.999305928265849186e-01 4.428370000000000317e+01
9.999509172909126775e-01 1.066273126299001166e-03 -9.850181251239141858e-03 -3.172670000000000212e-01 -9.998418809585665236e-04 9.999767413849823816e-01 6.746629179448102726e-03 -7.541520000000000445e-01 9.857145899052717139e-03 -6.736449412860745847e-03 9.999287259220192015e-01 4.549389999999999645e+01
9.999672223888498301e-01 1.498842879989061667e-03 -7.956608445161781132e-03 -3.282640000000000002e-01 -1.424328769589435243e-03 9.999551566272767422e-01 9.362479483273114175e-03 -7.626920000000000366e-01 7.970284529716207753e-03 -9.350839777244409137e-03 9.999245153310202250e-01 4.669420000000000215e+01
9.999812943228296724e-01 1.461006766056946763e-03 -5.939399268272975603e-03 -3.483089999999999797e-01 -1.386354824004451059e-03 9.999202383363767765e-01 1.255368414552340307e-02 -7.702860000000000262e-01 5.957266549381967126e-03 -1.254521520553321910e-02 9.999035596249803426e-01 4.789220000000000255e+01
9.999868240840024125e-01 9.251232085649322779e-04 -5.049337128713752426e-03 -3.542660000000000253e-01 -8.535216867371270060e-04 9.998993189498318612e-01 1.416416126682695266e-02 -7.760669999999999513e-01 5.061932350466778752e-03 -1.415966492228491920e-02 9.998869339731207839e-01 4.908550000000000324e+01
9.999939205921755114e-01 -2.447757097887236460e-04 -3.478342067945948499e-03 -3.551599999999999757e-01 2.889808379726461758e-04 9.999191338158496256e-01 1.271386326166975764e-02 -7.794759999999999467e-01 3.474948742791711658e-03 -1.271479114311551556e-02 9.999131256351333485e-01 5.029590000000000316e+01
9.999985968548321669e-01 2.674283842620680759e-04 -1.653714130759869000e-03 -3.582170000000000076e-01 -2.494116955518598162e-04 9.999407221850914462e-01 1.088530705877724727e-02 -7.919040000000000523e-01 1.656527142278639260e-03 -1.088487932946593725e-02 9.999393858228656784e-01 5.150000000000000000e+01
9.999987680694280012e-01 6.701923833905384020e-04 -1.419401914700307073e-03 -3.622699999999999809e-01 -6.554537989007033641e-04 9.999461314499491493e-01 1.035879233301197425e-02 -7.840679999999999872e-01 1.426267837299931805e-03 -1.035784921932185465e-02 9.999453388658832154e-01 5.269720000000000226e+01
9.999998400766308970e-01 2.423300165918776850e-04 -5.110018354363323866e-04 -3.753509999999999902e-01 -2.371438902598852773e-04 9.999487158648533436e-01 1.012469273638436952e-02 -8.018920000000000492e-01 5.134291461079392577e-04 -1.012456993624621070e-02 9.999486134167685503e-01 5.390370000000000061e+01
9.999984923568988604e-01 -1.518900555949144525e-04 -1.729801532066339766e-03 -3.803679999999999839e-01 1.673161442326899279e-04 9.999601914216951215e-01 8.921186983504742277e-03 -8.136970000000000036e-01 1.728377631539701302e-03 -8.921462957261367191e-03 9.999587092522695952e-01 5.511070000000000135e+01
9.999946522106228919e-01 6.776574837817424973e-05 -3.269703038292920156e-03 -3.842119999999999980e-01 -3.840939629142445797e-05 9.999597005117651927e-01 8.977520656572261087e-03 -8.136459999999999804e-01 3.270179639339669975e-03 -8.977347059362907056e-03 9.999543555407427453e-01 5.631340000000000146e+01
9.999912675059767775e-01 -2.134335429906853343e-04 -4.173650430115933424e-03 -3.820629999999999860e-01 2.565153988111273172e-04 9.999466676693257172e-01 1.032453470434748291e-02 -8.260610000000000452e-01 4.171224237589397227e-03 -1.032551515101446521e-02 9.999379903900170730e-01 5.752029999999999887e+01
9.999841138599586676e-01 9.493765025558741522e-05 -5.635868571544455467e-03 -3.897329999999999961e-01 -3.460674184797622418e-05 9.999427105559964835e-01 1.070394358636164549e-02 -8.326569999999999805e-01 5.636561903020072782e-03 -1.070357850296609244e-02 9.999268286115461368e-01 5.872800000000000153e+01
9.999898053535051234e-01 1.327311756424334700e-03 -4.315950945049608703e-03 -4.131589999999999985e-01 -1.281582310023428447e-03 9.999431982788202777e-01 1.058100953153423042e-02 -8.419219999999999482e-01 4.329750089953445999e-03 -1.057537041550039338e-02 9.999347052706658578e-01 5.992770000000000152e+01
9.999755301171401323e-01 1.303428648706794367e-03 -6.873153621335912310e-03 -4.222099999999999742e-01 -1.231858444630258781e-03 9.999450871379564898e-01 1.040698003442894898e-02 -8.530180000000000540e-01 6.886340952722694482e-03 -1.039825862451689703e-02 9.999222242383957182e-01 6.113210000000000122e+01
9.999749181735541059e-01 5.241629730777234335e-04 -7.063163382752614232e-03 -4.282489999999999908e-01 -4.581639789343834091e-04 9.999562529973140546e-01 9.342493100879686874e-03 -8.601039999999999797e-01 7.067751379484852985e-03 -9.339022687049853416e-03 9.999314124207162591e-01 6.234219999999999828e+01
9.999778265880830963e-01 -7.609616175072653676e-04 -6.615683607181661527e-03 -4.294979999999999909e-01 8.196614256652695911e-04 9.999602836099437120e-01 8.874646915137333891e-03 -8.772410000000000485e-01 6.608667590439680148e-03 -8.879872754592881695e-03 9.999387348095588601e-01 6.354639999999999844e+01
9.999722736763800857e-01 -2.264387022435544066e-04 -7.443158200982769555e-03 -4.353670000000000040e-01 2.987396028383768336e-04 9.999527727468634497e-01 9.714063542580642086e-03 -8.884649999999999492e-01 7.440607041124183176e-03 -9.716017773436020494e-03 9.999251153788896174e-01 6.474479999999999791e+01
9.999698735756757939e-01 -1.540648198443619974e-03 -7.607781817039442271e-03 -4.547900000000000276e-01 1.626483910174533580e-03 9.999349504202341699e-01 1.128935242490663321e-02 -8.905619999999999647e-01 7.589894013554266891e-03 -1.130138625180266906e-02 9.999073317951271411e-01 6.593630000000000280e+01
9.999653074816141629e-01 -7.702004463682602439e-04 -8.294011362008074997e-03 -4.718160000000000132e-01 8.544291852255996977e-04 9.999480551824030394e-01 1.015661792612086549e-02 -9.052590000000000359e-01 8.285757899440438293e-03 -1.016335221283701760e-02 9.999140225478536648e-01 6.713379999999999370e+01
9.999636162612209889e-01 1.642674791761472358e-03 -8.370649515423291692e-03 -4.858000000000000096e-01 -1.570368754936282045e-03 9.999614646902537096e-01 8.637307247977331695e-03 -9.189669999999999783e-01 8.384515236736389543e-03 -8.623847983989125013e-03 9.999276619587008641e-01 6.832999999999999829e+01
9.999630962479615359e-01 3.309190507996603164e-03 -7.928139780027992564e-03 -4.917590000000000017e-01 -3.238122038627816619e-03 9.999546135954052728e-01 8.960207303767149870e-03 -9.228060000000000151e-01 7.957430983227561580e-03 -8.934204354351568331e-03 9.999284270810094855e-01 6.953000000000000114e+01
9.999530980379288669e-01 4.668593469858892640e-03 -8.485632525717190164e-03 -5.071980000000000377e-01 -4.588034860114571963e-03 9.999444592018781330e-01 9.488332181469714618e-03 -9.340650000000000341e-01 8.529458392576403855e-03 -9.448954782235509733e-03 9.999189795143668125e-01 7.071829999999999927e+01
9.999490788629703530e-01 6.330289451150421937e-03 -7.859205848035689598e-03 -5.339800000000000102e-01 -6.255408696387044012e-03 9.999351549781149151e-01 9.516075921013973996e-03 -9.404869999999999619e-01 7.918935732679615105e-03 -9.466428806999516513e-03 9.999238356907508285e-01 7.190080000000000382e+01
9.999497820500674594e-01 7.012589176701593957e-03 -7.159397395124041628e-03 -5.466560000000000308e-01 -6.936715574758953520e-03 9.999200948662382293e-01 1.056815308973061904e-02 -9.575029999999999930e-01 7.232935438492301729e-03 -1.051795967533123571e-02 9.999185252655391487e-01 7.308719999999999573e+01
9.999484826604617682e-01 8.508182362619784445e-03 -5.535599147761276727e-03 -5.517300000000000537e-01 -8.445661074336655028e-03 9.999013705173694921e-01 1.122141018337491185e-02 -9.586019999999999541e-01 5.630526978687194935e-03 -1.117408029193101872e-02 9.999217154835531307e-01 7.427450000000000330e+01
9.999737869249553102e-01 6.936558109790953025e-03 -2.075963524176757235e-03 -5.501660000000000439e-01 -6.916475638493525466e-03 9.999306731436199414e-01 9.529494807660514322e-03 -9.685329999999999773e-01 2.141921498641954306e-03 -9.514886659156611415e-03 9.999524384210266570e-01 7.544970000000000709e+01
9.999901237464592363e-01 4.444325557002489109e-03 -1.949062642438273473e-05 -5.468439999999999968e-01 -4.444187016408676118e-03 9.999793291205245627e-01 4.646561462919905107e-03 -9.961950000000000527e-01 4.014105539783082750e-05 -4.646428952311908341e-03 9.999892044850717809e-01 7.662350000000000705e+01
9.999807915380481971e-01 5.505202343386339167e-03 2.847683637073293150e-03 -5.648800000000000487e-01 -5.514806395008996567e-03 9.999790952295269930e-01 3.375798329593462498e-03 -1.002850000000000019e+00 -2.829039654025602545e-03 -3.391437909632386092e-03 9.999902472942128195e-01 7.779720000000000368e+01
9.999743539221223054e-01 4.801336524884574838e-03 5.314006549567026894e-03 -5.587649999999999562e-01 -4.838506516958357428e-03 9.999637650011498069e-01 7.004108752054327008e-03 -1.014210000000000056e+00 -5.280184913370311942e-03 -7.029640979457046912e-03 9.999613511506235675e-01 7.897910000000000252e+01
9.999552608765593931e-01 3.862925622279576518e-03 8.634468769346433092e-03 -5.482970000000000343e-01 -3.935517571027421883e-03 9.999569235960223956e-01 8.406108126043622397e-03 -1.028729999999999922e+00 -8.601624657017845066e-03 -8.439713147692765732e-03 9.999273890114444008e-01 8.015300000000000580e+01
9.998969834905069298e-01 5.505763798868204550e-03 1.325552607692634388e-02 -5.311820000000000430e-01 -5.594802966014942799e-03 9.999619739996097323e-01 6.689449497186914124e-03 -1.037940000000000085e+00 -1.321819149341060123e-02 -6.762922430060558550e-03 9.998897650710545371e-01 8.132800000000000296e+01
9.998543458425411812e-01 4.140750113538466289e-03 1.655721257582650624e-02 -5.108909999999999840e-01 -4.205727013303866939e-03 9.999835839327243514e-01 3.891493974492025044e-03 -1.056170000000000053e+00 -1.654082706739425090e-02 -3.960562278411082320e-03 9.998553470309419211e-01 8.248779999999999291e+01
9.997766307138058473e-01 3.460800047949964299e-03 2.084973720645973486e-02 -5.169190000000000174e-01 -3.469213731440633393e-03 9.999939147745970924e-01 3.673824455598062003e-04 -1.079099999999999948e+00 -2.084833889392403647e-02 -4.396325782187600578e-04 9.997825531027035861e-01 8.364329999999999643e+01
9.997118245016656246e-01 2.484927231701246353e-03 2.387662221094391524e-02 -4.896220000000000017e-01 -2.472315014565229334e-03 9.999967882929717833e-01 -5.577295134745095199e-04 -1.097490000000000077e+00 -2.387793144348450414e-02 4.985382579048098974e-04 9.997147572430776785e-01 8.479919999999999902e+01
9.996166484268882435e-01 1.888117162350282444e-03 2.762229536762242366e-02 -4.508360000000000145e-01 -1.915577906376425207e-03 9.999976970333190884e-01 9.677237947633517872e-04 -1.116400000000000059e+00 -2.762040457849123526e-02 -1.020265475053912891e-03 9.996179631785739872e-01 8.595090000000000430e+01
9.994923756933012937e-01 3.100913014639081894e-03 3.170765316822406893e-02 -4.146079999999999766e-01 -3.155608725290272136e-03 9.999936180586518342e-01 1.675104635558938553e-03 -1.136560000000000015e+00 -3.170225645807597109e-02 -1.774311258725790562e-03 9.994957822597470010e-01 8.712539999999999907e+01
9.993799085120731451e-01 2.652201246036978415e-03 3.511074324121846169e-02 -3.714149999999999952e-01 -2.636018302848239497e-03 9.999963970743614983e-01 -5.071940486745612174e-04 -1.157070000000000043e+00 -3.511196192050933251e-02 4.143269801517939464e-04 9.993832990716056131e-01 8.826970000000000027e+01
9.991366401908378103e-01 2.091756511338915391e-03 4.149215326855865138e-02 -3.595149999999999735e-01 -1.975321984236627897e-03 9.999939963823728517e-01 -2.846981255534920211e-03 -1.172009999999999996e+00 -4.149785935711482188e-02 2.762562923816754088e-03 9.991347736491154041e-01 8.940089999999999293e+01
9.990892969305731341e-01 2.876575279082352853e-03 4.257114132175514321e-02 -3.024760000000000226e-01 -2.745818242913017522e-03 9.999913328521191636e-01 -3.129648992986330813e-03 -1.199689999999999923e+00 -4.257977502230327060e-02 3.009906195579285966e-03 9.990885362287688087e-01 9.055480000000000018e+01
9.989644604558788332e-01 1.244149190509936118e-03 4.548031265159296205e-02 -2.506120000000000014e-01 -1.162845705866166106e-03 9.999976784553592513e-01 -1.814076557477904521e-03 -1.221319999999999961e+00 -4.548246404889737943e-02 1.759311423198217303e-03 9.989635880688328973e-01 9.170199999999999818e+01
9.988288040557699032e-01 5.369619931803635508e-04 4.838111057363495698e-02 -1.916329999999999978e-01 -5.144581262781344061e-04 9.999997536209621618e-01 -4.775885795729289105e-04 -1.241069999999999895e+00 -4.838135510045909332e-02 4.521391742725550480e-04 9.988288342097509931e-01 9.286669999999999447e+01
9.987212551237824032e-01 -1.856623816484207780e-04 5.055511935953339170e-02 -1.303789999999999949e-01 1.179372587066666368e-04 9.999990917453203121e-01 1.342609152904983413e-03 -1.260299999999999976e+00 -5.055532271462260391e-02 -1.334929966139091579e-03 9.987203699270411628e-01 9.402169999999999561e+01
9.985633921570556959e-01 -1.711132033741065038e-03 5.355580146872383068e-02 -9.020649999999999502e-02 1.586261165331620841e-03 9.999959238857665245e-01 2.374023455612545800e-03 -1.279619999999999980e+00 -5.355964543674292949e-02 -2.285659426848832537e-03 9.985620362008936768e-01 9.517010000000000502e+01
9.984650698454262674e-01 -2.574497079235879386e-03 5.532518651895284439e-02 -2.461160000000000084e-02 2.549496277447742786e-03 9.999966135446574089e-01 5.224633463110621044e-04 -1.304219999999999935e+00 -5.532634424303847082e-02 -3.806100444869774460e-04 9.984682522587760012e-01 9.632959999999999923e+01
9.983412721530117162e-01 -4.247048235687410356e-03 5.741660819997862486e-02 4.710729999999999779e-02 4.429780113746249748e-03 9.999855198932440237e-01 -3.055659009478886926e-03 -1.324440000000000062e+00 -5.740279927015726202e-02 3.304933451991988458e-03 9.983456295546286885e-01 9.749139999999999873e+01
9.981929216298123242e-01 -3.216489595409611699e-03 6.000454485138567023e-02 1.129310000000000036e-01 3.575327280667355348e-03 9.999763576569417056e-01 -5.873768976764885685e-03 -1.341790000000000038e+00 -5.998423328655163450e-02 6.077690502066681807e-03 9.981808220133192577e-01 9.864830000000000609e+01
9.981209613029229377e-01 -3.026915868334192558e-03 6.119954565235850852e-02 1.888440000000000119e-01 3.468985517017084477e-03 9.999686463793211466e-01 -7.118454733364349904e-03 -1.365259999999999918e+00 -6.117607986142796495e-02 7.317379218973024332e-03 9.981001669242191010e-01 9.981570000000000675e+01
9.980612492523716073e-01 -2.904883889546600474e-03 6.217157220453548711e-02 2.352920000000000011e-01 3.307190224398627500e-03 9.999742489800573786e-01 -6.368977122730847679e-03 -1.392390000000000017e+00 -6.215147008410306512e-02 6.562242479402857070e-03 9.980451551608405802e-01 1.009819999999999993e+02
9.981294832228284619e-01 -2.665954572912909281e-03 6.107722494960271531e-02 3.067730000000000179e-01 2.943843926669775009e-03 9.999857197852265456e-01 -4.460270009505482025e-03 -1.415569999999999995e+00 -6.106446187648439938e-02 4.631728817347718907e-03 9.981230778736146503e-01 1.021659999999999968e+02
9.982138780273466239e-01 -3.378456448513775766e-03 5.964595330473841661e-02 3.840740000000000265e-01 3.566312709918425562e-03 9.999890096562958908e-01 -3.043350173015829749e-03 -1.443330000000000002e+00 -5.963501594919393134e-02 3.250630499767217640e-03 9.982149559459091437e-01 1.033479999999999990e+02
9.982967026556737178e-01 -3.028807449654038943e-03 5.826250760345107887e-02 4.543460000000000276e-01 3.162233170655579916e-03 9.999925844747441506e-01 -2.198016582286190304e-03 -1.458609999999999962e+00 -5.825541818735558569e-02 2.378512340628003395e-03 9.982988775566472572e-01 1.045270000000000010e+02
9.984693665832201637e-01 -3.137029213878483446e-03 5.521850271977985641e-02 5.255999999999999561e-01 3.222533742750213846e-03 9.999937425421937531e-01 -1.459504276588249622e-03 -1.481980000000000075e+00 -5.521357868477553416e-02 1.635213798809205792e-03 9.984732278857817445e-01 1.057369999999999948e+02
9.985983375646870774e-01 -2.213295402333542456e-03 5.288158031399254472e-02 5.652979999999999672e-01 2.284607941388687186e-03 9.999965606488224745e-01 -1.288121531542178039e-03 -1.503339999999999899e+00 -5.287854744220361197e-02 1.407129698317828494e-03 9.985999595465717693e-01 1.069279999999999973e+02
9.988176681241268673e-01 -6.796544599437128039e-04 4.860868145605782426e-02 6.248629999999999463e-01 7.708238789759751372e-04 9.999979789522636109e-01 -1.856858081722849918e-03 -1.523910000000000098e+00 -4.860732119371547616e-02 1.892131391615722727e-03 9.988161733598268643e-01 1.081410000000000053e+02
9.989980884613411938e-01 -6.519278939564497263e-04 4.474811996729458757e-02 6.800260000000000193e-01 7.220076681199662401e-04 9.999985381792122485e-01 -1.549949794589495881e-03 -1.544119999999999937e+00 -4.474704409805727728e-02 1.580705367756293691e-03 9.989970988021070752e-01 1.093520000000000039e+02
9.991446657518945340e-01 -3.488011257584535199e-05 4.135136857363464619e-02 7.303300000000000347e-01 5.332742791934060012e-05 9.999998995618527564e-01 -4.450083928554458119e-04 -1.561620000000000008e+00 -4.135134889843696676e-02 4.468329240633188448e-04 9.991445672597222272e-01 1.105460000000000065e+02
9.993358227876355526e-01 -3.218394587286822639e-06 3.644054449375652011e-02 7.765929999999999778e-01 -2.251158673834424576e-05 9.999997507609315051e-01 7.056708179802709041e-04 -1.581650000000000000e+00 -3.644053768247629971e-02 -7.060224619817014264e-04 9.993355736416548174e-01 1.117740000000000009e+02
9.994493230645070669e-01 2.135285607164677697e-04 3.318139586353181097e-02 7.993460000000000010e-01 -2.614459413785028886e-04 9.999989293510630484e-01 1.439771769182023910e-03 -1.603620000000000045e+00 -3.318105290551196657e-02 -1.447654061354155305e-03 9.994483088313272923e-01 1.129770000000000039e+02
9.996158596041743172e-01 6.622251156328100860e-04 2.770730383317483725e-02 8.342070000000000318e-01 -7.095980650256976949e-04 9.999983032908402736e-01 1.699966478092855256e-03 -1.623850000000000016e+00 -2.770613106144110410e-02 -1.718974501484170228e-03 9.996146334604498751e-01 1.142199999999999989e+02
9.997387397890704630e-01 1.358477467301240750e-03 2.281680748773025694e-02 8.616949999999999887e-01 -1.394830815238992964e-03 9.999977830763233655e-01 1.577431277577628433e-03 -1.640320000000000000e+00 -2.281461399976270413e-02 -1.608844743738583423e-03 9.997384182908208849e-01 1.154380000000000024e+02
9.998240352013781918e-01 1.964361975283666299e-03 1.865582792757791708e-02 8.845410000000000217e-01 -1.986934775487215771e-03 9.999973162039293983e-01 1.191501211264787974e-03 -1.658930000000000016e+00 -1.865343731946731559e-02 -1.228359462268900290e-03 9.998252549366815067e-01 1.166430000000000007e+02
9.999067704434477788e-01 2.929969275757420520e-03 1.333663006149913947e-02 8.998599999999999932e-01 -2.938571523009308670e-03 9.999954867893280364e-01 6.254585350301737710e-04 -1.678339999999999943e+00 -1.333473729618711752e-02 -6.645908651199423228e-04 9.999108675778174415e-01 1.178940000000000055e+02
9.999102796939494109e-01 4.740535550816394814e-03 1.252836322347121445e-02 8.741259999999999586e-01 -4.754893748984729759e-03 9.999880721163252328e-01 1.116517134204623573e-03 -1.701200000000000045e+00 -1.252292089744425768e-02 -1.175987995921925523e-03 9.999208936233054956e-01 1.191020000000000039e+02
9.999444921096443117e-01 6.971085916140652185e-03 7.900421554269711211e-03 8.921390000000000153e-01 -6.976320714900847118e-03 9.999754634134522258e-01 6.352325041526832566e-04 -1.714669999999999916e+00 -7.895799444529307681e-03 -6.903131182819932654e-04 9.999685894161528532e-01 1.203550000000000040e+02
9.999443843310190649e-01 8.055697073550279266e-03 6.806907485666034360e-03 9.059430000000000538e-01 -8.060598298424785299e-03 9.999672727803131655e-01 6.929093550252815419e-04 -1.736869999999999914e+00 -6.801102846645850492e-03 -7.477385653044531667e-04 9.999765926696020379e-01 1.215960000000000036e+02
9.999273685370777542e-01 1.001067776103782558e-02 6.711481302929540871e-03 9.149190000000000378e-01 -1.001639178138508460e-02 9.999494998590886530e-01 8.183075462238327633e-04 -1.757060000000000066e+00 -6.702950559023347632e-03 -8.854729375132133241e-04 9.999771429345173379e-01 1.228100000000000023e+02
9.999224649656500707e-01 1.152442053169035543e-02 4.717180135117516639e-03 9.143959999999999866e-01 -1.153280841878007168e-02 9.999319551287447760e-01 1.754834004018147832e-03 -1.768939999999999957e+00 -4.696635710176919228e-03 -1.809100277678553229e-03 9.999873343043856888e-01 1.240750000000000028e+02
9.999211067895333871e-01 1.187552186066647385e-02 4.092942380644482535e-03 8.981789999999999496e-01 -1.188522245544981933e-02 9.999265974846619498e-01 2.353960477873752281e-03 -1.799569999999999892e+00 -4.064687439264475476e-03 -2.402420297065639178e-03 9.999888532842440281e-01 1.252990000000000066e+02
9.998860645936554770e-01 1.487051554279751261e-02 2.593375966514057350e-03 8.866960000000000397e-01 -1.488126100186799514e-02 9.998805534507185788e-01 4.174554117384523567e-03 -1.811760000000000037e+00 -2.530988424817051836e-03 -4.212671192498519158e-03 9.999879236765898405e-01 1.265720000000000027e+02
9.998665053119912827e-01 1.624980623648072595e-02 1.707440324794929406e-03 8.900909999999999656e-01 -1.626122305557757899e-02 9.998439684248840997e-01 6.900103558364805226e-03 -1.814049999999999940e+00 -1.595048564356555797e-03 -6.926947499168631048e-03 9.999747362900830439e-01 1.278250000000000028e+02
9.998908564497288598e-01 1.460761981350403721e-02 2.211929386763309378e-03 9.025320000000000009e-01 -1.462369319679380358e-02 9.998654342336705803e-01 7.433775756605886555e-03 -1.831090000000000106e+00 -2.103041966758970559e-03 -7.465310984652888913e-03 9.999699227208729280e-01 1.290519999999999925e+02
9.998849887132494896e-01 1.514847290941807173e-02 7.301468466538418552e-04 9.005699999999999816e-01 -1.515248522566869233e-02 9.998681119587835564e-01 5.844730914537842395e-03 -1.845809999999999951e+00 -6.415118010947214741e-04 -5.855122243821141159e-03 9.999826528525976865e-01 1.303329999999999984e+02
9.999211278729190910e-01 1.255025769004004636e-02 4.786076293957666045e-04 8.842370000000000507e-01 -1.255311282098328478e-02 9.998999465426839928e-01 6.520449558221667018e-03 -1.856239999999999890e+00 -3.967264208371580592e-04 -6.525943292064275737e-03 9.999786271077475419e-01 1.315680000000000121e+02
9.999547880981890513e-01 9.385351477564462044e-03 -1.528704401903040883e-03 8.894779999999999909e-01 -9.371894663735081191e-03 9.999192371699023862e-01 8.584097388335315895e-03 -1.871450000000000058e+00 1.609145710516330426e-03 -8.569382428340434690e-03 9.999619874449624524e-01 1.328449999999999989e+02
9.999762475492625091e-01 6.676720558991991288e-03 -1.710479427884314127e-03 8.888819999999999499e-01 -6.658782029467854614e-03 9.999249181741344250e-01 1.028681857206742260e-02 -1.876710000000000100e+00 1.779033215012506457e-03 -1.027518452523987387e-02 9.999456263336483630e-01 1.341030000000000086e+02
9.999907853691915038e-01 4.188136969228125131e-03 -9.427011375070363554e-04 8.956020000000000092e-01 -4.176943150632970309e-03 9.999242433251082085e-01 1.157846089194329228e-02 -1.882449999999999957e+00 9.911219017117518966e-04 -1.157441659164143780e-02 9.999325230023969890e-01 1.353540000000000134e+02
9.999980484228139233e-01 3.679257041430310585e-04 -1.941077340004516332e-03 9.028509999999999591e-01 -3.487254153496699470e-04 9.999511046575252360e-01 9.882645636660672764e-03 -1.895389999999999908e+00 1.944618509717870947e-03 -9.881949446913290344e-03 9.999492814808060848e-01 1.366409999999999911e+02
9.999973678911214803e-01 -1.753541225116288411e-03 -1.479629683681897004e-03 8.731989999999999474e-01 1.767011126335507783e-03 9.999565592399283220e-01 9.151901699812415095e-03 -1.905550000000000077e+00 1.463517170524980321e-03 -9.154492133124617417e-03 9.999570257722458777e-01 1.378940000000000055e+02
9.999910802212960137e-01 -3.799158522704209305e-03 -1.845500573012990057e-03 8.745690000000000408e-01 3.816024437443603368e-03 9.999501854831570613e-01 9.223042323044041910e-03 -1.916609999999999925e+00 1.810368840446757678e-03 -9.230002530833477173e-03 9.999557638305518470e-01 1.391810000000000116e+02
9.999925287999507084e-01 -3.559926277842152213e-03 -1.506409365383709620e-03 8.775929999999999565e-01 3.573824595383056409e-03 9.999501230219339787e-01 9.326266465230343555e-03 -1.920369999999999910e+00 1.473133409173102253e-03 -9.331580429668591414e-03 9.999553747466151110e-01 1.404550000000000125e+02
9.999943398308601683e-01 -3.348260771390489283e-03 -3.308414255591819817e-04 8.810839999999999783e-01 3.351709917369483788e-03 9.999334195047083762e-01 1.104185664870963902e-02 -1.931119999999999948e+00 2.938483825130135422e-04 -1.104290303442051306e-02 9.999389821112588672e-01 1.417379999999999995e+02
9.999994328749457484e-01 -1.058694916434214321e-03 -1.158225399556535567e-04 8.735020000000000007e-01 1.060097309152282195e-03 9.999166875061705761e-01 1.286445647442393397e-02 -1.933959999999999901e+00 1.021933558188463538e-04 -1.286457196183130383e-02 9.999172427479970926e-01 1.430080000000000098e+02
9.999989324489911846e-01 -1.422895156505200268e-03 3.323706541058804261e-04 8.612260000000000471e-01 1.418808371139268325e-03 9.999271292399061206e-01 1.198846082055763165e-02 -1.955880000000000063e+00 -3.494047568392066937e-04 -1.198797645199782200e-02 9.999280805822498008e-01 1.442969999999999970e+02
9.999983641232843556e-01 -2.556189521466003243e-04 1.790645053171890499e-03 8.650210000000000399e-01 2.378309022302852924e-04 9.999506972683187556e-01 9.927057422269371795e-03 -1.955889999999999906e+00 -1.793094313495477259e-03 -9.926615312098711202e-03 9.999491222663423606e-01 1.455639999999999930e+02
9.999989692598983959e-01 -3.985180359876167987e-04 1.379370333012092933e-03 8.664950000000000152e-01 3.876236156913825601e-04 9.999688031682257838e-01 7.889387697318363951e-03 -1.969009999999999927e+00 -1.382471364318139809e-03 -7.888844888894228080e-03 9.999679269352821365e-01 1.468340000000000032e+02
9.999954129709227590e-01 -1.552386385644904249e-03 2.600794806056025334e-03 8.689299999999999802e-01 1.542769243859863550e-03 9.999919807827609697e-01 3.695704700107475642e-03 -1.986779999999999990e+00 -2.606511111379292232e-03 -3.691675321566181833e-03 9.999897887644385586e-01 1.481069999999999993e+02
9.999964192104496830e-01 -9.823621150932006739e-04 2.489283220800026820e-03 8.772499999999999742e-01 9.820843261001636210e-04 9.999995113915857159e-01 1.128138564497750646e-04 -2.005360000000000031e+00 -2.489392828573933417e-03 -1.103687664527249341e-04 9.999968953662208282e-01 1.493770000000000095e+02
9.999867569859314242e-01 -1.510606745106947554e-03 4.919747963177460888e-03 8.711839999999999584e-01 1.508690205878658987e-03 9.999987846040538919e-01 3.932483661920287534e-04 -2.031419999999999781e+00 -4.920336027370203306e-03 -3.858207828309455096e-04 9.999878206436821904e-01 1.506450000000000102e+02
9.999921209128158628e-01 -1.883378038854529842e-03 3.494424051380614921e-03 8.752569999999999517e-01 1.883566652219550433e-03 9.999982248022575293e-01 -5.068530464230360498e-05 -2.057879999999999932e+00 -3.494322388497272339e-03 5.726688590026383615e-05 9.999938931971279477e-01 1.519250000000000114e+02
9.999959862510595654e-01 -1.100459068285806509e-03 2.610837338795646452e-03 8.824779999999999847e-01 1.098750481984436204e-03 9.999991813595411339e-01 6.557649165636896156e-04 -2.076999999999999957e+00 -2.611556843907666091e-03 -6.528936257035658757e-04 9.999963767438182494e-01 1.531800000000000068e+02
9.999960501384436151e-01 -6.639424755757466915e-04 2.731096464875330202e-03 8.877819999999999601e-01 6.593272900136569947e-04 9.999983538844989805e-01 1.690418828840463666e-03 -2.101059999999999928e+00 -2.732214310037085151e-03 -1.688611465489165461e-03 9.999948417848377735e-01 1.544569999999999936e+02
9.999976577938877176e-01 -2.706430509112213011e-04 2.147360956516527076e-03 8.954680000000000417e-01 2.662202880240064013e-04 9.999978434908247671e-01 2.059645711801031016e-03 -2.117300000000000182e+00 -2.147913754512160208e-03 -2.059069216633920181e-03 9.999955733404345404e-01 1.557150000000000034e+02
9.999995120444232777e-01 2.118199159064037250e-04 9.649058184548847629e-04 8.714070000000000427e-01 -2.136880068917588018e-04 9.999981024547589525e-01 1.936343026685956922e-03 -2.145300000000000207e+00 -9.644938314853623027e-04 -1.936548270637762376e-03 9.999976597634838704e-01 1.569770000000000039e+02
