1.000000000000000000e+00 6.096846912000000331e-38 2.811680000000000646e-19 -8.673619999999999689e-19 6.096846912000000331e-38 1.000000000000000000e+00 -4.336800000000000393e-19 0.000000000000000000e+00 -2.811680000000000646e-19 4.336800000000000393e-19 1.000000000000000000e+00 0.000000000000000000e+00
9.999977790891666496e-01 8.931906052421314558e-04 1.908933544376508742e-03 6.863509999999999750e-03 -8.918129652551272032e-04 9.999993413966161704e-01 -7.224098344269597400e-04 -2.215320000000000136e-02 -1.909577536823661671e-03 7.207058183344470592e-04 9.999979170462077738e-01 1.194730000000000070e+00
9.999939875517613874e-01 1.058789521382361414e-03 3.302094044272853388e-03 1.033869999999999928e-02 -1.058648347026618520e-03 9.999994386415308467e-01 -4.450056894121259376e-05 -3.539699999999999791e-02 -3.302139307350485716e-03 4.100454498214934978e-05 9.999945470824439520e-01 2.401899999999999924e+00
9.999898246509606459e-01 6.928736232443294006e-04 4.457636221516965425e-03 2.161750000000000130e-02 -6.950034000948569031e-04 9.999996450778703139e-01 4.762503620826169298e-04 -5.542199999999999904e-02 -4.457304658089276256e-03 -4.793435883992928524e-04 9.999899512819663272e-01 3.600340000000000096e+00
9.999860248491675430e-01 4.826202032750103333e-04 5.264711207600867963e-03 3.360169999999999824e-02 -4.845168759279280032e-04 9.999998181840539235e-01 3.589919997541046086e-04 -7.742930000000000645e-02 -5.264536993600524122e-03 -3.615378242137299181e-04 9.999860768733955796e-01 4.797299999999999898e+00
9.999804129094417293e-01 4.218561646314325855e-04 6.244664509699435900e-03 4.374870000000000148e-02 -4.222837879162463217e-04 9.999999085829763823e-01 6.715981910670566562e-05 -9.361419999999999464e-02 -6.244635607047088061e-03 -6.979552422466896893e-05 9.999804996372279042e-01 5.991019999999999790e+00
9.999747286648763556e-01 8.776757167078341282e-05 7.108750133490216762e-03 5.112719999999999765e-02 -8.409127642592711591e-05 9.999998625881214576e-01 -5.174479640306237560e-04 -1.184719999999999940e-01 -7.108794571814775094e-03 5.168371035571974565e-04 9.999745986369574791e-01 7.191349999999999909e+00
9.999686859170328068e-01 4.271727419590553069e-04 7.902196454846101975e-03 6.577099999999999613e-02 -4.218806615057473885e-04 9.999996856514158372e-01 -6.713522004308649987e-04 -1.382490000000000108e-01 -7.902480754162111154e-03 6.679973937846417570e-04 9.999685517942111801e-01 8.386169999999999902e+00
9.999656307905663288e-01 2.482881802027408504e-04 8.287073705735840262e-03 8.295810000000000684e-02 -2.523956910755924070e-04 9.999998458283719804e-01 4.946106016458774691e-04 -1.583819999999999950e-01 -8.286949622138006094e-03 -4.966852239654749286e-04 9.999655392911039886e-01 9.594839999999999591e+00
9.999745056586689662e-01 -6.273389448844437621e-04 7.112979583047526234e-03 9.012309999999999766e-02 6.191854816045476526e-04 9.999991488656929661e-01 1.148423801986152596e-03 -1.765690000000000037e-01 -7.113693979922795611e-03 -1.143990269988979418e-03 9.999740429852278512e-01 1.079700000000000060e+01
9.999854190842175639e-01 -2.013170600247793200e-03 5.010864505858621774e-03 1.034569999999999934e-01 2.008495291589740099e-03 9.999975431498802081e-01 9.378917140593161748e-04 -1.959950000000000025e-01 -5.012740330940520551e-03 -9.278137409724092864e-04 9.999870057135925583e-01 1.199039999999999928e+01
9.999942029878944316e-01 -1.666670969494764721e-03 2.969208393703288811e-03 1.100069999999999937e-01 1.665010444847757343e-03 9.999984561534388527e-01 5.616324041127104772e-04 -2.165479999999999905e-01 -2.970139866124582757e-03 -5.566853853344193347e-04 9.999954341748553688e-01 1.318050000000000033e+01
9.999972253822816404e-01 -1.753674699363089130e-03 1.572848621765466325e-03 9.930269999999999375e-02 1.752571511743069655e-03 9.999982174926200784e-01 7.024988817136714435e-04 -2.394060000000000077e-01 -1.574077772666382814e-03 -6.997404028610365416e-04 9.999985163201664529e-01 1.437940000000000040e+01
9.999998732855543970e-01 -3.127367910808935363e-05 5.024448549677234654e-04 9.378830000000000500e-02 3.104511371959511325e-05 9.999998960475529053e-01 4.549077756957551331e-04 -2.586089999999999778e-01 -5.024590293771522085e-04 -4.548921195947082494e-04 9.999997703040153230e-01 1.557089999999999996e+01
9.999997510990488170e-01 -4.457544356164339040e-04 5.469047665301198348e-04 9.205059999999999631e-02 4.455454209252556873e-04 9.999998276909836115e-01 3.822398215237074437e-04 -2.787680000000000158e-01 -5.470750573894107719e-04 -3.819960554694425765e-04 9.999997773939228729e-01 1.676960000000000051e+01
9.999992491033025122e-01 -1.137210210333476157e-03 4.566681167070928550e-04 9.501329999999999498e-02 1.136824531236635448e-03 9.999989977111161110e-01 8.439234257328785335e-04 -2.984890000000000043e-01 -4.576273773301988801e-04 -8.434036405158588327e-04 9.999995396236354139e-01 1.796330000000000027e+01
9.999988740115254293e-01 -1.418762895919860930e-03 -4.889657722524548599e-04 9.348259999999999903e-02 1.419226865729403524e-03 9.999985417958080491e-01 9.498428086521191202e-04 -3.179719999999999769e-01 4.876174575066440911e-04 -9.505356925004667659e-04 9.999994293553933211e-01 1.916359999999999886e+01
9.999989075262523119e-01 -1.257009123432069808e-03 -7.777366941624829291e-04 9.126370000000000315e-02 1.257109492792715883e-03 9.999992015714239679e-01 1.285777491049055468e-04 -3.411569999999999880e-01 7.775744497915864153e-04 -1.295553088182149802e-04 9.999996892966501738e-01 2.035790000000000077e+01
9.999983074502313274e-01 -9.936771199650917819e-04 -1.548451631149051809e-03 9.258420000000000538e-02 9.923908429099628607e-04 9.999991621056876223e-01 -8.312330225377480503e-04 -3.614800000000000235e-01 1.549276310946092047e-03 8.296949464150466620e-04 9.999984556734117236e-01 2.154909999999999926e+01
9.999973265872126316e-01 -4.451495909004020033e-04 -2.269065946476316389e-03 8.214950000000000030e-02 4.450141085820182463e-04 9.999998991684172500e-01 -6.021294350946809000e-05 -3.817459999999999742e-01 2.269092521449975544e-03 5.920301617592997568e-05 9.999974238537477911e-01 2.275379999999999825e+01
9.999967423853055593e-01 -7.116397665141341962e-04 -2.451282851832810392e-03 7.915869999999999851e-02 7.108433014767116071e-04 9.999996942866484773e-01 -3.257735567447370769e-04 -4.022979999999999889e-01 2.451513935860772774e-03 3.240300175047614744e-04 9.999969425373109733e-01 2.394669999999999987e+01
9.999938696110167724e-01 -5.802413975398781898e-04 -3.453123268184023383e-03 6.163980000000000153e-02 5.767530749062577903e-04 9.999993225125057839e-01 -1.011103565342010577e-03 -4.255720000000000058e-01 3.453707612882005000e-03 1.009105767420897170e-03 9.999935267836861374e-01 2.514110000000000156e+01
9.999949832257335469e-01 1.214608258397834999e-04 -3.165244166360938697e-03 4.670429999999999721e-02 -1.229691915869908546e-04 9.999998789846988867e-01 -4.763498352429799119e-04 -4.543099999999999916e-01 3.165185925473585401e-03 4.767366730196974920e-04 9.999948771469790998e-01 2.635200000000000031e+01
9.999896500585887527e-01 -1.429281197759224055e-03 -4.319366962745648658e-03 4.527869999999999812e-02 1.436026822247489683e-03 9.999977536418458435e-01 1.559018353926335627e-03 -4.669789999999999774e-01 4.317128984280223236e-03 -1.565204944991345970e-03 9.999894562098208262e-01 2.754169999999999874e+01
9.999853598627721496e-01 -2.184251725364282429e-03 -4.950667078517751937e-03 4.387989999999999946e-02 2.193330057564050160e-03 9.999959218901514069e-01 1.829072531357389675e-03 -4.912980000000000125e-01 4.946651734321147117e-03 -1.839904200392836718e-03 9.999860725975900921e-01 2.873160000000000025e+01
9.999835067253092236e-01 -2.382904644265008889e-03 -5.225709790041846436e-03 3.454480000000000051e-02 2.386114653270349651e-03 9.999969683165712553e-01 6.081237766969857170e-04 -5.109829999999999650e-01 5.224244846372292847e-03 -6.205828894482478576e-04 9.999861609755719138e-01 2.994760000000000133e+01
9.999719348127580343e-01 -3.109046160717095306e-03 -6.816408057027857625e-03 3.137009999999999799e-02 3.108590105602252688e-03 9.999951653190178869e-01 -7.749932625065756382e-05 -5.289880000000000138e-01 6.816616050852195019e-03 5.630773257573093411e-05 9.999767650175951372e-01 3.113329999999999842e+01
9.999726710656786643e-01 -2.544319421070105180e-03 -6.941437924210328014e-03 2.904570000000000068e-02 2.541286442921313147e-03 9.999966715914609949e-01 -4.457232490410066496e-04 -5.488380000000000480e-01 6.942548882588025008e-03 4.280708858084324771e-04 9.999758085925527507e-01 3.234049999999999869e+01
9.999633006519882406e-01 -3.220658934656984995e-03 -7.938810062475714843e-03 1.956089999999999912e-02 3.223440616186509095e-03 9.999947477079501601e-01 3.376197667886773608e-04 -5.672279999999999545e-01 7.937681007408313796e-03 -3.631976591629346835e-04 9.999684301555149535e-01 3.353410000000000224e+01
9.999566663462455818e-01 -3.504871266173411985e-03 -8.624459815594150494e-03 1.210789999999999957e-02 3.509653370204529090e-03 9.999936956655433029e-01 5.394092972006445455e-04 -5.856310000000000127e-01 8.622514883968498620e-03 -5.696547870829213583e-04 9.999626631682301259e-01 3.473830000000000240e+01
9.999539305661189204e-01 -4.591709261474779570e-03 -8.429291276699397983e-03 3.623149999999999895e-03 4.595029006824674113e-03 9.999893726689306206e-01 3.745098461723618088e-04 -6.088850000000000096e-01 8.427482055501138436e-03 -4.132254306391737095e-04 9.999644027618921349e-01 3.593529999999999802e+01
9.999474293069700037e-01 -4.041900194550887733e-03 -9.423463545829144014e-03 -6.203349999999999836e-03 4.044272246918272952e-03 9.999917948284500202e-01 2.326752415801832438e-04 -6.276650000000000285e-01 9.422445774589944048e-03 -2.707740617697253411e-04 9.999555711115531986e-01 3.713530000000000086e+01
9.999445017465703467e-01 -5.170347410440766928e-03 -9.179375493923161086e-03 -1.109240000000000052e-02 5.179227865009948875e-03 9.999861422036632197e-01 9.439276229303697257e-04 -6.502040000000000042e-01 9.174367854266207364e-03 -9.914173139374494667e-04 9.999574231266969981e-01 3.833910000000000196e+01
9.999430517634938509e-01 -4.784737998954373926e-03 -9.539366446055240131e-03 -2.704240000000000116e-02 4.805281648850479211e-03 9.999861822328085514e-01 2.131809496053006531e-03 -6.685510000000000064e-01 9.529034483408237513e-03 -2.177527435786528239e-03 9.999522267969007672e-01 3.953119999999999834e+01
9.999462878384347553e-01 -4.505493939202423470e-03 -9.333914639525658571e-03 -4.000689999999999802e-02 4.533338753390332362e-03 9.999853311287872915e-01 2.964180661942064383e-03 -6.875369999999999537e-01 9.320422623526820535e-03 -3.006335246347640374e-03 9.999520446853966682e-01 4.073680000000000234e+01
9.999555304445200132e-01 -3.802092972224051237e-03 -8.630250427953733983e-03 -4.800419999999999687e-02 3.825135353872784715e-03 9.999891595427847779e-01 2.655020986629941931e-03 -7.059790000000000232e-01 8.620062235458841177e-03 -2.687914795051617872e-03 9.999592339896219428e-01 4.194100000000000250e+01
9.999584593248281861e-01 -2.772926970823185941e-03 -8.682770337316982751e-03 -5.911509999999999682e-02 2.793930487949070063e-03 9.999931982188038360e-01 2.407793296076021859e-03 -7.249419999999999753e-01 8.676034644042113914e-03 -2.431952331482118475e-03 9.999594051913871517e-01 4.313519999999999754e+01
9.999690699726134779e-01 4.013392748012642236e-04 -7.854809029694570510e-03 -6.391919999999999547e-02 -3.681410842734604951e-04 9.999909964473959745e-01 4.227469253143742271e-03 -7.375000000000000444e-01 7.856434957952577319e-03 -4.224446819491013867e-03 9.999602144479653454e-01 4.432999999999999829e+01
9.999784719620934403e-01 3.919954311154800293e-04 -6.549958163127973625e-03 -7.558320000000000316e-02 -3.448679468059170916e-04 9.999740586108324392e-01 7.194662707778169512e-03 -7.535110000000000419e-01 6.552608523024098554e-03 -7.192248950183288865e-03 9.999526663180525743e-01 4.554050000000000153e+01
9.999888342549415610e-01 8.148379131782240150e-04 -4.654825949315794832e-03 -8.117820000000000591e-02 -7.691228732594918580e-04 9.999515422094884531e-01 9.814361052634211838e-03 -7.615049999999999875e-01 4.662597500214380429e-03 -9.810671334872124796e-03 9.999410037159742748e-01 4.674110000000000298e+01
9.999965330436890731e-01 7.315588299207350991e-04 -2.529569584028325442e-03 -7.850790000000000546e-02 -6.984290562503642609e-04 9.999142985070318401e-01 1.307317245521818529e-02 -7.676279999999999770e-01 2.538916590883098963e-03 -1.307136040620314639e-02 9.999113427897873274e-01 4.794579999999999842e+01
9.999986119979814569e-01 1.906725621800023861e-04 -1.655187628191404732e-03 -8.030569999999999375e-02 -1.663479840532408149e-04 9.998921750838143385e-01 1.468368259350758508e-02 -7.728019999999999889e-01 1.657808933106465340e-03 -1.468338687540132574e-02 9.998908189494534193e-01 4.913940000000000197e+01
9.999995196564513966e-01 -9.760659516915112148e-04 -8.934273555533063299e-05 -7.632329999999999670e-02 9.771629960572084540e-04 9.999119222169290389e-01 1.323604778342495590e-02 -7.755609999999999449e-01 7.641561086888643255e-05 -1.323612872798994415e-02 9.999123956912178146e-01 5.035000000000000142e+01
9.999984043024202629e-01 -4.585493453259221444e-04 1.726593499070275348e-03 -7.439039999999999542e-02 4.388159768077215203e-04 9.999347828811437910e-01 1.141216127551004066e-02 -7.873459999999999903e-01 -1.731713934698468974e-03 -1.141138540833906874e-02 9.999333885064097815e-01 5.155449999999999733e+01
9.999981036548587499e-01 -5.575785500172750046e-05 1.946683782233843722e-03 -7.389880000000000060e-02 3.455753690133167675e-05 9.999407145082147563e-01 1.088881419520248972e-02 -7.788620000000000543e-01 -1.947175509051500596e-03 -1.088872627365595688e-02 9.999388202023533623e-01 5.275200000000000244e+01
9.999960866598764930e-01 -5.072806967758272841e-04 2.751241760983217603e-03 -6.254890000000000450e-02 4.778119523667632203e-04 9.999426266665052410e-01 1.070117147925072308e-02 -7.951279999999999459e-01 -2.756512410796452001e-03 -1.069981502572975827e-02 9.999389559356832713e-01 5.396450000000000102e+01
9.999984507280847978e-01 -8.982210872177534642e-04 1.513849499957300006e-03 -6.280280000000000584e-02 8.838027292120814987e-04 9.999545004264493997e-01 9.498208758798039331e-03 -8.062169999999999614e-01 -1.522312111848581019e-03 -9.496856099170288001e-03 9.999537450752737922e-01 5.517190000000000083e+01
9.999997685235058054e-01 -6.786499532383264083e-04 -4.885873162114090702e-05 -6.116859999999999659e-02 6.790858318674767658e-04 9.999541163901353169e-01 9.555310400852140562e-03 -8.054540000000000033e-01 4.237177884944471392e-05 -9.555341368294795884e-03 9.999543457858302009e-01 5.637489999999999668e+01
9.999990366687642185e-01 -9.663738860006899955e-04 -9.963849938655435813e-04 -5.492289999999999672e-02 9.771805626674855399e-04 9.999400824855659842e-01 1.090305264168354646e-02 -8.171530000000000182e-01 9.857888676026780976e-04 -1.090401578648131017e-02 9.999400635338283605e-01 5.758209999999999695e+01
9.999967416323654046e-01 -6.594619634399827074e-04 -2.466137581495542880e-03 -5.791890000000000233e-02 6.872398906668622824e-04 9.999361436782977508e-01 1.127990545648346193e-02 -8.230399999999999938e-01 2.458541434421026781e-03 -1.128156353052647831e-02 9.999333387272982820e-01 5.879010000000000247e+01
9.999968527035145716e-01 3.637517534201602926e-04 -2.482391533854054737e-03 -5.371759999999999730e-02 -3.361006687228190737e-04 9.999380005800644344e-01 1.113023055842666566e-02 -8.301779999999999715e-01 2.486286267900500706e-03 -1.112936119483658691e-02 9.999349757359170532e-01 5.999530000000000030e+01
9.999922486776342545e-01 5.673325359057641371e-04 -3.896244145622509373e-03 -6.156659999999999910e-02 -5.243486268062276913e-04 9.999390929247037318e-01 1.102431401213689426e-02 -8.411380000000000523e-01 3.902261288812086410e-03 -1.102218556885766441e-02 9.999316395544844971e-01 6.120170000000000243e+01
9.999918267743831413e-01 -1.836092574676971426e-04 -4.038894907370286017e-03 -6.285109999999999308e-02 2.238486656960079633e-04 9.999503252913717333e-01 9.964780050499685501e-03 -8.474939999999999696e-01 4.036864650576680452e-03 -9.965602707340011704e-03 9.999421935724447374e-01 6.241290000000000049e+01
9.999924523042771352e-01 -1.446689512143998785e-03 -3.605887398886007018e-03 -6.015650000000000164e-02 1.480891398826835511e-03 9.999537730512211287e-01 9.500459004271691668e-03 -8.638740000000000308e-01 3.591976495311882851e-03 -9.505727225332048433e-03 9.999483680944605268e-01 6.361749999999999972e+01
9.999898851109895181e-01 -8.982440757843998883e-04 -4.407134362641162810e-03 -6.099319999999999742e-02 9.437867978611413650e-04 9.999460675706142165e-01 1.034268903839437315e-02 -8.743640000000000301e-01 4.397606416021938337e-03 -1.034674381847053987e-02 9.999368009780241762e-01 6.481629999999999825e+01
9.999887863441417890e-01 -2.042340813697540464e-03 -4.272707569096321871e-03 -5.376310000000000117e-02 2.093414257025619143e-03 9.999260064663038072e-01 1.198328874299212088e-02 -8.751309999999999922e-01 4.247917456682698094e-03 -1.199209891345735454e-02 9.999190691055607205e-01 6.601810000000000400e+01
9.999869874081522836e-01 -1.248817998074140852e-03 -4.946257977044917105e-03 -6.587120000000000475e-02 1.302460099729032834e-03 9.999402165427239142e-01 1.085665409686783350e-02 -8.890000000000000124e-01 4.932404287607436606e-03 -1.086295512731730653e-02 9.999288312644283305e-01 6.721639999999999304e+01
9.999867521696751416e-01 1.173874506914867168e-03 -5.011736603892288748e-03 -7.457229999999999415e-02 -1.127028314169904689e-03 9.999557469518330910e-01 9.339911411822799173e-03 -9.019000000000000350e-01 5.022478703174138200e-03 -9.334139309205418192e-03 9.999438226975716493e-01 6.841310000000000002e+01
9.999854953648992240e-01 2.851050456905370682e-03 -4.569526355030296798e-03 -7.718819999999999848e-02 -2.806781415718119597e-03 9.999493517335797943e-01 9.665192480125607208e-03 -9.048829999999999929e-01 4.596850867878594059e-03 -9.652226628383572468e-03 9.999428501085514398e-01 6.961400000000000432e+01
9.999780730973851783e-01 4.219676335703968426e-03 -5.103690435600030141e-03 -8.637209999999999332e-02 -4.167485236430948023e-03 9.999393562513690936e-01 1.019391418453561432e-02 -9.153270000000000017e-01 5.146395947132845032e-03 -1.017242110903034819e-02 9.999350161173155005e-01 7.080280000000000484e+01
9.999722892843777577e-01 6.067968712474619206e-03 -4.312820314502344501e-03 -8.646349999999999869e-02 -6.023346610186882527e-03 9.999289650369522775e-01 1.028514344785529111e-02 -9.205170000000000297e-01 4.374923882115570872e-03 -1.025888082754837158e-02 9.999378057685347487e-01 7.199330000000000496e+01
9.999705356918960897e-01 6.766018715500707673e-03 -3.626118972670489514e-03 -9.336239999999999817e-02 -6.724499845178722249e-03 9.999130621039273858e-01 1.134236905499704483e-02 -9.366200000000000081e-01 3.702546406820322357e-03 -1.131765102347025674e-02 9.999290984491931988e-01 7.318040000000000589e+01
9.999637799700522578e-01 8.265310536052228318e-03 -2.030613145706378943e-03 -9.348589999999999678e-02 -8.240362638084881147e-03 9.998940243650562554e-01 1.200151918071872513e-02 -9.368049999999999988e-01 2.129594233121964719e-03 -1.198435149663629705e-02 9.999259173296826120e-01 7.436820000000000164e+01
9.999765134599779559e-01 6.706091961733330956e-03 1.414517241778465856e-03 -8.676330000000000153e-02 -6.720328198273421358e-03 9.999242477912775318e-01 1.031192843047905316e-02 -9.458280000000000021e-01 -1.345257348615520009e-03 -1.032119225906613300e-02 9.999458301693234796e-01 7.554399999999999693e+01
9.999849899643621365e-01 4.238432961200096390e-03 3.472107718380521620e-03 -7.850360000000000671e-02 -4.257259883601985199e-03 9.999761788032205390e-01 5.433006938425090880e-03 -9.725730000000000208e-01 -3.448997572933072599e-03 -5.447707053698330922e-03 9.999792132357547825e-01 7.671779999999999688e+01
9.999655937848759280e-01 5.510181770687035303e-03 6.200737320221015939e-03 -6.720089999999999397e-02 -5.536499765355868373e-03 9.999757048217723376e-01 4.235202066924756946e-03 -9.778470000000000217e-01 -6.177249938978333563e-03 -4.269386730369786366e-03 9.999718065626339580e-01 7.790030000000000143e+01
9.999513606894573359e-01 4.807388923884475980e-03 8.611925861108069707e-03 -5.690830000000000194e-02 -4.875178593514081608e-03 9.999571628274982471e-01 7.867982184874847129e-03 -9.881870000000000376e-01 -8.573732500145498509e-03 -7.909584168253016440e-03 9.999319624800986350e-01 7.908299999999999841e+01
9.999221792209781468e-01 3.868697701195199495e-03 1.186038279596664247e-02 -4.143290000000000167e-02 -3.978822708299725210e-03 9.999490646074891131e-01 9.275621837020632879e-03 -1.001710000000000100e+00 -1.182389410583556399e-02 -9.322090361301082692e-03 9.998866406545642294e-01 8.025679999999999836e+01
9.998496408871483387e-01 5.532110125475006926e-03 1.643445695482332464e-02 -2.015729999999999952e-02 -5.657030123323435189e-03 9.999553882111100744e-01 7.564363671308220981e-03 -1.009889999999999954e+00 -1.639187689144031707e-02 -7.656196518351214043e-03 9.998363311196728498e-01 8.143229999999999791e+01
9.997973700382724038e-01 4.181938611183841879e-03 1.969086727409447360e-02 6.091329999999999835e-03 -4.276612195549435967e-03 9.999794865382370945e-01 4.768342568709871797e-03 -1.027120000000000033e+00 -1.967052243034212930e-02 -4.851586562763008682e-03 9.997947452628170861e-01 8.259300000000000352e+01
9.997182700023931057e-01 3.727847198222705889e-03 2.344107034009103654e-02 3.845989999999999825e-02 -3.759386243091031657e-03 9.999920864773317319e-01 1.301536702536286363e-03 -1.048550000000000093e+00 -2.343603290869959374e-02 -1.389294057964062922e-03 9.997243731266748368e-01 8.375799999999999557e+01
9.996470865366637870e-01 2.768188184079271343e-03 2.642043741003114593e-02 7.113089999999999691e-02 -2.779160789724703304e-03 9.999960664571746483e-01 3.785967286421562466e-04 -1.065860000000000030e+00 -2.641928545711837162e-02 -4.518897604567775959e-04 9.996508476220983264e-01 8.491549999999999443e+01
9.995442454063863114e-01 2.167274243019154129e-03 3.010987209095194322e-02 1.150950000000000029e-01 -2.225661256668742555e-03 9.999957072606125985e-01 1.905752428247055796e-03 -1.083690000000000042e+00 -3.010561254896675781e-02 -1.971898248579674780e-03 9.995447782417498095e-01 8.606879999999999598e+01
9.994118841777631657e-01 3.386631743146111678e-03 3.412354743706455529e-02 1.551190000000000069e-01 -3.477953038836415628e-03 9.999905270246779443e-01 2.617193834340037027e-03 -1.102770000000000028e+00 -3.411436071382444035e-02 -2.734334716740817895e-03 9.994141953198103501e-01 8.724429999999999552e+01
9.992954521037564763e-01 2.960945656766557788e-03 3.741433155311907344e-02 2.041540000000000021e-01 -2.979366491885248897e-03 9.999954663669500254e-01 4.366014809750586121e-04 -1.122190000000000021e+00 -3.741286917701017178e-02 -5.477648800657887538e-04 9.992997434071421159e-01 8.838989999999999725e+01
9.991373581607099208e-01 2.960766623959133152e-03 4.142189503916504645e-02 2.561499999999999888e-01 -2.888528909008587168e-03 9.999942015323537436e-01 -1.803691329460825436e-03 -1.139180000000000081e+00 -4.142699516473501153e-02 1.682487048568320244e-03 9.991401169550506722e-01 8.954189999999999827e+01
9.990116607350594258e-01 3.329309576521809373e-03 4.432400493098600375e-02 3.118460000000000121e-01 -3.236706104969852907e-03 9.999924272165274797e-01 -2.160843165981137220e-03 -1.161189999999999944e+00 -4.433086339073988996e-02 2.015243742477983071e-03 9.990148714326978485e-01 9.068399999999999750e+01
9.988788755132602670e-01 1.687446717209411867e-03 4.730903272041499935e-02 3.664810000000000012e-01 -1.648952137843992917e-03 9.999982769293720430e-01 -8.526987358449002446e-04 -1.181550000000000100e+00 -4.731039008729285428e-02 7.737324237686727790e-04 9.988799368932808065e-01 9.183089999999999975e+01
9.987367395249227009e-01 9.747561720285871385e-04 5.023917767571250970e-02 4.284810000000000008e-01 -9.999720256987020776e-04 9.999993863663836358e-01 4.767838126578565817e-04 -1.200010000000000021e+00 -5.023868209930011652e-02 -5.264192827819884476e-04 9.987371013953894039e-01 9.299519999999999698e+01
9.986222087848527496e-01 2.384718912160133423e-04 5.247501551042196843e-02 4.923130000000000006e-01 -3.589617246176907551e-04 9.999973210154284864e-01 2.286724392289321648e-03 -1.217880000000000074e+00 -5.247432961117451389e-02 -2.302410285577123541e-03 9.986196190936439399e-01 9.414990000000000236e+01
9.984499747923258894e-01 -1.358566414619120141e-03 5.563993291244044570e-02 5.623989999999999823e-01 1.180662158928392005e-03 9.999940860114011620e-01 3.230167037321180368e-03 -1.231929999999999970e+00 -5.564399225496206858e-02 -3.159468233673301974e-03 9.984456739785145807e-01 9.529919999999999902e+01
9.983465516091531988e-01 -2.223542611019571538e-03 5.743882614024516803e-02 6.315680000000000183e-01 2.148769483824123586e-03 9.999967618005314307e-01 1.363516833980022141e-03 -1.255270000000000108e+00 -5.744167197965008992e-02 -1.237839532468147392e-03 9.983480966443889493e-01 9.645829999999999416e+01
9.982176466151151395e-01 -3.893009420644531586e-03 5.955144384338395547e-02 7.073840000000000128e-01 4.033007996143199957e-03 9.999893789708149683e-01 -2.230872490036335358e-03 -1.274340000000000028e+00 -5.954212653814092149e-02 2.467067736104712646e-03 9.982227450544800540e-01 9.761990000000000123e+01
9.980628412477888789e-01 -2.868458234210871562e-03 6.214770203112618407e-02 7.764250000000000318e-01 3.188827666239119844e-03 9.999821319568605871e-01 -5.056396456676496426e-03 -1.290540000000000020e+00 -6.213208751125368079e-02 5.244779725655837263e-03 9.980541548368622173e-01 9.877670000000000528e+01
9.979874739734840849e-01 -2.682083468902494126e-03 6.335462272234175518e-02 8.578789999999999472e-01 3.089138440659409957e-03 9.999752068675863415e-01 -6.327943885849867355e-03 -1.312740000000000018e+00 -6.333607988910321118e-02 6.510919934530322480e-03 9.979710160650394624e-01 9.994379999999999598e+01
9.979172601738540704e-01 -2.663230756556480595e-03 6.445191268725658507e-02 9.344209999999999461e-01 3.041890950644712474e-03 9.999786825214654895e-01 -5.777664067627336086e-03 -1.333809999999999940e+00 -6.443515148234540968e-02 5.961686386526705503e-03 9.979040883516190341e-01 1.011089999999999947e+02
9.979887988376452412e-01 -2.431078605087313733e-03 6.334388093107244655e-02 1.010359999999999925e+00 2.682258964711869715e-03 9.999888731176073131e-01 -3.880609207860155879e-03 -1.356149999999999967e+00 -6.333374204513909922e-02 4.042709214597673198e-03 9.979842151160337460e-01 1.022920000000000016e+02
9.980783237468509039e-01 -3.152287763307374917e-03 6.188475376482838186e-02 1.091599999999999904e+00 3.312276500640387936e-03 9.999914321009449880e-01 -2.482850999215630797e-03 -1.382880000000000109e+00 -6.187639688168214414e-02 2.683059179053488407e-03 9.980802135612057979e-01 1.034740000000000038e+02
9.981648958341601263e-01 -2.808261266464834403e-03 6.048929155676625175e-02 1.165790000000000104e+00 2.913948023329231748e-03 9.999943782035901618e-01 -1.659056398216735744e-03 -1.397199999999999998e+00 -6.048429243446214881e-02 1.832274508473429432e-03 9.981674674816987114e-01 1.046530000000000058e+02
9.983457209156240131e-01 -2.918566849627535469e-03 5.742215162293309166e-02 1.240339999999999998e+00 2.977353750392458965e-03 9.999951275235018366e-01 -9.382397882096596507e-04 -1.419740000000000002e+00 -5.741913351930596349e-02 1.107653736242039449e-03 9.983495461055174047e-01 1.058629999999999995e+02
9.984863856960787265e-01 -2.077529356666506927e-03 5.496018059789930382e-02 1.307039999999999980e+00 2.138915118393444267e-03 9.999971527134621230e-01 -1.058114873306218546e-03 -1.435589999999999922e+00 -5.495782584580494873e-02 1.174068456689271152e-03 9.984879863781842557e-01 1.070520000000000067e+02
9.987163164914687474e-01 -5.453173288133873493e-04 5.064999311671583571e-02 1.371269999999999989e+00 6.296606322614074942e-04 9.999984417052333319e-01 -1.649276991036459144e-03 -1.455610000000000070e+00 -5.064901480977340720e-02 1.679052148051972696e-03 9.987151035619133976e-01 1.082650000000000006e+02
9.989065328481445682e-01 -5.191538950128546902e-04 4.674900119287916239e-02 1.430069999999999952e+00 5.836446454446724517e-04 9.999988968764222941e-01 -1.365871467737279953e-03 -1.475319999999999965e+00 -4.674824052546115022e-02 1.391662736379763480e-03 9.989057339321872897e-01 1.094759999999999991e+02
9.990609049116238038e-01 9.104619609369150510e-05 4.332782002082982697e-02 1.483549999999999924e+00 -7.889352289502040588e-05 9.999999570717841291e-01 -2.821918528141443313e-04 -1.492289999999999894e+00 -4.332784385333858512e-02 2.785085634703821805e-04 9.990608692066768048e-01 1.106700000000000017e+02
9.992632876192565350e-01 1.152678678899277234e-04 3.837797193278373598e-02 1.534129999999999994e+00 -1.483942573341314776e-04 9.999996189193444129e-01 8.603140765691381182e-04 -1.511929999999999996e+00 -3.837785814111170646e-02 -8.653753431805574726e-04 9.992629239244374961e-01 1.118979999999999961e+02
9.993962421178415045e-01 2.580135626330087840e-04 3.474312406416939225e-02 1.585609999999999964e+00 -3.031575060020600472e-04 9.999991166977076906e-01 1.294101746757043763e-03 -1.529120000000000035e+00 -3.474275947968617773e-02 -1.303853061469137939e-03 9.993954375675980772e-01 1.130990000000000038e+02
9.995717261613573656e-01 7.045997135504169758e-04 2.925521830457118375e-02 1.623359999999999914e+00 -7.505394567530685726e-04 9.999985025452846621e-01 1.559358109028038605e-03 -1.549409999999999954e+00 -2.925407577292963787e-02 -1.580647472398371851e-03 9.995707581778489059e-01 1.143419999999999987e+02
9.997034693282698115e-01 1.396149013911247763e-03 2.431098889292820919e-02 1.654069999999999929e+00 -1.430783577235217232e-03 9.999979861660877045e-01 1.407310244417678095e-03 -1.565690000000000026e+00 -2.430897511982432757e-02 -1.441676697419917632e-03 9.997034536786015835e-01 1.155600000000000023e+02
9.997960423293594800e-01 2.000051925200629303e-03 2.009660505772537312e-02 1.680790000000000006e+00 -2.020742012892850267e-03 9.999974489774342556e-01 1.009277137986204107e-03 -1.584319999999999951e+00 -2.009453518414948750e-02 -1.049681342328770374e-03 9.997975334160474903e-01 1.167639999999999958e+02
9.998869293264501801e-01 2.961199417723320640e-03 1.474312925165670654e-02 1.699019999999999975e+00 -2.967671104754735986e-03 9.999955094658783405e-01 4.171046541602905621e-04 -1.603639999999999954e+00 -1.474182791707271192e-02 -4.608102505299097257e-04 9.998912271660235218e-01 1.180150000000000006e+02
9.999182354675263396e-01 4.538735215873596247e-03 1.195500991839004712e-02 1.717989999999999906e+00 -4.542314939887037543e-03 9.999896465610244034e-01 2.722971621386151004e-04 -1.622309999999999919e+00 -1.195365025820542201e-02 -3.265783180472597012e-04 9.999284992398740357e-01 1.192180000000000035e+02
9.999356156053320621e-01 6.976037394632980844e-03 8.949834984746040181e-03 1.728189999999999893e+00 -6.977576555234549401e-03 9.999756465090694491e-01 1.407628659499084915e-04 -1.636130000000000084e+00 -8.948635058004266243e-03 -2.032019617807745372e-04 9.999599395173595084e-01 1.204749999999999943e+02
9.999359261051662395e-01 8.062372388136994708e-03 7.946183717894432161e-03 1.743900000000000006e+00 -8.064128786704550730e-03 9.999674665197759715e-01 1.890209833704692855e-04 -1.658700000000000063e+00 -7.944401243326485937e-03 -2.530879209237748857e-04 9.999684107187533089e-01 1.217159999999999940e+02
9.999187521031881465e-01 1.001956184636584000e-02 7.880201317859020227e-03 1.755560000000000009e+00 -1.002230418734840860e-02 9.999497278317068805e-01 3.085904594835728516e-04 -1.679440000000000044e+00 -7.876713221858192004e-03 -3.875431618228904955e-04 9.999689031160511332e-01 1.229300000000000068e+02
9.999154788883836131e-01 1.153903262300316410e-02 5.990476236472930434e-03 1.759220000000000006e+00 -1.154662724313201480e-02 9.999325731254160576e-01 1.234747785042180366e-03 -1.691759999999999931e+00 -5.975824522410252450e-03 -1.303813218898216197e-03 9.999812946212381926e-01 1.241949999999999932e+02
9.999110602444647444e-01 1.196067832032665472e-02 5.900319898783883479e-03 1.778659999999999908e+00 -1.197075035718134402e-02 9.999269456247947829e-01 1.674678881073167740e-03 -1.719009999999999927e+00 -5.879858559213805430e-03 -1.745161192078736444e-03 9.999811906609730183e-01 1.254200000000000017e+02
9.998784068848637352e-01 1.495241350509741995e-02 4.426824568400824882e-03 1.770929999999999893e+00 -1.496791205024820826e-02 9.998818877236042013e-01 3.488869607451036865e-03 -1.731999999999999984e+00 -4.374134685037871055e-03 -3.554705705728864254e-03 9.999841153803908922e-01 1.266929999999999978e+02
9.998601848259363045e-01 1.633473465040102129e-02 3.575925578852545521e-03 1.778960000000000097e+00 -1.635669048355752747e-02 9.998470022122590839e-01 6.199261535358234487e-03 -1.734979999999999967e+00 -3.474115177941340324e-03 -6.256885092413129457e-03 9.999743906284154216e-01 1.279459999999999980e+02
9.998835316321281752e-01 1.469723479803457765e-02 4.112719313824061279e-03 1.794659999999999922e+00 -1.472466628402250600e-02 9.998689970731512444e-01 6.721078392241237008e-03 -1.752709999999999990e+00 -4.013399268329876507e-03 -6.780854018626466910e-03 9.999689558406755774e-01 1.291730000000000018e+02
9.998802615834577745e-01 1.524758152559031223e-02 2.640786514748647788e-03 1.796929999999999916e+00 -1.526095706951962651e-02 9.998704301424642393e-01 5.121144017283442255e-03 -1.768080000000000096e+00 -2.562359287508331109e-03 -5.160831749239273326e-03 9.999833999274876373e-01 1.304540000000000077e+02
9.999143727638375445e-01 1.276398792026831562e-02 2.885784585276393935e-03 1.814060000000000006e+00 -1.278003455533077530e-02 9.999025819093899647e-01 5.612255134988263644e-03 -1.774620000000000086e+00 -2.813868700903730639e-03 -5.648654999811488289e-03 9.999800872215541814e-01 1.316899999999999977e+02
9.999535279752918004e-01 9.598431619955948707e-03 9.011105395171673752e-04 1.823069999999999968e+00 -9.605045915777779553e-03 9.999246251577422751e-01 7.647685669815426635e-03 -1.790680000000000049e+00 -8.276368304997541205e-04 -7.655985474485271086e-03 9.999703500122847366e-01 1.329670000000000130e+02
9.999759473277227695e-01 6.893549861992441519e-03 7.640263892593570673e-04 1.828149999999999942e+00 -6.900378516446002697e-03 9.999326858279512509e-01 9.327839472745841701e-03 -1.796769999999999978e+00 -6.996730329455059638e-04 -9.332887184562392927e-03 9.999562028781295853e-01 1.342249999999999943e+02
9.999890956308115086e-01 4.403324269437864508e-03 1.555427545717759027e-03 1.839059999999999917e+00 -4.419569609111845959e-03 9.999340514743791930e-01 1.060000502376443055e-02 -1.803479999999999972e+00 -1.508649708187103939e-03 -1.060676375770647911e-02 9.999426086224380006e-01 1.354759999999999991e+02
9.999996541477482737e-01 5.947718140773269402e-04 5.813354220347616199e-04 1.851539999999999964e+00 -5.999123579621636797e-04 9.999603668509307042e-01 8.882839214737597508e-03 -1.817360000000000086e+00 -5.760291194874141412e-04 -8.883184892891452314e-03 9.999603778233476792e-01 1.367630000000000052e+02
9.999982038236036042e-01 -1.406277996274367089e-03 1.270720962141492485e-03 1.854980000000000073e+00 1.396335379372076789e-03 9.999686694064339187e-01 7.791691282020061712e-03 -1.823090000000000099e+00 -1.281638433703159415e-03 -7.789902934131344783e-03 9.999688369220323114e-01 1.380180000000000007e+02
9.999936427137890993e-01 -3.448403776651799788e-03 9.072173939610367376e-04 1.861580000000000013e+00 3.441211209456746228e-03 9.999635511639299867e-01 7.813732081035041840e-03 -1.835469999999999935e+00 -9.341292301609510759e-04 -7.810560480238313771e-03 9.999690607951657872e-01 1.393050000000000068e+02
9.999941005642315472e-01 -3.204577161257032587e-03 1.236738432804006639e-03 1.868989999999999929e+00 3.194722010740143250e-03 9.999637699814519776e-01 7.890023812128934763e-03 -1.840689999999999937e+00 -1.261977815857769645e-03 -7.886026229947435198e-03 9.999681084926124175e-01 1.405790000000000077e+02
9.999926602958438826e-01 -2.988345224111047752e-03 2.397737946985544280e-03 1.876149999999999984e+00 2.965253908817824541e-03 9.999497438643751845e-01 9.576900063517879494e-03 -1.852880000000000082e+00 -2.426236529508690384e-03 -9.569719870085062127e-03 9.999512657314409969e-01 1.418619999999999948e+02
9.999963530875831674e-01 -6.963203657587303244e-04 2.609396382654155262e-03 1.873299999999999965e+00 6.665721667064402516e-04 9.999349780622674988e-01 1.138399442898074473e-02 -1.857299999999999951e+00 -2.617153621809626459e-03 -1.138221356154952776e-02 9.999317955347549747e-01 1.431320000000000050e+02
9.999953133153834939e-01 -9.151450723317403361e-04 2.921618860243448915e-03 1.888519999999999976e+00 8.858869058210164021e-04 9.999496062905854910e-01 1.000000418465797104e-02 -1.875289999999999901e+00 -2.930623083584472498e-03 -9.997369093900103712e-03 9.999457305571849419e-01 1.444219999999999970e+02
9.999904841911748665e-01 2.588772608113337607e-04 4.354826019876755633e-03 1.897119999999999918e+00 -2.932930078955220984e-04 9.999687189680583899e-01 7.904116939402789158e-03 -1.877510000000000012e+00 -4.352643600282523131e-03 -7.905318965359295694e-03 9.999592793837881466e-01 1.456889999999999930e+02
9.999921641715741050e-01 1.247089584790580705e-04 3.956771806315879936e-03 1.903520000000000101e+00 -1.477772929545810359e-04 9.999829925444742029e-01 5.830333066782235167e-03 -1.892819999999999947e+00 -3.955977416931013430e-03 -5.830872102319035154e-03 9.999751752784681313e-01 1.469590000000000032e+02
9.999860914570435355e-01 -1.013189410626151848e-03 5.175938531649031810e-03 1.910169999999999924e+00 1.004951349493976749e-03 9.999982246803220676e-01 1.593960159233604986e-03 -1.912940000000000085e+00 -5.177544326257799492e-03 -1.588736423157980976e-03 9.999853343681233131e-01 1.482319999999999993e+02
9.999873314083294051e-01 -4.298541868198882485e-04 5.015201713384813409e-03 1.922989999999999977e+00 4.399668984358785047e-04 9.999978721269467963e-01 -2.015482747816401549e-03 -1.933820000000000094e+00 -5.014324677974619712e-03 2.017663737231318796e-03 9.999853926838467855e-01 1.495020000000000095e+02
9.999857036573748248e-01 -7.634969436979627743e-04 5.292405245443355770e-03 1.936520000000000019e+00 7.795282005241111313e-04 9.999951126559800674e-01 -3.027705391594096452e-03 -1.959179999999999922e+00 -5.290067735825329347e-03 3.031787685617874737e-03 9.999814115506245882e-01 1.507709999999999866e+02
9.999815301626767683e-01 -1.211954355574690464e-03 5.955711557110634352e-03 1.950669999999999904e+00 1.227447184607063793e-03 9.999958709059871831e-01 -2.598373411410105811e-03 -1.985989999999999922e+00 -5.952537855444334225e-03 2.605635741258999737e-03 9.999788887548892724e-01 1.520519999999999925e+02
9.999864431032275958e-01 -4.299475718554249064e-04 5.189292325630136433e-03 1.960939999999999905e+00 4.397652333066230461e-04 9.999981155220432072e-01 -1.890914831986516623e-03 -2.008000000000000007e+00 -5.188469552282539386e-03 1.893171267399611050e-03 9.999847477268127838e-01 1.533069999999999879e+02
9.999856145890975156e-01 7.227744818301852904e-06 5.363819779266586728e-03 1.970800000000000107e+00 -2.633301889292070326e-06 9.999996331418122830e-01 -8.565683314606711276e-04 -2.035019999999999829e+00 -5.363824002562702330e-03 8.565418848164985501e-04 9.999852477552201302e-01 1.545840000000000032e+02
9.999882716186637710e-01 4.032624926560755916e-04 4.826386275425261808e-03 1.982180000000000053e+00 -4.008711547880868800e-04 9.999997964303407594e-01 -4.964288411705042748e-04 -2.054240000000000066e+00 -4.826585484051368856e-03 4.944882598240656502e-04 9.999882297076931881e-01 1.558420000000000130e+02
9.999905710874377185e-01 9.467276667023293750e-04 4.238094258672801470e-03 1.988280000000000047e+00 -9.437349660676752931e-04 9.999993039882070223e-01 -7.080871524670033631e-04 -2.078910000000000036e+00 -4.238761674606893529e-03 7.040808382337561096e-04 9.999907685422096959e-01 1.571049999999999898e+02
