-0.007630258021585761 -0.9999569980465164 -0.005266012547457479 0.3311792324690022 0.0024227390342847076 0.00524766441253157 -0.9999833280566417 -0.08068119012084751 0.9999679473871559 -0.007642888245785228 0.0023825936090541926 -0.4087732193436905
-0.007009872729212141 -0.9999673367917701 -0.00401127240367701 0.827816803628151 0.004684766619227044 0.003978486703015779 -0.9999811164892369 -0.07911675163573967 0.9999645187249507 -0.00702853207356925 0.00465672502619636 -0.4068358276951269
-0.007170268900760129 -0.9999636877448758 -0.004604468959030769 1.5467209608656816 0.005341635510092034 0.004566220555696079 -0.9999753400442426 -0.06806834195019962 0.9999599972287512 -0.007194686640878407 0.005308700445064048 -0.3924316707375988
-0.007252951431625824 -0.9999527434371789 -0.006464916129221168 2.526432908725341 0.007080063042035577 0.006413573506356677 -0.9999543352261573 -0.06075178312527568 0.9999486096784183 -0.007298392052605574 0.007033211625269148 -0.3653236073596199
-0.007318185046535608 -0.9999524070131616 -0.00645316048491019 3.2685130779818374 0.007724325282122071 0.006396612965789431 -0.9999497625855174 -0.062454962011971205 0.9999433471043768 -0.007367662617790904 0.007677145180746175 -0.34309592881857426
-0.006257090552355677 -0.999951843012225 -0.00755688330555695 3.9780149671860596 0.008142657661269904 0.007505832463634774 -0.9999386621956502 -0.053201096846956064 0.9999472856256579 -0.006318239688150745 0.008095300088720904 -0.3299853326073513
-0.0038193734822319176 -0.9999601468679207 -0.008064646486418288 4.669222947631219 0.00950633800282058 0.008028033507416545 -0.9999226240930432 -0.06600976325631641 0.9999475292206126 -0.00389574198528943 0.009475297974815373 -0.31567094026885967
8.969858931553998e-05 -0.9999584776492764 -0.009115489028306351 5.347209793823831 0.009266786420687992 0.009115930530327106 -0.9999155352703034 -0.08127218927000723 0.9999570626949194 5.220056282423391e-06 0.009267218880357355 -0.304857217284232
0.0032826539638747872 -0.999947673149722 -0.009686989777201713 5.9765039177065775 0.008174539288014648 0.009713552379494334 -0.9999193943531184 -0.07655233155488578 0.9999611417139118 0.003203193883332355 0.008205997656630885 -0.29484906077767936
0.004913148533050199 -0.9999380796455756 -0.009982322141752542 6.567927820753035 0.007195492559874881 0.01001753654441909 -0.999923949568365 -0.09371199939534897 0.9999620509163892 0.004840946880737728 0.007244264922530712 -0.2888322901031113
0.005200551358871571 -0.9999233528601302 -0.011230736416956374 7.162526331879997 0.0075000045820021125 0.011269575959927296 -0.9999083623577989 -0.08552647764459048 0.9999583281048214 0.005115848346257725 0.0075580376812011355 -0.2762147338319035
0.0029225994525668535 -0.9999244282295354 -0.011938820318513427 7.706491967083379 0.008547825060704763 0.011963416273084443 -0.9998918810007515 -0.08787797694421356 0.9999591589398509 0.0028202309291477743 0.008582142274348706 -0.2675128144970863
0.0006341094356554586 -0.9999072891692818 -0.01360043045891355 8.23831424600775 0.008401652134810814 0.013605279689767765 -0.9998722302356767 -0.0880266364442644 0.99996450334085 0.0005197619066161629 0.00840949987457678 -0.2636701354052885
-0.0006471062545429489 -0.9998896909671451 -0.014838949344089775 8.743787611805155 0.007207404788671258 0.014833904523852637 -0.9998639844267655 -0.10756057800202162 0.9999737485256524 -0.0007539680505328043 0.007197009730690315 -0.25829260319755865
-0.0024339182690034282 -0.9998556667065289 -0.0168146988346926 9.225907511254215 0.0036433812663312164 0.016805767356871934 -0.9998522187853718 -0.11975062022391808 0.9999903465940093 -0.002494819924477522 0.0036019509121314923 -0.24578273948996182
-0.0036189701416065633 -0.9998289462940407 -0.01813758496479073 9.666478911343287 0.001864661705117274 0.018130926647472363 -0.9998339287882636 -0.13198658425286058 0.9999916530940011 -0.0036521889137727777 0.0017987271941342022 -0.23305241294038442
-0.005620891804301665 -0.9997837500968476 -0.020023241834817063 10.084742538917912 0.006681801634073186 0.019985562790987853 -0.999777997933811 -0.12475806102359738 0.9999618452010136 -0.0057534331927423295 0.0065680190133138115 -0.22454527182032044
-0.006001778391031293 -0.9997012397447489 -0.023694855586804786 10.44825172515188 0.010178976667359459 0.0236329792848971 -0.9996689029263717 -0.12605359375386582 0.9999302054784582 -0.006240979389496263 0.010034095106134192 -0.21509671739567995
-0.00541058848213831 -0.9996285537010486 -0.026709498715228895 10.798796914390774 0.011185304320653238 0.026647718080053142 -0.9995823708062758 -0.141711300929388 0.9999227872896096 -0.005707081712758992 0.011036969402085161 -0.21379885172769061
-0.0045702453307584455 -0.9995105962365596 -0.03094643759919371 11.107361686586527 0.007174060195522477 0.03091319277312661 -0.9994963625130501 -0.1607934777842212 0.9999638407614975 -0.0047899546075151865 0.00702926755763184 -0.2058889185924899
-0.005194549351852597 -0.9994378671722554 -0.033120178514033274 11.38830898674881 0.0027725142077350278 0.03310610257229382 -0.9994480470468102 -0.18419512369640267 0.9999826109546938 -0.005283506983906616 0.00259898407955878 -0.19989466674535009
-0.003630741015128694 -0.9993502370468014 -0.035859257162795255 11.654670725631862 -0.0006129487168979772 0.03586170353110753 -0.9993565807455083 -0.20378869982705028 0.9999932320508179 -0.003606424626746569 -0.0007427555159788307 -0.19193568398600866
-0.002769147558246067 -0.999282555260243 -0.03777201634240534 11.890664308560694 -0.001666542999809397 0.03777672162350435 -0.9992848175062605 -0.2343155387950272 0.9999948206674146 -0.0027042175579262556 -0.0017699560652582838 -0.18829778696743169
-0.0037056913237422124 -0.9991793210614 -0.040333736454734564 12.093068033584828 -0.0006046663807131699 0.04033624775720295 -0.9991859699136184 -0.23339017043114263 0.9999929898496317 -0.003678286424469315 -0.0007536444334607297 -0.18074816348597394
-0.004547705746566043 -0.9991095002155739 -0.04194501347890897 12.249967797344404 -0.0005559446060608866 0.041947962973409386 -0.9991197223064396 -0.23894490453394235 0.9999895147630362 -0.004520383163532725 -0.0007462172268433328 -0.17487589073506518
-0.005322844575513285 -0.9990086398177755 -0.04419577959670489 12.399562002999067 0.0016777255150009114 0.044187417622245345 -0.9990219145993259 -0.2415741909685976 0.999984375207586 -0.005391785914829051 0.0014408593532679414 -0.17118986618051843
-0.005451048927522387 -0.9989192033275781 -0.046158586282495265 12.544790921340518 0.004218209134890034 0.046135891308943355 -0.9989263660725461 -0.2242660085976847 0.9999762566985544 -0.005639902224540704 0.0039621616185790505 -0.16540673593689934
-0.006442860023249188 -0.9988348618342546 -0.047827332869547816 12.703994686393933 0.0052810491180803314 0.04779366734430205 -0.998843308733363 -0.22910358619120297 0.9999653158919447 -0.0066879850512141376 0.0049669676789471364 -0.16005505301680983
-0.007630689384010319 -0.9987255655073178 -0.04988980068317675 12.845498890175461 0.005019492071151384 0.04985236298822743 -0.9987440473146824 -0.2432101306110201 0.9999583237526276 -0.007871526181323753 0.004632687795782894 -0.15518303465836336
-0.009154433391845565 -0.998632265600686 -0.0514763392270948 13.016560322503437 0.004115910547647646 0.05144042845768308 -0.9986676285113136 -0.2640219584224575 0.999949646575526 -0.009354107518293518 0.003639372934162488 -0.15405427155707724
-0.010168737013017844 -0.9985380657314685 -0.05308709007288426 13.14327979608322 0.0038531664874052645 0.053050315962953426 -0.9985844399956103 -0.2645487685009694 0.9999409058798958 -0.010358895066531728 0.00330807905006441 -0.15091420733374475
-0.011778977889961899 -0.9984534280594314 -0.0543324073524029 13.291067939017557 0.0038614797607387868 0.05429035168228662 -0.9985177474537573 -0.26682501668736053 0.9999231546667781 -0.01197132190841637 0.0032160222076752843 -0.14709251984102492
-0.013339680569458869 -0.9983377407854764 -0.056068199008880125 13.404994120212848 0.004574490314983292 0.056011675918966164 -0.9984197016491153 -0.2642812026355317 0.9999005750785204 -0.013575081892548142 0.0038197086504927237 -0.14716200330217988
-0.01570520134871555 -0.998268673382958 -0.05668201049411945 13.540335872164842 0.004719860809334474 0.05661435892760406 -0.9983850279494925 -0.2710753273061748 0.9998654768812424 -0.015947367364162954 0.0038225494211114835 -0.14198327021996027
-0.01860425141391623 -0.9981705341924824 -0.05752801148631014 13.694423790542599 0.00436094712903867 0.05745640879584897 -0.9983385636965049 -0.2831377613479082 0.9998173446424233 -0.018824213612665747 0.003284034918067264 -0.13883309221269258
-0.020055722629927244 -0.9981811570039824 -0.05685105145836825 13.819593512980637 0.0034722729826899366 0.056792611598106106 -0.9983799931578878 -0.29625192680620666 0.9997928266312969 -0.020220630567477103 0.002326940681821139 -0.13717621923470424
-0.021766355555901822 -0.9982496179710578 -0.05499000258631998 13.94537393990207 0.0028745352230375317 0.05494031362428761 -0.9984855439414567 -0.30129694292868703 0.9997589212095126 -0.021891457977934334 0.0016736528316142227 -0.1301376923449794
-0.022727619114053202 -0.9983889905726323 -0.05198873004091075 14.071867100451332 0.002654207979745429 0.05194171773527638 -0.9986466363683396 -0.3020920835528716 0.9997381800578621 -0.02283484661871748 0.0014694201787768335 -0.12817139808585648
-0.023817915729915914 -0.9985564263126996 -0.04814386528057511 14.204778257738976 0.0030887478271258454 0.048083792703805806 -0.9988385848617936 -0.3021712383054236 0.9997114681211013 -0.023938949567330496 0.001939032826110109 -0.12711584632672912
-0.024498504416650906 -0.9987772637506976 -0.04293804033435001 14.320173096451237 0.003278761513422319 0.04287042395654039 -0.9990753294618646 -0.29958248352582995 0.9996944579173028 -0.024616633749096187 0.002224491210110519 -0.1291592043105553
-0.025075848731605475 -0.9990258664022825 -0.03631059781542812 14.43370699629724 0.003039685540993742 0.036245649941044386 -0.9993383405372678 -0.2946692679680139 0.9996809013643462 -0.025169629531296606 0.002127833690561089 -0.12404872650168962
-0.02602395064412614 -0.9992398207817541 -0.029024090558592373 14.561165754191055 0.0030515206855343266 0.028954382731483076 -0.9995761085410185 -0.29218537611868056 0.9996566393795517 -0.02610148627452204 0.0022956934826430615 -0.11785702202163707
-0.026919068156642106 -0.9994128271209075 -0.021196131956816484 14.666850670230497 0.002971364086499214 0.021123726045255344 -0.9997724231347482 -0.2865549826779014 0.9996331733463852 -0.026975919678112893 0.002400988251386767 -0.11727156880990963
-0.0283938695742332 -0.9995329508158657 -0.011299095183452217 14.813296383124124 0.002338647324473078 0.01123719614662429 -0.9999340969774797 -0.29128142981077737 0.9995940477180011 -0.028418430383110323 0.002018487427608909 -0.11344667538913897
-0.03004794889240505 -0.999547922483958 0.000990617301432262 14.968039744932813 0.0012958466400945314 -0.0010300183887803314 -0.9999986656170865 -0.28893346409389964 0.9995476103979366 -0.030046617049061093 0.0013262102811853857 -0.11184356596952047
-0.03226394794942212 -0.9993398243092906 0.016697824266160052 15.164323412469733 -0.00036708732292996846 -0.016694675206441096 -0.9998605869997439 -0.26865155208049657 0.9994793024258354 -0.03226557625250225 0.00017179115586321372 -0.10507792321761435
-0.03357023953358849 -0.9987632501087249 0.036674630890002745 15.355099781931344 -0.000647785214253829 -0.036673565910767765 -0.9993271049534872 -0.24488598900617503 0.9994361141104364 -0.033571408587526635 0.0005841554443562521 -0.09504134070330553
-0.03326377146451855 -0.9977625183858764 0.05799494169113492 15.544550766898965 2.107706389383292e-05 -0.05802775729859318 -0.998314974927803 -0.21360690174075897 0.9994465985702417 -0.03320650371248872 0.001951251563111729 -0.08833005834248878
-0.032529054729610214 -0.9961763183400532 0.08108348309484822 15.771675723982064 0.0003392404435728477 -0.08113740745452735 -0.9967029533043353 -0.16410820238894813 0.9994706803957644 -0.03239430007250997 0.0029772661841375447 -0.07951289491544933
-0.0319136110225193 -0.993731669584999 0.1071390784974173 16.031199216537075 0.0009449297587475824 -0.10722357593645318 -0.9942344757058005 -0.10678434201813519 0.9994902474093071 -0.03162837683005068 0.004360898958972443 -0.07464937084102843
-0.030842918335612098 -0.9899536316924686 0.13798674099072145 16.28140756504412 0.0011372107803869394 -0.13808717703035817 -0.9904195020324007 -0.03860040765873546 0.999523565090618 -0.03039050872048915 0.005384796365970228 -0.06882544044997088
-0.028247575439755247 -0.9848453067962308 0.17111938338109006 16.557710519362576 0.0013228788311106408 -0.17122430922710463 -0.9852311531003904 0.015234742539954604 0.9996000565711645 -0.02760401819086031 0.006139503666859856 -0.05567527779368746
-0.025134412864147436 -0.9779039264887942 0.2075383348912701 16.84632193667353 0.0018062817265674803 -0.20764810422746446 -0.9782019312267107 0.09413707472316463 0.9996824630081739 -0.024211656575424085 0.0069854820916118625 -0.04890318230953994
-0.0210799633092583 -0.9688152430776674 0.24688608515716706 17.11867951860557 0.003238918655449848 -0.2470058778550322 -0.9690086196738102 0.18306063969650288 0.9997725254813915 -0.019627027518520704 0.008344789164290446 -0.04246315029018311
-0.018104932469554004 -0.9573353962382449 0.2884114011494497 17.42922376213353 0.006686502312310116 -0.28856815097961114 -0.9574360616879769 0.31745146397071267 0.9998137150738233 -0.015405848513926314 0.011625730449165055 -0.04292732377842689
-0.015289704037467905 -0.9437878769024453 0.3301978992072838 17.745354442209518 0.00983830988149684 -0.33036249426104464 -0.9438029111864739 0.4597031506415903 0.9998347162124176 -0.011181877697856883 0.014336423298512492 -0.033887120023237724
-0.01069647348421818 -0.9276916301915256 0.3731941713914863 18.00619108287113 0.01097011672577348 -0.3733019405058382 -0.9276450542993365 0.6357227079040764 0.9998826274008825 -0.005828547663878654 0.014169900990056352 -0.031553990844382
-0.005727107533081394 -0.9090538041460186 0.4166393227464037 18.349488131474512 0.013808534526636981 -0.4166783374746716 -0.9089491710040315 0.8018253711372691 0.9998882708411324 0.0005475293164604808 0.014939060007752905 -0.0218821823214916
-0.001769974215476756 -0.8879230134234262 0.459988794037866 18.69269227903531 0.01700141632076531 -0.4599497446953797 -0.8877823012813132 0.9931270739070404 0.9998539425434236 0.006249111541969284 0.015910044910856434 -0.01831902558165653
-0.0004271476039970738 -0.864104206361598 0.5033128120293052 18.999041406936602 0.020810031826397693 -0.5032115604300837 -0.8639127358648082 1.2293219865219878 0.9997832982003854 0.010104939009225836 0.018196975034080742 -0.02300746377995791
-0.0002680154911445026 -0.8369675234757109 0.5472524466884748 19.31622619726305 0.02345633092655173 -0.5471071036648538 -0.8367338746513701 1.4728187800003965 0.9997248530801194 0.012612275244047677 0.019778815155998254 -0.02107362643083731
-0.0012215667812517303 -0.8064558091256476 0.591292999880823 19.561529326619404 0.025952523344193255 -0.5911198030031323 -0.8061661143961 1.7483857988196383 0.999662463345225 0.014360759571141222 0.02165165578438425 -0.036153914878458364
-0.0013504930668108211 -0.7731085599876925 0.6342723026266478 19.817545166870524 0.02908634500109488 -0.6340348183829666 -0.7727572686415873 2.068038881994381 0.9995759580269067 0.017405056046000296 0.02334316644977728 -0.04431203554492095
-0.0019174323571422413 -0.7373671170619638 0.6754894398131794 20.11846421918987 0.03175299760066198 -0.6751949779517251 -0.7369555672545058 2.3961072092875777 0.9994938771970994 0.020035747694722054 0.024708248308867337 -0.059397026636855456
-0.0005163209878554413 -0.698898437681146 0.7152207315039035 20.363933066948366 0.03308514071353513 -0.7148411714820956 -0.6985036567674309 2.749530779686385 0.999452373563608 0.02330252098199431 0.023492236469951022 -0.07125721664230306
-0.00020792719778398028 -0.6580063449864891 0.7530123155504502 20.6636323802971 0.03278807003773306 -0.7526119673683833 -0.6576474931394087 3.1428551611196323 0.9994623358654188 0.02455307448484119 0.021731254566167233 -0.07075387483207873
0.0026589965040806135 -0.616232830007846 0.7875595727828788 20.948115078886932 0.031048447811963233 -0.7871317190661804 -0.6160029823762861 3.5353660135150844 0.9995143635341895 0.02609044486944786 0.01704009256209958 -0.08209310082035395
0.0063370158959530415 -0.5713205034523585 0.8207025736366483 21.1552252118117 0.03099147801606529 -0.8202125634423646 -0.5712187706629394 3.952134322847841 0.9994995056169464 0.02905459986291578 0.012508366546411348 -0.08909429438103365
0.006102292363382757 -0.5248729607017345 0.85115870431138 21.41645240387179 0.03151514985073034 -0.8506507473296923 -0.524785663159597 4.403095632333083 0.9994846243119523 0.030026789785644836 0.011350526966309475 -0.111392395050509
0.0048524284095995875 -0.47536203061033905 0.8797768831139359 21.590309922933073 0.030443918208141376 -0.8793092319596449 -0.4752772670891339 4.877072933326987 0.9995246190275034 0.029090103165105602 0.010205101550045358 -0.13696692033656893
0.006560657820456665 -0.42345104196209 0.905895269653399 21.78609148304369 0.02957092507854256 -0.9054364044562939 -0.4234507529535491 5.37766662585726 0.9995410936899369 0.029566277589985736 0.006581578635837259 -0.15041642687369203
0.009468432797377163 -0.3707474367996442 0.9286855250888555 21.95708845458888 0.02783129820172334 -0.9282696463826079 -0.3708651790042324 5.9150902683043745 0.9995678128847271 0.029358025629849516 0.0015291205852304088 -0.16416987948365042
0.00888726961109209 -0.31719902139658807 0.9483173276023231 22.10412543277869 0.027130885946974815 -0.9479292075922 -0.31732344863614814 6.43781927791914 0.9995924004236701 0.02854882499186328 0.0001813929811077587 -0.17005416633924925
0.009072647168134915 -0.26383985701314955 0.9645238008629814 22.234065598576052 0.030978768880109385 -0.9640263445289463 -0.2639951970660539 7.027272244992032 0.99947881131603 0.032274901193273045 -0.0005728386391887085 -0.20734702823945023
0.010804066608947557 -0.21261490562729354 0.9770763469187262 22.35394663162343 0.03479632330273273 -0.9764615883881587 -0.21286591053540155 7.630903535813053 0.9993360046262416 0.03629848186123549 -0.003151537220789043 -0.2319682247193597
0.014166498737265321 -0.1650240428922115 0.9861878329031838 22.44061265313817 0.035730318991835666 -0.9855733431012196 -0.16543449414942674 8.231837341611461 0.9992610397791698 0.03758042339657294 -0.008065755636045826 -0.23015605062818045
0.014318255543121012 -0.11961308132341449 0.9927173449662818 22.51718237913081 0.03704116579226455 -0.9920742618588503 -0.12006978862297184 8.905353473590194 0.9992111035767494 0.03849059238808693 -0.009774163684270629 -0.2651968707238947
0.01351990677709196 -0.07891902779207977 0.9967894195126012 22.527045034063317 0.03592046519606762 -0.9961986720857909 -0.07935947318436642 9.538356925740826 0.9992632092520708 0.036878064374544564 -0.010633704691301035 -0.28087522079798455
0.008514248136090868 -0.043022541310266116 0.9990377891589454 22.55457393287195 0.03197394157443109 -0.998551445190288 -0.04327408900132436 10.231436094894647 0.9994523761555674 0.03231161943422026 -0.007126312945803009 -0.3068659482925238
0.005430058788683117 -0.0149402651960182 0.9998736043052445 22.524928418954644 0.031217112327436784 -0.9993985601715202 -0.015102697291011553 10.90168758743105 0.9994978869986187 0.031295181387833604 -0.004960400617163028 -0.3445157148798867
0.0035511956073151943 0.008091212947567084 0.9999609357688374 22.49786355627358 0.035481217380347534 -0.9993385799240598 0.007960175097704731 11.610809038520353 0.9993640426844251 0.03545155490682893 -0.0038359326832553067 -0.3683797319485117
0.004156716320182266 0.022032497542007763 0.9997486054357634 22.486774538357285 0.040896318048323624 -0.9989245194461525 0.02184430384827706 12.349830444918867 0.999154759734265 0.04079523809176216 -0.005053293874030036 -0.40139334927240283
0.004639278058350985 0.03001392395409898 0.9995387627812014 22.460719565362698 0.04342653360692724 -0.9986124962118319 0.029784550792545317 13.110883645365334 0.9990458387046698 0.04326832232917384 -0.005936241846519058 -0.42752151282216844
0.004987521425546152 0.03472314078375198 0.9993844906353269 22.40826501915401 0.04038149620873926 -0.9985887854611307 0.03449396774556526 13.862656817658902 0.9991718382637076 0.04018460591689098 -0.006382660964415565 -0.4590247455333129
0.011677497357224174 0.03454776195053462 0.9993347755698551 22.40103772362886 0.035807393275145885 -0.9987764526542466 0.03411005190485475 14.641335100433498 0.999290480367476 0.03538525334472087 -0.012900274702977702 -0.507742466984083
0.021877846898027044 0.02904562255610979 0.9993386081758753 22.36670996825686 0.03532944002331075 -0.9989760325100866 0.028261649640905467 15.46490860631859 0.9991362854054153 0.034687767224843784 -0.02288161438794031 -0.5268685043120825
0.023864944032243252 0.023052127552228685 0.9994493554583892 22.34534885225026 0.03477768808516243 -0.9991481389995431 0.022214765975284306 16.30277039989821 0.9991101132498932 0.03422838452982003 -0.02464631503270024 -0.5660116141092569
0.02164508330431683 0.017479981564844177 0.9996129116804964 22.29453568304695 0.03296298780959238 -0.9993160400372914 0.016761031884029765 17.151315027034364 0.9992221634171049 0.03258743293181431 -0.02220647326702555 -0.6054850648839889
0.025771748362761818 0.014764601281125375 0.9995587811973321 22.28483646783795 0.028251681542211696 -0.9995023056452295 0.014035348985835566 18.024740675755368 0.9992685985777966 0.027877505386505255 -0.02617604271753261 -0.6153307714165499
0.023527290814550992 0.012839848342904102 0.99964080423686 22.27688607034087 0.018491227306822112 -0.9997520458512651 0.012406073819368701 18.911389832424295 0.9995522141963439 0.018192698885626694 -0.023758874963286034 -0.6283916614852574
0.016979512179738077 0.011525525989493307 0.9997893626052812 22.265372667370627 0.010057972447869374 -0.9998849372113674 0.011355813175455969 19.82908167133802 0.9998052797804512 0.009863040738209128 -0.017093484968370685 -0.6568724461879328
0.012498640215674877 0.012021346600379238 0.999849657239446 22.263610423496743 0.007614789745686511 -0.9998998757085696 0.011926761376321076 20.736686258370447 0.9998928317667519 0.007464581924322042 -0.0125889345071054 -0.6498235958664502
0.0036990088418526724 0.015679514236892126 0.9998702142123916 22.251304805895174 0.012435663775415483 -0.9998005259918179 0.01563241440692383 21.687071518744432 0.9999158586339848 0.012376226118680719 -0.0038932548500348525 -0.6661499852268168
-0.0012985043698095443 0.02008990293166675 0.9997973437475471 22.239572183288633 0.020419428735697465 -0.9995891965361674 0.02011224501694888 22.646693007319282 0.9997906620210188 0.02044140895525441 0.0008877459059767588 -0.6862337968914328
-0.0035125841328663716 0.024839257719145268 0.999685265912244 22.224464130480506 0.030521204109173625 -0.9992229964789332 0.024935025864077715 23.634451715530503 0.9995279483455872 0.030599189823506803 0.0027517306117994926 -0.732119314956741
-0.0059814458870550875 0.026164213258252144 0.9996398011553941 22.174092511107478 0.039162794214897746 -0.9988845541322545 0.026378787681474832 24.609579021869607 0.9992149756291834 0.03930645875124987 0.004950111019309588 -0.7580036334438219
-0.003868960299165971 0.027298107330477762 0.9996198629576954 22.163379131128384 0.04690829465449566 -0.9985220045874422 0.02744968439836261 25.619862673773277 0.9988916712400504 0.046996660178029025 0.0025827345866079104 -0.7950646657927447
-0.003385539638758248 0.02889097730420746 0.9995768395716567 22.10478164883287 0.049429801554113244 -0.9983557838462378 0.029023103046915397 26.663383918377406 0.9987718824344864 0.049507136630104386 0.0019518982849958113 -0.8335168800558366
-0.005038324475167969 0.029499939593465745 0.999552106170613 22.06852974808696 0.04687171010139858 -0.9984591086899184 0.02970393877273064 27.66060053515546 0.9988881653272992 0.047000372858168764 0.0036478485890863574 -0.8955258480806358
-0.009418785314009297 0.03317369591391231 0.9994051860981031 21.995738586765903 0.042173222786782635 -0.9985470977278088 0.03354267525179822 28.69877800533816 0.9990659746842389 0.042464068462807356 0.008006059041817906 -0.9181477902102738
-0.010914400699270285 0.036729281759341204 0.9992656617658308 21.980116903086234 0.037617769236324705 -0.9986027320961829 0.03711578673603608 29.721132120778183 0.9992325709447958 0.037995240895219023 0.009517475795453107 -0.9450823572517791
-0.0072219668923309555 0.041529145585471286 0.9991112433449921 21.90960062088129 0.03218690387340824 -0.9986098841117056 0.04174096618291457 30.768676009813696 0.9994557247253514 0.032459741180217425 0.005875233004036427 -0.9779668799140303
-0.00970563715635751 0.04743930546141498 0.998826941452974 21.877433565171795 0.02991689144450889 -0.9984130369462816 0.047710352712477734 31.820681815701636 0.999505235463289 0.030344854819636877 0.008270998102639012 -1.0079282571073163
-0.009188884558023165 0.05440772834399885 0.9984765452790926 21.799937864231556 0.0324137927348995 -0.9979777386221257 0.054678861130064024 32.8676282528097 0.999432257105686 0.03286684761947403 0.007406741180148793 -1.0383237121241746
-0.011689390525156683 0.0612182255505274 0.9980560096616503 21.727856069268807 0.03654981634929175 -0.9974309762531344 0.061607976116528615 33.93636357213715 0.9992635000149667 0.03719892213509361 0.009421844778290825 -1.068127976616726
-0.013018671870439827 0.06873105481135268 0.9975502862250133 21.617405899959948 0.0391290429110801 -0.9968357014100185 0.06919248632177945 34.997207447188934 0.999149407446834 0.03993397021802942 0.010288096280458427 -1.106787661187387
-0.01626389111531351 0.07265168008203762 0.9972248073545699 21.52908690128009 0.041438877085297345 -0.9964507393665488 0.07327112763744902 36.05906441684772 0.9990086141409178 0.042515546771469986 0.013195564481862246 -1.1475220870760352
-0.020718273339816278 0.07567598706900161 0.9969172639883033 21.435053394793176 0.043412614031607746 -0.9961226636775604 0.07651788990261155 37.141354419178505 0.9988424278502789 0.044864102305616965 0.017352647017376606 -1.1872075698296134
-0.02452091403155588 0.07614915490406865 0.9967949187542262 21.342669810212136 0.0439793464645057 -0.9960472490701626 0.07717392624461171 38.21285570061963 0.9987314539328412 0.04573076383762255 0.021074993101718436 -1.2323443615412895
-0.026636864348003886 0.07858980351294707 0.9965510943849545 21.257609194086463 0.04396128411114283 -0.995848252926881 0.0797094244402351 39.291981724794084 0.9986781201858369 0.04593287367144814 0.023071367274884746 -1.2709308441187834
-0.02825241578002903 0.07991479699608853 0.9964012728129753 21.155417028856796 0.04443190631089181 -0.9957135132159058 0.08111949030430612 40.37002343440532 0.9986128402120495 0.046563832271430614 0.02458054899593485 -1.3193086432244743
-0.029461520030119426 0.08026859599417195 0.9963378328843305 21.05882589382393 0.043733457695393295 -0.9957124804098094 0.08151140970700278 41.44070447078625 0.9986086767644234 0.04597474252209783 0.025824780439928637 -1.3568397586730157
-0.030859116473520777 0.08222641951621076 0.9961357792856774 20.962218222019054 0.04333625750387811 -0.9955632238928411 0.08352165864572372 42.52721284007108 0.998583806523613 0.045746200599756454 0.02715882036636176 -1.3913603396139878
-0.03482635781212466 0.0826898945987217 0.9959666273340428 20.85996754077917 0.04125978952209575 -0.9956025536814472 0.08410241725144163 43.5931141339004 0.9985412544798139 0.04402235184579456 0.031261431493571606 -1.4238161426728841
-0.03921438359800729 0.08245029296575816 0.9958233949482733 20.748414046593457 0.03663686624537142 -0.9958012100010476 0.08389117752565171 44.665794408181036 0.9985589619972898 0.039773576913116004 0.03602900359905459 -1.4639846313320137
-0.04118763875540818 0.08222803694048807 0.9957621203588886 20.642851769282924 0.035312707851803356 -0.9958654073785363 0.08369720928103384 45.78644687178588 0.998527158067838 0.03861034422757831 0.03811363613394451 -1.5133458879289936
-0.04188691862413199 0.08002076151768599 0.9959127360104999 20.54041984477675 0.03965494834815169 -0.995869035494076 0.08168509247056116 46.90351867007922 0.9983350825258605 0.04291439932165156 0.038540664118207786 -1.548643630609355
-0.04205622343954727 0.07909134500920814 0.9959798572055756 20.442051904225142 0.043122076969709655 -0.9957892227603103 0.0808970884734371 48.01341633872655 0.9981842400681631 0.046350940204163665 0.03846854619985738 -1.5929968441871998
-0.04130803419024082 0.07702355084806672 0.9961731517897063 20.353913743731525 0.04303868030113836 -0.9959616265499894 0.07879186907492382 49.10818070289878 0.998219087108694 0.04612871072510437 0.03782623074023005 -1.6230530642263088
-0.04088294981581326 0.0751082171042496 0.9963370048322504 20.27277761656056 0.04193970956476236 -0.9961628716975965 0.07681601258021786 50.2199681914863 0.9982833872664372 0.04492654862089761 0.03757606151340959 -1.6743963982976282
-0.0443289500053805 0.07160705394585057 0.996447357976231 20.18301531415636 0.042254720041269955 -0.9964009430866388 0.0734835053626121 51.31706911320322 0.9981229395722846 0.04536204577345719 0.04114367309201922 -1.7198054875938353
-0.04834911237921399 0.06550288701737762 0.9966803425438943 20.106470648091317 0.04303478774087646 -0.9967841775072862 0.06759734291381593 52.43586175077758 0.9979029863403313 0.04616019343526201 0.04537471988649999 -1.7745000037903584
-0.051326607581660806 0.05946863762980169 0.9969097208577054 20.008767586071528 0.043428264578925846 -0.9971483715625465 0.061718819551293484 53.588601389666415 0.9977371494600794 0.04646187904111958 0.048597619144207196 -1.8134694411770935
-0.05275416412523558 0.05228939466981071 0.9972375679614601 19.941130353032122 0.04327589172198138 -0.9975702706593267 0.05459614687208228 54.70394990613558 0.9976693587598825 0.04603652129393407 0.05036311478456217 -1.8538027945028914
-0.05239233763169847 0.047222411684656004 0.9975094618930589 19.875458800085685 0.04246575591385143 -0.997872442231118 0.0494700284717803 55.830953597464074 0.9977233021203158 0.044951832499867006 0.050275529862816234 -1.8998637553760733
-0.05133335119613335 0.041244792922974526 0.997829576077188 19.818036234670817 0.042679469833733205 -0.998143460241095 0.04345341401149148 56.97095972492953 0.9977692020230428 0.04481744648851147 0.0494777414372285 -1.9405220185195695
-0.050535185362444064 0.036197836901383174 0.9980660547526313 19.77901290223725 0.04316422723979031 -0.9983300415837268 0.03839296186782063 58.096357987413136 0.9977890357769338 0.045020945345527516 0.04888833694617072 -1.9845820231396205
-0.04751006553527761 0.031796508970295026 0.9983645313965092 19.739878450874556 0.04532849060507471 -0.9983949608925774 0.033954568117990934 59.23250650606877 0.997841733459703 0.04686754159981191 0.04599251642785467 -2.022009052937294
-0.0488816823430956 0.02630511922514767 0.9984581558186854 19.68823334323843 0.046015632405377545 -0.9985324002276798 0.028559878557265984 60.36495227394588 0.9977440687373288 0.04734074309293573 0.04759949257077524 -2.077282969634109
-0.04784623386783533 0.020371720851321398 0.9986470044187042 19.655886977954065 0.04531061616636366 -0.9987185144154702 0.022544057134173547 61.52618601517742 0.9978265238492587 0.0463279487791479 0.04686186828330568 -2.121587657060085
-0.04830503104339881 0.015565751372047795 0.998711364113038 19.644687153631736 0.041529505052729676 -0.998982621893505 0.01757865538918182 62.67966245405215 0.9979689172210515 0.04232513070980122 0.04760944293690388 -2.1705010658702526
-0.04772573534175332 0.011534517171956861 0.9987939236472729 19.625171759460198 0.0371889415406188 -0.999219525057361 0.013316446226122016 63.82828464531129 0.9981679018271811 0.037779632739804656 0.04725954039911432 -2.2060115279556527
-0.048982122047931384 0.008373480908272071 0.9987645050115855 19.601426202887424 0.03638483574159164 -0.9992861891668717 0.010162268661305793 64.95992164867006 0.9981367476149108 0.0368376550161751 0.048642491214803074 -2.246840130227857
-0.04786849341929085 0.005088599952798426 0.9988406910295721 19.589780590115154 0.03817233989464934 -0.9992472107676033 0.006920044022548913 66.1246252851174 0.9981240173115555 0.03845933141876942 0.04763821418689401 -2.284294372567881
-0.046926212806030564 0.002184295346310718 0.9988959892559361 19.571265367882464 0.03852724222662811 -0.9992496128964591 0.0039950058654123575 67.29085459516662 0.998155063623976 0.03867217696507415 0.04680684570248948 -2.313963547765158
-0.04816876412615201 0.0010379094329346751 0.9988386724054406 19.549093741074493 0.03849691017833534 -0.9992545816415307 0.0028948482725417975 68.45717359927565 0.9980970610357095 0.03859164683062396 0.048092895767682456 -2.355092450680257
-0.04946566540803881 -0.00010828859769302073 0.9987757854481774 19.53486667437511 0.03924958906994551 -0.9992277484071401 0.0018355504038999378 69.62379509156086 0.9980043613047959 0.03929233072287423 0.04943171381517883 -2.396590374458989
-0.04998986716820865 -0.0006105909822012867 0.9987495338493094 19.527624134500527 0.03902847096783015 -0.9992372324693001 0.0013425831228055978 70.79021043980772 0.9979868937914127 0.03904677300842491 0.04997556963750868 -2.431706870161812
-0.05070193080079506 -0.001862460597273202 0.9987120904429698 19.51453987287297 0.037931280254098504 -0.9992803978941164 6.21507775437867e-05 71.964514599109 0.997993259624117 0.03788557341998845 0.05073608869491131 -2.470310474437928
-0.049801230129273386 -0.003987059548304974 0.9987512242306557 19.522335671710078 0.036547833019983725 -0.9993295817197372 -0.0021669645295648906 73.14825597721926 0.9980902754591129 0.03639427705152923 0.049913561849010385 -2.4974323993615273
-0.04657170183993632 -0.004186948785135455 0.9989061705625464 19.566433378727776 0.037249719426149026 -0.9993029756403774 -0.002451928246663096 74.33413145479933 0.9982201523174905 0.03709478306041386 0.04669520748031364 -2.5430765383975067
-0.04379974797346079 -0.004023971939062449 0.999032209156235 19.579617202069546 0.037011550107503385 -0.999311925144049 -0.0024024309800055096 75.53989769664243 0.9983545184944369 0.03687050857637742 0.04391854311750954 -2.5684147607436243
-0.04354274404237511 -0.004253543544514068 0.9990424825862337 19.584127659352667 0.039971187672286496 -0.9991976364902759 -0.002512079859564112 76.73073227789614 0.9982516398927928 0.03982352941524815 0.04367782053265078 -2.6022990352795436
-0.04425299839589046 -0.004229706663534056 0.999011373979033 19.576111508356696 0.04295084371451538 -0.9990745278627305 -0.0023273880568371918 77.92433035080842 0.9980966646351922 0.04280538700220433 0.044393706258620755 -2.645414423810718
-0.04623232938275079 -0.0047871215623463475 0.9989192383742053 19.572479584444665 0.04312752660627064 -0.9990656249499966 -0.0027917801933882696 79.11626038396442 0.9979992776043434 0.04295184235345137 0.04639558433274746 -2.6826643596818123
-0.047082064002443136 -0.005203266029232884 0.9988775222957825 19.577076735549284 0.042056446553568695 -0.9991099917554205 -0.0032221479841392365 80.27230489775388 0.9980052633767802 0.04185752091500869 0.04725899575786341 -2.725070347184265
-0.046810629750995814 -0.006016966948524221 0.9988857077662857 19.586755300473012 0.04003499866066494 -0.9991896615436419 -0.004142644428144692 81.44186150037525 0.9981011840012595 0.03979646755871904 0.04701358129463754 -2.769710674148699
-0.04538412805814581 -0.006325206591499681 0.9989495857032965 19.594345757333468 0.03957490214682368 -0.999206312163099 -0.004528870662746372 82.62090507604516 0.9981853655355009 0.03932779047927682 0.04559843022124477 -2.806293629178528
-0.04360622966646873 -0.006092780474307442 0.9990302440744246 19.5928573577277 0.040719692847721756 -0.9991612173721837 -0.004316223366188022 83.78041446229471 0.9982186517040372 0.0404919849830588 0.04381775703865226 -2.8354214791884944
-0.04433174145820595 -0.006195713174297752 0.9989976954124419 19.584347310319487 0.04283322381855332 -0.9990730082585594 -0.004295402781355216 84.95615583248166 0.9980982156535195 0.04259986584515884 0.044556019716765025 -2.870821036916726
-0.044327577865394784 -0.0071339226053411375 0.9989915770125887 19.591289448868395 0.044802069542314416 -0.9989827037895148 -0.005145885326250007 86.14676325299209 0.9980119544378487 0.0445287819886932 0.04460209165490964 -2.9071042579265356
-0.04580140262268484 -0.0067438233272348845 0.9989277485749983 19.593844350674036 0.04458263044736004 -0.998994618275776 -0.004700134862671101 87.31632468447698 0.9979552549074857 0.04431955589809307 0.04605602089846058 -2.9507311533492886
-0.045227379681081606 -0.007332088926920024 0.9989498416895239 19.602952230643655 0.04318582829932161 -0.9990525539889585 -0.005377607580586669 88.48024880759502 0.9980427635434564 0.042897262541770925 0.04550117367004005 -2.9891393965781865
-0.04414253360483128 -0.006742008797550917 0.9990025385436836 19.60405206084758 0.04327116823964247 -0.999051649911781 -0.004830334190323119 89.64320577872557 0.9980877387691407 0.04301477875638077 0.04439240351661208 -3.0347265674739563
-0.04282475311609635 -0.006616744427291291 0.9990606711425909 19.61025802232244 0.04385266722252662 -0.9990268224376407 -0.004736773345689239 90.80852774739166 0.9981197272741499 0.04360861761102308 0.043073235553737016 -3.0618679241197744
-0.04118045996842322 -0.007484955282941769 0.9991236535788456 19.62414650026465 0.04642383695118128 -0.9989063301177595 -0.0055698943575636 91.98075625360016 0.9980726537208465 0.046153779989534835 0.041482900086182606 -3.1024144736646453
-0.03873136373045433 -0.00768301533315705 0.9992201685640782 19.634840269395184 0.04835929847533598 -0.9988130674295678 -0.005805402461610177 93.14457568642733 0.9980787555860371 0.04809672603719024 0.039056931160022124 -3.1467643992854004
-0.038318489242051904 -0.008629033094865533 0.9992283401171062 19.63693680717254 0.049922268958307855 -0.9987306210068131 -0.006710309910708528 94.29766342230575 0.9980176995898038 0.04962660862822439 0.038700630248864804 -3.2020005938679645
-0.040392212358629255 -0.009261400459590327 0.9991410091053223 19.62966980994784 0.05226102330719603 -0.9986079422342018 -0.0071437048841231825 95.44015098790082 0.9978162297438475 0.05192757267368896 0.04081999459283102 -3.2520235109068065
-0.04194004899784719 -0.008561321427097701 0.9990834259135865 19.62790808227501 0.05188568295106028 -0.9986326565107744 -0.006379373829573793 96.62288672703895 0.9977719210429968 0.051570568414444476 0.04232691550862143 -3.3014369368060184
-0.04405690364188821 -0.009907927871183624 0.9989799335376277 19.634082234378607 0.048344898472094264 -0.9988004385115151 -0.007774046106232177 97.7584650042691 0.9978586187436099 0.04795308044150748 0.04448305215340341 -3.349307120201131
-0.04759148214013968 -0.009475079114731052 0.9988219306208606 19.63314158846557 0.047309665380802286 -0.9988541931018557 -0.007221192312001677 98.91654512202824 0.9977459508831885 0.04691026223522186 0.04798520524199541 -3.38921077608484
-0.048431927556229215 -0.009166141311988937 0.998784407903935 19.638534929367193 0.046147203785783145 -0.9989106805425613 -0.006929580714956977 100.07408939243557 0.9977598306921459 0.04575549256012197 0.04880215809879043 -3.4297212454587758
-0.047148974018659535 -0.009793252691632833 0.9988398362401705 19.639981636340732 0.04648167356655805 -0.9988902162607822 -0.007599637173473355 101.22714342018521 0.9978058492306133 0.04606942763250083 0.04755186027944154 -3.469534190127816
-0.04581966036041601 -0.00959306814854085 0.9989036248713462 19.64491784502902 0.047606568150402755 -0.998838725800291 -0.007408731912376048 102.38297928453026 0.9978146764767671 0.047214907960914244 0.04622314616070687 -3.5149995163703314
