-0.004000521676177827 -0.9999816868240268 -0.004552285686678138 0.6569474434179919 -0.0005357322686900948 0.004554464272192872 -0.9999894809778714 -0.34533757042724395 0.9999918075335378 -0.003998040904536316 -0.000553942596015047 -1.0017759163837852
-0.0031247667092784625 -0.9999889992898601 -0.0035188359157545318 0.9550636335727426 -0.0012568564833679537 0.0035227770697179796 -0.9999929908272321 -0.41345681323637673 0.9999942195907207 -0.0031203216844592537 -0.0012678502604395211 -0.9983934035922742
-0.0028008096693822038 -0.9999939780163617 -0.0020729806710276955 1.5343753438726822 -0.0010673600731626557 0.0020759763100810973 -0.9999972833823287 -0.4199144679816892 0.9999955114591021 -0.0027985902347142082 -0.0010731679406988932 -0.9937187834550097
-0.0028623324708802406 -0.9999893770111822 -0.0036218011648344304 2.328585469763887 -0.0006616130589456853 0.0036237082476961767 -0.9999932527550786 -0.4367567599508507 0.9999955915038111 -0.002859916135652259 -0.0006719779768159389 -0.9886562104639455
-0.002281818068925626 -0.9999935098184205 -0.002806765504812218 3.4365362645288546 -0.0006311943135104642 0.0028082119052029167 -0.9999958846465397 -0.39847827479337466 0.999997127428516 -0.002280036610896966 -0.0006375978362772931 -0.9791142018845445
-0.0020079604881756427 -0.9999955454382533 -0.0022051716656983807 4.552380678680169 -0.0007214181927914351 0.0022066239638343305 -0.9999972764581134 -0.4173345623311553 0.9999976710946965 -0.002006364954104896 -0.0007258457756586889 -0.9745261654771454
-0.0020498881979235436 -0.9999978501795542 -0.00039237344798225774 6.5725561568622 -0.001972874025338886 0.0003964172919452653 -0.9999979402992853 -0.3965826786065276 0.9999958991404201 -0.0020491097268746103 -0.001973682094021723 -0.9493510982762607
-0.002079707362019829 -0.9999971687242142 0.0011939026319277473 8.036767550209902 -0.0027662113034799137 -0.0011881476268268566 -0.999995426536373 -0.39423299242981935 0.999994014879797 -0.0020830009961184236 -0.002763733011153318 -0.9419030769379225
-0.0021028235170560275 -0.9999964261331811 0.0016642087951127147 9.753228611067927 -0.00319890443520062 -0.0016574774272005927 -0.9999935287778271 -0.35841782947272977 0.9999926698099324 -0.002108133550473106 -0.0031954080557433785 -0.9172067349000267
-0.001962604899418974 -0.9999963295737543 0.0018931677938969146 11.305988120771337 -0.0030677813182905544 -0.0018871417239951218 -0.9999934454972769 -0.3410852629674393 0.9999933005490599 -0.0019683996303910536 -0.003064066376585907 -0.9112900011982148
-0.0012296792816874642 -0.999992394800377 0.0037298483078916827 12.841442610891187 -0.0013658986314617513 -0.0037281683908700763 -0.9999921648461043 -0.3386017437285707 0.9999982820880209 -0.0012347640795044718 -0.001361303527442463 -0.893729629105579
-0.0003003449141709873 -0.9999902940571596 0.004413929290533069 14.332877596296314 -0.00017833169523379623 -0.004413875752987082 -0.9999902511747361 -0.3081692908112868 0.9999998764023847 -0.00030112928834575073 -0.00017700413284193353 -0.8914548370136244
0.000572427023550235 -0.9999905148094234 0.004340460369833104 15.828913547821335 0.0007849436099096287 -0.004340009832504499 -0.9999902616243947 -0.2916180534611187 0.999999519527657 0.0005758284308337493 0.0007824518089542597 -0.8845822554005216
0.0007056504195480182 -0.9999866556065932 0.005133458111989986 17.326313406687735 0.0007747770540531718 -0.005132910246842148 -0.9999864718294819 -0.26244394371367663 0.9999994457542538 0.0007096186337096893 0.0007711448272941326 -0.8725875902944885
0.0009893712937357885 -0.9999869002565466 0.005033999864390394 18.7868690259356 0.0016911254575913313 -0.0050323223052731415 -0.9999859325980961 -0.2587744966365713 0.9999980146740264 0.00099787034682014 0.0016861250115373485 -0.8592195748862418
0.0018498204467993235 -0.9999826148457833 0.005606266512112915 20.217109413258605 0.002157203196884209 -0.005602272450139625 -0.999982011625517 -0.24365560562555433 0.9999959233337622 0.0018618804875481058 0.0021468020033403017 -0.8436635973858777
0.002791008878006285 -0.9999812665726099 0.005458532932781678 21.65995565239402 0.0027257718883573058 -0.005450924482067387 -0.9999813674341117 -0.21796467005994846 0.9999923099806737 0.0028058357236781916 0.0027105076040611024 -0.8324641479307624
0.0020592144066139146 -0.9999857661498438 0.00494044037807976 23.11279748755704 0.0033852134780408506 -0.004933451763408814 -0.9999820644689801 -0.2009529701166407 0.99999207365765 0.0020759027716802953 0.0033750063567948995 -0.8272260202585463
0.0004469350122753499 -0.999985483109698 0.005386903645288913 24.5326745440277 0.003299227710714417 -0.005385400189197792 -0.9999800309592658 -0.1851153908780206 0.9999943999902948 0.0004646986661945851 0.003296773176922441 -0.8230524811917752
0.0005560186212392546 -0.9999871383123654 0.00504850754175202 25.948462735278127 0.0016769232592150414 -0.005047568812238472 -0.9999858858191011 -0.17154684969546324 0.9999983782510411 0.0005644764310587785 0.0016740951909992134 -0.8123213549258168
0.002762883685697798 -0.9999871713920913 0.00425503546110024 27.38017621784294 0.0008279007549508393 -0.004252762354943898 -0.9999906187107498 -0.16685402060242288 0.9999957820869316 0.0027663802908798503 0.0008161406692460957 -0.8057640647256356
0.004096769765825313 -0.9999826242823878 0.004264146564303992 28.78209304322481 -0.0007304305247580069 -0.004267172495683204 -0.9999906012675379 -0.1506136015580225 0.9999912949722026 0.004093615960983989 -0.0007478993701421097 -0.801633600883692
0.0034482792850877245 -0.9999880540356553 0.003468723689310646 30.190826575201974 -0.001643471150594383 -0.0034744071201243606 -0.9999926572534055 -0.14638317614482965 0.9999925886089018 0.003442553041765677 -0.0016554321649633677 -0.7957417560931931
0.002152415494884494 -0.999993511588083 0.0029062301313146077 31.57675221309477 -0.0018904766338408924 -0.0029103006737797848 -0.9999939446568258 -0.1320085435294106 0.9999958837956152 0.0021469084914381344 -0.0018967288211047156 -0.7904817708648721
0.0013929958058432838 -0.9999960332364706 0.0024893955374060348 32.95516172158004 -0.0009213021536797122 -0.002490680205076037 -0.999996479824028 -0.11556191329501297 0.9999986145715982 0.0013906978925566256 -0.0009247680007672471 -0.7801972864037134
0.0005705324026455561 -0.9999980080298465 0.001917283569797706 34.3294074514598 -4.3852391309710397e-05 -0.001917308952391711 -0.9999981549757354 -0.09479503239234421 0.9999997366481905 0.0005704481482275807 -4.494605025384843e-05 -0.7605738360509795
0.0017220280071009366 -0.9999978566120723 0.0012487100241428207 35.65394017481696 0.00026699068303243827 -0.001248251526248181 -0.9999991896226427 -0.07826656821637906 0.999998412790628 0.0017223608079098042 0.00026484081914724745 -0.7578818061143313
0.00370421650999515 -0.9999932239178955 -1.2115400872955533e-05 36.97292521619263 0.0005974984770602075 1.4328364453562031e-05 -0.9999998398432265 -0.07230378332558635 0.9999929197879762 0.0037042080275023637 0.0005975481255512863 -0.7504109982213575
0.004939819701870848 -0.9999851208784356 -0.002351119206315022 38.281175207287575 0.0004801577482651127 0.002353518827846333 -0.9999971136759315 -0.07279956692253148 0.9999876042587933 0.004938676200466008 0.0004917764702828175 -0.7364474265425197
0.0053066977698523685 -0.9999754541569357 -0.004575667721814171 39.557200142981394 0.0006513276571625225 0.004579187108623453 -0.9999892640448474 -0.0683482737083555 0.9999856772890902 0.005303660143464704 0.0006756119115241767 -0.7302808726563189
0.004969326326803339 -0.9999539705946524 -0.008216197465886036 40.81659537148665 -7.768645860362433e-05 0.008215913001696693 -0.9999662483086552 -0.06461905889002378 0.9999875702125083 0.00496979642893307 -3.6855128500035996e-05 -0.7235701072386392
0.003694348192086779 -0.9999299834944533 -0.011251779488752984 42.08249551938689 -0.0009288668014336369 0.011248420729679989 -0.999936327996522 -0.060509453600791685 0.9999927605256713 0.003704563913453378 -0.000887246121766772 -0.7157263516334453
0.0022915885395853007 -0.9998739577957564 -0.015713180349948418 43.32523610260914 -0.0010026562500468903 0.015710913750104225 -0.9998760491677334 -0.07701814215050479 0.9999968470865465 0.0023070591362719974 -0.0009665268896895257 -0.7077892909967857
0.002783863819501983 -0.9998147172225559 -0.019052816794625813 44.58877057459694 -0.0007092568737193068 0.01905091564681526 -0.9998182818966493 -0.09668483806032696 0.9999957951266052 0.002796872493581142 -0.0006560900663172405 -0.7008409464157571
0.002801659284977876 -0.9996759183679449 -0.02530506470842306 45.8120134844835 -0.00024171271625066416 0.025304482838196963 -0.9996797334324966 -0.12279993727753513 0.9999960253012126 0.0028068785828743916 -0.00017073982317483797 -0.6924770679156929
0.001919012445122506 -0.999491023287377 -0.03184451085516004 46.99743615804235 0.0008953876254620886 0.03184626519783138 -0.999492364734427 -0.14927032852343403 0.9999977546728319 0.0018895251958429976 0.0009560453570461178 -0.6872843781730645
0.002125461471158408 -0.9992307846329224 -0.03915772159849317 48.123851288775015 0.0024223000804448887 0.039162835335620164 -0.9992298700329368 -0.1618255084637349 0.9999947243108395 0.002028973107902692 0.0025036751932214275 -0.6840045677623747
0.0034005297619842598 -0.9989276641913297 -0.04617541662296713 49.27651873988528 0.003858205955379725 0.04618844307497136 -0.9989253426889108 -0.19875279923513556 0.9999866807298942 0.0032187221195849013 0.00401113416304438 -0.674257005280988
0.004635549593600109 -0.9983988446162736 -0.056376879113220556 50.44701466886117 0.006314804974262479 0.056405585484269126 -0.9983879562012042 -0.2509491095336199 0.9999692811519463 0.004272068208957151 0.00656616492213077 -0.6636662115193251
0.005090757499288967 -0.9976409199375947 -0.06846043002246432 51.594292300315885 0.008444596518516385 0.06850175768976756 -0.997615215928572 -0.29819942453190174 0.9999513225409699 0.004500497250066057 0.008773399810943489 -0.6569096252002891
0.006104341703710176 -0.9965788135592775 -0.08242261769762521 52.71662760387698 0.010270669061569336 0.08248227394624766 -0.9965396018009209 -0.34901322554806924 0.9999285436922389 0.005236686991195189 0.010739034350042193 -0.6520775898185854
0.007380084359076113 -0.99511400474905 -0.0984567706120453 53.82570845345203 0.012321322652784175 0.09854246240318842 -0.995056527631544 -0.450688267132164 0.9998967679152553 0.006130478230247179 0.01298837323773548 -0.6488992741287818
0.008874469547096744 -0.9931556414560366 -0.11646109062797755 54.93335378804177 0.012712876967649637 0.1165683056414687 -0.9931013808525548 -0.5629019039472174 0.9998797291917071 0.00733269037085695 0.013660344811434586 -0.6449478620970618
0.008804151558456833 -0.9906089238596201 -0.13644273008429011 56.01711866934626 0.01271994719267722 0.13654791399008787 -0.9905517837757978 -0.7427068376912662 0.9998803245957936 0.006985429280994663 0.013802674451455305 -0.6368653375242561
0.007950696238821161 -0.9875705202549749 -0.15697542691341995 57.08198933139005 0.0120870999130226 0.15706389606448734 -0.9875144877781554 -0.916145865868802 0.9998953078460722 0.005954051670706667 0.013185637696691512 -0.6380941313249354
0.007839440580177834 -0.9840573178308032 -0.17767918061283927 58.152493878792974 0.00973091987101367 0.17775124015777155 -0.9840273579558415 -1.1039699374641418 0.9999218593854615 0.005985242715493453 0.01096924926205062 -0.6385980903457172
0.009504144862462427 -0.9799507532034443 -0.19901345369021223 59.18361932406445 0.004660036302164693 0.19906374303548852 -0.9799754240248406 -1.2864578118878347 0.9999439975549247 0.008386418808772174 0.006458536102049094 -0.6365258463479202
0.009972650728220312 -0.975147403688543 -0.2213326473844731 60.20412867337727 -0.0005133702481238611 0.2213386794947119 -0.9751968161798039 -1.5100577766051864 0.9999501402146153 0.009838929076183342 0.0017067217770677986 -0.6439357673772168
0.008801682405863808 -0.9696156505517928 -0.24447544067215016 61.194924469486175 -0.005895427852923319 0.2444303080153915 -0.9696489498680182 -1.7435318853441684 0.9999438361679003 0.009975829086837902 -0.0035648994212552766 -0.6485021900462785
0.005958923547094541 -0.9624046194314038 -0.2715547428278535 62.20636210369106 -0.010803258279777824 0.2714817550020281 -0.9623829102741821 -2.056065316732065 0.9999238026907936 0.008668440547433995 -0.008779363549122609 -0.6459200050422098
0.004972866192125933 -0.9545945218674575 -0.29786694475811365 63.159466753172104 -0.013578836367246635 0.2977786522080847 -0.9545383807210099 -2.3878398640702985 0.9998954177500986 0.00879147490855297 -0.011481466400210553 -0.6520228830325518
0.005883401877040127 -0.9460810790983557 -0.3238768185902969 64.10163923327461 -0.01621334511721227 0.32374957187294306 -0.9460039323643178 -2.70079618138855 0.9998512209937876 0.01081684797879242 -0.013434383749983174 -0.6605716257998843
0.007434199047598843 -0.9366449283064927 -0.3502015964676205 64.99503937655244 -0.021081130219812252 0.3499866032127261 -0.9365174987678733 -3.032527325986575 0.9997500443151757 0.01434490337265059 -0.017143662260324974 -0.6567537471621295
0.006363028368610129 -0.9249372081085653 -0.38006700460823306 65.88622396865931 -0.024425590867505165 0.37981743356372627 -0.9247389158338024 -3.4083974706379436 0.9996813206185758 0.015167505420998758 -0.02017535193233641 -0.6619108190694653
0.0010750434406925366 -0.9121433085396201 -0.4098702616750296 66.76816444946093 -0.02371098300349785 0.4097319538942258 -0.9118977962708343 -3.8184908551385925 0.9997182532657748 0.01069875907075294 -0.02118733433491835 -0.6772531438641758
-0.005533766812620936 -0.8991256215874892 -0.4376557705947226 67.61951336875717 -0.024491508017133724 0.4376530326215529 -0.898810314651372 -4.2223204628448965 0.9996847257993231 0.005745038330411472 -0.024442810808931938 -0.6761327541122844
-0.009367335891168508 -0.884777817574968 -0.4659190474950094 68.45582066495524 -0.02594377309549678 0.4659976342599841 -0.8844054456707289 -4.663056617306246 0.999619454122976 0.003803174674112777 -0.02731962836881555 -0.6871359968310509
-0.007143381197824865 -0.8689030297099043 -0.4949309189938676 69.30892192994271 -0.026474080292435268 0.49493431753304784 -0.8685270062141278 -5.114960434893915 0.9996238819286299 0.006898625098238728 -0.02653891533522284 -0.6881232438238871
-0.0005691190135638079 -0.8511883526746832 -0.5248601325815033 70.11358111185477 -0.02562457712285512 0.5247001829966319 -0.8509012745955744 -5.616634648834194 0.999671428391527 0.012965051447494364 -0.022109963983068078 -0.6824273004696705
0.002094681579678054 -0.8314350395586932 -0.5556181398680753 70.8965864900066 -0.02604502116939528 0.5553855482796589 -0.8311850463060807 -6.135966101647051 0.9996585340863076 0.016212158785725135 -0.020491394859337014 -0.6874249057971127
0.0003649937529433241 -0.8098155806878937 -0.5866843937530433 71.60350016154592 -0.020988791904572014 0.5865490469889371 -0.8096417148614877 -6.693025188217916 0.9997795843783347 0.012609308861336542 -0.01678296274188018 -0.6796388535215712
-0.0036581460702859742 -0.7885237729835873 -0.6149934382738201 72.32746565981522 -0.014215137969451785 0.6149763308728788 -0.7884174068861264 -7.2390936929640235 0.999892227836766 0.005858064438586734 -0.01345864690259281 -0.6851834275837769
-0.005318935342406109 -0.7646827712821236 -0.6443849940918938 73.0111782640173 -0.011457479684339612 0.6443984233398606 -0.7646041575249202 -7.839188402588502 0.9999201632340959 0.0033161494806235817 -0.012188856997454391 -0.7033269836598077
-0.004348849343616019 -0.7401385430706964 -0.6724403958191345 73.67356278437343 -0.01351795202965735 0.6724287988310641 -0.7400383472861441 -8.440385157177891 0.9998990957096389 0.005871695483595053 -0.012929446587447898 -0.6986908555725986
-0.004528763207033579 -0.7160215531494244 -0.6980634998908049 74.32180411709292 -0.01373192043398156 0.6980493906483074 -0.7159179544672687 -9.067130223265185 0.9998954654819832 0.006343526123250813 -0.012993654441273837 -0.7058886623112023
-0.006210404618172488 -0.6890910012849103 -0.7246482817442339 74.9383658216896 -0.012083062081580425 0.7246609678963553 -0.6889995358505743 -9.736528392500357 0.999907720128452 0.0044770034568836475 -0.012826765278182533 -0.6875854263616055
-0.007221566915366188 -0.6626998219944563 -0.7488503844233015 75.47882439785523 -0.009854476759293698 0.7488807221101247 -0.6626315960277057 -10.39296774621665 0.999925306907916 0.0025942901879521495 -0.011938651194758367 -0.6841239330073472
-0.006707703363836515 -0.6349636134499174 -0.7725129559667243 76.00926651204593 -0.007677420700438598 0.7725403006032676 -0.634919371903079 -11.097229064269646 0.9999480395705067 0.0016720599131840892 -0.010056859239430907 -0.6870093419769421
-0.007494817975508876 -0.6072312185934162 -0.7944898348507041 76.54197685520603 -0.0064006360431172 0.7945250193404583 -0.6071977097430302 -11.788276684271608 0.9999514269575903 0.0005344031135721301 -0.009841485364949276 -0.6859393564295267
-0.00978783880258875 -0.5787718103904527 -0.8154308077052578 77.06856181519582 -3.186542636890357e-05 0.8154700465414919 -0.5787993182828567 -12.470796957451354 0.9999520577120607 -0.005639211078920647 -0.00800013273890314 -0.6800461799138453
-0.013685347316870192 -0.5488378961998003 -0.8358168124856605 77.58715383680094 0.008841584265458977 0.8357959159074864 -0.5489690028701593 -13.21308692851446 0.9998672547115531 -0.014902774699872454 -0.0065855575906159985 -0.6792341837693608
-0.016300833092478356 -0.5172597131037023 -0.8556732769125499 78.0445379311224 0.01667493264455073 0.8555272889996325 -0.5174890856685287 -13.961622893386687 0.9997280285729127 -0.022703797695642566 -0.0053205389071540035 -0.6519364003730115
-0.0149865496829826 -0.4863031101285005 -0.8736616843226178 78.48316239980062 0.02124401436926801 0.8734077787632465 -0.48652604397450033 -14.734638943601418 0.9996618933730279 -0.02585142486880837 -0.0027583370802638147 -0.6372931513805568
-0.011237917815563235 -0.45274840499093977 -0.8915675591342163 78.89406653940397 0.02103301132190655 0.8913195346471106 -0.45288758124775375 -15.57323043458377 0.999715571200301 -0.023841863701432285 -0.0004939142315471073 -0.6198990878780031
-0.005048770465786989 -0.4185032261966724 -0.9082013331323173 79.24444544288248 0.019975344594116155 0.9079893734218724 -0.41851660963416143 -16.400502219778204 0.9997876865461498 -0.020254630073767245 0.003775514043914826 -0.5832704404959871
0.0006909894888196145 -0.38412916346081116 -0.9232791626818666 79.58681927090956 0.02072120847747194 0.9230866403770582 -0.384033468082598 -17.251835953960793 0.9997849809096163 -0.018866102858245845 0.008597461134122276 -0.5598991230614201
0.007619610588526433 -0.3497200667599433 -0.9368232932519288 79.91033588335489 0.023262253920961387 0.9366589236139834 -0.34946948723067733 -18.077907942148855 0.9997003122004007 -0.019129802057877787 0.015272250797490262 -0.5354113149895305
0.013939447379935539 -0.31282101436493004 -0.949709855309335 80.20014907790281 0.025414139879221195 0.9496060517337038 -0.31241385972412167 -18.94276069710865 0.9995797993005627 -0.019781183140140476 0.021187060886360708 -0.5228076782588141
0.017385197920140674 -0.2763147857700227 -0.9609099384427673 80.48116320551857 0.024592430488396294 0.9608826273046112 -0.27586193617755894 -19.853438067099475 0.9995463580975018 -0.018835199127776085 0.023500384775248184 -0.5041074476545198
0.019490972895727744 -0.23953067848792833 -0.9706931369408045 80.70755885842118 0.023663998891789988 0.9707160655819117 -0.23906112832507373 -20.749950687173136 0.9995299124626305 -0.018310950958952715 0.02458846152236073 -0.4920304375668897
0.019476653125115873 -0.2036884007295291 -0.9788420667587427 80.9132586711075 0.02287636187106304 0.9788622429360514 -0.20323739315965345 -21.664334627083228 0.9995485416367205 -0.018433966855338286 0.02372460393883283 -0.4732941887515816
0.019485935718278845 -0.16851680557523424 -0.9855062096870959 81.0731208258244 0.02170314388643949 0.9855323135201585 -0.16809213128096623 -22.616372696888472 0.9995744791715938 -0.01811314849195873 0.02286136076156275 -0.45462762451651184
0.014858668992774299 -0.13312694493104066 -0.990987710628541 81.18986440988188 0.01990036432719807 0.9909400989641167 -0.13282214870767664 -23.53958841209314 0.9996914626988082 -0.017747455895990926 0.01737332204310897 -0.4247684793188689
0.011647621331473153 -0.09969553545381929 -0.9949498929802988 81.26153574416125 0.02303389038713221 0.9947800583152925 -0.0994088678579145 -24.48861445234546 0.9996668184810634 -0.021759694272511426 0.01388319035323437 -0.4064921867556434
0.012034615406743243 -0.06853751595462164 -0.9975760485937377 81.32491213356248 0.028550206301083198 0.9972650129201874 -0.06817172193113691 -25.440649368679832 0.9995198711327642 -0.027660578370007002 0.013958461673069482 -0.3924662337875615
0.007749516796024748 -0.04020071993655699 -0.9991615656715964 81.37117260427078 0.03072788593546569 0.9987293051827318 -0.03994500131903779 -26.397324841793036 0.9994976531098891 -0.030392570051943693 0.00897495102124361 -0.3520554636888243
0.006930079498119226 -0.01450849892222696 -0.9998707702271371 81.37426357491307 0.029208888108873895 0.999471042105341 -0.014300245706746612 -27.375917633149438 0.999549282482386 -0.029106016804922245 0.007350189396539859 -0.3224136645649538
0.0055908536375099465 0.008590153191548253 -0.999947573095816 81.34290464569831 0.026506224360952336 0.999610515546191 0.008735460517643243 -28.338119524347373 0.9996330091018925 -0.026553676742999126 0.005360980816299163 -0.3102454423180397
0.003825699302812456 0.028560958359222306 -0.9995847719803739 81.31108712582143 0.024328323751696475 0.9992935145969867 0.028645756909229755 -29.319116052446315 0.9996966906096268 -0.024427811966858753 0.0031281541002009363 -0.27904498993456567
0.0029373867881921163 0.04621464075038635 -0.9989272832520296 81.28368805315773 0.0262954830550247 0.9985825268271683 0.04627601901800736 -30.289308654428527 0.9996498768667956 -0.02640320703129503 0.001717984384639665 -0.25202136884681836
0.0005425076855001499 0.05966551714231923 -0.998218361210808 81.24696091539478 0.03128031692654412 0.9977289563319528 0.059653263055934956 -31.27053476541438 0.9995104112598336 -0.03125694949444399 -0.0013250820274528276 -0.2341805726750288
-0.0018062448498863443 0.07186586725488776 -0.9974126860097732 81.17812732484725 0.03532367230656905 0.996796420458885 0.07175748954503981 -32.2445377969415 0.9993742747336025 -0.035102673675587094 -0.004339026608998472 -0.1991748806245366
-0.00752321728032353 0.08197577809594853 -0.9966059182863242 81.09631254274403 0.039288324316646875 0.9958888071427976 0.08162021116068892 -33.221666112761746 0.9991995682803794 -0.03854093260625236 -0.010712978862473915 -0.17321318404253433
-0.009301116480315261 0.08948045118834816 -0.9959451659906102 80.94683168955451 0.043801018027591725 0.9950687948029762 0.0889926451145366 -34.20681785852945 0.9989969414572639 -0.042795683522227936 -0.013174591322660854 -0.1294438020596577
-0.010415773256625302 0.09308133797714703 -0.9956040391093761 80.82924247042747 0.04861063824228911 0.9945279746753947 0.092472177114574 -35.194511861379155 0.9987634390558568 -0.04743377510018189 -0.014883521418769276 -0.08936465721013578
-0.011789644986502387 0.09656806665260421 -0.9952565758997813 80.70827295354485 0.052296038447838 0.9940231213359876 0.09582889490618408 -36.15272386535301 0.9985620182081836 -0.05091819394313178 -0.016769306349484803 -0.03874182829477219
-0.012521322076654448 0.09882240269108286 -0.9950263540406067 80.60659103042154 0.05506629703791371 0.9936623870778526 0.09799397945045349 -37.133048046819354 0.9984041902631762 -0.05356540353382838 -0.017883755001198036 0.009357676181864432
-0.013169008412499421 0.10206553394620828 -0.9946905701261839 80.51894565538413 0.05847391508626744 0.993152981914777 0.10113360955496295 -38.12736860716372 0.9982020275711878 -0.05683161649498939 -0.019047013502277277 0.06310290505350388
-0.014123120387509172 0.10369681924983612 -0.9945087057837386 80.41302508418174 0.06169435261251054 0.9928032496658132 0.10264286808614341 -39.11195011015391 0.9979951416613567 -0.05990593663843326 -0.020418989278304118 0.12111871637682357
-0.015251985847347504 0.10605398424282672 -0.9942434314678656 80.29613672703621 0.06299680897650828 0.992485499230706 0.1049000144584982 -40.141889280572904 0.997897135408429 -0.061034235617271185 -0.021818433383358395 0.18322682368900745
-0.01565987742837299 0.10914312661300597 -0.9939026794569826 80.18434821528129 0.06272528037110091 0.9921738599628243 0.10796500636189632 -41.16491712821751 0.9979078888217018 -0.060652101246792524 -0.022383362534450956 0.2360798847579921
-0.015802317140948614 0.11109646851217567 -0.9936840246737003 80.06529562363694 0.06208460055328515 0.9919994040931055 0.10992079967491623 -42.17761227212087 0.9979457246406979 -0.059955470415156094 -0.022573266952156754 0.2984555922905643
-0.014668176885439584 0.114166331818868 -0.9933534271675076 79.9425257921378 0.0631461035536208 0.9915829402323346 0.11303040994791808 -43.216159808081926 0.9978965203707307 -0.06106844168152681 -0.02175388334689482 0.369695333492633
-0.013388131822856968 0.11702335902115497 -0.9930389540386092 79.82671710523456 0.06506183553957473 0.9911253338381606 0.115920747350392 -44.26395406129948 0.9977913961688394 -0.06305697406208202 -0.0208830720153035 0.42938019935033267
-0.011275680840017035 0.11903226867112099 -0.9928264152941791 79.70807969722192 0.06708471412174635 0.9907425667827439 0.11802046356299792 -45.309230878176564 0.9976835053414056 -0.0652727123434295 -0.019156545942726574 0.500357911621979
-0.008610431548656056 0.1212707889318072 -0.9925822006245245 79.59493416225294 0.07061440699911635 0.9902146594988694 0.12036889398809546 -46.33758905475686 0.9974664843178165 -0.06905416978620357 -0.017089638950213246 0.5755102055336553
-0.004704347763262335 0.12351005318082652 -0.9923322131954231 79.45265835685032 0.07437729268646533 0.9896377535601888 0.12282201293426637 -47.35933475522941 0.9972190134141016 -0.0732291887650786 -0.013841941796926396 0.6500961881500699
-0.0017069463449743577 0.1259998725758188 -0.9920288297446563 79.30475536490923 0.07623610105284032 0.9891595419048703 0.125504259011311 -48.38993671377686 0.9970883254572217 -0.07541418826412331 -0.011294186559895782 0.7285412779712633
0.0006757492307872152 0.1288860293035978 -0.9916591735369736 79.19013848819003 0.07474094087589919 0.9888792319050256 0.12857556400006057 -49.43391882947801 0.9972027201472141 -0.07420442474954841 -0.008964827335812608 0.8103783636401725
0.002397960691900616 0.1318285807623098 -0.9912696787248854 79.08422032476014 0.07153158440002347 0.9887106033523421 0.13166132004746384 -50.48953625903879 0.9974354307328926 -0.07122281028981509 -0.007059022044242667 0.8802737970550706
0.003402361644911922 0.13434628077953048 -0.9909287001065621 78.95821400063534 0.06952191542794768 0.988504866693272 0.1342563556338995 -51.550057738810544 0.9975746194605152 -0.06934804473347136 -0.005976759338183643 0.9599496624559901
0.004028714708128462 0.13707926133088888 -0.9905519102136249 78.81717204765134 0.0695459539211371 0.9881231325716741 0.13702596031734704 -52.59663394533467 0.9975705614385775 -0.06944091500337289 -0.0055524422798024255 1.0302001572889015
0.0031310445887681336 0.1383149148040811 -0.990383455248858 78.67373968467734 0.0720829015102527 0.987780584690511 0.13817929608708282 -53.65703518893761 0.9973936542818598 -0.0718223603762585 -0.0068773572792790085 1.0946711052280405
0.002852732759888599 0.1384103623926395 -0.990370941667096 78.53431340380246 0.07445502842581715 0.9875965746217501 0.13823708314255576 -54.706911699484806 0.9972202635531553 -0.07413244393111496 -0.007487998381638715 1.171857126539322
0.004322161535534864 0.1397419811823042 -0.9901785385373535 78.38777243817553 0.07524995049781089 0.9873347756834585 0.13966915957955683 -55.7785489313482 0.9971552515101462 -0.07511456079566967 -0.0062481602189932515 1.254173773725964
0.006989136704070605 0.13889223411595214 -0.990282866778526 78.24345921649875 0.0740363761217128 0.9875170991830002 0.13902692588202506 -56.8506521759262 0.9972309978393253 -0.0742886262914787 -0.003381188887070629 1.3304722658780028
0.010431368568960386 0.1389291656046757 -0.9902474653514879 78.10877186861752 0.07377657036772653 0.9874952373360465 0.13932018268015667 -57.943397054881906 0.9972201893871464 -0.07451036117015523 5.121059499330023e-05 1.4157790264889825
0.014094416150235134 0.13806029935478123 -0.9903235816581121 77.9835550326059 0.07461821172182488 0.9875150105596942 0.13873073917824974 -59.039024611280404 0.9971124825334148 -0.07585149357515189 0.003616634290070756 1.5038198928078252
0.018007255853945293 0.13820968989667132 -0.9902393039893198 77.83627532600279 0.07452732191289087 0.9874591794719436 0.13917686613828673 -60.1054604040596 0.9970563579839358 -0.07630607973973746 0.007481028674111286 1.5793017459402052
0.02099205512007375 0.13923293739070078 -0.9900371710119186 77.70031656089294 0.07344219750834934 0.9873651519296682 0.14041437970938814 -61.17902447465671 0.9970784589063357 -0.07565809552608854 0.010501252950258215 1.6600198425752655
0.021000440307567692 0.13841155704552824 -0.990152117236972 77.53738150433128 0.06841896981018786 0.987849819403651 0.13954081771120277 -62.25660489716899 0.9974356044892257 -0.07067561086606436 0.011275300288781346 1.7363421470169598
0.01722902201999034 0.13837138997853934 -0.9902305772223589 77.3837567625183 0.06057397386844458 0.9884139319895346 0.13917146672774477 -63.36252641319505 0.9980149895923255 -0.06237998758829362 0.008647699990474997 1.804477828034049
0.011271886518786998 0.13948296702226778 -0.9901603756837168 77.23482412357416 0.055764477341270546 0.98859453832909 0.13989722954820016 -64.47721088950081 0.9983803051248559 -0.05679267910593091 0.0033651331521233237 1.8678234232606596
0.004872841463617106 0.13927355986429238 -0.9902420174130113 77.05162356630983 0.05736967398925371 0.9885838456226175 0.13932263032258366 -65.56011732293871 0.9983410411454638 -0.05748876404628956 -0.003172867086234709 1.9292888190030846
-8.635369112425001e-05 0.13966038068324005 -0.9901995024180201 76.88732227781728 0.062343822822168125 0.9882740462693897 0.13938345516669057 -66.64707998125986 0.9980546740307288 -0.06172078719830059 -0.00879230957826538 1.989119235518486
-0.0036951490951290214 0.1384336726611868 -0.9903648703101323 76.7215312839579 0.06800830783894918 0.9881133377402216 0.13786515682625802 -67.74960256487572 0.9976778313141365 -0.0668436135765709 -0.013065863645092338 2.036047115183568
-0.0037146333153387267 0.13847686104204904 -0.9903587915430552 76.55524372202542 0.07087929752590694 0.9879111046312617 0.13786877787859877 -68.84842279862043 0.9974779598775625 -0.06968380059983616 -0.013484868315922693 2.1266256792756018
-0.001614542610972679 0.1379173260149052 -0.990442463568204 76.40534501481808 0.07009957418552452 0.9880228142108092 0.13746613295028512 -69.99536284355739 0.9975386233856045 -0.06920764785506393 -0.011263160599836536 2.201315632546243
-0.002031179046140093 0.13719516896176273 -0.9905420019629285 76.26185593738604 0.06530188774157542 0.9884479657002557 0.13677117954900775 -71.13136320274498 0.997863469159605 -0.06440646085877805 -0.010966819654115435 2.275191564445712
-0.0003019917483968713 0.13660924034649355 -0.9906250060598562 76.11282286194242 0.0628143532887559 0.9886713870156726 0.13632069583812978 -72.25717295986694 0.9980251037394584 -0.062184299145544145 -0.008879595267275529 2.347106546742793
0.0011131662617954255 0.13559358440288777 -0.9907639972260263 76.00071636453224 0.06326324869872507 0.9887703625617852 0.13539181253223465 -73.42449819656564 0.9979962076092892 -0.06282966108381631 -0.007477428703580382 2.414749044247991
0.0014374009775904666 0.1345376716300335 -0.9909075125892792 75.86321893839238 0.0675491639648648 0.9886321249392158 0.1343266761963292 -74.57294286686577 0.9977148662700407 -0.06712805415086207 -0.007666848616806195 2.4815855505112325
0.0011797243998182194 0.13523925582312712 -0.9908123461050755 75.69792278542134 0.07068360565605886 0.9883234263151448 0.13498373317485024 -75.70920423029825 0.9974980155248869 -0.07019343334619299 -0.008393252514963217 2.5585601326340925
0.0022274144572957417 0.13405841861365017 -0.9909709820277905 75.54585300009958 0.06899310020232198 0.9885914783701126 0.13389160245825146 -76.84373602435937 0.9976145672796857 -0.06866839517499737 -0.007047104827408307 2.632423981931852
-0.0007916618192841966 0.13495117845026908 -0.9908519537871013 75.36460653888257 0.06321396620724008 0.9888772438896896 0.13463177406488547 -77.9608904605915 0.9979996336236158 -0.06252910068857952 -0.009313658070405191 2.717564643443836
-0.00037122026071137524 0.1354594738994566 -0.9907828571796653 75.19072334063166 0.06095195961668019 0.9889438284931407 0.13518516332396321 -79.09188089951284 0.9981406201914911 -0.06033997400720859 -0.008623639232429191 2.794081069170367
0.003026570758735592 0.1346647293045138 -0.9908866309885922 75.04027728215944 0.06320984368685964 0.9888838531387047 0.134585613142774 -80.25042120989313 0.9979956688628995 -0.06304112121154279 -0.00551921089744023 2.8747313440895055
0.0025639350266638307 0.13369756536600164 -0.9910189844778674 74.90831808534024 0.06660338495857883 0.9887987979070667 0.13357035686198 -81.42893425409494 0.9977761367113204 -0.0663476765620515 -0.006369493933730342 2.9276307259846144
0.0033528730071110922 0.13275506781636195 -0.9911432734453324 74.76769343218129 0.06634398339831295 0.9889354984773338 0.13268380646136124 -82.64311374255578 0.9977911159488366 -0.06620126476009727 -0.005491723484444719 3.0061539478009864
0.0034141462473163495 0.1323980758575117 -0.9911908100082574 74.61006119019399 0.06310172411840959 0.989192593448853 0.13234852142405248 -83.80576608034738 0.9980011644653941 -0.06299771095435819 -0.004977297696169304 3.075737307707493
0.002319102557139607 0.13189209724719206 -0.9912614077015491 74.47519463010751 0.061555625471981186 0.9893654685139185 0.13178386012255072 -84.99356316125173 0.9981009479189191 -0.0613233284897295 -0.005824262071058099 3.1507014054346247
0.0004798295300944578 0.13269281592860036 -0.9911571754055492 74.33001351424154 0.06242295657850064 0.9892202128005093 0.1324637876202764 -86.20861996941666 0.9980496717845948 -0.06193451702315409 -0.007808424430603771 3.22247857612876
-0.0014552256636760064 0.13173477952675453 -0.9912839528348372 74.1678392346413 0.06240964848917545 0.9893645104158535 0.13138816371156833 -87.3899551000124 0.9980494709874874 -0.061674483478681943 -0.009661273752177204 3.29434591134603
-0.0016823705348658394 0.13007002644202145 -0.9915033810150345 74.01102953833053 0.06249819959503938 0.9895800620381832 0.12971173151276102 -88.61331630577796 0.9980436208365974 -0.06174894525474534 -0.009793987503317336 3.359629938166881
-0.0019800090858445654 0.1286379097341886 -0.9916896716128627 73.85649887403501 0.062031825768075255 0.9897975304278749 0.12826864618231681 -89.79869453521336 0.9980721463756873 -0.061262345291540246 -0.00993945334203012 3.4354621688479927
-0.003481327066138716 0.1276477476709362 -0.9918134549046795 73.69235830751225 0.060208583493987826 0.9900468250767215 0.12720900933531262 -90.99999306736501 0.9981796894590501 -0.0592728282378818 -0.011132165010582595 3.510107711822111
-0.0022965750548198226 0.12866934625368986 -0.991684911047383 73.55325200825035 0.0596429104850771 0.9899397189714547 0.12830475620102638 -92.22711170654269 0.9982171517761251 -0.0588523206133408 -0.009947687916634968 3.574963642299649
-0.0029608736516350403 0.12743181228712513 -0.9918430066112647 73.41164790829292 0.05855524555713638 0.9901675051898486 0.12704170805706633 -93.45129806248845 0.9982797630659495 -0.05770145811267444 -0.010393561538213523 3.6477681958749666
-0.0019847623139688624 0.12659725813722017 -0.9919523068868983 73.28240420475002 0.05926291231316155 0.9902256239549633 0.12625829992846183 -94.65822884058443 0.9982404245780093 -0.058535384811476555 -0.00946788664099429 3.711523603035191
-0.002163242914631206 0.12560034536305592 -0.9920786136948314 73.15324934463995 0.061609554752480235 0.9902130222200889 0.1252297660595966 -95.87939907937624 0.9980979467061492 -0.06085061455637529 -0.009880252305457388 3.779271413697
-0.00023214684695134263 0.1234467775833987 -0.992351267921944 72.99100449650336 0.060709967896547125 0.9905225298675697 0.1232050660012857 -97.10442787742392 0.9981553603122193 -0.06021700226600748 -0.0077243990206182275 3.8521461077657704
0.0017074073362542057 0.12255924858082874 -0.9924597257850143 72.84551833282575 0.05952260028649088 0.9906890264334273 0.12244296856538213 -98.33390949163218 0.9982254395089192 -0.05928284595475786 -0.005603539469681185 3.926119045382478
0.005739982517308758 0.11966538503534203 -0.9927977244266256 72.69211471898117 0.059322290741308514 0.991024709525558 0.11979470026859453 -99.59515003746313 0.998222270476124 -0.05958265278352928 -0.00141036304286646 4.011867635492301
0.009055397053367052 0.12053300932343823 -0.9926680805363857 72.54782874706682 0.05886904050159963 0.9909226574964615 0.12085807157942599 -100.84186398751281 0.998224638959007 -0.05953183396752545 0.0018775364501717208 4.082650830035945
0.0109668954173988 0.1217565141612469 -0.9924994312843615 72.39555725147513 0.05661439917534754 0.9908913051449593 0.12218476256608109 -102.09405553891123 0.9983358144808145 -0.05752975174952764 0.003973830437642013 4.15787157380505
0.013589750008915264 0.12234944480135695 -0.9923941040668923 72.23782608749781 0.05485234603174008 0.990899975096186 0.12291631920190993 -103.33679412127874 0.9984020070703241 -0.05610554717824646 0.006754924894898809 4.230122560119949
0.01617216617659226 0.12361919988754434 -0.9921980083080721 72.0837153452509 0.054115985499601 0.9907650379749273 0.12432270515824231 -104.58143297672444 0.9984035859186448 -0.055704335689108736 0.00933303984848049 4.299054486050131
0.015361230530096357 0.12553662652272923 -0.9919701736398017 71.93266490484503 0.05434373849312231 0.9905159781851978 0.12619409653763758 -105.8226862961024 0.9984040119724807 -0.05584586393286513 0.008393411284705986 4.363110611547613
0.015948607544490626 0.1280257647703962 -0.9916426476128116 71.7830261268337 0.052496000727176265 0.9902936685310864 0.1286958985635398 -107.04931066879509 0.9984937615731334 -0.054109791529914616 0.009072958924423054 4.437039479301597
0.015641539291577907 0.1310523691712487 -0.9912520424512481 71.65495914667117 0.04896207913612462 0.9900835956796858 0.1316704700588358 -108.32626218897757 0.9986781226127371 -0.05059328548235284 0.009069835028736371 4.4966931165691575
0.01772436464903941 0.13485610127297074 -0.9907067326605535 71.4966228832955 0.04792430524302728 0.9896088343865231 0.13556405302903174 -109.59284912563885 0.9986936048387299 -0.049881719443704155 0.011077300964437547 4.568883542787531
0.023357974044893128 0.13824885873359555 -0.9901221066836436 71.32130094887384 0.05234475204894261 0.9888646607628148 0.13930812458804345 -110.84849013242602 0.9983558460303732 -0.05508165452460342 0.01586126519229214 4.64008541511133
0.02466115585996872 0.14607791249159424 -0.988965685374153 71.13973761546065 0.05546759624873768 0.987542682921582 0.14725094535656436 -112.07512993593244 0.9981558646281151 -0.05848692553957465 0.016251351218449433 4.70584943680139
0.022314516146288696 0.15446287834692982 -0.9877465940551212 70.9549446184375 0.051917563151250574 0.9864805068109113 0.15543774198451468 -113.29410905324863 0.9984019763097414 -0.054749909566812 0.013993497042800201 4.781416617459611
0.02191255089751672 0.16538643336541253 -0.9859854283662112 70.75160794066146 0.048914588701194514 0.9848637440380896 0.1662853073222843 -114.4967924372641 0.99856257119928 -0.05187280786962432 0.013491065064393914 4.850075031399679
