1.0 -3.3881317890172014e-21 8.973255284975244e-20 -8.673617379884035e-19 -3.3881317890172014e-21 1.0 -4.336808689942018e-19 0.0 -4.72604679898497e-19 4.336808689942018e-19 1.0 0.0
0.9999967988435678 0.002519308509591154 -0.00024204222754146192 -0.003394927837259281 -0.0025189095480510413 0.9999954886086219 0.0016357114065367626 -0.01640183361345629 0.00024616199251109133 -0.0016350965043533067 0.9999986325478101 0.7716227013104731
0.9999885683626369 0.004781795441815073 5.890745482628393e-05 -0.006828483377437251 -0.004781920884454428 0.9999858205148642 0.002344441565445034 -0.029441391810292455 -4.7696008749541014e-05 -0.00234469640062559 0.999997251122499 1.5322169573685092
0.9999809125376065 0.006122207805551005 0.0008376941636592562 -0.0026811610210828053 -0.006123818811295795 0.9999793813508244 0.0019334907206058844 -0.04993624996427648 -0.0008258398468572279 -0.0019385835940619438 0.9999977761115691 2.283092547393344
0.9999655832243972 0.008283375009228065 0.0004578971625790795 -0.010258564828245375 -0.008284034337322492 0.9999646282510222 0.0014555226289287714 -0.057942601354229045 -0.00044582426404834216 -0.0014592656785619618 0.9999988385245806 3.0132209303276154
0.9999632251983714 0.008543759526953588 0.0007470064141649123 -0.0030107215140194304 -0.008544832679399074 0.9999624540636034 0.0014441979362605586 -0.07435377444808293 -0.0007346395401620208 -0.0014505278593729698 0.9999986807380252 3.7341766202511613
0.999960795527387 0.008691238580190913 0.0016950357616116055 -0.009144077562576639 -0.00869529532990903 0.9999593127365626 0.0024002903957148726 -0.09042727827645218 -0.0016741054675993568 -0.00241493508214793 0.9999956817360506 4.430884996515526
0.9999548733299459 0.009315194812560709 0.001862732111069612 -0.004302306452779106 -0.009324310425842924 0.9999442982196035 0.004945904859092796 -0.10110943666310258 -0.0018165563328233205 -0.004963050309628953 0.9999860384504506 5.11075034831732
0.9999557519967096 0.0088115069360432 0.0032950441353514996 0.008643070962255604 -0.00884093322939975 0.9999201938643673 0.009024883281399249 -0.10905745914052377 -0.003215258623848819 -0.00905361510491912 0.9999538441389233 5.7609262062881035
0.9999573919408851 0.008174016054906643 0.004289205080364558 0.008355161848121077 -0.008227505024711796 0.999886706863829 0.012604583036670763 -0.12376123860278704 -0.004185689383960882 -0.012639335289289996 0.9999113611952859 6.400141006368988
0.9999551123087507 0.007324276582340287 0.006009962758189302 0.012210183722801832 -0.007414443470058468 0.9998581965774417 0.01512022658131907 -0.13251176946566595 -0.005898366164424898 -0.015164108579034814 0.9998676211138074 7.014904004355563
0.9999470620549222 0.007403758526452208 0.007146033952516811 0.021397548645331436 -0.00751107859453523 0.9998576264442276 0.015109891117653013 -0.13955027499916045 -0.00703314720568243 -0.015162765432714895 0.99986030150085 7.57973304615226
0.9999329012867344 0.008619440828801327 0.00773915119180664 0.029078298800621464 -0.008715984979299814 0.9998835276793535 0.01252881653583804 -0.14850133733880813 -0.007630258941488087 -0.012595430318288393 0.9998915610339122 8.13380254894061
0.9999234888773408 0.008531657188317108 0.00895668493105736 0.03383973002148613 -0.008616727580676657 0.999917720212702 0.009502655429171981 -0.1524976361489769 -0.008874875354512235 -0.009579105609427818 0.9999147309099573 8.660916870685872
0.9999216049594256 0.007049550023605782 0.010348784807581968 0.04725370345856497 -0.007132629991636913 0.9999424530286317 0.008013085974722795 -0.15520863036644472 -0.01029170203874705 -0.00808627171037419 0.9999143420119426 9.163912043031239
0.9999206743797703 0.0034937006502058494 0.01210117126961901 0.05871192980176375 -0.003562474192745795 0.9999776047582615 0.005666299007408558 -0.16920212294419829 -0.012081104716739264 -0.005708959571736573 0.9999107208619683 9.615146014575222
0.9998995051227879 0.0014095491606543468 0.014106349808658903 0.06627839115255646 -0.0014811217561049067 0.9999860746100859 0.005064618478081621 -0.18748545013050286 -0.014099015746732559 -0.005085002684149081 0.9998876702671264 10.062239324063608
0.9998518106885869 0.005589935917289338 0.01628195914369465 0.07120256732309031 -0.005639102926845723 0.9999796753735622 0.0029753432745159075 -0.19021213959746286 -0.01626499687871918 -0.003066717923782327 0.9998630139378508 10.469992959004095
0.9997662673260472 0.009476457456502429 0.019432060325802563 0.0718354950276295 -0.009516569655947797 0.9999527656716668 0.0019727493917197697 -0.19357904085813699 -0.019412449795106552 -0.0021572148598684327 0.9998092370022862 10.854738305044448
0.9996964169663252 0.010230718470537598 0.022414473814070704 0.08629981682740465 -0.010297978828144413 0.9999428078096169 0.002887376108187249 -0.1958437466865925 -0.022383653762225585 -0.0031173233449781537 0.9997445952240578 11.20368716522091
0.9996512387677121 0.006196366510528867 0.02567125665761014 0.11029644355059717 -0.006287420516963178 0.9999742204656146 0.0034677029157375644 -0.20553224890395777 -0.02564910926914465 -0.0036278994522155506 0.999664420766673 11.519962053658075
0.9995998627549414 0.001163584291939076 0.028262324337962715 0.12757625387995739 -0.0012583920999982346 0.9999936367553045 0.0033370088279588038 -0.2161085206876628 -0.028258263744967666 -0.0033712387096977606 0.999594970489754 11.810433544109586
0.9995325682551474 -0.0021729172720997454 0.03049455826602504 0.14368152886693503 0.0020324415717880946 0.9999871840507725 0.004636830174210619 -0.22335929037232655 -0.030504246043682973 -0.004572684255854901 0.9995241776940801 12.064137832641103
0.9994585835021715 -0.0031851255783771804 0.03274753711463206 0.14776375830638896 0.0029966053684162106 0.9999786694252912 0.005804250944271976 -0.22502394173442336 -0.032765328075525395 -0.0057029767952035655 0.9994467970725373 12.293133962030488
0.9993843263706215 -0.0022096255183963916 0.03501555592769851 0.16176466555356359 0.0020430456991614005 0.9999864308012487 0.004792380886785206 -0.2257214371505078 -0.03502567286559659 -0.0047178918468219234 0.9993752728281298 12.506508131347319
0.9993086891517933 -0.0011248007620643697 0.03716015007740793 0.16890580211418096 0.0009910402354199846 0.9999929613461439 0.003617796982001886 -0.23524388745437846 -0.037163960475016335 -0.003578468647388738 0.999302769502063 12.68210556408646
0.9992090826711696 0.0008617167243301947 0.03975508770979641 0.1712429489205205 -0.0009720929291853087 0.9999957233812642 0.002757154898179557 -0.2401813455243626 -0.03975254555945888 -0.0027936198774847305 0.9992056539475661 12.861693556230078
0.999125421456091 0.0036048120304732504 0.04165820975701699 0.1766229791698675 -0.0036985899479266802 0.9999907951091191 0.00217426463178677 -0.2412156524083595 -0.04164999181618538 -0.002326439683647342 0.9991295534347899 13.032447480374495
0.9990763349936973 0.004802184005969541 0.04270158467794853 0.1835398453322784 -0.004844775821919484 0.9999878681385925 0.0008939881258686277 -0.24851056271366825 -0.04269677627358616 -0.0011000419411663276 0.9990874668677103 13.18025076136094
0.998993620977808 0.004269454136847607 0.04464873371098906 0.19631326933672008 -0.004243418818699812 0.9999907644940121 -0.0006778868728441016 -0.2543106152078722 -0.04465121985062982 0.00048774138074649887 0.9990025145281799 13.335309112404053
0.9989300283796466 0.0029910729007007384 0.04615037051456373 0.20937337028829206 -0.0028858103626404398 0.9999930841298343 -0.002347325392034527 -0.2591648762236105 -0.04615707655421028 0.002211632584059652 0.9989317474905189 13.473604868463466
0.9988612250607 0.002205000244320416 0.04765912657034015 0.21928961608355582 -0.002050127309720371 0.9999924585999798 -0.003298238428835706 -0.2638181268865736 -0.04766604432169491 0.0031967751383969096 0.99885821633932 13.610440654347872
0.99880900763083 0.0028095723449977883 0.0487101208701251 0.22892456700713273 -0.0025949600099914255 0.9999866486413632 -0.0044685917539844435 -0.2651110097766654 -0.04872202943712781 0.004336868787102967 0.9988029637278067 13.748481799472401
0.9987356305860524 0.0035084936494220622 0.05014811281197037 0.22553416223798348 -0.0031748063993701525 0.999972303270547 -0.006732147124622728 -0.26581171349223165 -0.05017034830453279 0.006564424534825978 0.9987191061434003 13.871304206792011
0.9986970046434643 0.0037229578603033774 0.050896228507101904 0.23935837382466058 -0.003271222510761757 0.9999545400721163 -0.008956044623176847 -0.2715465412445148 -0.050927261849792835 0.008777881931975113 0.9986637852844192 13.995346812607284
0.9986551435863651 0.00306132508626338 0.05175457463381756 0.25155702228598764 -0.0024899191243036604 0.9999352759166663 -0.011101563027695834 -0.2739367652235482 -0.05178521460219177 0.010957768026049333 0.9985981304969683 14.118733409788558
0.9986750894733795 0.0019283932046693616 0.051423198357433746 0.2554111835979931 -0.001254718924026486 0.9999130189630921 -0.013129658473171796 -0.2805608631196398 -0.05144404890617473 0.013047740410176712 0.9985906415635282 14.24792336707964
0.9987712733326197 0.001667791539485853 0.049529461082788544 0.26021623975554037 -0.0009592655240212687 0.9998969214904899 -0.014325470557717636 -0.2825787146398373 -0.04954825120781411 0.014260356030074948 0.9986699251768902 14.37325250812451
0.9989160682651842 0.001739337292080813 0.04651519193882564 0.26485298307038974 -0.0010334116188546799 0.999883999391909 -0.015195986012085199 -0.2810873717489162 -0.046536230847962136 0.015131444895161453 0.998801992342907 14.496470019988092
0.9990871040715115 0.002298831516319002 0.04265760581805531 0.2688421242599861 -0.0016039897042114846 0.9998656005659733 -0.01631590219486398 -0.28775165769839184 -0.042689383513474094 0.01623258437760865 0.9989565153625153 14.625059980841828
0.9993060825897851 0.002807564657153869 0.03714135901177939 0.2650432079040257 -0.002151790347422124 0.9998413084370829 -0.017684388013951332 -0.29173039596003925 -0.03718511777789435 0.01759219529003356 0.999153528973132 14.757505453487465
0.9995285123698859 0.0024683131664626954 0.03060493075213503 0.2584685892451925 -0.0019058145147890536 0.9998289780793884 -0.01839492208025377 -0.29473567523398914 -0.030645103649301838 0.018327920769095955 0.9993622795507257 14.875089501300877
0.9997271760817845 0.0027025503635547074 0.023200647804514675 0.2624195343700502 -0.0022571719632177114 0.999813082831894 -0.019201591519675362 -0.29641214139923167 -0.02324820670219324 0.019143984474981546 0.9995464110863215 15.006817224061875
0.9998853674298056 0.0023922766886682713 0.01495069990043607 0.2543141799027052 -0.002087998077585796 0.9997910441096579 -0.02033472063354369 -0.29546243221988516 -0.014996223990563672 0.020301172717649644 0.9996814384605365 15.1335026697542
0.9999846570208617 0.0014994731021849012 0.005332909883977604 0.2505641046375455 -0.0013834777037865207 0.9997638204593796 -0.021688470815984615 -0.30126927860255637 -0.0053641721243951656 0.021680760665352076 0.9997505525197585 15.27918593458628
0.9999726060581657 -0.00017816610328538242 -0.0074000277638412715 0.2378780959240757 3.8136171188506894e-06 0.9997225571184792 -0.02355439247690842 -0.3065404678777778 0.007402171826529277 0.023553718035295844 0.999695166823355 15.43031775943469
0.9997181493413535 -0.0009090625412214142 -0.02372325811723058 0.2202867815728263 0.00030764478867955584 0.9996787783548947 -0.02534274413742742 -0.3120809742380365 0.023738677094077655 0.02532830246910779 0.9993972923037517 15.579797653178327
0.9990832695006406 -0.0006460423774553771 -0.04280423611401266 0.19547940547294027 -0.000483579351777801 0.999652003133374 -0.02637480909007324 -0.31489612425016 0.0428063827653696 0.02637132933899861 0.9987352873659854 15.75556887719351
0.9979161440789965 0.0002400662874366313 -0.06452378826970755 0.1668006208163528 -0.0019552839135501487 0.9996463461161382 -0.026520882231419875 -0.3191433989748273 0.06449460742145033 0.026591778082370402 0.9975636898048651 15.946865100404926
0.996117864169505 0.0005416342609960469 -0.08802788349989855 0.12152744439800806 -0.002771173756412767 0.9996784023350619 -0.025207413686511866 -0.3228669488230098 0.08798592808574783 0.025353495137325 0.9957990134954334 16.14887963272141
0.9934042311026974 0.0013058668005053332 -0.11465744900252817 0.07177226134445058 -0.004086321986227767 0.9997031619028913 -0.024018413641279143 -0.3339070768635798 0.11459205735695156 0.0243285202523758 0.9931146869944112 16.382315370096126
0.9894844545139145 0.0021985446743381593 -0.14462252371012158 0.009822346842575477 -0.005446855759313973 0.9997416258639019 -0.022068498835155523 -0.3396324857238509 0.14453664883557643 0.022624174227955197 0.9892407696221837 16.60611825987109
0.9840505572614455 0.0026246511967922253 -0.1778696239837808 -0.059560749372958584 -0.006089859163358787 0.999802099401635 -0.018938574390360688 -0.3457596121609285 0.17778472360842681 0.019719714874936525 0.9838718033369197 16.868077599885737
0.9767779249973617 0.0034289882858385867 -0.2142268031405457 -0.15083554225321935 -0.006889666616815042 0.9998575265908014 -0.015409714222508157 -0.34936537123819456 0.21414346661742129 0.016527819645322173 0.9766623884118367 17.123533489645318
0.9671926645492244 0.004565575790269641 -0.2540029493573435 -0.2531199099093624 -0.007445415163763357 0.9999184348769549 -0.010377622643147792 -0.36583302045954835 0.2539348767828143 0.011928316875235562 0.9671477605738207 17.38145982707663
0.9554228956010521 0.008695863733595597 -0.2951126355084955 -0.38696774875085116 -0.011000886009435239 0.9999205635591321 -0.006151293464941379 -0.35896799354457126 0.29503573051170995 0.009123587053783416 0.9554426608398158 17.664573125953687
0.9412912279990285 0.012058857492986743 -0.33738019762835686 -0.5248760412714677 -0.013525628461595338 0.999906533508331 -0.001997223619719133 -0.36423597080640324 0.3373246138025553 0.006443248379356363 0.9413663484926401 17.95323625242065
0.9249629151309879 0.01426763419576839 -0.37978943764603157 -0.6935205029396668 -0.01409166036421863 0.9998954474704944 0.0032435896117498047 -0.3645208241934682 0.37979604484523843 0.002351663506155549 0.9250672673985177 18.22699044936073
0.9057565475783043 0.017391772798858934 -0.4234413579314305 -0.8711622656724262 -0.014363721581150566 0.9998433531067558 0.010341491459964665 -0.37122839186260137 0.4235549192069776 -0.0032846795042507084 0.90586447931494 18.52958706732432
0.884099959236852 0.02144642169785531 -0.4668054197345067 -1.0742463294672193 -0.015512574797085246 0.9997426762566897 0.016551303636845115 -0.3710849591331976 0.4670403021770462 -0.007391653161931541 0.8842051445064583 18.818596212564536
0.8596811844405865 0.025913923754002775 -0.5101732174351079 -1.2865379745650443 -0.01796636335285899 0.9996283907597432 0.020500784576960567 -0.3685085965864121 0.5105149276894904 -0.008458181381500729 0.8598272947996703 19.09510646625725
0.8319251109916816 0.029248016449190648 -0.5541165469245606 -1.5409811390221102 -0.019587096605008087 0.9995354165449385 0.023351463220971654 -0.3710017459042145 0.554542145504601 -0.008573134072657479 0.8321114924633798 19.39133427225806
0.801746842578523 0.03246949733263112 -0.5967811146967126 -1.8011633553773345 -0.02212242382940194 0.9994511574402445 0.02465744097384002 -0.3540326729032819 0.5972542346073675 -0.0065667805804585 0.8020251099812324 19.649782714530645
0.7682584154595057 0.03492065272250592 -0.6391866000574034 -2.0968431805176144 -0.022855774677174732 0.9993706563269757 0.027127503444129595 -0.35491863788431927 0.6397316993124369 -0.006231828149805813 0.7685730582135187 19.944353871994412
0.7315975028437279 0.038363931094473766 -0.6806564885804798 -2.405032938358907 -0.024317625178897465 0.9992485298634903 0.030183198498495482 -0.33896331020462317 0.6813030017263048 -0.005530003049021528 0.7319806572927815 20.20911752917749
0.6933774917789869 0.03922244062553262 -0.7195062294362288 -2.7267131506881035 -0.02259413575232803 0.9992099182485934 0.0326962968606586 -0.32503876345145 0.7202202475485489 -0.006414255166482632 0.6937158599724197 20.463507606629957
0.6526402522379666 0.039042637609582764 -0.7566613016501568 -3.099555440866303 -0.020496185768496676 0.9992157317076624 0.033879601255074394 -0.31490038828444605 0.7573906965058308 -0.006602520792101895 0.6529286260543707 20.73820159826553
0.6106570967760422 0.03762820559482389 -0.791000614146314 -3.4826628234929933 -0.015880281131625856 0.9992514630951542 0.035275111500644864 -0.3054255465599697 0.7917359256124091 -0.008979685380637932 0.6107975401288034 20.985453880005803
0.5667503177211747 0.037231363808577896 -0.8230479047957885 -3.88140556243385 -0.011201890853425347 0.9992342995917045 0.03748771141116638 -0.3023988066031916 0.8238134797873808 -0.012026479488369362 0.5667334226871206 21.209335874364825
0.5201819155143353 0.03806942066109772 -0.8532065614871324 -4.332628913131065 -0.009819363395335819 0.9992066051022455 0.03859717499997913 -0.27968859074661295 0.8539990747198032 -0.011699607005710027 0.5201430193834192 21.445965339663065
0.4718087771343925 0.03741727361834544 -0.8809065527130563 -4.777613328908964 -0.009024327660126001 0.9992517155478974 0.037610708789865714 -0.2542127056835308 0.881654752624078 -0.009795473559840751 0.4717933973177101 21.64087556728903
0.41956882022811265 0.0359330649432208 -0.9070119944044115 -5.275887663565533 -0.004654958661271592 0.9992882014190496 0.037435462741597494 -0.23862045133475715 0.9077116331934274 -0.011484649473193958 0.41943743835283775 21.820885154712006
0.3665690539723375 0.03472976400836336 -0.9297423868905698 -5.782166594071195 0.0004279374789231784 0.9992966593646587 0.03749663082041225 -0.22866075182040163 0.9303907927244208 -0.014142976358330754 0.3662963666630037 21.991837328760333
0.3130862160534872 0.03392148106943508 -0.9491186880068203 -6.291229147657216 0.0022429887171713527 0.999332740858853 0.03645602741025451 -0.22749389723531965 0.949722103200439 -0.01354274219416691 0.3128012230876596 22.127085987277127
0.25976568022499236 0.038149293548358304 -0.9649177926344488 -6.8806932771610745 0.002591516827812561 0.9991882123027782 0.04020188378169092 -0.1781434261876616 0.9656682430332703 -0.012943670849785639 0.25945594747222944 22.24375305915348
0.2081617105183756 0.04275094709477294 -0.9771596528078115 -7.4557503336184405 0.005114409945239994 0.998983100009598 0.044795238344553644 -0.14794327781189426 0.9780810930489037 -0.014322248616755896 0.20773137947202633 22.33338043714377
0.16069796757568994 0.0447422771834012 -0.9859889521177941 -8.030220617471008 0.010394273403376737 0.9988398878545879 0.047019503812653185 -0.1483798693484773 0.9869489329818694 -0.017804577476374747 0.16004647456972226 22.41089085476851
0.11544907523774005 0.045206745656448936 -0.9922841248000881 -8.681690468518022 0.012434864806451227 0.998819785268247 0.04695125642738191 -0.12692134469440902 0.9932356036212947 -0.017759397444036377 0.114750679494013 22.457693512953107
0.07617030728749065 0.04363075410433575 -0.9961397326208551 -9.299698114689686 0.012488583322159373 0.9989220499177814 0.04470756632855682 -0.10720431943337341 0.9970166522621594 -0.015845762599042437 0.07554331379472791 22.48860641187562
0.039769648339801365 0.039566997595041085 -0.9984251289150469 -9.980110641320534 0.009000250649494022 0.9991609610585122 0.03995466012400156 -0.08193446619373115 0.999168384296944 -0.010575059852943606 0.039380167601686465 22.48812715270464
0.011642963530263286 0.038812426280060056 -0.999178641679446 -10.635722393029859 0.0066931323176349184 0.999221005163193 0.03889206428507642 -0.043405221540409974 0.9999098573146402 -0.00714045400039891 0.01137411730654365 22.47246701670579
-0.010169927551255151 0.04225970807797958 -0.9990548607746333 -11.364738339145246 0.005005545479006687 0.999096204487042 0.042210504386685235 -0.015697044592800247 0.9999357979467407 -0.004571537032258441 -0.010372268935786888 22.446281842433375
-0.02351073781247777 0.048051947794974306 -0.9985680577795637 -12.094516055308706 0.006456464689842987 0.9988306707011438 0.04791257091109848 0.015102889905633812 0.9997027768247746 -0.005320759816030973 -0.023793491888666127 22.42665120286673
-0.0313060001594905 0.05070247829971414 -0.9982229722010496 -12.843671412758328 0.007237419704319763 0.9986978531942663 0.05049962189221458 0.038736664277214616 0.9994836905861844 -0.005643617721162142 -0.03163219003477589 22.398293432197878
-0.0354550951323532 0.04830804850408993 -0.9982029827461867 -13.612895527498985 0.007565614930685281 0.9988153627499988 0.048068963304229766 0.07137193998848596 0.9993426714693645 -0.00584772995642854 -0.035778573617645804 22.360377524141743
-0.03454752837769867 0.043840579145528365 -0.9984409809859863 -14.37967969014119 0.014528689883442148 0.9989538502837513 0.04336038640143566 0.1216808248124804 0.999297484178879 -0.013008045243265784 -0.03514833290605262 22.352387081004036
-0.02997646465236491 0.04326758606983859 -0.9986136605484733 -15.193813532792882 0.025718272025786273 0.9987653088027866 0.042502144357272925 0.11230073296497252 0.9992197243930554 -0.024408554313618856 -0.03105221915042175 22.331374714821102
-0.02405117233970494 0.042722149381824656 -0.9987974179092786 -16.016494126520676 0.027716034065649466 0.9987309246319019 0.0420519000588899 0.15497830122229223 0.9993264999897755 -0.02667130591721072 -0.02520473829219716 22.315844156169963
-0.019313017920837623 0.04032394778806809 -0.9989999560915243 -16.873253146288853 0.026605745338713765 0.9988532479407437 0.03980367495251609 0.21027283325768725 0.9994594661738344 -0.02581040841518418 -0.02036371901990617 22.294852817575187
-0.015516456294548321 0.03513239793825844 -0.9992621600238237 -17.72938706131812 0.03068254709819727 0.9989286086984697 0.03464423504710991 0.21007396493971198 0.9994087815639316 -0.03012235232849379 -0.016577783403921367 22.30875900101501
-0.014114060408342944 0.024938943598370927 -0.9995892924979873 -18.605967024951376 0.02730676594008331 0.9993256733434859 0.02454680010653221 0.22330348927272076 0.999527499596858 -0.026949095798675465 -0.014785544935143072 22.299381533748228
-0.012962019209975056 0.016097819185455803 -0.9997863614289151 -19.509181276203808 0.020334518702241424 0.9996678693026535 0.015832279654175854 0.2578207311877755 0.9997092421461473 -0.02012495617458318 -0.013285055092678346 22.26235380824364
-0.013684330709862616 0.01349829584930486 -0.9998152124372447 -20.42895197307243 0.013753029323064546 0.9998168264758048 0.013310083388588372 0.2574565927221714 0.9998118158312839 -0.013568347956562707 -0.013867465765942168 22.249035892176945
-0.017692359178093208 0.018981776910863772 -0.9996632381768935 -21.37960267600125 0.004747389275301519 0.999810098341762 0.018900545153683366 0.2777793620767967 0.999832252994114 -0.0044113956207122666 -0.017779112163668936 22.215423823653847
-0.021975103595051556 0.026780477535490035 -0.9993997322967536 -22.343972051383794 0.00021038857612069433 0.9996412686026194 0.02678232425633418 0.30656706502115894 0.9997585404736098 0.0003782817432402506 -0.021972854007567787 22.18416544710131
-0.02640422030939521 0.03655722367794479 -0.9989826360948016 -23.347800710707844 -0.0015196074906182167 0.999328476023336 0.036610044725681266 0.3169271347826973 0.999650237505917 0.0024847208029774534 -0.02633093671394071 22.143926637916582
-0.029190673759585766 0.04646156513515611 -0.9984934400025309 -24.35242480236452 -0.002453217435904856 0.9989128142882013 0.046552799381574195 0.3626030326582726 0.9995708958347522 0.0038084286530389293 -0.02904495752861556 22.12192792065115
-0.029764346042611415 0.054221286839557015 -0.9980851892166056 -25.358552562257866 0.00014359722057436007 0.9985278582917382 0.0542410535300604 0.39252352550545816 0.9995569734434103 0.0014711268238259128 -0.029728314249126732 22.104946819471916
-0.031760724220838504 0.056150919507323926 -0.9979169539706113 -26.393944127049245 0.0011501732553655048 0.9984220907949949 0.05614273630211845 0.42459043085242076 0.9994948777084992 0.0006353562692016348 -0.03177519157415644 22.064791316176386
-0.032747725337331175 0.05249467896578932 -0.9980840689577358 -27.40036687226325 -0.00012829986134127412 0.9986194967719141 0.052527050533609024 0.4785807745199972 0.9994636795811644 0.0018481950820206585 -0.032695781434582835 22.029396522296285
-0.03631184382946799 0.04764322736122087 -0.9982041352125954 -28.41836445355005 -0.004502359040839782 0.998844975897298 0.047837598020053974 0.5167122614507283 0.9993304039877788 0.0062313442938325215 -0.03605539506782993 21.98259997975742
-0.04032418203722176 0.04296939082749563 -0.9982622414165669 -29.445053773244794 -0.005840486867333943 0.9990476831466375 0.043239122922482665 0.5355108884161475 0.9991696253444418 0.00757391935434382 -0.040034818109415726 21.93265145455648
-0.04605977231960644 0.0383969817115028 -0.9982004223012088 -30.46958555773133 -0.004573634298507341 0.9992424209438157 0.03864810448371419 0.5737609617211583 0.998928254240482 0.00634552609379601 -0.045849263624209394 21.89712306917422
-0.05298804061651228 0.03561430014955032 -0.997959821737307 -31.524503474829242 -0.0072386122585748934 0.9993238714642623 0.036047323842551916 0.6055405179113216 0.998568948608028 0.00913392078861259 -0.05269441584774998 21.830283510484186
-0.05902676976589316 0.03844634791022319 -0.997515732227003 -32.56670139496291 -0.005344886918824246 0.9992315884612959 0.038828758035209854 0.6288732716993782 0.9982421317444999 0.007623544488351331 -0.058775920695402585 21.777307623406326
-0.0657212475239786 0.04282807465265545 -0.9969184438185462 -33.63961618130861 -0.007637623236889733 0.9990276124630103 0.04342219166080059 0.6550345040362265 0.9978088315936687 0.01046784749430635 -0.06533023593903167 21.69968250680472
-0.07194980352504139 0.04605585024723131 -0.9963443175831778 -34.713354002218615 -0.009035630403000268 0.9988622541903728 0.04682473918370853 0.6913428650494347 0.9973673727260596 0.012371629480624176 -0.07145179866533154 21.620875203290094
-0.07593491218089525 0.047659425855274266 -0.9959730837373538 -35.74772913223353 -0.012997187820019004 0.9987248814981367 0.04878203697326244 0.7299191435895805 0.9970281046584035 0.01664910893598321 -0.07521864731724133 21.537915110991868
-0.07945606227950106 0.049575139957246155 -0.9956048149024006 -36.83901977136062 -0.016445502364209698 0.9985614652346262 0.051034827139021015 0.7637212868676736 0.9967027457651105 0.02042824712876725 -0.07852647295512505 21.453223089655854
-0.08074268229577096 0.050561566179792496 -0.9954516911412676 -37.89149277425218 -0.020506742088947018 0.9984168833451095 0.05237551274164237 0.8095565982280875 0.9965240511171419 0.02464240940056491 -0.07957800404933861 21.362139395315868
-0.08239843065974424 0.05066506586465195 -0.9953107348431757 -39.00523742852559 -0.021482031539201953 0.9983845827175839 0.052599962372192534 0.843503794529499 0.996367951848812 0.025715450379233583 -0.08117693405783964 21.26368504726988
-0.08412455930278602 0.05002445515087896 -0.9951987351680828 -40.08005814198353 -0.021846733912889202 0.998406405193617 0.052032404918392394 0.8854306855260348 0.9962157677985226 0.026119043793651896 -0.08289762789083098 21.177258907762326
-0.08446360806101703 0.04940208506582412 -0.995201109621457 -41.14239115749981 -0.023493255057109273 0.9983938112315531 0.05155446662693917 0.9171505434742862 0.9961496092102806 0.027734988332388293 -0.08316732717053606 21.088826123570048
-0.0858428434295467 0.04845044212736376 -0.9951298828860672 -42.25029749842099 -0.025022153976103943 0.9983969617388245 0.05076799374436082 0.9612922283179048 0.9959944635645033 0.029258361358012613 -0.08449290030927789 20.98819863396886
-0.08679601954373636 0.04639079219881759 -0.9951453474438453 -43.33208878074726 -0.029212951040334837 0.998367103608358 0.04908891870654962 0.9957879645418787 0.9957977430972279 0.033331854183420044 -0.08529907906462167 20.892034743231214
-0.08657864607025549 0.041615713153234375 -0.9953754003761359 -44.39774332380885 -0.03526361576852949 0.9983730266896356 0.044808303209452796 1.0313141487932473 0.9956207556354174 0.03897997692994742 -0.08497026361938015 20.797767556854282
-0.0858425276254929 0.04020932494629772 -0.9954969554297882 -45.5264263468096 -0.03817223940898691 0.9983188973805861 0.04361493124297894 1.066756703385159 0.9955772302343162 0.041744363024392946 -0.08416333675509326 20.69662430690249
-0.08433069590792268 0.04428104600569066 -0.9954533877589183 -46.60653421975137 -0.037879007050449276 0.9981475236938265 0.04760984367756806 1.1011449925212977 0.9957176318222042 0.04172175602383787 -0.08249715278590379 20.603573353339183
-0.08322803013941722 0.04746160173573442 -0.9953996214402415 -47.74296734792518 -0.036571679070692684 0.9980468556492063 0.05064568180509248 1.1492625283848323 0.9958592717006035 0.04061857453614301 -0.08132972250978897 20.517094352590366
-0.08098191938946675 0.047812541958169065 -0.995568085131246 -48.83813337176401 -0.03496651804235419 0.9980976487979178 0.05077828678142346 1.1810263188946317 0.9961020849283148 0.03892367161441569 -0.07915602440845121 20.425378690482816
-0.07867770099024501 0.04696300017765577 -0.995793254928145 -49.96589704599246 -0.03515382924572582 0.9981378013693137 0.04985107997164511 1.2181363279498385 0.9962801353155311 0.03892811350185831 -0.07688025837906873 20.343745249237077
-0.07427485858345506 0.047611821256165324 -0.9961005374770401 -51.08635290520146 -0.038572072225146345 0.9979749974996752 0.050577568612288834 1.2629419020668227 0.9964916069412544 0.04217830293711547 -0.07228796491622007 20.257327164096232
-0.06881947217017206 0.04816189979970051 -0.9964658690535969 -52.18440162003396 -0.044717394802272235 0.9976811795217931 0.051308982840256374 1.304230440303221 0.9966264733181983 0.048090413194654985 -0.06650621735162096 20.184978451699386
-0.06375433888360703 0.04872401140779922 -0.9967754373323829 -53.32561651759202 -0.04716617037021645 0.9975441578160544 0.05177836443147334 1.3396869206321036 0.9968504509834198 0.05031517349614181 -0.061299642932447315 20.109020912638197
-0.057787545599642706 0.047604628798753254 -0.9971932204129353 -54.431950888165865 -0.04947429634371109 0.9974985919709352 0.050486252985700156 1.3823724454869109 0.9971022949306461 0.052252907957561 -0.05528778937129245 20.047608542689026
-0.05218443612081491 0.047106747375071444 -0.9975257654735971 -55.586007602500395 -0.048498993555814905 0.9975886131494812 0.049646886478153573 1.422813974115441 0.9974591253008317 0.05096978912534849 -0.04977396902866638 19.978729967856903
-0.04652459289452886 0.046754021878884985 -0.9978223472400161 -56.71943559860481 -0.046655259497447046 0.9977122397838035 0.048924218119532785 1.4548801250730778 0.9978270552519402 0.048829839168383786 -0.044236834889274684 19.92723981400091
-0.04099427956789923 0.0476066553884879 -0.9980245401635962 -57.833298349509214 -0.04569869630003141 0.9977296101266099 0.04946968053153159 1.497282021847334 0.9981138131489716 0.04763639346869159 -0.03872564455871061 19.89123940589838
-0.03518570226202033 0.0493288827120519 -0.9981625874962915 -58.99946009802344 -0.043706494855117795 0.9977495252483216 0.050849144431302305 1.5320576069589384 0.9984246593752751 0.04541534948484125 -0.032950523986301314 19.851907557739732
-0.029763856676406866 0.04995339749814215 -0.9983079077004455 -60.13925139400602 -0.04561591456639377 0.997641991220771 0.051280083759381936 1.5830200228081355 0.9985155938751051 0.04706502061074032 -0.02741500254436424 19.818307347827396
-0.024115657851943355 0.050132941095918857 -0.9984513206760778 -61.27997981982935 -0.04482911358001126 0.9976829457930154 0.05117712160702905 1.6213784191555036 0.9987035963243868 0.04599385691556123 -0.02181236494107194 19.797250259938142
-0.01952288873783456 0.04593408883922422 -0.9987536394254912 -62.44048562309839 -0.044661237533372485 0.9979068640667845 0.04676815047439447 1.6582260740912704 0.9988114536492626 0.04551862221386878 -0.01743055132895009 19.775867956607353
-0.014725606187354785 0.04063208008854372 -0.9990656203801828 -63.590954947623764 -0.04440689027116698 0.9981615460352531 0.041249842194819114 1.682134717918074 0.9989050344520829 0.0449728249159325 -0.012894188847898225 19.7650636493532
-0.011106902609253786 0.039797896386770094 -0.9991459708146845 -64.75212342773719 -0.045005822554192464 0.9981751576571463 0.04025952985715731 1.7151815652286342 0.9989250175529041 0.045414544369212585 -0.00929549634789264 19.747937981790972
-0.008012949366654651 0.04193603416395484 -0.9990881241954064 -65.91614102155515 -0.04408172722656073 0.9981341462579291 0.042249539580799356 1.7543101379794794 0.9989958350776953 0.04438007228479088 -0.006149385191274414 19.751669137790422
-0.00567986809899883 0.042232818881626714 -0.9990916125194768 -67.08120667117797 -0.043714632487739886 0.9981421660627209 0.04244120529749948 1.7806895056218273 0.9990279524466813 0.043915982402856754 -0.003823123163722043 19.7512038821389
-0.004897512977491923 0.041681077950977835 -0.9991189252084808 -68.25245142804114 -0.045551959933977426 0.9980844962826565 0.041861212845525284 1.816778239295841 0.9989500086381391 0.04571683918553264 -0.002989476605164555 19.736175310280785
-0.003756341109191933 0.042729783721902725 -0.9990795591535069 -69.41446042080322 -0.046711170662706865 0.9979885787409906 0.042858749610454064 1.85012704420302 0.9989014124674421 0.04682916700366805 -0.0017528268317987352 19.743690236881147
-0.002985490606460508 0.04261519520162331 -0.99908705437794 -70.58646320695782 -0.04690688944493521 0.9979858395650048 0.0427083927207067 1.8818018534506245 0.998894846159464 0.046991570735214996 -0.0009805307585442759 19.7318714888874
-0.001703151445496791 0.04059847448161184 -0.9991740502218521 -71.76678629136958 -0.04792254678398715 0.9980242276259433 0.040633442351561716 1.9118622095287203 0.9988496489776721 0.04795216903599163 0.00024579625355342 19.725964950381798
5.564073053795984e-06 0.03923491779494416 -0.9992299689202511 -72.9443852243044 -0.046566494050221584 0.9981460564592626 0.03919209884803188 1.9388152769941525 0.9989152330028171 0.0465304171187115 0.001832586668883649 19.733044315769565
-0.0002623805735099331 0.03902617135196254 -0.9992381097593478 -74.12933674073493 -0.04269743758703498 0.9983264978199765 0.039001780136566896 1.965561479685774 0.9990880536563728 0.042675139177401386 0.001404376483533363 19.734336783080373
0.00031352295858718635 0.03935934541450326 -0.9992250261681295 -75.30687043113244 -0.03992170065386389 0.9984290461066302 0.03931546621661485 1.9965280649695765 0.9992028065314885 0.03987843477908178 0.0018843227247826093 19.737314487021823
0.00024300918239333427 0.04228024778109737 -0.9991057164448118 -76.48625424232699 -0.03977766526718341 0.9983154670615084 0.04223713160955946 2.0238333252866623 0.9992085636901451 0.039731827258166354 0.0019244097760982488 19.74322947845198
0.0002922340494678046 0.045649901452538444 -0.998957415050028 -77.67993607468756 -0.04160952940810282 0.9980929085867467 0.045598224993873206 2.0573774810705934 0.9991339447440839 0.041552821690320804 0.002191148123785502 19.740186070299067
0.0009041004589428362 0.04607893498932507 -0.9989373461401705 -78.83934756021702 -0.04360240422590714 0.9979895935952667 0.04599575555544674 2.0918692330118223 0.9990485911369341 0.04351448453987046 0.0029114356157903835 19.740204202115297
0.0006911492782767644 0.04419421684084598 -0.9990226752124899 -80.03573858277369 -0.04500592606722718 0.9980120376804312 0.044118373234581995 2.1225033417647423 0.9989865216120327 0.04493144714398244 0.002678777321292116 19.742485232878177
0.001181111138362163 0.04167252938051637 -0.9991305832173903 -81.2094885148759 -0.045444154306354734 0.9981013363216534 0.04157588026273554 2.150261079886678 0.9989662250626321 0.04535553757656866 0.0030726418399843595 19.750108962576725
0.0016288945145249496 0.04090529107309519 -0.9991616592865656 -82.37594441333063 -0.043450522087342944 0.9982222937704845 0.04079599839769148 2.1791431102817596 0.9990542971924693 0.04334764235101275 0.003403355414990438 19.75756842649863
0.0012141087767386797 0.04228550271202515 -0.9991047856181516 -83.55692475773228 -0.04141352197754304 0.9982505517960871 0.042199024078912004 2.2052101426829718 0.9991414010988163 0.041325212279034566 0.0029631766271742484 19.76817008291487
0.0017956289218035455 0.044815413004562876 -0.9989936310102557 -84.74338287661347 -0.04118131752485026 0.998151130653319 0.044703597598959234 2.241461340088317 0.9991501159653604 0.041059602010123146 0.003637867224877382 19.773372894902142
0.002021936475977436 0.04756426659092709 -0.9988660899005422 -85.91016410530624 -0.04102296945302944 0.998031273661885 0.04744147516068555 2.268831560744648 0.9991562008160242 0.0408805287169689 0.003969183662137584 19.778000249165267
0.0019638042221128433 0.047758539144184535 -0.9988569325046569 -87.07874786148865 -0.04240973130754906 0.9979642133193863 0.04763247615303275 2.3074798290390137 0.999098411592497 0.0422677127500754 0.0039852334585007716 19.78288056287817
0.0024905418562471133 0.045698886338465396 -0.9989521092435104 -88.24805012270313 -0.042029297668380865 0.9980773378248298 0.04555408346510186 2.335677319818608 0.9991133139708472 0.04187179988937138 0.004406445818923067 19.788956912776076
0.0027924996686265764 0.04411229841891962 -0.999022633518695 -89.41559062603521 -0.04062819934132356 0.9982067022407789 0.043962707067966136 2.3715054982355204 0.99917047265958 0.04046572433381122 0.004579695590594606 19.79459197605497
0.0027663327311687022 0.04492855397137917 -0.9989863290683074 -90.57606752527442 -0.039195369940685565 0.9982273985100935 0.044785884839107 2.3987956577851004 0.999227776264375 0.039031745208552515 0.004522420858737663 19.809390101268896
0.003482493139818219 0.04769775093271934 -0.9988557036511351 -91.73286808772164 -0.03650847801247855 0.9982019553661525 0.04753924750293802 2.4347276825389956 0.9993273185685091 0.036301144752103144 0.005217604094029346 19.817609838218495
0.0027614003875788347 0.050300643773407115 -0.9987302589036788 -92.88916389218937 -0.035033846428923654 0.9981258750835644 0.05017333971677119 2.468895272616889 0.9993823550087616 0.03485081331695326 0.004518450528856711 19.818502090303095
0.003134454019017984 0.051846174516733165 -0.9986501249531518 -94.05444977449251 -0.03576939733659093 0.9980218104864292 0.05170128675835924 2.5070134326930784 0.9993551959871424 0.035559057358444286 0.004982760394552738 19.828588030547518
0.003748169355519646 0.05356910665960805 -0.9985570684094334 -95.21425388281612 -0.037793383128759704 0.9978583059153924 0.05338976143659616 2.5538680770932793 0.9992785849487167 0.03753873471630253 0.005764700029088114 19.83399381480207
0.00447596067029674 0.052966873005343196 -0.9985861994332662 -96.38937383700552 -0.03977621265641579 0.9978153758344213 0.05274769975081753 2.6004828362672203 0.9991986331870283 0.039483879676254045 0.006573004395281959 19.838194075186333
0.004845999943622051 0.049562752273633146 -0.9987592112631303 -97.53438838664762 -0.042844054088870376 0.997864148400698 0.04931045642507806 2.6248600915728177 0.9990700606817365 0.04255193405247284 0.006959119255679892 19.842333722566902
0.004545793357367578 0.04764992262779402 -0.9988537077045494 -98.68795564364049 -0.04408065727760562 0.9979026801865524 0.04740394370734439 2.668578621352859 0.999017676896135 0.04381463853013999 0.006636699556080024 19.84927499347788
0.004818665018245134 0.04601903307680761 -0.998928901389096 -99.84664474952255 -0.044624323686200375 0.9979553015345836 0.04575892242853611 2.6961486489160302 0.9989922582661063 0.044356028771559475 0.0068623809471712195 19.852783844410975
0.005388931293914373 0.04598571965073199 -0.9989275185239795 -100.98092830576728 -0.0426310142442623 0.998044448059166 0.04571508627293809 2.7367602983129022 0.9990763928285058 0.04233893641427896 0.00733881124691957 19.860349484742418
