1.0 -3.3060500841676016e-19 -2.270457535318767e-19 -8.673617379884035e-19 7.546676715296109e-19 1.0 6.23777358882305e-19 1.3877787807814457e-17 -3.4473856805262506e-20 4.77070017605201e-20 1.0000000000000002 5.551115123125783e-17
0.9999967655572626 0.0025346462880894215 -0.00021825665178921267 -0.010369130236137841 -0.002534290719367044 0.9999954830841484 0.0016152027119104965 -0.019591045721001746 0.0002223496618094578 -0.0016146444420002473 0.9999986713585891 0.7714861090043461
0.9999884684670977 0.004802005071665288 9.781031434120145e-05 -0.020651911100136137 -0.00480221779595979 0.9999858233554242 0.0023013478083165825 -0.03577365659192737 -8.675784303469961e-05 -0.002301790994382656 0.9999973481774785 1.5319582219481378
0.9999807960003457 0.006135473275806677 0.0008787430368022526 -0.023328469895607044 -0.0061371105473273 0.9999794164937298 0.0018722021299201138 -0.05943231315153415 -0.000867238151285057 -0.0018775590355370785 0.9999978575059248 2.2827474735749873
0.999965473673507 0.008293919166099178 0.0005039454475909829 -0.03744396752235635 -0.00829460723740229 0.9999646502799484 0.0013781193358408442 -0.07042123069688065 -0.0004924976873505796 -0.0013822517605451235 0.9999989260465448 3.0127399225736604
0.9999631100655322 0.008552989463010379 0.000794016935246873 -0.03672191430086522 -0.008554066321264767 0.9999624902730301 0.0013621369347542624 -0.08989680014992457 -0.0007823368656119397 -0.001368878782723826 0.999998759661438 3.733655417116254
0.9999605808510089 0.00870495404240752 0.0017503926997179317 -0.04916237059917679 -0.008708986593997317 0.9999594081895475 0.002309159952483895 -0.1088249109565921 -0.0017302206463659028 -0.0023243131162750466 0.9999958009594438 4.430208001820341
0.9999543932123731 0.009350604397530793 0.0019413927844979162 -0.0504355519311413 -0.009359923378111323 0.9999444467397587 0.004847633978927795 -0.12238082314720135 -0.0018959568355272603 -0.00486558432255165 0.9999863700478685 5.110038177921099
0.9999548062666783 0.008876797268596824 0.003404967957878169 -0.04332035152073994 -0.008906864349082813 0.9999205583205765 0.00891905458775996 -0.13314474293040374 -0.0033255250198956712 -0.008948979256485894 0.9999544254127455 5.760263458873673
0.9999560359246658 0.008266509735660406 0.004425894570630736 -0.04939492231730639 -0.008321250158141226 0.9998872948445772 0.012495931951532287 -0.15051093641294522 -0.004322098369039208 -0.0125322118787135 0.9999121292307573 6.399382667883765
0.9999533837698965 0.0074316027530503875 0.006163836195982646 -0.05106191337175827 -0.007523393647003042 0.9998591222940685 0.015004752294280521 -0.16185582552250927 -0.006051458945460559 -0.015050426459116058 0.9998684239360354 7.014113092365174
0.9999451845780376 0.0075063124309125255 0.007300100283087897 -0.046940347642984936 -0.0076150576621523865 0.99985872842077 0.01498440385806065 -0.17132386429603033 -0.007186591924215167 -0.015039173455087375 0.9998610770011928 7.578966318047757
0.9999311535286138 0.008697069247401889 0.007876895549591508 -0.04424535046263361 -0.008794250590662543 0.9998845967275652 0.012388016123134091 -0.18264727699369535 -0.007768247677421791 -0.01245643515898235 0.9998922397438212 8.133039101621334
0.9999220801261416 0.008577834760002753 0.009069146288523353 -0.044190391763759225 -0.008662638335066 0.9999187330894767 0.00935315796469384 -0.1888800221832016 -0.008988180183810757 -0.00943099213232512 0.9999151267843821 8.660153228015595
0.9999204331569638 0.007076921635535152 0.01044289765009474 -0.03525926127651133 -0.007159232393938016 0.999943433095946 0.00786570592466359 -0.19379723192819154 -0.01038664327874666 -0.00793984336201916 0.9999145337470906 9.163231239723808
0.999919946400994 0.0034930990962991257 0.012161348489733336 -0.027916011121874522 -0.00356064282418354 0.9999783370312657 0.005536738636641514 -0.20976475135167233 -0.01214174544308514 -0.0055795976864887725 0.9999107165677408 9.614485406162114
0.9998988675933542 0.0013952695687561734 0.01415288312861058 -0.024462218880969104 -0.0014652788468509112 0.9999867338015461 0.004937476251142783 -0.22997304736714946 -0.014145807445585638 -0.00495771494190287 0.9998876486050998 10.061546539226315
0.9998512785527985 0.0055487373600255525 0.016328661991829842 -0.02317591392827834 -0.005595083058467974 0.9999804458520847 0.0027939708174214667 -0.23443985394294115 -0.016312840418796628 -0.002884915523178092 0.9998627755951168 10.4693125306267
0.9997657979269627 0.009414155934013882 0.01948641769874237 -0.025981715387658817 -0.009449680116660846 0.9999538465024037 0.0017317142309080603 -0.2394160481119786 -0.019469217817226846 -0.0019154492076149656 0.999808625570634 10.854030718723692
0.9996956362638939 0.010164699861304763 0.022479236403289662 -0.014630806102977123 -0.010226039519604484 0.9999442942774258 0.0026154643597273773 -0.2432531856630875 -0.022451400596272302 -0.0028445419552237793 0.9997438894586806 11.203080982831457
0.9996503398321924 0.006121854282099352 0.025724084626059688 0.006481406547520191 -0.00620633272736803 0.9999756020870735 0.003205446549425595 -0.25445500060415216 -0.025703835189774756 -0.003363977994900796 0.9996639380807343 11.51951155178349
0.9995990880046612 0.0010766230419738368 0.028293156283538456 0.021098901415417384 -0.0011647583302829977 0.9999945168117302 0.003098776094176742 -0.26638239229630045 -0.02828966710422376 -0.003130488623531213 0.9995948651836087 11.810076868160722
0.9995315428062229 -0.0022580838496096462 0.03052197071148326 0.03489484278324953 0.0021244531550482114 0.9999880192763998 0.004409906144007487 -0.27482156953127324 -0.03053156618876956 -0.004342997810096882 0.9995243679173778 12.063880478153079
0.9994572427894564 -0.003269285429810393 0.03278014634218706 0.03693285576315836 0.0030883800507427936 0.9999797343086713 0.005567867461427495 -0.27747416887452336 -0.032797687077040394 -0.005463607818329101 0.9994470729018726 12.292894612300667
0.9993831025131944 -0.002311489613844942 0.03504389912520604 0.049035169563163755 0.0021540542162051205 0.9999874226179969 0.00452961199993683 -0.27917508438731264 -0.03505393114310187 -0.004451331202441478 0.999375504868809 12.506379247214067
0.9993076828760853 -0.0012452133790827962 0.0371833641376139 0.05454180678180956 0.0011222075073547438 0.9999938265993483 0.0033287783058077794 -0.2894873439163845 -0.037187282241117774 -0.003284746253795455 0.9993029105245669 12.68199093761794
0.9992082214671082 0.0007240993527275352 0.039779471150197344 0.05524649083171201 -0.0008214208745221642 0.9999967064367711 0.002430232967713952 -0.29519241824723086 -0.03977758425421464 -0.0024609845842206352 0.9992055320961211 12.861570010765403
0.9991246581713227 0.003455504613702948 0.04168915770173932 0.05910372994658984 -0.0035339503820457576 0.9999921195606576 0.001808124441593197 -0.29698238626445356 -0.04168258446652151 -0.0019538691583254283 0.99912899226802 13.032358871984972
0.9990760232297943 0.004637932959418656 0.04272702738828643 0.06465056987089154 -0.004663961293710968 0.9999889976221016 0.0005095063365600274 -0.3049494822246906 -0.04272419684658468 -0.0007083126578388252 0.9990866491481046 13.180185211899488
0.9989939330471067 0.004083631998919727 0.044659132891733004 0.07600130412948401 -0.004039772961475958 0.9999912627744517 -0.0010722979059613262 -0.31149960855770753 -0.04466312589392898 0.0008908064129176997 0.999001704178442 13.335324343315216
0.9989310182884039 0.00278424165287554 0.046141885186411484 0.0877949728770883 -0.0026605716420131605 0.9999927060511121 -0.002741414833689017 -0.3170364157569406 -0.04614918559951771 0.002615720636285875 0.9989311356604842 13.473708228039229
0.998862619598147 0.0019836525437143277 0.0476396226866514 0.09645958345182071 -0.001809582669597413 0.9999915290468001 -0.0036967427627215576 -0.3223405950949678 -0.047646556828231476 0.0036063303855762554 0.9988577513550532 13.610605296483568
0.9988109343997283 0.0025740396055141577 0.04868362136533019 0.10485940361580874 -0.002339201018611469 0.9999853559125041 -0.00488013289825215 -0.32428728781824323 -0.04869547422631065 0.0047604494044625936 0.9988023296877678 13.748719434637096
0.9987386173002573 0.0032476223748233307 0.05010618597897301 0.10037453572331488 -0.0028924136520187987 0.9999701879623661 -0.007160003221254642 -0.3254725600944127 -0.05012795002389685 0.007006044059750295 0.998718234737377 13.87150302799697
0.998701024627141 0.003439512385100809 0.050837257825003875 0.11305151963046071 -0.0029658116228526853 0.9999515070789156 -0.009390490169181412 -0.33183667226465874 -0.05086709542665391 0.009227518655671344 0.9986627982939436 13.995637460892901
0.9986601248100244 0.0027551892422864066 0.05167559980244914 0.12413591856413085 -0.0021617831855170046 0.9999311252727637 -0.01153567666213294 -0.3348403799571231 -0.051703827948765 0.011408508959436537 0.9985972999172121 14.119115744573932
0.9986808014304501 0.0016049067804279889 0.05132328467263348 0.12679073889455694 -0.0009105261171100939 0.9999077829805533 -0.013550063851310997 -0.3420341995951874 -0.05134030271382564 0.013485457171872713 0.9985901655889969 14.248305447481211
0.9987772389375211 0.0013407279813863052 0.04941897356210622 0.1304678647191073 -0.0006134768238149875 0.9998913414859689 -0.01472826468202089 -0.34461359061305263 -0.04943335406463746 0.014679938078705013 0.9986695395765103 14.37366245572888
0.9989220214300552 0.0014160854524218397 0.04639816443781123 0.1340237885001446 -0.0006939814859577287 0.9998784509709638 -0.015575617238422322 -0.34367376134770206 -0.04641458499561786 0.015526627772597518 0.9988015875989814 14.496921333662147
0.9990930504934936 0.0019806569193211196 0.04253411544104849 0.1368185740762243 -0.0012724883129839042 0.999860235611972 -0.016670053069204476 -0.3509063619973805 -0.04256119174430334 0.016600809870043032 0.9989559338945347 14.625512090713453
0.9993118023659013 0.002498787820643763 0.03700928828211323 0.13181339210482082 -0.0018334872351198621 0.9998363173228182 -0.01799963153291029 -0.3554063394788693 -0.03704821037177838 0.017919388075096264 0.9991528003112807 14.757900775519298
0.9995334279520162 0.002178885111931937 0.030466051447900554 0.12417235229300107 -0.0016108797471099839 0.9998246590498979 -0.018656015964071522 -0.3588483825408808 -0.030501361427371178 0.018598234044436925 0.9993616829980863 14.87540836076895
0.999731194341624 0.002435579568541628 0.023056614487884156 0.12694145409255073 -0.0019881975512250245 0.9998096933703657 -0.019406717076755706 -0.3611061448066599 -0.023099495506217975 0.01935565946433099 0.9995457822880105 15.007157547463041
0.9998882114713811 0.002148642108537888 0.014796700160373565 0.11772106841509736 -0.0018454733088570166 0.9997887151594288 -0.020472219062575764 -0.3606188804114258 -0.01483756324817907 0.020442624395869365 0.9996809233691906 15.133769348170054
0.9999858397739432 0.0012834779659893893 0.005164839203625095 0.1126325651470457 -0.001170895139195633 0.9997629236826981 -0.021742260860357212 -0.36700248481199216 -0.005191520892047882 0.02173590683740309 0.9997502665433591 15.279387867269007
0.9999711392268646 -0.0003568341243523387 -0.007589360633215712 0.09856479185762083 0.0001784459970423176 0.9997239922771829 -0.023492723527572087 -0.372800585155871 0.007595649544329489 0.023490691061635264 0.9996951984959527 15.43037802831304
0.9997131231690206 -0.0010324039382600867 -0.023929124147712706 0.07960453575627623 0.0004304990014217668 0.9996837220416518 -0.025145173936737056 -0.37882125641125747 0.023947517164087738 0.025127659349452353 0.9993973747893279 15.579671868095714
0.9990741271055035 -0.0006927283347765076 -0.04301636938621221 0.05321765476491358 -0.0004274971527706719 0.9996611400234248 -0.026027180936749227 -0.3821676956913913 0.043019825731075295 0.02602147284492404 0.9987352928710719 15.755203598314358
0.9979026149198319 0.00029293838919400864 -0.06473247051140717 0.022810406803023424 -0.0019804061566414716 0.9996598316344314 -0.026005704096909995 -0.3869794870845221 0.06470283769569869 0.026079356801016147 0.997563733445737 15.946219313172307
0.9961004067007128 0.0007199523907063872 -0.08822393259616151 -0.024280840363940345 -0.002892665169791886 0.9996955996790475 -0.024501870968391553 -0.3911774684637552 0.08817944446282838 0.02466152622408696 0.9957992736202401 16.147808470556846
0.993382696641294 0.0016283219846247555 -0.11483975242401769 -0.076191538649901 -0.00430892988175857 0.9997239217525267 -0.023097782353874222 -0.4027863332451476 0.11477044507433905 0.023439773748000017 0.9931154616061795 16.380746703414353
0.9894595636629976 0.0026951348041643524 -0.14478432804602304 -0.1401677031197454 -0.005781603026598998 0.9997648322180718 -0.020901165017321945 -0.40894147360027716 0.1446939585137388 0.021517943492908226 0.989242454118931 16.603967380769344
0.9840242522565193 0.0033323266052386453 -0.17800325185290347 -0.21191808789498195 -0.006548807537519229 0.9998256705633717 -0.017485295836274894 -0.41559703638011497 0.1779139612765295 0.0183716639791642 0.9838745371801091 16.865275317832662
0.976752102699662 0.004378269225231204 -0.21432721746874023 -0.305480540620924 -0.007474717842097162 0.9998790461443494 -0.013638987217563911 -0.41952638843965373 0.21424160352421534 0.014923944903668178 0.9766666911559887 17.11989744809825
0.9671720084774303 0.005802084375615462 -0.2540563609087829 -0.41017768144214606 -0.008165714548284403 0.9999326301516855 -0.008249966889797086 -0.4362379624187731 0.25399140345827387 0.010053687945833858 0.9671542213708844 17.37683810965063
0.9554076383175719 0.01022641276096633 -0.29511296104054846 -0.5464706808837277 -0.01183757342199787 0.9999231815664148 -0.003673441554078396 -0.42946646001969474 0.2950527536252621 0.0070030554524421074 0.9554553001160134 17.658784697664654
0.9412833810311358 0.013906245770221357 -0.33733099774959596 -0.6869711581361759 -0.014464204559831943 0.9998950223270805 0.0008593081916971981 -0.43481761334711566 0.3373075696879795 0.00407037203346591 0.9413857066417839 17.94619352020482
0.9249687858020686 0.016462728345843676 -0.3796863178876451 -0.8580331036155228 -0.015124847189431415 0.9998644428894504 0.0065066507049485805 -0.4348740078842401 0.37974200290420435 -0.0002757517225617445 0.9250924013084811 18.2184437809527
0.90578567803841 0.01997629576674142 -0.4232649682829724 -1.0383993762173016 -0.015490545369022867 0.9997814941287337 0.014035693840343392 -0.4414000276403158 0.4234528990305392 -0.006156725447525262 0.9058972078328567 18.519428365932896
0.8841527669907304 0.024424993860492867 -0.46655898928549333 -1.2440302435866004 -0.016704594744285473 0.9996466528151459 0.020676808032588055 -0.44081200329298414 0.46689919959331955 -0.010487779097340463 0.8842483601941239 18.806630464256553
0.8597507123573584 0.02928194266579784 -0.5098737705284104 -1.4587375315449913 -0.01918124941948587 0.999501967484773 0.02505770631650077 -0.4376642382579354 0.510353615195331 -0.011763365586173365 0.8598841901578687 19.08126326229072
0.8320093640738406 0.03302675216716328 -0.5537776045287276 -1.7158091274837781 -0.020790347647004628 0.9993813662393584 0.028366183110335976 -0.43932558551974965 0.5543719104088329 -0.012087701614823837 0.8321812896868013 19.37521885178379
0.801837959546716 0.03665449734009476 -0.5964162140715175 -1.9781270089222838 -0.023275071141478837 0.9992752167529817 0.03012174223872722 -0.42132137204051967 0.597088083444939 -0.010271127019502757 0.8021099337003024 19.631428748139587
0.7683647694609732 0.03955236231121955 -0.6387888112905574 -2.2764046116699994 -0.023940447448205414 0.9991662841605792 0.03306944436236392 -0.4210337203266735 0.6395642752010104 -0.010116507020518108 0.7686710763784477 19.92337035394372
0.7317211033482268 0.04346036277209796 -0.6802171534108379 -2.5867907709096727 -0.02531034877308208 0.9990093538230844 0.036601830121069205 -0.4036795676618359 0.6811340881071487 -0.009565798682551706 0.7320962328286889 20.185466825562468
0.6935237463979385 0.044799921780336684 -0.7190394560738683 -2.9105908537630025 -0.02346570613061501 0.9989397955752137 0.039606172974626444 -0.3882032702785264 0.7200515395861772 -0.010595053923232917 0.6938397280268481 20.437062444586093
0.6528044681589714 0.045108656378442566 -0.7561821778963596 -3.285759976407754 -0.02120669257410838 0.9989224820617498 0.04128135729271257 -0.3761820487976026 0.7572295966061093 -0.01091253224828001 0.653057659779279 20.70849304439744
0.6108499515192762 0.04420050615084532 -0.7905116028549001 -3.670955497664828 -0.01640944253530816 0.9989327957726081 0.04317410081554646 -0.3646265225697229 0.7915763487498121 -0.013401043847486263 0.6109233527081159 20.952389768558742
0.5669804392730934 0.0443211419496022 -0.8225380037711195 -4.071630169150546 -0.011532257139071314 0.9988806711261721 0.045873828779031914 -0.3592943717633017 0.8236505587677092 -0.01652384477832452 0.5668569296007347 21.172751875053535
0.52043269081893 0.04566030728807882 -0.8526810026006267 -4.524735542734785 -0.009911508526626601 0.9988250704921886 0.04743671541496654 -0.3339064088571515 0.8538452091193972 -0.016236263271599542 0.5202737786888816 21.405480781542508
0.47206420243809905 0.04550031202645104 -0.8803891403928036 -4.971210151431868 -0.008833648453201618 0.9988611561086183 0.04688659011277903 -0.3056296134289511 0.8815199481422711 -0.01435643399710408 0.47192853145328295 21.596559290114033
0.4198515463216977 0.04456437469169336 -0.9064980047421985 -5.470918640071317 -0.00415090656035232 0.9988776179369735 0.04718332629345197 -0.28674101968768706 0.9075833415310741 -0.016047204915541673 0.41956529574132906 21.772225258068275
0.36688724334233597 0.043909451839497515 -0.9292285205929828 -5.9785963827371225 0.0012634417419176629 0.9988609678386148 0.047698683680822515 -0.2733819557808614 0.9302646055435654 -0.01867406608209858 0.3664138688190493 21.938739654770124
0.3134164742893861 0.0436107702981361 -0.9486138007159797 -6.488812071050227 0.0034382840208877735 0.9988862438561533 0.047057941228890406 -0.2686438834668635 0.9496095908977461 -0.018010338824202162 0.31291746185446057 22.069490368121457
0.26013479973544046 0.048329625073592224 -0.9643619944005394 -7.078869175211065 0.004115599200142475 0.998681996880022 0.051159768071879344 -0.21499360489269867 0.9655635806674369 -0.017277365066486944 0.25959304338453776 22.181154592565473
0.20859003948565305 0.0534101825100601 -0.9765436371095324 -7.654435337379911 0.006960175131451507 0.9984013269907209 0.05609234146663111 -0.18049713326619435 0.9779784412125302 -0.018497219583727853 0.20788482352362617 22.265826448888152
0.16118791214222675 0.05585180128414505 -0.9853420493854492 -8.229555058783143 0.012564702572052727 0.9982003496841536 0.058636048803303135 -0.17659036577865872 0.9868437869580168 -0.021831953231579944 0.1601960681736198 22.33825716422453
0.1159623047710196 0.056708087199389516 -0.9916334298105816 -8.88121948036162 0.014944671976538865 0.9981562230360732 0.05882874134140024 -0.15003586817765968 0.9931412187826264 -0.021641553178183875 0.1149010121929072 22.3793943468008
0.07667449381800048 0.055450151719715506 -0.9955130472619074 -9.49929729681171 0.015320698093365184 0.9982689444877545 0.056783655613707414 -0.12542836137544006 0.9969385057267053 -0.019605813490905698 0.07569223269424516 22.4049307082789
0.040216335436233756 0.051646461498894444 -0.9978552996144436 -10.179452252592641 0.012162119864877629 0.9985639860911133 0.05217330610777213 -0.0946304330593597 0.999117019934077 -0.014234256482162371 0.039530455472653096 22.398548766405156
0.012066684735278194 0.05109281821072383 -0.9986209688418098 -10.834566398114653 0.010089385667330857 0.9986366612854563 0.051215532296851086 -0.050711827563915804 0.9998763321245381 -0.010693474678381056 0.011534739979265678 22.37726197386681
-0.009732304798982622 0.05469178048861861 -0.99845581571474 -11.563073628554093 0.008547520437028213 0.9984712170773458 0.054609307150084385 -0.016973674438298614 0.9999161494081837 -0.008002847904850811 -0.010184904278363112 22.344756392911567
-0.023016307795873082 0.06059338978884964 -0.9978970891893536 -12.292375692017648 0.010054088254241096 0.9981251138863768 0.060375336678846404 0.019834964555026965 0.9996845744571975 -0.008643328976499963 -0.023582365090503637 22.318811417168288
-0.03078460708617338 0.06330684270466874 -0.9975191528279691 -13.041034565340611 0.010874745906533045 0.9979543468237575 0.06299885246824234 0.04967154075787408 0.9994669290715211 -0.008908373473025146 -0.0314100767375841 22.28393817701639
-0.03494886724765969 0.060948960091715014 -0.9975288098337846 -13.809603214935365 0.011259707004439866 0.9980992662324789 0.06058932423548308 0.08871212061074676 0.9993257095646928 -0.009114354767764747 -0.035568704984819066 22.239368176395423
-0.034017832875577886 0.05653994667895017 -0.9978205958329978 -14.575854522592598 0.018258215842456745 0.9982670202543619 0.055942779858002355 0.145280970648413 0.9992544730184407 -0.016315372579309897 -0.034991198378783825 22.224818717868867
-0.02935817894244473 0.05602960680819725 -0.9979973423720063 -15.389819282504199 0.029416366958464446 0.9980437355186358 0.05516686531910204 0.14260226236592366 0.9991360523044396 -0.027737859153069623 -0.03094893157619109 22.196576565888222
-0.023420662728734734 0.055456761738176596 -0.9981863265376755 -16.211957846741658 0.03136935686651479 0.9980093592635628 0.05471090149971458 0.19202561262795467 0.9992334701198236 -0.03003109909058611 -0.025113682534828055 22.17396126869837
-0.018710453274105504 0.053014884265763444 -0.9984183822730233 -17.06802194316575 0.030241369442064715 0.9981663504087269 0.05243477328755404 0.25436499666864476 0.9993675310793824 -0.029212461136434067 -0.020279386134621314 22.14563796335544
-0.014919695787026148 0.04783306314752627 -0.9987438662476098 -17.92421912790502 0.034334043561304046 0.9982905572407871 0.047298452340686165 0.26106270263431525 0.9992990887042241 -0.033585238213226856 -0.016536492453760807 22.15198065235431
-0.013624703439959402 0.03760645242730497 -0.9991996961460092 -18.80054585594699 0.0310401040858707 0.9988267974036433 0.03716916572994318 0.2814514157337802 0.9994253192670143 -0.03050884508640924 -0.01477602596368394 22.13491717044197
-0.012600273854732193 0.028700878571968465 -0.9995085863426073 -19.70308765254758 0.02413895972687605 0.9993053984179975 0.02839073607275153 0.32345860916011443 0.9996292412299537 -0.023769367571277216 -0.013284329563265146 22.0900597959035
-0.013397692465955369 0.026051212001835997 -0.9995707875794144 -20.622676983086013 0.017587151440124956 0.9995120422333077 0.02581395226567296 0.3306215041832598 0.9997556043933087 -0.017233755953076194 -0.01384931976735232 22.06861690586014
-0.01743651578222563 0.031485007820226577 -0.9993520794550504 -21.572796878167765 0.008564581444038431 0.9994721075714266 0.03133935438317923 0.35880591054441163 0.999811336221299 -0.008012584110667678 -0.01769696478920078 22.02669582635421
-0.021695203304444938 0.03927254985916863 -0.9989929471181133 -22.536586880341687 0.003991132938243352 0.9992236138585239 0.039194940230382204 0.39555652278914477 0.999756709645907 -0.0031367722354385917 -0.021835099554078863 21.987043056593667
-0.026062577531585914 0.04906082925835801 -0.9984556560648215 -23.539902703281058 0.0022072509922503297 0.9987953667145588 0.04901990343681544 0.41423825229493605 0.9996579216400816 -0.0009262579483093482 -0.02613947018297279 21.937983592428054
-0.028780779903774888 0.05896916106936457 -0.9978447907185793 -24.54389006921784 0.0012044334139389092 0.998259678028696 0.05895893803385607 0.46816474208135267 0.9995850670901285 0.0004950457496748214 -0.028801715124921076 21.90730611010611
-0.029274591528177102 0.06674811309097538 -0.9973402610584845 -25.549552883279176 0.0037339638587682365 0.9977682817796077 0.06666715453184584 0.5063277762404325 0.9995644734939355 -0.0017723796188518085 -0.029458492251430535 21.88156589536976
-0.031248127104940092 0.06869938550268909 -0.9971478650875192 -26.584254556666146 0.004739021708734559 0.9976340645394266 0.06858437037901917 0.5469714807433792 0.9995004622760452 -0.0025823729616462144 -0.03149976243448645 21.83240301611623
-0.03227301415524723 0.06504328659456592 -0.9973603844246143 -27.589854435881307 0.0035026486369121083 0.9978814690808517 0.06496392668822122 0.6092825387314417 0.9994729919235525 -0.0013968219897316152 -0.03243246492560444 21.78834947873483
-0.035909192633496956 0.06018510893233535 -0.9975410791813798 -28.607055455267957 -0.0007979676693098808 0.9981828419784936 0.060252551608459104 0.6558769685047157 0.9993547775889942 0.002959625253544991 -0.035795912344996496 21.732725237820585
-0.039967687708213004 0.05553445605847699 -0.9976564631162823 -29.63307596448266 -0.0020601608052430924 0.9984476010726933 0.05566102545080014 0.6832230922455375 0.9991988949348799 0.004279974574082514 -0.03979123036448018 21.673790394045113
-0.045727614033055995 0.05102120223146065 -0.9976501067825823 -30.656909670180845 -0.0007034461355163565 0.9986929520629103 0.05110677523418348 0.7299421967218386 0.9989537372446806 0.00303878335858407 -0.04563195302985427 21.629376557668845
-0.05269842499245564 0.048270028759565924 -0.9974431293763448 -31.710902011375637 -0.003286776051031873 0.9988172839252122 0.0485101791055782 0.7705684464531153 0.9986051016333719 0.0058347817065957245 -0.05247744393275645 21.553357214443825
-0.058699689817448136 0.05116113220985975 -0.996963791546505 -32.75236649852537 -0.0013685885980846712 0.998680821778404 0.051329822745749466 0.8025871108263009 0.9982747894004109 0.004377477359924699 -0.058552233960955706 21.491277402513745
-0.06537882906544182 0.05556710130921939 -0.9963121074260364 -33.82430420952321 -0.003647840538042018 0.9984283318355612 0.05592450084530515 0.8377864363267271 0.9978538885339902 0.007290665348372944 -0.06507337377011928 21.40429022794756
-0.07159374250586552 0.05882421060669511 -0.9956977264795782 -34.896972364085265 -0.005025222556277146 0.9982254862970363 0.0593348730389874 0.8831440824706156 0.9974212635764419 0.0092516078998056 -0.0711710917911708 21.316156692399783
-0.07559837808480921 0.06041941942058092 -0.9953061306718854 -35.93022550158371 -0.008971372505510515 0.9980809548757757 0.06126928089890922 0.930467116452819 0.9970980291860845 0.013561120483395375 -0.07491125479096647 21.224227865995147
-0.07913249648073545 0.06232715727584403 -0.9949137051904027 -37.02041329720061 -0.0124109819765422 0.997904562352365 0.06350165172816634 0.9734857723137131 0.9967868880330215 0.01737289995726549 -0.0781931358716295 21.130044226057002
-0.08044405599900674 0.06328491985822982 -0.9947480557280562 -38.07163227776816 -0.016473854990125512 0.9977617034061382 0.06480886458015372 1.0282484225355706 0.9966230272524298 0.021600822378891823 -0.07922145040713136 21.029863123283427
-0.08210670128710183 0.06339148000548911 -0.9946054084566789 -39.18414927118854 -0.017437276860627477 0.9977309393472126 0.06503016685057496 1.0716519094009773 0.9964710263410457 0.022682622309207305 -0.08081502006011063 20.921720102639476
-0.08384047554077116 0.06276106235074701 -0.9945007457482613 -40.257787254308965 -0.01778210097989974 0.9977614645089439 0.06446594084468862 1.1226684164350351 0.9963205556636082 0.02308916700480444 -0.08253677096817269 20.825982362791663
-0.08419731636803197 0.0621272069189664 -0.9945104007810712 -41.31900318000702 -0.019421293068440714 0.9977625271105888 0.06397461281354985 1.163385243130402 0.9962598577400665 0.024701167751677768 -0.08280233474255663 20.728305081909156
-0.08559582210782805 0.06117316353940078 -0.994450160491354 -42.42558057914727 -0.020931202322248214 0.9977826370036103 0.06317977908847865 1.2169444290686295 0.9961100914238507 0.02622296248416507 -0.08412559689578214 20.618083831844036
-0.08659775408284245 0.059085483656715614 -0.9944896436136953 -43.5061623747977 -0.025098347370032487 0.9977934851012886 0.061467275058188296 1.2606273185573547 0.995927202884266 0.030282974229557693 -0.08492372601844607 20.512515720085837
-0.08646440533257131 0.05426065134662247 -0.9947761582356066 -44.57061707853389 -0.031111231349572797 0.9978816481092971 0.057134180359210834 1.305201622279705 0.995769085822054 0.03588878415674041 -0.0845931257767257 20.408991123422542
-0.0857618706054971 0.052824260700110724 -0.9949142757685442 -45.69803543172701 -0.03401515847131977 0.9978560801277082 0.055912567107856644 1.350232964559431 0.9957348804218927 0.038637333086603255 -0.08378117652221108 20.2980337261741
-0.08421676030189681 0.05688178976653053 -0.9948225586838942 -46.776962409795935 -0.033771833099445675 0.9976328369248867 0.059901429588601215 1.3937817565915527 0.9958750368990746 0.038641685573364955 -0.08209640162298981 20.19559281550348
-0.08307975283975365 0.060061635693123346 -0.9947312547026028 -47.91215784536694 -0.03250205655126375 0.9974877641105818 0.06294263638590002 1.4514893610361608 0.9960127777805954 0.03756006980171807 -0.08091890827082812 20.099284269776373
-0.0808185226362749 0.060410420500113624 -0.9948964114750674 -49.006174951560865 -0.030916997449276243 0.9975293665204868 0.06308177506763825 1.4925305164986462 0.9962492653481343 0.035857385646018265 -0.07875113888421194 19.998034450421898
-0.07852235395221491 0.05954362363797451 -0.99513250719271 -50.13283352867632 -0.031115076771980325 0.9975819755211073 0.06214536473694306 1.5391404246254201 0.9964267023147181 0.035843424616308815 -0.07647977956889221 19.906601118220458
-0.07414162269870711 0.06012814065096889 -0.9954333462706345 -51.25208016624521 -0.03457733769566802 0.9974254669347518 0.06282385128738642 1.5934061647982845 0.9966481376831338 0.03907729750236489 -0.07187167023604447 19.810480560167136
-0.06873025930774791 0.06058117532753462 -0.9957941497373454 -52.3490744617234 -0.04077574462206682 0.9971498748932205 0.06347801647083634 1.6439143321567258 0.9968016770227979 0.04496710796245606 -0.06606412558547248 19.728611697931743
-0.06368014377363976 0.06108289168028787 -0.9960992102150231 -53.489246991161316 -0.04327152914588579 0.9970173781576015 0.06390552148899574 1.6889563804607963 0.9970318449003103 0.04717224802021187 -0.06084705838396153 19.642728171299222
-0.057740027887664025 0.059899798615987536 -0.9965330013166435 -54.59461202012921 -0.045617620362959466 0.996997457966023 0.06257084029401065 1.7408831804495293 0.9972889328485295 0.049072305929203246 -0.05483417307835881 19.57172786705106
-0.05213348888980456 0.05937014674492189 -0.9968737122915723 -55.74764790044581 -0.0446810022545026 0.9970929098936513 0.06171988083462867 1.7909848683758873 0.9976401066852655 0.0477589893535059 -0.049329213003846704 19.492830680768723
-0.04646238922522175 0.05899283296487642 -0.9971765161832162 -56.880278450577165 -0.042877298893296986 0.9972168230257172 0.06099303821057712 1.832471451209165 0.9979994326282424 0.04559011833718818 -0.04380362180049538 19.431467764352977
-0.04091851307974033 0.05981215719560697 -0.9973705870677302 -57.9933989339517 -0.04197148313869125 0.9972226614847682 0.06152522161961401 1.8840698279934707 0.9982806000351331 0.04437864365738431 -0.03829446240502774 19.385810503167555
-0.035081755956465656 0.06150749575765101 -0.997489860204973 -59.158846776447255 -0.04003988969247475 0.9972164017204226 0.06289883545230217 1.9284809378833745 0.9985820798049881 0.04214598528944042 -0.03252134676395679 19.336327673078156
-0.029670318916514497 0.06207333179389361 -0.9976304329610133 -60.29784599988599 -0.041998103853165845 0.9971110906768194 0.06329007210667824 1.988840091429594 0.9986770860381747 0.04377642355119002 -0.026977639760304744 19.292877784772852
-0.024014988164504984 0.06221757577561884 -0.9977736063528577 -61.43799541892151 -0.04125658918374006 0.9971495595807843 0.0631716472040648 2.036551061876351 0.998859981467468 0.042681802549530065 -0.021379648416279266 19.2619086793649
-0.019453039043285023 0.05798948755535289 -0.9981276040475191 -62.597930123644645 -0.0410851528512894 0.9974269399969533 0.058749509090913414 2.0829133656678636 0.9989663054613425 0.042151081964030536 -0.017020476953668245 19.230433278491482
-0.014694515244566709 0.05265765813172091 -0.9985044641232738 -63.7480274898442 -0.04081869233652368 0.9977482749954013 0.053218486761420075 2.116211561933723 0.9990585515786804 0.04153966602010836 -0.012512008750834455 19.209569134749074
-0.011087061713205728 0.05179091172201142 -0.9985963572676781 -64.90869329969769 -0.04143797543531808 0.9977761132029377 0.052208439313348 2.158760850546567 0.9990796014142745 0.041958650017107475 -0.008916292789731838 19.18232819105453
-0.007969759221594727 0.05391226834977419 -0.998513829577038 -66.07234377459942 -0.0405573724168022 0.9977065101425958 0.05419239078715491 2.2073277871863892 0.9991454687304259 0.04092899725917229 -0.005764939221000969 19.17594369989475
-0.005631697074856352 0.05419432055298842 -0.9985144871589672 -67.23710811099704 -0.04021095669841465 0.9977104679356091 0.05437747390152624 2.243172061919203 0.9991753816953658 0.04045746065461694 -0.003439596060752598 19.165299665877484
-0.00486786373553635 0.05362013342788997 -0.9985495026088738 -68.40784346998275 -0.04204942448118504 0.9976671811144974 0.053777740801039614 2.2888362173457026 0.9991037167881122 0.042250213814678333 -0.002601810678960899 19.140079618477014
-0.0037277281575130946 0.054648733350103014 -0.9984986376466713 -69.56956577348978 -0.043227248060211644 0.9975634684359216 0.054758930788359056 2.331591533502574 0.9990583492024518 0.04336647503387415 -0.001356329478408368 19.137471942937424
-0.0029593132723187148 0.05452651169716309 -0.9985078926066855 -70.74112325897214 -0.04342783749091142 0.9975632636601014 0.05460363387830911 2.372834722027584 0.9990522254458525 0.04352462807914483 -0.000584132187782552 19.11543614831718
-0.001700325906523509 0.05249193906718244 -0.9986198596453733 -71.92106592045562 -0.044434759908993204 0.9976310279605323 0.05251561740133507 2.4125064597586734 0.9990108878949417 0.04446272747027998 0.000636170379991253 19.099231940943106
8.335178580552861e-06 0.051128505124010584 -0.9986920370402855 -73.09842489546386 -0.04307905728928483 0.9977649861539868 0.05108068215675223 2.4489947616373775 0.9990717073969422 0.043022285657609766 0.0022108858686327223 19.096023896288553
-0.0002311676915676409 0.050957383189845246 -0.9987007569322717 -74.28308628603679 -0.03920571120131104 0.9979325291368881 0.05092725846219115 2.4853600638298032 0.9992311736586189 0.039166546255005895 0.0017671322846795456 19.08696341067084
0.00036887875043986753 0.051311246040539056 -0.9986825965267129 -75.4603112013609 -0.03643730719389345 0.9980202194154948 0.051263752599602086 2.525878289087494 0.9993359176476442 0.03637039402778592 0.0022377936240655255 19.079671500961705
0.00032184428446600024 0.0542321671352214 -0.9985282564209016 -76.63944175402403 -0.0363197393646588 0.9978701832236297 0.054184716871726095 2.5627381232117226 0.9993402068711494 0.036248846462955626 0.0022908585119044 19.075284866743527
0.00038247731071445286 0.0575824858438997 -0.9983406364499806 -77.83273941846993 -0.038183346534094775 0.9976135553156201 0.057525919260624836 2.6059900926845434 0.9992707162246883 0.03809798421530512 0.00258025813366554 19.06184043478826
0.0009820708747483413 0.057988326646491235 -0.9983167313253527 -78.99178868735478 -0.040185035121447284 0.9975131656619782 0.05790211769394051 2.649898467890885 0.999191810241243 0.04006052936677983 0.00330989313327342 19.051764115124946
0.000743886660948966 0.05609366872878042 -0.9984251891922992 -80.18786608825076 -0.0415695204354304 0.9975642144763149 0.05601432322881968 2.6902403174098333 0.9991353780593731 0.04146238786508756 0.0030738631427363063 19.043607594120804
0.0012111712233292926 0.053565827535839765 -0.9985635440940827 -81.36137465976743 -0.04198817100187896 0.9976864163505567 0.053467845751957954 2.7274997203043805 0.9991174166302613 0.041863098114132545 0.0034575017261142243 19.040981297751614
0.0016685344538058535 0.05281386363021336 -0.9986029384544831 -82.5275791752853 -0.03999074898741904 0.9978090629583699 0.052705055379619406 2.765824802605713 0.9991987022382695 0.03984693924675391 0.0037769462878243 19.038259938241588
0.001280173101728017 0.05421501950251439 -0.9985284185350216 -83.70835771420454 -0.037963220511466216 0.9978121135798003 0.05412745467260462 2.801439887193377 0.9992783641003266 0.037838061372884875 0.0033355505184718514 19.03854039041794
0.0018827655516185724 0.056740932298793165 -0.9983871200587747 -84.89448341374047 -0.03775893703703234 0.9976809830713899 0.056629592190411256 2.847305721022092 0.9992851434756348 0.03759141622271502 0.004020878176991578 19.033417069612565
0.0021311964174750677 0.0594876320248 -0.9982267238744617 -86.06100034880207 -0.03762786794727061 0.9975268773514638 0.05936558894187908 2.884133508540606 0.9992895917136 0.0374346237763607 0.004364320031061243 19.02785445053082
0.0020637456824915325 0.05966955598603377 -0.9982160039970189 -87.22923073038736 -0.03901605298538288 0.9974629234644212 0.059543873789463284 2.9322524609252185 0.9992364920838138 0.038823565601729455 0.004386581853087291 19.02257669313207
0.002577759938644939 0.05761074240198721 -0.9983357473652993 -88.39827467511265 -0.03862050327209841 0.9976000347797471 0.05746856392447326 2.9699219209842687 0.9992506649232518 0.03840808852612481 0.004796530781608018 19.018444241428824
0.00287852999834307 0.05603566120215254 -0.998424575670497 -89.56549137437747 -0.03720694650065131 0.9977434157069698 0.0558901601828248 3.015209279415403 0.999303477401343 0.036987448582188096 0.004956951794687235 19.01391845077266
0.0028697622855172783 0.05686464689934062 -0.9983777286172598 -90.72579526343145 -0.03578144247295901 0.9977483884646939 0.05672594804808311 3.051863388233003 0.9993555583445506 0.035560605231937575 0.004898001349788841 19.018581459187477
0.0036279448970825395 0.05965093584408206 -0.9982126643018231 -91.882294873164 -0.033125761123587484 0.9976786005908738 0.05949862553730789 3.0971565684861937 0.9994446502951386 0.03285069559020569 0.005595507112043841 19.016735521393528
0.0029381794230869786 0.06227090347824066 -0.9980549139319 -93.03823905713112 -0.03166977855097741 0.9975644160579785 0.06214706509772403 3.1407118411677812 0.9994941121151161 0.03142557900292056 0.004903130518934623 19.007559425026113
0.003317128034920793 0.06380578523366708 -0.9979567828915784 -94.20322224596487 -0.032422654076306935 0.9974444912930089 0.06366525864590254 3.1882522119729146 0.9994687844998689 0.03214522206860304 0.005377405572070291 19.007513925013882
0.003927962836931175 0.06550437325620993 -0.9978445091422788 -95.36261191443255 -0.03446751236381078 0.9972682057817666 0.06533086004360053 3.2445036882973035 0.999398139527117 0.03413660033066489 0.006175006681302374 19.002873968181923
0.004635682530917878 0.06487900035735673 -0.9978823310978069 -96.53730757659804 -0.03645034721438249 0.9972409024816572 0.06466796428090493 3.30064472988752 0.9993247586220712 0.03607337734431915 0.006987755887425042 18.996892247436893
0.004956074006316334 0.061446496346080584 -0.9980980297618421 -97.68207927648481 -0.03948931703586616 0.9973438021444758 0.06120397656229684 3.334304895281631 0.9992077434969655 0.03911087785487376 0.007369391449207989 18.991021509074308
0.004631771810975529 0.059525962287114986 -0.9982159659322917 -98.8352715160993 -0.040705842887943995 0.9974105671578838 0.05928905515906306 3.3873633219444397 0.9991604821228811 0.04035860895345805 0.007042834131140747 18.987958751742745
0.004888014371938912 0.057889078174254996 -0.9983110148004639 -99.99368537780539 -0.041236455192768195 0.9974854679425135 0.05763930055410901 3.4243298379446294 0.9991375003519886 0.040885065751153186 0.007262865185547573 18.981350005877687
0.005473478721132253 0.057869630147179045 -0.9983091007121625 -101.12762596344325 -0.03924715786269397 0.9975673282573476 0.05761144709361958 3.4741222648624537 0.9992145840345869 0.03886545935411622 0.00773138362152021 18.979068737590882
