1.000000000000000000e+00 6.052227578932375726e-19 -4.756376575484536442e-19 -5.551115123125782702e-17 7.855130909573354167e-20 1.000000000000000000e+00 -9.059422532615956870e-22 0.000000000000000000e+00 6.998588456719787483e-19 4.059807377574831132e-21 1.000000000000000000e+00 0.000000000000000000e+00
9.999974485654746781e-01 6.712874642053543979e-04 2.171981335152288212e-03 8.091041648680217246e-01 -6.775601970297679463e-04 9.999955557870668921e-01 2.889089301037567337e-03 2.254211641222532425e-03 -2.170033057367560820e-03 -2.890554278213745484e-03 9.999933956474585939e-01 1.838763172519016775e-01
9.999938445722380553e-01 1.532421393648497870e-03 3.159606609911179854e-03 1.631502594332963740e+00 -1.550141431343135794e-03 9.999830748143407888e-01 5.613510980261445307e-03 5.222074478420195114e-03 -3.150951392103996766e-03 -5.618374650969681569e-03 9.999791806134210592e-01 3.655810569017472478e-01
9.999927844837140922e-01 2.318471784198080938e-03 3.017517908449977512e-03 2.391452546759960107e+00 -2.339391410597651925e-03 9.999731518345754688e-01 6.947884873093736723e-03 -2.331044803889076832e-03 -3.001329082313838967e-03 -6.954894929648110756e-03 9.999712636817104094e-01 5.478947577229290600e-01
9.999919409946906868e-01 2.749010828742768069e-03 2.940505650542284913e-03 3.175930262751586408e+00 -2.775138981899965759e-03 9.999564144176429359e-01 8.918616370790119832e-03 -5.651184212178900386e-03 -2.915861375933413366e-03 -8.926705527000821511e-03 9.999558445876662871e-01 7.280947560867706558e-01
9.999891659673372235e-01 3.561349240730518964e-03 3.005565020984549574e-03 3.901033544921289398e+00 -3.588512621322419160e-03 9.999523070077632747e-01 9.081231315425509001e-03 -4.031821645022595768e-03 -2.973080931058624636e-03 -9.091918926197876255e-03 9.999542270248994447e-01 9.104609566697131617e-01
9.999812779354437797e-01 4.331991051247730332e-03 4.324451530384078660e-03 4.633748507540349060e+00 -4.372423936578298705e-03 9.999464136455451513e-01 9.384735741500930054e-03 -3.410142725174800105e-03 -4.283565604181277520e-03 -9.403469735124125872e-03 9.999466084190110626e-01 1.093328867672203275e+00
9.999599322871575158e-01 5.316003174109571947e-03 7.200388187187896534e-03 5.325287155460585176e+00 -5.388502403563737858e-03 9.999345882595511714e-01 1.008706735850421407e-02 -1.058161380803511811e-02 -7.146295136906607136e-03 -1.012546361837561582e-02 9.999231794532909001e-01 1.275423347264027285e+00
9.999113512348569710e-01 6.950164832940582821e-03 1.135882396022520197e-02 5.973719919149548474e+00 -7.063320624192309487e-03 9.999255034331197001e-01 9.952363471586001681e-03 -6.588899718200981817e-03 -1.128881179545723756e-02 -1.003171404528224731e-02 9.998859453320233515e-01 1.460837500391088950e+00
9.998505482283630563e-01 8.386108693340247819e-03 1.511985784435308788e-02 6.589800708792041384e+00 -8.525251239846454512e-03 9.999217223761732720e-01 9.161766336844658076e-03 -1.259552786045843933e-02 -1.504184146212141776e-02 -9.289298270600807039e-03 9.998437293954637317e-01 1.645854792751628271e+00
9.997971199658536312e-01 9.613740328726973552e-03 1.770343914143528152e-02 7.185378978158911245e+00 -9.762417025426470621e-03 9.999176566794540921e-01 8.331015038177617960e-03 -2.305351915883514097e-02 -1.762189344949953093e-02 -8.502154128433348640e-03 9.998085233546921691e-01 1.829483837700611071e+00
9.997762259305766896e-01 1.114106513585879851e-02 1.798423048158370036e-02 7.769806681318248032e+00 -1.129930771885464917e-02 9.998980887353325908e-01 8.721541021246382447e-03 -3.252540936653783993e-02 -1.788523533237010646e-02 -8.922800157457064577e-03 9.998001853340905409e-01 2.011789181261861348e+00
9.997927940549142800e-01 1.264004720230815088e-02 1.595622322434962423e-02 8.301136368572013424e+00 -1.279869402711048508e-02 9.998692836245415272e-01 9.880450177237211709e-03 -1.466387504740174555e-02 -1.582924877333894906e-02 -1.008262352039951577e-02 9.998238223205442310e-01 2.193459053213320686e+00
9.998222910173680811e-01 1.388951331423110905e-02 1.274947582769597743e-02 8.777667720578998356e+00 -1.401525367714187564e-02 9.998535132887739207e-01 9.826913150420734516e-03 1.446138981275593358e-02 -1.261112319666339750e-02 -1.000385436062561223e-02 9.998703956938581605e-01 2.379276900462730993e+00
9.998098926232974470e-01 1.574499158121671002e-02 1.150280139082818925e-02 9.226055959232459358e+00 -1.584332818086444869e-02 9.998383056310055084e-01 8.508427798021840280e-03 2.542322225366619448e-02 -1.136697592428551583e-02 -8.689054485012726037e-03 9.998976017456971954e-01 2.562757130487239632e+00
9.997978143374226523e-01 1.780831306853406654e-02 9.339793452885039246e-03 9.654221017704626817e+00 -1.785404873537431436e-02 9.998288758030515755e-01 4.836942893926443610e-03 3.793087595081730962e-02 -9.252059807544343872e-03 -5.002718244660166007e-03 9.999446098595256016e-01 2.749249210203582816e+00
9.997723520009906828e-01 1.977887001606447662e-02 7.997546660673954255e-03 1.005469313760950456e+01 -1.979922107072136159e-02 9.998009542831213237e-01 2.472675581600713036e-03 3.026550606754913053e-02 -7.947048641082872511e-03 -2.630458269190429511e-03 9.999648937158881479e-01 2.933546508000042685e+00
9.997343478973842457e-01 2.210901204863150241e-02 6.522487995319306564e-03 1.044308421082794958e+01 -2.215310125926996110e-02 9.997316862952799754e-01 6.767010043112490526e-03 3.934928593651219886e-02 -6.371127875223027599e-03 -6.909706445636720935e-03 9.999557658073355837e-01 3.121099897753939700e+00
9.996645132454987648e-01 2.523190365822047115e-02 5.855846889070394183e-03 1.076385300664255773e+01 -2.529743814209282904e-02 9.996149332058333892e-01 1.140197921164114170e-02 4.733130872090812735e-02 -5.565899298789594649e-03 -1.154629933332767915e-02 9.999178535486679120e-01 3.310801138090544438e+00
9.995649779807662672e-01 2.869695106267359380e-02 6.807934561512056330e-03 1.105691347363660881e+01 -2.877908832926852692e-02 9.995102150605607028e-01 1.228955795931764919e-02 5.654918637101212509e-02 -6.451929354532080253e-03 -1.248013284877770405e-02 9.999013069586731861e-01 3.500387513880153456e+00
9.994629205230096680e-01 3.191775994964572705e-02 7.431726311868663316e-03 1.133331941203045901e+01 -3.197848896983613437e-02 9.994548667176773593e-01 8.202021674098641801e-03 4.029525710167011776e-02 -7.165886601306884277e-03 -8.435272696928850303e-03 9.999387127593132307e-01 3.683454985058812969e+00
9.993826844083796290e-01 3.450178500760615885e-02 6.621839014752889038e-03 1.158183964946337063e+01 -3.452254307686228318e-02 9.993992490224208325e-01 3.045856514847255971e-03 2.283117257311004927e-02 -6.512774810544513272e-03 -3.272578823167782147e-03 9.999733665691996620e-01 3.864892330746847016e+00
9.992806428408956831e-01 3.704369866249172111e-02 8.123454781138829406e-03 1.180579952838721347e+01 -3.704096445830636075e-02 9.993136130060573663e-01 -4.864322762007093517e-04 7.978232975792975967e-05 -8.135899612977831943e-03 1.851816956674519495e-04 9.999668441530472629e-01 4.047337539171624421e+00
9.991656808787048316e-01 3.972902074323956395e-02 9.461247471898810713e-03 1.190713770836343599e+01 -3.972253062334198809e-02 9.992103380220759279e-01 -8.726731747343977660e-04 6.676472474231842300e-03 -9.488448304810251713e-03 4.961201263788412707e-04 9.999548810992190395e-01 4.244404301803590407e+00
9.990927064846039096e-01 4.176684010180441164e-02 8.330760931977279626e-03 1.201953542662038288e+01 -4.176783598456374619e-02 9.991273856580011881e-01 -5.574566256604268253e-05 1.805866102887562774e-03 -8.325820665674370930e-03 -2.922628166613974168e-04 9.999653078573947917e-01 4.433158720342958325e+00
9.990075233222810436e-01 4.403239881262949879e-02 6.713340948335468246e-03 1.211630065157638825e+01 -4.403852742926397251e-02 9.990295503375026254e-01 7.678908573329751427e-04 -6.487959414693034860e-03 -6.673015004965287753e-03 -1.062774561090397288e-03 9.999771263402164045e-01 4.619524171308826865e+00
9.988962380694385024e-01 4.662106679065265019e-02 5.733247952533446559e-03 1.220385126177730051e+01 -4.663858465613969495e-02 9.989074705478325766e-01 2.958954192751166775e-03 -1.069009546743949698e-02 -5.589034669056393290e-03 -3.223078783753628718e-03 9.999791913827289491e-01 4.808054677323436721e+00
9.988146742312953297e-01 4.836245207249257466e-02 5.501738299786253922e-03 1.229387549249847034e+01 -4.839471916913677674e-02 9.988109662603160688e-01 5.891428935472741574e-03 -2.130782444425652691e-02 -5.210273168207015665e-03 -6.150702147839626904e-03 9.999674595083886119e-01 4.995685428909000692e+00
9.987581698523462226e-01 4.963899940014566275e-02 4.256555262961729189e-03 1.230638274335482762e+01 -4.967019212476753154e-02 9.987370744230588127e-01 7.565016456167478719e-03 -1.857792771005794402e-03 -3.875659978148519261e-03 -7.767046768268819762e-03 9.999622557245948506e-01 5.194276532746351371e+00
9.986650912089329868e-01 5.159932338006089497e-02 2.341496924019631845e-03 1.234891788926636735e+01 -5.161410422269648024e-02 9.986441921151392176e-01 6.768548089326744018e-03 -2.761984551968063584e-03 -1.989070355952928058e-03 -6.880367643390138122e-03 9.999743166759277324e-01 5.383355902019379968e+00
9.985901725667797324e-01 5.307726042428645430e-02 6.807371756269247308e-04 1.238077076844141544e+01 -5.308020567305399284e-02 9.985751777591276301e-01 5.484780249157272802e-03 -8.000292398868333321e-04 -3.886499575716281362e-04 -5.513182440947441039e-03 9.999847496740925656e-01 5.571953873259992918e+00
9.985320413284830554e-01 5.416278851471911793e-02 -5.068700184313677370e-04 1.243808860795144966e+01 -5.415984374094876680e-02 9.985214210037145488e-01 4.667210159247324290e-03 -1.458244382369020681e-02 7.589096000033294584e-04 -4.632907569615330075e-03 9.999889376678025021e-01 5.754493352266723427e+00
9.984493893783839003e-01 5.563756476180233002e-02 -1.830612130565448118e-03 1.245987121475952009e+01 -5.562701399131533136e-02 9.984370763342966804e-01 5.383320799795165458e-03 -1.090025085092233975e-02 2.127266938727770916e-03 -5.273142512775292473e-03 9.999838342873195174e-01 5.944484623327106476e+00
9.983700216459705512e-01 5.693606237865599107e-02 -3.939514363865060341e-03 1.249567005227558880e+01 -5.691015403201659523e-02 9.983587875349351215e-01 6.403456657063604125e-03 -1.785094160385505141e-02 4.297637981489028057e-03 -6.168821125502130069e-03 9.999716908190940945e-01 6.130959354492833135e+00
9.983130401843252066e-01 5.773181572560117519e-02 -6.176618376268701999e-03 1.251584344125858017e+01 -5.769141522960032076e-02 9.983130933825866693e-01 6.530107414188067796e-03 -1.919084531118129058e-02 6.543195068898121497e-03 -6.162754140137467057e-03 9.999595664330881428e-01 6.319906287425177460e+00
9.982545880265430993e-01 5.844240882612804916e-02 -8.504111059603240708e-03 1.256075422005378428e+01 -5.839474895741882804e-02 9.982770491322794371e-01 5.749103032346588281e-03 -3.420097329779694245e-02 8.825451103058531976e-03 -5.242473793503654375e-03 9.999472628411774089e-01 6.503552113022156078e+00
9.982575521249170691e-01 5.805862519748841016e-02 -1.054357497040511391e-02 1.260609302594054704e+01 -5.801026075053358072e-02 9.983042582405716736e-01 4.837158338716267096e-03 -4.847982794171519505e-02 1.080653884816987903e-02 -4.217093876568746291e-03 9.999326896345113180e-01 6.687180691664090126e+00
9.983607681078540130e-01 5.599537807449796178e-02 -1.184146262247573987e-02 1.264586876387432035e+01 -5.594766948470955570e-02 9.984243557604615127e-01 4.323286433447717791e-03 -5.215742021530917621e-02 1.206488650143335353e-02 -3.653697479597693178e-03 9.999204761316843326e-01 6.871378381905160815e+00
9.985125176821341153e-01 5.299004707761771626e-02 -1.283675004329767888e-02 1.267299221113238872e+01 -5.293654598030091141e-02 9.985878974819745180e-01 4.472637067069887631e-03 -4.318985338479473801e-02 1.305563422241458153e-02 -3.786451153840532467e-03 9.999075848358912610e-01 7.058597928787191833e+00
9.987027536548941375e-01 4.896013724051193755e-02 -1.399371029669064029e-02 1.271961300868642653e+01 -4.889315601430154618e-02 9.987910929704392204e-01 5.089598278931226072e-03 -4.524635431449806899e-02 1.422599059727058801e-02 -4.398798358112489086e-03 9.998891533746666616e-01 7.241979264434870167e+00
9.989472509657770782e-01 4.329563618437472228e-02 -1.516479643209893771e-02 1.277191098505639033e+01 -4.321813805777346279e-02 9.990510668721017673e-01 5.401304922268068340e-03 -5.041292997118448915e-02 1.538426712554823855e-02 -4.740224488565007374e-03 9.998703821621208743e-01 7.423661142605954666e+00
9.992004473850977231e-01 3.664411124150162430e-02 -1.599334859067715400e-02 1.282370230070812767e+01 -3.656349815553303767e-02 9.993172875399468635e-01 5.303886470023142646e-03 -5.386084644735902871e-02 1.617678632405985736e-02 -4.714874148234944259e-03 9.998579650749553904e-01 7.605330338291473424e+00
9.994249274179858311e-01 2.942046072998465850e-02 -1.686084868086114991e-02 1.285397576509057949e+01 -2.933319045682848333e-02 9.995551326160013739e-01 5.400185097150074498e-03 -4.542035135612855490e-02 1.701222781345084617e-02 -4.902497102640158977e-03 9.998432399660127645e-01 7.788597050484743711e+00
9.996122735658995451e-01 2.128555847897807898e-02 -1.794842591544623667e-02 1.288419114962877998e+01 -2.118844157632151365e-02 9.997598996855000530e-01 5.584332061991923758e-03 -3.312839442038199855e-02 1.806298813242102758e-02 -5.201869343800879716e-03 9.998233267486004161e-01 7.971659962307240832e+00
9.997501130590957796e-01 1.127340290829269287e-02 -1.930585816572366609e-02 1.294198752970986632e+01 -1.118920693464004260e-02 9.999274060665557240e-01 4.463558790951574484e-03 -3.288325702257381689e-02 1.935478035974452782e-02 -4.246426503172709421e-03 9.998036808743486770e-01 8.151772774444198788e+00
9.997769223856144416e-01 -1.667409698445092682e-03 -2.105347234823864294e-02 1.300442148609101878e+01 1.732097004021434811e-03 9.999938643675626571e-01 3.054699376020369051e-03 -2.683387664567208827e-02 2.104825455493532574e-02 -3.090484861221173916e-03 9.997736132468230119e-01 8.332528043408560237e+00
9.995793955163120303e-01 -1.752367652422606725e-02 -2.310770992627897077e-02 1.309650317030471633e+01 1.757907300530805669e-02 9.998430917907386029e-01 2.196248779985210571e-03 -2.684778292771283770e-02 2.306559444522369648e-02 -2.601537624522387918e-03 9.997305126929492136e-01 8.510166558830254857e+00
9.990253839213693032e-01 -3.690812893777106751e-02 -2.420952550966746358e-02 1.316524801178579196e+01 3.698299089071942214e-02 9.993124170792466732e-01 2.651563653563279461e-03 2.775673623690694779e-03 2.409501834713544469e-02 -3.544319877361751595e-03 9.997033989993840963e-01 8.695123635266632789e+00
9.979877987131806627e-01 -5.867271929251990231e-02 -2.403787730218999441e-02 1.327046926115993841e+01 5.877273003313412958e-02 9.982653800336968031e-01 3.474638283253701689e-03 2.814332837276923779e-02 2.379231631128624763e-02 -4.880419231667748776e-03 9.997050212531226610e-01 8.878229714123781591e+00
9.963496823650132006e-01 -8.222210844403908536e-02 -2.295327610097737392e-02 1.338143695911352538e+01 8.233791420787273108e-02 9.965958773241618829e-01 4.145193825078400708e-03 6.474109276465178642e-02 2.253431561433599795e-02 -6.019987650782927628e-03 9.997279403108247919e-01 9.061108075695093689e+00
9.938178306108507165e-01 -1.088972127832326109e-01 -2.162373560449136131e-02 1.353483528310314554e+01 1.090313692523520034e-01 9.940250926819438337e-01 5.122816168168833548e-03 9.770654935193967550e-02 2.093667790001713450e-02 -7.448813500238177579e-03 9.997530767072053681e-01 9.243906602619480495e+00
9.901156012744158907e-01 -1.388258887932875552e-01 -1.996438407094043577e-02 1.368381761167872668e+01 1.389770484113462268e-01 9.902749998599036374e-01 6.384330833905760109e-03 1.532356220728671725e-01 1.888392103722309062e-02 -9.095816626636280683e-03 9.997802988656802059e-01 9.427105895436110217e+00
9.849533674660047033e-01 -1.720004461913048066e-01 -1.681604811501118818e-02 1.386974358167251253e+01 1.721293567531969881e-01 9.850526383924057550e-01 6.535533055284845766e-03 2.191324461907157573e-01 1.544058046770899889e-02 -9.331731747439278232e-03 9.998371941415896691e-01 9.610680496953891705e+00
9.778850344511269554e-01 -2.087153929696421717e-01 -1.336659938062959539e-02 1.407443206104890443e+01 2.088269444624114568e-01 9.779233179615679505e-01 7.565680715738829290e-03 2.935049471217047179e-01 1.149243675246103269e-02 -1.018967506386630334e-02 9.998820475873050340e-01 9.793539295380252696e+00
9.686027474333565035e-01 -2.484706092819955747e-01 -8.428892990369448238e-03 1.426534550435524018e+01 2.485430602754303275e-01 9.685787613523456629e-01 9.029640414984583391e-03 3.954938274918505248e-01 5.920446374531717487e-03 -1.084107386579013371e-02 9.999236912142978051e-01 9.972546140743910215e+00
9.570381663236081637e-01 -2.899155891537533725e-01 -5.182277041267866619e-03 1.449760491366962611e+01 2.899594705235196690e-01 9.569507802589056755e-01 1.299176357305451175e-02 4.974343063631467832e-01 1.192668959423661638e-03 -1.393625818386023431e-02 9.999021534174860060e-01 1.015214711063611475e+01
9.432777560292544550e-01 -3.319958105993138786e-01 -2.442181748728624539e-03 1.473378154971582710e+01 3.319894313567092192e-01 9.431377526518691656e-01 1.655875486184986076e-02 6.312632088921497076e-01 -3.194123150274361632e-03 -1.643028129641019644e-02 9.998598913188763149e-01 1.033250706021486920e+01
9.269728585273990795e-01 -3.751251275781875005e-01 1.568822998772669702e-03 1.495848480289040516e+01 3.750273394412540484e-01 9.268120581936358793e-01 1.933620756076716296e-02 7.850339912698551803e-01 -8.707501397581319733e-03 -1.733578783294176598e-02 9.998117832789650272e-01 1.050896703557563150e+01
9.080024222731892802e-01 -4.188933724493524302e-01 7.736848134995746515e-03 1.521510946631518202e+01 4.186373985992068447e-01 9.078680348207514017e-01 2.276984224719978689e-02 9.534976876952625524e-01 -1.656217996541494916e-02 -1.743614917538986731e-02 9.997107429060591022e-01 1.068885747968865729e+01
8.865361636289267322e-01 -4.624981837121149297e-01 1.220947506715480690e-02 1.546153081177066291e+01 4.620646128358154581e-01 8.864257769456412861e-01 2.730676843786791416e-02 1.128029181880848775e+00 -2.345213096193145622e-02 -1.856687403624868865e-02 9.995524594254319162e-01 1.086561125564355734e+01
8.622252521534067293e-01 -5.063434000341938690e-01 1.356542001688534893e-02 1.565878320568601190e+01 5.057461568493264448e-01 8.620750924434896767e-01 3.236365917652749002e-02 1.336686500320065196e+00 -2.808154271169249760e-02 -2.104410117197629340e-02 9.993840554031039325e-01 1.103745494079534772e+01
8.347732784962073049e-01 -5.504075222453165273e-01 1.432120761070226032e-02 1.590424105183456938e+01 5.496826522766390388e-01 8.346056593982036365e-01 3.581033525975232945e-02 1.558596172913408129e+00 -3.166284016152998843e-02 -2.202139647258143443e-02 9.992559621055890906e-01 1.120794231097596416e+01
8.044991784949323543e-01 -5.938313996885297152e-01 1.205543751724005679e-02 1.610611210714181496e+01 5.930321977983227244e-01 8.042156594541712833e-01 3.936936216737503547e-02 1.826738786410671223e+00 -3.307394095722046568e-02 -2.452335793859556495e-02 9.991519620508965138e-01 1.137418837874462874e+01
7.714172670688053124e-01 -6.362197462522511948e-01 1.182752211457154673e-02 1.634226594478437278e+01 6.353184294690740197e-01 7.711057001634119556e-01 4.203060271651855306e-02 2.088519066631125298e+00 -3.586097932107821379e-02 -2.490889713301452577e-02 9.990463327677825411e-01 1.153639878995180545e+01
7.350428301436671141e-01 -6.779239413320408136e-01 1.145084683729921324e-02 1.657588581936701289e+01 6.768779326451238587e-01 7.346794522014785667e-01 4.563402766861087562e-02 2.370104952006750754e+00 -3.934910559087245741e-02 -2.579214427701720727e-02 9.988926176548543756e-01 1.169578434377277709e+01
6.966093328581602906e-01 -7.173425918221197906e-01 1.245016506841781570e-02 1.676295159446990368e+01 7.161827766130443029e-01 6.963048451624599400e-01 4.734797586376714162e-02 2.693614807022502333e+00 -4.263384214031099712e-02 -2.406645464340421287e-02 9.988008219793798048e-01 1.185331430456433566e+01
6.562553061133039600e-01 -7.544275501424704267e-01 1.296165653872255637e-02 1.700803321625515707e+01 7.532414310348802822e-01 6.560371365060504445e-01 4.735594572689156428e-02 3.038485724171755553e+00 -4.422997482563468391e-02 -2.131433204603926101e-02 9.987939573806454696e-01 1.201263215748107349e+01
6.138865267986824970e-01 -7.892414352186124527e-01 1.553225498437846644e-02 1.724165127614981330e+01 7.880356814996344328e-01 6.138652168453562208e-01 4.657584884301155942e-02 3.418059493947762206e+00 -4.629431340153093016e-02 -1.635231309184376203e-02 9.987939563559611322e-01 1.217095358968632723e+01
5.693958980255360292e-01 -8.218561611773655962e-01 1.846116236057280396e-02 1.743314701637150677e+01 8.206044506684404549e-01 5.695793356268787910e-01 4.677246851926289417e-02 3.825118453856470868e+00 -4.895534796402296884e-02 -1.148274591375513312e-02 9.987349663475850736e-01 1.232550465430295716e+01
5.231496011659009238e-01 -8.520396759418434884e-01 1.851832111952580670e-02 1.764502715155956025e+01 8.507182165188215128e-01 5.233899405948034822e-01 4.838917320110167758e-02 4.251517324890960126e+00 -5.092180104494446052e-02 -9.560899088629806059e-03 9.986568582392955085e-01 1.247678260542862638e+01
4.742338711175542731e-01 -8.802483088771273501e-01 1.628450962199066987e-02 1.779139042947257465e+01 8.789818087128660196e-01 4.744385433317853673e-01 4.794897123111875603e-02 4.700740505201426167e+00 -4.993301550116968635e-02 -8.425232332656863374e-03 9.987169855506603522e-01 1.262513007451218172e+01
4.220145047730273213e-01 -9.064043119068561083e-01 1.830113465995542379e-02 1.798040142172541067e+01 9.051928476399184742e-01 4.223985474126108475e-01 4.696115863916591748e-02 5.196639767087164685e+00 -5.029618605083191474e-02 -3.252226985029289027e-03 9.987290478143617811e-01 1.277275929567748491e+01
3.685251097872059844e-01 -9.293863090693337270e-01 2.074442782528044746e-02 1.815290379985927416e+01 9.282085587082516964e-01 3.691031264433369818e-01 4.681774420389153007e-02 5.704807423151852852e+00 -5.116861026056726547e-02 2.001647142229352489e-03 9.986879637694570100e-01 1.292017254552343175e+01
3.146785771181292990e-01 -9.489688278616803530e-01 2.087132521428000653e-02 1.825831377918290244e+01 9.479199273965150940e-01 3.153195808009555678e-01 4.495901412213230974e-02 6.255734842824927533e+00 -4.924584790629207148e-02 5.636705011712160422e-03 9.987707420809150971e-01 1.306344462107902160e+01
2.614611001474331786e-01 -9.650020365330626015e-01 2.022781770237334215e-02 1.837901346772263977e+01 9.637236330001451856e-01 2.621642246674680821e-01 5.006719724402711874e-02 6.817945457195669690e+00 -5.361797504954544241e-02 6.403403437054371213e-03 9.985409751850987670e-01 1.320731325259237821e+01
2.099289503151737513e-01 -9.774895269302692480e-01 2.107106976863961159e-02 1.847846064318222403e+01 9.759243747100152522e-01 2.107997352698082472e-01 5.599304491327430910e-02 7.406979386405350141e+00 -5.917440547758406194e-02 8.809209909500379659e-03 9.982088144150180753e-01 1.335171285392095619e+01
1.607992730420277350e-01 -9.866821832688980054e-01 2.453106071067071708e-02 1.853524232404566519e+01 9.851330531221885733e-01 1.619703550432967376e-01 5.725881903238324439e-02 8.053621767848275326e+00 -6.046957430880894879e-02 1.495918469846925850e-02 9.980578719146755429e-01 1.349185544644435275e+01
1.160397453662864592e-01 -9.929354405101040726e-01 2.477882458458377166e-02 1.859106469554249230e+01 9.913272675180589966e-01 1.173290676020710549e-01 5.919666010258538280e-02 8.701589580485665110e+00 -6.168575626433858011e-02 1.769475940100462968e-02 9.979386870316425684e-01 1.363575608100803294e+01
7.528624514517896771e-02 -9.969203173131561124e-01 2.195025400189358836e-02 1.860198928211186953e+01 9.953679907875014887e-01 7.645241442224789963e-02 5.828886313797035368e-02 9.390977881147072992e+00 -5.978751020805186944e-02 1.746023676321388496e-02 9.980583404325732433e-01 1.377350784599747335e+01
3.970739447739073114e-02 -9.990449929697657883e-01 1.822996090172411196e-02 1.860374045745637872e+01 9.977279140843700045e-01 4.063563068343415546e-02 5.373795649763020432e-02 1.007347333190678995e+01 -5.442743027969759728e-02 1.605475131919647386e-02 9.983886748391750388e-01 1.390143232090842140e+01
1.051428458761526422e-02 -9.998436121116539566e-01 1.422258726222657213e-02 1.857717185671219440e+01 9.985420325650026241e-01 1.125159351122817161e-02 5.279520289368484776e-02 1.078755770759266852e+01 -5.294698319226577576e-02 1.364675035907089024e-02 9.985040619011565921e-01 1.403159735292219423e+01
-1.094057103865808331e-02 -9.998745611299745262e-01 1.145256697234934597e-02 1.854462827073252384e+01 9.983034863027069328e-01 -1.026691600717332016e-02 5.731323221856297195e-02 1.153311986412464307e+01 -5.718846238288850109e-02 1.206018448020280097e-02 9.982905570458312505e-01 1.416552635072196864e+01
-2.449240186858061066e-02 -9.996342976406600300e-01 1.146179687445246509e-02 1.850653309569852212e+01 9.977053641021597086e-01 -2.371802201168088375e-02 6.341508041841020793e-02 1.233694968011209170e+01 -6.312005440151892410e-02 1.298869181039201404e-02 9.979213838802616365e-01 1.429574392082560585e+01
-3.280503811479289905e-02 -9.994013158361243487e-01 1.099016503021718605e-02 1.845874020037787844e+01 9.972628795255212841e-01 -3.200186388545729621e-02 6.665404151918333242e-02 1.311175971842401466e+01 -6.626244387944739411e-02 1.314667691035517789e-02 9.977156320002502632e-01 1.442678898764117790e+01
-3.693543154612606572e-02 -9.992459750778411864e-01 1.196824216981430544e-02 1.841226030715958828e+01 9.972813286418731327e-01 -3.609334376916749354e-02 6.424364738001482611e-02 1.391857820659938128e+01 -6.376324776557519558e-02 1.430858105852082784e-02 9.978624653152936563e-01 1.455483679660897955e+01
-3.687604959251675890e-02 -9.991586723084593391e-01 1.794805095186627689e-02 1.836821370376546270e+01 9.975262498077783757e-01 -3.572835066236469681e-02 6.053796697163462553e-02 1.472471877011487251e+01 -5.984578890066510892e-02 2.013606251462353794e-02 9.980044602548814314e-01 1.467760584336506646e+01
-3.350795688102928965e-02 -9.989485499200018159e-01 3.128819916969653725e-02 1.834167506171911555e+01 9.978100117543586833e-01 -3.165061300610472195e-02 5.808092672450659855e-02 1.559511673238886509e+01 -5.702957721849083450e-02 3.316586287481385759e-02 9.978214698871341604e-01 1.478963872001133062e+01
-2.813259401813425140e-02 -9.990649523783295960e-01 3.282943268079819427e-02 1.830024031293880071e+01 9.979528418082270758e-01 -2.618392383394756162e-02 5.834902775205545733e-02 1.645376058246189643e+01 -5.743487371873295250e-02 3.440374563232505289e-02 9.977562178520819058e-01 1.491270892036253848e+01
-2.243656540484986403e-02 -9.993016697823544625e-01 2.987947987998335400e-02 1.825572074770586894e+01 9.981180727215770432e-01 -2.068388693233810804e-02 5.772853078413948263e-02 1.734679244223640637e+01 -5.707019833588227592e-02 3.111848618065177555e-02 9.978850823371879786e-01 1.504189983088988569e+01
-1.943315114496604878e-02 -9.991902505249709021e-01 3.523104567221909539e-02 1.822300588394127274e+01 9.985373393955310206e-01 -1.761811720144320151e-02 5.111630790874354541e-02 1.823286703843953305e+01 -5.045421713988164358e-02 3.617287100736765043e-02 9.980710483464092508e-01 1.516563730003293387e+01
-1.704511012894685887e-02 -9.992848088708959908e-01 3.375259444796170627e-02 1.817625434538187790e+01 9.990537748867086565e-01 -1.567079579413261509e-02 4.057166672742717334e-02 1.917160126278774612e+01 -4.001373994678752988e-02 3.441221752499926123e-02 9.986063459230795081e-01 1.527837170317122428e+01
-1.563505161617620084e-02 -9.995372220975254907e-01 2.609352982095275095e-02 1.812125331031734632e+01 9.993589022767852548e-01 -1.478096147805480799e-02 3.260957615316516928e-02 2.009922918971469485e+01 -3.220880670846378718e-02 2.658666165563015188e-02 9.991274730942308890e-01 1.540639370724896828e+01
-1.676900582321743868e-02 -9.996470437763795847e-01 2.060502442860582747e-02 1.806792313673722106e+01 9.994543096423988970e-01 -1.617205732519756689e-02 2.880361330119952587e-02 2.105006539836865898e+01 -2.846022507431566345e-02 2.107679909218662662e-02 9.993726931484149256e-01 1.553493633693962650e+01
-2.006175815595706916e-02 -9.997307248009661418e-01 1.165921171579313229e-02 1.800617278085181283e+01 9.991840224359067602e-01 -1.963916848964405992e-02 3.529454363906918413e-02 2.202172017568972606e+01 -3.505606935563035376e-02 1.235776881960188624e-02 9.993089466456011039e-01 1.567633934936141316e+01
-2.426350028697986730e-02 -9.996959254824950847e-01 4.398853050715799060e-03 1.794170946943437883e+01 9.987814808638860731e-01 -2.405167748630153771e-02 4.309439281806413252e-02 2.301655178723182615e+01 -4.297549774362805636e-02 5.439117843919994907e-03 9.990612577732814747e-01 1.581282462803749844e+01
-2.915803090429439776e-02 -9.995698084422118823e-01 3.149083759874438549e-03 1.787704024247245016e+01 9.982008963525640377e-01 -2.895269484701493146e-02 5.250415127444928859e-02 2.404440618279320674e+01 -5.239040409623622885e-02 4.674339768240924446e-03 9.986156657513094448e-01 1.593171380411870430e+01
-3.105271440399182126e-02 -9.995168929419656623e-01 1.326498011212481638e-03 1.780974476109924964e+01 9.975905485190599276e-01 -3.091044043412717948e-02 6.210955839407345663e-02 2.508539849671009847e+01 -6.203856086732752878e-02 3.251976389196363244e-03 9.980683948381189330e-01 1.604621293996240539e+01
-3.225291153372050051e-02 -9.994773995946765188e-01 2.169317854718573729e-03 1.774570047713364218e+01 9.969566448241169443e-01 -3.201729702180113046e-02 7.108006660635762808e-02 2.613169782713272227e+01 -7.097347880419006827e-02 4.455259147541979110e-03 9.974682185555215908e-01 1.615555516666939440e+01
-3.367425719664904338e-02 -9.994251135143309428e-01 3.922506641807087593e-03 1.768365816197285767e+01 9.967954233773210770e-01 -3.330019330016396190e-02 7.273239365599440398e-02 2.717075840368512374e+01 -7.255997595146816692e-02 6.359150827072894592e-03 9.973438004968129267e-01 1.625957205082224277e+01
-3.556512141801896482e-02 -9.993643063431359996e-01 2.465952156324406966e-03 1.761415074049397234e+01 9.969738399645315940e-01 -3.530915609853665232e-02 6.925678140402166671e-02 2.821064319064712578e+01 -6.912569543228756774e-02 4.921619782595139207e-03 9.975957575165557145e-01 1.637540351875177080e+01
-3.800402276374797994e-02 -9.992748878723025641e-01 2.332983285264427810e-03 1.755275200139053027e+01 9.971822313638273316e-01 -3.777311421296909721e-02 6.481449837562321126e-02 2.932203153293217568e+01 -6.467939303757218317e-02 4.789625398708534550e-03 9.978945369767170392e-01 1.618431586511600173e+01
-4.276255806387805475e-02 -9.990819664374472886e-01 2.582599529129071380e-03 1.748875297433919584e+01 9.973002033005655687e-01 -4.253156015877752882e-02 5.986180349726390182e-02 3.044193474649809517e+01 -5.969701532750531364e-02 5.135475422271208040e-03 9.982032582226555428e-01 1.591622959574765872e+01
-4.851657718302722355e-02 -9.988191856636703392e-01 2.532834694869811297e-03 1.741641382265397908e+01 9.973282721181273569e-01 -4.830518846165692687e-02 5.479930068848759550e-02 3.152301599666619225e+01 -5.461225457625466795e-02 5.184746560874977164e-03 9.984941456446840835e-01 1.576227782539502620e+01
-5.510033756529347099e-02 -9.984795202477594334e-01 1.636316478116344765e-03 1.733802371671081133e+01 9.971289601942354697e-01 -5.494041263315810331e-02 5.211058376477126219e-02 3.262705253877791733e+01 -5.194145992392745076e-02 4.502934243725804399e-03 9.986399201984516028e-01 1.551850959828331433e+01
-6.157355789121650436e-02 -9.981016117556659184e-01 1.383747225189615928e-03 1.725073976115548291e+01 9.965740267715081924e-01 -6.140250225775992915e-02 5.540832318690773473e-02 3.372317052463189668e+01 -5.521817541469430102e-02 4.790697757530025698e-03 9.984627601489765025e-01 1.536749580071338528e+01
-6.823075893826091587e-02 -9.976694948805090446e-01 -3.060420049573477595e-04 1.715111630334234860e+01 9.958319577372661824e-01 -6.812369104170952483e-02 6.064564190372628838e-02 3.484849865846321393e+01 -6.052516995479052114e-02 3.833135828256921483e-03 9.981592899799703877e-01 1.514248990917405280e+01
-7.407319258307996923e-02 -9.972452775747360221e-01 -3.862593174731813756e-03 1.704528437155710918e+01 9.952038162408772815e-01 -7.416860797299548724e-02 6.378504508783218452e-02 3.595840407828956131e+01 -6.389583338308423011e-02 8.806990081783687679e-04 9.979561305560754603e-01 1.498225012469312745e+01
-7.892992962848431604e-02 -9.968556514987907402e-01 -6.984341075884982139e-03 1.693614410569786699e+01 9.946972312563265861e-01 -7.921856050280652595e-02 6.558930921059910601e-02 3.708423136578192469e+01 -6.593638435358278871e-02 -1.770340858282081278e-03 9.978222301312907883e-01 1.479524947591486317e+01
-8.145718807682462981e-02 -9.966053184982333057e-01 -1.194262996198029898e-02 1.681907603884728530e+01 9.943473670312806822e-01 -8.207972938838761778e-02 6.735152694192227119e-02 3.819099494397827499e+01 -6.810314833468557316e-02 -6.388850882035100945e-03 9.976578274652121436e-01 1.464601587805408833e+01
-8.279435564791443047e-02 -9.964320361322784869e-01 -1.637907034009661658e-02 1.669876731368137612e+01 9.941307017569518401e-01 -8.372928822636770130e-02 6.851008393858493140e-02 3.931206378793038425e+01 -6.963706586350422445e-02 -1.061068482054906316e-02 9.975159238742821177e-01 1.447368066682136067e+01
-8.439701493961040968e-02 -9.962710838515014267e-01 -1.791986144587569968e-02 1.658535364904331288e+01 9.939949377091075178e-01 -8.543404670683772684e-02 6.837432392096916278e-02 4.041314415201293286e+01 -6.965033929561889603e-02 -1.204166455798935317e-02 9.974988016464481078e-01 1.433099718184129756e+01
-8.583128906345249831e-02 -9.961429092188575085e-01 -1.822603344192231731e-02 1.647054398129272457e+01 9.939361350675692819e-01 -8.687448221477032939e-02 6.740856772042315426e-02 4.150935735339559329e+01 -6.873195857596964276e-02 -1.232974836949149791e-02 9.975589812782228449e-01 1.419397775570005749e+01
-8.685236742709788460e-02 -9.960332270865145388e-01 -1.935322782893996590e-02 1.635173783011194359e+01 9.938964580215182698e-01 -8.795972406858496018e-02 6.658044338102889204e-02 4.260662940803447896e+01 -6.801864358665565824e-02 -1.345243331167671717e-02 9.975933014956828160e-01 1.404857925810735964e+01
-8.768980277204524443e-02 -9.959120235664649101e-01 -2.167232558428715955e-02 1.623129110822323895e+01 9.938441500839279019e-01 -8.894506027287833738e-02 6.605055700686718323e-02 4.370479890550900848e+01 -6.770820084721887455e-02 -1.574694985078457787e-02 9.975808530449234990e-01 1.392851935012556019e+01
-8.849436403878001289e-02 -9.957500550733888733e-01 -2.550656868702566929e-02 1.608305763306720948e+01 9.938984375948042294e-01 -8.996445178690397337e-02 6.381483979640859006e-02 4.480116884585828529e+01 -6.583832575983593338e-02 -1.970368089108822870e-02 9.976357458256839283e-01 1.378921887518284528e+01
-8.882888150550098671e-02 -9.955805964722987955e-01 -3.047311743682506666e-02 1.593702620506430634e+01 9.941559890272012590e-01 -9.050302955094920165e-02 5.884868281831968223e-02 4.590325514615309288e+01 -6.134652814002220650e-02 -2.506757121160027926e-02 9.978016510564502450e-01 1.368290994039979580e+01
-8.814414760079886113e-02 -9.955694121312999023e-01 -3.274367388797843476e-02 1.578975337923320055e+01 9.942896673828175436e-01 -8.992088534929953969e-02 5.746661406128808491e-02 4.701054091015708281e+01 -6.015636162230897366e-02 -2.749135176408365813e-02 9.978103429500982946e-01 1.355990657600810323e+01
-8.633496887128928876e-02 -9.956865124028499991e-01 -3.397932498693299885e-02 1.565795458845809129e+01 9.942186574700152546e-01 -8.829294718320868096e-02 6.110391344247482343e-02 4.812388098002226400e+01 -6.384049218440938922e-02 -2.850747195320838673e-02 9.975528160544980816e-01 1.346528971417666298e+01
-8.451120482039613246e-02 -9.957957223814170034e-01 -3.533853946514593086e-02 1.549630958292931915e+01 9.940691910680792276e-01 -8.669460465109771197e-02 6.565411565883173817e-02 4.921967558148237032e+01 -6.844175844223131244e-02 -2.958044729275261311e-02 9.972164994714939334e-01 1.335536045946610351e+01
-8.356199744667609786e-02 -9.959817864268559751e-01 -3.221350605387521965e-02 1.536045998642754640e+01 9.942394779115503178e-01 -8.550608445891785814e-02 6.462686478854577643e-02 5.032741745623049212e+01 -6.712164932505533532e-02 -2.662759032322899524e-02 9.973893919055939472e-01 1.325335695070081599e+01
-8.178468427013027564e-02 -9.961570250007845129e-01 -3.134246649747129965e-02 1.521215820763506876e+01 9.944391997097323799e-01 -8.365639819719514203e-02 6.397149042207922465e-02 5.145088663541673668e+01 -6.634766572440461974e-02 -2.593629450798947550e-02 9.974593724673253003e-01 1.314486334985096150e+01
-7.801171933687084392e-02 -9.963209665140055904e-01 -3.547702614349292766e-02 1.506133442997646554e+01 9.946742479109343948e-01 -8.018849410746915762e-02 6.475270564596044554e-02 5.257043026871762237e+01 -6.735933784127805246e-02 -3.023661173586964651e-02 9.972705034443399841e-01 1.305179530872150018e+01
-7.281517753537883331e-02 -9.965169429252995759e-01 -4.064343678256886194e-02 1.489205413045021942e+01 9.950185800742066267e-01 -7.536702777295695155e-02 6.525200026099785278e-02 5.369761679173529956e+01 -6.808791266504275741e-02 -3.568963376332699028e-02 9.970407753083357916e-01 1.295017426338958799e+01
-6.729725197304249618e-02 -9.967540570680617495e-01 -4.418533227864394897e-02 1.473226047979911613e+01 9.954166184580839349e-01 -7.009106494847548718e-02 6.506115978244639275e-02 5.480165151455828720e+01 -6.794698373872853914e-02 -3.960438217869031996e-02 9.969024869215178386e-01 1.285216714254564963e+01
-6.216713647755592320e-02 -9.970244009579368738e-01 -4.558063629166825975e-02 1.455538383097343491e+01 9.958034711185523857e-01 -6.503468351064585484e-02 6.438944282477118697e-02 5.591868041960496782e+01 -6.716218797065756640e-02 -4.138644662510383015e-02 9.968833399882017776e-01 1.273960311761562991e+01
-5.704273556260571615e-02 -9.973646152460464709e-01 -4.483294784451251347e-02 1.441477561265074669e+01 9.962069562020331448e-01 -5.981726717899461809e-02 6.319581063819787459e-02 5.703906935380603471e+01 -6.571106773797655287e-02 -4.105803686445261280e-02 9.969935927416003763e-01 1.264361526106860900e+01
-5.228746062637641689e-02 -9.977049334227526822e-01 -4.302172240041490792e-02 1.429035252693490854e+01 9.964754898869396804e-01 -5.495586300731403195e-02 6.337651216396408826e-02 5.816901808684814057e+01 -6.559537371338723666e-02 -3.955629174498519890e-02 9.970619536336904343e-01 1.255133881510575122e+01
-4.761738798171871734e-02 -9.979853815008682405e-01 -4.192477941334218916e-02 1.417013519918529596e+01 9.967056634636293211e-01 -5.023134516209343953e-02 6.367653711716117493e-02 5.930571785449897959e+01 -6.565419836576641410e-02 -3.875455382312770203e-02 9.970895431438120404e-01 1.245832430931783819e+01
-4.242977346608479972e-02 -9.982832775200630726e-01 -4.037491641324883473e-02 1.407114521098895032e+01 9.968487675598299846e-01 -4.501058540686245918e-02 6.531906347651816880e-02 6.044567092855832868e+01 -6.702423960589685981e-02 -3.747621260231461665e-02 9.970472888729473571e-01 1.237334581967862945e+01
-3.756378030546377034e-02 -9.984351378450938563e-01 -4.142646883804402408e-02 1.396568511456668382e+01 9.970137087822766864e-01 -4.024494794440255929e-02 6.590880333636808808e-02 6.159493994948968520e+01 -6.747288838800886979e-02 -3.882697425308254124e-02 9.969652782498664711e-01 1.227243838369982676e+01
-3.248998727925796193e-02 -9.986291308979516890e-01 -4.103860464417860565e-02 1.388003147466826626e+01 9.971629721705802529e-01 -3.517705420963730678e-02 6.654768752323973746e-02 6.273344825320224771e+01 -6.790009377000590096e-02 -3.876004949364576097e-02 9.969389114888953518e-01 1.218082070326643773e+01
