1.000000000000000000e+00 0.000000000000000000e+00 0.000000000000000000e+00 0.000000000000000000e+00 0.000000000000000000e+00 1.000000000000000000e+00 0.000000000000000000e+00 0.000000000000000000e+00 0.000000000000000000e+00 0.000000000000000000e+00 1.000000000000000000e+00 0.000000000000000000e+00
9.999955999999999845e-01 2.872219000000000074e-03 6.839950299999999475e-04 3.879737900000000163e-03 -2.873712000000000055e-03 9.999934000000000323e-01 2.190301600000000171e-03 -1.849906000000000050e-01 -6.776996699999999563e-04 -2.192257400000000109e-03 9.999974000000000363e-01 8.085136000000000545e-01
9.999831999999999610e-01 5.587657999999999688e-03 1.562737800000000080e-03 7.192397700000000352e-03 -5.592622999999999692e-03 9.999791999999999570e-01 3.190364599999999991e-03 -3.682362000000000135e-01 -1.544879199999999939e-03 -3.199050399999999860e-03 9.999936999999999854e-01 1.630417999999999923e+00
9.999732999999999539e-01 6.921214000000000185e-03 2.355062800000000053e-03 2.045471999999999915e-02 -6.928385999999999920e-03 9.999713000000000074e-01 3.050143600000000156e-03 -5.523196000000000216e-01 -2.333885200000000021e-03 -3.066378399999999949e-03 9.999926000000000093e-01 2.389886999999999873e+00
9.999565999999999732e-01 8.891450000000000395e-03 2.795367799999999830e-03 2.958662899999999971e-02 -8.899772999999999712e-03 9.999559000000000086e-01 2.978513600000000112e-03 -7.343269999999999520e-01 -2.768761199999999860e-03 -3.003261399999999828e-03 9.999917000000000389e-01 3.173915000000000042e+00
9.999525000000000219e-01 9.051768999999999440e-03 3.609112800000000097e-03 3.335120899999999972e-02 -9.062748000000000678e-03 9.999542999999999626e-01 3.036916599999999952e-03 -9.183095999999999481e-01 -3.581458200000000106e-03 -3.069480400000000001e-03 9.999888999999999584e-01 3.898587000000000025e+00
9.999466999999999661e-01 9.344229000000000770e-03 4.393636799999999648e-03 3.816707899999999959e-02 -9.363342999999999666e-03 9.999466999999999661e-01 4.349579600000000323e-03 -1.102394000000000096e+00 -4.352760199999999857e-03 -4.390486400000000004e-03 9.999808999999999504e-01 4.630766999999999634e+00
9.999350999999999656e-01 1.002403999999999969e-02 5.411107800000000342e-03 5.059317900000000201e-02 -1.006297999999999915e-02 9.999232999999999594e-01 7.217334599999999933e-03 -1.285096999999999934e+00 -5.338346199999999958e-03 -7.271317400000000368e-03 9.999592999999999954e-01 5.321596000000000437e+00
9.999263000000000456e-01 9.856340999999999367e-03 7.085164799999999971e-03 5.170818900000000162e-02 -9.936435000000000406e-03 9.998860999999999999e-01 1.135916000000000009e-02 -1.470593000000000039e+00 -6.972398200000000379e-03 -1.142871999999999985e-02 9.999103999999999770e-01 5.969281999999999755e+00
9.999227000000000531e-01 9.036040000000000391e-03 8.544749799999999326e-03 6.247457900000000230e-02 -9.164425000000000349e-03 9.998439000000000076e-01 1.510695999999999914e-02 -1.655745999999999940e+00 -8.406909199999999804e-03 -1.518410000000000072e-02 9.998493999999999993e-01 6.584575000000000067e+00
9.999187000000000491e-01 8.184366999999999684e-03 9.779583799999999952e-03 7.747076899999999489e-02 -8.356400999999999413e-03 9.998086999999999946e-01 1.768149000000000109e-02 -1.839855000000000018e+00 -9.633002200000000820e-03 -1.776176999999999964e-02 9.997958999999999596e-01 7.179429999999999978e+00
9.998991999999999880e-01 8.569442999999999505e-03 1.131733000000000045e-02 9.159597899999999404e-02 -8.771740999999999566e-03 9.998004000000000335e-01 1.794785000000000130e-02 -2.023391999999999857e+00 -1.116126999999999918e-02 -1.804530999999999843e-02 9.997749000000000219e-01 7.763325000000000031e+00
9.998704000000000480e-01 9.739189000000000526e-03 1.281972999999999967e-02 7.806212899999999399e-02 -9.942602999999999511e-03 9.998240999999999934e-01 1.590012000000000023e-02 -2.206949999999999967e+00 -1.266262999999999937e-02 -1.602552000000000143e-02 9.997913999999999968e-01 8.294501999999999597e+00
9.998544000000000320e-01 9.705442999999999362e-03 1.403661999999999965e-02 5.269461899999999810e-02 -9.883635999999999464e-03 9.998707000000000011e-01 1.268158999999999953e-02 -2.394912999999999847e+00 -1.391173000000000062e-02 -1.281847000000000021e-02 9.998211000000000181e-01 8.771046999999999372e+00
9.998390000000000333e-01 8.391631000000000090e-03 1.586179000000000061e-02 4.539941799999999694e-02 -8.573432000000000622e-03 9.998979000000000061e-01 1.142837000000000020e-02 -2.579810999999999854e+00 -1.576427000000000037e-02 -1.156251999999999974e-02 9.998089000000000004e-01 9.219162999999999997e+00
9.998291999999999735e-01 4.730910999999999970e-03 1.786429999999999962e-02 3.629998799999999831e-02 -4.897407000000000322e-03 9.999447999999999670e-01 9.287784599999999655e-03 -2.767952999999999886e+00 -1.781937999999999925e-02 -9.373685399999999793e-03 9.997972999999999999e-01 9.647128999999999621e+00
9.998010999999999981e-01 2.371752999999999882e-03 1.980420999999999918e-02 4.725478799999999896e-02 -2.529940000000000053e-03 9.999649999999999928e-01 7.966287600000000052e-03 -2.953574999999999839e+00 -1.978461999999999929e-02 -8.014805399999999982e-03 9.997721000000000524e-01 1.004720000000000013e+01
9.997319999999999540e-01 6.671026000000000039e-03 2.216805000000000164e-02 4.201540799999999715e-02 -6.814894000000000160e-03 9.999561000000000144e-01 6.420605599999999573e-03 -3.142551000000000094e+00 -2.212425000000000155e-02 -6.569956400000000196e-03 9.997336999999999474e-01 1.043529999999999980e+01
9.996154000000000428e-01 1.130345999999999955e-02 2.532318999999999889e-02 3.769118800000000047e-02 -1.144998000000000023e-02 9.999185000000000434e-01 5.648135599999999645e-03 -3.333269000000000037e+00 -2.525729000000000168e-02 -5.935912399999999922e-03 9.996633999999999798e-01 1.075568999999999953e+01
9.995108000000000326e-01 1.217647000000000000e-02 2.880682999999999855e-02 3.176479799999999687e-02 -1.236975000000000054e-02 9.999021000000000159e-01 6.540984599999999892e-03 -3.523226000000000191e+00 -2.872436000000000086e-02 -6.894116399999999749e-03 9.995635999999999965e-01 1.104824999999999946e+01
9.994553000000000464e-01 8.077445000000000805e-03 3.199665000000000148e-02 5.072265799999999686e-02 -8.312721000000000346e-03 9.999392999999999754e-01 7.226895599999999878e-03 -3.706655000000000033e+00 -3.193634000000000056e-02 -7.488937400000000334e-03 9.994619000000000142e-01 1.132402000000000086e+01
9.993994000000000488e-01 2.921373000000000112e-03 3.452892999999999935e-02 7.039615800000000034e-02 -3.148932000000000120e-03 9.999736000000000180e-01 6.537842599999999643e-03 -3.888841999999999910e+00 -3.450891999999999848e-02 -6.642644399999999769e-03 9.993822999999999457e-01 1.157202000000000019e+01
9.993136000000000241e-01 -6.270530099999999888e-04 3.703920000000000129e-02 9.529699799999999388e-02 3.258714000000000120e-04 9.999668000000000445e-01 8.136907599999999852e-03 -4.071233000000000324e+00 -3.704307999999999906e-02 -8.119251399999999341e-03 9.992807000000000217e-01 1.179523999999999972e+01
9.992102999999999957e-01 -1.028733999999999899e-03 3.971974999999999811e-02 9.028127800000000647e-02 6.523597999999999810e-04 9.999548000000000325e-01 9.487539600000000767e-03 -4.268075999999999759e+00 -3.972772000000000109e-02 -9.454134399999999591e-03 9.991657999999999928e-01 1.189602000000000004e+01
9.991273999999999988e-01 -2.084992100000000119e-04 4.176701000000000025e-02 9.669036799999999876e-02 -1.395791999999999866e-04 9.999652999999999459e-01 8.330722599999999811e-03 -4.457474000000000380e+00 -4.176728999999999858e-02 -8.329281399999999280e-03 9.990926999999999447e-01 1.200799999999999912e+01
9.990295999999999621e-01 6.213575900000000351e-04 4.403971000000000274e-02 1.064884999999999998e-01 -9.165790999999999739e-04 9.999772000000000105e-01 6.683650600000000386e-03 -4.644611000000000267e+00 -4.403456000000000037e-02 -6.717529399999999998e-03 9.990073999999999899e-01 1.210435999999999979e+01
9.989076000000000066e-01 2.813382000000000122e-03 4.664481999999999656e-02 1.123429999999999984e-01 -3.078608000000000039e-03 9.999795000000000211e-01 5.615202599999999898e-03 -4.833709999999999951e+00 -4.662805999999999895e-02 -5.752669400000000322e-03 9.988958000000000004e-01 1.219147000000000070e+01
9.988112000000000101e-01 5.743441000000000171e-03 4.840768000000000154e-02 1.244046999999999931e-01 -6.004889000000000233e-03 9.999681000000000264e-01 5.257228600000000279e-03 -5.021683999999999592e+00 -4.837595000000000089e-02 -5.541660399999999605e-03 9.988137999999999739e-01 1.228096999999999994e+01
9.987373000000000500e-01 7.422854999999999905e-03 4.968709999999999793e-02 1.056002000000000052e-01 -7.627692000000000153e-03 9.999630999999999936e-01 3.934156599999999622e-03 -5.220756999999999870e+00 -4.965606999999999660e-02 -4.308186399999999576e-03 9.987570999999999533e-01 1.229322999999999944e+01
9.986443000000000403e-01 6.635480000000000024e-03 5.162929000000000129e-02 1.073965999999999948e-01 -6.749876999999999613e-03 9.999751000000000056e-01 2.041669600000000067e-03 -5.410555999999999699e+00 -5.161447000000000257e-02 -2.387392400000000036e-03 9.986642000000000019e-01 1.233543000000000056e+01
9.985751999999999962e-01 5.360110000000000395e-03 5.309251999999999722e-02 1.060557000000000027e-01 -5.390645000000000332e-03 9.999854000000000243e-01 4.319108399999999808e-04 -5.599751999999999619e+00 -5.308942999999999995e-02 -7.174983599999999783e-04 9.985895000000000188e-01 1.236696000000000062e+01
9.985214000000000034e-01 4.548471999999999585e-03 5.417033000000000265e-02 1.205438000000000065e-01 -4.516011999999999804e-03 9.999894999999999756e-01 -7.216382599999999689e-04 -5.782797999999999661e+00 -5.417305000000000037e-02 4.759370400000000100e-04 9.985315000000000163e-01 1.242383000000000060e+01
9.984370000000000189e-01 5.270554999999999685e-03 5.563918000000000336e-02 1.175632000000000066e-01 -5.162522000000000118e-03 9.999845000000000539e-01 -2.085249400000000093e-03 -5.973297999999999774e+00 -5.564931000000000044e-02 1.794750599999999892e-03 9.984488000000000252e-01 1.244527000000000072e+01
9.983585999999999849e-01 6.302587999999999593e-03 5.692470000000000169e-02 1.252756999999999898e-01 -6.070502000000000190e-03 9.999725000000000419e-01 -4.249087399999999619e-03 -6.160581999999999780e+00 -5.694992000000000110e-02 3.896549599999999790e-03 9.983693999999999624e-01 1.248071999999999981e+01
9.983128000000000002e-01 6.443194000000000178e-03 5.770626000000000227e-02 1.270332000000000128e-01 -6.078421999999999992e-03 9.999603999999999715e-01 -6.494510400000000350e-03 -6.350323999999999636e+00 -5.774582999999999799e-02 6.132788600000000333e-03 9.983125000000000471e-01 1.250060000000000038e+01
9.982767000000000168e-01 5.676981000000000215e-03 5.840776999999999775e-02 1.425397999999999943e-01 -5.172602999999999576e-03 9.999479999999999480e-01 -8.783055399999999818e-03 -6.534828000000000081e+00 -5.845460000000000239e-02 8.465797599999999937e-03 9.982541999999999804e-01 1.254513999999999996e+01
9.983039000000000218e-01 4.780262000000000400e-03 5.802113999999999883e-02 1.569457999999999964e-01 -4.162037000000000375e-03 9.999333000000000249e-01 -1.077135000000000072e-02 -6.719215000000000160e+00 -5.806875999999999705e-02 1.051158999999999948e-02 9.982573000000000141e-01 1.259012000000000064e+01
9.984239999999999782e-01 4.280179999999999749e-03 5.595732999999999957e-02 1.601825000000000054e-01 -3.612147999999999921e-03 9.999209999999999487e-01 -1.203393999999999991e-02 -6.903920000000000279e+00 -5.600441999999999920e-02 1.181284999999999974e-02 9.983606000000000424e-01 1.262959999999999994e+01
9.985874999999999613e-01 4.443316000000000106e-03 5.294651000000000218e-02 1.504195000000000115e-01 -3.758632999999999939e-03 9.999080999999999664e-01 -1.302417999999999978e-02 -7.091533000000000087e+00 -5.299952000000000135e-02 1.280677000000000031e-02 9.985123999999999667e-01 1.265651000000000082e+01
9.987905999999999729e-01 5.077515000000000327e-03 4.890448000000000017e-02 1.515086999999999962e-01 -4.388269999999999671e-03 9.998896999999999924e-01 -1.419078000000000006e-02 -7.275413999999999604e+00 -4.897114000000000328e-02 1.395899999999999919e-02 9.987027000000000543e-01 1.270288000000000039e+01
9.990504999999999525e-01 5.410248000000000314e-03 4.323011999999999688e-02 1.551810000000000134e-01 -4.750593000000000003e-03 9.998709000000000069e-01 -1.534737000000000080e-02 -7.457602999999999760e+00 -4.330757999999999830e-02 1.512742000000000080e-02 9.989472999999999825e-01 1.275493999999999950e+01
9.993166999999999467e-01 5.333669000000000084e-03 3.657521999999999857e-02 1.567734000000000072e-01 -4.745804999999999642e-03 9.998584000000000360e-01 -1.614082000000000017e-02 -7.639654000000000167e+00 -3.665613999999999678e-02 1.595620999999999845e-02 9.992005999999999943e-01 1.280649000000000015e+01
9.995545000000000124e-01 5.452372999999999942e-03 2.934509000000000076e-02 1.461490000000000011e-01 -4.955577000000000072e-03 9.998436000000000545e-01 -1.697564999999999838e-02 -7.823269999999999946e+00 -2.943306000000000047e-02 1.682265999999999970e-02 9.994252000000000136e-01 1.283660000000000068e+01
9.997591999999999590e-01 5.662531000000000161e-03 2.120069999999999941e-02 1.313744000000000023e-01 -5.280664000000000018e-03 9.998236000000000345e-01 -1.802495999999999959e-02 -8.006755000000000067e+00 -2.129901999999999837e-02 1.790865999999999986e-02 9.996127000000000207e-01 1.286669000000000018e+01
9.999268000000000045e-01 4.573881999999999601e-03 1.119881000000000001e-02 1.281229000000000118e-01 -4.356897999999999674e-03 9.998038000000000203e-01 -1.932404999999999887e-02 -8.187426000000000315e+00 -1.128499999999999989e-02 1.927384000000000042e-02 9.997506000000000448e-01 1.292430000000000057e+01
9.999934000000000323e-01 3.206483999999999897e-03 -1.725845200000000008e-03 1.181032000000000054e-01 -3.242067999999999860e-03 9.997736000000000400e-01 -2.102607000000000087e-02 -8.368883999999999546e+00 1.658034799999999909e-03 2.103152000000000146e-02 9.997774000000000383e-01 1.298659999999999926e+01
9.998426999999999731e-01 2.398227000000000171e-03 -1.757496000000000058e-02 1.134195000000000064e-01 -2.803069999999999954e-03 9.997304000000000190e-01 -2.304685999999999887e-02 -8.547404000000000224e+00 1.751495000000000135e-02 2.309249999999999844e-02 9.995798999999999657e-01 1.307848000000000077e+01
9.993119000000000307e-01 2.905017000000000189e-03 -3.697791999999999746e-02 7.784536799999999812e-02 -3.796786999999999818e-03 9.997030999999999556e-01 -2.406894999999999868e-02 -8.732867000000000601e+00 3.689702000000000259e-02 2.419278000000000053e-02 9.990261999999999754e-01 1.314705000000000013e+01
9.982647000000000048e-01 3.775973000000000177e-03 -5.876569000000000237e-02 4.601113800000000004e-02 -5.179831000000000192e-03 9.997044000000000485e-01 -2.375508999999999954e-02 -8.916116000000000597e+00 5.865862000000000159e-02 2.401825999999999961e-02 9.979890999999999623e-01 1.325183000000000000e+01
9.965950999999999560e-01 4.491985000000000422e-03 -8.232913000000000037e-02 2.378995799999999907e-03 -6.363678000000000216e-03 9.997268999999999739e-01 -2.248597999999999916e-02 -9.098829000000000278e+00 8.220565000000000511e-02 2.293332999999999830e-02 9.963514999999999455e-01 1.336218000000000039e+01
9.940242000000000244e-01 5.520365000000000168e-03 -1.090200999999999948e-01 -3.834925200000000034e-02 -7.841460099999999350e-03 9.997513999999999568e-01 -2.087326999999999932e-02 -9.281444999999999723e+00 1.088777999999999968e-01 2.160340999999999997e-02 9.938204000000000482e-01 1.351463999999999999e+01
9.902739999999999876e-01 6.837615000000000012e-03 -1.389625999999999917e-01 -1.027432000000000067e-01 -9.541583100000000650e-03 9.997776999999999914e-01 -1.880135999999999960e-02 -9.464301000000000741e+00 1.388031000000000126e-01 1.994442000000000090e-02 9.901191999999999771e-01 1.366244999999999976e+01
9.850518000000000329e-01 7.041310999999999751e-03 -1.721141999999999950e-01 -1.784094999999999986e-01 -9.828243099999999996e-03 9.998339000000000532e-01 -1.534553999999999953e-02 -9.647142000000000550e+00 1.719776000000000082e-01 1.680772999999999989e-02 9.849575000000000413e-01 1.384670000000000023e+01
9.779225999999999752e-01 8.129758000000000817e-03 -2.088090999999999975e-01 -2.635489999999999777e-01 -1.074139999999999991e-02 9.998776000000000330e-01 -1.137638000000000017e-02 -9.829143999999999437e+00 2.086910999999999905e-01 1.336812000000000070e-02 9.778902000000000427e-01 1.404913999999999952e+01
9.685783000000000031e-01 9.648296000000000650e-03 -2.485216000000000092e-01 -3.773914999999999909e-01 -1.144352000000000043e-02 9.999177999999999678e-01 -5.779958299999999639e-03 -1.000671999999999962e+01 2.484454000000000107e-01 8.442304600000000506e-03 9.686091000000000006e-01 1.423718000000000039e+01
9.569505000000000372e-01 1.368058999999999942e-02 -2.899286999999999836e-01 -4.912886000000000197e-01 -1.459915999999999991e-02 9.998928999999999734e-01 -1.005599299999999918e-03 -1.018528000000000056e+01 2.898839000000000277e-01 5.195025600000000021e-03 9.570476999999999457e-01 1.446593999999999980e+01
9.431378000000000261e-01 1.732264999999999847e-02 -3.319502999999999759e-01 -6.372955999999999621e-01 -1.715753999999999890e-02 9.998468999999999829e-01 3.428446700000000163e-03 -1.036472000000000016e+01 3.319589000000000012e-01 2.461952600000000095e-03 9.432907000000000375e-01 1.469815000000000005e+01
9.268127000000000448e-01 2.016847000000000084e-02 -3.749818999999999791e-01 -8.037391999999999870e-01 -1.812195999999999946e-02 9.997954000000000008e-01 8.983587700000000148e-03 -1.053984999999999950e+01 3.750863999999999865e-01 -1.530696399999999929e-03 9.269886000000000514e-01 1.491810000000000080e+01
9.078697000000000017e-01 2.365652000000000033e-02 -4.185845999999999734e-01 -9.848120999999999681e-01 -1.826631000000000088e-02 9.996905999999999848e-01 1.688018999999999978e-02 -1.071770000000000067e+01 4.188544000000000156e-01 -7.679015400000000109e-03 9.080209000000000197e-01 1.516901999999999973e+01
8.864286000000000110e-01 2.825926999999999953e-02 -4.620019000000000209e-01 -1.171896999999999966e+00 -1.944747000000000142e-02 9.995268999999999959e-01 2.382483000000000170e-02 -1.089272000000000062e+01 4.624565999999999955e-01 -1.213423999999999926e-02 8.865589000000000386e-01 1.540907999999999944e+01
8.620790000000000397e-01 3.340437000000000267e-02 -5.056718000000000046e-01 -1.393516999999999895e+00 -2.199160000000000004e-02 9.993511000000000477e-01 2.852483000000000102e-02 -1.106348000000000020e+01 5.062965000000000382e-01 -1.347012000000000036e-02 8.622543000000000291e-01 1.559951000000000043e+01
8.346103999999999745e-01 3.694400999999999935e-02 -5.496003999999999889e-01 -1.628279000000000032e+00 -2.304377999999999982e-02 9.992166000000000103e-01 3.217336999999999975e-02 -1.123333000000000048e+01 5.503584999999999727e-01 -1.418735999999999955e-02 8.348079000000000471e-01 1.583723999999999954e+01
8.042209000000000163e-01 4.061582999999999860e-02 -5.929410000000000514e-01 -1.909394000000000036e+00 -2.563446999999999948e-02 9.991041999999999978e-01 3.366891000000000328e-02 -1.139957000000000065e+01 5.937774000000000107e-01 -1.187751000000000084e-02 8.045417000000000263e-01 1.603099999999999881e+01
7.711116000000000081e-01 4.337309999999999777e-02 -6.352210000000000356e-01 -2.183640000000000025e+00 -2.609685999999999950e-02 9.989917000000000380e-01 3.653184000000000292e-02 -1.156137999999999977e+01 6.361649999999999805e-01 -1.159285000000000003e-02 7.714659999999999851e-01 1.625790999999999897e+01
7.346863000000000143e-01 4.707184999999999842e-02 -6.767720000000000402e-01 -2.477418999999999816e+00 -2.705056000000000127e-02 9.988291999999999726e-01 4.010666999999999704e-02 -1.172012999999999927e+01 6.778674999999999562e-01 -1.115876000000000021e-02 7.350993999999999584e-01 1.648133999999999943e+01
6.963124000000000535e-01 4.886636999999999925e-02 -7.160733999999999710e-01 -2.812854000000000187e+00 -2.539171999999999957e-02 9.987321999999999589e-01 4.346462999999999716e-02 -1.187697000000000003e+01 7.172895999999999717e-01 -1.208262000000000051e-02 6.966704000000000230e-01 1.665771000000000157e+01
6.560447999999999835e-01 4.895327000000000012e-02 -7.531326000000000409e-01 -3.168635000000000090e+00 -2.271313000000000151e-02 9.987228000000000216e-01 4.513140000000000207e-02 -1.203627999999999965e+01 7.543800999999999979e-01 -1.250220999999999971e-02 6.563187999999999800e-01 1.689161999999999964e+01
6.138729000000000546e-01 4.823249999999999760e-02 -7.879300000000000193e-01 -3.558517999999999848e+00 -1.781633999999999995e-02 9.987238999999999978e-01 4.725545999999999913e-02 -1.219439999999999991e+01 7.892038000000000109e-01 -1.497080999999999933e-02 6.139489000000000196e-01 1.711346999999999952e+01
5.695871999999999602e-01 4.848083000000000253e-02 -8.204998000000000014e-01 -3.975381000000000054e+00 -1.300289999999999953e-02 9.986654999999999838e-01 4.998156000000000126e-02 -1.234845999999999933e+01 8.218280999999999503e-01 -1.779997999999999997e-02 5.694574999999999498e-01 1.729264999999999830e+01
5.233982000000000356e-01 5.016380000000000144e-02 -8.506103000000000414e-01 -4.410525999999999947e+00 -1.113655000000000027e-02 9.985829999999999984e-01 5.203777999999999876e-02 -1.249953999999999965e+01 8.520155000000000367e-01 -1.776360999999999912e-02 5.232151999999999914e-01 1.749196999999999846e+01
4.744463999999999904e-01 4.980177000000000215e-02 -8.788745000000000029e-01 -4.868511999999999951e+00 -1.007275000000000011e-02 9.986401000000000305e-01 5.115074000000000010e-02 -1.264851999999999954e+01 8.802267999999999759e-01 -1.541558999999999985e-02 4.743029000000000273e-01 1.762520999999999916e+01
4.224059000000000008e-01 4.885757000000000294e-02 -9.050890000000000324e-01 -5.372255000000000003e+00 -4.957667300000000339e-03 9.986557999999999824e-01 5.159466000000000052e-02 -1.279640999999999984e+01 9.063932000000000100e-01 -1.730674999999999922e-02 4.220804000000000222e-01 1.779999000000000109e+01
3.691100999999999965e-01 4.874751000000000084e-02 -9.281063999999999981e-01 -5.887261999999999773e+00 2.489873600000000182e-04 9.986182000000000114e-01 5.255007999999999901e-02 -1.294388000000000005e+01 9.293856999999999813e-01 -1.962784000000000056e-02 3.685879000000000238e-01 1.795786999999999978e+01
3.153255999999999837e-01 4.693098999999999882e-02 -9.478223000000000065e-01 -6.444529000000000174e+00 3.824874700000000047e-03 9.987053999999999654e-01 5.072292999999999941e-02 -1.308798999999999957e+01 9.489758999999999833e-01 -1.961954000000000128e-02 3.147379000000000149e-01 1.804899999999999949e+01
2.621717000000000075e-01 5.207781999999999689e-02 -9.636149999999999993e-01 -7.011136999999999730e+00 4.584746699999999592e-03 9.984642999999999713e-01 5.520861999999999992e-02 -1.323066999999999993e+01 9.650104000000000459e-01 -1.889205999999999872e-02 2.615302999999999933e-01 1.815574000000000154e+01
2.108089999999999964e-01 5.802377000000000229e-02 -9.758037000000000516e-01 -7.603442000000000256e+00 7.000051600000000394e-03 9.981216000000000532e-01 6.086313000000000140e-02 -1.337344000000000044e+01 9.775021999999999878e-01 -1.966116999999999865e-02 2.100068999999999964e-01 1.824183999999999983e+01
1.619792999999999927e-01 5.928470000000000267e-02 -9.850117000000000456e-01 -8.252992000000000772e+00 1.313696999999999955e-02 9.979755999999999627e-01 6.222526999999999919e-02 -1.351324999999999932e+01 9.867067000000000476e-01 -2.301927000000000140e-02 1.608726000000000045e-01 1.828626999999999825e+01
1.173383000000000065e-01 6.123355999999999938e-02 -9.912024000000000390e-01 -8.902786000000000755e+00 1.586575999999999959e-02 9.978542000000000245e-01 6.352270000000000139e-02 -1.365686000000000000e+01 9.929653000000000507e-01 -2.317982000000000029e-02 1.161149999999999960e-01 1.833142000000000138e+01
7.646129000000000120e-02 6.035370999999999791e-02 -9.952442000000000233e-01 -9.593783000000000172e+00 1.560784999999999950e-02 9.979715000000000114e-01 6.171821000000000251e-02 -1.379526000000000074e+01 9.969504000000000143e-01 -2.025267000000000039e-02 7.536421000000000092e-02 1.833352999999999966e+01
4.064302000000000192e-02 5.583344999999999975e-02 -9.976125000000000131e-01 -1.027763000000000027e+01 1.415899999999999971e-02 9.983050999999999453e-01 5.644906000000000229e-02 -1.392496000000000045e+01 9.990734000000000004e-01 -1.641944999999999863e-02 3.978357999999999894e-02 1.832822000000000173e+01
1.125897000000000009e-02 5.491995000000000210e-02 -9.984273000000000176e-01 -1.099243000000000059e+01 1.173808999999999964e-02 9.984144999999999825e-01 5.505162999999999723e-02 -1.405556999999999945e+01 9.998677999999999733e-01 -1.233945000000000007e-02 1.059647000000000019e-02 1.829694999999999894e+01
-1.025771999999999969e-02 5.945622999999999880e-02 -9.981782000000000155e-01 -1.173793000000000042e+01 1.018075000000000056e-02 9.981851999999999947e-01 5.935203000000000007e-02 -1.418805000000000049e+01 9.998955999999999955e-01 -9.553378399999999659e-03 -1.084441000000000051e-02 1.826239999999999952e+01
-2.370649999999999841e-02 6.555616000000000221e-02 -9.975671999999999873e-01 -1.254143999999999970e+01 1.115112000000000048e-02 9.978029000000000481e-01 6.530666999999999722e-02 -1.431625000000000014e+01 9.996568000000000120e-01 -9.575791400000000300e-03 -2.438544000000000128e-02 1.822513999999999967e+01
-3.198895999999999684e-02 6.879714000000000662e-02 -9.971176999999999957e-01 -1.331622999999999912e+01 1.133149999999999956e-02 9.975891000000000064e-01 6.846615000000000339e-02 -1.444618000000000002e+01 9.994239999999999791e-01 -9.108672400000000086e-03 -3.269140999999999714e-02 1.817976000000000170e+01
-3.608163000000000342e-02 6.637986999999999360e-02 -9.971417999999999671e-01 -1.412357000000000085e+01 1.247605000000000068e-02 9.977437000000000111e-01 6.596850999999999410e-02 -1.457497000000000043e+01 9.992710000000000203e-01 -1.006013000000000046e-02 -3.682838000000000084e-02 1.813720999999999961e+01
-3.571904000000000051e-02 6.263283000000000045e-02 -9.973971999999999838e-01 -1.493036000000000030e+01 1.827604999999999855e-02 9.979080999999999646e-01 6.201041999999999665e-02 -1.469894000000000034e+01 9.991948000000000496e-01 -1.601351999999999984e-02 -3.678900000000000226e-02 1.809812000000000154e+01
-3.164507999999999904e-02 6.008286999999999656e-02 -9.976916000000000118e-01 -1.580118000000000045e+01 3.128630000000000300e-02 9.977620000000000378e-01 5.909476999999999786e-02 -1.481184000000000012e+01 9.990094000000000474e-01 -2.934401000000000023e-02 -3.345402000000000098e-02 1.807755999999999830e+01
-2.617861999999999967e-02 6.034060000000000118e-02 -9.978344999999999576e-01 -1.666008000000000067e+01 3.252688000000000107e-02 9.976994000000000140e-01 5.947908999999999835e-02 -1.493472000000000044e+01 9.991280000000000161e-01 -3.089934999999999904e-02 -2.808108000000000132e-02 1.804355999999999938e+01
-2.067797000000000038e-02 5.974136000000000030e-02 -9.979997000000000451e-01 -1.755346000000000117e+01 2.923875000000000085e-02 9.978223000000000509e-01 5.912494000000000083e-02 -1.506398000000000081e+01 9.993585999999999858e-01 -2.795767000000000044e-02 -2.237969999999999890e-02 1.800714999999999932e+01
-1.761588999999999863e-02 5.309272999999999770e-02 -9.984342000000000494e-01 -1.844035999999999831e+01 3.424682999999999894e-02 9.980352000000000112e-01 5.246728999999999976e-02 -1.518984999999999985e+01 9.992581999999999853e-01 -3.326893999999999685e-02 -1.939953000000000163e-02 1.798097999999999885e+01
-1.567119000000000151e-02 4.255996000000000085e-02 -9.989710000000000534e-01 -1.938034999999999997e+01 3.241266999999999759e-02 9.985901999999999834e-01 4.203529000000000293e-02 -1.530597000000000030e+01 9.993516999999999539e-01 -3.172056000000000181e-02 -1.702856999999999982e-02 1.794147999999999854e+01
-1.478129000000000075e-02 3.465259999999999868e-02 -9.992900999999999589e-01 -2.030902999999999992e+01 2.453191000000000052e-02 9.991109999999999713e-01 3.428352999999999956e-02 -1.543651000000000018e+01 9.995897999999999728e-01 -2.400773000000000143e-02 -1.561825000000000019e-02 1.789376000000000033e+01
-1.617203000000000043e-02 3.088547999999999988e-02 -9.993921000000000054e-01 -2.126053999999999888e+01 1.899556000000000161e-02 9.993518999999999597e-01 3.057686000000000084e-02 -1.556622999999999912e+01 9.996888000000000440e-01 -1.848951000000000067e-02 -1.674824000000000104e-02 1.784685999999999950e+01
-1.963658999999999891e-02 3.743839999999999668e-02 -9.991060000000000496e-01 -2.223204000000000136e+01 1.032283999999999979e-02 9.992529999999999468e-01 3.724103000000000135e-02 -1.570537999999999990e+01 9.997538999999999731e-01 -9.582323400000000366e-03 -2.000839000000000090e-02 1.779119999999999990e+01
-2.404652999999999999e-02 4.528804000000000163e-02 -9.986844999999999750e-01 -2.322660000000000124e+01 3.459998599999999924e-03 9.989711000000000007e-01 4.521773999999999932e-02 -1.583916999999999931e+01 9.997049000000000074e-01 -2.368113399999999952e-03 -2.417849000000000040e-02 1.773256999999999906e+01
-2.894458000000000100e-02 5.470490000000000075e-02 -9.980828999999999951e-01 -2.425401000000000096e+01 2.761573600000000010e-03 9.985017999999999949e-01 5.464779000000000164e-02 -1.595485000000000042e+01 9.995772000000000546e-01 -1.174519400000000090e-03 -2.905227999999999977e-02 1.767332000000000036e+01
-3.089862000000000164e-02 6.432143999999999362e-02 -9.974507000000000234e-01 -2.529453000000000173e+01 1.407133600000000069e-03 9.979289999999999550e-01 6.430871000000000504e-02 -1.606606999999999985e+01 9.995216000000000101e-01 5.835072299999999844e-04 -3.092514000000000027e-02 1.761259000000000086e+01
-3.200157000000000002e-02 7.328434000000000337e-02 -9.967975000000000030e-01 -2.634037000000000006e+01 2.673251599999999957e-03 9.973109999999999475e-01 7.323628999999999556e-02 -1.617237000000000080e+01 9.994842999999999922e-01 -3.210112700000000122e-04 -3.211142000000000163e-02 1.755518999999999963e+01
-3.328380000000000227e-02 7.492390999999999635e-02 -9.966336000000000084e-01 -2.737967000000000084e+01 4.588330600000000044e-03 9.971870999999999929e-01 7.481229999999999825e-02 -1.627575999999999823e+01 9.994353999999999738e-01 -2.082842399999999816e-03 -3.353394999999999987e-02 1.749961000000000055e+01
-3.529431000000000235e-02 7.145896999999999666e-02 -9.968188999999999522e-01 -2.842034999999999911e+01 3.126780600000000215e-03 9.974433000000000327e-01 7.139304000000000483e-02 -1.639261000000000124e+01 9.993720999999999854e-01 -5.970623700000000228e-04 -3.542751000000000233e-02 1.743663000000000096e+01
-3.776024000000000047e-02 6.701814000000000382e-02 -9.970369999999999511e-01 -2.953256999999999977e+01 2.963672599999999865e-03 9.977515999999999607e-01 6.695396000000000680e-02 -1.620289000000000001e+01 9.992824999999999624e-01 -4.266902699999999739e-04 -3.787395999999999818e-02 1.738267000000000095e+01
-4.252075000000000299e-02 6.206396000000000135e-02 -9.971659999999999968e-01 -3.065334999999999965e+01 3.274802600000000039e-03 9.980719000000000118e-01 6.198072000000000303e-02 -1.593633999999999951e+01 9.990902999999999867e-01 -6.300517700000000292e-04 -4.264201000000000102e-02 1.732554000000000016e+01
-4.829628999999999867e-02 5.700184999999999974e-02 -9.972052000000000138e-01 -3.173535000000000039e+01 3.288773599999999814e-03 9.983739000000000363e-01 5.690938999999999720e-02 -1.578393999999999942e+01 9.988276999999999850e-01 -5.310657700000000116e-04 -4.840523000000000048e-02 1.725922999999999874e+01
-5.493241000000000096e-02 5.431887999999999994e-02 -9.970115000000000505e-01 -3.284009999999999962e+01 2.588799599999999906e-03 9.985235000000000083e-01 5.425863999999999687e-02 -1.554091999999999985e+01 9.984868000000000077e-01 3.994986400000000203e-04 -5.499191999999999969e-02 1.718702000000000041e+01
-6.139334999999999931e-02 5.761688999999999700e-02 -9.964492999999999823e-01 -3.393641999999999825e+01 2.900271600000000043e-03 9.983385000000000176e-01 5.754744999999999999e-02 -1.538866999999999940e+01 9.981094999999999828e-01 6.430600299999999743e-04 -6.145844999999999780e-02 1.710564000000000107e+01
-6.811246999999999441e-02 6.286410000000000609e-02 -9.956951000000000551e-01 -3.506183000000000050e+01 1.980837599999999820e-03 9.980194000000000010e-01 6.287536000000000513e-02 -1.516173999999999999e+01 9.976757000000000541e-01 2.310288599999999956e-03 -6.810209000000000401e-02 1.701233999999999824e+01
-7.415594999999999826e-02 6.602684000000000331e-02 -9.950584999999999569e-01 -3.617204999999999870e+01 -9.470296499999999529e-04 9.978006000000000375e-01 6.627938999999999359e-02 -1.500020999999999916e+01 9.972461999999999716e-01 5.857363600000000184e-03 -7.393031999999999382e-02 1.691299000000000063e+01
-7.920504999999999907e-02 6.785172000000000425e-02 -9.945465000000000000e-01 -3.729834999999999923e+01 -3.582909400000000143e-03 9.976549999999999585e-01 6.834916000000000602e-02 -1.481235000000000035e+01 9.968519000000000130e-01 8.976970600000000119e-03 -7.877620999999999929e-02 1.681080000000000041e+01
-8.206542999999999477e-02 6.964787000000000061e-02 -9.941902999999999713e-01 -3.840567999999999671e+01 -8.185577399999999573e-03 9.974743999999999833e-01 7.055363000000000606e-02 -1.466220999999999997e+01 9.965933999999999626e-01 1.392803999999999917e-02 -8.128805999999999532e-02 1.670138000000000034e+01
-8.371459000000000539e-02 7.083704000000000389e-02 -9.939687999999999857e-01 -3.952741999999999933e+01 -1.239616999999999976e-02 9.973189000000000082e-01 7.211984999999999923e-02 -1.448916999999999966e+01 9.964127000000000400e-01 1.835888999999999924e-02 -8.261203000000000296e-02 1.658923000000000059e+01
-8.541948000000000596e-02 7.071175999999999850e-02 -9.938325999999999549e-01 -4.062924999999999898e+01 -1.382670000000000080e-02 9.972982000000000236e-01 7.214674999999999561e-02 -1.434628000000000014e+01 9.962491999999999459e-01 1.990416000000000060e-02 -8.421098000000000472e-02 1.648346000000000089e+01
-8.686037000000000619e-02 6.974800999999999918e-02 -9.937759000000000453e-01 -4.172630999999999801e+01 -1.412097999999999999e-02 9.973596999999999602e-01 7.123379000000000516e-02 -1.420935000000000059e+01 9.961204000000000169e-01 2.022047999999999901e-02 -8.564612000000000613e-02 1.637621000000000038e+01
-8.794604999999999784e-02 6.892771000000000314e-02 -9.937375999999999987e-01 -4.282444999999999879e+01 -1.524843000000000032e-02 9.973929999999999740e-01 7.053075999999999790e-02 -1.406396999999999942e+01 9.960086000000000217e-01 2.135584000000000093e-02 -8.666574000000000499e-02 1.626519000000000048e+01
-8.893178999999999668e-02 6.841398999999999397e-02 -9.936854000000000520e-01 -4.392347000000000179e+01 -1.754481999999999917e-02 9.973758999999999819e-01 7.023830000000000351e-02 -1.394379999999999953e+01 9.958831999999999685e-01 2.368044999999999872e-02 -8.749811999999999867e-02 1.615262999999999849e+01
-8.995253000000000276e-02 6.620536999999999950e-02 -9.937430999999999903e-01 -4.502105000000000246e+01 -2.151424999999999865e-02 9.974260999999999822e-01 6.839820000000000622e-02 -1.380485000000000007e+01 9.957137000000000349e-01 2.753223000000000129e-02 -8.829663999999999568e-02 1.601244000000000156e+01
-9.049382999999999733e-02 6.127480999999999900e-02 -9.940101999999999549e-01 -4.612460000000000093e+01 -2.690920000000000117e-02 9.975905000000000467e-01 6.394531999999999994e-02 -1.369976999999999911e+01 9.955334000000000128e-01 3.253467000000000164e-02 -8.862693000000000654e-02 1.587466000000000044e+01
-8.991259999999999530e-02 5.990904999999999841e-02 -9.941461999999999799e-01 -4.723304000000000258e+01 -2.934124000000000107e-02 9.975965999999999445e-01 6.277067999999999537e-02 -1.357689000000000057e+01 9.955173999999999968e-01 3.481334999999999985e-02 -8.793868999999999991e-02 1.573584999999999923e+01
-8.828339999999999799e-02 6.355481999999999798e-02 -9.940657999999999994e-01 -4.834696999999999889e+01 -3.033165999999999987e-02 9.973281000000000507e-01 6.645718000000000458e-02 -1.348081999999999958e+01 9.956334999999999491e-01 3.601872999999999880e-02 -8.611979999999999635e-02 1.561279000000000039e+01
-8.668331999999999427e-02 6.811416000000000692e-02 -9.939046000000000269e-01 -4.944346999999999781e+01 -3.137246999999999952e-02 9.969784999999999897e-01 7.106097999999999582e-02 -1.336907000000000068e+01 9.957418999999999576e-01 3.734103999999999896e-02 -8.428449000000000357e-02 1.545980999999999916e+01
-8.549474999999999436e-02 6.706539000000000250e-02 -9.940788999999999875e-01 -5.055227000000000004e+01 -2.842936000000000074e-02 9.971615000000000339e-01 6.971842000000000317e-02 -1.326722000000000001e+01 9.959329999999999572e-01 3.422158000000000144e-02 -8.334544000000000674e-02 1.533206000000000024e+01
-8.364523999999999571e-02 6.640440999999999705e-02 -9.942805999999999589e-01 -5.167685999999999780e+01 -2.774387000000000034e-02 9.972351999999999883e-01 6.893575000000000397e-02 -1.315869000000000000e+01 9.961092999999999753e-01 3.335132999999999848e-02 -8.157166999999999890e-02 1.519242999999999988e+01
-8.017773000000000261e-02 6.721528000000000225e-02 -9.945116999999999985e-01 -5.279742999999999853e+01 -3.203724000000000155e-02 9.970345999999999931e-01 6.996864999999999335e-02 -1.306503000000000014e+01 9.962655999999999734e-01 3.747133999999999882e-02 -7.778657999999999406e-02 1.505125999999999920e+01
-7.535716000000000636e-02 6.775177000000000282e-02 -9.948521999999999643e-01 -5.392582000000000164e+01 -3.748531000000000085e-02 9.967913999999999941e-01 7.072325000000000139e-02 -1.296288000000000018e+01 9.964517999999999986e-01 4.262185000000000279e-02 -7.257566999999999491e-02 1.489226000000000028e+01
-7.008221000000000589e-02 6.758685999999999860e-02 -9.952488999999999919e-01 -5.503105999999999653e+01 -4.140134000000000175e-02 9.966452999999999562e-01 7.059704999999999453e-02 -1.286463999999999963e+01 9.966817000000000037e-01 4.615223000000000242e-02 -6.704891999999999797e-02 1.474255999999999922e+01
-6.502658000000000049e-02 6.692597000000000129e-02 -9.956367000000000411e-01 -5.614945000000000164e+01 -4.318935000000000135e-02 9.966247000000000300e-01 6.981316999999999384e-02 -1.275200000000000067e+01 9.969485000000000152e-01 4.754060999999999704e-02 -6.191660000000000219e-02 1.457560999999999929e+01
-5.980959000000000275e-02 6.572815999999999381e-02 -9.960434999999999706e-01 -5.727098999999999762e+01 -4.287177999999999822e-02 9.967399000000000120e-01 6.834846999999999451e-02 -1.265621999999999936e+01 9.972887999999999753e-01 4.679003999999999802e-02 -5.679672000000000193e-02 1.444475000000000087e+01
-5.494773000000000018e-02 6.589686000000000154e-02 -9.963123999999999869e-01 -5.840182999999999680e+01 -4.137152999999999664e-02 9.968126999999999960e-01 6.821165999999999341e-02 -1.256373999999999924e+01 9.976317999999999575e-01 4.496703999999999979e-02 -5.204634000000000343e-02 1.432992999999999917e+01
-5.022288999999999920e-02 6.618981000000000170e-02 -9.965422999999999920e-01 -5.953936999999999813e+01 -4.056991000000000069e-02 9.968426999999999705e-01 6.825438000000000338e-02 -1.247048000000000023e+01 9.979137000000000146e-01 4.385755999999999682e-02 -4.737899999999999751e-02 1.421939000000000064e+01
-4.500111999999999862e-02 6.782185999999999770e-02 -9.966819999999999569e-01 -6.067987999999999715e+01 -3.928250999999999965e-02 9.968010000000000481e-01 6.960360999999999632e-02 -1.238486999999999938e+01 9.982142999999999988e-01 4.228441000000000144e-02 -4.219294999999999990e-02 1.413021999999999956e+01
-4.023555000000000187e-02 6.841946999999999612e-02 -9.968449000000000337e-01 -6.182983999999999725e+01 -4.063030000000000114e-02 9.967156000000000349e-01 7.005057000000000644e-02 -1.228364000000000011e+01 9.983638000000000234e-01 4.332062999999999886e-02 -3.732350000000000251e-02 1.403476999999999997e+01
-3.516736000000000167e-02 6.905608000000000579e-02 -9.969926999999999540e-01 -6.296889000000000181e+01 -4.056068000000000173e-02 9.966892000000000529e-01 7.046579000000000037e-02 -1.219173999999999936e+01 9.985579999999999457e-01 4.291679000000000327e-02 -3.224997000000000280e-02 1.395899000000000001e+01
