1.000000000000000000e+00 0.000000000000000000e+00 0.000000000000000000e+00 0.000000000000000000e+00 0.000000000000000000e+00 1.000000000000000000e+00 0.000000000000000000e+00 0.000000000000000000e+00 0.000000000000000000e+00 0.000000000000000000e+00 1.000000000000000000e+00 0.000000000000000000e+00 0.000000000000000000e+00 0.000000000000000000e+00 0.000000000000000000e+00 1.000000000000000000e+00
9.999986600000000392e-01 -2.517861000000000253e-04 1.617354899999999974e-03 7.717362599999999517e-01 2.476934099999999897e-04 9.999967699999999793e-01 2.530184899999999865e-03 8.926697399999999200e-03 -1.617986700000000099e-03 -2.529780900000000009e-03 9.999954899999999869e-01 1.518876800000000006e-02 0.000000000000000000e+00 0.000000000000000000e+00 0.000000000000000000e+00 1.000000000000000000e+00
9.999973300000000176e-01 3.703482300000000285e-05 2.311006600000000202e-03 1.532369300000000045e+00 -4.812337100000000143e-05 9.999884900000000076e-01 4.798275500000000020e-03 1.797580899999999884e-02 -2.310802299999999924e-03 -4.798373899999999748e-03 9.999858200000000252e-01 2.673245200000000030e-02 0.000000000000000000e+00 0.000000000000000000e+00 0.000000000000000000e+00 1.000000000000000000e+00
9.999978699999999554e-01 8.121976100000000186e-04 1.895435800000000058e-03 2.283271899999999910e+00 -8.238171199999999713e-04 9.999808300000000427e-01 6.137553399999999722e-03 1.946608999999999839e-02 -1.890414599999999971e-03 -6.139101899999999980e-03 9.999793700000000340e-01 4.538696500000000134e-02 0.000000000000000000e+00 0.000000000000000000e+00 0.000000000000000000e+00 1.000000000000000000e+00
9.999989299999999526e-01 4.274142800000000036e-04 1.400922399999999894e-03 3.013305599999999806e+00 -4.390198700000000126e-04 9.999654999999999516e-01 8.294436800000000790e-03 3.220921200000000095e-02 -1.397329000000000106e-03 -8.295042900000000607e-03 9.999646199999999707e-01 5.157070300000000246e-02 0.000000000000000000e+00 0.000000000000000000e+00 0.000000000000000000e+00 1.000000000000000000e+00
9.999987799999999760e-01 7.156559800000000327e-04 1.390338299999999963e-03 3.734330200000000044e+00 -7.275254000000000529e-04 9.999631399999999726e-01 8.555404699999999765e-03 3.014466500000000104e-02 -1.384164299999999896e-03 -8.556405799999999839e-03 9.999624400000000080e-01 6.635040400000000171e-02 0.000000000000000000e+00 0.000000000000000000e+00 0.000000000000000000e+00 1.000000000000000000e+00
9.999958599999999587e-01 1.654801800000000071e-03 2.353645499999999866e-03 4.431091000000000335e+00 -1.675248100000000092e-03 9.999606500000000064e-01 8.711794800000000408e-03 4.150252299999999950e-02 -2.339136600000000111e-03 -8.715701699999999982e-03 9.999592800000000059e-01 8.117006200000000116e-02 0.000000000000000000e+00 0.000000000000000000e+00 0.000000000000000000e+00 1.000000000000000000e+00
9.999864000000000530e-01 1.795875200000000014e-03 4.897294499999999690e-03 5.111191999999999958e+00 -1.841628000000000102e-03 9.999545499999999976e-01 9.354018900000000275e-03 4.154305500000000234e-02 -4.880273299999999745e-03 -9.362910599999999667e-03 9.999442600000000292e-01 9.116241299999999770e-02 0.000000000000000000e+00 0.000000000000000000e+00 0.000000000000000000e+00 1.000000000000000000e+00
9.999544700000000397e-01 3.195539700000000084e-03 8.991257100000000363e-03 5.761785800000000179e+00 -3.275408899999999925e-03 9.999551899999999938e-01 8.882320500000000577e-03 3.360995199999999850e-02 -8.962470300000000695e-03 -8.911366199999999627e-03 9.999201300000000181e-01 9.900633000000000350e-02 0.000000000000000000e+00 0.000000000000000000e+00 0.000000000000000000e+00 1.000000000000000000e+00
9.999121699999999890e-01 4.167135699999999568e-03 1.258134799999999914e-02 6.401304399999999895e+00 -4.271406799999999566e-03 9.999566600000000527e-01 8.272286699999999160e-03 3.867660900000000068e-02 -1.254633100000000084e-02 -8.325300199999999956e-03 9.998866299999999985e-01 1.134640999999999983e-01 0.000000000000000000e+00 0.000000000000000000e+00 0.000000000000000000e+00 1.000000000000000000e+00
9.998685099999999881e-01 5.881416399999999690e-03 1.511199300000000065e-02 7.016311499999999590e+00 -5.994432600000000264e-03 9.999543199999999521e-01 7.444192900000000390e-03 3.965432199999999879e-02 -1.506751999999999918e-02 -7.533801900000000433e-03 9.998580999999999719e-01 1.216708400000000023e-01 0.000000000000000000e+00 0.000000000000000000e+00 0.000000000000000000e+00 1.000000000000000000e+00
9.998612199999999950e-01 7.015981900000000000e-03 1.511005900000000034e-02 7.581213299999999933e+00 -7.130316099999999858e-03 9.999462599999999757e-01 7.526225200000000171e-03 3.482178600000000041e-02 -1.505644299999999922e-02 -7.632920199999999704e-03 9.998575100000000049e-01 1.274316199999999955e-01 0.000000000000000000e+00 0.000000000000000000e+00 0.000000000000000000e+00 1.000000000000000000e+00
9.998924799999999724e-01 7.610627400000000153e-03 1.253420700000000033e-02 8.135139600000000470e+00 -7.720304100000000350e-03 9.999321300000000301e-01 8.725170699999999779e-03 3.132262200000000135e-02 -1.246695199999999989e-02 -8.821000500000000452e-03 9.998833799999999883e-01 1.342660400000000032e-01 0.000000000000000000e+00 0.000000000000000000e+00 0.000000000000000000e+00 1.000000000000000000e+00
9.999154799999999677e-01 8.855613800000000299e-03 9.518546799999999530e-03 8.662052400000000318e+00 -8.937726300000000540e-03 9.999229099999999981e-01 8.618938700000000272e-03 3.066370300000000049e-02 -9.441487000000000143e-03 -8.703284400000000504e-03 9.999175500000000438e-01 1.360679099999999864e-01 0.000000000000000000e+00 0.000000000000000000e+00 0.000000000000000000e+00 1.000000000000000000e+00
9.999149099999999901e-01 1.027575399999999979e-02 8.036163000000000681e-03 9.165029199999999321e+00 -1.033311699999999930e-02 9.999211999999999545e-01 7.129520900000000175e-03 2.113775500000000113e-02 -7.962268499999999513e-03 -7.211952899999999646e-03 9.999422900000000114e-01 1.371606499999999951e-01 0.000000000000000000e+00 0.000000000000000000e+00 0.000000000000000000e+00 1.000000000000000000e+00
9.999109600000000153e-01 1.207311999999999969e-02 5.683911500000000429e-03 9.616195100000000551e+00 -1.209347799999999952e-02 9.999205300000000296e-01 3.561014400000000069e-03 1.316881699999999933e-02 -5.640467199999999771e-03 -3.629435600000000071e-03 9.999775100000000139e-01 1.493823499999999971e-01 0.000000000000000000e+00 0.000000000000000000e+00 0.000000000000000000e+00 1.000000000000000000e+00
9.998877699999999535e-01 1.409568899999999979e-02 5.074603300000000115e-03 1.006334200000000045e+01 -1.410335000000000061e-02 9.998994500000000230e-01 1.477057300000000038e-03 9.257944299999999391e-03 -5.053272900000000019e-03 -1.548460399999999904e-03 9.999860299999999702e-01 1.664723899999999979e-01 0.000000000000000000e+00 0.000000000000000000e+00 0.000000000000000000e+00 1.000000000000000000e+00
9.998633399999999893e-01 1.625239900000000071e-02 3.026940799999999938e-03 1.047098899999999944e+01 -1.626930899999999916e-02 9.998516899999999596e-01 5.648053800000000374e-03 8.236850000000000421e-03 -2.934697500000000171e-03 -5.696528200000000250e-03 9.999794699999999814e-01 1.675527400000000056e-01 0.000000000000000000e+00 0.000000000000000000e+00 0.000000000000000000e+00 1.000000000000000000e+00
9.998097900000000315e-01 1.939130099999999968e-02 2.090076100000000207e-03 1.085569800000000029e+01 -1.941038700000000117e-02 9.997661300000000306e-01 9.535182999999999159e-03 1.164880599999999940e-02 -1.904687699999999982e-03 -9.573938400000000723e-03 9.999523500000000453e-01 1.696878599999999959e-01 0.000000000000000000e+00 0.000000000000000000e+00 0.000000000000000000e+00 1.000000000000000000e+00
9.997453299999999876e-01 2.236079800000000117e-02 3.044858899999999986e-03 1.120485200000000070e+01 -2.239107799999999829e-02 9.996962000000000348e-01 1.030289799999999957e-02 6.889285700000000005e-04 -2.813552799999999819e-03 -1.036845100000000075e-02 9.999422900000000114e-01 1.714645700000000106e-01 0.000000000000000000e+00 0.000000000000000000e+00 0.000000000000000000e+00 1.000000000000000000e+00
9.996649399999999464e-01 2.563505500000000034e-02 3.583889199999999893e-03 1.152139200000000052e+01 -2.565721300000000163e-02 9.996510800000000252e-01 6.279591099999999766e-03 -2.029910600000000079e-02 -3.421660999999999887e-03 -6.369439699999999982e-03 9.999738599999999922e-01 1.806648200000000037e-01 0.000000000000000000e+00 0.000000000000000000e+00 0.000000000000000000e+00 1.000000000000000000e+00
9.995950799999999692e-01 2.825540699999999975e-02 3.362694700000000078e-03 1.181202000000000041e+01 -2.825975000000000015e-02 9.995998299999999670e-01 1.250987700000000084e-03 -3.504910700000000295e-02 -3.326001800000000144e-03 -1.345510000000000065e-03 9.999935599999999480e-01 1.905801599999999985e-01 0.000000000000000000e+00 0.000000000000000000e+00 0.000000000000000000e+00 1.000000000000000000e+00
9.995239700000000393e-01 3.050880900000000132e-02 4.587609599999999642e-03 1.206597400000000064e+01 -3.049956300000000037e-02 9.995326300000000330e-01 -2.071944000000000043e-03 -4.887525599999999887e-02 -4.648678100000000306e-03 1.931037600000000019e-03 9.999873299999999521e-01 1.977155700000000071e-01 0.000000000000000000e+00 0.000000000000000000e+00 0.000000000000000000e+00 1.000000000000000000e+00
9.994464499999999862e-01 3.277206399999999659e-02 5.725048499999999679e-03 1.229511899999999969e+01 -3.275487400000000326e-02 9.994587000000000332e-01 -3.071098700000000209e-03 -5.067176200000000214e-02 -5.822595800000000127e-03 2.881875400000000025e-03 9.999789000000000039e-01 1.992593500000000017e-01 0.000000000000000000e+00 0.000000000000000000e+00 0.000000000000000000e+00 1.000000000000000000e+00
9.993750399999999923e-01 3.503024700000000047e-02 4.733216499999999896e-03 1.250854700000000008e+01 -3.502064099999999819e-02 9.993843900000000113e-01 -2.097430500000000125e-03 -6.234393600000000257e-02 -4.803776200000000121e-03 1.930359399999999901e-03 9.999865999999999477e-01 1.991322700000000001e-01 0.000000000000000000e+00 0.000000000000000000e+00 0.000000000000000000e+00 1.000000000000000000e+00
9.993026600000000093e-01 3.716615000000000196e-02 3.586286299999999830e-03 1.268415899999999930e+01 -3.716272999999999799e-02 9.993087099999999889e-01 -1.015803499999999972e-03 -6.745470900000000158e-02 -3.621560700000000035e-03 8.818189899999999805e-04 9.999930500000000499e-01 2.078600800000000026e-01 0.000000000000000000e+00 0.000000000000000000e+00 0.000000000000000000e+00 1.000000000000000000e+00
9.992057600000000539e-01 3.975030000000000230e-02 2.787613100000000017e-03 1.286375400000000013e+01 -3.975313999999999931e-02 9.992090599999999823e-01 9.709998099999999667e-04 -6.751594499999999388e-02 -2.746810699999999942e-03 -1.081045000000000096e-03 9.999956399999999634e-01 2.120916499999999927e-01 0.000000000000000000e+00 0.000000000000000000e+00 0.000000000000000000e+00 1.000000000000000000e+00
9.991299599999999836e-01 4.164163600000000270e-02 2.301247800000000027e-03 1.303454100000000082e+01 -4.165000099999999900e-02 9.991253599999999624e-01 3.715031799999999988e-03 -7.085622900000000668e-02 -2.144534999999999931e-03 -3.807646599999999805e-03 9.999904499999999752e-01 2.125267000000000128e-01 0.000000000000000000e+00 0.000000000000000000e+00 0.000000000000000000e+00 1.000000000000000000e+00
9.990879700000000474e-01 4.268585099999999688e-02 1.066510099999999931e-03 1.318233099999999958e+01 -4.269059000000000048e-02 9.990763000000000282e-01 4.906107100000000297e-03 -7.629710900000000184e-02 -8.561035900000000132e-04 -4.947162500000000344e-03 9.999873999999999707e-01 2.190530699999999886e-01 0.000000000000000000e+00 0.000000000000000000e+00 0.000000000000000000e+00 1.000000000000000000e+00
9.990029299999999557e-01 4.464158800000000288e-02 -5.173737800000000357e-04 1.333740599999999965e+01 -4.463891100000000334e-02 9.989936400000000161e-01 4.366627599999999866e-03 -8.737170099999999606e-02 7.117863100000000132e-04 -4.339178800000000231e-03 9.999903300000000383e-01 2.239840100000000112e-01 0.000000000000000000e+00 0.000000000000000000e+00 0.000000000000000000e+00 1.000000000000000000e+00
9.989320099999999814e-01 4.615040599999999799e-02 -2.232136500000000186e-03 1.347570200000000007e+01 -4.614343499999999654e-02 9.989300800000000535e-01 3.079555199999999947e-03 -9.905521999999999938e-02 2.371870999999999789e-03 -2.973267899999999797e-03 9.999927699999999753e-01 2.279798199999999997e-01 0.000000000000000000e+00 0.000000000000000000e+00 0.000000000000000000e+00 1.000000000000000000e+00
9.988584000000000351e-01 4.766119500000000342e-02 -3.211629200000000201e-03 1.361257200000000012e+01 -4.765396899999999741e-02 9.988612799999999625e-01 2.289985699999999829e-03 -1.075656499999999988e-01 3.317115499999999991e-03 -2.134324600000000148e-03 9.999922199999999872e-01 2.320134799999999942e-01 0.000000000000000000e+00 0.000000000000000000e+00 0.000000000000000000e+00 1.000000000000000000e+00
9.988031800000000127e-01 4.871589800000000053e-02 -4.355876100000000313e-03 1.375061700000000009e+01 -4.870358799999999905e-02 9.988091000000000053e-01 2.888901100000000177e-03 -1.158351600000000065e-01 4.491424100000000405e-03 -2.673296800000000192e-03 9.999863399999999736e-01 2.326006499999999921e-01 0.000000000000000000e+00 0.000000000000000000e+00 0.000000000000000000e+00 1.000000000000000000e+00
9.987193300000000162e-01 5.016277400000000025e-02 -6.588192399999999796e-03 1.387327999999999939e+01 -5.014001500000000305e-02 9.987357999999999514e-01 3.575394200000000036e-03 -1.110510900000000051e-01 6.759215300000000377e-03 -3.240483199999999800e-03 9.999719099999999639e-01 2.322641599999999973e-01 0.000000000000000000e+00 0.000000000000000000e+00 0.000000000000000000e+00 1.000000000000000000e+00
9.986639699999999564e-01 5.091929299999999742e-02 -8.803049199999999491e-03 1.399728400000000050e+01 -5.088770499999999836e-02 9.986972400000000416e-01 3.775985400000000068e-03 -1.237386800000000037e-01 8.983851500000000767e-03 -3.322973700000000138e-03 9.999541199999999463e-01 2.369759399999999960e-01 0.000000000000000000e+00 0.000000000000000000e+00 0.000000000000000000e+00 1.000000000000000000e+00
9.985982399999999704e-01 5.177878100000000289e-02 -1.097816300000000085e-02 1.412062000000000062e+01 -5.174765299999999763e-02 9.986553799999999814e-01 3.100988099999999869e-03 -1.348342499999999888e-01 1.112396700000000023e-02 -2.528547099999999947e-03 9.999349299999999996e-01 2.383768500000000012e-01 0.000000000000000000e+00 0.000000000000000000e+00 0.000000000000000000e+00 1.000000000000000000e+00
9.985906799999999528e-01 5.144015400000000182e-02 -1.306014100000000080e-02 1.424969199999999958e+01 -5.141897299999999976e-02 9.986752599999999536e-01 1.952651099999999943e-03 -1.379764699999999900e-01 1.314328499999999934e-02 -1.278360099999999904e-03 9.999128099999999852e-01 2.440405700000000122e-01 0.000000000000000000e+00 0.000000000000000000e+00 0.000000000000000000e+00 1.000000000000000000e+00
9.986699399999999782e-01 4.954487700000000105e-02 -1.427103099999999999e-02 1.437492899999999985e+01 -4.952591600000000316e-02 9.987714300000000156e-01 1.679260300000000013e-03 -1.425521200000000044e-01 1.433669700000000068e-02 -9.702408400000000393e-04 9.998967500000000008e-01 2.453781700000000066e-01 0.000000000000000000e+00 0.000000000000000000e+00 0.000000000000000000e+00 1.000000000000000000e+00
9.988019900000000284e-01 4.653258500000000131e-02 -1.514280200000000035e-02 1.449804800000000071e+01 -4.651156000000000040e-02 9.989162400000000108e-01 1.737879400000000036e-03 -1.473230799999999951e-01 1.520725900000000075e-02 -1.031482100000000049e-03 9.998838300000000290e-01 2.433174800000000026e-01 0.000000000000000000e+00 0.000000000000000000e+00 0.000000000000000000e+00 1.000000000000000000e+00
9.989564800000000355e-01 4.268431599999999992e-02 -1.624807500000000071e-02 1.462652399999999986e+01 -4.265280899999999986e-02 9.990873500000000407e-01 2.280914199999999840e-03 -1.516532300000000000e-01 1.633060600000000098e-02 -1.585508000000000013e-03 9.998653899999999650e-01 2.493131799999999954e-01 0.000000000000000000e+00 0.000000000000000000e+00 0.000000000000000000e+00 1.000000000000000000e+00
9.991534300000000091e-01 3.717863899999999944e-02 -1.761149600000000079e-02 1.475875300000000045e+01 -3.713554799999999739e-02 9.993064099999999783e-01 2.767630699999999895e-03 -1.487256799999999990e-01 1.770217799999999897e-02 -2.111275200000000199e-03 9.998410800000000487e-01 2.525313499999999878e-01 0.000000000000000000e+00 0.000000000000000000e+00 0.000000000000000000e+00 1.000000000000000000e+00
9.993621499999999491e-01 3.063908099999999857e-02 -1.834504400000000132e-02 1.487613799999999920e+01 -3.059997899999999937e-02 9.995288100000000453e-01 2.408469900000000195e-03 -1.435305000000000053e-01 1.841019400000000125e-02 -1.845575699999999928e-03 9.998288100000000123e-01 2.550355100000000208e-01 0.000000000000000000e+00 0.000000000000000000e+00 0.000000000000000000e+00 1.000000000000000000e+00
9.995462099999999905e-01 2.324128699999999936e-02 -1.916287499999999935e-02 1.500773500000000027e+01 -2.319526800000000152e-02 9.997275199999999806e-01 2.620261599999999802e-03 -1.490081099999999992e-01 1.921855199999999986e-02 -2.174584600000000010e-03 9.998129399999999833e-01 2.561426500000000273e-01 0.000000000000000000e+00 0.000000000000000000e+00 0.000000000000000000e+00 1.000000000000000000e+00
9.996812000000000475e-01 1.498951400000000066e-02 -2.031786299999999851e-02 1.513418599999999969e+01 -1.494617399999999957e-02 9.998856900000000492e-01 2.283254699999999991e-03 -1.427885399999999916e-01 2.034976499999999883e-02 -1.978852499999999865e-03 9.997909600000000063e-01 2.545290599999999737e-01 0.000000000000000000e+00 0.000000000000000000e+00 0.000000000000000000e+00 1.000000000000000000e+00
9.997503599999999491e-01 5.358828199999999577e-03 -2.169095700000000029e-02 1.527967899999999979e+01 -5.330597900000000160e-03 9.999848700000000257e-01 1.359088899999999923e-03 -1.412907399999999980e-01 2.169791100000000028e-02 -1.243123899999999931e-03 9.997637999999999803e-01 2.595591300000000268e-01 0.000000000000000000e+00 0.000000000000000000e+00 0.000000000000000000e+00 1.000000000000000000e+00
9.996952000000000060e-01 -7.404705900000000014e-03 -2.355151299999999961e-02 1.543054599999999965e+01 7.398270299999999862e-03 9.999725699999999495e-01 -3.603782300000000138e-04 -1.319179000000000046e-01 2.355353599999999992e-02 1.860279300000000104e-04 9.997225600000000378e-01 2.638740399999999764e-01 0.000000000000000000e+00 0.000000000000000000e+00 0.000000000000000000e+00 1.000000000000000000e+00
9.993974599999999597e-01 -2.374083399999999885e-02 -2.531966100000000025e-02 1.557979800000000026e+01 2.371955400000000033e-02 9.997179999999999955e-01 -1.140522500000000104e-03 -1.187797300000000000e-01 2.533959800000000137e-02 5.392642100000000476e-04 9.996787599999999996e-01 2.684797099999999825e-01 0.000000000000000000e+00 0.000000000000000000e+00 0.000000000000000000e+00 1.000000000000000000e+00
9.987353500000000217e-01 -4.281049299999999808e-02 -2.636227999999999835e-02 1.575544700000000020e+01 4.280091300000000293e-02 9.990831900000000099e-01 -9.278380300000000453e-04 -9.908831399999999678e-02 2.637783200000000036e-02 -2.016650100000000020e-04 9.996520199999999745e-01 2.705460000000000087e-01 0.000000000000000000e+00 0.000000000000000000e+00 0.000000000000000000e+00 1.000000000000000000e+00
9.975633799999999995e-01 -6.450201999999999325e-02 -2.658541299999999871e-02 1.594681600000000010e+01 6.452237900000000470e-02 9.979162599999999994e-01 -9.222804099999999737e-05 -7.625238400000000638e-02 2.653596500000000163e-02 -1.623350800000000023e-03 9.996465399999999724e-01 2.743011599999999883e-01 0.000000000000000000e+00 0.000000000000000000e+00 0.000000000000000000e+00 1.000000000000000000e+00
9.957984600000000519e-01 -8.799485299999999788e-02 -2.534424500000000136e-02 1.614908499999999947e+01 8.802729600000000487e-02 9.961180499999999771e-01 1.651120000000000007e-04 -3.738869300000000062e-02 2.523133099999999920e-02 -2.395403700000000181e-03 9.996787700000000498e-01 2.780018000000000211e-01 0.000000000000000000e+00 0.000000000000000000e+00 0.000000000000000000e+00 1.000000000000000000e+00
9.931136200000000303e-01 -1.146036500000000014e-01 -2.431744300000000109e-02 1.638303499999999957e+01 1.146586899999999937e-01 9.934045599999999920e-01 8.765956400000000232e-04 5.165250799999999975e-03 2.405659799999999848e-02 -3.658765200000000089e-03 9.997038999999999787e-01 2.889018099999999811e-01 0.000000000000000000e+00 0.000000000000000000e+00 0.000000000000000000e+00 1.000000000000000000e+00
9.892390300000000192e-01 -1.445508699999999980e-01 -2.260933600000000071e-02 1.660768699999999853e+01 1.446259699999999926e-01 9.894849100000000508e-01 1.713825200000000052e-03 5.873689299999999835e-02 2.212386200000000108e-02 -4.965279900000000267e-03 9.997429100000000401e-01 2.947621599999999953e-01 0.000000000000000000e+00 0.000000000000000000e+00 0.000000000000000000e+00 1.000000000000000000e+00
9.838695899999999606e-01 -1.777997799999999906e-01 -1.969430800000000065e-02 1.687101699999999838e+01 1.778743200000000024e-01 9.840510000000000090e-01 2.085593499999999906e-03 1.188730000000000064e-01 1.900938599999999964e-02 -5.555063600000000046e-03 9.998038700000000389e-01 3.013372000000000273e-01 0.000000000000000000e+00 0.000000000000000000e+00 0.000000000000000000e+00 1.000000000000000000e+00
9.766594600000000348e-01 -2.141597100000000031e-01 -1.649023999999999976e-02 1.712830500000000100e+01 2.142335700000000120e-01 9.767783599999999566e-01 2.830666099999999945e-03 1.998363499999999959e-01 1.550109499999999946e-02 -6.297359800000000042e-03 9.998600199999999605e-01 3.055352199999999963e-01 0.000000000000000000e+00 0.000000000000000000e+00 0.000000000000000000e+00 1.000000000000000000e+00
9.671440000000000037e-01 -2.539516600000000235e-01 -1.187558000000000016e-02 1.738887400000000127e+01 2.540125400000000089e-01 9.671930199999999589e-01 3.910259800000000403e-03 2.907005999999999757e-01 1.049296199999999978e-02 -6.798330800000000271e-03 9.999218399999999507e-01 3.230910300000000013e-01 0.000000000000000000e+00 0.000000000000000000e+00 0.000000000000000000e+00 1.000000000000000000e+00
9.554356800000000094e-01 -2.950599199999999755e-01 -9.071819999999999537e-03 1.767494299999999896e+01 2.951317600000000207e-01 9.554233399999999543e-01 7.967941900000000827e-03 4.130711899999999770e-01 6.316408199999999987e-03 -1.029023800000000016e-02 9.999270999999999576e-01 3.169606500000000104e-01 0.000000000000000000e+00 0.000000000000000000e+00 0.000000000000000000e+00 1.000000000000000000e+00
9.413562500000000055e-01 -3.373539500000000135e-01 -6.381696200000000138e-03 1.796733700000000056e+01 3.374070599999999809e-01 9.412915600000000271e-01 1.125496399999999925e-02 5.390865099999999632e-01 2.210130099999999854e-03 -1.274815999999999970e-02 9.999162999999999801e-01 3.229309300000000049e-01 0.000000000000000000e+00 0.000000000000000000e+00 0.000000000000000000e+00 1.000000000000000000e+00
9.250550699999999793e-01 -3.798262499999999764e-01 -2.267225900000000190e-03 1.824544300000000163e+01 3.798212300000000097e-01 9.249628800000000428e-01 1.339749099999999922e-02 6.955889100000000047e-01 -2.991619000000000049e-03 -1.325455799999999962e-02 9.999076799999999654e-01 3.243257900000000027e-01 0.000000000000000000e+00 0.000000000000000000e+00 0.000000000000000000e+00 1.000000000000000000e+00
9.058497899999999881e-01 -4.235854700000000195e-01 3.392041299999999822e-03 1.855342100000000016e+01 4.234799100000000149e-01 9.057558799999999577e-01 1.646352800000000158e-02 8.609322900000000445e-01 -1.004607300000000085e-02 -1.347702199999999996e-02 9.998587100000000394e-01 3.326942700000000142e-01 0.000000000000000000e+00 0.000000000000000000e+00 0.000000000000000000e+00 1.000000000000000000e+00
8.841866299999999734e-01 -4.670732699999999848e-01 7.520858899999999930e-03 1.884832300000000060e+01 4.668528000000000122e-01 8.840985599999999778e-01 2.045005199999999981e-02 1.051774699999999951e+00 -1.620085300000000117e-02 -1.457052900000000047e-02 9.997625900000000065e-01 3.339339599999999741e-01 0.000000000000000000e+00 0.000000000000000000e+00 0.000000000000000000e+00 1.000000000000000000e+00
8.598031200000000318e-01 -5.105530400000000135e-01 8.612507700000000821e-03 1.913133399999999895e+01 5.102307099999999762e-01 8.596791200000000188e-01 2.482815700000000000e-02 1.251751199999999953e+00 -2.008008400000000152e-02 -1.695296099999999903e-02 9.996546299999999885e-01 3.320026899999999892e-01 0.000000000000000000e+00 0.000000000000000000e+00 0.000000000000000000e+00 1.000000000000000000e+00
8.320818500000000117e-01 -5.545835500000000362e-01 8.768166799999999386e-03 1.943481699999999890e+01 5.541816200000000414e-01 8.319225300000000489e-01 2.806503899999999996e-02 1.493723600000000040e+00 -2.285884399999999969e-02 -1.849325200000000169e-02 9.995676399999999795e-01 3.347339699999999918e-01 0.000000000000000000e+00 0.000000000000000000e+00 0.000000000000000000e+00 1.000000000000000000e+00
8.019884699999999533e-01 -5.973007000000000177e-01 6.808676900000000358e-03 1.970107499999999945e+01 5.968539099999999875e-01 8.017439600000000333e-01 3.117738899999999980e-02 1.741573999999999955e+00 -2.408109199999999839e-02 -2.094012099999999904e-02 9.994906799999999647e-01 3.175654299999999819e-01 0.000000000000000000e+00 0.000000000000000000e+00 0.000000000000000000e+00 1.000000000000000000e+00
7.685307399999999900e-01 -6.397794999999999455e-01 6.533544900000000377e-03 2.000449599999999961e+01 6.392649700000000434e-01 7.682550999999999686e-01 3.353190400000000126e-02 2.025189699999999871e+00 -2.647245399999999943e-02 -2.159363300000000097e-02 9.994162899999999849e-01 3.185682000000000236e-01 0.000000000000000000e+00 0.000000000000000000e+00 0.000000000000000000e+00 1.000000000000000000e+00
7.319307299999999739e-01 -6.813535800000000142e-01 5.891530699999999662e-03 2.027900899999999851e+01 6.807428699999999999e-01 7.315935599999999761e-01 3.687817699999999810e-02 2.321475799999999978e+00 -2.943728400000000106e-02 -2.298165300000000119e-02 9.993024000000000351e-01 3.029813599999999774e-01 0.000000000000000000e+00 0.000000000000000000e+00 0.000000000000000000e+00 1.000000000000000000e+00
6.936628900000000320e-01 -7.202671499999999671e-01 6.857556899999999768e-03 2.054374899999999826e+01 7.195940499999999851e-01 6.933731800000000334e-01 3.765687599999999885e-02 2.631853700000000185e+00 -3.187785700000000250e-02 -2.118652099999999983e-02 9.992672000000000221e-01 2.892947100000000105e-01 0.000000000000000000e+00 0.000000000000000000e+00 0.000000000000000000e+00 1.000000000000000000e+00
6.528737000000000013e-01 -7.574331300000000100e-01 7.140622899999999988e-03 2.082923900000000117e+01 7.567482300000000217e-01 6.526359099999999858e-01 3.739632799999999951e-02 2.994010600000000188e+00 -3.298544400000000265e-02 -1.901142499999999846e-02 9.992750000000000243e-01 2.789076200000000227e-01 0.000000000000000000e+00 0.000000000000000000e+00 0.000000000000000000e+00 1.000000000000000000e+00
6.107450399999999613e-01 -7.917688200000000398e-01 9.624179599999999404e-03 2.108784400000000048e+01 7.910832100000000366e-01 6.106528399999999746e-01 3.592297099999999799e-02 3.367082100000000189e+00 -3.431972099999999748e-02 -1.432625000000000044e-02 9.993082199999999693e-01 2.693352399999999758e-01 0.000000000000000000e+00 0.000000000000000000e+00 0.000000000000000000e+00 1.000000000000000000e+00
5.666831799999999530e-01 -8.238367500000000065e-01 1.277434300000000050e-02 2.132368999999999915e+01 8.231283799999999928e-01 5.667460199999999615e-01 3.547712900000000308e-02 3.756456700000000204e+00 -3.646717099999999961e-02 -9.589367999999999156e-03 9.992888399999999560e-01 2.665307100000000040e-01 0.000000000000000000e+00 0.000000000000000000e+00 0.000000000000000000e+00 1.000000000000000000e+00
5.200899300000000336e-01 -8.540193299999999654e-01 1.254784999999999928e-02 2.157246800000000064e+01 8.532886499999999819e-01 5.201775199999999488e-01 3.624681099999999684e-02 4.199107099999999981e+00 -3.748258699999999777e-02 -8.144663599999999240e-03 9.992640900000000492e-01 2.436189099999999941e-01 0.000000000000000000e+00 0.000000000000000000e+00 0.000000000000000000e+00 1.000000000000000000e+00
4.717381700000000122e-01 -8.816730400000000190e-01 1.075863099999999940e-02 2.178004599999999868e+01 8.809872800000000392e-01 4.718047000000000213e-01 3.552086699999999764e-02 4.635924700000000342e+00 -3.639376400000000206e-02 -7.278332400000000341e-03 9.993110200000000498e-01 2.173365600000000120e-01 0.000000000000000000e+00 0.000000000000000000e+00 0.000000000000000000e+00 1.000000000000000000e+00
4.193862999999999897e-01 -9.077207400000000259e-01 1.257741300000000083e-02 2.197398600000000002e+01 9.070885300000000040e-01 4.195652000000000270e-01 3.399189500000000114e-02 5.126380100000000439e+00 -3.613219299999999995e-02 -2.846907999999999991e-03 9.993429600000000024e-01 2.012618899999999988e-01 0.000000000000000000e+00 0.000000000000000000e+00 0.000000000000000000e+00 1.000000000000000000e+00
3.662509400000000248e-01 -9.303892599999999957e-01 1.536491000000000072e-02 2.215917599999999865e+01 9.298151999999999529e-01 3.665659499999999738e-01 3.275827500000000336e-02 5.625920599999999716e+00 -3.611020000000000202e-02 2.288777399999999788e-03 9.993451899999999943e-01 1.909210100000000021e-01 0.000000000000000000e+00 0.000000000000000000e+00 0.000000000000000000e+00 1.000000000000000000e+00
3.127567299999999828e-01 -9.497165199999999530e-01 1.489188200000000038e-02 2.230855299999999986e+01 9.491895799999999772e-01 3.130834699999999748e-01 3.190434500000000062e-02 6.129138499999999823e+00 -3.496248600000000095e-02 4.156920500000000317e-03 9.993799799999999456e-01 1.890647500000000036e-01 0.000000000000000000e+00 0.000000000000000000e+00 0.000000000000000000e+00 1.000000000000000000e+00
2.594028899999999971e-01 -9.656620799999999782e-01 1.438376000000000064e-02 2.243864200000000153e+01 9.649978500000000459e-01 2.597620900000000010e-01 3.609443400000000163e-02 6.714194700000000182e+00 -3.859138200000000046e-02 4.517296700000000310e-03 9.992448600000000125e-01 1.406377600000000005e-01 0.000000000000000000e+00 0.000000000000000000e+00 0.000000000000000000e+00 1.000000000000000000e+00
2.076724299999999912e-01 -9.780700599999999634e-01 1.584666599999999884e-02 2.254146100000000175e+01 9.772490499999999525e-01 2.081572100000000092e-01 4.068019999999999969e-02 7.285879399999999784e+00 -4.308668400000000009e-02 7.037982800000000191e-03 9.990465499999999777e-01 1.117169300000000060e-01 0.000000000000000000e+00 0.000000000000000000e+00 0.000000000000000000e+00 1.000000000000000000e+00
1.599907700000000044e-01 -9.869274099999999494e-01 1.942247700000000049e-02 2.263106300000000104e+01 9.860812300000000308e-01 1.606934899999999944e-01 4.267802300000000243e-02 7.857858000000000231e+00 -4.524117700000000047e-02 1.232404999999999959e-02 9.989000700000000288e-01 1.126966100000000026e-01 0.000000000000000000e+00 0.000000000000000000e+00 0.000000000000000000e+00 1.000000000000000000e+00
1.146951600000000043e-01 -9.932097899999999813e-01 1.947638599999999831e-02 2.268831799999999888e+01 9.923771099999999512e-01 1.154447599999999935e-01 4.312985999999999903e-02 8.507357199999999509e+00 -4.508544600000000124e-02 1.438113400000000028e-02 9.988796199999999681e-01 9.107204500000000424e-02 0.000000000000000000e+00 0.000000000000000000e+00 0.000000000000000000e+00 1.000000000000000000e+00
7.548823500000000075e-02 -9.969902499999999668e-01 1.766266799999999942e-02 2.272776299999999949e+01 9.962297199999999853e-01 7.616645599999999350e-02 4.153341599999999662e-02 9.123972099999999585e+00 -4.275371399999999822e-02 1.446079100000000062e-02 9.989809800000000184e-01 7.049969300000000216e-02 0.000000000000000000e+00 0.000000000000000000e+00 0.000000000000000000e+00 1.000000000000000000e+00
3.932327499999999781e-02 -9.991483199999999787e-01 1.250282900000000003e-02 2.273410600000000059e+01 9.985077300000000378e-01 3.976643199999999739e-02 3.742910599999999671e-02 9.803118899999999414e+00 -3.789442099999999758e-02 1.101233599999999931e-02 9.992210700000000445e-01 4.359430699999999881e-02 0.000000000000000000e+00 0.000000000000000000e+00 0.000000000000000000e+00 1.000000000000000000e+00
1.131197700000000084e-02 -9.998942699999999739e-01 9.136938400000000834e-03 2.272283600000000092e+01 9.992603799999999481e-01 1.163970899999999982e-02 3.664989700000000072e-02 1.045815799999999918e+01 -3.675237299999999790e-02 8.715597699999999212e-03 9.992864000000000191e-01 4.696477099999999717e-03 0.000000000000000000e+00 0.000000000000000000e+00 0.000000000000000000e+00 1.000000000000000000e+00
-1.044655300000000078e-02 -9.999236999999999709e-01 6.592640700000000110e-03 2.269853000000000165e+01 9.991446699999999570e-01 -1.017415900000000033e-02 4.008021800000000079e-02 1.118716399999999922e+01 -4.001008600000000026e-02 7.005701900000000336e-03 9.991747199999999607e-01 -2.190170899999999837e-02 0.000000000000000000e+00 0.000000000000000000e+00 0.000000000000000000e+00 1.000000000000000000e+00
-2.387720399999999910e-02 -9.996880200000000105e-01 7.330815000000000074e-03 2.267823800000000034e+01 9.986701500000000342e-01 -2.351645499999999861e-02 4.587921200000000255e-02 1.191731700000000060e+01 -4.569250300000000237e-02 8.416533400000000484e-03 9.989200999999999775e-01 -5.079363099999999881e-02 0.000000000000000000e+00 0.000000000000000000e+00 0.000000000000000000e+00 1.000000000000000000e+00
-3.172013500000000347e-02 -9.994674999999999532e-01 7.652413999999999744e-03 2.264720399999999856e+01 9.983306400000000469e-01 -3.131246199999999924e-02 4.853303900000000004e-02 1.266652999999999984e+01 -4.826757899999999796e-02 9.179114000000000370e-03 9.987922599999999873e-01 -7.353007500000000030e-02 0.000000000000000000e+00 0.000000000000000000e+00 0.000000000000000000e+00 1.000000000000000000e+00
-3.586137400000000142e-02 -9.993256799999999940e-01 7.882945100000000177e-03 2.260520899999999855e+01 9.983053699999999697e-01 -3.546079199999999793e-02 4.614033199999999918e-02 1.343527500000000074e+01 -4.582968300000000300e-02 9.524242100000000072e-03 9.989038599999999768e-01 -1.069027200000000066e-01 0.000000000000000000e+00 0.000000000000000000e+00 0.000000000000000000e+00 1.000000000000000000e+00
-3.520638999999999713e-02 -9.992663800000000096e-01 1.507331200000000017e-02 2.259204199999999929e+01 9.985316400000000536e-01 -3.455114100000000049e-02 4.172273800000000227e-02 1.420157700000000034e+01 -4.117132999999999904e-02 1.652008599999999980e-02 9.990155200000000457e-01 -1.587249799999999877e-01 0.000000000000000000e+00 0.000000000000000000e+00 0.000000000000000000e+00 1.000000000000000000e+00
-3.108456199999999961e-02 -9.991662500000000335e-01 2.646784300000000131e-02 2.256481700000000146e+01 9.986998900000000345e-01 -2.997789299999999851e-02 4.122929599999999861e-02 1.501547200000000082e+01 -4.040147100000000130e-02 2.771502600000000024e-02 9.987990799999999503e-01 -1.495381100000000019e-01 0.000000000000000000e+00 0.000000000000000000e+00 0.000000000000000000e+00 1.000000000000000000e+00
-2.523155399999999979e-02 -9.992689700000000341e-01 2.872110099999999888e-02 2.254162699999999830e+01 9.988819199999999787e-01 -2.405200199999999941e-02 4.069911300000000204e-02 1.583794900000000005e+01 -3.997856000000000326e-02 2.971588999999999828e-02 9.987585700000000122e-01 -1.923364399999999974e-01 0.000000000000000000e+00 0.000000000000000000e+00 0.000000000000000000e+00 1.000000000000000000e+00
-2.038786899999999944e-02 -9.994037199999999954e-01 2.786643800000000032e-02 2.251281000000000176e+01 9.990798499999999915e-01 -1.931350000000000081e-02 3.829427500000000262e-02 1.669431200000000004e+01 -3.773324200000000017e-02 2.862153599999999951e-02 9.988778799999999958e-01 -2.483508199999999999e-01 0.000000000000000000e+00 0.000000000000000000e+00 0.000000000000000000e+00 1.000000000000000000e+00
-1.658277699999999993e-02 -9.993436700000000172e-01 3.220634700000000322e-02 2.251975900000000053e+01 9.993305399999999894e-01 -1.551478400000000021e-02 3.313242100000000218e-02 1.755006699999999853e+01 -3.261100000000000110e-02 3.273421399999999759e-02 9.989319300000000235e-01 -2.498900500000000025e-01 0.000000000000000000e+00 0.000000000000000000e+00 0.000000000000000000e+00 1.000000000000000000e+00
-1.477620200000000043e-02 -9.994672399999999790e-01 2.910163099999999933e-02 2.250335400000000163e+01 9.996377899999999705e-01 -1.411146999999999922e-02 2.291615699999999950e-02 1.842569100000000049e+01 -2.249328199999999986e-02 2.942970400000000097e-02 9.993137399999999504e-01 -2.664824800000000216e-01 0.000000000000000000e+00 0.000000000000000000e+00 0.000000000000000000e+00 1.000000000000000000e+00
-1.327132999999999959e-02 -9.996623999999999510e-01 2.233717799999999920e-02 2.245888800000000174e+01 9.998176300000000127e-01 -1.295996500000000037e-02 1.402683199999999950e-02 1.932789500000000160e+01 -1.373260800000000031e-02 2.251925899999999980e-02 9.996520899999999932e-01 -3.038689099999999921e-01 0.000000000000000000e+00 0.000000000000000000e+00 0.000000000000000000e+00 1.000000000000000000e+00
-1.386217699999999983e-02 -9.997790600000000527e-01 1.580067300000000119e-02 2.243881000000000014e+01 9.998416100000000473e-01 -1.368317299999999986e-02 1.138127199999999957e-02 2.024733799999999917e+01 -1.116255499999999935e-02 1.595593999999999832e-02 9.998103799999999985e-01 -3.043752900000000206e-01 0.000000000000000000e+00 0.000000000000000000e+00 0.000000000000000000e+00 1.000000000000000000e+00
-1.780579300000000031e-02 -9.998195899999999803e-01 6.614289899999999632e-03 2.239909300000000059e+01 9.997023099999999829e-01 -1.769255999999999954e-02 1.680076299999999981e-02 2.119816499999999948e+01 -1.668070799999999895e-02 6.911471800000000033e-03 9.998369799999999863e-01 -3.228479599999999894e-01 0.000000000000000000e+00 0.000000000000000000e+00 0.000000000000000000e+00 1.000000000000000000e+00
-2.202680799999999842e-02 -9.997557999999999723e-01 1.779059200000000004e-03 2.236203599999999980e+01 9.994566200000000178e-01 -2.197650099999999898e-02 2.456635799999999994e-02 2.216293800000000047e+01 -2.452126099999999906e-02 2.319210999999999842e-03 9.996966200000000358e-01 -3.490079400000000165e-01 0.000000000000000000e+00 0.000000000000000000e+00 0.000000000000000000e+00 1.000000000000000000e+00
-2.640974000000000099e-02 -9.996511300000000544e-01 -3.868615199999999904e-04 2.231601900000000072e+01 9.990616399999999730e-01 -2.640745099999999845e-02 3.432914799999999683e-02 2.316730700000000098e+01 -3.432738700000000087e-02 5.201253700000000105e-04 9.994105100000000297e-01 -3.560632000000000241e-01 0.000000000000000000e+00 0.000000000000000000e+00 0.000000000000000000e+00 1.000000000000000000e+00
-2.914641800000000033e-02 -9.995735799999999616e-01 -1.774909899999999952e-03 2.228766600000000153e+01 9.985948700000000233e-01 -2.919640899999999956e-02 4.422511999999999971e-02 2.417264000000000124e+01 -4.425808199999999720e-02 -4.834120800000000183e-04 9.990200099999999583e-01 -3.984378800000000220e-01 0.000000000000000000e+00 0.000000000000000000e+00 0.000000000000000000e+00 1.000000000000000000e+00
-2.983922599999999994e-02 -9.995545799999999703e-01 5.084955800000000433e-04 2.226395099999999871e+01 9.982030800000000204e-01 -2.977242600000000114e-02 5.200198699999999952e-02 2.517933800000000133e+01 -5.196368500000000251e-02 2.059280900000000011e-03 9.986468499999999748e-01 -4.257923100000000072e-01 0.000000000000000000e+00 0.000000000000000000e+00 0.000000000000000000e+00 1.000000000000000000e+00
-3.188779499999999656e-02 -9.994905600000000279e-01 1.335062900000000014e-03 2.221719399999999922e+01 9.980387800000000142e-01 -3.176943000000000128e-02 5.393789999999999696e-02 2.621461199999999891e+01 -5.386800700000000247e-02 3.052405299999999891e-03 9.985433999999999699e-01 -4.571634500000000267e-01 0.000000000000000000e+00 0.000000000000000000e+00 0.000000000000000000e+00 1.000000000000000000e+00
