9.999999999999998890e-01 2.680133637895683627e-22 9.467889521019811528e-20 -8.673617379884035472e-19 1.132317908027311147e-21 1.000000000000000000e+00 -4.956378993858831401e-19 1.387778780781445676e-17 -7.288425687518648529e-19 4.589744003470270786e-19 1.000000000000000000e+00 0.000000000000000000e+00
9.999967988435678468e-01 2.519308509591154047e-03 -2.420422275414623001e-04 -3.394927837259280844e-03 -2.518909548051041780e-03 9.999954886086218631e-01 1.635711406536762566e-03 -1.640183361345631807e-02 2.461619925110925216e-04 -1.635096504353306677e-03 9.999986325478100735e-01 7.716227013104730581e-01
9.999885683626369426e-01 4.781795441815074252e-03 5.890745482628379664e-05 -6.828483377437253102e-03 -4.781920884454427499e-03 9.999858205148641765e-01 2.344441565445034171e-03 -2.944139181029244157e-02 -4.769600874954153596e-05 -2.344696400625590274e-03 9.999972511224990424e-01 1.532216957368509158e+00
9.999809125376063479e-01 6.122207805551005411e-03 8.376941636592560077e-04 -2.681161021082806989e-03 -6.123818811295794924e-03 9.999793813508244256e-01 1.933490720605884590e-03 -4.993624996427646623e-02 -8.258398468572271172e-04 -1.938583594061943751e-03 9.999977761115691477e-01 2.283092547393343885e+00
9.999655832243971032e-01 8.283375009228065300e-03 4.578971625790798344e-04 -1.025856482824537459e-02 -8.284034337322490268e-03 9.999646282510220585e-01 1.455522628928771585e-03 -5.794260135422904523e-02 -4.458242640483423198e-04 -1.459265678561961783e-03 9.999988385245806022e-01 3.013220930327615399e+00
9.999632251983713305e-01 8.543759526953591601e-03 7.470064141649132312e-04 -3.010721514019430375e-03 -8.544832679399070458e-03 9.999624540636034009e-01 1.444197936260558594e-03 -7.435377444808294323e-02 -7.346395401620218124e-04 -1.450527859372969988e-03 9.999986807380252252e-01 3.734176620251161260e+00
9.999607955273870363e-01 8.691238580190914845e-03 1.695035761611605931e-03 -9.144077562576640242e-03 -8.695295329909027635e-03 9.999593127365625778e-01 2.400290395714872564e-03 -9.042727827645218042e-02 -1.674105467599354370e-03 -2.414935082147930383e-03 9.999956817360505790e-01 4.430884996515525920e+00
9.999548733299460368e-01 9.315194812560708554e-03 1.862732111069612248e-03 -4.302306452779108142e-03 -9.324310425842924008e-03 9.999442982196035112e-01 4.945904859092797000e-03 -1.011094366631026115e-01 -1.816556332823321407e-03 -4.963050309628952786e-03 9.999860384504506428e-01 5.110750348317320224e+00
9.999557519967096075e-01 8.811506936043198013e-03 3.295044135351499117e-03 8.643070962255606018e-03 -8.840933229399749668e-03 9.999201938643672571e-01 9.024883281399248558e-03 -1.090574591405237687e-01 -3.215258623848819310e-03 -9.053615104919119499e-03 9.999538441389232979e-01 5.760926206288103479e+00
9.999573919408850653e-01 8.174016054906642695e-03 4.289205080364557818e-03 8.355161848121080148e-03 -8.227505024711796386e-03 9.998867068638290778e-01 1.260458303667076445e-02 -1.237612386027870381e-01 -4.185689383960882436e-03 -1.263933528928999628e-02 9.999113611952858971e-01 6.400141006368987640e+00
9.999551123087506710e-01 7.324276582340287327e-03 6.009962758189301910e-03 1.221018372280183520e-02 -7.414443470058467572e-03 9.998581965774416824e-01 1.512022658131906977e-02 -1.325117694656659517e-01 -5.898366164424898549e-03 -1.516410857903481395e-02 9.998676211138074477e-01 7.014904004355562606e+00
9.999470620549222311e-01 7.403758526452208083e-03 7.146033952516810638e-03 2.139754864533143647e-02 -7.511078594535230100e-03 9.998576264442277095e-01 1.510989111765301263e-02 -1.395502749991604508e-01 -7.033147205682429431e-03 -1.516276543271489509e-02 9.998603015008500350e-01 7.579733046152259845e+00
9.999329012867343991e-01 8.619440828801326962e-03 7.739151191806637950e-03 2.907829880062146391e-02 -8.715984979299816124e-03 9.998835276793534010e-01 1.252881653583804052e-02 -1.485013373388081315e-01 -7.630258941488088018e-03 -1.259543031828839338e-02 9.998915610339121907e-01 8.133802548940609611e+00
9.999234888773409491e-01 8.531657188317108217e-03 8.956684931057360896e-03 3.383973002148613074e-02 -8.616727580676657172e-03 9.999177202127019770e-01 9.502655429171981416e-03 -1.524976361489769616e-01 -8.874875354512234624e-03 -9.579105609427818191e-03 9.999147309099573055e-01 8.660916870685872127e+00
9.999216049594257250e-01 7.049550023605782173e-03 1.034878480758196807e-02 4.725370345856497178e-02 -7.132629991636912914e-03 9.999424530286316060e-01 8.013085974722795185e-03 -1.552086303664447220e-01 -1.029170203874705224e-02 -8.086271710374192540e-03 9.999143420119426251e-01 9.163912043031238852e+00
9.999206743797702801e-01 3.493700650205849422e-03 1.210117126961900678e-02 5.871192980176374865e-02 -3.562474192745795389e-03 9.999776047582613625e-01 5.666299007408557784e-03 -1.692021229441983132e-01 -1.208110471673926392e-02 -5.708959571736573445e-03 9.999107208619683052e-01 9.615146014575222111e+00
9.998995051227879127e-01 1.409549160654346772e-03 1.410634980865890266e-02 6.627839115255645952e-02 -1.481121756104906940e-03 9.999860746100858178e-01 5.064618478081621931e-03 -1.874854501305029120e-01 -1.409901574673255720e-02 -5.085002684149081062e-03 9.998876702671264383e-01 1.006223932406360788e+01
9.998518106885868617e-01 5.589935917289338106e-03 1.628195914369464856e-02 7.120256732309031278e-02 -5.639102926845722570e-03 9.999796753735622490e-01 2.975343274515907053e-03 -1.902121395974628593e-01 -1.626499687871918454e-02 -3.066717923782327163e-03 9.998630139378508197e-01 1.046999295900409521e+01
9.997662673260472310e-01 9.476457456502428503e-03 1.943206032580256301e-02 7.183549502762949512e-02 -9.516569655947798578e-03 9.999527656716667989e-01 1.972749391719769672e-03 -1.935790408581369582e-01 -1.941244979510655180e-02 -2.157214859868432713e-03 9.998092370022861886e-01 1.085473830504444770e+01
9.996964169663251631e-01 1.023071847053759822e-02 2.241447381407070394e-02 8.629981682740464621e-02 -1.029797882814441172e-02 9.999428078096169736e-01 2.887376108187248748e-03 -1.958437466865924903e-01 -2.238365376222557768e-02 -3.117323344978153651e-03 9.997445952240577860e-01 1.120368716522090935e+01
9.996512387677121136e-01 6.196366510528866604e-03 2.567125665761013989e-02 1.102964435505971730e-01 -6.287420516963179024e-03 9.999742204656147937e-01 3.467702915737564361e-03 -2.055322489039577982e-01 -2.564910926914465428e-02 -3.627899452215550564e-03 9.996644207666729454e-01 1.151996205365807491e+01
9.995998627549413929e-01 1.163584291939076054e-03 2.826232433796271523e-02 1.275762538799573853e-01 -1.258392099998234840e-03 9.999936367553045047e-01 3.337008827958803762e-03 -2.161085206876627862e-01 -2.825826374496766616e-02 -3.371238709697760554e-03 9.995949704897539867e-01 1.181043354410958557e+01
9.995325682551474689e-01 -2.172917272099745851e-03 3.049455826602503680e-02 1.436815288669350266e-01 2.032441571788094585e-03 9.999871840507724707e-01 4.636830174210618792e-03 -2.233592903723265466e-01 -3.050424604368296919e-02 -4.572684255854901104e-03 9.995241776940800849e-01 1.206413783264110329e+01
9.994585835021715381e-01 -3.185125578377180373e-03 3.274753711463206096e-02 1.477637583063889648e-01 2.996605368416210575e-03 9.999786694252912334e-01 5.804250944271976097e-03 -2.250239417344233606e-01 -3.276532807552539478e-02 -5.702976795203565548e-03 9.994467970725372519e-01 1.229313396203048825e+01
9.993843263706213564e-01 -2.209625518396391569e-03 3.501555592769851205e-02 1.617646655535635858e-01 2.043045699161400493e-03 9.999864308012487157e-01 4.792380886785205761e-03 -2.257214371505077977e-01 -3.502567286559658821e-02 -4.717891846821923446e-03 9.993752728281297681e-01 1.250650813134731898e+01
9.993086891517933834e-01 -1.124800762064369960e-03 3.716015007740793713e-02 1.689058021141809918e-01 9.910402354199846116e-04 9.999929613461437938e-01 3.617796982001886003e-03 -2.352438874543784642e-01 -3.716396047501633465e-02 -3.578468647388738117e-03 9.993027695020629819e-01 1.268210556408645928e+01
9.992090826711695906e-01 8.617167243301946744e-04 3.975508770979641060e-02 1.712429489205205269e-01 -9.720929291853088036e-04 9.999957233812641899e-01 2.757154898179557147e-03 -2.401813455243625994e-01 -3.975254555945888224e-02 -2.793619877484730500e-03 9.992056539475661081e-01 1.286169355623007782e+01
9.991254214560908453e-01 3.604812030473250432e-03 4.165820975701699930e-02 1.766229791698674667e-01 -3.698589947926680683e-03 9.999907951091191460e-01 2.174264631786770006e-03 -2.412156524083594877e-01 -4.164999181618538049e-02 -2.326439683647341886e-03 9.991295534347899299e-01 1.303244748037449519e+01
9.990763349936973015e-01 4.802184005969540974e-03 4.270158467794853141e-02 1.835398453322784063e-01 -4.844775821919484679e-03 9.999878681385924173e-01 8.939881258686272272e-04 -2.485105627136682815e-01 -4.269677627358616639e-02 -1.100041941166327334e-03 9.990874668677103276e-01 1.318025076136093965e+01
9.989936209778078613e-01 4.269454136847606815e-03 4.464873371098905530e-02 1.963132693367200809e-01 -4.243418818699810739e-03 9.999907644940121410e-01 -6.778868728441015149e-04 -2.543106152078721816e-01 -4.465121985062982940e-02 4.877413807464987057e-04 9.990025145281798968e-01 1.333530911240405281e+01
9.989300283796466173e-01 2.991072900700737953e-03 4.615037051456372802e-02 2.093733702882920600e-01 -2.885810362640439317e-03 9.999930841298343420e-01 -2.347325392034527169e-03 -2.591648762236105075e-01 -4.615707655421028704e-02 2.211632584059652906e-03 9.989317474905189398e-01 1.347360486846346639e+01
9.988612250606999643e-01 2.205000244320415824e-03 4.765912657034014621e-02 2.192896160835558217e-01 -2.050127309720371424e-03 9.999924585999797610e-01 -3.298238428835705872e-03 -2.638181268865736340e-01 -4.766604432169491840e-02 3.196775138396910475e-03 9.988582163393200375e-01 1.361044065434787242e+01
9.988090076308300258e-01 2.809572344997788781e-03 4.871012087012509262e-02 2.289245670071327066e-01 -2.594960009991425544e-03 9.999866486413632183e-01 -4.468591753984443513e-03 -2.651110097766654072e-01 -4.872202943712780621e-02 4.336868787102965070e-03 9.988029637278067474e-01 1.374848179947240112e+01
9.987356305860526362e-01 3.508493649422062249e-03 5.014811281197036757e-02 2.255341622379835043e-01 -3.174806399370152469e-03 9.999723032705469805e-01 -6.732147124622728761e-03 -2.658117134922316493e-01 -5.017034830453279137e-02 6.564424534825977035e-03 9.987191061434003148e-01 1.387130420679201137e+01
9.986970046434643367e-01 3.722957860303376977e-03 5.089622850710189689e-02 2.393583738246605752e-01 -3.271222510761756085e-03 9.999545400721161492e-01 -8.956044623176846742e-03 -2.715465412445148274e-01 -5.092726184979283477e-02 8.777881931975111199e-03 9.986637852844192365e-01 1.399534681260728419e+01
9.986551435863650905e-01 3.061325086263379843e-03 5.175457463381755857e-02 2.515570222859876415e-01 -2.489919124303660407e-03 9.999352759166663107e-01 -1.110156302769583353e-02 -2.739367652235482065e-01 -5.178521460219177169e-02 1.095776802604933424e-02 9.985981304969683281e-01 1.411873340978855751e+01
9.986750894733795736e-01 1.928393204669361571e-03 5.142319835743375256e-02 2.554111835979930856e-01 -1.254718924026485905e-03 9.999130189630921484e-01 -1.312965847317179580e-02 -2.805608631196398473e-01 -5.144404890617473164e-02 1.304774041017671415e-02 9.985906415635281697e-01 1.424792336707963969e+01
9.987712733326196135e-01 1.667791539485852974e-03 4.952946108278853676e-02 2.602162397555403683e-01 -9.592655240212688127e-04 9.998969214904899205e-01 -1.432547055771763583e-02 -2.825787146398373029e-01 -4.954825120781410769e-02 1.426035603007494781e-02 9.986699251768902386e-01 1.437325250812451038e+01
9.989160682651840872e-01 1.739337292080812966e-03 4.651519193882563963e-02 2.648529830703897359e-01 -1.033411618854679880e-03 9.998839993919088620e-01 -1.519598601208519903e-02 -2.810873717489161816e-01 -4.653623084796213588e-02 1.513144489516145448e-02 9.988019923429070079e-01 1.449647001998809159e+01
9.990871040715114670e-01 2.298831516319002188e-03 4.265760581805531915e-02 2.688421242599861039e-01 -1.603989704211484374e-03 9.998656005659732893e-01 -1.631590219486397930e-02 -2.877516576983918384e-01 -4.268938351347409399e-02 1.623258437760865050e-02 9.989565153625152849e-01 1.462505998084182757e+01
9.993060825897850386e-01 2.807564657153868888e-03 3.714135901177938875e-02 2.650432079040256905e-01 -2.151790347422123835e-03 9.998413084370828541e-01 -1.768438801395133195e-02 -2.917303959600392460e-01 -3.718511777789435674e-02 1.759219529003356111e-02 9.991535289731320324e-01 1.475750545348746456e+01
9.995285123698859353e-01 2.468313166462695815e-03 3.060493075213503028e-02 2.584685892451925038e-01 -1.905814514789053865e-03 9.998289780793885306e-01 -1.839492208025376996e-02 -2.947356752339891361e-01 -3.064510364930184139e-02 1.832792076909595808e-02 9.993622795507256518e-01 1.487508950130087726e+01
9.997271760817845188e-01 2.702550363554707350e-03 2.320064780451467495e-02 2.624195343700501670e-01 -2.257171963217711411e-03 9.998130828318939622e-01 -1.920159151967536226e-02 -2.964121413992316656e-01 -2.324820670219324148e-02 1.914398447498154993e-02 9.995464110863214735e-01 1.500681722406187468e+01
9.998853674298054939e-01 2.392276688668271752e-03 1.495069990043607598e-02 2.543141799027052175e-01 -2.087998077585796058e-03 9.997910441096579115e-01 -2.033472063354369030e-02 -2.954624322198851627e-01 -1.499622399056366878e-02 2.030117271764964385e-02 9.996814384605364756e-01 1.513350266975420055e+01
9.999846570208618113e-01 1.499473102184901031e-03 5.332909883977605785e-03 2.505641046375455261e-01 -1.383477703786520525e-03 9.997638204593796152e-01 -2.168847081598461457e-02 -3.012692786025564784e-01 -5.364172124395166427e-03 2.168076066535207583e-02 9.997505525197585285e-01 1.527918593458628038e+01
9.999726060581657361e-01 -1.781661032853824184e-04 -7.400027763841271478e-03 2.378780959240756887e-01 3.813617118850695783e-06 9.997225571184792381e-01 -2.355439247690841939e-02 -3.065404678777777780e-01 7.402171826529276369e-03 2.355371803529584390e-02 9.996951668233550192e-01 1.543031775943468986e+01
9.997181493413535014e-01 -9.090625412214143426e-04 -2.372325811723057995e-02 2.202867815728262735e-01 3.076447886795557834e-04 9.996787783548946038e-01 -2.534274413742742399e-02 -3.120809742380364904e-01 2.373867709407765161e-02 2.532830246910779126e-02 9.993972923037517386e-01 1.557979765317832666e+01
9.990832695006405251e-01 -6.460423774553770591e-04 -4.280423611401266287e-02 1.954794054729402930e-01 -4.835793517778009935e-04 9.996520031333739897e-01 -2.637480909007323959e-02 -3.148961242501600033e-01 4.280638276536959802e-02 2.637132933899861281e-02 9.987352873659853802e-01 1.575556887719350918e+01
9.979161440789966475e-01 2.400662874366312882e-04 -6.452378826970754655e-02 1.668006208163528015e-01 -1.955283913550149091e-03 9.996463461161381181e-01 -2.652088223141987888e-02 -3.191433989748272970e-01 6.449460742145032843e-02 2.659177808237040211e-02 9.975636898048650947e-01 1.594686510040492600e+01
9.961178641695048741e-01 5.416342609960467539e-04 -8.802788349989855432e-02 1.215274443980080554e-01 -2.771173756412767097e-03 9.996784023350617776e-01 -2.520741368651186615e-02 -3.228669488230098139e-01 8.798592808574781654e-02 2.535349513732499879e-02 9.957990134954334271e-01 1.614887963272141036e+01
9.934042311026973771e-01 1.305866800505333172e-03 -1.146574490025281667e-01 7.177226134445058303e-02 -4.086321986227767385e-03 9.997031619028914351e-01 -2.401841364127914324e-02 -3.339070768635798436e-01 1.145920573569515488e-01 2.432852025237580013e-02 9.931146869944111888e-01 1.638231537009612637e+01
9.894844545139145353e-01 2.198544674338159290e-03 -1.446225237101215755e-01 9.822346842575477299e-03 -5.446855759313974123e-03 9.997416258639019171e-01 -2.206849883515552349e-02 -3.396324857238508521e-01 1.445366488355764312e-01 2.262417422795519675e-02 9.892407696221836577e-01 1.660611825987108858e+01
9.840505572614454133e-01 2.624651196792224857e-03 -1.778696239837808113e-01 -5.956074937295858379e-02 -6.089859163358786985e-03 9.998020994016350027e-01 -1.893857439036068790e-02 -3.457596121609284867e-01 1.777847236084268145e-01 1.971971487493652531e-02 9.838718033369197036e-01 1.686807759988573707e+01
9.767779249973617128e-01 3.428988285838586308e-03 -2.142268031405457074e-01 -1.508355422532193790e-01 -6.889666616815041771e-03 9.998575265908014043e-01 -1.540971422250815744e-02 -3.493653712381945553e-01 2.141434666174213131e-01 1.652781964532217332e-02 9.766623884118367238e-01 1.712353348964531818e+01
9.671926645492243679e-01 4.565575790269641061e-03 -2.540029493573435215e-01 -2.531199099093624505e-01 -7.445415163763356541e-03 9.999184348769548647e-01 -1.037762264314778977e-02 -3.658330204595483526e-01 2.539348767828142894e-01 1.192831687523556242e-02 9.671477605738206806e-01 1.738145982707662895e+01
9.554228956010519802e-01 8.695863733595599054e-03 -2.951126355084954800e-01 -3.869677487508510483e-01 -1.100088600943523696e-02 9.999205635591322805e-01 -6.151293464941377451e-03 -3.589679935445712622e-01 2.950357305117098927e-01 9.123587053783415932e-03 9.554426608398157716e-01 1.766457312595368734e+01
9.412912279990286457e-01 1.205885749298674092e-02 -3.373801976283568593e-01 -5.248760412714676971e-01 -1.352562846159533795e-02 9.999065335083310302e-01 -1.997223619719133009e-03 -3.642359708064031865e-01 3.373246138025552399e-01 6.443248379356360939e-03 9.413663484926401148e-01 1.795323625242064836e+01
9.249629151309878283e-01 1.426763419576839061e-02 -3.797894376460316246e-01 -6.935205029396668275e-01 -1.409166036421863159e-02 9.998954474704944140e-01 3.243589611749805174e-03 -3.645208241934682070e-01 3.797960448452384341e-01 2.351663506155547961e-03 9.250672673985177452e-01 1.822699044936073065e+01
9.057565475783043718e-01 1.739177279885893712e-02 -4.234413579314305620e-01 -8.711622656724261615e-01 -1.436372158115056634e-02 9.998433531067557611e-01 1.034149145996466138e-02 -3.712283918626013701e-01 4.235549192069775759e-01 -3.284679504250708447e-03 9.058644793149399632e-01 1.852958706732432148e+01
8.840999592368519178e-01 2.144642169785530503e-02 -4.668054197345066769e-01 -1.074246329467219541e+00 -1.551257479708524796e-02 9.997426762566896663e-01 1.655130363684511122e-02 -3.710849591331976116e-01 4.670403021770461738e-01 -7.391653161931540858e-03 8.842051445064582627e-01 1.881859621256453607e+01
8.596811844405866099e-01 2.591392375400277184e-02 -5.101732174351077953e-01 -1.286537974565044484e+00 -1.796636335285899111e-02 9.996283907597430796e-01 2.050078457696056719e-02 -3.685085965864121627e-01 5.105149276894903609e-01 -8.458181381500728957e-03 8.598272947996703497e-01 1.909510646625724917e+01
8.319251109916816489e-01 2.924801644919064469e-02 -5.541165469245605824e-01 -1.540981139022110202e+00 -1.958709660500809399e-02 9.995354165449384931e-01 2.335146322097165356e-02 -3.710017459042144750e-01 5.545421455046011250e-01 -8.573134072657476873e-03 8.321114924633797871e-01 1.939133427225806017e+01
8.017468425785231334e-01 3.246949733263111704e-02 -5.967811146967125779e-01 -1.801163355377334518e+00 -2.212242382940193819e-02 9.994511574402443754e-01 2.465744097384002173e-02 -3.540326729032817754e-01 5.972542346073674846e-01 -6.566780580458499335e-03 8.020251099812324425e-01 1.964978271453064451e+01
7.682584154595056836e-01 3.492065272250591962e-02 -6.391866000574034645e-01 -2.096843180517614424e+00 -2.285577467717473527e-02 9.993706563269757481e-01 2.712750344412959494e-02 -3.549186378843192657e-01 6.397316993124370077e-01 -6.231828149805812740e-03 7.685730582135187339e-01 1.994435387199441223e+01
7.315975028437279315e-01 3.836393109447375910e-02 -6.806564885804797793e-01 -2.405032938358906858e+00 -2.431762517889746178e-02 9.992485298634903312e-01 3.018319849849548236e-02 -3.389633102046231694e-01 6.813030017263047577e-01 -5.530003049021527638e-03 7.319806572927815003e-01 2.020911752917749027e+01
6.933774917789868875e-01 3.922244062553261607e-02 -7.195062294362288835e-01 -2.726713150688103493e+00 -2.259413575232803104e-02 9.992099182485936204e-01 3.269629686065859964e-02 -3.250387634514499413e-01 7.202202475485488531e-01 -6.414255166482632151e-03 6.937158599724196906e-01 2.046350760662995683e+01
6.526402522379667337e-01 3.904263760958276430e-02 -7.566613016501568811e-01 -3.099555440866303080e+00 -2.049618576849667265e-02 9.992157317076624246e-01 3.387960125507440134e-02 -3.149003882844459978e-01 7.573906965058307961e-01 -6.602520792101895103e-03 6.529286260543707421e-01 2.073820159826552967e+01
6.106570967760421853e-01 3.762820559482389637e-02 -7.910006141463139517e-01 -3.482662823492993276e+00 -1.588028113162585214e-02 9.992514630951542243e-01 3.527511150064487067e-02 -3.054255465599696739e-01 7.917359256124092415e-01 -8.979685380637932035e-03 6.107975401288033845e-01 2.098545388000580303e+01
5.667503177211746790e-01 3.723136380857789557e-02 -8.230479047957884875e-01 -3.881405562433850154e+00 -1.120189085342534509e-02 9.992342995917046222e-01 3.748771141116637867e-02 -3.023988066031916278e-01 8.238134797873808424e-01 -1.202647948836936195e-02 5.667334226871205693e-01 2.120933587436482526e+01
5.201819155143353468e-01 3.806942066109771095e-02 -8.532065614871323644e-01 -4.332628913131064685e+00 -9.819363395335817257e-03 9.992066051022454598e-01 3.859717499997913914e-02 -2.796885907466128973e-01 8.539990747198030752e-01 -1.169960700571002869e-02 5.201430193834192250e-01 2.144596533966306495e+01
4.718087771343925652e-01 3.741727361834543825e-02 -8.809065527130562900e-01 -4.777613328908963730e+00 -9.024327660126001127e-03 9.992517155478973789e-01 3.761070878986570720e-02 -2.542127056835308263e-01 8.816547526240781085e-01 -9.795473559840750868e-03 4.717933973177100837e-01 2.164087556728902939e+01
4.195688202281127044e-01 3.593306494322080075e-02 -9.070119944044114924e-01 -5.275887663565533181e+00 -4.654958661271592010e-03 9.992882014190495044e-01 3.743546274159750137e-02 -2.386204513347570944e-01 9.077116331934274029e-01 -1.148464947319395753e-02 4.194374383528377548e-01 2.182088515471200552e+01
3.665690539723375219e-01 3.472976400836336186e-02 -9.297423868905697608e-01 -5.782166594071195043e+00 4.279374789231784378e-04 9.992966593646587237e-01 3.749663082041224116e-02 -2.286607518204016309e-01 9.303907927244209342e-01 -1.414297635833075377e-02 3.662963666630036919e-01 2.199183732876033304e+01
3.130862160534871874e-01 3.392148106943509295e-02 -9.491186880068203102e-01 -6.291229147657215748e+00 2.242988717171353133e-03 9.993327408588531524e-01 3.645602741025451288e-02 -2.274938972353196531e-01 9.497221032004390384e-01 -1.354274219416690996e-02 3.128012230876596189e-01 2.212708598727712683e+01
2.597656802249923569e-01 3.814929354835830400e-02 -9.649177926344487677e-01 -6.880693277161074484e+00 2.591516827812560559e-03 9.991882123027782114e-01 4.020188378169092108e-02 -1.781434261876616021e-01 9.656682430332701461e-01 -1.294367084978563683e-02 2.594559474722294423e-01 2.224375305915348022e+01
2.081617105183755645e-01 4.275094709477294391e-02 -9.771596528078114741e-01 -7.455750333618441417e+00 5.114409945239994232e-03 9.989831000095981128e-01 4.479523834455364367e-02 -1.479432778118942582e-01 9.780810930489036714e-01 -1.432224861675589558e-02 2.077313794720263285e-01 2.233338043714377008e+01
1.606979675756899650e-01 4.474227718340120091e-02 -9.859889521177941374e-01 -8.030220617471007571e+00 1.039427340337673554e-02 9.988398878545878823e-01 4.701950381265318502e-02 -1.483798693484773001e-01 9.869489329818693646e-01 -1.780457747637475066e-02 1.600464745697222635e-01 2.241089085476851039e+01
1.154490752377400481e-01 4.520674565644894338e-02 -9.922841248000882075e-01 -8.681690468518022286e+00 1.243486480645122905e-02 9.988197852682468847e-01 4.695125642738191829e-02 -1.269213446944090218e-01 9.932356036212947048e-01 -1.775939744403637333e-02 1.147506794940130054e-01 2.245769351295310656e+01
7.617030728749064894e-02 4.363075410433575607e-02 -9.961397326208550895e-01 -9.299698114689686435e+00 1.248858332215937311e-02 9.989220499177814405e-01 4.470756632855681784e-02 -1.072043194333733990e-01 9.970166522621594085e-01 -1.584576259904243653e-02 7.554331379472790930e-02 2.248860641187561882e+01
3.976964833980136532e-02 3.956699759504108543e-02 -9.984251289150467557e-01 -9.980110641320534270e+00 9.000250649494020636e-03 9.991609610585122647e-01 3.995466012400156197e-02 -8.193446619373115358e-02 9.991683842969439899e-01 -1.057505985294360587e-02 3.938016760168646518e-02 2.248812715270463869e+01
1.164296353026328390e-02 3.881242628006005557e-02 -9.991786416794460335e-01 -1.063572239302985878e+01 6.693132317634917575e-03 9.992210051631931211e-01 3.889206428507641783e-02 -4.340522154040996061e-02 9.999098573146402158e-01 -7.140454000398909276e-03 1.137411730654364940e-02 2.247246701670578872e+01
-1.016992755125515138e-02 4.225970807797958112e-02 -9.990548607746333465e-01 -1.136473833914524612e+01 5.005545479006686879e-03 9.990962044870419501e-01 4.221050438668523530e-02 -1.569704459280024667e-02 9.999357979467405899e-01 -4.571537032258442095e-03 -1.037226893578688768e-02 2.244628184243337543e+01
-2.351073781247776939e-02 4.805194779497430624e-02 -9.985680577795637003e-01 -1.209451605530870388e+01 6.456464689842986854e-03 9.988306707011438412e-01 4.791257091109848293e-02 1.510288990563381228e-02 9.997027768247745971e-01 -5.320759816030973255e-03 -2.379349188866612674e-02 2.242665120286672931e+01
-3.130600015949049769e-02 5.070247829971413767e-02 -9.982229722010496076e-01 -1.284367141275832758e+01 7.237419704319763246e-03 9.986978531942662940e-01 5.049962189221458148e-02 3.873666427721461636e-02 9.994836905861843590e-01 -5.643617721162142234e-03 -3.163219003477588803e-02 2.239829343219787816e+01
-3.545509513235318988e-02 4.830804850408992879e-02 -9.982029827461866844e-01 -1.361289552749898490e+01 7.565614930685279731e-03 9.988153627499989362e-01 4.806896330422976565e-02 7.137193998848595511e-02 9.993426714693645074e-01 -5.847729956428542562e-03 -3.577857361764580357e-02 2.236037752414174307e+01
-3.454752837769867191e-02 4.384057914552837165e-02 -9.984409809859863261e-01 -1.437967969014118985e+01 1.452868988344214844e-02 9.989538502837512768e-01 4.336038640143566325e-02 1.216808248124803815e-01 9.992974841788789808e-01 -1.300804524326578358e-02 -3.514833290605261923e-02 2.235238708100403571e+01
-2.997646465236491337e-02 4.326758606983858307e-02 -9.986136605484733364e-01 -1.519381353279288227e+01 2.571827202578627278e-02 9.987653088027865778e-01 4.250214435727292517e-02 1.123007329649725328e-01 9.992197243930553974e-01 -2.440855431361885555e-02 -3.105221915042175040e-02 2.233137471482110215e+01
-2.405117233970494039e-02 4.272214938182464922e-02 -9.987974179092785620e-01 -1.601649412652067639e+01 2.771603406564946553e-02 9.987309246319021616e-01 4.205190005888990307e-02 1.549783012222922252e-01 9.993264999897755185e-01 -2.667130591721071989e-02 -2.520473829219715967e-02 2.231584415616996253e+01
-1.931301792083762320e-02 4.032394778806808189e-02 -9.989999560915241439e-01 -1.687325314628885309e+01 2.660574533871376199e-02 9.988532479407438158e-01 3.980367495251609100e-02 2.102728332576872528e-01 9.994594661738344099e-01 -2.581040841518417867e-02 -2.036371901990616934e-02 2.229485281757518678e+01
-1.551645629454831941e-02 3.513239793825843893e-02 -9.992621600238237312e-01 -1.772938706131812125e+01 3.068254709819727075e-02 9.989286086984697777e-01 3.464423504710990864e-02 2.100739649397119768e-01 9.994087815639317585e-01 -3.012235232849378927e-02 -1.657778340392136729e-02 2.230875900101500875e+01
-1.411406040834294398e-02 2.493894359837092733e-02 -9.995892924979873362e-01 -1.860596702495137578e+01 2.730676594008331348e-02 9.993256733434859873e-01 2.454680010653220723e-02 2.233034892727207565e-01 9.995274995968580489e-01 -2.694909579867546534e-02 -1.478554493514307351e-02 2.229938153374822818e+01
-1.296201920997505641e-02 1.609781918545580282e-02 -9.997863614289150824e-01 -1.950918127620380815e+01 2.033451870224142408e-02 9.996678693026533891e-01 1.583227965417585356e-02 2.578207311877754870e-01 9.997092421461472034e-01 -2.012495617458318065e-02 -1.328505509267834638e-02 2.226235380824363830e+01
-1.368433070986261463e-02 1.349829584930485951e-02 -9.998152124372446936e-01 -2.042895197307242583e+01 1.375302932306454555e-02 9.998168264758047208e-01 1.331008338858837015e-02 2.574565927221713624e-01 9.998118158312838677e-01 -1.356834795656270722e-02 -1.386746576594216802e-02 2.224903589217694488e+01
-1.769235917809320810e-02 1.898177691086377558e-02 -9.996632381768935094e-01 -2.137960267600125164e+01 4.747389275301517990e-03 9.998100983417621546e-01 1.890054515368336241e-02 2.777793620767967098e-01 9.998322529941140457e-01 -4.411395620712267422e-03 -1.777911216366893574e-02 2.221542382365384682e+01
-2.197510359505155594e-02 2.678047753549003471e-02 -9.993997322967534958e-01 -2.234397205138379050e+01 2.103885761206942477e-04 9.996412686026193706e-01 2.678232425633417929e-02 3.065670650211589354e-01 9.997585404736097914e-01 3.782817432402507088e-04 -2.197285400756778667e-02 2.218416544710131078e+01
-2.640422030939520992e-02 3.655722367794478345e-02 -9.989826360948016459e-01 -2.334780071070784402e+01 -1.519607490618216485e-03 9.993284760233359654e-01 3.661004472568126639e-02 3.169271347826973506e-01 9.996502375059169720e-01 2.484720802977453350e-03 -2.633093671394071134e-02 2.214392663791658222e+01
-2.919067375958576613e-02 4.646156513515611181e-02 -9.984934400025309298e-01 -2.435242480236452067e+01 -2.453217435904856206e-03 9.989128142882013339e-01 4.655279938157419473e-02 3.626030326582725949e-01 9.995708958347521156e-01 3.808428653038928909e-03 -2.904495752861556077e-02 2.212192792065114944e+01
-2.976434604261141842e-02 5.422128683955701467e-02 -9.980851892166056061e-01 -2.535855256225786647e+01 1.435972205743599661e-04 9.985278582917381796e-01 5.424105353006040270e-02 3.925235255054581596e-01 9.995569734434103237e-01 1.471126823825912771e-03 -2.972831424912673187e-02 2.210494681947191609e+01
-3.176072422083850433e-02 5.615091950732392645e-02 -9.979169539706113090e-01 -2.639394412704924520e+01 1.150173255365504778e-03 9.984220907949949986e-01 5.614273630211844002e-02 4.245904308524207638e-01 9.994948777084993186e-01 6.353562692016345151e-04 -3.177519157415643891e-02 2.206479131617638600e+01
-3.274772533733117524e-02 5.249467896578931952e-02 -9.980840689577358260e-01 -2.740036687226324830e+01 -1.282998613412740887e-04 9.986194967719140836e-01 5.252705053360902376e-02 4.785807745199971985e-01 9.994636795811644436e-01 1.848195082020658670e-03 -3.269578143458283515e-02 2.202939652229628464e+01
-3.631184382946799072e-02 4.764322736122086899e-02 -9.982041352125954337e-01 -2.841836445355005125e+01 -4.502359040839782126e-03 9.988449758972979264e-01 4.783759802005396744e-02 5.167122614507283496e-01 9.993304039877788369e-01 6.231344293832521454e-03 -3.605539506782993314e-02 2.198259997975742053e+01
-4.032418203722176048e-02 4.296939082749563071e-02 -9.982622414165670532e-01 -2.944505377324479412e+01 -5.840486867333943150e-03 9.990476831466374996e-01 4.323912292248265760e-02 5.355108884161474680e-01 9.991696253444417586e-01 7.573919354343820048e-03 -4.003481810941572627e-02 2.193265145455648124e+01
-4.605977231960643042e-02 3.839698171150279782e-02 -9.982004223012087563e-01 -3.046958555773133170e+01 -4.573634298507341274e-03 9.992424209438157678e-01 3.864810448371418933e-02 5.737609617211583135e-01 9.989282542404819276e-01 6.345526093796009792e-03 -4.584926362420939372e-02 2.189712306917422069e+01
-5.298804061651227887e-02 3.561430014955031809e-02 -9.979598217373070179e-01 -3.152450347482924187e+01 -7.238612258574892572e-03 9.993238714642622700e-01 3.604732384255192323e-02 6.055405179113215741e-01 9.985689486080280286e-01 9.133920788612592129e-03 -5.269441584774998272e-02 2.183028351048418614e+01
-5.902676976589316116e-02 3.844634791022318726e-02 -9.975157322270028493e-01 -3.256670139496291227e+01 -5.344886918824245069e-03 9.992315884612957833e-01 3.882875803520985381e-02 6.288732716993783445e-01 9.982421317444999387e-01 7.623544488351331055e-03 -5.877592069540258507e-02 2.177730762340632609e+01
-6.572124752397859315e-02 4.282807465265544428e-02 -9.969184438185462183e-01 -3.363961618130861098e+01 -7.637623236889734026e-03 9.990276124630103061e-01 4.342219166080058673e-02 6.550345040362265392e-01 9.978088315936687325e-01 1.046784749430634820e-02 -6.533023593903167225e-02 2.169968250680472011e+01
-7.194980352504137810e-02 4.605585024723130722e-02 -9.963443175831776522e-01 -3.471335400221862244e+01 -9.035630403000266195e-03 9.988622541903727781e-01 4.682473918370853166e-02 6.913428650494346517e-01 9.973673727260596866e-01 1.237162948062417792e-02 -7.145179866533153679e-02 2.162087520329009394e+01
-7.593491218089526429e-02 4.765942585527426639e-02 -9.959730837373538259e-01 -3.574772913223352333e+01 -1.299718782001900441e-02 9.987248814981366518e-01 4.878203697326242982e-02 7.299191435895804325e-01 9.970281046584035245e-01 1.664910893598320688e-02 -7.521864731724133002e-02 2.153791511099186806e+01
-7.945606227950106903e-02 4.957513995724615458e-02 -9.956048149024004923e-01 -3.683901977136061845e+01 -1.644550236420970132e-02 9.985614652346260778e-01 5.103482713902100787e-02 7.637212868676735988e-01 9.967027457651105316e-01 2.042824712876725388e-02 -7.852647295512504844e-02 2.145322308965585378e+01
-8.074268229577094558e-02 5.056156617979249562e-02 -9.954516911412675251e-01 -3.789149277425217832e+01 -2.050674208894701436e-02 9.984168833451094738e-01 5.237551274164237158e-02 8.095565982280874540e-01 9.965240511171420401e-01 2.464240940056491164e-02 -7.957800404933861038e-02 2.136213939531586803e+01
-8.239843065974422620e-02 5.066506586465194945e-02 -9.953107348431756707e-01 -3.900523742852558939e+01 -2.148203153920195257e-02 9.983845827175837906e-01 5.259996237219253384e-02 8.435037945294989736e-01 9.963679518488119946e-01 2.571545037923358284e-02 -8.117693405783964200e-02 2.126368504726988107e+01
-8.412455930278600613e-02 5.002445515087895755e-02 -9.951987351680828819e-01 -4.008005814198353534e+01 -2.184673391288920533e-02 9.984064051936170081e-01 5.203240491839239423e-02 8.854306855260347664e-01 9.962157677985226112e-01 2.611904379365189571e-02 -8.289762789083097994e-02 2.117725890776232589e+01
-8.446360806101703422e-02 4.940208506582412229e-02 -9.952011096214570252e-01 -4.114239115749981579e+01 -2.349325505710926978e-02 9.983938112315531299e-01 5.155446662693916743e-02 9.171505434742861507e-01 9.961496092102806177e-01 2.773498833238829259e-02 -8.316732717053605672e-02 2.108882612357004760e+01
-8.584284342954669189e-02 4.845044212736376171e-02 -9.951298828860670742e-01 -4.225029749842099136e+01 -2.502215397610394257e-02 9.983969617388246398e-01 5.076799374436082035e-02 9.612922283179048399e-01 9.959944635645032740e-01 2.925836135801261270e-02 -8.449290030927789075e-02 2.098819863396886021e+01
-8.679601954373636352e-02 4.639079219881758753e-02 -9.951453474438453073e-01 -4.333208878074726300e+01 -2.921295104033483706e-02 9.983671036083580086e-01 4.908891870654961964e-02 9.957879645418787895e-01 9.957977430972279054e-01 3.333185418342004408e-02 -8.529907906462166900e-02 2.089203474323121412e+01
-8.657864607025549109e-02 4.161571315323437520e-02 -9.953754003761359215e-01 -4.439774332380883948e+01 -3.526361576852949514e-02 9.983730266896356786e-01 4.480830320945279610e-02 1.031314148793247343e+00 9.956207556354174093e-01 3.897997692994741720e-02 -8.497026361938014860e-02 2.079776755685428213e+01
-8.584252762549289539e-02 4.020932494629771842e-02 -9.954969554297882217e-01 -4.552642634680959333e+01 -3.817223940898690354e-02 9.983188973805862121e-01 4.361493124297893820e-02 1.066756703385159044e+00 9.955772302343161018e-01 4.174436302439294560e-02 -8.416333675509325707e-02 2.069662430690248911e+01
-8.433069590792269254e-02 4.428104600569066074e-02 -9.954533877589184510e-01 -4.660653421975136723e+01 -3.787900705044927596e-02 9.981475236938264217e-01 4.760984367756806307e-02 1.101144992521297716e+00 9.957176318222041855e-01 4.172175602383786791e-02 -8.249715278590379064e-02 2.060357335333918272e+01
-8.322803013941720840e-02 4.746160173573440999e-02 -9.953996214402415221e-01 -4.774296734792518748e+01 -3.657167907069268364e-02 9.980468556492061438e-01 5.064568180509248368e-02 1.149262528384832338e+00 9.958592717006035100e-01 4.061857453614300950e-02 -8.132972250978896811e-02 2.051709435259036596e+01
-8.098191938946674995e-02 4.781254195816906499e-02 -9.955680851312459501e-01 -4.883813337176400893e+01 -3.496651804235419853e-02 9.980976487979179579e-01 5.077828678142345953e-02 1.181026318894631721e+00 9.961020849283148682e-01 3.892367161441569190e-02 -7.915602440845120880e-02 2.042537869048281607e+01
-7.867770099024501418e-02 4.696300017765576984e-02 -9.957932549281448553e-01 -4.996589704599247028e+01 -3.515382924572582612e-02 9.981378013693138485e-01 4.985107997164511112e-02 1.218136327949838726e+00 9.962801353155311679e-01 3.892811350185831215e-02 -7.688025837906872773e-02 2.034374524923707739e+01
-7.427485858345506120e-02 4.761182125616531674e-02 -9.961005374770400822e-01 -5.108635290520145844e+01 -3.857207222514634493e-02 9.979749974996752204e-01 5.057756861228882711e-02 1.262941902066822664e+00 9.964916069412543820e-01 4.217830293711546941e-02 -7.228796491622006826e-02 2.025732716409623180e+01
-6.881947217017206353e-02 4.816189979970051521e-02 -9.964658690535969088e-01 -5.218440162003395955e+01 -4.471739480227224228e-02 9.976811795217931378e-01 5.130898284025637440e-02 1.304230440303220995e+00 9.966264733181983138e-01 4.809041319465498510e-02 -6.650621735162096093e-02 2.018497845169938643e+01
-6.375433888360702850e-02 4.872401140779922257e-02 -9.967754373323829409e-01 -5.332561651759201737e+01 -4.716617037021644809e-02 9.975441578160544331e-01 5.177836443147333656e-02 1.339686920632103595e+00 9.968504509834198446e-01 5.031517349614181289e-02 -6.129964293244732909e-02 2.010902091263819713e+01
-5.778754559964271315e-02 4.760462879875325404e-02 -9.971932204129353439e-01 -5.443195088816586491e+01 -4.947429634371108831e-02 9.974985919709351556e-01 5.048625298570015574e-02 1.382372445486910850e+00 9.971022949306459493e-01 5.225290795756099699e-02 -5.528778937129245202e-02 2.004760854268902648e+01
-5.218443612081490740e-02 4.710674737507144355e-02 -9.975257654735970592e-01 -5.558600760250040196e+01 -4.849899355581489824e-02 9.975886131494812181e-01 4.964688647815357347e-02 1.422813974115441082e+00 9.974591253008316949e-01 5.096978912534848999e-02 -4.977396902866638301e-02 1.997872996785690347e+01
-4.652459289452885033e-02 4.675402187888499234e-02 -9.978223472400160610e-01 -5.671943559860481088e+01 -4.665525949744705331e-02 9.977122397838035228e-01 4.892421811953278493e-02 1.454880125073077846e+00 9.978270552519401537e-01 4.882983916838378596e-02 -4.423683488927468432e-02 1.992723981400090949e+01
-4.099427956789922223e-02 4.760665538848789236e-02 -9.980245401635963187e-01 -5.783329834950921366e+01 -4.569869630003141336e-02 9.977296101266098782e-01 4.946968053153159850e-02 1.497282021847333722e+00 9.981138131489716292e-01 4.763639346869159158e-02 -3.872564455871060907e-02 1.989123940589837858e+01
-3.518570226202032136e-02 4.932888271205190106e-02 -9.981625874962913869e-01 -5.899946009802344804e+01 -4.370649485511779453e-02 9.977495252483216115e-01 5.084914443130230527e-02 1.532057606958938445e+00 9.984246593752751364e-01 4.541534948484125117e-02 -3.295052398630131385e-02 1.985190755773973237e+01
-2.976385667640686628e-02 4.995339749814214914e-02 -9.983079077004456403e-01 -6.013925139400601694e+01 -4.561591456639376568e-02 9.976419912207711294e-01 5.128008375938193641e-02 1.583020022808135252e+00 9.985155938751051341e-01 4.706502061074031851e-02 -2.741500254436423853e-02 1.981830734782739611e+01
-2.411565785194335482e-02 5.013294109591885650e-02 -9.984513206760778914e-01 -6.127997981982935727e+01 -4.482911358001125807e-02 9.976829457930153078e-01 5.117712160702905799e-02 1.621378419155503625e+00 9.987035963243867664e-01 4.599385691556123062e-02 -2.181236494107193988e-02 1.979725025993814214e+01
